0.7 1.074989e+04 1.084058e+04 1.092571e+04 1.083502e+04
1.7 1.084253e+04 1.086302e+04 1.094265e+04 1.092217e+04
2.7 1.093067e+04 1.091160e+04 1.098699e+04 1.100606e+04
3.7 1.094997e+04 1.095259e+04 1.102522e+04 1.102260e+04
4.7 1.080682e+04 1.097406e+04 1.104494e+04 1.087770e+04
5.7 1.090987e+04 1.098126e+04 1.105100e+04 1.097961e+04
6.7 1.089407e+04 1.098087e+04 1.104978e+04 1.096298e+04
7.7 1.093590e+04 1.097749e+04 1.104571e+04 1.100412e+04
8.7 1.095414e+04 1.097387e+04 1.104147e+04 1.102174e+04
9.7 1.097095e+04 1.097114e+04 1.103813e+04 1.103794e+04
10.7 1.104339e+04 1.096949e+04 1.103589e+04 1.110980e+04
11.7 1.102412e+04 1.096878e+04 1.103461e+04 1.108995e+04
12.7 1.098871e+04 1.096862e+04 1.103387e+04 1.105396e+04
13.7 1.101254e+04 1.096878e+04 1.103345e+04 1.107722e+04
14.7 1.109334e+04 1.096907e+04 1.103317e+04 1.115745e+04
15.7 1.112166e+04 1.096942e+04 1.103296e+04 1.118520e+04
16.7 1.098055e+04 1.096980e+04 1.103278e+04 1.104354e+04
17.7 1.097729e+04 1.096637e+04 1.102880e+04 1.103972e+04
18.7 1.092279e+04 1.093598e+04 1.099786e+04 1.098467e+04
19.7 1.070736e+04 1.089122e+04 1.095256e+04 1.076869e+04
20.7 1.079553e+04 1.085990e+04 1.092070e+04 1.085633e+04
21.7 1.084284e+04 1.084706e+04 1.090732e+04 1.090311e+04
22.7 1.081349e+04 1.084493e+04 1.090465e+04 1.087321e+04
23.7 1.081699e+04 1.085818e+04 1.090708e+04 1.086589e+04
24.7 1.080770e+04 1.091398e+04 1.091105e+04 1.080477e+04
25.7 1.094709e+04 1.098139e+04 1.091477e+04 1.088047e+04
26.7 1.099681e+04 1.102234e+04 1.091732e+04 1.089178e+04
27.7 1.105286e+04 1.103942e+04 1.091884e+04 1.093228e+04
28.7 1.109809e+04 1.104214e+04 1.091959e+04 1.097554e+04
29.7 1.105640e+04 1.103866e+04 1.091992e+04 1.093766e+04
30.7 1.103636e+04 1.103336e+04 1.092005e+04 1.092306e+04
31.7 1.107644e+04 1.102893e+04 1.092009e+04 1.096759e+04
32.7 1.109259e+04 1.102599e+04 1.092010e+04 1.098670e+04
33.7 1.112894e+04 1.102455e+04 1.092010e+04 1.102449e+04
1.0 1.073219e+04 1.085847e+04 1.092245e+04 1.079617e+04
2.0 1.080651e+04 1.088941e+04 1.094723e+04 1.086434e+04
3.0 1.078086e+04 1.093945e+04 1.099257e+04 1.083399e+04
4.0 1.084465e+04 1.097770e+04 1.102771e+04 1.089466e+04
5.0 1.082588e+04 1.099666e+04 1.104477e+04 1.087399e+04
6.0 1.094105e+04 1.100211e+04 1.104912e+04 1.098807e+04
7.0 1.087797e+04 1.100113e+04 1.104744e+04 1.092428e+04
8.0 1.102795e+04 1.099787e+04 1.104369e+04 1.107377e+04
9.0 1.101777e+04 1.099462e+04 1.104002e+04 1.106317e+04
10.0 1.105036e+04 1.099228e+04 1.103729e+04 1.109538e+04
11.0 1.096594e+04 1.099112e+04 1.103576e+04 1.101059e+04
12.0 1.098181e+04 1.099076e+04 1.103504e+04 1.102610e+04
13.0 1.104496e+04 1.099092e+04 1.103485e+04 1.108890e+04
14.0 1.110854e+04 1.099133e+04 1.103491e+04 1.115213e+04
15.0 1.098746e+04 1.099186e+04 1.103509e+04 1.103069e+04
16.0 1.102352e+04 1.099244e+04 1.103534e+04 1.106641e+04
17.0 1.102883e+04 1.099303e+04 1.103559e+04 1.107139e+04
18.0 1.109876e+04 1.098635e+04 1.102858e+04 1.114099e+04
19.0 1.099385e+04 1.095059e+04 1.099249e+04 1.103575e+04
20.0 1.097674e+04 1.090642e+04 1.094800e+04 1.101832e+04
21.0 1.092468e+04 1.088018e+04 1.092144e+04 1.096594e+04
22.0 1.083060e+04 1.087027e+04 1.091109e+04 1.087142e+04
23.0 1.085842e+04 1.087815e+04 1.091037e+04 1.089064e+04
24.0 1.089255e+04 1.090634e+04 1.091376e+04 1.089998e+04
25.0 1.088828e+04 1.093520e+04 1.091831e+04 1.087138e+04
26.0 1.090112e+04 1.095202e+04 1.092217e+04 1.087127e+04
27.0 1.091720e+04 1.095941e+04 1.092497e+04 1.088276e+04
28.0 1.093636e+04 1.096114e+04 1.092670e+04 1.090191e+04
29.0 1.094808e+04 1.096042e+04 1.092777e+04 1.091543e+04
30.0 1.094789e+04 1.095899e+04 1.092847e+04 1.091737e+04
31.0 1.101635e+04 1.095792e+04 1.092899e+04 1.098743e+04
32.0 1.103181e+04 1.095740e+04 1.092944e+04 1.100385e+04
33.0 1.103151e+04 1.095743e+04 1.092986e+04 1.100395e+04
34.0 1.097887e+04 1.095779e+04 1.093028e+04 1.095137e+04
