0.6 7.991343e+03 8.004720e+03 8.030972e+03 8.017595e+03
1.6 7.994457e+03 8.014827e+03 8.041318e+03 8.020948e+03
2.6 8.002231e+03 8.046796e+03 8.072122e+03 8.027557e+03
3.6 8.046633e+03 8.078563e+03 8.102331e+03 8.070401e+03
4.6 8.059408e+03 8.095768e+03 8.118219e+03 8.081859e+03
5.6 8.084245e+03 8.102054e+03 8.123558e+03 8.105749e+03
6.6 8.073837e+03 8.102199e+03 8.123125e+03 8.094764e+03
7.6 8.100916e+03 8.099848e+03 8.120431e+03 8.121499e+03
8.6 8.127776e+03 8.096955e+03 8.117324e+03 8.148145e+03
9.6 8.130720e+03 8.094682e+03 8.114906e+03 8.150944e+03
10.6 8.113059e+03 8.093185e+03 8.113294e+03 8.133168e+03
11.6 8.129382e+03 8.092402e+03 8.112409e+03 8.149389e+03
12.6 8.124661e+03 8.092046e+03 8.111958e+03 8.144574e+03
13.6 8.131167e+03 8.091919e+03 8.111740e+03 8.150989e+03
14.6 8.098568e+03 8.091908e+03 8.111643e+03 8.118302e+03
15.6 8.111998e+03 8.091947e+03 8.111597e+03 8.131648e+03
16.6 8.021585e+03 8.092008e+03 8.111577e+03 8.041154e+03
17.6 8.050909e+03 8.090367e+03 8.109859e+03 8.070402e+03
18.6 8.072059e+03 8.069937e+03 8.089356e+03 8.091478e+03
19.6 8.067801e+03 8.036729e+03 8.056080e+03 8.087152e+03
20.6 8.035922e+03 8.012087e+03 8.031372e+03 8.055207e+03
21.6 8.062936e+03 8.001367e+03 8.020591e+03 8.082160e+03
22.6 7.989728e+03 7.999000e+03 8.018167e+03 8.008894e+03
23.6 7.951868e+03 8.001349e+03 8.019844e+03 7.970363e+03
24.6 7.936582e+03 8.010111e+03 8.022842e+03 7.949313e+03
25.6 7.977322e+03 8.022120e+03 8.025753e+03 7.980955e+03
26.6 7.967766e+03 8.030425e+03 8.027829e+03 7.965169e+03
27.6 8.003240e+03 8.034485e+03 8.029121e+03 7.997876e+03
28.6 8.030114e+03 8.035830e+03 8.029859e+03 8.024144e+03
29.6 8.067047e+03 8.035782e+03 8.030250e+03 8.061515e+03
30.6 8.054305e+03 8.035226e+03 8.030483e+03 8.049561e+03
31.6 8.065356e+03 8.034674e+03 8.030645e+03 8.061327e+03
32.6 8.049092e+03 8.034304e+03 8.030785e+03 8.045573e+03
33.6 8.047743e+03 8.034132e+03 8.030923e+03 8.044534e+03
