0.7 3.108816e+03 3.085239e+03 3.068885e+03 3.092462e+03
1.7 3.047995e+03 3.083274e+03 3.067714e+03 3.032435e+03
2.7 3.077585e+03 3.079600e+03 3.064648e+03 3.062633e+03
3.7 3.065105e+03 3.076569e+03 3.062005e+03 3.050541e+03
4.7 3.050712e+03 3.074967e+03 3.060642e+03 3.036387e+03
5.7 3.055578e+03 3.074398e+03 3.060223e+03 3.041403e+03
6.7 3.048858e+03 3.074380e+03 3.060308e+03 3.034785e+03
7.7 3.042126e+03 3.074581e+03 3.060589e+03 3.028134e+03
8.7 3.115157e+03 3.074802e+03 3.060882e+03 3.101237e+03
9.7 3.051230e+03 3.074966e+03 3.061113e+03 3.037377e+03
10.7 3.119065e+03 3.075056e+03 3.061268e+03 3.105277e+03
11.7 3.072430e+03 3.075081e+03 3.061357e+03 3.058705e+03
12.7 3.110206e+03 3.075070e+03 3.061407e+03 3.096543e+03
13.7 3.086343e+03 3.075038e+03 3.061436e+03 3.072741e+03
14.7 3.077116e+03 3.074998e+03 3.061455e+03 3.063574e+03
15.7 3.122034e+03 3.074953e+03 3.061470e+03 3.108550e+03
16.7 3.125352e+03 3.074908e+03 3.061483e+03 3.111926e+03
17.7 2.999523e+03 3.075127e+03 3.061758e+03 2.986153e+03
18.7 3.021998e+03 3.077211e+03 3.063897e+03 3.008683e+03
19.7 3.171373e+03 3.080289e+03 3.067029e+03 3.158112e+03
20.7 3.098750e+03 3.082438e+03 3.069231e+03 3.085543e+03
21.7 3.154985e+03 3.083311e+03 3.070156e+03 3.141829e+03
22.7 3.130625e+03 3.083442e+03 3.070341e+03 3.117524e+03
23.7 3.086001e+03 3.080902e+03 3.070173e+03 3.075272e+03
24.7 3.069583e+03 3.068994e+03 3.069898e+03 3.070487e+03
25.7 3.053515e+03 3.054428e+03 3.069641e+03 3.068728e+03
26.7 3.072571e+03 3.045651e+03 3.069465e+03 3.096385e+03
27.7 3.077330e+03 3.042103e+03 3.069360e+03 3.104587e+03
28.7 3.071347e+03 3.041674e+03 3.069308e+03 3.098981e+03
29.7 3.062891e+03 3.042579e+03 3.069285e+03 3.089597e+03
30.7 3.051115e+03 3.043864e+03 3.069276e+03 3.076526e+03
31.7 3.071219e+03 3.044936e+03 3.069274e+03 3.095556e+03
32.7 3.047508e+03 3.045670e+03 3.069273e+03 3.071111e+03
33.7 3.080636e+03 3.046064e+03 3.069273e+03 3.103845e+03
1.0 3.084179e+03 3.084746e+03 3.069110e+03 3.068543e+03
2.0 3.121195e+03 3.081700e+03 3.067397e+03 3.106891e+03
3.0 3.087863e+03 3.077561e+03 3.064262e+03 3.074565e+03
4.0 3.109420e+03 3.074483e+03 3.061833e+03 3.096770e+03
5.0 3.106078e+03 3.072927e+03 3.060654e+03 3.093804e+03
6.0 3.106650e+03 3.072432e+03 3.060353e+03 3.094571e+03
7.0 3.098655e+03 3.072442e+03 3.060469e+03 3.086683e+03
8.0 3.093439e+03 3.072638e+03 3.060729e+03 3.081529e+03
9.0 3.087663e+03 3.072845e+03 3.060982e+03 3.075801e+03
10.0 3.071686e+03 3.072993e+03 3.061171e+03 3.059864e+03
11.0 3.092865e+03 3.073059e+03 3.061276e+03 3.081082e+03
12.0 3.096153e+03 3.073071e+03 3.061326e+03 3.084409e+03
13.0 3.083539e+03 3.073045e+03 3.061340e+03 3.071834e+03
14.0 3.064442e+03 3.073000e+03 3.061335e+03 3.052778e+03
15.0 3.098879e+03 3.072945e+03 3.061323e+03 3.087256e+03
16.0 3.066980e+03 3.072886e+03 3.061306e+03 3.055400e+03
17.0 3.068449e+03 3.072823e+03 3.061288e+03 3.056914e+03
18.0 3.056766e+03 3.073262e+03 3.061773e+03 3.045277e+03
19.0 3.041139e+03 3.075710e+03 3.064268e+03 3.029697e+03
20.0 3.130914e+03 3.078736e+03 3.067344e+03 3.119521e+03
21.0 3.102020e+03 3.080521e+03 3.069180e+03 3.090679e+03
22.0 3.055946e+03 3.081180e+03 3.069896e+03 3.044661e+03
23.0 3.099731e+03 3.080943e+03 3.069945e+03 3.088733e+03
24.0 3.087200e+03 3.079966e+03 3.069711e+03 3.076944e+03
25.0 3.080279e+03 3.078921e+03 3.069397e+03 3.070755e+03
26.0 3.082466e+03 3.078237e+03 3.069130e+03 3.073358e+03
27.0 3.075285e+03 3.077859e+03 3.068936e+03 3.066362e+03
28.0 3.057127e+03 3.077678e+03 3.068816e+03 3.048265e+03
29.0 3.092939e+03 3.077591e+03 3.068743e+03 3.084091e+03
30.0 3.119633e+03 3.077535e+03 3.068694e+03 3.110791e+03
31.0 3.137811e+03 3.077474e+03 3.068658e+03 3.128995e+03
32.0 3.137294e+03 3.077395e+03 3.068627e+03 3.128526e+03
33.0 3.105970e+03 3.077299e+03 3.068598e+03 3.097268e+03
34.0 3.081537e+03 3.077190e+03 3.068569e+03 3.072916e+03
