1.0 2.150129e+03 2.082327e+03 2.104798e+03 2.172600e+03
2.0 1.970938e+03 2.081087e+03 2.102974e+03 1.992825e+03
3.0 2.119825e+03 2.078559e+03 2.099820e+03 2.141087e+03
4.0 1.962539e+03 2.076664e+03 2.097571e+03 1.983446e+03
5.0 2.070794e+03 2.075713e+03 2.096548e+03 2.091628e+03
6.0 2.041421e+03 2.075336e+03 2.096310e+03 2.062395e+03
7.0 2.088008e+03 2.075206e+03 2.096460e+03 2.109262e+03
8.0 1.975520e+03 2.075142e+03 2.096743e+03 1.997121e+03
9.0 2.312807e+03 2.075025e+03 2.097005e+03 2.334788e+03
10.0 2.219243e+03 2.074825e+03 2.097196e+03 2.241614e+03
11.0 2.254223e+03 2.074549e+03 2.097315e+03 2.276989e+03
12.0 2.071356e+03 2.074214e+03 2.097377e+03 2.094519e+03
13.0 2.013178e+03 2.073848e+03 2.097407e+03 2.036738e+03
14.0 2.038474e+03 2.073465e+03 2.097421e+03 2.062430e+03
15.0 2.081888e+03 2.073074e+03 2.097426e+03 2.106240e+03
16.0 2.070249e+03 2.072681e+03 2.097429e+03 2.094996e+03
17.0 2.080403e+03 2.072290e+03 2.097432e+03 2.105546e+03
18.0 1.983781e+03 2.072547e+03 2.098083e+03 2.009318e+03
19.0 2.024162e+03 2.074793e+03 2.100723e+03 2.050092e+03
20.0 2.070386e+03 2.077317e+03 2.103639e+03 2.096708e+03
21.0 2.120175e+03 2.078686e+03 2.105398e+03 2.146887e+03
22.0 2.068617e+03 2.078966e+03 2.106031e+03 2.095683e+03
23.0 2.099905e+03 2.082042e+03 2.106067e+03 2.123930e+03
24.0 2.124742e+03 2.091981e+03 2.105843e+03 2.138603e+03
25.0 2.062862e+03 2.101656e+03 2.105562e+03 2.066768e+03
26.0 1.978005e+03 2.106856e+03 2.105322e+03 1.976470e+03
27.0 2.032832e+03 2.108239e+03 2.105164e+03 2.029757e+03
28.0 1.994910e+03 2.107693e+03 2.105071e+03 1.992289e+03
29.0 2.007155e+03 2.106375e+03 2.105025e+03 2.005805e+03
30.0 2.031418e+03 2.104952e+03 2.105002e+03 2.031468e+03
31.0 2.125594e+03 2.103725e+03 2.104990e+03 2.126859e+03
32.0 2.032347e+03 2.102815e+03 2.104984e+03 2.034516e+03
33.0 2.132256e+03 2.102140e+03 2.104979e+03 2.135094e+03
34.0 2.149210e+03 2.101627e+03 2.104974e+03 2.152557e+03
0.4 2.034043e+03 2.047274e+03 2.104704e+03 2.091473e+03
1.4 2.083870e+03 2.049038e+03 2.104195e+03 2.139027e+03
2.4 2.094866e+03 2.050328e+03 2.101705e+03 2.146243e+03
3.4 2.041021e+03 2.050793e+03 2.098642e+03 2.088870e+03
4.4 2.111511e+03 2.051328e+03 2.096800e+03 2.156983e+03
5.4 2.039587e+03 2.051962e+03 2.096060e+03 2.083685e+03
6.4 2.061219e+03 2.052483e+03 2.095976e+03 2.104712e+03
7.4 2.016442e+03 2.052869e+03 2.096171e+03 2.059743e+03
8.4 2.034643e+03 2.053131e+03 2.096443e+03 2.077955e+03
9.4 1.970628e+03 2.053255e+03 2.096668e+03 2.014041e+03
10.4 2.013772e+03 2.053274e+03 2.096819e+03 2.057317e+03
11.4 2.019589e+03 2.053213e+03 2.096898e+03 2.063273e+03
12.4 2.039648e+03 2.053107e+03 2.096930e+03 2.083471e+03
13.4 2.021063e+03 2.052981e+03 2.096937e+03 2.065019e+03
14.4 2.050865e+03 2.052849e+03 2.096931e+03 2.094947e+03
15.4 2.100027e+03 2.052718e+03 2.096919e+03 2.144228e+03
16.4 2.086228e+03 2.052591e+03 2.096904e+03 2.130540e+03
17.4 2.096968e+03 2.052509e+03 2.096926e+03 2.141385e+03
18.4 2.021609e+03 2.053683e+03 2.098197e+03 2.066123e+03
19.4 2.013285e+03 2.056574e+03 2.101179e+03 2.057889e+03
20.4 2.000505e+03 2.059118e+03 2.103804e+03 2.045192e+03
21.4 1.943717e+03 2.060329e+03 2.105091e+03 1.988478e+03
22.4 2.006072e+03 2.060639e+03 2.105467e+03 2.050901e+03
23.4 2.076300e+03 2.060484e+03 2.105372e+03 2.121187e+03
24.4 2.133175e+03 2.061602e+03 2.105097e+03 2.176669e+03
25.4 2.059451e+03 2.085448e+03 2.104802e+03 2.078805e+03
26.4 2.039130e+03 2.129527e+03 2.104576e+03 2.014179e+03
27.4 2.143448e+03 2.163672e+03 2.104426e+03 2.084201e+03
28.4 2.104934e+03 2.180135e+03 2.104335e+03 2.029135e+03
29.4 2.071823e+03 2.184173e+03 2.104282e+03 1.991932e+03
30.4 2.136376e+03 2.182304e+03 2.104248e+03 2.058320e+03
31.4 2.205461e+03 2.178411e+03 2.104223e+03 2.131273e+03
32.4 2.071882e+03 2.174600e+03 2.104201e+03 2.001483e+03
33.4 2.088899e+03 2.171722e+03 2.104181e+03 2.021358e+03
