0.7 2.175898e+03 2.067110e+03 2.076478e+03 2.185265e+03
1.7 2.166368e+03 2.084666e+03 2.093099e+03 2.174801e+03
2.7 2.109726e+03 2.128852e+03 2.136602e+03 2.117476e+03
3.7 2.199922e+03 2.166745e+03 2.174112e+03 2.207288e+03
4.7 2.209364e+03 2.186274e+03 2.193461e+03 2.216551e+03
5.7 2.239630e+03 2.192275e+03 2.199404e+03 2.246759e+03
6.7 2.419144e+03 2.191070e+03 2.198208e+03 2.426282e+03
7.7 2.241357e+03 2.187035e+03 2.194214e+03 2.248536e+03
8.7 2.181246e+03 2.182819e+03 2.190055e+03 2.188481e+03
9.7 2.185468e+03 2.179481e+03 2.186781e+03 2.192768e+03
10.7 2.205954e+03 2.177212e+03 2.184582e+03 2.213324e+03
11.7 2.256262e+03 2.175875e+03 2.183321e+03 2.263707e+03
12.7 2.298736e+03 2.175076e+03 2.182600e+03 2.306261e+03
13.7 2.181052e+03 2.174580e+03 2.182188e+03 2.188660e+03
14.7 2.202347e+03 2.174221e+03 2.181916e+03 2.210042e+03
15.7 2.085619e+03 2.173922e+03 2.181709e+03 2.093407e+03
16.7 2.010227e+03 2.173650e+03 2.181533e+03 2.018110e+03
17.7 2.220490e+03 2.169641e+03 2.177624e+03 2.228473e+03
18.7 2.206838e+03 2.139185e+03 2.147272e+03 2.214924e+03
19.7 2.056658e+03 2.094628e+03 2.102822e+03 2.064853e+03
20.7 2.020261e+03 2.063257e+03 2.071564e+03 2.028567e+03
21.7 1.958241e+03 2.050016e+03 2.058438e+03 1.966663e+03
22.7 2.034043e+03 2.047274e+03 2.055817e+03 2.042586e+03
23.7 2.083870e+03 2.049038e+03 2.058201e+03 2.093032e+03
24.7 2.094866e+03 2.050328e+03 2.062096e+03 2.106634e+03
25.7 2.041021e+03 2.050793e+03 2.065743e+03 2.055970e+03
26.7 2.111511e+03 2.051328e+03 2.068242e+03 2.128424e+03
27.7 2.039587e+03 2.051962e+03 2.069741e+03 2.057365e+03
28.7 2.061219e+03 2.052483e+03 2.070475e+03 2.079211e+03
29.7 2.016442e+03 2.052869e+03 2.070798e+03 2.034371e+03
30.7 2.034643e+03 2.053131e+03 2.070923e+03 2.052435e+03
31.7 1.970628e+03 2.053255e+03 2.070960e+03 1.988334e+03
32.7 2.013772e+03 2.053274e+03 2.070970e+03 2.031467e+03
33.7 2.019589e+03 2.053213e+03 2.070975e+03 2.037350e+03
1.0 2.133175e+03 2.061602e+03 2.073279e+03 2.144851e+03
2.0 2.059451e+03 2.085448e+03 2.097597e+03 2.071600e+03
3.0 2.039130e+03 2.129527e+03 2.142081e+03 2.051684e+03
4.0 2.143448e+03 2.163672e+03 2.176556e+03 2.156332e+03
5.0 2.104934e+03 2.180135e+03 2.193292e+03 2.118092e+03
6.0 2.071823e+03 2.184173e+03 2.197566e+03 2.085216e+03
7.0 2.136376e+03 2.182304e+03 2.195916e+03 2.149988e+03
8.0 2.205461e+03 2.178411e+03 2.192233e+03 2.219283e+03
9.0 2.071882e+03 2.174600e+03 2.188630e+03 2.085911e+03
10.0 2.088899e+03 2.171722e+03 2.185960e+03 2.103136e+03
11.0 2.095805e+03 2.170014e+03 2.184459e+03 2.110249e+03
12.0 2.243088e+03 2.169099e+03 2.183752e+03 2.257741e+03
13.0 2.208910e+03 2.168699e+03 2.183560e+03 2.223771e+03
14.0 2.214618e+03 2.168551e+03 2.183621e+03 2.229688e+03
15.0 2.247255e+03 2.168521e+03 2.183801e+03 2.262534e+03
16.0 2.129452e+03 2.168549e+03 2.184038e+03 2.144940e+03
17.0 2.117236e+03 2.168593e+03 2.184291e+03 2.132934e+03
18.0 2.049789e+03 2.161504e+03 2.177411e+03 2.065696e+03
19.0 2.123146e+03 2.125881e+03 2.141997e+03 2.139261e+03
20.0 2.071021e+03 2.082022e+03 2.098346e+03 2.087345e+03
21.0 2.118576e+03 2.055756e+03 2.072287e+03 2.135107e+03
22.0 2.080512e+03 2.045563e+03 2.062133e+03 2.097083e+03
23.0 2.075759e+03 2.055456e+03 2.061431e+03 2.081734e+03
24.0 2.092708e+03 2.090526e+03 2.064756e+03 2.066939e+03
25.0 2.119583e+03 2.126113e+03 2.069216e+03 2.062687e+03
26.0 2.108316e+03 2.146214e+03 2.073004e+03 2.035106e+03
27.0 2.127893e+03 2.154361e+03 2.075749e+03 2.049281e+03
28.0 2.050619e+03 2.155492e+03 2.077448e+03 1.972575e+03
29.0 2.178755e+03 2.153629e+03 2.078497e+03 2.103623e+03
30.0 2.101863e+03 2.150977e+03 2.079188e+03 2.030073e+03
31.0 2.206234e+03 2.148854e+03 2.079698e+03 2.137079e+03
32.0 2.066629e+03 2.147490e+03 2.080138e+03 1.999278e+03
33.0 2.068778e+03 2.146849e+03 2.080553e+03 2.002483e+03
34.0 2.009700e+03 2.146648e+03 2.080965e+03 1.944016e+03
