0.4 6.528670e+03 6.853670e+03 6.867835e+03 6.542836e+03
1.4 6.579647e+03 6.855637e+03 6.870173e+03 6.594183e+03
2.4 6.779093e+03 6.864743e+03 6.879638e+03 6.793988e+03
3.4 6.754526e+03 6.875272e+03 6.890513e+03 6.769767e+03
4.4 6.698409e+03 6.881295e+03 6.896868e+03 6.713982e+03
5.4 6.797316e+03 6.883514e+03 6.899390e+03 6.813191e+03
6.4 6.663479e+03 6.883550e+03 6.899687e+03 6.679616e+03
7.4 6.976567e+03 6.882687e+03 6.899056e+03 6.992937e+03
8.4 7.041678e+03 6.881601e+03 6.898186e+03 7.058263e+03
9.4 7.045157e+03 6.880711e+03 6.897502e+03 7.061947e+03
10.4 7.061845e+03 6.880093e+03 6.897081e+03 7.078833e+03
11.4 7.010441e+03 6.879748e+03 6.896915e+03 7.027608e+03
12.4 6.930160e+03 6.879585e+03 6.896906e+03 6.947481e+03
13.4 6.860820e+03 6.879525e+03 6.896983e+03 6.878278e+03
14.4 6.822155e+03 6.879519e+03 6.897103e+03 6.839739e+03
15.4 6.944662e+03 6.879537e+03 6.897241e+03 6.962366e+03
16.4 6.890712e+03 6.879565e+03 6.897387e+03 6.908533e+03
17.4 6.910346e+03 6.879389e+03 6.897323e+03 6.928280e+03
18.4 7.025694e+03 6.874227e+03 6.892270e+03 7.043737e+03
19.4 6.962061e+03 6.863386e+03 6.881533e+03 6.980209e+03
20.4 7.032774e+03 6.854303e+03 6.872551e+03 7.051022e+03
21.4 6.961340e+03 6.849998e+03 6.868341e+03 6.979683e+03
22.4 6.986066e+03 6.848818e+03 6.867252e+03 7.004499e+03
23.4 6.933436e+03 6.850607e+03 6.867756e+03 6.950585e+03
24.4 6.952165e+03 6.867404e+03 6.868843e+03 6.953604e+03
25.4 6.925710e+03 6.895718e+03 6.869971e+03 6.899963e+03
26.4 6.882272e+03 6.915964e+03 6.870838e+03 6.837147e+03
27.4 6.819432e+03 6.925363e+03 6.871435e+03 6.765503e+03
28.4 6.878766e+03 6.927771e+03 6.871828e+03 6.822823e+03
29.4 6.851283e+03 6.926703e+03 6.872087e+03 6.796667e+03
30.4 6.805280e+03 6.924417e+03 6.872282e+03 6.753145e+03
31.4 6.797278e+03 6.922281e+03 6.872445e+03 6.747442e+03
32.4 6.821767e+03 6.920745e+03 6.872595e+03 6.773618e+03
33.4 6.810700e+03 6.919826e+03 6.872741e+03 6.763614e+03
0.6 6.905777e+03 6.846033e+03 6.874320e+03 6.934064e+03
1.6 6.861252e+03 6.849172e+03 6.877759e+03 6.889839e+03
2.6 6.855875e+03 6.861411e+03 6.888054e+03 6.882519e+03
3.6 6.872945e+03 6.873940e+03 6.898147e+03 6.897152e+03
4.6 6.872384e+03 6.881777e+03 6.903890e+03 6.894497e+03
5.6 6.870417e+03 6.885145e+03 6.905876e+03 6.891148e+03
6.6 6.903396e+03 6.886035e+03 6.905938e+03 6.923300e+03
7.6 6.905973e+03 6.885739e+03 6.905211e+03 6.925444e+03
8.6 6.898617e+03 6.885114e+03 6.904355e+03 6.917858e+03
9.6 6.856240e+03 6.884571e+03 6.903674e+03 6.875344e+03
10.6 6.860591e+03 6.884287e+03 6.903292e+03 6.879597e+03
11.6 6.837727e+03 6.884212e+03 6.903131e+03 6.856646e+03
12.6 6.854082e+03 6.884289e+03 6.903123e+03 6.872916e+03
13.6 6.818204e+03 6.884446e+03 6.903191e+03 6.836949e+03
14.6 6.839611e+03 6.884644e+03 6.903296e+03 6.858263e+03
15.6 6.731448e+03 6.884863e+03 6.903416e+03 6.750001e+03
16.6 6.830185e+03 6.885093e+03 6.903542e+03 6.848634e+03
17.6 6.813944e+03 6.884820e+03 6.903160e+03 6.832284e+03
18.6 6.899542e+03 6.878708e+03 6.896933e+03 6.917767e+03
19.6 6.942413e+03 6.867652e+03 6.885757e+03 6.960518e+03
20.6 6.884208e+03 6.859720e+03 6.877701e+03 6.902189e+03
21.6 6.856208e+03 6.856153e+03 6.874003e+03 6.874058e+03
22.6 6.800352e+03 6.855547e+03 6.873262e+03 6.818067e+03
23.6 6.778111e+03 6.856312e+03 6.873886e+03 6.795685e+03
24.6 6.786606e+03 6.857660e+03 6.875006e+03 6.803952e+03
25.6 6.858891e+03 6.861934e+03 6.876060e+03 6.873016e+03
26.6 6.817813e+03 6.870853e+03 6.876875e+03 6.823836e+03
27.6 6.853339e+03 6.878401e+03 6.877406e+03 6.852343e+03
28.6 6.891897e+03 6.882465e+03 6.877742e+03 6.887175e+03
29.6 6.883310e+03 6.883984e+03 6.877966e+03 6.877291e+03
30.6 6.862859e+03 6.884150e+03 6.878127e+03 6.856837e+03
31.6 6.899187e+03 6.883785e+03 6.878262e+03 6.893664e+03
32.6 6.859005e+03 6.883381e+03 6.878385e+03 6.854010e+03
33.6 6.924941e+03 6.883136e+03 6.878504e+03 6.920309e+03
