5.108844e+03 5.124388e+03 5.078861e+03 5.154370e+03
4.895663e+03 5.124388e+03 5.078660e+03 4.941391e+03
5.067809e+03 5.124388e+03 5.078484e+03 5.113713e+03
5.073475e+03 5.124388e+03 5.082036e+03 5.115827e+03
4.987972e+03 5.124388e+03 5.097770e+03 5.014590e+03
5.013928e+03 5.124388e+03 5.115928e+03 5.022388e+03
4.953240e+03 5.124388e+03 5.126381e+03 4.951247e+03
4.996125e+03 5.124388e+03 5.130312e+03 4.990201e+03
4.973977e+03 5.124388e+03 5.130474e+03 4.967892e+03
5.053233e+03 5.124388e+03 5.129072e+03 5.048549e+03
5.212808e+03 5.124388e+03 5.127278e+03 5.209919e+03
5.332197e+03 5.124388e+03 5.125813e+03 5.330772e+03
5.222152e+03 5.124390e+03 5.124808e+03 5.221734e+03
5.227065e+03 5.124412e+03 5.124269e+03 5.227208e+03
4.995203e+03 5.124463e+03 5.124036e+03 4.995631e+03
4.980339e+03 5.124531e+03 5.123975e+03 4.980895e+03
4.944211e+03 5.124604e+03 5.124003e+03 4.944812e+03
5.061742e+03 5.124675e+03 5.124068e+03 5.062349e+03
4.995453e+03 5.124740e+03 5.124150e+03 4.996043e+03
5.074183e+03 5.124799e+03 5.123878e+03 5.075105e+03
5.240500e+03 5.124853e+03 5.115090e+03 5.250262e+03
5.170871e+03 5.124901e+03 5.096602e+03 5.199171e+03
5.243391e+03 5.124945e+03 5.081113e+03 5.287223e+03
5.147229e+03 5.124986e+03 5.073778e+03 5.198437e+03
5.213505e+03 5.125022e+03 5.071776e+03 5.266751e+03
5.133343e+03 5.125055e+03 5.074606e+03 5.183792e+03
5.193191e+03 5.125083e+03 5.100608e+03 5.217667e+03
5.194725e+03 5.125108e+03 5.144322e+03 5.175511e+03
5.236197e+03 5.125129e+03 5.175584e+03 5.185742e+03
5.135394e+03 5.125142e+03 5.190120e+03 5.070417e+03
5.228519e+03 5.125141e+03 5.193867e+03 5.159794e+03
5.179327e+03 5.125126e+03 5.192241e+03 5.112211e+03
5.208867e+03 5.125102e+03 5.188730e+03 5.145239e+03
5.127078e+03 5.125075e+03 5.185442e+03 5.066711e+03
5.161898e+03 5.125046e+03 5.183078e+03 5.103865e+03
5.172097e+03 5.125016e+03 5.181666e+03 5.115447e+03
5.184602e+03 5.124984e+03 5.181012e+03 5.128574e+03
5.142834e+03 5.124951e+03 5.180773e+03 5.087012e+03
5.114598e+03 5.124916e+03 5.180760e+03 5.058753e+03
5.095824e+03 5.124878e+03 5.180844e+03 5.039858e+03
5.181145e+03 5.124838e+03 5.180970e+03 5.125013e+03
5.146820e+03 5.124796e+03 5.181087e+03 5.090528e+03
5.210319e+03 5.124750e+03 5.172604e+03 5.162465e+03
5.192606e+03 5.124702e+03 5.137743e+03 5.179565e+03
5.155368e+03 5.124651e+03 5.099217e+03 5.180803e+03
5.170438e+03 5.124597e+03 5.076027e+03 5.219008e+03
5.137655e+03 5.124540e+03 5.067837e+03 5.194358e+03
5.139754e+03 5.124480e+03 5.073148e+03 5.191086e+03
5.174451e+03 5.124416e+03 5.093610e+03 5.205257e+03
5.160066e+03 5.124349e+03 5.114477e+03 5.169938e+03
5.194473e+03 5.124279e+03 5.127383e+03 5.191370e+03
5.163528e+03 5.124205e+03 5.132769e+03 5.154965e+03
5.188473e+03 5.124128e+03 5.134011e+03 5.178590e+03
5.220093e+03 5.124047e+03 5.133291e+03 5.210849e+03
5.207395e+03 5.123963e+03 5.132035e+03 5.199322e+03
5.148188e+03 5.123874e+03 5.130929e+03 5.141133e+03
5.162874e+03 5.123782e+03 5.130264e+03 5.156391e+03
5.137244e+03 5.123685e+03 5.129953e+03 5.130976e+03
5.150532e+03 5.123584e+03 5.129894e+03 5.144221e+03
5.169968e+03 5.123478e+03 5.129965e+03 5.163482e+03
5.214718e+03 5.123368e+03 5.130097e+03 5.207990e+03
5.226759e+03 5.123254e+03 5.130257e+03 5.219756e+03
5.192340e+03 5.123135e+03 5.130427e+03 5.185048e+03
5.175574e+03 5.123011e+03 5.129731e+03 5.168854e+03
5.228764e+03 5.122883e+03 5.119057e+03 5.232590e+03
5.094550e+03 5.122749e+03 5.099932e+03 5.117368e+03
5.062760e+03 5.122610e+03 5.086134e+03 5.099236e+03
4.980915e+03 5.122467e+03 5.079778e+03 5.023604e+03
4.930892e+03 5.122318e+03 5.078473e+03 4.974738e+03
4.919676e+03 5.122164e+03 5.079498e+03 4.962342e+03
4.961432e+03 5.122004e+03 5.081459e+03 5.001978e+03
5.089366e+03 5.121839e+03 5.086587e+03 5.124618e+03
5.018305e+03 5.121668e+03 5.096664e+03 5.043310e+03
5.113224e+03 5.121492e+03 5.105058e+03 5.129658e+03
5.151128e+03 5.121310e+03 5.109500e+03 5.162938e+03
5.124950e+03 5.121122e+03 5.111075e+03 5.134997e+03
5.167543e+03 5.120929e+03 5.111119e+03 5.177353e+03
5.186759e+03 5.120729e+03 5.110558e+03 5.196930e+03
5.097906e+03 5.120523e+03 5.109940e+03 5.108489e+03
5.210380e+03 5.120311e+03 5.109488e+03 5.221203e+03
5.140380e+03 5.120093e+03 5.109243e+03 5.151231e+03
5.279075e+03 5.119869e+03 5.109179e+03 5.289765e+03
5.188571e+03 5.119638e+03 5.109217e+03 5.198992e+03
5.190133e+03 5.119401e+03 5.109312e+03 5.200221e+03
5.144096e+03 5.119157e+03 5.109430e+03 5.153824e+03
5.231283e+03 5.118907e+03 5.109555e+03 5.240635e+03
5.087372e+03 5.118650e+03 5.109680e+03 5.096342e+03
5.374284e+03 5.118387e+03 5.109056e+03 5.383614e+03
5.211932e+03 5.118117e+03 5.103157e+03 5.226891e+03
5.036137e+03 5.117840e+03 5.094442e+03 5.059534e+03
5.330520e+03 5.117556e+03 5.088350e+03 5.359726e+03
5.176079e+03 5.117265e+03 5.085864e+03 5.207481e+03
5.166507e+03 5.116968e+03 5.085473e+03 5.198002e+03
5.111321e+03 5.116663e+03 5.092654e+03 5.135330e+03
5.168608e+03 5.116352e+03 5.126408e+03 5.158552e+03
5.183311e+03 5.116033e+03 5.167696e+03 5.131648e+03
5.207655e+03 5.115708e+03 5.192559e+03 5.130803e+03
5.167710e+03 5.115375e+03 5.202582e+03 5.080502e+03
5.270305e+03 5.115035e+03 5.203750e+03 5.181590e+03
5.199467e+03 5.114688e+03 5.201128e+03 5.113027e+03
5.226345e+03 5.114334e+03 5.197421e+03 5.143258e+03
5.229240e+03 5.113973e+03 5.194315e+03 5.148898e+03
5.253763e+03 5.113604e+03 5.192161e+03 5.175206e+03
5.257258e+03 5.113229e+03 5.190967e+03 5.179520e+03
5.270631e+03 5.112846e+03 5.190371e+03 5.193106e+03
5.170047e+03 5.112456e+03 5.190104e+03 5.092400e+03
5.187131e+03 5.112059e+03 5.190002e+03 5.109188e+03
5.095912e+03 5.111655e+03 5.189963e+03 5.017603e+03
5.176787e+03 5.111243e+03 5.189947e+03 5.098083e+03
5.170845e+03 5.110825e+03 5.189437e+03 5.092232e+03
5.243307e+03 5.110399e+03 5.172344e+03 5.181362e+03
5.171937e+03 5.109966e+03 5.132550e+03 5.149354e+03
5.194772e+03 5.109527e+03 5.097464e+03 5.206835e+03
5.022101e+03 5.109080e+03 5.080135e+03 5.051046e+03
4.940486e+03 5.108627e+03 5.074858e+03 4.974254e+03
5.011859e+03 5.108166e+03 5.075832e+03 5.044193e+03
4.929648e+03 5.107699e+03 5.079463e+03 4.957884e+03
4.931841e+03 5.107225e+03 5.087885e+03 4.951181e+03
4.923440e+03 5.106745e+03 5.099386e+03 4.930799e+03
4.937348e+03 5.106258e+03 5.107869e+03 4.935737e+03
4.954309e+03 5.105765e+03 5.112031e+03 4.948043e+03
4.953458e+03 5.105265e+03 5.113183e+03 4.945540e+03
4.973878e+03 5.104759e+03 5.112890e+03 4.965748e+03
4.981643e+03 5.104247e+03 5.112056e+03 4.973833e+03
5.021337e+03 5.103728e+03 5.111177e+03 5.013888e+03
5.050364e+03 5.103204e+03 5.110453e+03 5.043116e+03
4.972519e+03 5.102675e+03 5.109941e+03 4.965252e+03
5.028803e+03 5.102139e+03 5.109572e+03 5.021370e+03
5.068945e+03 5.101598e+03 5.109292e+03 5.061251e+03
5.120937e+03 5.101052e+03 5.109049e+03 5.112940e+03
5.076467e+03 5.100501e+03 5.108817e+03 5.068151e+03
5.165167e+03 5.099945e+03 5.108583e+03 5.156529e+03
5.134034e+03 5.099384e+03 5.108338e+03 5.125080e+03
5.177955e+03 5.098818e+03 5.106658e+03 5.170115e+03
5.167382e+03 5.098248e+03 5.099278e+03 5.166353e+03
5.077052e+03 5.097674e+03 5.090243e+03 5.084483e+03
4.965430e+03 5.097097e+03 5.084700e+03 4.977827e+03
5.014058e+03 5.096515e+03 5.082163e+03 5.028410e+03
4.981804e+03 5.095930e+03 5.072136e+03 5.005598e+03
5.049967e+03 5.095342e+03 5.044281e+03 5.101027e+03
4.992262e+03 5.094750e+03 5.017183e+03 5.069829e+03
5.003991e+03 5.094156e+03 5.002977e+03 5.095170e+03
4.949297e+03 5.093560e+03 4.998155e+03 5.044702e+03
5.006711e+03 5.092962e+03 4.998368e+03 5.101304e+03
4.949825e+03 5.092362e+03 5.000500e+03 5.041686e+03
5.040375e+03 5.091760e+03 5.002928e+03 5.129207e+03
5.000937e+03 5.091157e+03 5.004684e+03 5.087411e+03
4.964119e+03 5.090554e+03 5.005682e+03 5.048991e+03
4.965576e+03 5.089950e+03 5.006005e+03 5.049521e+03
4.949687e+03 5.089345e+03 5.005923e+03 5.033108e+03
4.975147e+03 5.088739e+03 5.005621e+03 5.058266e+03
4.993973e+03 5.088134e+03 5.005202e+03 5.076905e+03
4.982143e+03 5.087530e+03 5.004729e+03 5.064944e+03
5.077079e+03 5.086927e+03 5.004225e+03 5.159781e+03
4.955616e+03 5.086325e+03 5.005258e+03 5.036683e+03
5.040414e+03 5.085724e+03 5.023382e+03 5.102756e+03
4.995518e+03 5.085126e+03 5.053126e+03 5.027518e+03
4.998678e+03 5.084531e+03 5.075063e+03 5.008145e+03
5.024411e+03 5.083939e+03 5.084319e+03 5.024031e+03
5.032469e+03 5.083351e+03 5.085962e+03 5.029857e+03
4.965368e+03 5.088218e+03 5.089318e+03 4.964267e+03
5.184275e+03 5.138002e+03 5.136378e+03 5.185899e+03
5.304728e+03 5.217201e+03 5.212923e+03 5.309006e+03
5.278066e+03 5.271175e+03 5.264991e+03 5.284249e+03
5.227890e+03 5.294685e+03 5.287298e+03 5.235277e+03
5.221118e+03 5.299201e+03 5.291104e+03 5.229215e+03
5.264947e+03 5.294554e+03 5.286052e+03 5.273449e+03
5.317753e+03 5.286880e+03 5.278105e+03 5.326528e+03
5.249506e+03 5.279908e+03 5.270912e+03 5.258501e+03
5.292476e+03 5.274776e+03 5.265568e+03 5.301683e+03
5.292094e+03 5.271442e+03 5.262015e+03 5.301521e+03
5.280980e+03 5.269510e+03 5.259849e+03 5.290641e+03
5.221132e+03 5.268338e+03 5.258425e+03 5.231045e+03
5.221919e+03 5.267578e+03 5.257391e+03 5.232105e+03
5.285548e+03 5.266997e+03 5.256515e+03 5.296030e+03
5.286221e+03 5.266498e+03 5.255694e+03 5.297025e+03
5.229381e+03 5.265919e+03 5.254761e+03 5.240539e+03
5.221508e+03 5.245733e+03 5.234192e+03 5.233049e+03
5.133866e+03 5.175873e+03 5.163922e+03 5.145818e+03
5.122173e+03 5.103329e+03 5.090941e+03 5.134561e+03
5.086524e+03 5.060898e+03 5.048062e+03 5.099360e+03
5.080761e+03 5.046007e+03 5.037795e+03 5.088973e+03
5.075088e+03 5.045464e+03 5.060385e+03 5.060166e+03
5.213431e+03 5.050997e+03 5.091664e+03 5.172764e+03
5.202301e+03 5.057707e+03 5.113615e+03 5.146393e+03
5.178362e+03 5.063296e+03 5.124734e+03 5.116924e+03
5.173174e+03 5.066795e+03 5.128074e+03 5.111896e+03
5.153544e+03 5.068707e+03 5.127359e+03 5.094892e+03
5.149139e+03 5.069511e+03 5.125002e+03 5.093648e+03
5.140395e+03 5.069759e+03 5.122454e+03 5.087700e+03
5.140261e+03 5.069756e+03 5.120284e+03 5.089733e+03
5.096659e+03 5.069652e+03 5.118635e+03 5.047677e+03
5.092650e+03 5.069526e+03 5.117345e+03 5.044832e+03
5.067793e+03 5.069407e+03 5.116286e+03 5.020914e+03
5.044436e+03 5.069305e+03 5.115337e+03 4.998405e+03
5.080980e+03 5.069228e+03 5.114436e+03 5.035772e+03
5.104653e+03 5.069177e+03 5.113553e+03 5.060277e+03
5.080557e+03 5.069154e+03 5.112139e+03 5.037572e+03
5.062199e+03 5.069157e+03 5.098804e+03 5.032553e+03
5.167641e+03 5.069190e+03 5.070789e+03 5.166042e+03
5.153217e+03 5.069251e+03 5.046771e+03 5.175697e+03
5.107417e+03 5.069343e+03 5.034718e+03 5.142042e+03
