1.024198e+04 1.032311e+04 1.030086e+04 1.026422e+04
1.032743e+04 1.032338e+04 1.030110e+04 1.034971e+04
1.034296e+04 1.032366e+04 1.030135e+04 1.036526e+04
1.032305e+04 1.032766e+04 1.030688e+04 1.034384e+04
1.039298e+04 1.034387e+04 1.032967e+04 1.040718e+04
1.037968e+04 1.036249e+04 1.035588e+04 1.038630e+04
1.039443e+04 1.037338e+04 1.037114e+04 1.039667e+04
1.039873e+04 1.037770e+04 1.037713e+04 1.039930e+04
1.038971e+04 1.037820e+04 1.037772e+04 1.039019e+04
1.045640e+04 1.037712e+04 1.037607e+04 1.045746e+04
1.029758e+04 1.037563e+04 1.037383e+04 1.029938e+04
1.024411e+04 1.037446e+04 1.037206e+04 1.024652e+04
1.033745e+04 1.037374e+04 1.037092e+04 1.034028e+04
1.037738e+04 1.037346e+04 1.037040e+04 1.038044e+04
1.028713e+04 1.037346e+04 1.037025e+04 1.029033e+04
1.038869e+04 1.037360e+04 1.037031e+04 1.039198e+04
1.039986e+04 1.037383e+04 1.037048e+04 1.040320e+04
1.030531e+04 1.037408e+04 1.037069e+04 1.030870e+04
1.038165e+04 1.037434e+04 1.037093e+04 1.038506e+04
1.035890e+04 1.037424e+04 1.037067e+04 1.036248e+04
1.028774e+04 1.036560e+04 1.035832e+04 1.029502e+04
1.027698e+04 1.034722e+04 1.033221e+04 1.029199e+04
1.035989e+04 1.033185e+04 1.031036e+04 1.038138e+04
1.032451e+04 1.032465e+04 1.030007e+04 1.034909e+04
1.035612e+04 1.032279e+04 1.029734e+04 1.038157e+04
1.034745e+04 1.032366e+04 1.029932e+04 1.037179e+04
1.033088e+04 1.032553e+04 1.031169e+04 1.034472e+04
1.025772e+04 1.032747e+04 1.033129e+04 1.025389e+04
1.038122e+04 1.032896e+04 1.034541e+04 1.036476e+04
1.037121e+04 1.032998e+04 1.035230e+04 1.034889e+04
1.036995e+04 1.033065e+04 1.035448e+04 1.034612e+04
1.037190e+04 1.033109e+04 1.035427e+04 1.034873e+04
1.040429e+04 1.033142e+04 1.035318e+04 1.038253e+04
1.037661e+04 1.033170e+04 1.035213e+04 1.035617e+04
1.041366e+04 1.033195e+04 1.035143e+04 1.039417e+04
1.042131e+04 1.033219e+04 1.035111e+04 1.040240e+04
1.033966e+04 1.033243e+04 1.035108e+04 1.032100e+04
1.029093e+04 1.033266e+04 1.035122e+04 1.027237e+04
1.031505e+04 1.033290e+04 1.035145e+04 1.029650e+04
1.032809e+04 1.033313e+04 1.035173e+04 1.030950e+04
1.034918e+04 1.033337e+04 1.035202e+04 1.033053e+04
1.031478e+04 1.033360e+04 1.035230e+04 1.029607e+04
1.032338e+04 1.033383e+04 1.034911e+04 1.030810e+04
1.033573e+04 1.033406e+04 1.033525e+04 1.033453e+04
1.028713e+04 1.033428e+04 1.031991e+04 1.030151e+04
1.028345e+04 1.033451e+04 1.031077e+04 1.030719e+04
1.033386e+04 1.033479e+04 1.030777e+04 1.036088e+04
1.034594e+04 1.034067e+04 1.031587e+04 1.037074e+04
1.047451e+04 1.035829e+04 1.034198e+04 1.049082e+04
1.043318e+04 1.037556e+04 1.036791e+04 1.044083e+04
1.045458e+04 1.038538e+04 1.038308e+04 1.045687e+04
1.042184e+04 1.038876e+04 1.038871e+04 1.042189e+04
1.036694e+04 1.038885e+04 1.038934e+04 1.036645e+04
1.040833e+04 1.038759e+04 1.038781e+04 1.040812e+04
1.039667e+04 1.038611e+04 1.038584e+04 1.039694e+04
1.038086e+04 1.038492e+04 1.038423e+04 1.038155e+04
1.041364e+04 1.038425e+04 1.038333e+04 1.041456e+04
1.035142e+04 1.038395e+04 1.038295e+04 1.035243e+04
1.035137e+04 1.038392e+04 1.038294e+04 1.035235e+04
1.033376e+04 1.038401e+04 1.038311e+04 1.033466e+04
1.035532e+04 1.038417e+04 1.038338e+04 1.035610e+04
1.041491e+04 1.038435e+04 1.038369e+04 1.041557e+04
1.043673e+04 1.038454e+04 1.038401e+04 1.043726e+04
1.039813e+04 1.038386e+04 1.038311e+04 1.039888e+04
1.031802e+04 1.037317e+04 1.036805e+04 1.032313e+04
1.030091e+04 1.035400e+04 1.034101e+04 1.031389e+04
1.025088e+04 1.034017e+04 1.032153e+04 1.026952e+04
1.027664e+04 1.033381e+04 1.031261e+04 1.029784e+04
1.023935e+04 1.033251e+04 1.031086e+04 1.026100e+04
1.027782e+04 1.033354e+04 1.031241e+04 1.029896e+04
1.027718e+04 1.033543e+04 1.031520e+04 1.029741e+04
1.026491e+04 1.033720e+04 1.031890e+04 1.028321e+04
1.027927e+04 1.033856e+04 1.032377e+04 1.029406e+04
1.031724e+04 1.033943e+04 1.032756e+04 1.032910e+04
1.027796e+04 1.033996e+04 1.032971e+04 1.028821e+04
1.035818e+04 1.034031e+04 1.033072e+04 1.036776e+04
1.024220e+04 1.034054e+04 1.033112e+04 1.025162e+04
1.021517e+04 1.034073e+04 1.033127e+04 1.022463e+04
1.032687e+04 1.034090e+04 1.033139e+04 1.033638e+04
1.024198e+04 1.034105e+04 1.033156e+04 1.025147e+04
1.034797e+04 1.034121e+04 1.033179e+04 1.035738e+04
1.032596e+04 1.034135e+04 1.033209e+04 1.033522e+04
1.033919e+04 1.034150e+04 1.033242e+04 1.034827e+04
1.031365e+04 1.034164e+04 1.033278e+04 1.032251e+04
1.037665e+04 1.034178e+04 1.033314e+04 1.038528e+04
1.038606e+04 1.034191e+04 1.033351e+04 1.039446e+04
1.032642e+04 1.034205e+04 1.033389e+04 1.033458e+04
1.037847e+04 1.034218e+04 1.033402e+04 1.038662e+04
1.033663e+04 1.034230e+04 1.033244e+04 1.034649e+04
1.035569e+04 1.034242e+04 1.032995e+04 1.036817e+04
1.033563e+04 1.034254e+04 1.032831e+04 1.034986e+04
1.033284e+04 1.034266e+04 1.032785e+04 1.034765e+04
1.032478e+04 1.034277e+04 1.032808e+04 1.033947e+04
1.040958e+04 1.034288e+04 1.033130e+04 1.042116e+04
1.032308e+04 1.034299e+04 1.034525e+04 1.032081e+04
1.035767e+04 1.034309e+04 1.036226e+04 1.033850e+04
1.040537e+04 1.034319e+04 1.037264e+04 1.037591e+04
1.038517e+04 1.034328e+04 1.037704e+04 1.035141e+04
1.044022e+04 1.034338e+04 1.037788e+04 1.040572e+04
1.035144e+04 1.034347e+04 1.037720e+04 1.031771e+04
1.039380e+04 1.034355e+04 1.037609e+04 1.036126e+04
1.027340e+04 1.034363e+04 1.037523e+04 1.024180e+04
1.038143e+04 1.034371e+04 1.037476e+04 1.035038e+04
1.030077e+04 1.034378e+04 1.037469e+04 1.026987e+04
1.035724e+04 1.034386e+04 1.037486e+04 1.032624e+04
1.041734e+04 1.034392e+04 1.037517e+04 1.038609e+04
1.034388e+04 1.034399e+04 1.037556e+04 1.031231e+04
1.043164e+04 1.034405e+04 1.037597e+04 1.039972e+04
1.042567e+04 1.034410e+04 1.037641e+04 1.039336e+04
1.038080e+04 1.034416e+04 1.037665e+04 1.034831e+04
1.036747e+04 1.034420e+04 1.037019e+04 1.034149e+04
1.026402e+04 1.034425e+04 1.035456e+04 1.025371e+04
1.033201e+04 1.034429e+04 1.034083e+04 1.033547e+04
1.029878e+04 1.034433e+04 1.033430e+04 1.030881e+04
1.038570e+04 1.034436e+04 1.033265e+04 1.039741e+04
1.040601e+04 1.034440e+04 1.033353e+04 1.041688e+04
1.036860e+04 1.034442e+04 1.033548e+04 1.037755e+04
1.038580e+04 1.034445e+04 1.033901e+04 1.039124e+04
1.035174e+04 1.034447e+04 1.034348e+04 1.035272e+04
1.034642e+04 1.034448e+04 1.034690e+04 1.034400e+04
1.031982e+04 1.034450e+04 1.034885e+04 1.031547e+04
1.038369e+04 1.034450e+04 1.034979e+04 1.037840e+04
1.035897e+04 1.034451e+04 1.035025e+04 1.035323e+04
1.038420e+04 1.034451e+04 1.035053e+04 1.037818e+04
1.042544e+04 1.034451e+04 1.035080e+04 1.041916e+04
1.040214e+04 1.034451e+04 1.035112e+04 1.039553e+04
1.035286e+04 1.034450e+04 1.035152e+04 1.034583e+04
1.040642e+04 1.034449e+04 1.035198e+04 1.039893e+04
1.042170e+04 1.034447e+04 1.035247e+04 1.041370e+04
1.029327e+04 1.034445e+04 1.035299e+04 1.028474e+04
1.040754e+04 1.034443e+04 1.035351e+04 1.039846e+04
1.043077e+04 1.034441e+04 1.035405e+04 1.042113e+04
1.029747e+04 1.034438e+04 1.035459e+04 1.028726e+04
1.031066e+04 1.034435e+04 1.035467e+04 1.030034e+04
1.027282e+04 1.034432e+04 1.035290e+04 1.026424e+04
1.029813e+04 1.034428e+04 1.035060e+04 1.029181e+04
1.033564e+04 1.034424e+04 1.034945e+04 1.033044e+04
1.039239e+04 1.034420e+04 1.034938e+04 1.038721e+04
1.029558e+04 1.034415e+04 1.035289e+04 1.028685e+04
1.036239e+04 1.034410e+04 1.036255e+04 1.034395e+04
1.033604e+04 1.034405e+04 1.037212e+04 1.030798e+04
1.036812e+04 1.034400e+04 1.037752e+04 1.033460e+04
1.034798e+04 1.034394e+04 1.037982e+04 1.031210e+04
1.038765e+04 1.034388e+04 1.038040e+04 1.035113e+04
1.039337e+04 1.034382e+04 1.038029e+04 1.035690e+04
1.040348e+04 1.034376e+04 1.038004e+04 1.036721e+04
1.036852e+04 1.034369e+04 1.037997e+04 1.033224e+04
1.041035e+04 1.034363e+04 1.038014e+04 1.037384e+04
1.040519e+04 1.034356e+04 1.038052e+04 1.036823e+04
1.035720e+04 1.034349e+04 1.038102e+04 1.031966e+04
1.044978e+04 1.034341e+04 1.038160e+04 1.041159e+04
1.045547e+04 1.034334e+04 1.038221e+04 1.041659e+04
1.043283e+04 1.034326e+04 1.038285e+04 1.039325e+04
1.032174e+04 1.034318e+04 1.038349e+04 1.028144e+04
1.029759e+04 1.034310e+04 1.038364e+04 1.025705e+04
1.034587e+04 1.034302e+04 1.037839e+04 1.031049e+04
1.038639e+04 1.034294e+04 1.036947e+04 1.035985e+04
1.043839e+04 1.034285e+04 1.036301e+04 1.041822e+04
1.049487e+04 1.034276e+04 1.036057e+04 1.047706e+04
1.036793e+04 1.034267e+04 1.036053e+04 1.035007e+04
1.033573e+04 1.034375e+04 1.036003e+04 1.031945e+04
1.024850e+04 1.035442e+04 1.034634e+04 1.025659e+04
1.025043e+04 1.037139e+04 1.032373e+04 1.029809e+04
1.020531e+04 1.038295e+04 1.030851e+04 1.027976e+04
1.029576e+04 1.038801e+04 1.030227e+04 1.038150e+04
1.035151e+04 1.038900e+04 1.030163e+04 1.043888e+04
1.032419e+04 1.038803e+04 1.030365e+04 1.040856e+04
1.040236e+04 1.038641e+04 1.030655e+04 1.048222e+04
1.029482e+04 1.038494e+04 1.030922e+04 1.037054e+04
1.028867e+04 1.038386e+04 1.031134e+04 1.036120e+04
1.034542e+04 1.038317e+04 1.031291e+04 1.041568e+04
1.027224e+04 1.038278e+04 1.031408e+04 1.034095e+04
1.031441e+04 1.038256e+04 1.031502e+04 1.038195e+04
1.026537e+04 1.038241e+04 1.031584e+04 1.033195e+04
1.037166e+04 1.038231e+04 1.031662e+04 1.043735e+04
1.032076e+04 1.038222e+04 1.031738e+04 1.038561e+04
1.034311e+04 1.038212e+04 1.031817e+04 1.040706e+04
1.032666e+04 1.037782e+04 1.032489e+04 1.037960e+04
1.040080e+04 1.036290e+04 1.034663e+04 1.041708e+04
1.036404e+04 1.034741e+04 1.036918e+04 1.034227e+04
1.037662e+04 1.033836e+04 1.038264e+04 1.033234e+04
1.034025e+04 1.033519e+04 1.038433e+04 1.029111e+04
1.032571e+04 1.033508e+04 1.036914e+04 1.029166e+04
1.026435e+04 1.033628e+04 1.035033e+04 1.025030e+04
1.042102e+04 1.033772e+04 1.033828e+04 1.042047e+04
1.039413e+04 1.033892e+04 1.033312e+04 1.039993e+04
1.032618e+04 1.033968e+04 1.033244e+04 1.033342e+04
1.032974e+04 1.034010e+04 1.033390e+04 1.033594e+04
1.032876e+04 1.034028e+04 1.033605e+04 1.033299e+04
1.035390e+04 1.034034e+04 1.033810e+04 1.035613e+04
1.033917e+04 1.034034e+04 1.033980e+04 1.033972e+04
1.025126e+04 1.034032e+04 1.034110e+04 1.025048e+04
1.025806e+04 1.034030e+04 1.034215e+04 1.025621e+04
1.030918e+04 1.034028e+04 1.034306e+04 1.030639e+04
1.037674e+04 1.034026e+04 1.034391e+04 1.037310e+04
1.043377e+04 1.034025e+04 1.034473e+04 1.042929e+04
1.036564e+04 1.034023e+04 1.034553e+04 1.036034e+04
1.037047e+04 1.034022e+04 1.034667e+04 1.036402e+04
1.036808e+04 1.034019e+04 1.035586e+04 1.035242e+04
1.036620e+04 1.034017e+04 1.037496e+04 1.033140e+04
1.036339e+04 1.034015e+04 1.039136e+04 1.031217e+04
1.040775e+04 1.034013e+04 1.039966e+04 1.034822e+04
