1.091030e+03 1.076580e+03 1.052751e+03 1.114858e+03
1.155759e+03 1.076653e+03 1.053118e+03 1.179294e+03
1.144076e+03 1.076722e+03 1.053492e+03 1.167306e+03
1.122740e+03 1.076787e+03 1.056777e+03 1.142750e+03
1.056462e+03 1.076849e+03 1.069607e+03 1.063704e+03
1.065008e+03 1.076907e+03 1.084326e+03 1.057589e+03
1.130498e+03 1.076960e+03 1.092987e+03 1.114472e+03
1.011370e+03 1.076996e+03 1.096497e+03 9.918695e+02
1.165548e+03 1.077008e+03 1.097005e+03 1.145551e+03
1.189251e+03 1.077002e+03 1.096255e+03 1.169999e+03
1.061143e+03 1.076989e+03 1.095178e+03 1.042954e+03
1.097792e+03 1.076973e+03 1.094350e+03 1.080415e+03
1.034360e+03 1.076957e+03 1.093875e+03 1.017442e+03
1.078804e+03 1.076941e+03 1.093745e+03 1.062000e+03
9.933400e+02 1.076926e+03 1.093829e+03 9.764365e+02
1.002365e+03 1.076909e+03 1.094029e+03 9.852447e+02
9.557702e+02 1.076892e+03 1.094289e+03 9.383728e+02
1.063333e+03 1.076873e+03 1.094572e+03 1.045634e+03
1.064414e+03 1.076852e+03 1.094863e+03 1.046403e+03
9.628268e+02 1.076830e+03 1.094873e+03 9.447830e+02
1.028820e+03 1.076805e+03 1.088200e+03 1.017426e+03
1.015326e+03 1.076779e+03 1.073910e+03 1.018195e+03
1.043633e+03 1.076751e+03 1.061970e+03 1.058414e+03
9.807115e+02 1.076721e+03 1.056421e+03 1.001011e+03
9.784246e+02 1.076689e+03 1.055051e+03 1.000063e+03
1.011002e+03 1.076655e+03 1.056077e+03 1.031579e+03
1.030464e+03 1.076618e+03 1.060650e+03 1.046432e+03
1.047910e+03 1.076580e+03 1.067479e+03 1.057010e+03
1.181680e+03 1.076539e+03 1.072458e+03 1.185761e+03
1.173097e+03 1.076496e+03 1.075039e+03 1.174553e+03
1.122786e+03 1.076450e+03 1.076042e+03 1.123194e+03
1.163927e+03 1.076402e+03 1.076222e+03 1.164107e+03
1.223291e+03 1.076352e+03 1.076090e+03 1.223552e+03
1.144083e+03 1.076299e+03 1.075948e+03 1.144434e+03
1.137732e+03 1.076243e+03 1.075905e+03 1.138070e+03
1.175755e+03 1.076185e+03 1.075974e+03 1.175966e+03
1.098809e+03 1.076125e+03 1.076131e+03 1.098803e+03
1.098171e+03 1.076062e+03 1.076336e+03 1.097896e+03
1.092091e+03 1.075996e+03 1.076564e+03 1.091522e+03
1.098500e+03 1.075927e+03 1.076799e+03 1.097627e+03
1.011322e+03 1.075856e+03 1.077035e+03 1.010143e+03
1.058128e+03 1.075782e+03 1.077264e+03 1.056645e+03
9.983052e+02 1.075705e+03 1.076415e+03 9.975948e+02
1.033012e+03 1.075625e+03 1.072266e+03 1.036370e+03
1.127370e+03 1.075542e+03 1.067655e+03 1.135257e+03
1.050928e+03 1.075457e+03 1.064953e+03 1.061432e+03
1.076146e+03 1.075368e+03 1.064159e+03 1.087355e+03
1.080563e+03 1.075277e+03 1.068724e+03 1.087116e+03
1.147167e+03 1.075183e+03 1.082899e+03 1.139451e+03
1.135575e+03 1.075085e+03 1.096891e+03 1.113769e+03
1.147115e+03 1.074985e+03 1.104984e+03 1.117115e+03
1.149198e+03 1.074882e+03 1.107901e+03 1.116179e+03
1.054837e+03 1.074776e+03 1.108129e+03 1.021483e+03
1.157670e+03 1.074667e+03 1.107217e+03 1.125119e+03
1.150628e+03 1.074555e+03 1.106089e+03 1.119094e+03
1.153994e+03 1.074440e+03 1.105172e+03 1.123262e+03
1.120605e+03 1.074321e+03 1.104640e+03 1.090287e+03
1.115731e+03 1.074200e+03 1.104396e+03 1.085535e+03
1.103301e+03 1.074075e+03 1.104351e+03 1.073025e+03
1.215920e+03 1.073948e+03 1.104404e+03 1.185464e+03
1.170917e+03 1.073817e+03 1.104499e+03 1.140235e+03
1.292225e+03 1.073683e+03 1.104609e+03 1.261298e+03
1.092971e+03 1.073545e+03 1.104722e+03 1.061795e+03
1.220837e+03 1.073405e+03 1.104149e+03 1.190093e+03
1.050974e+03 1.073262e+03 1.095741e+03 1.028494e+03
1.175249e+03 1.073115e+03 1.080698e+03 1.167667e+03
1.228627e+03 1.072965e+03 1.069828e+03 1.231765e+03
9.660609e+02 1.072813e+03 1.064791e+03 9.740829e+02
1.030894e+03 1.072657e+03 1.063709e+03 1.039841e+03
1.025384e+03 1.072498e+03 1.064451e+03 1.033431e+03
1.038380e+03 1.072336e+03 1.065734e+03 1.044982e+03
1.022824e+03 1.072172e+03 1.062757e+03 1.032239e+03
1.015224e+03 1.072004e+03 1.052652e+03 1.034576e+03
9.807035e+02 1.071833e+03 1.043679e+03 1.008858e+03
1.048510e+03 1.071660e+03 1.039040e+03 1.081130e+03
1.018346e+03 1.071484e+03 1.037639e+03 1.052191e+03
1.040195e+03 1.071305e+03 1.037958e+03 1.073541e+03
1.024101e+03 1.071123e+03 1.038947e+03 1.056278e+03
1.049615e+03 1.070939e+03 1.039958e+03 1.080597e+03
1.032458e+03 1.070752e+03 1.040735e+03 1.062476e+03
1.050800e+03 1.070563e+03 1.041232e+03 1.080131e+03
1.023553e+03 1.070371e+03 1.041487e+03 1.052438e+03
9.842469e+02 1.070177e+03 1.041600e+03 1.012825e+03
9.820954e+02 1.069981e+03 1.041630e+03 1.010447e+03
1.013428e+03 1.069782e+03 1.041619e+03 1.041591e+03
1.051861e+03 1.069581e+03 1.041588e+03 1.079854e+03
1.199140e+03 1.069378e+03 1.041544e+03 1.226975e+03
1.088692e+03 1.069173e+03 1.042440e+03 1.115425e+03
1.122039e+03 1.068966e+03 1.050026e+03 1.140980e+03
1.071656e+03 1.068758e+03 1.061175e+03 1.079238e+03
1.067943e+03 1.068547e+03 1.068981e+03 1.067509e+03
1.116752e+03 1.068335e+03 1.072192e+03 1.112896e+03
1.022810e+03 1.068122e+03 1.072740e+03 1.018191e+03
1.102398e+03 1.067906e+03 1.072839e+03 1.097466e+03
1.045850e+03 1.067690e+03 1.075832e+03 1.037708e+03
1.062405e+03 1.067472e+03 1.079832e+03 1.050045e+03
1.102957e+03 1.067254e+03 1.082096e+03 1.088114e+03
1.064451e+03 1.067034e+03 1.082782e+03 1.048704e+03
1.077368e+03 1.066813e+03 1.082571e+03 1.061610e+03
1.065834e+03 1.066592e+03 1.081998e+03 1.050428e+03
1.068537e+03 1.066370e+03 1.081342e+03 1.053565e+03
1.061100e+03 1.066147e+03 1.080782e+03 1.046466e+03
1.047532e+03 1.065924e+03 1.080346e+03 1.033111e+03
1.078311e+03 1.065701e+03 1.080028e+03 1.063985e+03
1.040251e+03 1.065478e+03 1.079781e+03 1.025948e+03
1.020085e+03 1.065255e+03 1.079570e+03 1.005770e+03
9.527277e+02 1.065031e+03 1.079374e+03 9.383847e+02
9.907429e+02 1.064809e+03 1.079182e+03 9.763697e+02
1.043592e+03 1.064586e+03 1.078987e+03 1.029191e+03
1.020232e+03 1.064365e+03 1.078726e+03 1.005871e+03
1.010023e+03 1.064144e+03 1.076389e+03 9.977779e+02
9.957432e+02 1.063923e+03 1.071212e+03 9.884545e+02
1.041578e+03 1.063704e+03 1.066619e+03 1.038664e+03
1.184063e+03 1.063487e+03 1.064239e+03 1.183310e+03
1.081519e+03 1.063270e+03 1.063360e+03 1.081430e+03
1.044030e+03 1.063055e+03 1.063257e+03 1.043828e+03
1.011788e+03 1.062842e+03 1.063081e+03 1.011549e+03
1.021477e+03 1.062631e+03 1.057176e+03 1.026932e+03
1.075145e+03 1.062422e+03 1.046048e+03 1.091519e+03
1.073811e+03 1.062215e+03 1.037326e+03 1.098701e+03
1.070458e+03 1.062011e+03 1.032995e+03 1.099474e+03
1.036228e+03 1.061809e+03 1.031752e+03 1.066285e+03
9.976052e+02 1.061610e+03 1.031976e+03 1.027239e+03
1.031203e+03 1.061414e+03 1.032696e+03 1.059920e+03
1.008875e+03 1.061221e+03 1.033389e+03 1.036707e+03
1.013305e+03 1.061032e+03 1.033842e+03 1.040494e+03
9.846786e+02 1.060846e+03 1.033996e+03 1.011528e+03
9.965560e+02 1.060663e+03 1.033948e+03 1.023272e+03
1.037787e+03 1.060485e+03 1.033768e+03 1.064505e+03
9.914243e+02 1.060311e+03 1.033523e+03 1.018213e+03
1.018020e+03 1.060142e+03 1.033247e+03 1.044914e+03
1.010860e+03 1.059976e+03 1.032955e+03 1.037881e+03
9.966398e+02 1.059816e+03 1.032659e+03 1.023796e+03
9.350731e+02 1.059661e+03 1.034168e+03 9.605652e+02
9.835063e+02 1.059510e+03 1.042901e+03 1.000116e+03
1.034295e+03 1.059365e+03 1.053718e+03 1.039942e+03
9.965690e+02 1.059226e+03 1.060081e+03 9.957136e+02
1.009984e+03 1.059299e+03 1.062626e+03 1.006657e+03
9.857971e+02 1.072472e+03 1.075871e+03 9.823980e+02
9.998676e+02 1.111692e+03 1.114138e+03 9.974214e+02
1.048933e+03 1.150155e+03 1.151356e+03 1.047733e+03
1.110027e+03 1.170384e+03 1.170503e+03 1.109908e+03
1.144085e+03 1.177181e+03 1.176476e+03 1.144790e+03
1.220162e+03 1.176631e+03 1.175361e+03 1.221432e+03
1.200267e+03 1.173200e+03 1.171524e+03 1.201943e+03
1.202631e+03 1.169244e+03 1.167246e+03 1.204629e+03
1.190435e+03 1.166165e+03 1.163885e+03 1.192715e+03
1.179367e+03 1.164113e+03 1.161562e+03 1.181918e+03
1.242611e+03 1.162987e+03 1.160165e+03 1.245433e+03
1.267302e+03 1.162412e+03 1.159314e+03 1.270401e+03
1.286458e+03 1.162135e+03 1.158753e+03 1.289840e+03
1.154758e+03 1.162011e+03 1.158337e+03 1.158431e+03
1.178767e+03 1.161952e+03 1.157979e+03 1.182740e+03
1.049572e+03 1.161927e+03 1.157645e+03 1.053853e+03
1.035231e+03 1.159740e+03 1.155140e+03 1.039831e+03
1.100784e+03 1.133635e+03 1.128710e+03 1.105709e+03
1.113637e+03 1.091266e+03 1.086006e+03 1.118898e+03
1.126628e+03 1.059808e+03 1.054203e+03 1.132233e+03
1.081892e+03 1.046082e+03 1.040125e+03 1.087849e+03
1.011761e+03 1.042995e+03 1.036677e+03 1.018079e+03
1.041357e+03 1.045131e+03 1.038762e+03 1.047726e+03
1.041980e+03 1.048948e+03 1.045150e+03 1.045778e+03
1.072430e+03 1.052655e+03 1.053142e+03 1.071943e+03
1.052829e+03 1.055297e+03 1.058583e+03 1.049543e+03
1.082891e+03 1.056943e+03 1.061234e+03 1.078599e+03
1.033268e+03 1.057882e+03 1.062058e+03 1.029092e+03
1.037762e+03 1.058380e+03 1.061895e+03 1.034247e+03
1.031761e+03 1.058676e+03 1.061343e+03 1.029094e+03
1.071098e+03 1.058882e+03 1.060733e+03 1.069247e+03
1.026491e+03 1.059061e+03 1.060196e+03 1.025356e+03
1.076511e+03 1.059237e+03 1.059755e+03 1.075993e+03
1.049734e+03 1.059419e+03 1.059395e+03 1.049758e+03
1.081359e+03 1.059611e+03 1.059081e+03 1.081890e+03
1.061621e+03 1.059816e+03 1.058796e+03 1.062641e+03
1.046019e+03 1.060033e+03 1.058525e+03 1.047527e+03
1.039422e+03 1.060263e+03 1.058262e+03 1.041423e+03
1.081634e+03 1.060505e+03 1.057996e+03 1.084143e+03
1.087881e+03 1.060760e+03 1.056586e+03 1.092056e+03
1.144043e+03 1.061028e+03 1.052269e+03 1.152802e+03
1.114455e+03 1.061309e+03 1.047799e+03 1.127965e+03
1.077229e+03 1.061602e+03 1.045105e+03 1.093727e+03
1.046011e+03 1.061909e+03 1.047439e+03 1.060481e+03
1.065869e+03 1.062229e+03 1.063023e+03 1.065075e+03
1.094932e+03 1.062562e+03 1.080732e+03 1.076762e+03
1.109362e+03 1.062909e+03 1.091500e+03 1.080770e+03
1.077421e+03 1.063268e+03 1.095724e+03 1.044966e+03
1.097320e+03 1.063641e+03 1.096039e+03 1.064921e+03
1.116108e+03 1.064027e+03 1.094633e+03 1.085502e+03
1.067065e+03 1.064427e+03 1.092825e+03 1.038667e+03
1.076350e+03 1.064840e+03 1.091252e+03 1.049937e+03
1.096991e+03 1.065266e+03 1.090108e+03 1.072149e+03
1.091850e+03 1.065706e+03 1.089395e+03 1.068161e+03
1.100886e+03 1.066159e+03 1.088949e+03 1.078096e+03
1.105195e+03 1.066626e+03 1.088667e+03 1.083154e+03
1.076726e+03 1.067106e+03 1.088462e+03 1.055370e+03
1.105009e+03 1.067599e+03 1.088296e+03 1.084313e+03
1.141724e+03 1.068106e+03 1.088145e+03 1.121685e+03
1.129611e+03 1.068626e+03 1.087645e+03 1.110593e+03
1.098620e+03 1.069160e+03 1.079171e+03 1.088609e+03
1.028436e+03 1.069707e+03 1.060877e+03 1.037266e+03
1.091957e+03 1.070267e+03 1.045263e+03 1.116961e+03
1.062299e+03 1.070840e+03 1.037660e+03 1.095478e+03
