2.054059e+03 2.105622e+03 2.094534e+03 2.065147e+03
2.056104e+03 2.105260e+03 2.094292e+03 2.067072e+03
2.091134e+03 2.104897e+03 2.094050e+03 2.101981e+03
1.919694e+03 2.104532e+03 2.096059e+03 1.928167e+03
2.002802e+03 2.104165e+03 2.105462e+03 2.001505e+03
2.119593e+03 2.103798e+03 2.116325e+03 2.107066e+03
1.994619e+03 2.103429e+03 2.122485e+03 1.975562e+03
2.107061e+03 2.103059e+03 2.124648e+03 2.085473e+03
2.234221e+03 2.102689e+03 2.124478e+03 2.212432e+03
2.012995e+03 2.102317e+03 2.123327e+03 1.991985e+03
2.133176e+03 2.101945e+03 2.121918e+03 2.113203e+03
2.280977e+03 2.101572e+03 2.120699e+03 2.261850e+03
2.089709e+03 2.101198e+03 2.119750e+03 2.071158e+03
2.079411e+03 2.100824e+03 2.119065e+03 2.061171e+03
2.147831e+03 2.100450e+03 2.118543e+03 2.129738e+03
2.303756e+03 2.100075e+03 2.118109e+03 2.285722e+03
2.237500e+03 2.099700e+03 2.117719e+03 2.219482e+03
2.054031e+03 2.099326e+03 2.117344e+03 2.036014e+03
2.171099e+03 2.098951e+03 2.116973e+03 2.153076e+03
2.058331e+03 2.098576e+03 2.116383e+03 2.040525e+03
2.223979e+03 2.098202e+03 2.110609e+03 2.211572e+03
2.184447e+03 2.097828e+03 2.098930e+03 2.183346e+03
2.041748e+03 2.097455e+03 2.089070e+03 2.050133e+03
2.010912e+03 2.097082e+03 2.084165e+03 2.023829e+03
2.219327e+03 2.096710e+03 2.082498e+03 2.233539e+03
2.150129e+03 2.096451e+03 2.082327e+03 2.164253e+03
1.970938e+03 2.097376e+03 2.081087e+03 1.987227e+03
2.119825e+03 2.099241e+03 2.078559e+03 2.140508e+03
1.962539e+03 2.100468e+03 2.076664e+03 1.986343e+03
2.070794e+03 2.100829e+03 2.075713e+03 2.095910e+03
2.041421e+03 2.100635e+03 2.075336e+03 2.066720e+03
2.088008e+03 2.100170e+03 2.075206e+03 2.112972e+03
1.975520e+03 2.099611e+03 2.075142e+03 1.999989e+03
2.312807e+03 2.099069e+03 2.075025e+03 2.336851e+03
2.219243e+03 2.098579e+03 2.074825e+03 2.242997e+03
2.254223e+03 2.098141e+03 2.074549e+03 2.277816e+03
2.071356e+03 2.097747e+03 2.074214e+03 2.094889e+03
2.013178e+03 2.097377e+03 2.073848e+03 2.036707e+03
2.038474e+03 2.097021e+03 2.073465e+03 2.062030e+03
2.081888e+03 2.096672e+03 2.073074e+03 2.105486e+03
2.070249e+03 2.096329e+03 2.072681e+03 2.093897e+03
2.080403e+03 2.095988e+03 2.072290e+03 2.104102e+03
1.983781e+03 2.095192e+03 2.072547e+03 2.006426e+03
2.024162e+03 2.092993e+03 2.074793e+03 2.042361e+03
2.070386e+03 2.090601e+03 2.077317e+03 2.083670e+03
2.120175e+03 2.089030e+03 2.078686e+03 2.130519e+03
2.068617e+03 2.088260e+03 2.078966e+03 2.077911e+03
2.099905e+03 2.087915e+03 2.082042e+03 2.105778e+03
2.124742e+03 2.087757e+03 2.091981e+03 2.120518e+03
2.062862e+03 2.087644e+03 2.101656e+03 2.048850e+03
1.978005e+03 2.087506e+03 2.106856e+03 1.958654e+03
2.032832e+03 2.087313e+03 2.108239e+03 2.011906e+03
1.994910e+03 2.087079e+03 2.107693e+03 1.974296e+03
2.007155e+03 2.086816e+03 2.106375e+03 1.987595e+03
2.031418e+03 2.086541e+03 2.104952e+03 2.013007e+03
2.125594e+03 2.086262e+03 2.103725e+03 2.108131e+03
2.032347e+03 2.085984e+03 2.102815e+03 2.015516e+03
2.132256e+03 2.085709e+03 2.102140e+03 2.115824e+03
2.149210e+03 2.085438e+03 2.101627e+03 2.133020e+03
2.123388e+03 2.085171e+03 2.101198e+03 2.107361e+03
2.131394e+03 2.084909e+03 2.100809e+03 2.115494e+03
2.156886e+03 2.084652e+03 2.100439e+03 2.141099e+03
2.168969e+03 2.084400e+03 2.100079e+03 2.153291e+03
2.135904e+03 2.084153e+03 2.099195e+03 2.120863e+03
2.174656e+03 2.083912e+03 2.092245e+03 2.166323e+03
2.052265e+03 2.083675e+03 2.080158e+03 2.055782e+03
2.067284e+03 2.083444e+03 2.071316e+03 2.079412e+03
2.079236e+03 2.083218e+03 2.067003e+03 2.095451e+03
2.031686e+03 2.082998e+03 2.065766e+03 2.048917e+03
2.099766e+03 2.082783e+03 2.065951e+03 2.116598e+03
2.175898e+03 2.082897e+03 2.067110e+03 2.191684e+03
2.166368e+03 2.094655e+03 2.084666e+03 2.176357e+03
2.109726e+03 2.125421e+03 2.128852e+03 2.106295e+03
2.199922e+03 2.151950e+03 2.166745e+03 2.185126e+03
2.209364e+03 2.165637e+03 2.186274e+03 2.188727e+03
2.239630e+03 2.169845e+03 2.192275e+03 2.217200e+03
2.419144e+03 2.169005e+03 2.191070e+03 2.397079e+03
2.241357e+03 2.166187e+03 2.187035e+03 2.220508e+03
2.181246e+03 2.163251e+03 2.182819e+03 2.161678e+03
2.185468e+03 2.160942e+03 2.179481e+03 2.166929e+03
2.205954e+03 2.159394e+03 2.177212e+03 2.188136e+03
2.256262e+03 2.158508e+03 2.175875e+03 2.238895e+03
2.298736e+03 2.158005e+03 2.175076e+03 2.281666e+03
2.181052e+03 2.157721e+03 2.174580e+03 2.164193e+03
2.202347e+03 2.157536e+03 2.174221e+03 2.185662e+03
2.085619e+03 2.157396e+03 2.173922e+03 2.069094e+03
2.010227e+03 2.157279e+03 2.173650e+03 1.993856e+03
2.220490e+03 2.154523e+03 2.169641e+03 2.205371e+03
2.206838e+03 2.133068e+03 2.139185e+03 2.200720e+03
2.056658e+03 2.101645e+03 2.094628e+03 2.063676e+03
2.020261e+03 2.079550e+03 2.063257e+03 2.036554e+03
1.958241e+03 2.070277e+03 2.050016e+03 1.978502e+03
2.034043e+03 2.068432e+03 2.047274e+03 2.055201e+03
2.083870e+03 2.070477e+03 2.049038e+03 2.105309e+03
2.094866e+03 2.074992e+03 2.050328e+03 2.119530e+03
2.041021e+03 2.079737e+03 2.050793e+03 2.069964e+03
2.111511e+03 2.082807e+03 2.051328e+03 2.142989e+03
2.039587e+03 2.084390e+03 2.051962e+03 2.072014e+03
2.061219e+03 2.084968e+03 2.052483e+03 2.093704e+03
2.016442e+03 2.085059e+03 2.052869e+03 2.048632e+03
2.034643e+03 2.084955e+03 2.053131e+03 2.066467e+03
1.970628e+03 2.084823e+03 2.053255e+03 2.002196e+03
2.013772e+03 2.084722e+03 2.053274e+03 2.045220e+03
2.019589e+03 2.084670e+03 2.053213e+03 2.051046e+03
2.039648e+03 2.084654e+03 2.053107e+03 2.071195e+03
2.021063e+03 2.084661e+03 2.052981e+03 2.052743e+03
2.050865e+03 2.084685e+03 2.052849e+03 2.082701e+03
2.100027e+03 2.084719e+03 2.052718e+03 2.132029e+03
2.086228e+03 2.084763e+03 2.052591e+03 2.118399e+03
2.096968e+03 2.084787e+03 2.052509e+03 2.129246e+03
2.021609e+03 2.083935e+03 2.053683e+03 2.051861e+03
2.013285e+03 2.081880e+03 2.056574e+03 2.038591e+03
2.000505e+03 2.080084e+03 2.059118e+03 2.021471e+03
1.943717e+03 2.079242e+03 2.060329e+03 1.962629e+03
2.006072e+03 2.079049e+03 2.060639e+03 2.024483e+03
2.076300e+03 2.079198e+03 2.060484e+03 2.095013e+03
2.133175e+03 2.080501e+03 2.061602e+03 2.152074e+03
2.059451e+03 2.097906e+03 2.085448e+03 2.071909e+03
2.039130e+03 2.129520e+03 2.129527e+03 2.039124e+03
2.143448e+03 2.154004e+03 2.163672e+03 2.133779e+03
2.104934e+03 2.165903e+03 2.180135e+03 2.090702e+03
2.071823e+03 2.168962e+03 2.184173e+03 2.056612e+03
2.136376e+03 2.167819e+03 2.182304e+03 2.121892e+03
2.205461e+03 2.165233e+03 2.178411e+03 2.192283e+03
2.071882e+03 2.162700e+03 2.174600e+03 2.059982e+03
2.088899e+03 2.160827e+03 2.171722e+03 2.078003e+03
2.095805e+03 2.159779e+03 2.170014e+03 2.085570e+03
2.243088e+03 2.159294e+03 2.169099e+03 2.233283e+03
2.208910e+03 2.159172e+03 2.168699e+03 2.199384e+03
2.214618e+03 2.159230e+03 2.168551e+03 2.205297e+03
2.247255e+03 2.159371e+03 2.168521e+03 2.238105e+03
2.129452e+03 2.159553e+03 2.168549e+03 2.120456e+03
2.117236e+03 2.159747e+03 2.168593e+03 2.108390e+03
2.049789e+03 2.154897e+03 2.161504e+03 2.043182e+03
2.123146e+03 2.129870e+03 2.125881e+03 2.127135e+03
2.071021e+03 2.099020e+03 2.082022e+03 2.088019e+03
2.118576e+03 2.080609e+03 2.055756e+03 2.143429e+03
2.080512e+03 2.073444e+03 2.045563e+03 2.108393e+03
2.075759e+03 2.072963e+03 2.055456e+03 2.093266e+03
2.092708e+03 2.075330e+03 2.090526e+03 2.077512e+03
2.119583e+03 2.078499e+03 2.126113e+03 2.071970e+03
2.108316e+03 2.081192e+03 2.146214e+03 2.043295e+03
2.127893e+03 2.083149e+03 2.154361e+03 2.056681e+03
2.050619e+03 2.084367e+03 2.155492e+03 1.979494e+03
2.178755e+03 2.085124e+03 2.153629e+03 2.110250e+03
2.101863e+03 2.085628e+03 2.150977e+03 2.036514e+03
2.206234e+03 2.086005e+03 2.148854e+03 2.143386e+03
2.066629e+03 2.086332e+03 2.147490e+03 2.005472e+03
2.068778e+03 2.086642e+03 2.146849e+03 2.008571e+03
2.009700e+03 2.086949e+03 2.146648e+03 1.950000e+03
2.114401e+03 2.087258e+03 2.146688e+03 2.054971e+03
2.253580e+03 2.087572e+03 2.146854e+03 2.194297e+03
2.237976e+03 2.087890e+03 2.147077e+03 2.178790e+03
2.197907e+03 2.088213e+03 2.147328e+03 2.138793e+03
2.223493e+03 2.088541e+03 2.145826e+03 2.166208e+03
2.190803e+03 2.088874e+03 2.124903e+03 2.154774e+03
2.241687e+03 2.089211e+03 2.090774e+03 2.240125e+03
2.214406e+03 2.089553e+03 2.065507e+03 2.238452e+03
1.980028e+03 2.089898e+03 2.054642e+03 2.015285e+03
2.032946e+03 2.090248e+03 2.052419e+03 2.070776e+03
2.057998e+03 2.090602e+03 2.054760e+03 2.093840e+03
1.995417e+03 2.090960e+03 2.061121e+03 2.025256e+03
1.902629e+03 2.091321e+03 2.069129e+03 1.924821e+03
2.095419e+03 2.091686e+03 2.074784e+03 2.112321e+03
2.152778e+03 2.092055e+03 2.077832e+03 2.167000e+03
2.133279e+03 2.092427e+03 2.079185e+03 2.146520e+03
2.090975e+03 2.092802e+03 2.079639e+03 2.104137e+03
2.086913e+03 2.093180e+03 2.079749e+03 2.100343e+03
2.168925e+03 2.093561e+03 2.079828e+03 2.182657e+03
1.982980e+03 2.093944e+03 2.079994e+03 1.996930e+03
2.112139e+03 2.094331e+03 2.080264e+03 2.126206e+03
2.116158e+03 2.094720e+03 2.080623e+03 2.130254e+03
2.042124e+03 2.095111e+03 2.081036e+03 2.056199e+03
2.118715e+03 2.095504e+03 2.081481e+03 2.132738e+03
2.113750e+03 2.095900e+03 2.081946e+03 2.127704e+03
2.103998e+03 2.096297e+03 2.082425e+03 2.117869e+03
2.022352e+03 2.096696e+03 2.082908e+03 2.036139e+03
2.033947e+03 2.097095e+03 2.082243e+03 2.048799e+03
1.986797e+03 2.097496e+03 2.078654e+03 2.005640e+03
2.101407e+03 2.097899e+03 2.074914e+03 2.124392e+03
2.172373e+03 2.098302e+03 2.072965e+03 2.197710e+03
2.036859e+03 2.098707e+03 2.074550e+03 2.061015e+03
2.081080e+03 2.099112e+03 2.083899e+03 2.096292e+03
2.074916e+03 2.099518e+03 2.094598e+03 2.079836e+03
2.056246e+03 2.099925e+03 2.101468e+03 2.054703e+03
2.083555e+03 2.100332e+03 2.104667e+03 2.079220e+03
2.078787e+03 2.100740e+03 2.105639e+03 2.073888e+03
2.141190e+03 2.101148e+03 2.105615e+03 2.136723e+03
2.172307e+03 2.101556e+03 2.105343e+03 2.168519e+03
2.100744e+03 2.101964e+03 2.105191e+03 2.097517e+03
2.049931e+03 2.102371e+03 2.105275e+03 2.047027e+03
2.106560e+03 2.102779e+03 2.105600e+03 2.103738e+03
2.113640e+03 2.103186e+03 2.106076e+03 2.110750e+03
2.063573e+03 2.103595e+03 2.106642e+03 2.060525e+03
2.117520e+03 2.104003e+03 2.107255e+03 2.114268e+03
2.131988e+03 2.104410e+03 2.107891e+03 2.128507e+03
2.136157e+03 2.104817e+03 2.108539e+03 2.132435e+03
2.203187e+03 2.105223e+03 2.108994e+03 2.199416e+03
2.089632e+03 2.105628e+03 2.105009e+03 2.090250e+03
2.090865e+03 2.106031e+03 2.095557e+03 2.101340e+03
2.155744e+03 2.106433e+03 2.087599e+03 2.174578e+03
2.064907e+03 2.106833e+03 2.084107e+03 2.087633e+03
