1.094799e+04 1.123124e+04 1.118027e+04 1.099896e+04
1.092992e+04 1.123106e+04 1.118014e+04 1.098084e+04
1.088917e+04 1.123088e+04 1.118003e+04 1.094001e+04
1.096280e+04 1.123069e+04 1.118559e+04 1.100790e+04
1.105146e+04 1.123050e+04 1.120970e+04 1.107227e+04
1.114326e+04 1.123031e+04 1.123749e+04 1.113608e+04
1.112679e+04 1.123011e+04 1.125352e+04 1.110339e+04
1.119663e+04 1.122990e+04 1.125960e+04 1.116693e+04
1.117127e+04 1.122966e+04 1.125992e+04 1.114101e+04
1.133143e+04 1.122941e+04 1.125786e+04 1.130299e+04
1.127927e+04 1.122916e+04 1.125518e+04 1.125325e+04
1.138880e+04 1.122890e+04 1.125299e+04 1.136472e+04
1.148499e+04 1.122864e+04 1.125148e+04 1.146215e+04
1.144355e+04 1.122838e+04 1.125065e+04 1.142128e+04
1.126288e+04 1.122812e+04 1.125022e+04 1.124078e+04
1.133186e+04 1.122785e+04 1.125001e+04 1.130970e+04
1.130835e+04 1.122759e+04 1.124993e+04 1.128601e+04
1.131160e+04 1.122732e+04 1.124989e+04 1.128903e+04
1.135559e+04 1.122706e+04 1.124988e+04 1.133277e+04
1.144431e+04 1.122679e+04 1.124933e+04 1.142176e+04
1.146231e+04 1.122652e+04 1.123581e+04 1.145302e+04
1.131076e+04 1.122625e+04 1.120750e+04 1.132951e+04
1.137651e+04 1.122597e+04 1.118376e+04 1.141873e+04
1.145453e+04 1.122570e+04 1.117244e+04 1.150778e+04
1.136043e+04 1.122542e+04 1.116925e+04 1.141660e+04
1.119427e+04 1.122514e+04 1.117102e+04 1.124840e+04
1.113094e+04 1.122487e+04 1.118281e+04 1.117300e+04
1.112243e+04 1.122459e+04 1.120147e+04 1.114555e+04
1.106362e+04 1.122431e+04 1.121485e+04 1.107307e+04
1.115352e+04 1.122402e+04 1.122130e+04 1.115624e+04
1.112456e+04 1.122374e+04 1.122324e+04 1.112506e+04
1.115184e+04 1.122346e+04 1.122286e+04 1.115243e+04
1.103110e+04 1.122317e+04 1.122164e+04 1.103263e+04
1.114917e+04 1.122288e+04 1.122045e+04 1.115160e+04
1.111891e+04 1.122260e+04 1.121959e+04 1.112192e+04
1.116085e+04 1.122231e+04 1.121909e+04 1.116407e+04
1.118209e+04 1.122202e+04 1.121888e+04 1.118523e+04
1.122809e+04 1.122173e+04 1.121882e+04 1.123100e+04
1.126093e+04 1.122144e+04 1.121886e+04 1.126351e+04
1.119080e+04 1.122115e+04 1.121895e+04 1.119301e+04
1.118242e+04 1.122086e+04 1.121905e+04 1.118423e+04
1.125048e+04 1.122057e+04 1.121916e+04 1.125189e+04
1.129534e+04 1.122028e+04 1.121598e+04 1.129964e+04
1.120038e+04 1.121999e+04 1.120270e+04 1.121767e+04
1.119756e+04 1.121970e+04 1.118802e+04 1.122924e+04
1.122715e+04 1.121940e+04 1.117922e+04 1.126733e+04
1.123501e+04 1.121911e+04 1.117625e+04 1.127787e+04
1.122595e+04 1.121882e+04 1.118482e+04 1.125995e+04
1.123134e+04 1.121853e+04 1.121256e+04 1.123731e+04
1.113008e+04 1.121824e+04 1.124007e+04 1.110825e+04
1.115785e+04 1.121795e+04 1.125606e+04 1.111973e+04
1.121375e+04 1.121765e+04 1.126186e+04 1.116954e+04
1.121513e+04 1.121736e+04 1.126234e+04 1.117015e+04
1.127588e+04 1.121707e+04 1.126054e+04 1.123242e+04
1.124573e+04 1.121678e+04 1.125829e+04 1.120422e+04
1.125971e+04 1.121649e+04 1.125645e+04 1.121976e+04
1.119698e+04 1.121621e+04 1.125537e+04 1.115782e+04
1.114246e+04 1.121592e+04 1.125486e+04 1.110351e+04
1.113761e+04 1.121563e+04 1.125476e+04 1.109848e+04
1.112986e+04 1.121534e+04 1.125487e+04 1.109034e+04
1.112096e+04 1.121506e+04 1.125508e+04 1.108095e+04
1.113881e+04 1.121477e+04 1.125534e+04 1.109824e+04
1.122077e+04 1.121448e+04 1.125562e+04 1.117964e+04
1.114678e+04 1.121420e+04 1.125460e+04 1.110639e+04
1.104690e+04 1.121392e+04 1.123837e+04 1.102245e+04
1.111649e+04 1.121363e+04 1.120928e+04 1.112084e+04
1.127086e+04 1.121335e+04 1.118832e+04 1.129589e+04
1.112497e+04 1.121307e+04 1.117871e+04 1.115933e+04
1.109969e+04 1.121279e+04 1.117681e+04 1.113567e+04
1.111918e+04 1.121251e+04 1.117847e+04 1.115323e+04
1.118338e+04 1.121245e+04 1.118173e+04 1.121410e+04
1.110894e+04 1.122033e+04 1.119606e+04 1.113321e+04
1.120737e+04 1.124116e+04 1.122809e+04 1.122043e+04
1.129597e+04 1.125910e+04 1.125531e+04 1.129976e+04
1.119075e+04 1.126828e+04 1.126965e+04 1.118939e+04
1.117986e+04 1.127100e+04 1.127456e+04 1.117630e+04
1.116072e+04 1.127028e+04 1.127445e+04 1.115655e+04
1.122939e+04 1.126821e+04 1.127237e+04 1.122523e+04
1.126700e+04 1.126606e+04 1.127015e+04 1.126291e+04
1.132521e+04 1.126433e+04 1.126853e+04 1.132100e+04
1.140229e+04 1.126311e+04 1.126764e+04 1.139776e+04
1.140367e+04 1.126235e+04 1.126740e+04 1.139862e+04
1.136932e+04 1.126185e+04 1.126752e+04 1.136364e+04
1.130548e+04 1.126149e+04 1.126786e+04 1.129910e+04
1.130578e+04 1.126119e+04 1.126830e+04 1.129867e+04
1.132184e+04 1.126093e+04 1.126878e+04 1.131399e+04
1.135020e+04 1.126068e+04 1.126929e+04 1.134160e+04
1.145094e+04 1.125863e+04 1.126725e+04 1.144232e+04
1.146705e+04 1.124384e+04 1.124720e+04 1.146368e+04
1.139618e+04 1.122225e+04 1.121754e+04 1.140089e+04
1.141672e+04 1.120701e+04 1.119688e+04 1.142685e+04
1.135610e+04 1.120051e+04 1.118857e+04 1.136804e+04
1.136216e+04 1.119908e+04 1.118744e+04 1.137380e+04
1.128416e+04 1.120005e+04 1.119223e+04 1.129198e+04
1.130176e+04 1.120175e+04 1.120813e+04 1.129539e+04
1.132263e+04 1.120333e+04 1.122677e+04 1.129919e+04
1.138979e+04 1.120436e+04 1.123843e+04 1.135572e+04
1.134420e+04 1.120490e+04 1.124380e+04 1.130530e+04
1.128225e+04 1.120508e+04 1.124532e+04 1.124201e+04
1.127857e+04 1.120506e+04 1.124514e+04 1.123848e+04
1.131847e+04 1.120494e+04 1.124443e+04 1.127897e+04
1.130542e+04 1.120477e+04 1.124391e+04 1.126629e+04
1.134521e+04 1.120460e+04 1.124373e+04 1.130608e+04
1.134782e+04 1.120442e+04 1.124393e+04 1.130831e+04
1.129815e+04 1.120424e+04 1.124436e+04 1.125803e+04
1.132015e+04 1.120407e+04 1.124493e+04 1.127928e+04
1.124005e+04 1.120390e+04 1.124557e+04 1.119838e+04
1.130724e+04 1.120374e+04 1.124625e+04 1.126473e+04
1.133965e+04 1.120358e+04 1.124694e+04 1.129629e+04
1.116907e+04 1.120343e+04 1.124746e+04 1.112504e+04
1.114947e+04 1.120328e+04 1.124163e+04 1.111112e+04
1.118628e+04 1.120314e+04 1.122711e+04 1.116230e+04
1.112982e+04 1.120300e+04 1.121441e+04 1.111841e+04
1.101452e+04 1.120287e+04 1.120852e+04 1.100887e+04
1.105710e+04 1.120274e+04 1.120726e+04 1.105258e+04
1.122591e+04 1.120262e+04 1.120840e+04 1.122013e+04
1.121688e+04 1.120321e+04 1.121145e+04 1.120864e+04
1.124863e+04 1.121475e+04 1.123011e+04 1.123328e+04
1.133924e+04 1.123602e+04 1.126215e+04 1.131311e+04
1.122913e+04 1.125247e+04 1.128698e+04 1.119462e+04
1.123941e+04 1.126037e+04 1.129942e+04 1.120036e+04
1.125167e+04 1.126227e+04 1.130317e+04 1.121076e+04
1.124037e+04 1.126131e+04 1.130279e+04 1.119889e+04
1.130673e+04 1.125937e+04 1.130097e+04 1.126513e+04
1.120882e+04 1.125748e+04 1.129919e+04 1.116711e+04
1.128988e+04 1.125604e+04 1.129803e+04 1.124789e+04
1.125627e+04 1.125517e+04 1.129767e+04 1.121377e+04
1.135442e+04 1.125468e+04 1.129784e+04 1.131126e+04
1.134188e+04 1.125444e+04 1.129836e+04 1.129796e+04
1.123566e+04 1.125433e+04 1.129905e+04 1.119094e+04
1.128700e+04 1.125428e+04 1.129982e+04 1.124146e+04
1.133559e+04 1.125426e+04 1.130062e+04 1.128922e+04
1.134027e+04 1.125425e+04 1.130144e+04 1.129308e+04
1.134271e+04 1.125081e+04 1.129738e+04 1.129614e+04
1.134272e+04 1.123362e+04 1.127388e+04 1.130246e+04
1.130158e+04 1.121246e+04 1.124476e+04 1.126929e+04
1.128212e+04 1.119979e+04 1.122763e+04 1.125429e+04
1.137818e+04 1.119496e+04 1.122109e+04 1.135205e+04
1.126958e+04 1.120531e+04 1.120596e+04 1.126893e+04
1.122523e+04 1.123875e+04 1.116368e+04 1.130030e+04
1.119137e+04 1.127212e+04 1.112304e+04 1.134045e+04
1.110517e+04 1.129037e+04 1.110288e+04 1.129266e+04
1.104150e+04 1.129721e+04 1.109743e+04 1.124127e+04
1.103206e+04 1.129758e+04 1.109971e+04 1.122994e+04
1.110678e+04 1.129530e+04 1.110485e+04 1.129723e+04
1.105688e+04 1.129242e+04 1.111035e+04 1.123895e+04
1.114680e+04 1.129017e+04 1.111473e+04 1.132224e+04
1.112284e+04 1.128872e+04 1.111788e+04 1.129368e+04
1.106067e+04 1.128800e+04 1.111995e+04 1.122871e+04
1.107141e+04 1.128773e+04 1.112140e+04 1.123774e+04
1.107487e+04 1.128771e+04 1.112251e+04 1.124007e+04
1.119875e+04 1.128781e+04 1.112345e+04 1.136311e+04
1.115296e+04 1.128797e+04 1.112432e+04 1.131660e+04
1.116017e+04 1.128816e+04 1.112516e+04 1.132317e+04
1.118144e+04 1.128659e+04 1.112850e+04 1.133953e+04
1.121361e+04 1.126562e+04 1.115929e+04 1.131993e+04
1.130606e+04 1.123145e+04 1.120876e+04 1.132874e+04
1.126268e+04 1.120613e+04 1.124572e+04 1.122309e+04
1.123201e+04 1.119522e+04 1.126232e+04 1.116490e+04
1.122886e+04 1.119294e+04 1.126673e+04 1.115507e+04
1.112979e+04 1.119490e+04 1.126476e+04 1.105993e+04
1.120454e+04 1.119823e+04 1.125773e+04 1.114505e+04
1.116561e+04 1.120148e+04 1.124877e+04 1.111832e+04
1.119113e+04 1.120386e+04 1.124281e+04 1.115218e+04
1.125182e+04 1.120544e+04 1.124013e+04 1.121712e+04
1.139164e+04 1.120644e+04 1.123960e+04 1.135849e+04
1.141325e+04 1.120709e+04 1.124022e+04 1.138012e+04
1.133962e+04 1.120758e+04 1.124130e+04 1.130590e+04
1.139936e+04 1.120799e+04 1.124243e+04 1.136492e+04
1.121999e+04 1.120839e+04 1.124348e+04 1.118490e+04
1.114519e+04 1.120879e+04 1.124442e+04 1.110956e+04
1.115062e+04 1.120919e+04 1.124526e+04 1.111455e+04
1.120925e+04 1.120960e+04 1.124605e+04 1.117281e+04
1.116721e+04 1.121002e+04 1.124680e+04 1.113043e+04
1.117444e+04 1.121046e+04 1.124753e+04 1.113736e+04
1.115271e+04 1.121091e+04 1.124825e+04 1.111537e+04
1.121330e+04 1.121137e+04 1.124897e+04 1.117570e+04
1.114873e+04 1.121184e+04 1.125104e+04 1.110953e+04
1.119569e+04 1.121232e+04 1.125658e+04 1.115142e+04
1.123040e+04 1.121281e+04 1.126231e+04 1.118090e+04
1.118312e+04 1.121331e+04 1.126590e+04 1.113053e+04
1.116152e+04 1.121383e+04 1.126355e+04 1.111179e+04
1.111841e+04 1.121436e+04 1.124561e+04 1.108716e+04
1.119204e+04 1.121490e+04 1.122516e+04 1.118178e+04
1.125388e+04 1.121545e+04 1.121286e+04 1.125646e+04
1.129428e+04 1.121601e+04 1.120826e+04 1.130203e+04
1.127195e+04 1.121658e+04 1.120824e+04 1.128028e+04
1.130271e+04 1.121717e+04 1.121025e+04 1.130963e+04
1.119030e+04 1.121776e+04 1.121273e+04 1.119533e+04
1.123890e+04 1.121837e+04 1.121493e+04 1.124234e+04
1.113763e+04 1.121898e+04 1.121662e+04 1.113999e+04
1.109621e+04 1.121961e+04 1.121780e+04 1.109802e+04
1.110258e+04 1.122025e+04 1.121868e+04 1.110415e+04
1.119831e+04 1.122090e+04 1.121936e+04 1.119985e+04
1.118289e+04 1.122156e+04 1.121996e+04 1.118449e+04
1.122055e+04 1.122223e+04 1.122051e+04 1.122227e+04
1.111930e+04 1.122291e+04 1.122103e+04 1.112117e+04
1.119256e+04 1.122360e+04 1.122194e+04 1.119422e+04
1.122899e+04 1.122430e+04 1.123218e+04 1.122111e+04
1.138842e+04 1.122501e+04 1.125395e+04 1.135948e+04
1.127237e+04 1.122573e+04 1.127256e+04 1.122554e+04
1.132433e+04 1.122646e+04 1.128174e+04 1.126905e+04
