0.9 1.243978e+04 1.231891e+04 1.231696e+04 1.243782e+04
1.9 1.223845e+04 1.245123e+04 1.230235e+04 1.208957e+04
2.9 1.242255e+04 1.249100e+04 1.229431e+04 1.222587e+04
3.9 1.284596e+04 1.241053e+04 1.230207e+04 1.273750e+04
4.9 1.227133e+04 1.224376e+04 1.231126e+04 1.233883e+04
5.9 1.244650e+04 1.232318e+04 1.231687e+04 1.244019e+04
6.9 1.231286e+04 1.232861e+04 1.231172e+04 1.229598e+04
7.9 1.202991e+04 1.222609e+04 1.229753e+04 1.210135e+04
8.9 1.228265e+04 1.220969e+04 1.229959e+04 1.237255e+04
9.9 1.236604e+04 1.235218e+04 1.230883e+04 1.232269e+04
10.9 1.218346e+04 1.233491e+04 1.231564e+04 1.216418e+04
11.9 1.236098e+04 1.238220e+04 1.231894e+04 1.229772e+04
12.9 1.219041e+04 1.215511e+04 1.232017e+04 1.235547e+04
13.9 1.224458e+04 1.229680e+04 1.232021e+04 1.226798e+04
14.9 1.230313e+04 1.222277e+04 1.231967e+04 1.240004e+04
15.9 1.223822e+04 1.228688e+04 1.231902e+04 1.227037e+04
16.9 1.228479e+04 1.234438e+04 1.231852e+04 1.225893e+04
17.9 1.229828e+04 1.230667e+04 1.231820e+04 1.230981e+04
0.4 1.244650e+04 1.232318e+04 1.231687e+04 1.244019e+04
1.4 1.231286e+04 1.232861e+04 1.231172e+04 1.229598e+04
2.4 1.202991e+04 1.222609e+04 1.229753e+04 1.210135e+04
3.4 1.228265e+04 1.220969e+04 1.229959e+04 1.237255e+04
4.4 1.236604e+04 1.235218e+04 1.230883e+04 1.232269e+04
5.4 1.218346e+04 1.233491e+04 1.231564e+04 1.216418e+04
6.4 1.236098e+04 1.238220e+04 1.231894e+04 1.229772e+04
7.4 1.219041e+04 1.215511e+04 1.232017e+04 1.235547e+04
8.4 1.224458e+04 1.229680e+04 1.232021e+04 1.226798e+04
9.4 1.230313e+04 1.222277e+04 1.231967e+04 1.240004e+04
10.4 1.223822e+04 1.228688e+04 1.231902e+04 1.227037e+04
11.4 1.228479e+04 1.234438e+04 1.231852e+04 1.225893e+04
12.4 1.229828e+04 1.230667e+04 1.231820e+04 1.230981e+04
13.4 1.216973e+04 1.231028e+04 1.231801e+04 1.217746e+04
14.4 1.223493e+04 1.225414e+04 1.231790e+04 1.229869e+04
15.4 1.234452e+04 1.232396e+04 1.231784e+04 1.233840e+04
16.4 1.238628e+04 1.241403e+04 1.231779e+04 1.229004e+04
17.4 1.226613e+04 1.232849e+04 1.231775e+04 1.225540e+04
0.4 1.238136e+04 1.234009e+04 1.231721e+04 1.235849e+04
1.4 1.251844e+04 1.234240e+04 1.230993e+04 1.248596e+04
2.4 1.218175e+04 1.219218e+04 1.229452e+04 1.228409e+04
3.4 1.219984e+04 1.227182e+04 1.229656e+04 1.222459e+04
4.4 1.239579e+04 1.236227e+04 1.230660e+04 1.234011e+04
5.4 1.220051e+04 1.230589e+04 1.231385e+04 1.220847e+04
6.4 1.219333e+04 1.229831e+04 1.231762e+04 1.221264e+04
7.4 1.231722e+04 1.231192e+04 1.231915e+04 1.232445e+04
8.4 1.222537e+04 1.213282e+04 1.231932e+04 1.241188e+04
9.4 1.233068e+04 1.240541e+04 1.231885e+04 1.224413e+04
10.4 1.232312e+04 1.222699e+04 1.231826e+04 1.241439e+04
11.4 1.210042e+04 1.221859e+04 1.231778e+04 1.219961e+04
12.4 1.238856e+04 1.226038e+04 1.231748e+04 1.244566e+04
13.4 1.228978e+04 1.227292e+04 1.231731e+04 1.233417e+04
14.4 1.228367e+04 1.233280e+04 1.231723e+04 1.226810e+04
15.4 1.217083e+04 1.237878e+04 1.231719e+04 1.210924e+04
16.4 1.226953e+04 1.239091e+04 1.231717e+04 1.219579e+04
17.4 1.261124e+04 1.246720e+04 1.231716e+04 1.246119e+04
1.0 1.241913e+04 1.229557e+04 1.231619e+04 1.243974e+04
2.0 1.243879e+04 1.233969e+04 1.230029e+04 1.239939e+04
3.0 1.243729e+04 1.236871e+04 1.229469e+04 1.236326e+04
4.0 1.246888e+04 1.238203e+04 1.230314e+04 1.238999e+04
5.0 1.240446e+04 1.240133e+04 1.231225e+04 1.231538e+04
6.0 1.231674e+04 1.233844e+04 1.231740e+04 1.229570e+04
7.0 1.252403e+04 1.227680e+04 1.231981e+04 1.256703e+04
8.0 1.238112e+04 1.228134e+04 1.232049e+04 1.242027e+04
9.0 1.218465e+04 1.221159e+04 1.232027e+04 1.229334e+04
10.0 1.230488e+04 1.216168e+04 1.231974e+04 1.246294e+04
11.0 1.240770e+04 1.231721e+04 1.231925e+04 1.240974e+04
12.0 1.224084e+04 1.227784e+04 1.231891e+04 1.228191e+04
13.0 1.220662e+04 1.223975e+04 1.231874e+04 1.228561e+04
14.0 1.219461e+04 1.230792e+04 1.231866e+04 1.220535e+04
15.0 1.244092e+04 1.232445e+04 1.231863e+04 1.243510e+04
