0.4 1.380792e+03 1.231407e+03 1.232484e+03 1.381869e+03
1.4 1.150143e+03 1.171753e+03 1.197687e+03 1.176077e+03
2.4 1.220077e+03 1.131938e+03 1.114662e+03 1.202801e+03
3.4 1.242620e+03 1.148989e+03 1.118482e+03 1.212113e+03
4.4 1.451228e+03 1.148035e+03 1.170554e+03 1.473747e+03
5.4 1.124570e+03 1.163189e+03 1.209881e+03 1.171263e+03
6.4 1.098375e+03 1.123254e+03 1.230772e+03 1.205893e+03
7.4 1.143373e+03 1.138776e+03 1.238764e+03 1.243361e+03
8.4 1.203298e+03 1.127638e+03 1.239603e+03 1.315263e+03
9.4 1.284578e+03 1.187638e+03 1.236831e+03 1.333771e+03
10.4 1.237724e+03 1.231950e+03 1.233265e+03 1.239039e+03
11.4 1.373894e+03 1.225039e+03 1.230231e+03 1.379086e+03
12.4 1.196682e+03 1.223586e+03 1.228206e+03 1.201301e+03
13.4 1.445672e+03 1.285092e+03 1.226932e+03 1.387512e+03
14.4 1.282544e+03 1.262762e+03 1.226117e+03 1.245899e+03
15.4 1.315093e+03 1.283786e+03 1.225555e+03 1.256862e+03
16.4 1.232054e+03 1.185376e+03 1.225107e+03 1.271786e+03
17.4 1.140941e+03 1.070578e+03 1.224715e+03 1.295078e+03
0.6 9.044674e+02 1.205201e+03 1.226244e+03 9.255102e+02
1.6 9.961556e+02 1.145482e+03 1.172162e+03 1.022835e+03
2.6 1.338021e+03 1.103831e+03 1.102728e+03 1.336918e+03
3.6 9.272993e+02 1.113468e+03 1.126450e+03 9.402817e+02
4.6 1.098804e+03 1.140694e+03 1.178114e+03 1.136224e+03
5.6 1.241568e+03 1.183827e+03 1.213407e+03 1.271148e+03
6.6 1.373615e+03 1.116794e+03 1.231432e+03 1.488253e+03
7.6 1.086273e+03 1.160231e+03 1.237962e+03 1.164004e+03
8.6 1.524543e+03 1.266177e+03 1.238166e+03 1.496532e+03
9.6 1.456558e+03 1.247839e+03 1.235512e+03 1.444232e+03
10.6 9.476738e+02 1.218487e+03 1.232441e+03 9.616279e+02
11.6 7.689871e+02 1.072955e+03 1.207374e+03 9.034060e+02
12.6 1.003993e+03 1.121500e+03 1.120047e+03 1.002541e+03
13.6 9.984740e+02 1.105157e+03 1.110498e+03 1.003815e+03
14.6 1.302576e+03 1.135970e+03 1.159998e+03 1.326605e+03
15.6 1.213347e+03 1.177362e+03 1.202638e+03 1.238623e+03
16.6 1.045516e+03 1.255977e+03 1.226387e+03 1.015926e+03
17.6 1.415678e+03 1.294625e+03 1.236226e+03 1.357278e+03
0.2 9.476738e+02 1.218487e+03 1.232441e+03 9.616279e+02
1.2 7.689871e+02 1.072955e+03 1.207374e+03 9.034060e+02
2.2 1.003993e+03 1.121500e+03 1.120047e+03 1.002541e+03
3.2 9.984740e+02 1.105157e+03 1.110498e+03 1.003815e+03
4.2 1.302576e+03 1.135970e+03 1.159998e+03 1.326605e+03
5.2 1.213347e+03 1.177362e+03 1.202638e+03 1.238623e+03
6.2 1.045516e+03 1.255977e+03 1.226387e+03 1.015926e+03
7.2 1.415678e+03 1.294625e+03 1.236226e+03 1.357278e+03
8.2 1.323208e+03 1.205792e+03 1.238259e+03 1.355675e+03
9.2 1.547115e+03 1.225496e+03 1.236213e+03 1.557832e+03
10.2 1.500563e+03 1.334424e+03 1.233011e+03 1.399150e+03
11.2 1.332736e+03 1.339626e+03 1.230188e+03 1.223298e+03
12.2 1.215933e+03 1.303194e+03 1.228357e+03 1.141096e+03
13.2 1.426744e+03 1.242430e+03 1.227288e+03 1.411602e+03
14.2 1.544705e+03 1.180316e+03 1.226736e+03 1.591126e+03
15.2 1.277985e+03 1.234363e+03 1.226437e+03 1.270059e+03
16.2 1.112799e+03 1.240445e+03 1.226253e+03 1.098607e+03
17.2 1.404774e+03 1.203120e+03 1.226120e+03 1.427774e+03
0.6 1.475341e+03 1.258883e+03 1.225890e+03 1.442348e+03
1.6 1.122321e+03 1.130920e+03 1.169552e+03 1.160954e+03
2.6 7.886899e+02 1.097250e+03 1.102026e+03 7.934665e+02
3.6 8.844719e+02 1.122316e+03 1.127503e+03 8.896584e+02
4.6 1.025268e+03 1.190092e+03 1.179033e+03 1.014209e+03
5.6 1.442403e+03 1.239937e+03 1.213828e+03 1.416295e+03
6.6 1.265635e+03 1.335748e+03 1.231512e+03 1.161399e+03
7.6 1.603792e+03 1.339539e+03 1.237855e+03 1.502108e+03
8.6 1.127112e+03 1.211722e+03 1.237971e+03 1.153361e+03
9.6 8.863497e+02 1.230356e+03 1.235308e+03 8.913019e+02
10.6 1.358410e+03 1.231349e+03 1.232274e+03 1.359335e+03
11.6 1.261253e+03 1.172019e+03 1.229915e+03 1.319149e+03
12.6 1.392683e+03 1.280559e+03 1.228514e+03 1.340638e+03
13.6 1.531390e+03 1.266982e+03 1.227761e+03 1.492168e+03
14.6 1.220212e+03 1.253825e+03 1.227409e+03 1.193796e+03
15.6 1.042733e+03 1.198067e+03 1.227235e+03 1.071901e+03
16.6 1.059823e+03 1.197769e+03 1.227130e+03 1.089184e+03
17.6 1.338973e+03 1.210416e+03 1.227044e+03 1.355602e+03
0.1 1.092330e+03 1.258933e+03 1.226853e+03 1.060250e+03
1.1 1.095446e+03 1.287068e+03 1.211929e+03 1.020307e+03
2.1 1.127210e+03 1.122127e+03 1.124824e+03 1.129908e+03
3.1 1.269398e+03 1.100726e+03 1.105054e+03 1.273726e+03
4.1 1.526972e+03 1.146836e+03 1.153531e+03 1.533666e+03
5.1 1.559809e+03 1.189703e+03 1.198084e+03 1.568191e+03
6.1 1.144483e+03 1.199790e+03 1.223082e+03 1.167775e+03
7.1 8.870598e+02 1.186722e+03 1.234259e+03 9.345970e+02
8.1 1.085547e+03 1.188290e+03 1.236762e+03 1.134020e+03
9.1 1.355502e+03 1.253950e+03 1.234809e+03 1.336361e+03
10.1 1.296059e+03 1.238568e+03 1.231460e+03 1.288951e+03
11.1 1.245731e+03 1.220826e+03 1.228431e+03 1.253336e+03
12.1 1.059039e+03 1.225347e+03 1.226258e+03 1.059951e+03
13.1 1.044963e+03 1.231085e+03 1.224935e+03 1.038813e+03
14.1 9.148502e+02 1.171713e+03 1.224109e+03 9.672462e+02
15.1 1.330308e+03 1.262710e+03 1.223558e+03 1.291156e+03
16.1 1.285495e+03 1.210630e+03 1.223118e+03 1.297983e+03
17.1 1.190848e+03 1.272270e+03 1.222716e+03 1.141294e+03
