0.1 9.200019e+03 9.187451e+03 9.153998e+03 9.166567e+03
1.1 9.285855e+03 9.155789e+03 9.164090e+03 9.294156e+03
2.1 9.207564e+03 9.199406e+03 9.227689e+03 9.235847e+03
3.1 9.308838e+03 9.239069e+03 9.245766e+03 9.315535e+03
4.1 9.220913e+03 9.138840e+03 9.210633e+03 9.292706e+03
5.1 9.088165e+03 9.165683e+03 9.175605e+03 9.098086e+03
6.1 9.170409e+03 9.155479e+03 9.156303e+03 9.171232e+03
7.1 9.132262e+03 9.157609e+03 9.147635e+03 9.122288e+03
8.1 9.148319e+03 9.126301e+03 9.145334e+03 9.167353e+03
9.1 9.124455e+03 9.124445e+03 9.146509e+03 9.146518e+03
10.1 9.188768e+03 9.135028e+03 9.148873e+03 9.202613e+03
11.1 9.087764e+03 9.158943e+03 9.150956e+03 9.079777e+03
12.1 9.110093e+03 9.142771e+03 9.152363e+03 9.119685e+03
13.1 9.042299e+03 9.126194e+03 9.153167e+03 9.069272e+03
14.1 9.129793e+03 9.135198e+03 9.153550e+03 9.148145e+03
15.1 9.048475e+03 9.130662e+03 9.153724e+03 9.071536e+03
16.1 9.193701e+03 9.135448e+03 9.153796e+03 9.212049e+03
17.1 9.153011e+03 9.106397e+03 9.153828e+03 9.200441e+03
0.6 9.084996e+03 9.174688e+03 9.154607e+03 9.064914e+03
1.6 9.050408e+03 9.202905e+03 9.196946e+03 9.044448e+03
2.6 9.070776e+03 9.130567e+03 9.247847e+03 9.188056e+03
3.6 9.169492e+03 9.141568e+03 9.228769e+03 9.256693e+03
4.6 9.153522e+03 9.202430e+03 9.190086e+03 9.141177e+03
5.6 9.237546e+03 9.196068e+03 9.163530e+03 9.205007e+03
6.6 9.202517e+03 9.154240e+03 9.150775e+03 9.199052e+03
7.6 9.262421e+03 9.272047e+03 9.146087e+03 9.136461e+03
8.6 9.247376e+03 9.311257e+03 9.146082e+03 9.082202e+03
9.6 9.198478e+03 9.226666e+03 9.148165e+03 9.119976e+03
10.6 9.131631e+03 9.111014e+03 9.150574e+03 9.171191e+03
11.6 9.195580e+03 9.157929e+03 9.152362e+03 9.190013e+03
12.6 9.208571e+03 9.171554e+03 9.153471e+03 9.190488e+03
13.6 9.126677e+03 9.159086e+03 9.154090e+03 9.121681e+03
14.6 9.152910e+03 9.163011e+03 9.154407e+03 9.144306e+03
15.6 9.174844e+03 9.133310e+03 9.154586e+03 9.196120e+03
16.6 9.175033e+03 9.145952e+03 9.154704e+03 9.183786e+03
17.6 9.173027e+03 9.142050e+03 9.154801e+03 9.185777e+03
