0.2 8.254405e+03 8.337376e+03 8.417862e+03 8.334891e+03
1.2 8.438683e+03 8.411128e+03 8.421263e+03 8.448817e+03
2.2 8.503571e+03 8.417982e+03 8.443600e+03 8.529189e+03
3.2 8.387782e+03 8.389958e+03 8.462612e+03 8.460437e+03
4.2 8.300407e+03 8.329870e+03 8.452662e+03 8.423200e+03
5.2 8.519835e+03 8.527316e+03 8.434209e+03 8.426728e+03
6.2 8.336642e+03 8.426424e+03 8.422064e+03 8.332281e+03
7.2 8.611600e+03 8.488967e+03 8.416053e+03 8.538686e+03
8.2 8.595562e+03 8.482313e+03 8.413903e+03 8.527153e+03
9.2 8.522431e+03 8.457478e+03 8.414003e+03 8.478956e+03
10.2 8.429745e+03 8.421242e+03 8.415059e+03 8.423562e+03
11.2 8.347135e+03 8.383982e+03 8.416184e+03 8.379337e+03
12.2 8.419444e+03 8.427965e+03 8.417032e+03 8.408511e+03
13.2 8.350790e+03 8.431591e+03 8.417564e+03 8.336763e+03
14.2 8.322852e+03 8.420891e+03 8.417846e+03 8.319807e+03
15.2 8.481197e+03 8.439054e+03 8.417996e+03 8.460139e+03
16.2 8.408167e+03 8.472979e+03 8.418077e+03 8.353266e+03
17.2 8.625483e+03 8.595400e+03 8.418131e+03 8.448214e+03
18.2 8.587273e+03 8.590426e+03 8.418176e+03 8.415023e+03
