1.0 9.944848e+03 9.994173e+03 9.991720e+03 9.942395e+03
2.0 1.001503e+04 1.001194e+04 1.002136e+04 1.002445e+04
3.0 9.971791e+03 1.001339e+04 1.003186e+04 9.990266e+03
4.0 9.939284e+03 9.994656e+03 1.001623e+04 9.960859e+03
5.0 1.013971e+04 9.998654e+03 9.999387e+03 1.014044e+04
6.0 1.005760e+04 9.995449e+03 9.989899e+03 1.005205e+04
7.0 1.011024e+04 1.005262e+04 9.985510e+03 1.004313e+04
8.0 1.018793e+04 1.003860e+04 9.984343e+03 1.013368e+04
9.0 1.010299e+04 1.013800e+04 9.984840e+03 9.949826e+03
10.0 1.023641e+04 1.005952e+04 9.985960e+03 1.016285e+04
11.0 1.007660e+04 9.992094e+03 9.986981e+03 1.007149e+04
12.0 9.922706e+03 9.985924e+03 9.987705e+03 9.924487e+03
13.0 9.842588e+03 9.933997e+03 9.988117e+03 9.896707e+03
14.0 9.978106e+03 9.915690e+03 9.988337e+03 1.005075e+04
15.0 1.005629e+04 9.951978e+03 9.988455e+03 1.009277e+04
16.0 9.847497e+03 1.000693e+04 9.988524e+03 9.829094e+03
17.0 9.938668e+03 9.988789e+03 9.988574e+03 9.938453e+03
18.0 9.956345e+03 1.000717e+04 9.988617e+03 9.937790e+03
0.2 1.007590e+04 9.988891e+03 9.988319e+03 1.007533e+04
1.2 1.001771e+04 1.000837e+04 9.995109e+03 1.000445e+04
2.2 1.008250e+04 1.001337e+04 1.002539e+04 1.009451e+04
3.2 1.007130e+04 1.001147e+04 1.003024e+04 1.009007e+04
4.2 9.977896e+03 9.988808e+03 1.001299e+04 1.000208e+04
5.2 9.894139e+03 9.971047e+03 9.997572e+03 9.920664e+03
6.2 9.906605e+03 9.965294e+03 9.988868e+03 9.930179e+03
7.2 9.956718e+03 9.975005e+03 9.985197e+03 9.966910e+03
8.2 1.003964e+04 9.990093e+03 9.984353e+03 1.003390e+04
9.2 9.936173e+03 1.002470e+04 9.985009e+03 9.896485e+03
10.2 1.001136e+04 1.005572e+04 9.986113e+03 9.941748e+03
11.2 1.011561e+04 9.932193e+03 9.987102e+03 1.017052e+04
12.2 1.007794e+04 9.996736e+03 9.987743e+03 1.006895e+04
13.2 1.000389e+04 9.996877e+03 9.988111e+03 9.995127e+03
14.2 9.923613e+03 9.972247e+03 9.988293e+03 9.939659e+03
15.2 9.997943e+03 9.965137e+03 9.988384e+03 1.002119e+04
16.2 9.952912e+03 9.974271e+03 9.988433e+03 9.967073e+03
17.2 9.855448e+03 9.971579e+03 9.988464e+03 9.872333e+03
0.8 9.994060e+03 1.001266e+04 9.983864e+03 9.965269e+03
1.8 1.003008e+04 1.002652e+04 1.000696e+04 1.001052e+04
2.8 1.006538e+04 1.001463e+04 1.002661e+04 1.007736e+04
