0.3 9.604992e+03 9.867341e+03 9.831692e+03 9.569343e+03
1.3 9.719057e+03 9.841062e+03 9.816045e+03 9.694040e+03
2.3 9.599854e+03 9.783307e+03 9.768741e+03 9.585289e+03
3.3 9.791590e+03 9.803377e+03 9.768014e+03 9.756227e+03
4.3 9.749324e+03 9.834892e+03 9.796587e+03 9.711020e+03
5.3 9.835193e+03 9.828175e+03 9.819828e+03 9.826846e+03
6.3 9.717926e+03 9.832111e+03 9.832580e+03 9.718395e+03
7.3 9.824633e+03 9.844565e+03 9.837822e+03 9.817890e+03
8.3 9.677089e+03 9.850240e+03 9.838866e+03 9.665715e+03
9.3 9.802923e+03 9.875301e+03 9.837766e+03 9.765387e+03
10.3 9.608104e+03 9.859690e+03 9.836109e+03 9.584522e+03
11.3 9.741795e+03 9.838861e+03 9.834701e+03 9.737635e+03
12.3 1.009414e+04 9.839032e+03 9.833846e+03 1.008895e+04
13.3 1.035450e+04 9.855343e+03 9.833404e+03 1.033257e+04
14.3 9.933945e+03 9.885076e+03 9.833235e+03 9.882104e+03
15.3 9.972959e+03 9.906053e+03 9.833195e+03 9.900101e+03
16.3 9.933550e+03 9.889915e+03 9.833210e+03 9.876844e+03
17.3 9.799674e+03 9.757956e+03 9.833246e+03 9.874964e+03
0.3 9.827605e+03 9.884687e+03 9.833420e+03 9.776338e+03
1.3 9.890349e+03 9.904293e+03 9.815399e+03 9.801455e+03
2.3 9.764734e+03 9.819571e+03 9.768734e+03 9.713897e+03
3.3 9.820639e+03 9.788258e+03 9.769885e+03 9.802265e+03
4.3 9.846698e+03 9.794731e+03 9.799158e+03 9.851126e+03
5.3 9.657295e+03 9.844481e+03 9.821689e+03 9.634502e+03
6.3 9.900722e+03 9.855745e+03 9.833835e+03 9.878811e+03
7.3 9.725208e+03 9.850121e+03 9.838660e+03 9.713747e+03
8.3 9.869166e+03 9.831872e+03 9.839413e+03 9.876708e+03
9.3 9.808152e+03 9.829368e+03 9.838090e+03 9.816875e+03
10.3 9.780650e+03 9.796927e+03 9.836281e+03 9.820005e+03
11.3 9.843758e+03 9.846562e+03 9.834746e+03 9.831941e+03
12.3 9.839378e+03 9.814627e+03 9.833763e+03 9.858514e+03
13.3 9.690065e+03 9.737691e+03 9.833194e+03 9.785568e+03
14.3 9.762929e+03 9.739231e+03 9.832872e+03 9.856569e+03
15.3 9.927733e+03 9.828919e+03 9.832683e+03 9.931497e+03
16.3 9.932044e+03 9.850278e+03 9.831137e+03 9.912903e+03
17.3 9.894098e+03 9.839416e+03 9.793682e+03 9.848364e+03
0.7 9.932044e+03 9.850278e+03 9.831137e+03 9.912903e+03
1.7 9.894098e+03 9.839416e+03 9.793682e+03 9.848364e+03
2.7 9.877747e+03 9.826474e+03 9.761701e+03 9.812975e+03
3.7 9.755320e+03 9.783533e+03 9.780236e+03 9.752023e+03
4.7 9.932975e+03 9.767722e+03 9.808325e+03 9.973577e+03
5.7 9.731063e+03 9.801150e+03 9.826547e+03 9.756460e+03
6.7 9.862713e+03 9.845862e+03 9.835014e+03 9.851864e+03
7.7 9.787546e+03 9.852770e+03 9.837858e+03 9.772634e+03
8.7 9.785025e+03 9.811865e+03 9.837480e+03 9.810640e+03
9.7 9.640471e+03 9.780349e+03 9.835761e+03 9.695883e+03
10.7 9.835185e+03 9.818097e+03 9.833916e+03 9.851004e+03
11.7 9.664823e+03 9.883823e+03 9.832566e+03 9.613566e+03
12.7 9.801131e+03 9.796875e+03 9.831712e+03 9.835969e+03
13.7 9.586753e+03 9.671525e+03 9.831206e+03 9.746434e+03
14.7 9.751297e+03 9.988725e+03 9.830909e+03 9.593481e+03
15.7 9.738271e+03 9.696954e+03 9.830705e+03 9.872022e+03
16.7 9.753190e+03 9.766240e+03 9.830545e+03 9.817495e+03
17.7 9.973325e+03 9.814943e+03 9.830404e+03 9.988786e+03
0.5 9.952982e+03 9.877990e+03 9.829317e+03 9.904309e+03
1.5 9.758078e+03 9.853733e+03 9.804098e+03 9.708443e+03
2.5 9.877442e+03 9.787620e+03 9.761404e+03 9.851226e+03
3.5 9.895317e+03 9.817902e+03 9.770384e+03 9.847800e+03
4.5 9.774152e+03 9.832422e+03 9.799395e+03 9.741125e+03
5.5 9.811826e+03 9.846943e+03 9.820615e+03 9.785498e+03
6.5 9.886891e+03 9.812093e+03 9.831102e+03 9.905900e+03
7.5 9.794666e+03 9.799892e+03 9.835193e+03 9.829967e+03
8.5 9.915087e+03 9.814525e+03 9.835532e+03 9.936093e+03
9.5 9.889236e+03 9.857505e+03 9.834098e+03 9.865829e+03
10.5 1.001338e+04 9.858474e+03 9.832293e+03 9.987196e+03
11.5 9.869487e+03 9.866281e+03 9.830907e+03 9.834113e+03
12.5 9.733865e+03 9.862786e+03 9.830030e+03 9.701109e+03
13.5 9.784310e+03 9.768608e+03 9.829536e+03 9.845238e+03
14.5 9.731435e+03 9.746084e+03 9.829284e+03 9.814635e+03
15.5 9.609141e+03 9.765529e+03 9.829144e+03 9.672755e+03
16.5 9.822240e+03 9.829701e+03 9.829053e+03 9.821593e+03
17.5 9.941493e+03 9.844213e+03 9.828979e+03 9.926259e+03
