1.147086e+04 1.133513e+04 1.140511e+04 1.140088e+04
1.126609e+04 1.133513e+04 1.134794e+04 1.125327e+04
1.138087e+04 1.133513e+04 1.137333e+04 1.134267e+04
1.146160e+04 1.133513e+04 1.136834e+04 1.142838e+04
1.134194e+04 1.133513e+04 1.137967e+04 1.129740e+04
1.137091e+04 1.133513e+04 1.140046e+04 1.130558e+04
1.134240e+04 1.133513e+04 1.132199e+04 1.135553e+04
1.136300e+04 1.133513e+04 1.130484e+04 1.139330e+04
1.139073e+04 1.133513e+04 1.128731e+04 1.143855e+04
1.126950e+04 1.133513e+04 1.122344e+04 1.138119e+04
1.129038e+04 1.133513e+04 1.128758e+04 1.133793e+04
1.126106e+04 1.133513e+04 1.130973e+04 1.128646e+04
1.122378e+04 1.133513e+04 1.129413e+04 1.126479e+04
1.118580e+04 1.133513e+04 1.127211e+04 1.124881e+04
1.130935e+04 1.133513e+04 1.125746e+04 1.138702e+04
1.129711e+04 1.133513e+04 1.130131e+04 1.133093e+04
1.121528e+04 1.133513e+04 1.132845e+04 1.122197e+04
1.135651e+04 1.133513e+04 1.132644e+04 1.136521e+04
1.127159e+04 1.133513e+04 1.131988e+04 1.128683e+04
1.157114e+04 1.133513e+04 1.136048e+04 1.154579e+04
1.133004e+04 1.133513e+04 1.134531e+04 1.131987e+04
1.137742e+04 1.133513e+04 1.135195e+04 1.136060e+04
1.116055e+04 1.133513e+04 1.127603e+04 1.121965e+04
1.118630e+04 1.133513e+04 1.125722e+04 1.126421e+04
1.144616e+04 1.133513e+04 1.132478e+04 1.145651e+04
1.135703e+04 1.133513e+04 1.134584e+04 1.134632e+04
1.137602e+04 1.133513e+04 1.132742e+04 1.138373e+04
1.132729e+04 1.133513e+04 1.132237e+04 1.134004e+04
1.127836e+04 1.133513e+04 1.133454e+04 1.127895e+04
1.137899e+04 1.133513e+04 1.133114e+04 1.138298e+04
1.140898e+04 1.133513e+04 1.134638e+04 1.139773e+04
1.123685e+04 1.133513e+04 1.134348e+04 1.122850e+04
1.119399e+04 1.133513e+04 1.133769e+04 1.119143e+04
1.146745e+04 1.133513e+04 1.130139e+04 1.150119e+04
1.121084e+04 1.134324e+04 1.129950e+04 1.125458e+04
1.165311e+04 1.167025e+04 1.166073e+04 1.166263e+04
1.161397e+04 1.142413e+04 1.143588e+04 1.160222e+04
1.141559e+04 1.149241e+04 1.152095e+04 1.138705e+04
1.118011e+04 1.130197e+04 1.129526e+04 1.118681e+04
1.129026e+04 1.129640e+04 1.129012e+04 1.129653e+04
1.126403e+04 1.121175e+04 1.121442e+04 1.126136e+04
1.108570e+04 1.118413e+04 1.118656e+04 1.108327e+04
1.129861e+04 1.125315e+04 1.127054e+04 1.128121e+04
1.124354e+04 1.131148e+04 1.133100e+04 1.122403e+04
1.129835e+04 1.133212e+04 1.135585e+04 1.127463e+04
1.135193e+04 1.130982e+04 1.135446e+04 1.130729e+04
1.140670e+04 1.132515e+04 1.134026e+04 1.139159e+04
1.136250e+04 1.130845e+04 1.139532e+04 1.127562e+04
1.151680e+04 1.132914e+04 1.135316e+04 1.149277e+04
1.147244e+04 1.132550e+04 1.144625e+04 1.135168e+04
1.135358e+04 1.133121e+04 1.140561e+04 1.127918e+04
1.131841e+04 1.133605e+04 1.133188e+04 1.132258e+04
1.134935e+04 1.133538e+04 1.133439e+04 1.135034e+04
1.104868e+04 1.133531e+04 1.120955e+04 1.117444e+04
1.104555e+04 1.133518e+04 1.117411e+04 1.120661e+04
1.122731e+04 1.133514e+04 1.124499e+04 1.131747e+04
1.131741e+04 1.133513e+04 1.139265e+04 1.125989e+04
1.147736e+04 1.133513e+04 1.135218e+04 1.146032e+04
1.154375e+04 1.133513e+04 1.142208e+04 1.145680e+04
1.146107e+04 1.133513e+04 1.143320e+04 1.136300e+04
1.152244e+04 1.133513e+04 1.149221e+04 1.136536e+04
1.140067e+04 1.133513e+04 1.124544e+04 1.149036e+04
1.128266e+04 1.133513e+04 1.130722e+04 1.131056e+04
1.130944e+04 1.133513e+04 1.135799e+04 1.128658e+04
1.126840e+04 1.133345e+04 1.122376e+04 1.137808e+04
1.126636e+04 1.136562e+04 1.137814e+04 1.125384e+04
1.135756e+04 1.132281e+04 1.132338e+04 1.135700e+04
1.126167e+04 1.136692e+04 1.137723e+04 1.125135e+04
1.124688e+04 1.133975e+04 1.134319e+04 1.124345e+04
1.144258e+04 1.130781e+04 1.130183e+04 1.144856e+04
1.149951e+04 1.143954e+04 1.145665e+04 1.148240e+04
1.146394e+04 1.138135e+04 1.139650e+04 1.144878e+04
1.131382e+04 1.140135e+04 1.141609e+04 1.129909e+04
1.133313e+04 1.137602e+04 1.139644e+04 1.131270e+04
1.138121e+04 1.133535e+04 1.139980e+04 1.131675e+04
1.143661e+04 1.133848e+04 1.142851e+04 1.134658e+04
1.154046e+04 1.133114e+04 1.136951e+04 1.150210e+04
1.119759e+04 1.123030e+04 1.124814e+04 1.117975e+04
1.137079e+04 1.125513e+04 1.125741e+04 1.136852e+04
1.129016e+04 1.132870e+04 1.132499e+04 1.129388e+04
1.130625e+04 1.130980e+04 1.128581e+04 1.133023e+04
1.142190e+04 1.132763e+04 1.129742e+04 1.145211e+04
1.127340e+04 1.129646e+04 1.128070e+04 1.128916e+04
1.132361e+04 1.126856e+04 1.126817e+04 1.132400e+04
1.118107e+04 1.124305e+04 1.123737e+04 1.118675e+04
1.123785e+04 1.125476e+04 1.123335e+04 1.125926e+04
1.121585e+04 1.131893e+04 1.129768e+04 1.123711e+04
1.124567e+04 1.133698e+04 1.132496e+04 1.125768e+04
1.141014e+04 1.134837e+04 1.132585e+04 1.143266e+04
1.127995e+04 1.130960e+04 1.132735e+04 1.126220e+04
1.140234e+04 1.131469e+04 1.133936e+04 1.137768e+04
1.140897e+04 1.132128e+04 1.136765e+04 1.136260e+04
1.155402e+04 1.133501e+04 1.135674e+04 1.153230e+04
1.126549e+04 1.133410e+04 1.132289e+04 1.127670e+04
1.140350e+04 1.133655e+04 1.131799e+04 1.142206e+04
1.105224e+04 1.133537e+04 1.130385e+04 1.108376e+04
1.129159e+04 1.133539e+04 1.127262e+04 1.135437e+04
1.131943e+04 1.133518e+04 1.126656e+04 1.138805e+04
1.123830e+04 1.133514e+04 1.128086e+04 1.129258e+04
1.120156e+04 1.133513e+04 1.132231e+04 1.121438e+04
1.130904e+04 1.133513e+04 1.131231e+04 1.133186e+04
1.129064e+04 1.133513e+04 1.130148e+04 1.132430e+04
1.130450e+04 1.133513e+04 1.132273e+04 1.131690e+04
1.151939e+04 1.133513e+04 1.131950e+04 1.153503e+04
1.133059e+04 1.133513e+04 1.135227e+04 1.131345e+04
1.125684e+04 1.133513e+04 1.133528e+04 1.125668e+04
1.140718e+04 1.133513e+04 1.131884e+04 1.142347e+04
1.133593e+04 1.133513e+04 1.128802e+04 1.138305e+04
1.119351e+04 1.133513e+04 1.129953e+04 1.122911e+04
1.139885e+04 1.133513e+04 1.130478e+04 1.142920e+04
1.122583e+04 1.133513e+04 1.121520e+04 1.134576e+04
1.108220e+04 1.133513e+04 1.117813e+04 1.123919e+04
1.134970e+04 1.133513e+04 1.130864e+04 1.137619e+04
1.132181e+04 1.133513e+04 1.137148e+04 1.128546e+04
1.140233e+04 1.133513e+04 1.134152e+04 1.139594e+04
1.139467e+04 1.133513e+04 1.135915e+04 1.137066e+04
1.129890e+04 1.133513e+04 1.136869e+04 1.126534e+04
1.121413e+04 1.133513e+04 1.131715e+04 1.123211e+04
1.149258e+04 1.133513e+04 1.132853e+04 1.149917e+04
1.135348e+04 1.133513e+04 1.137219e+04 1.131641e+04
1.126393e+04 1.133513e+04 1.139149e+04 1.120756e+04
1.139098e+04 1.133513e+04 1.137151e+04 1.135460e+04
1.140433e+04 1.133513e+04 1.133846e+04 1.140100e+04
1.138020e+04 1.133513e+04 1.131529e+04 1.140004e+04
1.126933e+04 1.133513e+04 1.133627e+04 1.126819e+04
1.125792e+04 1.134949e+04 1.135534e+04 1.125207e+04
1.131920e+04 1.135743e+04 1.136508e+04 1.131155e+04
1.134569e+04 1.132626e+04 1.133351e+04 1.133844e+04
1.139021e+04 1.135316e+04 1.139618e+04 1.134720e+04
1.138495e+04 1.139657e+04 1.143187e+04 1.134965e+04
1.128713e+04 1.134077e+04 1.138325e+04 1.124466e+04
1.150077e+04 1.132541e+04 1.137787e+04 1.144831e+04
1.143410e+04 1.132249e+04 1.136264e+04 1.139396e+04
1.126856e+04 1.133194e+04 1.134161e+04 1.125889e+04
1.134852e+04 1.131814e+04 1.144261e+04 1.122405e+04
1.135952e+04 1.133008e+04 1.146198e+04 1.122762e+04
1.140965e+04 1.133332e+04 1.140256e+04 1.134041e+04
1.163346e+04 1.133509e+04 1.131041e+04 1.165815e+04
1.138682e+04 1.133508e+04 1.134296e+04 1.137895e+04
1.133782e+04 1.133510e+04 1.135224e+04 1.132067e+04
1.137199e+04 1.133512e+04 1.132200e+04 1.138512e+04
1.126655e+04 1.133515e+04 1.132429e+04 1.127741e+04
1.132108e+04 1.133611e+04 1.129792e+04 1.135928e+04
1.119514e+04 1.127723e+04 1.126398e+04 1.120840e+04
1.105076e+04 1.120686e+04 1.120289e+04 1.105473e+04
1.129607e+04 1.131991e+04 1.133009e+04 1.128588e+04
1.140917e+04 1.129940e+04 1.131975e+04 1.138882e+04
1.132710e+04 1.133210e+04 1.135691e+04 1.130230e+04
1.144009e+04 1.133485e+04 1.134804e+04 1.142691e+04
1.131145e+04 1.133437e+04 1.133521e+04 1.131061e+04
1.136226e+04 1.132178e+04 1.133343e+04 1.135060e+04
1.111895e+04 1.133482e+04 1.132336e+04 1.113042e+04
1.135808e+04 1.133302e+04 1.133378e+04 1.135733e+04
1.136272e+04 1.133227e+04 1.136266e+04 1.133234e+04
1.132462e+04 1.133395e+04 1.136612e+04 1.129245e+04
1.127689e+04 1.133550e+04 1.126397e+04 1.134843e+04
1.146155e+04 1.133500e+04 1.133961e+04 1.145694e+04
1.127353e+04 1.133511e+04 1.133184e+04 1.127680e+04
1.140075e+04 1.133516e+04 1.127797e+04 1.145794e+04
1.118465e+04 1.133515e+04 1.126406e+04 1.125574e+04
1.127965e+04 1.133513e+04 1.128057e+04 1.133422e+04
1.136717e+04 1.133513e+04 1.132035e+04 1.138195e+04
1.140961e+04 1.133513e+04 1.132052e+04 1.142422e+04
1.134556e+04 1.133513e+04 1.134200e+04 1.133869e+04
1.134793e+04 1.133513e+04 1.134648e+04 1.133658e+04
1.117669e+04 1.133513e+04 1.126593e+04 1.124589e+04
1.135327e+04 1.133513e+04 1.134774e+04 1.134066e+04
1.115397e+04 1.133513e+04 1.130396e+04 1.118514e+04
1.123736e+04 1.133513e+04 1.137117e+04 1.120133e+04
1.144871e+04 1.133513e+04 1.135353e+04 1.143031e+04
1.123651e+04 1.133513e+04 1.137482e+04 1.119683e+04
1.150587e+04 1.133513e+04 1.137298e+04 1.146802e+04
1.129218e+04 1.133513e+04 1.134404e+04 1.128327e+04
1.147191e+04 1.133513e+04 1.133498e+04 1.147207e+04
1.131851e+04 1.133513e+04 1.132938e+04 1.132425e+04
1.136006e+04 1.133513e+04 1.130977e+04 1.138542e+04
1.146766e+04 1.133513e+04 1.134469e+04 1.145810e+04
1.135670e+04 1.133513e+04 1.135561e+04 1.133622e+04
1.141256e+04 1.133513e+04 1.136155e+04 1.138614e+04
1.138193e+04 1.133513e+04 1.134041e+04 1.137665e+04
1.126193e+04 1.133513e+04 1.132892e+04 1.126814e+04
1.119396e+04 1.133513e+04 1.132310e+04 1.120598e+04
1.127466e+04 1.133513e+04 1.129595e+04 1.131384e+04
1.135375e+04 1.133513e+04 1.133822e+04 1.135065e+04
1.143067e+04 1.133513e+04 1.138714e+04 1.137866e+04
1.131961e+04 1.133513e+04 1.136859e+04 1.128615e+04
1.145541e+04 1.133513e+04 1.135091e+04 1.143963e+04
1.141868e+04 1.133661e+04 1.135293e+04 1.140236e+04
1.134730e+04 1.138578e+04 1.140871e+04 1.132437e+04
1.137342e+04 1.127095e+04 1.127328e+04 1.137109e+04
1.121971e+04 1.123934e+04 1.122963e+04 1.122941e+04
1.134056e+04 1.130332e+04 1.128958e+04 1.135430e+04
1.143620e+04 1.133824e+04 1.133519e+04 1.143925e+04
1.137545e+04 1.133524e+04 1.133009e+04 1.138060e+04
1.126968e+04 1.134377e+04 1.134491e+04 1.126853e+04
1.155064e+04 1.138626e+04 1.139734e+04 1.153955e+04
1.140458e+04 1.137119e+04 1.137949e+04 1.139627e+04
1.140099e+04 1.131098e+04 1.129152e+04 1.142045e+04
1.118668e+04 1.133772e+04 1.134660e+04 1.117780e+04
1.132512e+04 1.133545e+04 1.133520e+04 1.132537e+04
1.104681e+04 1.132613e+04 1.136095e+04 1.101199e+04
1.144912e+04 1.134114e+04 1.134432e+04 1.144594e+04
1.143143e+04 1.133671e+04 1.128653e+04 1.148161e+04
1.124822e+04 1.133582e+04 1.126599e+04 1.131805e+04
1.126624e+04 1.133551e+04 1.128181e+04 1.131994e+04
1.131938e+04 1.133449e+04 1.135201e+04 1.130186e+04
1.115615e+04 1.133511e+04 1.133972e+04 1.115153e+04
1.107756e+04 1.133527e+04 1.135429e+04 1.105853e+04
1.142605e+04 1.133512e+04 1.134805e+04 1.141312e+04
1.121697e+04 1.133514e+04 1.132194e+04 1.123017e+04
1.132896e+04 1.133511e+04 1.131693e+04 1.134714e+04
1.141588e+04 1.133045e+04 1.130736e+04 1.143897e+04
1.147758e+04 1.141041e+04 1.141438e+04 1.147361e+04
1.135007e+04 1.133178e+04 1.133982e+04 1.134203e+04
1.135671e+04 1.138074e+04 1.140889e+04 1.132856e+04
1.129706e+04 1.132873e+04 1.135621e+04 1.126958e+04
1.145905e+04 1.133499e+04 1.135224e+04 1.144181e+04
