0.8 9.679761e+03 9.688563e+03 9.661606e+03 9.652804e+03
1.8 9.749536e+03 9.697571e+03 9.700831e+03 9.752796e+03
2.8 9.694775e+03 9.724515e+03 9.757901e+03 9.728161e+03
3.8 9.635743e+03 9.696799e+03 9.746254e+03 9.685197e+03
4.8 9.655704e+03 9.667812e+03 9.703798e+03 9.691690e+03
5.8 9.677338e+03 9.677273e+03 9.673382e+03 9.673447e+03
6.8 9.668660e+03 9.678468e+03 9.677353e+03 9.667544e+03
7.8 9.699940e+03 9.703047e+03 9.725182e+03 9.722075e+03
8.8 9.618591e+03 9.687586e+03 9.726946e+03 9.657951e+03
9.8 9.597531e+03 9.646975e+03 9.695149e+03 9.645705e+03
10.8 9.617565e+03 9.619559e+03 9.670031e+03 9.668037e+03
11.8 9.653224e+03 9.643664e+03 9.656778e+03 9.666337e+03
12.8 9.700362e+03 9.695406e+03 9.651723e+03 9.656680e+03
13.8 9.694038e+03 9.685036e+03 9.651112e+03 9.660115e+03
14.8 9.654111e+03 9.648404e+03 9.652758e+03 9.658466e+03
15.8 9.643199e+03 9.666800e+03 9.654891e+03 9.631290e+03
16.8 9.699199e+03 9.703931e+03 9.656662e+03 9.651930e+03
17.8 9.617459e+03 9.678972e+03 9.657736e+03 9.596223e+03
0.5 9.677338e+03 9.677273e+03 9.673382e+03 9.673447e+03
1.5 9.668660e+03 9.678468e+03 9.677353e+03 9.667544e+03
2.5 9.699940e+03 9.703047e+03 9.725182e+03 9.722075e+03
3.5 9.618591e+03 9.687586e+03 9.726946e+03 9.657951e+03
4.5 9.597531e+03 9.646975e+03 9.695149e+03 9.645705e+03
5.5 9.617565e+03 9.619559e+03 9.670031e+03 9.668037e+03
6.5 9.653224e+03 9.643664e+03 9.656778e+03 9.666337e+03
7.5 9.700362e+03 9.695406e+03 9.651723e+03 9.656680e+03
8.5 9.694038e+03 9.685036e+03 9.651112e+03 9.660115e+03
9.5 9.654111e+03 9.648404e+03 9.652758e+03 9.658466e+03
10.5 9.643199e+03 9.666800e+03 9.654891e+03 9.631290e+03
11.5 9.699199e+03 9.703931e+03 9.656662e+03 9.651930e+03
12.5 9.617459e+03 9.678972e+03 9.657736e+03 9.596223e+03
13.5 9.666459e+03 9.662648e+03 9.658291e+03 9.662102e+03
14.5 9.695924e+03 9.698735e+03 9.658530e+03 9.655720e+03
15.5 9.728164e+03 9.695946e+03 9.658602e+03 9.690820e+03
16.5 9.734660e+03 9.700763e+03 9.658603e+03 9.692501e+03
17.5 9.655011e+03 9.691763e+03 9.658576e+03 9.621823e+03
0.6 9.575457e+03 9.629533e+03 9.658198e+03 9.604122e+03
1.6 9.638661e+03 9.637557e+03 9.683264e+03 9.684368e+03
2.6 9.713090e+03 9.683306e+03 9.735206e+03 9.764991e+03
3.6 9.671888e+03 9.679149e+03 9.731733e+03 9.724473e+03
4.6 9.622729e+03 9.646686e+03 9.697227e+03 9.673270e+03
5.6 9.634849e+03 9.623158e+03 9.670950e+03 9.682640e+03
6.6 9.662091e+03 9.613376e+03 9.656794e+03 9.705508e+03
7.6 9.702437e+03 9.650839e+03 9.651190e+03 9.702788e+03
8.6 9.750912e+03 9.718522e+03 9.650324e+03 9.682714e+03
9.6 9.771674e+03 9.714792e+03 9.651839e+03 9.708720e+03
10.6 9.746495e+03 9.693067e+03 9.653878e+03 9.707307e+03
11.6 9.752866e+03 9.696574e+03 9.655575e+03 9.711867e+03
12.6 9.667369e+03 9.668890e+03 9.656616e+03 9.655095e+03
13.6 9.642300e+03 9.634196e+03 9.657163e+03 9.665267e+03
14.6 9.643182e+03 9.632233e+03 9.657411e+03 9.668360e+03
15.6 9.698259e+03 9.701370e+03 9.657508e+03 9.654397e+03
16.6 9.739248e+03 9.730153e+03 9.657547e+03 9.666642e+03
17.6 9.691035e+03 9.689158e+03 9.657566e+03 9.659442e+03
0.8 9.656235e+03 9.645939e+03 9.659181e+03 9.669477e+03
1.8 9.703582e+03 9.659755e+03 9.699493e+03 9.743320e+03
2.8 9.734606e+03 9.691345e+03 9.742282e+03 9.785543e+03
3.8 9.674144e+03 9.670791e+03 9.724448e+03 9.727801e+03
4.8 9.588200e+03 9.639285e+03 9.689827e+03 9.638742e+03
5.8 9.634202e+03 9.658297e+03 9.666456e+03 9.642362e+03
6.8 9.657173e+03 9.686360e+03 9.655630e+03 9.626443e+03
7.8 9.688987e+03 9.701302e+03 9.687852e+03 9.675537e+03
8.8 9.721191e+03 9.734577e+03 9.751170e+03 9.737784e+03
9.8 9.667758e+03 9.709117e+03 9.744598e+03 9.703238e+03
10.8 9.581681e+03 9.659039e+03 9.703750e+03 9.626392e+03
11.8 9.604640e+03 9.623750e+03 9.671732e+03 9.652623e+03
12.8 9.658121e+03 9.607875e+03 9.655618e+03 9.705864e+03
13.8 9.662062e+03 9.603179e+03 9.649205e+03 9.708088e+03
14.8 9.634540e+03 9.609490e+03 9.648682e+03 9.673732e+03
15.8 9.648148e+03 9.664273e+03 9.650861e+03 9.634736e+03
16.8 9.644329e+03 9.710451e+03 9.653684e+03 9.587562e+03
17.8 9.636343e+03 9.688379e+03 9.655897e+03 9.603861e+03
0.7 9.657173e+03 9.686360e+03 9.655630e+03 9.626443e+03
1.7 9.688987e+03 9.701302e+03 9.687852e+03 9.675537e+03
2.7 9.721191e+03 9.734577e+03 9.751170e+03 9.737784e+03
3.7 9.667758e+03 9.709117e+03 9.744598e+03 9.703238e+03
4.7 9.581681e+03 9.659039e+03 9.703750e+03 9.626392e+03
5.7 9.604640e+03 9.623750e+03 9.671732e+03 9.652623e+03
6.7 9.658121e+03 9.607875e+03 9.655618e+03 9.705864e+03
7.7 9.662062e+03 9.603179e+03 9.649205e+03 9.708088e+03
8.7 9.634540e+03 9.609490e+03 9.648682e+03 9.673732e+03
9.7 9.648148e+03 9.664273e+03 9.650861e+03 9.634736e+03
10.7 9.644329e+03 9.710451e+03 9.653684e+03 9.587562e+03
11.7 9.636343e+03 9.688379e+03 9.655897e+03 9.603861e+03
12.7 9.631477e+03 9.649412e+03 9.657351e+03 9.639416e+03
13.7 9.646687e+03 9.624523e+03 9.658144e+03 9.680309e+03
14.7 9.658485e+03 9.612376e+03 9.658568e+03 9.704677e+03
15.7 9.641832e+03 9.624534e+03 9.658806e+03 9.676105e+03
16.7 9.690195e+03 9.700823e+03 9.658956e+03 9.648329e+03
17.7 9.679358e+03 9.739199e+03 9.659079e+03 9.599238e+03
0.1 9.717554e+03 9.669511e+03 9.660034e+03 9.708077e+03
1.1 9.708292e+03 9.681794e+03 9.666836e+03 9.693334e+03
2.1 9.723744e+03 9.710403e+03 9.723519e+03 9.736859e+03
3.1 9.760362e+03 9.718231e+03 9.754414e+03 9.796545e+03
4.1 9.678294e+03 9.678231e+03 9.725606e+03 9.725670e+03
5.1 9.603026e+03 9.636924e+03 9.688075e+03 9.654177e+03
6.1 9.588840e+03 9.614714e+03 9.665663e+03 9.639789e+03
7.1 9.601497e+03 9.606029e+03 9.654907e+03 9.650375e+03
8.1 9.586289e+03 9.622599e+03 9.651647e+03 9.615338e+03
9.1 9.671467e+03 9.689394e+03 9.652316e+03 9.634389e+03
10.1 9.684765e+03 9.710769e+03 9.654575e+03 9.628571e+03
11.1 9.616134e+03 9.676279e+03 9.656749e+03 9.596603e+03
12.1 9.565314e+03 9.639864e+03 9.658303e+03 9.583753e+03
13.1 9.603659e+03 9.619434e+03 9.659149e+03 9.643374e+03
14.1 9.620040e+03 9.610287e+03 9.659540e+03 9.669293e+03
15.1 9.632153e+03 9.609013e+03 9.659677e+03 9.682817e+03
16.1 9.678082e+03 9.645022e+03 9.659682e+03 9.692742e+03
17.1 9.764602e+03 9.703195e+03 9.659629e+03 9.721036e+03
1.0 9.699536e+03 9.617272e+03 9.662396e+03 9.744659e+03
2.0 9.750299e+03 9.661899e+03 9.712849e+03 9.801250e+03
3.0 9.702188e+03 9.695526e+03 9.747019e+03 9.753681e+03
4.0 9.628087e+03 9.671441e+03 9.720828e+03 9.677475e+03
5.0 9.579583e+03 9.638442e+03 9.685204e+03 9.626345e+03
6.0 9.599913e+03 9.617703e+03 9.662317e+03 9.644527e+03
7.0 9.624873e+03 9.608307e+03 9.651615e+03 9.668181e+03
8.0 9.581818e+03 9.605653e+03 9.647926e+03 9.624090e+03
9.0 9.625355e+03 9.634191e+03 9.648208e+03 9.639373e+03
10.0 9.709900e+03 9.704345e+03 9.650072e+03 9.655627e+03
11.0 9.720945e+03 9.713619e+03 9.652017e+03 9.659343e+03
12.0 9.712555e+03 9.685820e+03 9.653299e+03 9.680034e+03
13.0 9.727025e+03 9.692878e+03 9.653948e+03 9.688095e+03
14.0 9.656119e+03 9.685802e+03 9.666593e+03 9.636910e+03
15.0 9.698750e+03 9.708051e+03 9.724463e+03 9.715162e+03
16.0 9.719054e+03 9.700411e+03 9.741178e+03 9.759820e+03
17.0 9.640047e+03 9.662220e+03 9.708236e+03 9.686063e+03
18.0 9.639459e+03 9.675180e+03 9.675234e+03 9.639512e+03
0.3 9.727025e+03 9.692878e+03 9.653948e+03 9.688095e+03
1.3 9.656119e+03 9.685802e+03 9.666593e+03 9.636910e+03
2.3 9.698750e+03 9.708051e+03 9.724463e+03 9.715162e+03
3.3 9.719054e+03 9.700411e+03 9.741178e+03 9.759820e+03
4.3 9.640047e+03 9.662220e+03 9.708236e+03 9.686063e+03
5.3 9.639459e+03 9.675180e+03 9.675234e+03 9.639512e+03
6.3 9.712887e+03 9.679495e+03 9.655745e+03 9.689137e+03
7.3 9.691451e+03 9.649447e+03 9.647128e+03 9.689132e+03
8.3 9.714689e+03 9.661137e+03 9.644650e+03 9.698202e+03
9.3 9.716748e+03 9.702141e+03 9.645515e+03 9.660122e+03
10.3 9.667254e+03 9.697644e+03 9.647473e+03 9.617082e+03
11.3 9.612940e+03 9.701150e+03 9.649285e+03 9.561075e+03
12.3 9.658339e+03 9.683446e+03 9.650399e+03 9.625292e+03
13.3 9.733086e+03 9.704359e+03 9.650939e+03 9.679666e+03
14.3 9.758182e+03 9.710596e+03 9.651075e+03 9.698661e+03
15.3 9.685552e+03 9.667917e+03 9.651009e+03 9.668644e+03
16.3 9.611210e+03 9.632950e+03 9.650853e+03 9.629113e+03
17.3 9.630040e+03 9.660253e+03 9.650659e+03 9.620445e+03
0.1 9.680599e+03 9.665882e+03 9.650457e+03 9.665173e+03
1.1 9.665416e+03 9.643755e+03 9.656381e+03 9.678041e+03
2.1 9.701871e+03 9.676696e+03 9.713443e+03 9.738618e+03
3.1 9.747570e+03 9.709142e+03 9.757899e+03 9.796327e+03
4.1 9.747369e+03 9.678565e+03 9.729708e+03 9.798512e+03
5.1 9.725754e+03 9.676167e+03 9.685530e+03 9.735116e+03
6.1 9.663926e+03 9.683230e+03 9.657765e+03 9.638462e+03
7.1 9.649113e+03 9.651696e+03 9.644206e+03 9.641624e+03
8.1 9.613688e+03 9.618966e+03 9.640782e+03 9.635504e+03
9.1 9.673589e+03 9.638537e+03 9.678474e+03 9.713526e+03
10.1 9.683261e+03 9.677600e+03 9.726461e+03 9.732122e+03
11.1 9.600274e+03 9.661208e+03 9.713041e+03 9.652107e+03
12.1 9.581876e+03 9.628370e+03 9.679975e+03 9.633481e+03
13.1 9.580183e+03 9.606468e+03 9.656472e+03 9.630187e+03
14.1 9.596783e+03 9.606339e+03 9.654746e+03 9.645190e+03
15.1 9.672299e+03 9.668319e+03 9.715614e+03 9.719594e+03
16.1 9.720503e+03 9.704058e+03 9.750437e+03 9.766882e+03
17.1 9.656285e+03 9.699625e+03 9.718901e+03 9.675562e+03
0.8 9.613688e+03 9.618966e+03 9.640782e+03 9.635504e+03
1.8 9.673589e+03 9.638537e+03 9.678474e+03 9.713526e+03
2.8 9.683261e+03 9.677600e+03 9.726461e+03 9.732122e+03
3.8 9.600274e+03 9.661208e+03 9.713041e+03 9.652107e+03
4.8 9.581876e+03 9.628370e+03 9.679975e+03 9.633481e+03
5.8 9.580183e+03 9.606468e+03 9.656472e+03 9.630187e+03
6.8 9.596783e+03 9.606339e+03 9.654746e+03 9.645190e+03
7.8 9.672299e+03 9.668319e+03 9.715614e+03 9.719594e+03
8.8 9.720503e+03 9.704058e+03 9.750437e+03 9.766882e+03
9.8 9.656285e+03 9.699625e+03 9.718901e+03 9.675562e+03
10.8 9.666401e+03 9.692930e+03 9.677188e+03 9.650659e+03
11.8 9.680537e+03 9.679983e+03 9.652400e+03 9.652954e+03
12.8 9.716315e+03 9.707995e+03 9.640690e+03 9.649010e+03
13.8 9.683523e+03 9.690528e+03 9.637320e+03 9.630315e+03
14.8 9.586723e+03 9.642464e+03 9.638306e+03 9.582565e+03
15.8 9.597193e+03 9.608224e+03 9.641039e+03 9.630007e+03
16.8 9.654815e+03 9.632139e+03 9.643630e+03 9.666306e+03
17.8 9.680416e+03 9.671729e+03 9.645492e+03 9.654179e+03
0.2 9.580183e+03 9.606468e+03 9.656472e+03 9.630187e+03
1.2 9.596783e+03 9.606339e+03 9.654746e+03 9.645190e+03
2.2 9.672299e+03 9.668319e+03 9.715614e+03 9.719594e+03
3.2 9.720503e+03 9.704058e+03 9.750437e+03 9.766882e+03
4.2 9.656285e+03 9.699625e+03 9.718901e+03 9.675562e+03
5.2 9.666401e+03 9.692930e+03 9.677188e+03 9.650659e+03
6.2 9.680537e+03 9.679983e+03 9.652400e+03 9.652954e+03
7.2 9.716315e+03 9.707995e+03 9.640690e+03 9.649010e+03
8.2 9.683523e+03 9.690528e+03 9.637320e+03 9.630315e+03
9.2 9.586723e+03 9.642464e+03 9.638306e+03 9.582565e+03
10.2 9.597193e+03 9.608224e+03 9.641039e+03 9.630007e+03
11.2 9.654815e+03 9.632139e+03 9.643630e+03 9.666306e+03
12.2 9.680416e+03 9.671729e+03 9.645492e+03 9.654179e+03
13.2 9.662696e+03 9.671592e+03 9.646534e+03 9.637638e+03
14.2 9.705345e+03 9.704180e+03 9.647051e+03 9.648216e+03
15.2 9.731252e+03 9.695983e+03 9.647286e+03 9.682555e+03
16.2 9.704069e+03 9.701402e+03 9.647379e+03 9.650045e+03
17.2 9.674113e+03 9.692960e+03 9.647418e+03 9.628571e+03
0.5 9.694670e+03 9.701351e+03 9.647566e+03 9.640885e+03
1.5 9.701556e+03 9.690417e+03 9.670658e+03 9.681796e+03
2.5 9.764243e+03 9.714032e+03 9.740176e+03 9.790387e+03
3.5 9.734996e+03 9.697545e+03 9.751982e+03 9.789433e+03
4.5 9.612234e+03 9.644613e+03 9.710155e+03 9.677776e+03
5.5 9.557544e+03 9.622870e+03 9.671401e+03 9.606075e+03
6.5 9.664923e+03 9.643367e+03 9.649159e+03 9.670715e+03
