0.8 2.268671e+03 2.277369e+03 2.279966e+03 2.271269e+03
1.8 2.186013e+03 2.272613e+03 2.277908e+03 2.191308e+03
2.8 2.222813e+03 2.268750e+03 2.274913e+03 2.228976e+03
3.8 2.165126e+03 2.269469e+03 2.275524e+03 2.171182e+03
4.8 2.199647e+03 2.264114e+03 2.277752e+03 2.213285e+03
5.8 2.268543e+03 2.249304e+03 2.279348e+03 2.298588e+03
6.8 2.240517e+03 2.251594e+03 2.279140e+03 2.268064e+03
7.8 2.264152e+03 2.260266e+03 2.276630e+03 2.280516e+03
8.8 2.271675e+03 2.268508e+03 2.276538e+03 2.279705e+03
9.8 2.230224e+03 2.274595e+03 2.278206e+03 2.233836e+03
10.8 2.265442e+03 2.277451e+03 2.279524e+03 2.267515e+03
11.8 2.271934e+03 2.270357e+03 2.280220e+03 2.281797e+03
12.8 2.232883e+03 2.258257e+03 2.280485e+03 2.255111e+03
13.8 2.251580e+03 2.260099e+03 2.280517e+03 2.271999e+03
14.8 2.279088e+03 2.268101e+03 2.280431e+03 2.291417e+03
15.8 2.270642e+03 2.270035e+03 2.280319e+03 2.280926e+03
16.8 2.226402e+03 2.268697e+03 2.280226e+03 2.237931e+03
17.8 2.245212e+03 2.271620e+03 2.280170e+03 2.253762e+03
0.5 2.268543e+03 2.249304e+03 2.279348e+03 2.298588e+03
1.5 2.240517e+03 2.251594e+03 2.279140e+03 2.268064e+03
2.5 2.264152e+03 2.260266e+03 2.276630e+03 2.280516e+03
3.5 2.271675e+03 2.268508e+03 2.276538e+03 2.279705e+03
4.5 2.230224e+03 2.274595e+03 2.278206e+03 2.233836e+03
5.5 2.265442e+03 2.277451e+03 2.279524e+03 2.267515e+03
6.5 2.271934e+03 2.270357e+03 2.280220e+03 2.281797e+03
7.5 2.232883e+03 2.258257e+03 2.280485e+03 2.255111e+03
8.5 2.251580e+03 2.260099e+03 2.280517e+03 2.271999e+03
9.5 2.279088e+03 2.268101e+03 2.280431e+03 2.291417e+03
10.5 2.270642e+03 2.270035e+03 2.280319e+03 2.280926e+03
11.5 2.226402e+03 2.268697e+03 2.280226e+03 2.237931e+03
12.5 2.245212e+03 2.271620e+03 2.280170e+03 2.253762e+03
13.5 2.304411e+03 2.280074e+03 2.280140e+03 2.304477e+03
14.5 2.310302e+03 2.295493e+03 2.280128e+03 2.294936e+03
15.5 2.279914e+03 2.297949e+03 2.280124e+03 2.262089e+03
16.5 2.256330e+03 2.302406e+03 2.280124e+03 2.234048e+03
17.5 2.291054e+03 2.301127e+03 2.280125e+03 2.270052e+03
0.6 2.264389e+03 2.279542e+03 2.280145e+03 2.264993e+03
1.6 2.286372e+03 2.274478e+03 2.278830e+03 2.290724e+03
2.6 2.269769e+03 2.270498e+03 2.276104e+03 2.275375e+03
3.6 2.260284e+03 2.270660e+03 2.276286e+03 2.265910e+03
4.6 2.303056e+03 2.273038e+03 2.278097e+03 2.308116e+03
5.6 2.317673e+03 2.275116e+03 2.279476e+03 2.322033e+03
6.6 2.310726e+03 2.276909e+03 2.280219e+03 2.314036e+03
7.6 2.411396e+03 2.286990e+03 2.280513e+03 2.404918e+03
8.6 2.381748e+03 2.302584e+03 2.280559e+03 2.359723e+03
9.6 2.246961e+03 2.301350e+03 2.280479e+03 2.226090e+03
10.6 2.277727e+03 2.290624e+03 2.280372e+03 2.267474e+03
11.6 2.276044e+03 2.281923e+03 2.280283e+03 2.274403e+03
12.6 2.304013e+03 2.277428e+03 2.280228e+03 2.306813e+03
13.6 2.318872e+03 2.275605e+03 2.280200e+03 2.323467e+03
14.6 2.262588e+03 2.271345e+03 2.280187e+03 2.271429e+03
15.6 2.283058e+03 2.255480e+03 2.280182e+03 2.307759e+03
16.6 2.306613e+03 2.249919e+03 2.280179e+03 2.336874e+03
17.6 2.218376e+03 2.259813e+03 2.280178e+03 2.238742e+03
0.8 2.225979e+03 2.270405e+03 2.280094e+03 2.235669e+03
1.8 2.224718e+03 2.274798e+03 2.277978e+03 2.227899e+03
2.8 2.256580e+03 2.275488e+03 2.275733e+03 2.256825e+03
3.8 2.299519e+03 2.277335e+03 2.276669e+03 2.298852e+03
4.8 2.262666e+03 2.278938e+03 2.278485e+03 2.262213e+03
5.8 2.271463e+03 2.279289e+03 2.279712e+03 2.271886e+03
6.8 2.298768e+03 2.279025e+03 2.280280e+03 2.300023e+03
7.8 2.306500e+03 2.277109e+03 2.278589e+03 2.307980e+03
8.8 2.243143e+03 2.273828e+03 2.275266e+03 2.244581e+03
9.8 2.227264e+03 2.274257e+03 2.275611e+03 2.228618e+03
10.8 2.253061e+03 2.276474e+03 2.277755e+03 2.254341e+03
11.8 2.298173e+03 2.278213e+03 2.279435e+03 2.299395e+03
12.8 2.306060e+03 2.279101e+03 2.280281e+03 2.307240e+03
13.8 2.269521e+03 2.279467e+03 2.280617e+03 2.270670e+03
14.8 2.251949e+03 2.280666e+03 2.280645e+03 2.251927e+03
15.8 2.282439e+03 2.292173e+03 2.280530e+03 2.270797e+03
16.8 2.338516e+03 2.301674e+03 2.280382e+03 2.317224e+03
17.8 2.306055e+03 2.296021e+03 2.280266e+03 2.290300e+03
0.7 2.298768e+03 2.279025e+03 2.280280e+03 2.300023e+03
1.7 2.306500e+03 2.277109e+03 2.278589e+03 2.307980e+03
2.7 2.243143e+03 2.273828e+03 2.275266e+03 2.244581e+03
3.7 2.227264e+03 2.274257e+03 2.275611e+03 2.228618e+03
4.7 2.253061e+03 2.276474e+03 2.277755e+03 2.254341e+03
5.7 2.298173e+03 2.278213e+03 2.279435e+03 2.299395e+03
6.7 2.306060e+03 2.279101e+03 2.280281e+03 2.307240e+03
7.7 2.269521e+03 2.279467e+03 2.280617e+03 2.270670e+03
8.7 2.251949e+03 2.280666e+03 2.280645e+03 2.251927e+03
9.7 2.282439e+03 2.292173e+03 2.280530e+03 2.270797e+03
10.7 2.338516e+03 2.301674e+03 2.280382e+03 2.317224e+03
11.7 2.306055e+03 2.296021e+03 2.280266e+03 2.290300e+03
12.7 2.313910e+03 2.286809e+03 2.280190e+03 2.307291e+03
13.7 2.291819e+03 2.280986e+03 2.280148e+03 2.290981e+03
14.7 2.284955e+03 2.278148e+03 2.280126e+03 2.286933e+03
15.7 2.264010e+03 2.273640e+03 2.280113e+03 2.270483e+03
16.7 2.254350e+03 2.257445e+03 2.280106e+03 2.277011e+03
17.7 2.169411e+03 2.250234e+03 2.280099e+03 2.199276e+03
0.1 2.282247e+03 2.294943e+03 2.280049e+03 2.267352e+03
1.1 2.300853e+03 2.299932e+03 2.279692e+03 2.280613e+03
2.1 2.288719e+03 2.289252e+03 2.276717e+03 2.276184e+03
3.1 2.319402e+03 2.279847e+03 2.275096e+03 2.314651e+03
4.1 2.259553e+03 2.276641e+03 2.276608e+03 2.259521e+03
5.1 2.266195e+03 2.276241e+03 2.278577e+03 2.268531e+03
6.1 2.263571e+03 2.276657e+03 2.279754e+03 2.266668e+03
7.1 2.240972e+03 2.277352e+03 2.280318e+03 2.243938e+03
8.1 2.274961e+03 2.281925e+03 2.280489e+03 2.273525e+03
9.1 2.275297e+03 2.296838e+03 2.280454e+03 2.258912e+03
10.1 2.257645e+03 2.301055e+03 2.280335e+03 2.236926e+03
11.1 2.266410e+03 2.292657e+03 2.280221e+03 2.253974e+03
12.1 2.264829e+03 2.283983e+03 2.280140e+03 2.260985e+03
13.1 2.290284e+03 2.279112e+03 2.280095e+03 2.291267e+03
14.1 2.262824e+03 2.276915e+03 2.280075e+03 2.265984e+03
15.1 2.274896e+03 2.276567e+03 2.280068e+03 2.278396e+03
16.1 2.326554e+03 2.284679e+03 2.280067e+03 2.321943e+03
17.1 2.354468e+03 2.297816e+03 2.280070e+03 2.336722e+03
1.0 2.272136e+03 2.278965e+03 2.279925e+03 2.273097e+03
2.0 2.269681e+03 2.277646e+03 2.277277e+03 2.269312e+03
3.0 2.303427e+03 2.276020e+03 2.275484e+03 2.302892e+03
4.0 2.291249e+03 2.276985e+03 2.276859e+03 2.291122e+03
5.0 2.264415e+03 2.278334e+03 2.278728e+03 2.264809e+03
6.0 2.292798e+03 2.279118e+03 2.279929e+03 2.293609e+03
7.0 2.279655e+03 2.279448e+03 2.280491e+03 2.280698e+03
8.0 2.266164e+03 2.279627e+03 2.280684e+03 2.267221e+03
9.0 2.270302e+03 2.285917e+03 2.280670e+03 2.265054e+03
10.0 2.235623e+03 2.301261e+03 2.280572e+03 2.214933e+03
11.0 2.266789e+03 2.302872e+03 2.280470e+03 2.244386e+03
12.0 2.300770e+03 2.293217e+03 2.280402e+03 2.287955e+03
13.0 2.266025e+03 2.284667e+03 2.280368e+03 2.261726e+03
14.0 2.274060e+03 2.279185e+03 2.279705e+03 2.274580e+03
15.0 2.307837e+03 2.274167e+03 2.276668e+03 2.310338e+03
16.0 2.308024e+03 2.272924e+03 2.275791e+03 2.310890e+03
17.0 2.269675e+03 2.275105e+03 2.277519e+03 2.272090e+03
18.0 2.288768e+03 2.277226e+03 2.279251e+03 2.290794e+03
0.3 2.266025e+03 2.284667e+03 2.280368e+03 2.261726e+03
1.3 2.274060e+03 2.279185e+03 2.279705e+03 2.274580e+03
2.3 2.307837e+03 2.274167e+03 2.276668e+03 2.310338e+03
3.3 2.308024e+03 2.272924e+03 2.275791e+03 2.310890e+03
4.3 2.269675e+03 2.275105e+03 2.277519e+03 2.272090e+03
5.3 2.288768e+03 2.277226e+03 2.279251e+03 2.290794e+03
6.3 2.246704e+03 2.278762e+03 2.280274e+03 2.248216e+03
7.3 2.229454e+03 2.280267e+03 2.280726e+03 2.229913e+03
8.3 2.324086e+03 2.290220e+03 2.280856e+03 2.314723e+03
9.3 2.289045e+03 2.303014e+03 2.280811e+03 2.266842e+03
10.3 2.313040e+03 2.300353e+03 2.280708e+03 2.293396e+03
11.3 2.267806e+03 2.290979e+03 2.280613e+03 2.257440e+03
12.3 2.321374e+03 2.282615e+03 2.280555e+03 2.319313e+03
13.3 2.287127e+03 2.266010e+03 2.280526e+03 2.301643e+03
14.3 2.224604e+03 2.257888e+03 2.280519e+03 2.247235e+03
15.3 2.234181e+03 2.264663e+03 2.280523e+03 2.250041e+03
16.3 2.278474e+03 2.276318e+03 2.280531e+03 2.282687e+03
17.3 2.311337e+03 2.297056e+03 2.280541e+03 2.294822e+03
0.1 2.308524e+03 2.304405e+03 2.280552e+03 2.284670e+03
1.1 2.284280e+03 2.297142e+03 2.280241e+03 2.267380e+03
2.1 2.308619e+03 2.286351e+03 2.277246e+03 2.299515e+03
3.1 2.298218e+03 2.279143e+03 2.274913e+03 2.293989e+03
4.1 2.302945e+03 2.278354e+03 2.276393e+03 2.300983e+03
5.1 2.289202e+03 2.279728e+03 2.278711e+03 2.288185e+03
6.1 2.301483e+03 2.281275e+03 2.280168e+03 2.300376e+03
7.1 2.293983e+03 2.282833e+03 2.280880e+03 2.292029e+03
8.1 2.273646e+03 2.283960e+03 2.281059e+03 2.270745e+03
9.1 2.242923e+03 2.282706e+03 2.279081e+03 2.239299e+03
10.1 2.306366e+03 2.280718e+03 2.276563e+03 2.302211e+03
11.1 2.285123e+03 2.281819e+03 2.277267e+03 2.280571e+03
12.1 2.276024e+03 2.283886e+03 2.279002e+03 2.271141e+03
13.1 2.230746e+03 2.285424e+03 2.280236e+03 2.225559e+03
14.1 2.313706e+03 2.285813e+03 2.280326e+03 2.308220e+03
15.1 2.306555e+03 2.282922e+03 2.277132e+03 2.300765e+03
16.1 2.296090e+03 2.281241e+03 2.275305e+03 2.290154e+03
17.1 2.284046e+03 2.271805e+03 2.276960e+03 2.289200e+03
0.8 2.273646e+03 2.283960e+03 2.281059e+03 2.270745e+03
1.8 2.242923e+03 2.282706e+03 2.279081e+03 2.239299e+03
2.8 2.306366e+03 2.280718e+03 2.276563e+03 2.302211e+03
3.8 2.285123e+03 2.281819e+03 2.277267e+03 2.280571e+03
4.8 2.276024e+03 2.283886e+03 2.279002e+03 2.271141e+03
5.8 2.230746e+03 2.285424e+03 2.280236e+03 2.225559e+03
6.8 2.313706e+03 2.285813e+03 2.280326e+03 2.308220e+03
7.8 2.306555e+03 2.282922e+03 2.277132e+03 2.300765e+03
8.8 2.296090e+03 2.281241e+03 2.275305e+03 2.290154e+03
9.8 2.284046e+03 2.271805e+03 2.276960e+03 2.289200e+03
10.8 2.262300e+03 2.259500e+03 2.279149e+03 2.281948e+03
11.8 2.269072e+03 2.261062e+03 2.280450e+03 2.288459e+03
12.8 2.248165e+03 2.258931e+03 2.281064e+03 2.270298e+03
13.8 2.234768e+03 2.266024e+03 2.281241e+03 2.249985e+03
14.8 2.294306e+03 2.278567e+03 2.281189e+03 2.296928e+03
15.8 2.270285e+03 2.287302e+03 2.281046e+03 2.264029e+03
16.8 2.271340e+03 2.282874e+03 2.280910e+03 2.269376e+03
17.8 2.254531e+03 2.274674e+03 2.280812e+03 2.260669e+03
0.2 2.230746e+03 2.285424e+03 2.280236e+03 2.225559e+03
1.2 2.313706e+03 2.285813e+03 2.280326e+03 2.308220e+03
2.2 2.306555e+03 2.282922e+03 2.277132e+03 2.300765e+03
3.2 2.296090e+03 2.281241e+03 2.275305e+03 2.290154e+03
4.2 2.284046e+03 2.271805e+03 2.276960e+03 2.289200e+03
5.2 2.262300e+03 2.259500e+03 2.279149e+03 2.281948e+03
6.2 2.269072e+03 2.261062e+03 2.280450e+03 2.288459e+03
7.2 2.248165e+03 2.258931e+03 2.281064e+03 2.270298e+03
8.2 2.234768e+03 2.266024e+03 2.281241e+03 2.249985e+03
9.2 2.294306e+03 2.278567e+03 2.281189e+03 2.296928e+03
10.2 2.270285e+03 2.287302e+03 2.281046e+03 2.264029e+03
11.2 2.271340e+03 2.282874e+03 2.280910e+03 2.269376e+03
12.2 2.254531e+03 2.274674e+03 2.280812e+03 2.260669e+03
13.2 2.297097e+03 2.277030e+03 2.280757e+03 2.300824e+03
14.2 2.312392e+03 2.278500e+03 2.280730e+03 2.314622e+03
15.2 2.236065e+03 2.281277e+03 2.280718e+03 2.235506e+03
16.2 2.248693e+03 2.275483e+03 2.280713e+03 2.253923e+03
17.2 2.276425e+03 2.273318e+03 2.280711e+03 2.283818e+03
0.5 2.312562e+03 2.280673e+03 2.280703e+03 2.312593e+03
1.5 2.315463e+03 2.285039e+03 2.279491e+03 2.309916e+03
2.5 2.306650e+03 2.286633e+03 2.275843e+03 2.295860e+03
3.5 2.305733e+03 2.289011e+03 2.275224e+03 2.291946e+03
4.5 2.321093e+03 2.292308e+03 2.277419e+03 2.306204e+03
5.5 2.252414e+03 2.286426e+03 2.279452e+03 2.245440e+03
6.5 2.233098e+03 2.270265e+03 2.280620e+03 2.243453e+03
