0.4 9.492816e+03 9.536117e+03 9.516246e+03 9.472945e+03
1.4 9.510952e+03 9.515354e+03 9.524022e+03 9.519620e+03
2.4 9.497713e+03 9.513121e+03 9.540243e+03 9.524835e+03
3.4 9.506865e+03 9.514693e+03 9.538268e+03 9.530439e+03
4.4 9.525218e+03 9.534582e+03 9.527832e+03 9.518468e+03
5.4 9.471486e+03 9.528915e+03 9.520010e+03 9.462581e+03
6.4 9.482037e+03 9.506223e+03 9.515866e+03 9.491680e+03
7.4 9.491686e+03 9.490331e+03 9.514262e+03 9.515617e+03
8.4 9.506812e+03 9.505377e+03 9.514071e+03 9.515506e+03
9.4 9.544172e+03 9.537038e+03 9.514569e+03 9.521702e+03
10.4 9.531895e+03 9.530300e+03 9.515215e+03 9.516809e+03
11.4 9.500571e+03 9.507431e+03 9.515749e+03 9.508889e+03
12.4 9.495625e+03 9.519395e+03 9.516084e+03 9.492314e+03
13.4 9.533832e+03 9.543095e+03 9.516277e+03 9.507013e+03
14.4 9.475330e+03 9.527249e+03 9.516377e+03 9.464459e+03
15.4 9.519224e+03 9.515031e+03 9.516434e+03 9.520627e+03
16.4 9.526148e+03 9.533005e+03 9.516472e+03 9.509615e+03
17.4 9.554463e+03 9.530656e+03 9.516503e+03 9.540309e+03
0.6 9.558447e+03 9.540853e+03 9.515024e+03 9.532617e+03
1.6 9.508390e+03 9.532525e+03 9.525826e+03 9.501691e+03
2.6 9.518382e+03 9.521276e+03 9.539853e+03 9.536958e+03
3.6 9.525923e+03 9.515998e+03 9.534880e+03 9.544804e+03
4.6 9.539681e+03 9.538875e+03 9.524132e+03 9.524939e+03
5.6 9.528707e+03 9.531729e+03 9.517013e+03 9.513991e+03
6.6 9.469787e+03 9.503839e+03 9.513398e+03 9.479346e+03
7.6 9.476802e+03 9.483311e+03 9.511958e+03 9.505448e+03
8.6 9.501566e+03 9.497950e+03 9.511815e+03 9.515431e+03
9.6 9.511900e+03 9.521954e+03 9.512245e+03 9.502191e+03
10.6 9.507225e+03 9.521764e+03 9.512737e+03 9.498198e+03
11.6 9.537868e+03 9.542723e+03 9.513075e+03 9.508220e+03
12.6 9.578484e+03 9.537547e+03 9.513232e+03 9.554169e+03
13.6 9.545855e+03 9.540016e+03 9.513242e+03 9.519081e+03
14.6 9.523571e+03 9.534077e+03 9.513170e+03 9.502664e+03
15.6 9.522771e+03 9.528629e+03 9.513054e+03 9.507197e+03
16.6 9.527748e+03 9.540314e+03 9.512918e+03 9.500352e+03
17.6 9.546559e+03 9.532967e+03 9.512770e+03 9.526362e+03
0.4 9.476297e+03 9.502661e+03 9.512313e+03 9.485949e+03
1.4 9.431863e+03 9.485427e+03 9.519910e+03 9.466346e+03
2.4 9.492596e+03 9.489611e+03 9.536148e+03 9.539133e+03
