0.7 1.007416e+04 1.015163e+04 1.019963e+04 1.012216e+04
1.7 1.012070e+04 1.017456e+04 1.026284e+04 1.020898e+04
2.7 1.017804e+04 1.021679e+04 1.032081e+04 1.028206e+04
3.7 1.018822e+04 1.025362e+04 1.028957e+04 1.022417e+04
4.7 1.029715e+04 1.033153e+04 1.023906e+04 1.020468e+04
5.7 1.023739e+04 1.028803e+04 1.020762e+04 1.015697e+04
6.7 1.010875e+04 1.019177e+04 1.019234e+04 1.010933e+04
7.7 1.013180e+04 1.012270e+04 1.018694e+04 1.019604e+04
8.7 1.018796e+04 1.009101e+04 1.018735e+04 1.028430e+04
9.7 1.012508e+04 1.008103e+04 1.019021e+04 1.023425e+04
10.7 1.004849e+04 1.009180e+04 1.019318e+04 1.014986e+04
11.7 1.016396e+04 1.018870e+04 1.019538e+04 1.017064e+04
12.7 1.015249e+04 1.027065e+04 1.019674e+04 1.007858e+04
13.7 1.016783e+04 1.023223e+04 1.019744e+04 1.013305e+04
14.7 1.014333e+04 1.016388e+04 1.019781e+04 1.017725e+04
15.7 1.016501e+04 1.012022e+04 1.019800e+04 1.024280e+04
16.7 1.016234e+04 1.009893e+04 1.019812e+04 1.026154e+04
17.7 1.015612e+04 1.012255e+04 1.019822e+04 1.023179e+04
1.0 1.018254e+04 1.019779e+04 1.020151e+04 1.018626e+04
2.0 1.017609e+04 1.020595e+04 1.027936e+04 1.024950e+04
3.0 1.030639e+04 1.020583e+04 1.031544e+04 1.041600e+04
4.0 1.015615e+04 1.015461e+04 1.027368e+04 1.027521e+04
5.0 1.027189e+04 1.017891e+04 1.022601e+04 1.031898e+04
6.0 1.031966e+04 1.025383e+04 1.019867e+04 1.026450e+04
7.0 1.018561e+04 1.024787e+04 1.018599e+04 1.012373e+04
8.0 1.017381e+04 1.025613e+04 1.018213e+04 1.009981e+04
9.0 1.016495e+04 1.022616e+04 1.018324e+04 1.012203e+04
10.0 1.032375e+04 1.027002e+04 1.018621e+04 1.023993e+04
11.0 1.033362e+04 1.028433e+04 1.018897e+04 1.023826e+04
12.0 1.024125e+04 1.020449e+04 1.019089e+04 1.022766e+04
13.0 1.015182e+04 1.013379e+04 1.019202e+04 1.021005e+04
14.0 1.011480e+04 1.015645e+04 1.019258e+04 1.015092e+04
15.0 1.015537e+04 1.015849e+04 1.019285e+04 1.018973e+04
16.0 1.011706e+04 1.013265e+04 1.019299e+04 1.017740e+04
17.0 1.018699e+04 1.021594e+04 1.019309e+04 1.016415e+04
18.0 1.034429e+04 1.029062e+04 1.019319e+04 1.024685e+04
0.8 1.026325e+04 1.023329e+04 1.019575e+04 1.022572e+04
1.8 1.027039e+04 1.021383e+04 1.026337e+04 1.031994e+04
2.8 1.020719e+04 1.021477e+04 1.031688e+04 1.030929e+04
3.8 1.013338e+04 1.015813e+04 1.028439e+04 1.025964e+04
4.8 1.004988e+04 1.010331e+04 1.023429e+04 1.018086e+04
5.8 1.015680e+04 1.014868e+04 1.020349e+04 1.021161e+04
6.8 1.022778e+04 1.022957e+04 1.018846e+04 1.018668e+04
7.8 1.010861e+04 1.019779e+04 1.018368e+04 1.009450e+04
8.8 1.013993e+04 1.013207e+04 1.018439e+04 1.019225e+04
9.8 1.003332e+04 1.008765e+04 1.018748e+04 1.013316e+04
10.8 1.001602e+04 1.008663e+04 1.019065e+04 1.012004e+04
11.8 1.020476e+04 1.020959e+04 1.019309e+04 1.018827e+04
12.8 1.023215e+04 1.028026e+04 1.019462e+04 1.014652e+04
13.8 1.013227e+04 1.025744e+04 1.019555e+04 1.007038e+04
14.8 1.020004e+04 1.022610e+04 1.019616e+04 1.017010e+04
15.8 1.020823e+04 1.020389e+04 1.019660e+04 1.020094e+04
16.8 1.022784e+04 1.026635e+04 1.019699e+04 1.015849e+04
17.8 1.022799e+04 1.023992e+04 1.019737e+04 1.018543e+04
