0.7 9.055927e+03 9.073528e+03 9.079211e+03 9.061609e+03
1.7 9.026259e+03 9.076791e+03 9.081501e+03 9.030970e+03
2.7 9.045957e+03 9.082463e+03 9.084727e+03 9.048220e+03
3.7 9.077635e+03 9.083331e+03 9.083904e+03 9.078208e+03
4.7 9.062644e+03 9.074082e+03 9.081568e+03 9.070129e+03
5.7 9.087210e+03 9.055059e+03 9.079868e+03 9.112019e+03
6.7 9.061560e+03 9.056026e+03 9.079032e+03 9.084566e+03
7.7 9.047862e+03 9.067424e+03 9.078714e+03 9.059152e+03
8.7 9.096405e+03 9.080335e+03 9.078697e+03 9.094768e+03
9.7 9.049956e+03 9.086094e+03 9.078820e+03 9.042682e+03
10.7 9.122691e+03 9.085224e+03 9.078971e+03 9.116438e+03
11.7 9.086544e+03 9.082731e+03 9.079085e+03 9.082898e+03
12.7 9.072175e+03 9.080606e+03 9.079158e+03 9.070727e+03
13.7 9.067403e+03 9.079122e+03 9.079199e+03 9.067481e+03
14.7 9.058617e+03 9.078755e+03 9.079221e+03 9.059083e+03
15.7 9.075472e+03 9.082730e+03 9.079233e+03 9.071975e+03
16.7 9.082667e+03 9.085768e+03 9.079241e+03 9.076140e+03
17.7 9.054584e+03 9.084097e+03 9.079246e+03 9.049733e+03
0.7 9.094975e+03 9.077193e+03 9.079340e+03 9.097121e+03
1.7 9.106468e+03 9.079202e+03 9.081666e+03 9.108932e+03
2.7 9.105451e+03 9.082569e+03 9.085108e+03 9.107990e+03
3.7 9.103334e+03 9.081895e+03 9.084396e+03 9.105835e+03
4.7 9.096980e+03 9.079595e+03 9.081875e+03 9.099261e+03
5.7 9.066104e+03 9.084788e+03 9.080080e+03 9.061396e+03
6.7 9.092050e+03 9.091707e+03 9.079140e+03 9.079483e+03
7.7 9.099087e+03 9.088137e+03 9.078784e+03 9.089735e+03
8.7 9.090649e+03 9.083815e+03 9.078750e+03 9.085585e+03
9.7 9.069517e+03 9.084605e+03 9.078870e+03 9.063782e+03
10.7 9.076482e+03 9.082602e+03 9.079016e+03 9.072897e+03
11.7 9.108051e+03 9.073877e+03 9.079133e+03 9.113307e+03
12.7 9.040842e+03 9.069093e+03 9.079201e+03 9.050949e+03
13.7 9.043635e+03 9.070731e+03 9.079234e+03 9.052138e+03
14.7 9.045098e+03 9.073637e+03 9.079247e+03 9.050709e+03
15.7 9.086005e+03 9.075732e+03 9.079249e+03 9.089522e+03
16.7 9.080590e+03 9.080109e+03 9.079246e+03 9.079727e+03
17.7 9.084909e+03 9.084669e+03 9.079241e+03 9.079481e+03
0.4 9.063874e+03 9.085092e+03 9.078987e+03 9.057768e+03
1.4 9.105501e+03 9.080373e+03 9.080140e+03 9.105268e+03
2.4 9.079499e+03 9.082471e+03 9.084885e+03 9.081913e+03
3.4 9.105125e+03 9.083460e+03 9.086703e+03 9.108368e+03
4.4 9.113892e+03 9.080938e+03 9.084002e+03 9.116956e+03
5.4 9.073283e+03 9.078582e+03 9.081017e+03 9.075718e+03
6.4 9.072606e+03 9.078484e+03 9.079194e+03 9.073317e+03
7.4 9.082343e+03 9.079305e+03 9.078376e+03 9.081414e+03
8.4 9.092419e+03 9.078896e+03 9.078129e+03 9.091652e+03
9.4 9.087137e+03 9.078101e+03 9.078197e+03 9.087232e+03
10.4 9.088351e+03 9.074002e+03 9.078374e+03 9.092723e+03
11.4 9.080641e+03 9.070515e+03 9.078544e+03 9.088670e+03
12.4 9.044815e+03 9.073448e+03 9.078653e+03 9.050021e+03
13.4 9.101725e+03 9.078315e+03 9.078709e+03 9.102119e+03
14.4 9.071504e+03 9.080110e+03 9.078728e+03 9.070121e+03
15.4 9.057435e+03 9.079993e+03 9.078728e+03 9.056169e+03
16.4 9.099133e+03 9.079518e+03 9.078719e+03 9.098333e+03
17.4 9.064706e+03 9.079125e+03 9.078706e+03 9.064287e+03
0.4 9.094485e+03 9.078673e+03 9.078611e+03 9.094423e+03
1.4 9.104022e+03 9.079390e+03 9.079619e+03 9.104251e+03
2.4 9.081814e+03 9.084179e+03 9.084325e+03 9.081961e+03
3.4 9.067700e+03 9.086648e+03 9.086556e+03 9.067608e+03
4.4 9.069737e+03 9.084307e+03 9.083973e+03 9.069404e+03
5.4 9.113800e+03 9.081404e+03 9.080887e+03 9.113283e+03
6.4 9.062032e+03 9.079784e+03 9.079145e+03 9.061393e+03
7.4 9.062552e+03 9.082120e+03 9.081406e+03 9.061838e+03
8.4 9.077689e+03 9.085910e+03 9.085152e+03 9.076931e+03
9.4 9.091988e+03 9.078864e+03 9.084100e+03 9.097224e+03
10.4 9.044932e+03 9.057911e+03 9.081242e+03 9.068264e+03
11.4 9.083850e+03 9.056132e+03 9.079771e+03 9.107488e+03
12.4 9.069054e+03 9.069683e+03 9.082438e+03 9.081809e+03
13.4 9.078654e+03 9.079901e+03 9.083650e+03 9.082403e+03
14.4 9.121130e+03 9.082595e+03 9.081676e+03 9.120211e+03
15.4 9.080581e+03 9.079348e+03 9.079633e+03 9.080866e+03
16.4 9.043650e+03 9.059971e+03 9.078489e+03 9.062169e+03
17.4 9.049777e+03 9.055045e+03 9.078039e+03 9.072772e+03
0.9 9.062032e+03 9.079784e+03 9.079145e+03 9.061393e+03
1.9 9.062552e+03 9.082120e+03 9.081406e+03 9.061838e+03
2.9 9.077689e+03 9.085910e+03 9.085152e+03 9.076931e+03
3.9 9.091988e+03 9.078864e+03 9.084100e+03 9.097224e+03
4.9 9.044932e+03 9.057911e+03 9.081242e+03 9.068264e+03
5.9 9.083850e+03 9.056132e+03 9.079771e+03 9.107488e+03
6.9 9.069054e+03 9.069683e+03 9.082438e+03 9.081809e+03
7.9 9.078654e+03 9.079901e+03 9.083650e+03 9.082403e+03
8.9 9.121130e+03 9.082595e+03 9.081676e+03 9.120211e+03
9.9 9.080581e+03 9.079348e+03 9.079633e+03 9.080866e+03
10.9 9.043650e+03 9.059971e+03 9.078489e+03 9.062169e+03
11.9 9.049777e+03 9.055045e+03 9.078039e+03 9.072772e+03
12.9 9.059795e+03 9.066199e+03 9.077958e+03 9.071553e+03
13.9 9.074354e+03 9.076134e+03 9.078067e+03 9.076287e+03
14.9 9.036352e+03 9.080525e+03 9.078235e+03 9.034061e+03
15.9 9.097021e+03 9.081870e+03 9.078388e+03 9.093539e+03
16.9 9.081723e+03 9.081825e+03 9.078490e+03 9.078387e+03
17.9 9.089638e+03 9.081158e+03 9.078552e+03 9.087032e+03
0.2 9.044932e+03 9.057911e+03 9.081242e+03 9.068264e+03
1.2 9.083850e+03 9.056132e+03 9.079771e+03 9.107488e+03
2.2 9.069054e+03 9.069683e+03 9.082438e+03 9.081809e+03
3.2 9.078654e+03 9.079901e+03 9.083650e+03 9.082403e+03
4.2 9.121130e+03 9.082595e+03 9.081676e+03 9.120211e+03
5.2 9.080581e+03 9.079348e+03 9.079633e+03 9.080866e+03
6.2 9.043650e+03 9.059971e+03 9.078489e+03 9.062169e+03
7.2 9.049777e+03 9.055045e+03 9.078039e+03 9.072772e+03
8.2 9.059795e+03 9.066199e+03 9.077958e+03 9.071553e+03
9.2 9.074354e+03 9.076134e+03 9.078067e+03 9.076287e+03
10.2 9.036352e+03 9.080525e+03 9.078235e+03 9.034061e+03
11.2 9.097021e+03 9.081870e+03 9.078388e+03 9.093539e+03
12.2 9.081723e+03 9.081825e+03 9.078490e+03 9.078387e+03
13.2 9.089638e+03 9.081158e+03 9.078552e+03 9.087032e+03
14.2 9.090786e+03 9.081787e+03 9.078585e+03 9.087585e+03
15.2 9.066939e+03 9.086317e+03 9.078604e+03 9.059226e+03
16.2 9.095176e+03 9.087370e+03 9.078617e+03 9.086422e+03
17.2 9.078649e+03 9.084198e+03 9.078627e+03 9.073078e+03
0.3 9.061827e+03 9.072118e+03 9.078715e+03 9.068424e+03
1.3 9.093896e+03 9.072336e+03 9.079604e+03 9.101163e+03
2.3 9.095459e+03 9.079588e+03 9.084033e+03 9.099904e+03
3.3 9.071258e+03 9.083601e+03 9.085693e+03 9.073350e+03
4.3 9.059312e+03 9.082593e+03 9.083315e+03 9.060033e+03
5.3 9.078486e+03 9.080555e+03 9.080617e+03 9.078549e+03
6.3 9.059896e+03 9.079183e+03 9.079092e+03 9.059805e+03
7.3 9.040540e+03 9.080306e+03 9.080334e+03 9.040568e+03
8.3 9.100059e+03 9.083796e+03 9.084032e+03 9.100295e+03
9.3 9.067999e+03 9.083461e+03 9.083891e+03 9.068429e+03
10.3 9.067877e+03 9.080885e+03 9.081464e+03 9.068456e+03
11.3 9.111348e+03 9.078938e+03 9.079620e+03 9.112030e+03
12.3 9.075021e+03 9.078031e+03 9.078654e+03 9.075643e+03
13.3 9.140493e+03 9.078985e+03 9.078294e+03 9.139802e+03
14.3 9.115195e+03 9.079837e+03 9.078268e+03 9.113626e+03
15.3 9.070560e+03 9.079221e+03 9.078407e+03 9.069745e+03
16.3 9.071500e+03 9.078385e+03 9.078579e+03 9.071693e+03
17.3 9.040959e+03 9.077868e+03 9.078721e+03 9.041811e+03
0.6 9.059896e+03 9.079183e+03 9.079092e+03 9.059805e+03
1.6 9.040540e+03 9.080306e+03 9.080334e+03 9.040568e+03
2.6 9.100059e+03 9.083796e+03 9.084032e+03 9.100295e+03
3.6 9.067999e+03 9.083461e+03 9.083891e+03 9.068429e+03
4.6 9.067877e+03 9.080885e+03 9.081464e+03 9.068456e+03
5.6 9.111348e+03 9.078938e+03 9.079620e+03 9.112030e+03
6.6 9.075021e+03 9.078031e+03 9.078654e+03 9.075643e+03
7.6 9.140493e+03 9.078985e+03 9.078294e+03 9.139802e+03
8.6 9.115195e+03 9.079837e+03 9.078268e+03 9.113626e+03
9.6 9.070560e+03 9.079221e+03 9.078407e+03 9.069745e+03
10.6 9.071500e+03 9.078385e+03 9.078579e+03 9.071693e+03
11.6 9.040959e+03 9.077868e+03 9.078721e+03 9.041811e+03
12.6 9.074057e+03 9.077631e+03 9.078810e+03 9.075235e+03
13.6 9.046918e+03 9.077577e+03 9.078861e+03 9.048202e+03
14.6 9.078065e+03 9.079810e+03 9.078887e+03 9.077142e+03
15.6 9.123195e+03 9.085287e+03 9.078901e+03 9.116809e+03
16.6 9.069812e+03 9.085906e+03 9.078909e+03 9.062814e+03
17.6 9.115014e+03 9.086557e+03 9.078914e+03 9.107370e+03
0.2 9.082821e+03 9.098593e+03 9.078912e+03 9.063141e+03
1.2 9.109308e+03 9.097445e+03 9.079393e+03 9.091255e+03
2.2 9.066144e+03 9.091903e+03 9.083196e+03 9.057436e+03
3.2 9.081536e+03 9.086820e+03 9.085195e+03 9.079910e+03
4.2 9.060241e+03 9.081212e+03 9.083239e+03 9.062269e+03
5.2 9.076900e+03 9.074401e+03 9.080728e+03 9.083228e+03
6.2 9.072550e+03 9.054697e+03 9.079230e+03 9.097083e+03
7.2 9.026034e+03 9.049285e+03 9.078508e+03 9.055258e+03
8.2 9.034902e+03 9.059752e+03 9.078285e+03 9.053435e+03
9.2 9.107983e+03 9.071531e+03 9.078321e+03 9.114774e+03
10.2 9.050866e+03 9.078819e+03 9.078462e+03 9.050510e+03
11.2 9.084445e+03 9.080632e+03 9.078597e+03 9.082410e+03
12.2 9.068320e+03 9.076195e+03 9.078690e+03 9.070815e+03
13.2 9.059187e+03 9.071969e+03 9.078735e+03 9.065953e+03
14.2 9.056269e+03 9.072891e+03 9.078750e+03 9.062127e+03
15.2 9.064860e+03 9.075162e+03 9.078748e+03 9.068446e+03
16.2 9.070912e+03 9.077592e+03 9.078737e+03 9.072058e+03
17.2 9.060992e+03 9.079521e+03 9.078723e+03 9.060194e+03
0.5 9.086945e+03 9.079828e+03 9.078588e+03 9.085706e+03
1.5 9.062026e+03 9.080011e+03 9.080066e+03 9.062082e+03
2.5 9.100137e+03 9.082539e+03 9.084168e+03 9.101766e+03
3.5 9.064175e+03 9.081786e+03 9.084368e+03 9.066757e+03
4.5 9.130863e+03 9.078820e+03 9.081860e+03 9.133903e+03
5.5 9.051079e+03 9.076553e+03 9.079769e+03 9.054295e+03
6.5 9.084127e+03 9.077843e+03 9.081101e+03 9.087385e+03
7.5 9.099673e+03 9.080104e+03 9.083365e+03 9.102933e+03
8.5 9.092955e+03 9.081535e+03 9.082135e+03 9.093555e+03
9.5 9.089336e+03 9.089531e+03 9.080017e+03 9.079822e+03
10.5 9.081478e+03 9.089507e+03 9.079042e+03 9.071012e+03
11.5 9.094126e+03 9.086153e+03 9.081707e+03 9.089681e+03
12.5 9.044978e+03 9.082410e+03 9.083219e+03 9.045787e+03
13.5 9.092651e+03 9.083433e+03 9.081512e+03 9.090730e+03
14.5 9.090771e+03 9.089016e+03 9.079560e+03 9.081316e+03
15.5 9.088614e+03 9.085962e+03 9.078411e+03 9.081064e+03
16.5 9.045093e+03 9.081306e+03 9.077926e+03 9.041712e+03
17.5 9.117494e+03 9.077290e+03 9.077798e+03 9.118001e+03
0.8 9.051079e+03 9.076553e+03 9.079769e+03 9.054295e+03
1.8 9.084127e+03 9.077843e+03 9.081101e+03 9.087385e+03
2.8 9.099673e+03 9.080104e+03 9.083365e+03 9.102933e+03
3.8 9.092955e+03 9.081535e+03 9.082135e+03 9.093555e+03
4.8 9.089336e+03 9.089531e+03 9.080017e+03 9.079822e+03
5.8 9.081478e+03 9.089507e+03 9.079042e+03 9.071012e+03
6.8 9.094126e+03 9.086153e+03 9.081707e+03 9.089681e+03
7.8 9.044978e+03 9.082410e+03 9.083219e+03 9.045787e+03
8.8 9.092651e+03 9.083433e+03 9.081512e+03 9.090730e+03
9.8 9.090771e+03 9.089016e+03 9.079560e+03 9.081316e+03
10.8 9.088614e+03 9.085962e+03 9.078411e+03 9.081064e+03
11.8 9.045093e+03 9.081306e+03 9.077926e+03 9.041712e+03
12.8 9.117494e+03 9.077290e+03 9.077798e+03 9.118001e+03
13.8 9.055285e+03 9.074200e+03 9.077864e+03 9.058949e+03
14.8 9.081073e+03 9.073335e+03 9.078001e+03 9.085739e+03
15.8 9.100795e+03 9.074549e+03 9.078134e+03 9.104380e+03
0.1 9.089336e+03 9.089531e+03 9.080017e+03 9.079822e+03
1.1 9.081478e+03 9.089507e+03 9.079042e+03 9.071012e+03
2.1 9.094126e+03 9.086153e+03 9.081707e+03 9.089681e+03
3.1 9.044978e+03 9.082410e+03 9.083219e+03 9.045787e+03
4.1 9.092651e+03 9.083433e+03 9.081512e+03 9.090730e+03
5.1 9.090771e+03 9.089016e+03 9.079560e+03 9.081316e+03
6.1 9.088614e+03 9.085962e+03 9.078411e+03 9.081064e+03
7.1 9.045093e+03 9.081306e+03 9.077926e+03 9.041712e+03
8.1 9.117494e+03 9.077290e+03 9.077798e+03 9.118001e+03
9.1 9.055285e+03 9.074200e+03 9.077864e+03 9.058949e+03
10.1 9.081073e+03 9.073335e+03 9.078001e+03 9.085739e+03
11.1 9.100795e+03 9.074549e+03 9.078134e+03 9.104380e+03
