0.7 1.068894e+03 1.105756e+03 1.114962e+03 1.078101e+03
1.7 1.094298e+03 1.109812e+03 1.118096e+03 1.102583e+03
2.7 1.118961e+03 1.113240e+03 1.120970e+03 1.126691e+03
3.7 1.099415e+03 1.111008e+03 1.119421e+03 1.107827e+03
4.7 1.092423e+03 1.106925e+03 1.116917e+03 1.102416e+03
5.7 1.093546e+03 1.105630e+03 1.115358e+03 1.103273e+03
6.7 1.100729e+03 1.106038e+03 1.114601e+03 1.109292e+03
7.7 1.103317e+03 1.106687e+03 1.114334e+03 1.110963e+03
8.7 1.120365e+03 1.107187e+03 1.114354e+03 1.127531e+03
9.7 1.121053e+03 1.107540e+03 1.114495e+03 1.128009e+03
10.7 1.093572e+03 1.109661e+03 1.114643e+03 1.098554e+03
11.7 1.161501e+03 1.129274e+03 1.114752e+03 1.146979e+03
12.7 1.167029e+03 1.145503e+03 1.114819e+03 1.136344e+03
13.7 1.123219e+03 1.136126e+03 1.114854e+03 1.101948e+03
14.7 1.131973e+03 1.120688e+03 1.114872e+03 1.126157e+03
15.7 1.119539e+03 1.110911e+03 1.114882e+03 1.123509e+03
16.7 1.086854e+03 1.106143e+03 1.114888e+03 1.095599e+03
17.7 1.104566e+03 1.105515e+03 1.114893e+03 1.113944e+03
1.0 1.118099e+03 1.103608e+03 1.115055e+03 1.129547e+03
2.0 1.119292e+03 1.108788e+03 1.118915e+03 1.129418e+03
3.0 1.099568e+03 1.111944e+03 1.120704e+03 1.108328e+03
4.0 1.062771e+03 1.111531e+03 1.118633e+03 1.069873e+03
5.0 1.123399e+03 1.125458e+03 1.116270e+03 1.114212e+03
6.0 1.146298e+03 1.145486e+03 1.114915e+03 1.115728e+03
7.0 1.132473e+03 1.141994e+03 1.114286e+03 1.104765e+03
8.0 1.088878e+03 1.131967e+03 1.114095e+03 1.071005e+03
9.0 1.131287e+03 1.121459e+03 1.114150e+03 1.123978e+03
10.0 1.138680e+03 1.115929e+03 1.114297e+03 1.137048e+03
11.0 1.088627e+03 1.112972e+03 1.114434e+03 1.090090e+03
12.0 1.112788e+03 1.109315e+03 1.114529e+03 1.118003e+03
13.0 1.146134e+03 1.108592e+03 1.114585e+03 1.152127e+03
14.0 1.174111e+03 1.118342e+03 1.114613e+03 1.170382e+03
15.0 1.089436e+03 1.121528e+03 1.114626e+03 1.082534e+03
16.0 1.115494e+03 1.116130e+03 1.114633e+03 1.113998e+03
17.0 1.109698e+03 1.109491e+03 1.114638e+03 1.114846e+03
18.0 1.135675e+03 1.105457e+03 1.114643e+03 1.144860e+03
0.8 1.134127e+03 1.105217e+03 1.114770e+03 1.143680e+03
1.8 1.141851e+03 1.109568e+03 1.118122e+03 1.150406e+03
2.8 1.143240e+03 1.113261e+03 1.120775e+03 1.150754e+03
3.8 1.126589e+03 1.112448e+03 1.119165e+03 1.133306e+03
4.8 1.081258e+03 1.110435e+03 1.116681e+03 1.087504e+03
5.8 1.086501e+03 1.108134e+03 1.115154e+03 1.093521e+03
6.8 1.095827e+03 1.106231e+03 1.114409e+03 1.104005e+03
7.8 1.083582e+03 1.106418e+03 1.114172e+03 1.091335e+03
8.8 1.109922e+03 1.107369e+03 1.114207e+03 1.116759e+03
9.8 1.119717e+03 1.108160e+03 1.114360e+03 1.125918e+03
10.8 1.124879e+03 1.108354e+03 1.114518e+03 1.131042e+03
11.8 1.086582e+03 1.106816e+03 1.114638e+03 1.094404e+03
12.8 1.129948e+03 1.105950e+03 1.114714e+03 1.138712e+03
13.8 1.069510e+03 1.108215e+03 1.114760e+03 1.076055e+03
14.8 1.125187e+03 1.111156e+03 1.114790e+03 1.128821e+03
15.8 1.071927e+03 1.112726e+03 1.114812e+03 1.074014e+03
16.8 1.087590e+03 1.115894e+03 1.114832e+03 1.086528e+03
17.8 1.112911e+03 1.115283e+03 1.114850e+03 1.112478e+03
