0.4 7.341980e+03 7.348904e+03 7.363955e+03 7.357031e+03
1.4 7.385689e+03 7.363631e+03 7.370023e+03 7.392081e+03
2.4 7.368074e+03 7.383012e+03 7.382679e+03 7.367741e+03
3.4 7.422092e+03 7.380184e+03 7.381138e+03 7.423045e+03
4.4 7.352954e+03 7.359995e+03 7.372995e+03 7.365954e+03
5.4 7.351331e+03 7.353706e+03 7.366892e+03 7.364517e+03
6.4 7.387648e+03 7.358817e+03 7.363659e+03 7.392490e+03
7.4 7.402112e+03 7.364379e+03 7.362408e+03 7.400141e+03
8.4 7.379283e+03 7.378201e+03 7.362258e+03 7.363341e+03
9.4 7.339007e+03 7.395461e+03 7.362647e+03 7.306192e+03
10.4 7.396917e+03 7.392964e+03 7.363151e+03 7.367103e+03
11.4 7.402875e+03 7.381730e+03 7.363568e+03 7.384713e+03
12.4 7.378859e+03 7.377845e+03 7.363829e+03 7.364844e+03
13.4 7.408345e+03 7.378359e+03 7.363979e+03 7.393965e+03
14.4 7.379630e+03 7.374462e+03 7.364058e+03 7.369225e+03
15.4 7.380238e+03 7.365405e+03 7.364102e+03 7.378935e+03
16.4 7.324428e+03 7.350024e+03 7.364132e+03 7.338535e+03
17.4 7.383504e+03 7.347886e+03 7.364156e+03 7.399773e+03
0.6 7.353769e+03 7.336305e+03 7.363002e+03 7.380465e+03
1.6 7.390821e+03 7.352584e+03 7.371430e+03 7.409667e+03
2.6 7.370949e+03 7.374033e+03 7.382374e+03 7.379290e+03
3.6 7.346953e+03 7.383057e+03 7.378494e+03 7.342390e+03
4.6 7.393866e+03 7.396074e+03 7.370108e+03 7.367901e+03
5.6 7.421438e+03 7.392214e+03 7.364554e+03 7.393778e+03
6.6 7.436862e+03 7.377769e+03 7.361734e+03 7.420827e+03
7.6 7.333890e+03 7.366461e+03 7.360610e+03 7.328039e+03
8.6 7.344436e+03 7.371634e+03 7.360498e+03 7.333299e+03
9.6 7.365368e+03 7.381638e+03 7.360834e+03 7.344564e+03
10.6 7.404566e+03 7.377872e+03 7.361217e+03 7.387911e+03
11.6 7.376594e+03 7.374937e+03 7.361482e+03 7.363138e+03
12.6 7.398687e+03 7.371209e+03 7.361604e+03 7.389082e+03
13.6 7.335472e+03 7.379354e+03 7.361611e+03 7.317730e+03
14.6 7.381326e+03 7.382758e+03 7.361556e+03 7.360124e+03
15.6 7.376252e+03 7.376763e+03 7.361465e+03 7.360955e+03
16.6 7.397627e+03 7.372712e+03 7.361359e+03 7.386274e+03
17.6 7.290117e+03 7.359951e+03 7.361243e+03 7.291410e+03
0.4 7.284407e+03 7.339294e+03 7.360887e+03 7.306000e+03
1.4 7.343721e+03 7.355246e+03 7.366814e+03 7.355289e+03
2.4 7.329429e+03 7.374160e+03 7.379484e+03 7.334753e+03
