0.4 9.639178e+03 9.621051e+03 9.648561e+03 9.666687e+03
1.4 9.646575e+03 9.638008e+03 9.666056e+03 9.674624e+03
2.4 9.744072e+03 9.691234e+03 9.719848e+03 9.772685e+03
3.4 9.704272e+03 9.698856e+03 9.725805e+03 9.731221e+03
4.4 9.715016e+03 9.706393e+03 9.693667e+03 9.702290e+03
5.4 9.671086e+03 9.705915e+03 9.664958e+03 9.630129e+03
6.4 9.686823e+03 9.706175e+03 9.649688e+03 9.630336e+03
7.4 9.725798e+03 9.723399e+03 9.643153e+03 9.645552e+03
8.4 9.687465e+03 9.690914e+03 9.641811e+03 9.638362e+03
9.4 9.653221e+03 9.667503e+03 9.643175e+03 9.628892e+03
10.4 9.671963e+03 9.687673e+03 9.645356e+03 9.629646e+03
11.4 9.650360e+03 9.670929e+03 9.647192e+03 9.626623e+03
12.4 9.639341e+03 9.649277e+03 9.659836e+03 9.649900e+03
13.4 9.666743e+03 9.685666e+03 9.718785e+03 9.699862e+03
14.4 9.649623e+03 9.696222e+03 9.738533e+03 9.691934e+03
15.4 9.636495e+03 9.661547e+03 9.706058e+03 9.681005e+03
16.4 9.595669e+03 9.629310e+03 9.672643e+03 9.639001e+03
17.4 9.599289e+03 9.612110e+03 9.653109e+03 9.640288e+03
0.3 9.650360e+03 9.670929e+03 9.647192e+03 9.626623e+03
1.3 9.639341e+03 9.649277e+03 9.659836e+03 9.649900e+03
2.3 9.666743e+03 9.685666e+03 9.718785e+03 9.699862e+03
3.3 9.649623e+03 9.696222e+03 9.738533e+03 9.691934e+03
4.3 9.636495e+03 9.661547e+03 9.706058e+03 9.681005e+03
5.3 9.595669e+03 9.629310e+03 9.672643e+03 9.639001e+03
6.3 9.599289e+03 9.612110e+03 9.653109e+03 9.640288e+03
7.3 9.609735e+03 9.605366e+03 9.644099e+03 9.648469e+03
8.3 9.625064e+03 9.610164e+03 9.647372e+03 9.662271e+03
9.3 9.694140e+03 9.666354e+03 9.702702e+03 9.730488e+03
10.3 9.686021e+03 9.708196e+03 9.744194e+03 9.722019e+03
11.3 9.638109e+03 9.685990e+03 9.720584e+03 9.672704e+03
12.3 9.657748e+03 9.683315e+03 9.681680e+03 9.656112e+03
13.3 9.679761e+03 9.688563e+03 9.657173e+03 9.648371e+03
14.3 9.749536e+03 9.697571e+03 9.645105e+03 9.697070e+03
15.3 9.694775e+03 9.724515e+03 9.641210e+03 9.611470e+03
16.3 9.635743e+03 9.696799e+03 9.641680e+03 9.580623e+03
17.3 9.655704e+03 9.667812e+03 9.644025e+03 9.631917e+03
0.1 9.609735e+03 9.605366e+03 9.644099e+03 9.648469e+03
1.1 9.625064e+03 9.610164e+03 9.647372e+03 9.662271e+03
2.1 9.694140e+03 9.666354e+03 9.702702e+03 9.730488e+03
3.1 9.686021e+03 9.708196e+03 9.744194e+03 9.722019e+03
4.1 9.638109e+03 9.685990e+03 9.720584e+03 9.672704e+03
5.1 9.657748e+03 9.683315e+03 9.681680e+03 9.656112e+03
6.1 9.679761e+03 9.688563e+03 9.657173e+03 9.648371e+03
7.1 9.749536e+03 9.697571e+03 9.645105e+03 9.697070e+03
8.1 9.694775e+03 9.724515e+03 9.641210e+03 9.611470e+03
9.1 9.635743e+03 9.696799e+03 9.641680e+03 9.580623e+03
10.1 9.655704e+03 9.667812e+03 9.644025e+03 9.631917e+03
11.1 9.677338e+03 9.677273e+03 9.646403e+03 9.646468e+03
12.1 9.668660e+03 9.678468e+03 9.648165e+03 9.638357e+03
13.1 9.699940e+03 9.703047e+03 9.649169e+03 9.646062e+03
14.1 9.618591e+03 9.687586e+03 9.649674e+03 9.580679e+03
15.1 9.597531e+03 9.646975e+03 9.649900e+03 9.600457e+03
16.1 9.617565e+03 9.619559e+03 9.649983e+03 9.647989e+03
17.1 9.653224e+03 9.643664e+03 9.650009e+03 9.659569e+03
0.6 9.617459e+03 9.678972e+03 9.650185e+03 9.588672e+03
1.6 9.666459e+03 9.662648e+03 9.672527e+03 9.676337e+03
2.6 9.695924e+03 9.698735e+03 9.732671e+03 9.729861e+03
3.6 9.728164e+03 9.695946e+03 9.736086e+03 9.768305e+03
4.6 9.734660e+03 9.700763e+03 9.698643e+03 9.732541e+03
5.6 9.655011e+03 9.691763e+03 9.667533e+03 9.630781e+03
6.6 9.605580e+03 9.654311e+03 9.650541e+03 9.601809e+03
7.6 9.589325e+03 9.622352e+03 9.643205e+03 9.610178e+03
8.6 9.604196e+03 9.608781e+03 9.643544e+03 9.638960e+03
9.6 9.668578e+03 9.644616e+03 9.685707e+03 9.709668e+03
10.6 9.703991e+03 9.696077e+03 9.738759e+03 9.746673e+03
11.6 9.711688e+03 9.698408e+03 9.726622e+03 9.739902e+03
12.6 9.736063e+03 9.710381e+03 9.688335e+03 9.714017e+03
13.6 9.704698e+03 9.687946e+03 9.661564e+03 9.678316e+03
14.6 9.716849e+03 9.653413e+03 9.654540e+03 9.717976e+03
15.6 9.693993e+03 9.676391e+03 9.700162e+03 9.717764e+03
16.6 9.652813e+03 9.690777e+03 9.726849e+03 9.688884e+03
17.6 9.611090e+03 9.660443e+03 9.701859e+03 9.652506e+03
0.9 9.604196e+03 9.608781e+03 9.643544e+03 9.638960e+03
1.9 9.668578e+03 9.644616e+03 9.685707e+03 9.709668e+03
2.9 9.703991e+03 9.696077e+03 9.738759e+03 9.746673e+03
3.9 9.711688e+03 9.698408e+03 9.726622e+03 9.739902e+03
4.9 9.736063e+03 9.710381e+03 9.688335e+03 9.714017e+03
5.9 9.704698e+03 9.687946e+03 9.661564e+03 9.678316e+03
6.9 9.716849e+03 9.653413e+03 9.654540e+03 9.717976e+03
7.9 9.693993e+03 9.676391e+03 9.700162e+03 9.717764e+03
8.9 9.652813e+03 9.690777e+03 9.726849e+03 9.688884e+03
9.9 9.611090e+03 9.660443e+03 9.701859e+03 9.652506e+03
10.9 9.575457e+03 9.629533e+03 9.671779e+03 9.617703e+03
11.9 9.638661e+03 9.637557e+03 9.653569e+03 9.654672e+03
12.9 9.713090e+03 9.683306e+03 9.645668e+03 9.675452e+03
13.9 9.671888e+03 9.679149e+03 9.643562e+03 9.636302e+03
14.9 9.622729e+03 9.646686e+03 9.644684e+03 9.620727e+03
15.9 9.634849e+03 9.623158e+03 9.646971e+03 9.658662e+03
16.9 9.662091e+03 9.613376e+03 9.651149e+03 9.699863e+03
17.9 9.702437e+03 9.650839e+03 9.694177e+03 9.745775e+03
0.1 9.704698e+03 9.687946e+03 9.661564e+03 9.678316e+03
1.1 9.716849e+03 9.653413e+03 9.654540e+03 9.717976e+03
2.1 9.693993e+03 9.676391e+03 9.700162e+03 9.717764e+03
3.1 9.652813e+03 9.690777e+03 9.726849e+03 9.688884e+03
4.1 9.611090e+03 9.660443e+03 9.701859e+03 9.652506e+03
5.1 9.575457e+03 9.629533e+03 9.671779e+03 9.617703e+03
6.1 9.638661e+03 9.637557e+03 9.653569e+03 9.654672e+03
7.1 9.713090e+03 9.683306e+03 9.645668e+03 9.675452e+03
8.1 9.671888e+03 9.679149e+03 9.643562e+03 9.636302e+03
9.1 9.622729e+03 9.646686e+03 9.644684e+03 9.620727e+03
10.1 9.634849e+03 9.623158e+03 9.646971e+03 9.658662e+03
11.1 9.662091e+03 9.613376e+03 9.651149e+03 9.699863e+03
12.1 9.702437e+03 9.650839e+03 9.694177e+03 9.745775e+03
13.1 9.750912e+03 9.718522e+03 9.762772e+03 9.795162e+03
14.1 9.771674e+03 9.714792e+03 9.757456e+03 9.814337e+03
15.1 9.746495e+03 9.693067e+03 9.710130e+03 9.763559e+03
16.1 9.752866e+03 9.696574e+03 9.671608e+03 9.727900e+03
17.1 9.667369e+03 9.668890e+03 9.651816e+03 9.650295e+03
0.9 9.662091e+03 9.613376e+03 9.651149e+03 9.699863e+03
1.9 9.702437e+03 9.650839e+03 9.694177e+03 9.745775e+03
2.9 9.750912e+03 9.718522e+03 9.762772e+03 9.795162e+03
3.9 9.771674e+03 9.714792e+03 9.757456e+03 9.814337e+03
4.9 9.746495e+03 9.693067e+03 9.710130e+03 9.763559e+03
5.9 9.752866e+03 9.696574e+03 9.671608e+03 9.727900e+03
6.9 9.667369e+03 9.668890e+03 9.651816e+03 9.650295e+03
7.9 9.642300e+03 9.634196e+03 9.643866e+03 9.651970e+03
8.9 9.643182e+03 9.632233e+03 9.642864e+03 9.653813e+03
9.9 9.698259e+03 9.701370e+03 9.645264e+03 9.642154e+03
10.9 9.739248e+03 9.730153e+03 9.648523e+03 9.657618e+03
11.9 9.691035e+03 9.689158e+03 9.651149e+03 9.653025e+03
12.9 9.656235e+03 9.645939e+03 9.652902e+03 9.663197e+03
13.9 9.703582e+03 9.659755e+03 9.653955e+03 9.697782e+03
14.9 9.734606e+03 9.691345e+03 9.654537e+03 9.697798e+03
15.9 9.674144e+03 9.670791e+03 9.654878e+03 9.658230e+03
16.9 9.588200e+03 9.639285e+03 9.655105e+03 9.604020e+03
17.9 9.634202e+03 9.658297e+03 9.655293e+03 9.631199e+03
0.1 9.662062e+03 9.603179e+03 9.656551e+03 9.715434e+03
1.1 9.634540e+03 9.609490e+03 9.661740e+03 9.686791e+03
2.1 9.648148e+03 9.664273e+03 9.713177e+03 9.697052e+03
3.1 9.644329e+03 9.710451e+03 9.755883e+03 9.689762e+03
4.1 9.636343e+03 9.688379e+03 9.731356e+03 9.679320e+03
5.1 9.631477e+03 9.649412e+03 9.690901e+03 9.672966e+03
6.1 9.646687e+03 9.624523e+03 9.665293e+03 9.687458e+03
7.1 9.658485e+03 9.612376e+03 9.652823e+03 9.698931e+03
8.1 9.641832e+03 9.624534e+03 9.648471e+03 9.665769e+03
9.1 9.690195e+03 9.700823e+03 9.648840e+03 9.638213e+03
10.1 9.679358e+03 9.739199e+03 9.651175e+03 9.591334e+03
11.1 9.660322e+03 9.700186e+03 9.653585e+03 9.613720e+03
12.1 9.605658e+03 9.652414e+03 9.655354e+03 9.608598e+03
13.1 9.565536e+03 9.625545e+03 9.656427e+03 9.596418e+03
14.1 9.689729e+03 9.662545e+03 9.656955e+03 9.684140e+03
15.1 9.774591e+03 9.723156e+03 9.657194e+03 9.708629e+03
16.1 9.757917e+03 9.722976e+03 9.657281e+03 9.692221e+03
17.1 9.710456e+03 9.726899e+03 9.657301e+03 9.640858e+03
0.4 9.601497e+03 9.606029e+03 9.656800e+03 9.652268e+03
1.4 9.586289e+03 9.622599e+03 9.674280e+03 9.637970e+03
2.4 9.671467e+03 9.689394e+03 9.738520e+03 9.720592e+03
3.4 9.684765e+03 9.710769e+03 9.756371e+03 9.730367e+03
4.4 9.616134e+03 9.676279e+03 9.719001e+03 9.658855e+03
5.4 9.565314e+03 9.639864e+03 9.680645e+03 9.606096e+03
6.4 9.603659e+03 9.619434e+03 9.659168e+03 9.643393e+03
7.4 9.620040e+03 9.610287e+03 9.649505e+03 9.659258e+03
8.4 9.632153e+03 9.609013e+03 9.647999e+03 9.671139e+03
9.4 9.678082e+03 9.645022e+03 9.683921e+03 9.716981e+03
10.4 9.764602e+03 9.703195e+03 9.742081e+03 9.803488e+03
11.4 9.734421e+03 9.695537e+03 9.734404e+03 9.773287e+03
12.4 9.687192e+03 9.678508e+03 9.697210e+03 9.705893e+03
13.4 9.692231e+03 9.695605e+03 9.668470e+03 9.665096e+03
14.4 9.706135e+03 9.690322e+03 9.653968e+03 9.669780e+03
15.4 9.724025e+03 9.726111e+03 9.648152e+03 9.646066e+03
16.4 9.724136e+03 9.730423e+03 9.647619e+03 9.641332e+03
17.4 9.673756e+03 9.682485e+03 9.649491e+03 9.640762e+03
0.8 9.632153e+03 9.609013e+03 9.647999e+03 9.671139e+03
1.8 9.678082e+03 9.645022e+03 9.683921e+03 9.716981e+03
2.8 9.764602e+03 9.703195e+03 9.742081e+03 9.803488e+03
3.8 9.734421e+03 9.695537e+03 9.734404e+03 9.773287e+03
4.8 9.687192e+03 9.678508e+03 9.697210e+03 9.705893e+03
5.8 9.692231e+03 9.695605e+03 9.668470e+03 9.665096e+03
6.8 9.706135e+03 9.690322e+03 9.653968e+03 9.669780e+03
7.8 9.724025e+03 9.726111e+03 9.648152e+03 9.646066e+03
8.8 9.724136e+03 9.730423e+03 9.647619e+03 9.641332e+03
9.8 9.673756e+03 9.682485e+03 9.649491e+03 9.640762e+03
10.8 9.615081e+03 9.636569e+03 9.651919e+03 9.630431e+03
11.8 9.631869e+03 9.612996e+03 9.653797e+03 9.672670e+03
12.8 9.642141e+03 9.635194e+03 9.655003e+03 9.661950e+03
13.8 9.713433e+03 9.696718e+03 9.655641e+03 9.672357e+03
14.8 9.699308e+03 9.695811e+03 9.655973e+03 9.659471e+03
15.8 9.630972e+03 9.657438e+03 9.656146e+03 9.629680e+03
16.8 9.600931e+03 9.627945e+03 9.656241e+03 9.629228e+03
17.8 9.699536e+03 9.617272e+03 9.656308e+03 9.738572e+03
0.6 9.581818e+03 9.605653e+03 9.657247e+03 9.633411e+03
1.6 9.625355e+03 9.634191e+03 9.685314e+03 9.676479e+03
2.6 9.709900e+03 9.704345e+03 9.753630e+03 9.759185e+03
3.6 9.720945e+03 9.713619e+03 9.761075e+03 9.768401e+03
4.6 9.712555e+03 9.685820e+03 9.718370e+03 9.745105e+03
5.6 9.727025e+03 9.692878e+03 9.680223e+03 9.714370e+03
6.6 9.656119e+03 9.685802e+03 9.658649e+03 9.628966e+03
7.6 9.698750e+03 9.708051e+03 9.649770e+03 9.640469e+03
8.6 9.719054e+03 9.700411e+03 9.648004e+03 9.666647e+03
9.6 9.640047e+03 9.662220e+03 9.649932e+03 9.627759e+03
10.6 9.639459e+03 9.675180e+03 9.652916e+03 9.617195e+03
11.6 9.712887e+03 9.679495e+03 9.655583e+03 9.688975e+03
12.6 9.691451e+03 9.649447e+03 9.659068e+03 9.701072e+03
13.6 9.714689e+03 9.661137e+03 9.701232e+03 9.754784e+03
14.6 9.716748e+03 9.702141e+03 9.757131e+03 9.771738e+03
15.6 9.667254e+03 9.697644e+03 9.745067e+03 9.714676e+03
16.6 9.612940e+03 9.701150e+03 9.703229e+03 9.615018e+03
17.6 9.658339e+03 9.683446e+03 9.673429e+03 9.648322e+03
0.9 9.691451e+03 9.649447e+03 9.659068e+03 9.701072e+03
1.9 9.714689e+03 9.661137e+03 9.701232e+03 9.754784e+03
2.9 9.716748e+03 9.702141e+03 9.757131e+03 9.771738e+03
3.9 9.667254e+03 9.697644e+03 9.745067e+03 9.714676e+03
4.9 9.612940e+03 9.701150e+03 9.703229e+03 9.615018e+03
5.9 9.658339e+03 9.683446e+03 9.673429e+03 9.648322e+03
6.9 9.733086e+03 9.704359e+03 9.657933e+03 9.686661e+03
7.9 9.758182e+03 9.710596e+03 9.652303e+03 9.699890e+03
8.9 9.685552e+03 9.667917e+03 9.652076e+03 9.669711e+03
9.9 9.611210e+03 9.632950e+03 9.654443e+03 9.632703e+03
10.9 9.630040e+03 9.660253e+03 9.657243e+03 9.627030e+03
11.9 9.680599e+03 9.665882e+03 9.659550e+03 9.674266e+03
12.9 9.665416e+03 9.643755e+03 9.661061e+03 9.682722e+03
13.9 9.701871e+03 9.676696e+03 9.662007e+03 9.687182e+03
14.9 9.747570e+03 9.709142e+03 9.662623e+03 9.701050e+03
15.9 9.747369e+03 9.678565e+03 9.663062e+03 9.731866e+03
16.9 9.725754e+03 9.676167e+03 9.663430e+03 9.713017e+03
17.9 9.663926e+03 9.683230e+03 9.663770e+03 9.644466e+03
