0.7 8.105323e+03 8.399832e+03 8.476354e+03 8.181845e+03
1.7 8.983317e+03 8.387773e+03 8.432713e+03 9.028258e+03
2.7 8.739975e+03 8.360424e+03 8.371272e+03 8.750822e+03
3.7 8.000854e+03 8.397045e+03 8.386942e+03 7.990751e+03
4.7 8.157377e+03 8.499275e+03 8.431455e+03 8.089558e+03
5.7 8.455552e+03 8.644324e+03 8.463839e+03 8.275067e+03
6.7 8.556117e+03 8.649139e+03 8.479751e+03 8.386730e+03
7.7 8.670213e+03 8.580325e+03 8.485813e+03 8.575700e+03
8.7 8.898428e+03 8.496643e+03 8.486133e+03 8.887918e+03
9.7 8.249165e+03 8.457562e+03 8.483791e+03 8.275394e+03
10.7 8.215150e+03 8.461657e+03 8.480930e+03 8.234423e+03
11.7 8.007721e+03 8.476875e+03 8.478745e+03 8.009590e+03
12.7 8.541343e+03 8.490202e+03 8.477358e+03 8.528499e+03
13.7 8.774220e+03 8.499747e+03 8.476570e+03 8.751042e+03
14.7 8.784039e+03 8.502279e+03 8.476161e+03 8.757921e+03
15.7 7.851052e+03 8.476359e+03 8.475931e+03 7.850624e+03
16.7 8.658228e+03 8.456718e+03 8.475786e+03 8.677296e+03
17.7 7.976619e+03 8.471530e+03 8.475674e+03 7.980763e+03
0.7 8.302693e+03 8.517613e+03 8.473899e+03 8.258979e+03
1.7 8.442121e+03 8.493063e+03 8.429576e+03 8.378635e+03
2.7 8.048943e+03 8.430295e+03 8.364009e+03 7.982657e+03
3.7 7.997566e+03 8.439362e+03 8.377569e+03 7.935774e+03
4.7 8.450039e+03 8.477763e+03 8.425603e+03 8.397879e+03
5.7 7.922691e+03 8.359998e+03 8.459786e+03 8.022478e+03
6.7 8.349768e+03 8.208721e+03 8.477708e+03 8.618754e+03
7.7 8.277214e+03 8.281800e+03 8.484476e+03 8.479890e+03
8.7 8.154367e+03 8.397852e+03 8.485131e+03 8.241645e+03
9.7 8.788319e+03 8.450360e+03 8.482838e+03 8.820797e+03
10.7 8.239913e+03 8.482971e+03 8.480055e+03 8.236997e+03
11.7 8.219744e+03 8.468586e+03 8.477843e+03 8.229002e+03
12.7 8.265642e+03 8.461253e+03 8.476546e+03 8.280935e+03
13.7 8.369610e+03 8.486387e+03 8.475905e+03 8.359129e+03
14.7 8.750029e+03 8.510121e+03 8.475655e+03 8.715563e+03
15.7 8.955678e+03 8.520083e+03 8.475618e+03 8.911213e+03
16.7 8.239484e+03 8.501609e+03 8.475675e+03 8.213550e+03
17.7 8.800096e+03 8.473633e+03 8.475777e+03 8.802240e+03
0.4 8.881774e+03 8.519961e+03 8.480623e+03 8.842437e+03
1.4 8.067367e+03 8.485227e+03 8.458649e+03 8.040789e+03
2.4 8.766949e+03 8.386599e+03 8.368250e+03 8.748601e+03
3.4 8.526694e+03 8.346989e+03 8.333617e+03 8.513322e+03
4.4 8.633001e+03 8.396040e+03 8.385081e+03 8.622041e+03
5.4 8.502109e+03 8.449823e+03 8.441940e+03 8.494226e+03
6.4 7.943283e+03 8.430477e+03 8.476664e+03 7.989470e+03
7.4 8.578162e+03 8.388720e+03 8.492251e+03 8.681693e+03
8.4 8.564539e+03 8.416787e+03 8.496960e+03 8.644712e+03
9.4 9.032884e+03 8.465845e+03 8.495668e+03 9.062707e+03
10.4 8.713922e+03 8.637959e+03 8.492295e+03 8.568257e+03
11.4 9.077938e+03 8.781415e+03 8.489057e+03 8.785579e+03
12.4 8.989027e+03 8.664071e+03 8.486986e+03 8.811942e+03
13.4 8.229264e+03 8.462123e+03 8.485911e+03 8.253052e+03
14.4 7.575195e+03 8.397812e+03 8.485554e+03 7.662936e+03
15.4 8.094348e+03 8.416634e+03 8.485559e+03 8.163273e+03
16.4 8.334877e+03 8.446515e+03 8.485728e+03 8.374090e+03
17.4 8.475086e+03 8.468579e+03 8.485965e+03 8.492472e+03
0.4 8.353207e+03 8.489763e+03 8.487787e+03 8.351231e+03
1.4 8.177352e+03 8.472452e+03 8.468578e+03 8.173478e+03
2.4 7.997988e+03 8.382337e+03 8.378922e+03 7.994573e+03
3.4 8.683629e+03 8.338369e+03 8.336423e+03 8.681683e+03
4.4 8.840407e+03 8.386078e+03 8.385620e+03 8.839949e+03
5.4 8.721127e+03 8.443770e+03 8.444413e+03 8.721770e+03
6.4 8.578886e+03 8.476284e+03 8.477612e+03 8.580213e+03
7.4 8.594962e+03 8.432841e+03 8.434538e+03 8.596659e+03
8.4 8.537707e+03 8.361308e+03 8.363176e+03 8.539575e+03
9.4 8.234872e+03 8.418499e+03 8.383207e+03 8.199580e+03
10.4 8.893804e+03 8.584931e+03 8.437648e+03 8.746520e+03
11.4 8.764796e+03 8.614947e+03 8.465681e+03 8.615530e+03
12.4 8.877518e+03 8.496918e+03 8.414864e+03 8.795464e+03
13.4 7.727022e+03 8.418248e+03 8.391792e+03 7.700565e+03
14.4 8.652070e+03 8.427088e+03 8.429389e+03 8.654371e+03
15.4 8.302134e+03 8.473551e+03 8.468303e+03 8.296887e+03
16.4 8.203545e+03 8.608196e+03 8.490099e+03 8.085447e+03
17.4 8.238161e+03 8.636605e+03 8.498670e+03 8.100227e+03
0.9 8.578886e+03 8.476284e+03 8.477612e+03 8.580213e+03
1.9 8.594962e+03 8.432841e+03 8.434538e+03 8.596659e+03
2.9 8.537707e+03 8.361308e+03 8.363176e+03 8.539575e+03
3.9 8.234872e+03 8.418499e+03 8.383207e+03 8.199580e+03
4.9 8.893804e+03 8.584931e+03 8.437648e+03 8.746520e+03
5.9 8.764796e+03 8.614947e+03 8.465681e+03 8.615530e+03
6.9 8.877518e+03 8.496918e+03 8.414864e+03 8.795464e+03
7.9 7.727022e+03 8.418248e+03 8.391792e+03 7.700565e+03
8.9 8.652070e+03 8.427088e+03 8.429389e+03 8.654371e+03
9.9 8.302134e+03 8.473551e+03 8.468303e+03 8.296887e+03
10.9 8.203545e+03 8.608196e+03 8.490099e+03 8.085447e+03
11.9 8.238161e+03 8.636605e+03 8.498670e+03 8.100227e+03
12.9 8.862476e+03 8.502640e+03 8.500228e+03 8.860063e+03
13.9 8.307011e+03 8.403804e+03 8.498145e+03 8.401351e+03
14.9 8.205874e+03 8.408084e+03 8.494943e+03 8.292733e+03
15.9 8.133572e+03 8.441576e+03 8.492036e+03 8.184033e+03
16.9 8.380292e+03 8.466670e+03 8.490081e+03 8.403703e+03
17.9 8.269344e+03 8.482503e+03 8.488898e+03 8.275739e+03
0.2 8.893804e+03 8.584931e+03 8.437648e+03 8.746520e+03
1.2 8.764796e+03 8.614947e+03 8.465681e+03 8.615530e+03
2.2 8.877518e+03 8.496918e+03 8.414864e+03 8.795464e+03
3.2 7.727022e+03 8.418248e+03 8.391792e+03 7.700565e+03
4.2 8.652070e+03 8.427088e+03 8.429389e+03 8.654371e+03
5.2 8.302134e+03 8.473551e+03 8.468303e+03 8.296887e+03
6.2 8.203545e+03 8.608196e+03 8.490099e+03 8.085447e+03
7.2 8.238161e+03 8.636605e+03 8.498670e+03 8.100227e+03
8.2 8.862476e+03 8.502640e+03 8.500228e+03 8.860063e+03
9.2 8.307011e+03 8.403804e+03 8.498145e+03 8.401351e+03
10.2 8.205874e+03 8.408084e+03 8.494943e+03 8.292733e+03
11.2 8.133572e+03 8.441576e+03 8.492036e+03 8.184033e+03
12.2 8.380292e+03 8.466670e+03 8.490081e+03 8.403703e+03
13.2 8.269344e+03 8.482503e+03 8.488898e+03 8.275739e+03
14.2 8.310804e+03 8.481338e+03 8.488268e+03 8.317733e+03
15.2 8.641576e+03 8.450082e+03 8.487914e+03 8.679408e+03
16.2 8.224911e+03 8.440048e+03 8.487674e+03 8.272537e+03
17.2 8.308248e+03 8.458058e+03 8.487476e+03 8.337666e+03
0.3 8.829437e+03 8.411981e+03 8.485800e+03 8.903255e+03
1.3 8.642885e+03 8.407849e+03 8.468864e+03 8.703900e+03
2.3 8.089007e+03 8.357289e+03 8.384478e+03 8.116196e+03
3.3 8.312726e+03 8.348545e+03 8.352868e+03 8.317049e+03
4.3 8.052110e+03 8.404675e+03 8.398165e+03 8.045600e+03
5.3 8.642486e+03 8.459702e+03 8.449557e+03 8.632342e+03
6.3 8.947826e+03 8.488485e+03 8.478616e+03 8.937958e+03
7.3 8.682461e+03 8.462891e+03 8.454953e+03 8.674524e+03
8.3 8.484136e+03 8.390376e+03 8.384501e+03 8.478261e+03
9.3 7.797661e+03 8.391512e+03 8.387184e+03 7.793333e+03
10.3 8.257723e+03 8.436817e+03 8.433433e+03 8.254339e+03
11.3 7.867620e+03 8.471493e+03 8.468555e+03 7.864681e+03
12.3 8.361230e+03 8.483094e+03 8.486966e+03 8.365102e+03
13.3 8.443645e+03 8.422370e+03 8.493810e+03 8.515085e+03
14.3 8.754301e+03 8.377083e+03 8.494321e+03 8.871538e+03
15.3 8.585711e+03 8.409143e+03 8.491670e+03 8.668238e+03
16.3 8.406015e+03 8.453175e+03 8.488398e+03 8.441238e+03
17.3 8.121003e+03 8.480804e+03 8.485691e+03 8.125890e+03
0.6 8.947826e+03 8.488485e+03 8.478616e+03 8.937958e+03
1.6 8.682461e+03 8.462891e+03 8.454953e+03 8.674524e+03
2.6 8.484136e+03 8.390376e+03 8.384501e+03 8.478261e+03
3.6 7.797661e+03 8.391512e+03 8.387184e+03 7.793333e+03
4.6 8.257723e+03 8.436817e+03 8.433433e+03 8.254339e+03
5.6 7.867620e+03 8.471493e+03 8.468555e+03 7.864681e+03
6.6 8.361230e+03 8.483094e+03 8.486966e+03 8.365102e+03
7.6 8.443645e+03 8.422370e+03 8.493810e+03 8.515085e+03
8.6 8.754301e+03 8.377083e+03 8.494321e+03 8.871538e+03
9.6 8.585711e+03 8.409143e+03 8.491670e+03 8.668238e+03
10.6 8.406015e+03 8.453175e+03 8.488398e+03 8.441238e+03
11.6 8.121003e+03 8.480804e+03 8.485691e+03 8.125890e+03
12.6 8.491460e+03 8.493203e+03 8.483986e+03 8.482243e+03
13.6 8.119684e+03 8.496830e+03 8.483026e+03 8.105880e+03
14.6 8.137589e+03 8.481113e+03 8.482518e+03 8.138993e+03
15.6 8.057143e+03 8.442386e+03 8.482257e+03 8.097014e+03
16.6 8.428444e+03 8.435732e+03 8.482105e+03 8.474818e+03
17.6 8.641654e+03 8.464810e+03 8.482007e+03 8.658851e+03
0.2 8.564835e+03 8.485158e+03 8.482046e+03 8.561724e+03
1.2 9.105234e+03 8.495495e+03 8.472884e+03 9.082624e+03
2.2 8.247135e+03 8.422108e+03 8.400439e+03 8.225467e+03
3.2 8.253050e+03 8.381070e+03 8.362357e+03 8.234336e+03
4.2 8.133647e+03 8.417030e+03 8.399614e+03 8.116231e+03
5.2 8.335446e+03 8.482436e+03 8.447444e+03 8.300454e+03
6.2 8.997317e+03 8.623649e+03 8.475983e+03 8.849651e+03
7.2 8.745399e+03 8.671056e+03 8.489735e+03 8.564078e+03
8.2 8.609730e+03 8.607841e+03 8.493998e+03 8.495888e+03
9.2 8.754805e+03 8.472951e+03 8.493304e+03 8.775157e+03
10.2 8.555430e+03 8.378119e+03 8.490616e+03 8.667927e+03
11.2 8.504541e+03 8.405695e+03 8.488052e+03 8.586899e+03
12.2 8.458803e+03 8.615710e+03 8.486279e+03 8.329372e+03
13.2 8.572749e+03 8.778482e+03 8.485411e+03 8.279678e+03
14.2 8.407583e+03 8.727785e+03 8.485127e+03 8.164924e+03
15.2 8.353214e+03 8.623276e+03 8.485166e+03 8.215104e+03
16.2 8.773052e+03 8.507137e+03 8.485371e+03 8.751286e+03
17.2 8.673515e+03 8.412545e+03 8.485649e+03 8.746619e+03
0.5 7.964664e+03 8.304507e+03 8.488208e+03 8.148365e+03
1.5 8.198686e+03 8.354997e+03 8.460053e+03 8.303741e+03
2.5 8.823219e+03 8.387392e+03 8.381920e+03 8.817746e+03
3.5 8.663859e+03 8.451964e+03 8.378101e+03 8.589996e+03
4.5 8.641735e+03 8.532452e+03 8.425892e+03 8.535175e+03
5.5 8.209975e+03 8.584131e+03 8.465727e+03 8.091571e+03
6.5 8.172715e+03 8.559753e+03 8.440340e+03 8.053302e+03
7.5 8.827115e+03 8.513767e+03 8.397211e+03 8.710560e+03
8.5 9.173475e+03 8.478229e+03 8.420649e+03 9.115895e+03
9.5 8.691233e+03 8.303274e+03 8.460995e+03 8.848955e+03
10.5 7.798569e+03 8.301687e+03 8.479575e+03 7.976458e+03
11.5 8.079032e+03 8.379144e+03 8.428789e+03 8.128678e+03
12.5 8.157420e+03 8.462870e+03 8.399987e+03 8.094537e+03
13.5 8.498387e+03 8.439272e+03 8.432516e+03 8.491630e+03
14.5 8.857389e+03 8.318812e+03 8.469700e+03 9.008277e+03
15.5 8.414583e+03 8.365430e+03 8.491581e+03 8.540734e+03
16.5 8.430222e+03 8.412049e+03 8.500837e+03 8.519010e+03
17.5 8.078838e+03 8.489677e+03 8.503276e+03 8.092437e+03
0.8 8.209975e+03 8.584131e+03 8.465727e+03 8.091571e+03
1.8 8.172715e+03 8.559753e+03 8.440340e+03 8.053302e+03
2.8 8.827115e+03 8.513767e+03 8.397211e+03 8.710560e+03
3.8 9.173475e+03 8.478229e+03 8.420649e+03 9.115895e+03
4.8 8.691233e+03 8.303274e+03 8.460995e+03 8.848955e+03
5.8 7.798569e+03 8.301687e+03 8.479575e+03 7.976458e+03
6.8 8.079032e+03 8.379144e+03 8.428789e+03 8.128678e+03
7.8 8.157420e+03 8.462870e+03 8.399987e+03 8.094537e+03
8.8 8.498387e+03 8.439272e+03 8.432516e+03 8.491630e+03
9.8 8.857389e+03 8.318812e+03 8.469700e+03 9.008277e+03
10.8 8.414583e+03 8.365430e+03 8.491581e+03 8.540734e+03
11.8 8.430222e+03 8.412049e+03 8.500837e+03 8.519010e+03
12.8 8.078838e+03 8.489677e+03 8.503276e+03 8.092437e+03
13.8 8.499704e+03 8.588667e+03 8.502001e+03 8.413038e+03
14.8 8.721350e+03 8.590084e+03 8.499396e+03 8.630661e+03
15.8 8.251216e+03 8.481035e+03 8.496860e+03 8.267041e+03
0.1 8.691233e+03 8.303274e+03 8.460995e+03 8.848955e+03
1.1 7.798569e+03 8.301687e+03 8.479575e+03 7.976458e+03
2.1 8.079032e+03 8.379144e+03 8.428789e+03 8.128678e+03
3.1 8.157420e+03 8.462870e+03 8.399987e+03 8.094537e+03
4.1 8.498387e+03 8.439272e+03 8.432516e+03 8.491630e+03
5.1 8.857389e+03 8.318812e+03 8.469700e+03 9.008277e+03
6.1 8.414583e+03 8.365430e+03 8.491581e+03 8.540734e+03
7.1 8.430222e+03 8.412049e+03 8.500837e+03 8.519010e+03
8.1 8.078838e+03 8.489677e+03 8.503276e+03 8.092437e+03
9.1 8.499704e+03 8.588667e+03 8.502001e+03 8.413038e+03
10.1 8.721350e+03 8.590084e+03 8.499396e+03 8.630661e+03
11.1 8.251216e+03 8.481035e+03 8.496860e+03 8.267041e+03
