7.408122e+03 7.362664e+03 7.366008e+03 7.404778e+03
7.293773e+03 7.362579e+03 7.366042e+03 7.290310e+03
7.286935e+03 7.362516e+03 7.366090e+03 7.283361e+03
7.293153e+03 7.362460e+03 7.362318e+03 7.293295e+03
7.298541e+03 7.362397e+03 7.350530e+03 7.310408e+03
7.373859e+03 7.362328e+03 7.348815e+03 7.387373e+03
7.307665e+03 7.362264e+03 7.347576e+03 7.322352e+03
7.395179e+03 7.362412e+03 7.348478e+03 7.409113e+03
7.348131e+03 7.369635e+03 7.366523e+03 7.351243e+03
7.349590e+03 7.379835e+03 7.388282e+03 7.341143e+03
7.425334e+03 7.377134e+03 7.388551e+03 7.413918e+03
7.402691e+03 7.369609e+03 7.385488e+03 7.386813e+03
7.381109e+03 7.364119e+03 7.391696e+03 7.353532e+03
7.362017e+03 7.361394e+03 7.386031e+03 7.337379e+03
7.350740e+03 7.360318e+03 7.372913e+03 7.338146e+03
7.366809e+03 7.360204e+03 7.352867e+03 7.374146e+03
7.332103e+03 7.360536e+03 7.345504e+03 7.347135e+03
7.458090e+03 7.360957e+03 7.351873e+03 7.467175e+03
7.411125e+03 7.361269e+03 7.359579e+03 7.412815e+03
7.413253e+03 7.361450e+03 7.364640e+03 7.410063e+03
7.388081e+03 7.361533e+03 7.367400e+03 7.382214e+03
7.420375e+03 7.361557e+03 7.367256e+03 7.414676e+03
7.362589e+03 7.361553e+03 7.355442e+03 7.368701e+03
7.351643e+03 7.361538e+03 7.346532e+03 7.366649e+03
7.369708e+03 7.361520e+03 7.352179e+03 7.379050e+03
7.400820e+03 7.361502e+03 7.368428e+03 7.393894e+03
7.361213e+03 7.361696e+03 7.379605e+03 7.343304e+03
7.359187e+03 7.368780e+03 7.368535e+03 7.359432e+03
7.332306e+03 7.379078e+03 7.349433e+03 7.361951e+03
7.341980e+03 7.376991e+03 7.348904e+03 7.370067e+03
7.385689e+03 7.369350e+03 7.363631e+03 7.391409e+03
7.368074e+03 7.363879e+03 7.383012e+03 7.348941e+03
7.422092e+03 7.364603e+03 7.380184e+03 7.406511e+03
7.352954e+03 7.373231e+03 7.359995e+03 7.366190e+03
7.351331e+03 7.373554e+03 7.353706e+03 7.371179e+03
7.387648e+03 7.367829e+03 7.358817e+03 7.396660e+03
7.402112e+03 7.363480e+03 7.364379e+03 7.401214e+03
7.379283e+03 7.368508e+03 7.378201e+03 7.369590e+03
7.339007e+03 7.378568e+03 7.395461e+03 7.322114e+03
7.396917e+03 7.376189e+03 7.392964e+03 7.380142e+03
7.402875e+03 7.368448e+03 7.381730e+03 7.389593e+03
7.378859e+03 7.363113e+03 7.377845e+03 7.364128e+03
7.408345e+03 7.360433e+03 7.378359e+03 7.390419e+03
7.379630e+03 7.359495e+03 7.374462e+03 7.364662e+03
7.380238e+03 7.359485e+03 7.365405e+03 7.374318e+03
7.324428e+03 7.359912e+03 7.350024e+03 7.334315e+03
7.383504e+03 7.360390e+03 7.347886e+03 7.396008e+03
7.347599e+03 7.360761e+03 7.346886e+03 7.361473e+03
7.412001e+03 7.360973e+03 7.349771e+03 7.423203e+03
7.363330e+03 7.361073e+03 7.358759e+03 7.365644e+03
7.407146e+03 7.361108e+03 7.366414e+03 7.401839e+03
7.364683e+03 7.361106e+03 7.369856e+03 7.355933e+03
7.279647e+03 7.361089e+03 7.362246e+03 7.278489e+03
7.371625e+03 7.361063e+03 7.351063e+03 7.381625e+03
7.351913e+03 7.361035e+03 7.350814e+03 7.362134e+03
7.298708e+03 7.361003e+03 7.348820e+03 7.310891e+03
7.364456e+03 7.360970e+03 7.353832e+03 7.371593e+03
7.390594e+03 7.360934e+03 7.361113e+03 7.390415e+03
7.324059e+03 7.360898e+03 7.355758e+03 7.329198e+03
7.353110e+03 7.360859e+03 7.352415e+03 7.361554e+03
7.360641e+03 7.360819e+03 7.359015e+03 7.362445e+03
7.288665e+03 7.360812e+03 7.365782e+03 7.283696e+03
7.297157e+03 7.365295e+03 7.363124e+03 7.299328e+03
7.339609e+03 7.374616e+03 7.351216e+03 7.363009e+03
7.342629e+03 7.373948e+03 7.352204e+03 7.364373e+03
7.370146e+03 7.367686e+03 7.360490e+03 7.377342e+03
7.338289e+03 7.362908e+03 7.366514e+03 7.334683e+03
7.265108e+03 7.360313e+03 7.369083e+03 7.256338e+03
7.344076e+03 7.359257e+03 7.360926e+03 7.342406e+03
7.373337e+03 7.359052e+03 7.345929e+03 7.386459e+03
7.341062e+03 7.359274e+03 7.346660e+03 7.353676e+03
7.347348e+03 7.359591e+03 7.361413e+03 7.345526e+03
7.368006e+03 7.359846e+03 7.377802e+03 7.350051e+03
7.422812e+03 7.359983e+03 7.379976e+03 7.402819e+03
7.394291e+03 7.360036e+03 7.375846e+03 7.378481e+03
7.379737e+03 7.363758e+03 7.377041e+03 7.366454e+03
7.393292e+03 7.378901e+03 7.395806e+03 7.376387e+03
7.395703e+03 7.384703e+03 7.402437e+03 7.377968e+03
7.371705e+03 7.376095e+03 7.389587e+03 7.358214e+03
7.464639e+03 7.366872e+03 7.375580e+03 7.455931e+03
7.445349e+03 7.368327e+03 7.357172e+03 7.456504e+03
7.292339e+03 7.373431e+03 7.342682e+03 7.323089e+03
7.357256e+03 7.369429e+03 7.346170e+03 7.380514e+03
7.364623e+03 7.363406e+03 7.355195e+03 7.372833e+03
7.399083e+03 7.359758e+03 7.358651e+03 7.400190e+03
7.273563e+03 7.358348e+03 7.359128e+03 7.272784e+03
7.318400e+03 7.364502e+03 7.352955e+03 7.329947e+03
7.455267e+03 7.376094e+03 7.339616e+03 7.491745e+03
7.376362e+03 7.374969e+03 7.342937e+03 7.408395e+03
7.335944e+03 7.367606e+03 7.354072e+03 7.349478e+03
7.340647e+03 7.361808e+03 7.362407e+03 7.340047e+03
7.380929e+03 7.358864e+03 7.366374e+03 7.373419e+03
7.365381e+03 7.357666e+03 7.367743e+03 7.355304e+03
7.397435e+03 7.357529e+03 7.366491e+03 7.388473e+03
7.333615e+03 7.357880e+03 7.354391e+03 7.337105e+03
7.375259e+03 7.358350e+03 7.344100e+03 7.389509e+03
7.387302e+03 7.358711e+03 7.348831e+03 7.397182e+03
7.330786e+03 7.358938e+03 7.357292e+03 7.332432e+03
7.326840e+03 7.359046e+03 7.362657e+03 7.323229e+03
7.302584e+03 7.359091e+03 7.365230e+03 7.296445e+03
7.337962e+03 7.362348e+03 7.370655e+03 7.329655e+03
7.392829e+03 7.377376e+03 7.391733e+03 7.378472e+03
7.386544e+03 7.384510e+03 7.401225e+03 7.369829e+03
7.438837e+03 7.376300e+03 7.389002e+03 7.426135e+03
7.383477e+03 7.366481e+03 7.374655e+03 7.375303e+03
7.427899e+03 7.360942e+03 7.366528e+03 7.422313e+03
7.343200e+03 7.368162e+03 7.376578e+03 7.334785e+03
7.409776e+03 7.380116e+03 7.393389e+03 7.396503e+03
7.400376e+03 7.376779e+03 7.393302e+03 7.383854e+03
7.321878e+03 7.367685e+03 7.394516e+03 7.295047e+03
7.411070e+03 7.363008e+03 7.388115e+03 7.385964e+03
7.413587e+03 7.371524e+03 7.391650e+03 7.393461e+03
7.386069e+03 7.375395e+03 7.390087e+03 7.371378e+03
7.331454e+03 7.369112e+03 7.377551e+03 7.323014e+03
7.292923e+03 7.362608e+03 7.369283e+03 7.286247e+03
7.359156e+03 7.358968e+03 7.378341e+03 7.339783e+03
7.454396e+03 7.358759e+03 7.378222e+03 7.434934e+03
7.324600e+03 7.368715e+03 7.355856e+03 7.337458e+03
7.332169e+03 7.374631e+03 7.341476e+03 7.365325e+03
7.347654e+03 7.369975e+03 7.345680e+03 7.371949e+03
7.369307e+03 7.363697e+03 7.354210e+03 7.378794e+03
7.379577e+03 7.359985e+03 7.360020e+03 7.379542e+03
7.343431e+03 7.358245e+03 7.363366e+03 7.338310e+03
7.378198e+03 7.357763e+03 7.361026e+03 7.374935e+03
7.312489e+03 7.357942e+03 7.347243e+03 7.323188e+03
7.317252e+03 7.358390e+03 7.343116e+03 7.332527e+03
7.389848e+03 7.358815e+03 7.351035e+03 7.397628e+03
7.378601e+03 7.359125e+03 7.359240e+03 7.378486e+03
7.396271e+03 7.359306e+03 7.363851e+03 7.391725e+03
7.371252e+03 7.359405e+03 7.365951e+03 7.364706e+03
7.362425e+03 7.359461e+03 7.366306e+03 7.355580e+03
7.350763e+03 7.359494e+03 7.358436e+03 7.351821e+03
7.314353e+03 7.359516e+03 7.345674e+03 7.328196e+03
7.327064e+03 7.359533e+03 7.347430e+03 7.339167e+03
7.317591e+03 7.359548e+03 7.351498e+03 7.325641e+03
7.307667e+03 7.359564e+03 7.348352e+03 7.318878e+03
7.338979e+03 7.362376e+03 7.356598e+03 7.344757e+03
7.381180e+03 7.376472e+03 7.384014e+03 7.373638e+03
7.386010e+03 7.381737e+03 7.396144e+03 7.371602e+03
7.410159e+03 7.374132e+03 7.387395e+03 7.396896e+03
7.406017e+03 7.365506e+03 7.375697e+03 7.395826e+03
7.382068e+03 7.360615e+03 7.368559e+03 7.374125e+03
7.232097e+03 7.364546e+03 7.373642e+03 7.223000e+03
7.362114e+03 7.376302e+03 7.389845e+03 7.348571e+03
7.399655e+03 7.375821e+03 7.388879e+03 7.386597e+03
7.409916e+03 7.368048e+03 7.377741e+03 7.400223e+03
7.384338e+03 7.362137e+03 7.369343e+03 7.377132e+03
7.365438e+03 7.359918e+03 7.363687e+03 7.361669e+03
7.403372e+03 7.367866e+03 7.349152e+03 7.422086e+03
7.375543e+03 7.373938e+03 7.340274e+03 7.409208e+03
7.377200e+03 7.369662e+03 7.347528e+03 7.399333e+03
7.387229e+03 7.363789e+03 7.357331e+03 7.393687e+03
7.358427e+03 7.360117e+03 7.363750e+03 7.354794e+03
7.338372e+03 7.358473e+03 7.366822e+03 7.330022e+03
7.313460e+03 7.357969e+03 7.367849e+03 7.303580e+03
7.329171e+03 7.358105e+03 7.361666e+03 7.325610e+03
7.285470e+03 7.358485e+03 7.346142e+03 7.297813e+03
7.376164e+03 7.358861e+03 7.343996e+03 7.391028e+03
7.382220e+03 7.359108e+03 7.355936e+03 7.385392e+03
7.395267e+03 7.359238e+03 7.373462e+03 7.381042e+03
7.338612e+03 7.361526e+03 7.375388e+03 7.324750e+03
7.304773e+03 7.371963e+03 7.357038e+03 7.319698e+03
7.296819e+03 7.374981e+03 7.348473e+03 7.323327e+03
7.308850e+03 7.369047e+03 7.353574e+03 7.324323e+03
7.319379e+03 7.363099e+03 7.356219e+03 7.326260e+03
7.344782e+03 7.359586e+03 7.358472e+03 7.345895e+03
7.374754e+03 7.358029e+03 7.362215e+03 7.370568e+03
7.404506e+03 7.357576e+03 7.356285e+03 7.405797e+03
7.340062e+03 7.357723e+03 7.345356e+03 7.352429e+03
7.351276e+03 7.358065e+03 7.350947e+03 7.358393e+03
7.391735e+03 7.358378e+03 7.369443e+03 7.380671e+03
7.406174e+03 7.360112e+03 7.378358e+03 7.387928e+03
7.426325e+03 7.372331e+03 7.392964e+03 7.405692e+03
7.400935e+03 7.378728e+03 7.398421e+03 7.381242e+03
7.463299e+03 7.372482e+03 7.387043e+03 7.448738e+03
7.372004e+03 7.364450e+03 7.376297e+03 7.360157e+03
7.402610e+03 7.359640e+03 7.382774e+03 7.379476e+03
7.350016e+03 7.357303e+03 7.383226e+03 7.324093e+03
7.476191e+03 7.357657e+03 7.372872e+03 7.460976e+03
7.400394e+03 7.368057e+03 7.350900e+03 7.417550e+03
7.349719e+03 7.376519e+03 7.335778e+03 7.390460e+03
7.330048e+03 7.371867e+03 7.341465e+03 7.360450e+03
7.408435e+03 7.364202e+03 7.349054e+03 7.423583e+03
7.398589e+03 7.359343e+03 7.353722e+03 7.404210e+03
7.353840e+03 7.356947e+03 7.359311e+03 7.351476e+03
7.415042e+03 7.356324e+03 7.363108e+03 7.408257e+03
7.345442e+03 7.363082e+03 7.355224e+03 7.353300e+03
7.281048e+03 7.371684e+03 7.343749e+03 7.308983e+03
7.328693e+03 7.369213e+03 7.347294e+03 7.350612e+03
7.299776e+03 7.363198e+03 7.355511e+03 7.307463e+03
7.436693e+03 7.358905e+03 7.361143e+03 7.434456e+03
7.334675e+03 7.358536e+03 7.361208e+03 7.332003e+03
7.358662e+03 7.369448e+03 7.345354e+03 7.382756e+03
7.353769e+03 7.375665e+03 7.336305e+03 7.393128e+03
7.390821e+03 7.369922e+03 7.352584e+03 7.408159e+03
7.370949e+03 7.362376e+03 7.374033e+03 7.359291e+03
7.346953e+03 7.362619e+03 7.383057e+03 7.326515e+03
7.393866e+03 7.373583e+03 7.396074e+03 7.371375e+03
7.421438e+03 7.373614e+03 7.392214e+03 7.402839e+03
7.436862e+03 7.365795e+03 7.377769e+03 7.424889e+03
7.333890e+03 7.359622e+03 7.366461e+03 7.327052e+03
7.344436e+03 7.364337e+03 7.371634e+03 7.337139e+03
7.365368e+03 7.371889e+03 7.381638e+03 7.355619e+03
7.404566e+03 7.368155e+03 7.377872e+03 7.394849e+03
7.376594e+03 7.361498e+03 7.374937e+03 7.363155e+03
7.398687e+03 7.358431e+03 7.371209e+03 7.385909e+03
7.335472e+03 7.366946e+03 7.379354e+03 7.323064e+03
7.381326e+03 7.371772e+03 7.382758e+03 7.370340e+03
7.376252e+03 7.366333e+03 7.376763e+03 7.365823e+03
7.397627e+03 7.360134e+03 7.372712e+03 7.385049e+03
7.290117e+03 7.360634e+03 7.359951e+03 7.290801e+03
7.299625e+03 7.371615e+03 7.336073e+03 7.335167e+03
7.369136e+03 7.373335e+03 7.329700e+03 7.412770e+03
7.284407e+03 7.366009e+03 7.339294e+03 7.311122e+03
7.343721e+03 7.359461e+03 7.355246e+03 7.347936e+03
7.329429e+03 7.355877e+03 7.374160e+03 7.311146e+03
7.426710e+03 7.354477e+03 7.375304e+03 7.405883e+03
