9.431731e+03 9.446875e+03 9.441632e+03 9.436974e+03
9.486972e+03 9.446890e+03 9.441729e+03 9.492133e+03
9.475131e+03 9.446903e+03 9.441838e+03 9.480197e+03
9.469379e+03 9.446915e+03 9.444016e+03 9.472278e+03
9.471581e+03 9.446925e+03 9.450517e+03 9.467989e+03
9.458685e+03 9.447508e+03 9.452114e+03 9.454079e+03
9.467483e+03 9.457803e+03 9.462897e+03 9.462388e+03
9.468469e+03 9.464891e+03 9.469655e+03 9.463705e+03
9.468496e+03 9.459591e+03 9.463937e+03 9.464149e+03
9.472707e+03 9.452547e+03 9.458242e+03 9.467013e+03
9.449082e+03 9.448098e+03 9.450555e+03 9.446624e+03
9.428458e+03 9.446048e+03 9.446038e+03 9.428469e+03
9.438118e+03 9.445366e+03 9.446838e+03 9.436646e+03
9.433273e+03 9.445473e+03 9.445513e+03 9.433233e+03
9.435637e+03 9.445882e+03 9.444567e+03 9.436953e+03
9.436269e+03 9.446307e+03 9.450209e+03 9.432367e+03
9.434632e+03 9.446600e+03 9.452184e+03 9.429047e+03
9.429191e+03 9.446770e+03 9.448387e+03 9.427575e+03
9.430285e+03 9.446849e+03 9.444651e+03 9.432483e+03
9.423761e+03 9.446880e+03 9.442606e+03 9.428035e+03
9.434955e+03 9.446888e+03 9.441775e+03 9.440068e+03
9.460422e+03 9.446885e+03 9.442327e+03 9.464980e+03
9.471594e+03 9.446879e+03 9.449026e+03 9.469447e+03
9.433117e+03 9.446871e+03 9.454023e+03 9.425965e+03
9.437445e+03 9.446863e+03 9.451327e+03 9.432980e+03
9.442417e+03 9.446854e+03 9.449596e+03 9.439676e+03
9.441761e+03 9.446847e+03 9.449080e+03 9.439528e+03
9.463131e+03 9.446839e+03 9.450009e+03 9.459961e+03
9.436450e+03 9.446833e+03 9.453002e+03 9.430281e+03
9.414861e+03 9.446837e+03 9.450571e+03 9.411127e+03
9.431938e+03 9.451684e+03 9.439188e+03 9.444434e+03
9.417289e+03 9.461802e+03 9.421969e+03 9.457123e+03
9.420422e+03 9.460563e+03 9.424330e+03 9.456655e+03
9.442249e+03 9.454042e+03 9.438444e+03 9.457848e+03
9.432237e+03 9.449153e+03 9.445703e+03 9.435687e+03
9.425610e+03 9.446560e+03 9.446377e+03 9.425793e+03
9.461231e+03 9.445553e+03 9.445489e+03 9.461295e+03
9.436629e+03 9.445428e+03 9.448003e+03 9.434053e+03
9.450185e+03 9.445733e+03 9.452423e+03 9.443494e+03
9.443974e+03 9.446132e+03 9.450694e+03 9.439412e+03
9.445780e+03 9.446462e+03 9.446592e+03 9.445650e+03
9.431451e+03 9.446668e+03 9.449432e+03 9.428686e+03
9.442965e+03 9.446786e+03 9.454427e+03 9.435324e+03
9.437675e+03 9.446849e+03 9.451240e+03 9.433284e+03
9.453911e+03 9.446885e+03 9.448856e+03 9.451940e+03
9.469988e+03 9.446911e+03 9.452822e+03 9.464078e+03
9.446762e+03 9.447922e+03 9.453220e+03 9.441463e+03
9.464794e+03 9.459432e+03 9.464569e+03 9.459657e+03
9.442932e+03 9.464785e+03 9.468501e+03 9.439216e+03
9.432564e+03 9.458882e+03 9.458403e+03 9.433043e+03
9.444663e+03 9.451926e+03 9.447973e+03 9.448616e+03
9.441126e+03 9.447921e+03 9.442532e+03 9.446515e+03
9.474596e+03 9.446047e+03 9.445003e+03 9.475640e+03
9.445068e+03 9.445530e+03 9.450622e+03 9.439976e+03
9.473060e+03 9.449199e+03 9.454342e+03 9.467918e+03
9.486356e+03 9.462064e+03 9.467926e+03 9.480494e+03
9.473027e+03 9.463201e+03 9.466290e+03 9.469938e+03
9.486159e+03 9.456201e+03 9.455501e+03 9.486860e+03
9.442585e+03 9.450451e+03 9.452760e+03 9.440275e+03
9.448344e+03 9.447350e+03 9.451507e+03 9.444187e+03
9.420598e+03 9.446032e+03 9.446606e+03 9.420023e+03
9.410769e+03 9.445822e+03 9.442683e+03 9.413907e+03
9.418998e+03 9.446164e+03 9.443389e+03 9.421772e+03
9.451324e+03 9.446651e+03 9.448149e+03 9.449825e+03
9.441303e+03 9.447068e+03 9.448098e+03 9.440273e+03
9.458052e+03 9.447359e+03 9.445227e+03 9.460184e+03
9.467590e+03 9.447534e+03 9.443134e+03 9.471989e+03
9.441759e+03 9.447641e+03 9.442355e+03 9.447046e+03
9.469132e+03 9.447712e+03 9.446994e+03 9.469849e+03
9.449335e+03 9.447766e+03 9.455124e+03 9.441978e+03
9.446006e+03 9.447814e+03 9.454667e+03 9.439153e+03
9.452085e+03 9.447860e+03 9.451130e+03 9.448815e+03
9.453012e+03 9.447903e+03 9.449955e+03 9.450959e+03
9.447411e+03 9.447946e+03 9.446999e+03 9.448357e+03
9.460914e+03 9.447988e+03 9.443936e+03 9.464966e+03
9.431721e+03 9.448028e+03 9.444070e+03 9.435679e+03
9.465068e+03 9.448068e+03 9.450975e+03 9.462161e+03
9.448923e+03 9.448107e+03 9.453912e+03 9.443118e+03
9.452519e+03 9.448145e+03 9.450047e+03 9.450617e+03
9.451636e+03 9.448182e+03 9.445922e+03 9.453895e+03
9.444611e+03 9.448217e+03 9.447319e+03 9.445510e+03
9.464201e+03 9.448253e+03 9.450428e+03 9.462026e+03
9.462302e+03 9.448289e+03 9.448445e+03 9.462146e+03
9.428980e+03 9.448322e+03 9.445268e+03 9.432034e+03
9.447391e+03 9.448353e+03 9.443412e+03 9.452332e+03
9.432257e+03 9.448381e+03 9.442748e+03 9.437890e+03
9.456316e+03 9.448407e+03 9.446065e+03 9.458658e+03
9.449889e+03 9.448431e+03 9.452306e+03 9.446015e+03
9.446712e+03 9.448454e+03 9.451693e+03 9.443473e+03
9.415380e+03 9.448476e+03 9.447727e+03 9.416130e+03
9.450247e+03 9.448496e+03 9.444619e+03 9.454124e+03
9.453801e+03 9.448514e+03 9.443062e+03 9.459253e+03
9.463540e+03 9.448530e+03 9.442449e+03 9.469622e+03
9.467881e+03 9.448545e+03 9.443012e+03 9.473414e+03
9.459147e+03 9.448558e+03 9.449356e+03 9.458349e+03
9.438577e+03 9.448570e+03 9.454719e+03 9.432427e+03
9.431326e+03 9.448579e+03 9.451996e+03 9.427909e+03
9.450101e+03 9.448587e+03 9.447295e+03 9.451393e+03
9.459521e+03 9.448594e+03 9.444301e+03 9.463814e+03
9.446831e+03 9.448599e+03 9.442839e+03 9.452591e+03
9.458005e+03 9.448602e+03 9.443907e+03 9.462700e+03
9.451958e+03 9.448604e+03 9.451267e+03 9.449296e+03
9.451492e+03 9.448605e+03 9.455014e+03 9.445082e+03
9.449456e+03 9.448604e+03 9.451300e+03 9.446761e+03
9.434570e+03 9.448602e+03 9.446724e+03 9.436447e+03
9.416335e+03 9.448599e+03 9.444146e+03 9.420787e+03
9.453382e+03 9.448597e+03 9.447712e+03 9.454268e+03
9.461968e+03 9.448594e+03 9.453547e+03 9.457015e+03
9.460693e+03 9.448588e+03 9.453324e+03 9.455956e+03
9.454046e+03 9.448580e+03 9.453109e+03 9.449518e+03
9.446586e+03 9.448571e+03 9.450895e+03 9.444262e+03
9.444816e+03 9.448562e+03 9.452493e+03 9.440884e+03
9.469511e+03 9.448552e+03 9.452264e+03 9.465799e+03
9.471267e+03 9.448541e+03 9.448100e+03 9.471708e+03
9.456708e+03 9.448530e+03 9.445194e+03 9.460045e+03
9.462794e+03 9.448519e+03 9.447647e+03 9.463666e+03
9.453662e+03 9.448508e+03 9.448675e+03 9.453496e+03
9.474435e+03 9.448497e+03 9.451795e+03 9.471138e+03
9.457572e+03 9.448486e+03 9.452860e+03 9.453198e+03
9.459907e+03 9.448475e+03 9.449119e+03 9.459263e+03
9.438668e+03 9.448463e+03 9.445155e+03 9.441975e+03
9.441773e+03 9.448449e+03 9.442998e+03 9.447224e+03
9.421151e+03 9.448438e+03 9.442133e+03 9.427457e+03
9.418014e+03 9.448429e+03 9.444103e+03 9.422341e+03
9.446980e+03 9.448420e+03 9.451994e+03 9.443406e+03
9.445627e+03 9.448410e+03 9.454449e+03 9.439588e+03
9.434612e+03 9.448400e+03 9.450258e+03 9.432754e+03
9.434907e+03 9.448391e+03 9.445862e+03 9.437436e+03
9.433160e+03 9.448382e+03 9.443398e+03 9.438144e+03
9.436847e+03 9.448374e+03 9.442295e+03 9.442926e+03
9.457411e+03 9.448370e+03 9.442143e+03 9.463638e+03
9.453506e+03 9.448366e+03 9.446445e+03 9.455427e+03
9.470479e+03 9.448361e+03 9.453395e+03 9.465445e+03
9.464108e+03 9.448367e+03 9.452500e+03 9.459975e+03
9.451492e+03 9.453532e+03 9.455377e+03 9.449647e+03
9.455844e+03 9.465268e+03 9.468555e+03 9.452557e+03
9.463654e+03 9.464028e+03 9.466444e+03 9.461239e+03
9.443077e+03 9.456505e+03 9.461977e+03 9.437605e+03
9.445535e+03 9.450983e+03 9.456672e+03 9.439846e+03
9.460138e+03 9.448100e+03 9.449123e+03 9.459116e+03
9.434095e+03 9.446913e+03 9.443543e+03 9.437465e+03
9.448459e+03 9.446761e+03 9.441187e+03 9.454033e+03
9.450897e+03 9.447102e+03 9.443742e+03 9.454257e+03
9.453566e+03 9.447546e+03 9.450179e+03 9.450933e+03
9.432405e+03 9.447903e+03 9.450500e+03 9.429808e+03
9.435877e+03 9.448134e+03 9.447075e+03 9.436936e+03
9.443191e+03 9.448255e+03 9.444391e+03 9.447054e+03
9.485426e+03 9.448314e+03 9.443466e+03 9.490275e+03
9.460314e+03 9.448340e+03 9.447891e+03 9.460763e+03
9.450711e+03 9.448352e+03 9.451225e+03 9.447838e+03
9.431305e+03 9.448359e+03 9.448923e+03 9.430742e+03
9.424430e+03 9.448364e+03 9.445751e+03 9.427043e+03
9.432114e+03 9.448368e+03 9.443776e+03 9.436705e+03
9.440864e+03 9.448371e+03 9.442911e+03 9.446324e+03
9.431174e+03 9.448374e+03 9.442713e+03 9.436835e+03
9.459645e+03 9.448376e+03 9.446161e+03 9.461860e+03
9.464359e+03 9.448378e+03 9.454549e+03 9.458188e+03
9.452668e+03 9.448379e+03 9.455672e+03 9.445375e+03
9.451834e+03 9.448380e+03 9.451847e+03 9.448367e+03
9.457683e+03 9.448380e+03 9.450988e+03 9.455075e+03
9.451603e+03 9.448379e+03 9.449850e+03 9.450132e+03
9.469840e+03 9.448377e+03 9.452345e+03 9.465871e+03
9.458823e+03 9.448374e+03 9.452010e+03 9.455186e+03
9.427290e+03 9.448370e+03 9.448140e+03 9.427520e+03
9.419858e+03 9.448365e+03 9.445020e+03 9.423203e+03
9.432794e+03 9.448358e+03 9.443446e+03 9.437706e+03
9.440997e+03 9.448350e+03 9.443093e+03 9.446255e+03
9.475094e+03 9.448341e+03 9.447994e+03 9.475441e+03
9.490717e+03 9.448331e+03 9.454862e+03 9.484187e+03
9.454505e+03 9.448319e+03 9.454733e+03 9.448091e+03
9.432968e+03 9.448305e+03 9.453654e+03 9.427620e+03
9.447128e+03 9.448290e+03 9.451219e+03 9.444199e+03
9.454010e+03 9.448273e+03 9.453210e+03 9.449073e+03
9.464661e+03 9.448255e+03 9.453943e+03 9.458973e+03
9.466301e+03 9.448235e+03 9.449970e+03 9.464566e+03
9.446109e+03 9.448213e+03 9.446646e+03 9.447676e+03
9.433353e+03 9.448189e+03 9.448814e+03 9.432728e+03
9.452392e+03 9.448163e+03 9.449282e+03 9.451273e+03
9.458941e+03 9.448136e+03 9.447548e+03 9.459529e+03
9.457830e+03 9.448107e+03 9.451169e+03 9.454769e+03
9.463575e+03 9.448076e+03 9.454598e+03 9.457053e+03
9.476860e+03 9.448043e+03 9.451626e+03 9.473277e+03
9.479024e+03 9.448008e+03 9.447508e+03 9.479524e+03
9.448200e+03 9.447971e+03 9.445114e+03 9.451057e+03
9.456607e+03 9.447932e+03 9.444016e+03 9.460523e+03
9.433214e+03 9.447892e+03 9.443845e+03 9.437262e+03
9.450973e+03 9.447849e+03 9.447645e+03 9.451177e+03
9.453725e+03 9.447805e+03 9.452425e+03 9.449105e+03
9.432903e+03 9.447758e+03 9.451197e+03 9.429464e+03
9.426502e+03 9.447710e+03 9.448045e+03 9.426168e+03
9.462378e+03 9.447660e+03 9.445821e+03 9.464216e+03
9.456932e+03 9.447608e+03 9.445719e+03 9.458821e+03
9.456992e+03 9.447553e+03 9.451719e+03 9.452826e+03
9.452189e+03 9.447596e+03 9.455038e+03 9.444747e+03
9.431320e+03 9.454343e+03 9.442399e+03 9.443264e+03
9.417256e+03 9.463101e+03 9.425935e+03 9.454422e+03
9.430722e+03 9.460001e+03 9.430197e+03 9.460526e+03
9.457657e+03 9.453295e+03 9.444900e+03 9.466052e+03
9.453973e+03 9.448855e+03 9.451158e+03 9.451670e+03
9.427369e+03 9.446601e+03 9.450539e+03 9.423431e+03
9.445123e+03 9.445704e+03 9.448817e+03 9.442010e+03
9.432486e+03 9.445616e+03 9.451246e+03 9.426855e+03
9.458720e+03 9.445886e+03 9.454542e+03 9.450064e+03
9.459913e+03 9.446194e+03 9.454496e+03 9.451612e+03
9.451285e+03 9.446406e+03 9.459332e+03 9.438359e+03
9.482282e+03 9.446505e+03 9.458538e+03 9.470250e+03
9.468523e+03 9.446512e+03 9.457775e+03 9.457260e+03
9.451911e+03 9.446467e+03 9.455927e+03 9.442451e+03
9.451721e+03 9.446395e+03 9.455716e+03 9.442400e+03
9.445353e+03 9.446306e+03 9.459113e+03 9.432547e+03
9.466289e+03 9.446202e+03 9.457690e+03 9.454800e+03
9.497360e+03 9.446093e+03 9.458924e+03 9.484529e+03
9.457250e+03 9.445985e+03 9.456626e+03 9.446609e+03
9.434958e+03 9.445894e+03 9.451193e+03 9.429659e+03
9.413432e+03 9.450636e+03 9.440353e+03 9.423715e+03
9.436989e+03 9.460773e+03 9.424059e+03 9.473703e+03
9.431065e+03 9.459301e+03 9.425623e+03 9.464743e+03
