0.3 1.059963e+04 1.062460e+04 1.062004e+04 1.059508e+04
1.3 1.057053e+04 1.062218e+04 1.062583e+04 1.057417e+04
2.3 1.063065e+04 1.063691e+04 1.064503e+04 1.063876e+04
3.3 1.069550e+04 1.063183e+04 1.064553e+04 1.070920e+04
4.3 1.063989e+04 1.062451e+04 1.063397e+04 1.064935e+04
5.3 1.062108e+04 1.060973e+04 1.062474e+04 1.063609e+04
6.3 1.054323e+04 1.060383e+04 1.061976e+04 1.055917e+04
7.3 1.055159e+04 1.060321e+04 1.061760e+04 1.056598e+04
8.3 1.056261e+04 1.060684e+04 1.061719e+04 1.057295e+04
9.3 1.057029e+04 1.059877e+04 1.061763e+04 1.058915e+04
10.3 1.061812e+04 1.062244e+04 1.061830e+04 1.061398e+04
11.3 1.059359e+04 1.059927e+04 1.061885e+04 1.061317e+04
12.3 1.061615e+04 1.059065e+04 1.061921e+04 1.064472e+04
13.3 1.059622e+04 1.059326e+04 1.061939e+04 1.062235e+04
14.3 1.072380e+04 1.064946e+04 1.061948e+04 1.069382e+04
15.3 1.064480e+04 1.067432e+04 1.061951e+04 1.059000e+04
16.3 1.058822e+04 1.065240e+04 1.061952e+04 1.055534e+04
17.3 1.057338e+04 1.063674e+04 1.061952e+04 1.055616e+04
0.2 1.062897e+04 1.062164e+04 1.061953e+04 1.062686e+04
1.2 1.068782e+04 1.061633e+04 1.062418e+04 1.069568e+04
2.2 1.070213e+04 1.063810e+04 1.064329e+04 1.070733e+04
3.2 1.061171e+04 1.063480e+04 1.064600e+04 1.062291e+04
4.2 1.057671e+04 1.062776e+04 1.063484e+04 1.058380e+04
5.2 1.064089e+04 1.061827e+04 1.062524e+04 1.064786e+04
6.2 1.063237e+04 1.061914e+04 1.061987e+04 1.063309e+04
7.2 1.063714e+04 1.059685e+04 1.061819e+04 1.065847e+04
8.2 1.060902e+04 1.062368e+04 1.063253e+04 1.061787e+04
9.2 1.057445e+04 1.063568e+04 1.064566e+04 1.058442e+04
10.2 1.056568e+04 1.062470e+04 1.063896e+04 1.057994e+04
11.2 1.060068e+04 1.061240e+04 1.062818e+04 1.061647e+04
12.2 1.060122e+04 1.059676e+04 1.062156e+04 1.062602e+04
13.2 1.057804e+04 1.060940e+04 1.061841e+04 1.058705e+04
14.2 1.064277e+04 1.062091e+04 1.061737e+04 1.063924e+04
15.2 1.067701e+04 1.064359e+04 1.061757e+04 1.065098e+04
16.2 1.062340e+04 1.064006e+04 1.061828e+04 1.060162e+04
17.2 1.057208e+04 1.062034e+04 1.061900e+04 1.057075e+04
0.8 1.063714e+04 1.059685e+04 1.061819e+04 1.065847e+04
1.8 1.060902e+04 1.062368e+04 1.063253e+04 1.061787e+04
2.8 1.057445e+04 1.063568e+04 1.064566e+04 1.058442e+04
3.8 1.056568e+04 1.062470e+04 1.063896e+04 1.057994e+04
4.8 1.060068e+04 1.061240e+04 1.062818e+04 1.061647e+04
5.8 1.060122e+04 1.059676e+04 1.062156e+04 1.062602e+04
6.8 1.057804e+04 1.060940e+04 1.061841e+04 1.058705e+04
7.8 1.064277e+04 1.062091e+04 1.061737e+04 1.063924e+04
8.8 1.067701e+04 1.064359e+04 1.061757e+04 1.065098e+04
9.8 1.062340e+04 1.064006e+04 1.061828e+04 1.060162e+04
10.8 1.057208e+04 1.062034e+04 1.061900e+04 1.057075e+04
11.8 1.066841e+04 1.062882e+04 1.061953e+04 1.065913e+04
12.8 1.062375e+04 1.064074e+04 1.061987e+04 1.060288e+04
13.8 1.066850e+04 1.066103e+04 1.062006e+04 1.062753e+04
14.8 1.064150e+04 1.066336e+04 1.062017e+04 1.059831e+04
15.8 1.068361e+04 1.064743e+04 1.062025e+04 1.065642e+04
16.8 1.068529e+04 1.064203e+04 1.062030e+04 1.066356e+04
17.8 1.058666e+04 1.061334e+04 1.062036e+04 1.059368e+04
0.2 1.060234e+04 1.062590e+04 1.061884e+04 1.059528e+04
1.2 1.058572e+04 1.062006e+04 1.062341e+04 1.058906e+04
2.2 1.066305e+04 1.063260e+04 1.064243e+04 1.067288e+04
3.2 1.063087e+04 1.063784e+04 1.064485e+04 1.063787e+04
4.2 1.062681e+04 1.062471e+04 1.063379e+04 1.063589e+04
5.2 1.064451e+04 1.063121e+04 1.062415e+04 1.063745e+04
6.2 1.064407e+04 1.061979e+04 1.062871e+04 1.065299e+04
7.2 1.070767e+04 1.064311e+04 1.064333e+04 1.070790e+04
8.2 1.060929e+04 1.063829e+04 1.063919e+04 1.061020e+04
9.2 1.061618e+04 1.063266e+04 1.062804e+04 1.061156e+04
10.2 1.066725e+04 1.062039e+04 1.062039e+04 1.066725e+04
11.2 1.064207e+04 1.061200e+04 1.061663e+04 1.064671e+04
12.2 1.063079e+04 1.061437e+04 1.061534e+04 1.063177e+04
13.2 1.064440e+04 1.061164e+04 1.061538e+04 1.064814e+04
14.2 1.061807e+04 1.060840e+04 1.061601e+04 1.062568e+04
15.2 1.060839e+04 1.062366e+04 1.061671e+04 1.060145e+04
16.2 1.057544e+04 1.061718e+04 1.061727e+04 1.057553e+04
17.2 1.065614e+04 1.061768e+04 1.061760e+04 1.065606e+04
0.5 1.064451e+04 1.063121e+04 1.062415e+04 1.063745e+04
1.5 1.064407e+04 1.061979e+04 1.062871e+04 1.065299e+04
2.5 1.070767e+04 1.064311e+04 1.064333e+04 1.070790e+04
3.5 1.060929e+04 1.063829e+04 1.063919e+04 1.061020e+04
4.5 1.061618e+04 1.063266e+04 1.062804e+04 1.061156e+04
5.5 1.066725e+04 1.062039e+04 1.062039e+04 1.066725e+04
6.5 1.064207e+04 1.061200e+04 1.061663e+04 1.064671e+04
7.5 1.063079e+04 1.061437e+04 1.061534e+04 1.063177e+04
8.5 1.064440e+04 1.061164e+04 1.061538e+04 1.064814e+04
9.5 1.061807e+04 1.060840e+04 1.061601e+04 1.062568e+04
10.5 1.060839e+04 1.062366e+04 1.061671e+04 1.060145e+04
11.5 1.057544e+04 1.061718e+04 1.061727e+04 1.057553e+04
12.5 1.065614e+04 1.061768e+04 1.061760e+04 1.065606e+04
13.5 1.065650e+04 1.060272e+04 1.061825e+04 1.067203e+04
14.5 1.062828e+04 1.063123e+04 1.063271e+04 1.062976e+04
15.5 1.065421e+04 1.064542e+04 1.064591e+04 1.065469e+04
16.5 1.056877e+04 1.064068e+04 1.063888e+04 1.056696e+04
17.5 1.056424e+04 1.063676e+04 1.062766e+04 1.055514e+04
0.7 1.065650e+04 1.060272e+04 1.061825e+04 1.067203e+04
1.7 1.062828e+04 1.063123e+04 1.063271e+04 1.062976e+04
2.7 1.065421e+04 1.064542e+04 1.064591e+04 1.065469e+04
3.7 1.056877e+04 1.064068e+04 1.063888e+04 1.056696e+04
4.7 1.056424e+04 1.063676e+04 1.062766e+04 1.055514e+04
5.7 1.064524e+04 1.063117e+04 1.062031e+04 1.063439e+04
6.7 1.061551e+04 1.059758e+04 1.061689e+04 1.063482e+04
7.7 1.058254e+04 1.061145e+04 1.061573e+04 1.058682e+04
8.7 1.066826e+04 1.060169e+04 1.061588e+04 1.068246e+04
9.7 1.062936e+04 1.062343e+04 1.061659e+04 1.062252e+04
10.7 1.060232e+04 1.063530e+04 1.061737e+04 1.058439e+04
11.7 1.059283e+04 1.061958e+04 1.061796e+04 1.059121e+04
12.7 1.063115e+04 1.061498e+04 1.061837e+04 1.063453e+04
13.7 1.056975e+04 1.061003e+04 1.061864e+04 1.057836e+04
