1.315016e+03 1.270295e+03 1.270685e+03 1.314625e+03
1.284951e+03 1.270295e+03 1.270014e+03 1.285232e+03
1.259679e+03 1.270298e+03 1.269402e+03 1.260575e+03
1.258084e+03 1.271673e+03 1.265736e+03 1.264021e+03
1.294734e+03 1.269862e+03 1.266287e+03 1.298308e+03
1.278153e+03 1.268633e+03 1.268028e+03 1.278758e+03
1.286767e+03 1.269883e+03 1.268253e+03 1.288396e+03
1.247111e+03 1.269995e+03 1.268011e+03 1.249094e+03
1.242373e+03 1.270291e+03 1.263268e+03 1.249396e+03
1.252694e+03 1.269593e+03 1.260775e+03 1.261512e+03
1.257155e+03 1.262852e+03 1.256230e+03 1.263778e+03
1.273555e+03 1.257667e+03 1.252929e+03 1.278293e+03
1.246408e+03 1.266157e+03 1.271686e+03 1.240879e+03
1.255195e+03 1.273408e+03 1.273508e+03 1.255095e+03
1.263770e+03 1.270671e+03 1.268219e+03 1.266223e+03
1.249393e+03 1.270615e+03 1.269860e+03 1.250148e+03
1.289018e+03 1.271071e+03 1.269092e+03 1.290998e+03
1.278349e+03 1.271295e+03 1.273349e+03 1.276294e+03
1.279843e+03 1.270249e+03 1.274936e+03 1.275156e+03
1.241563e+03 1.270293e+03 1.273615e+03 1.238241e+03
1.244000e+03 1.267126e+03 1.268105e+03 1.243020e+03
1.260357e+03 1.266568e+03 1.267109e+03 1.259816e+03
1.266511e+03 1.262668e+03 1.261235e+03 1.267945e+03
1.283917e+03 1.267952e+03 1.270467e+03 1.281402e+03
1.273868e+03 1.269662e+03 1.276219e+03 1.267310e+03
1.270384e+03 1.269727e+03 1.267225e+03 1.272887e+03
1.272715e+03 1.269280e+03 1.267394e+03 1.274600e+03
1.277032e+03 1.272107e+03 1.271576e+03 1.277562e+03
1.261541e+03 1.264244e+03 1.263110e+03 1.262674e+03
1.273516e+03 1.264456e+03 1.263572e+03 1.274400e+03
1.300107e+03 1.265431e+03 1.274000e+03 1.291539e+03
1.289757e+03 1.270768e+03 1.275439e+03 1.285086e+03
1.285177e+03 1.270252e+03 1.272459e+03 1.282969e+03
1.280190e+03 1.270682e+03 1.273820e+03 1.277053e+03
1.287583e+03 1.271282e+03 1.270133e+03 1.288732e+03
1.293357e+03 1.270273e+03 1.262527e+03 1.301103e+03
1.257718e+03 1.269825e+03 1.263848e+03 1.263695e+03
1.269169e+03 1.270215e+03 1.268483e+03 1.270901e+03
1.274693e+03 1.270315e+03 1.268407e+03 1.276601e+03
1.255711e+03 1.270315e+03 1.269468e+03 1.256558e+03
1.282166e+03 1.270297e+03 1.270737e+03 1.281726e+03
1.291242e+03 1.269935e+03 1.270787e+03 1.290390e+03
1.263560e+03 1.267690e+03 1.268651e+03 1.262599e+03
1.275260e+03 1.264730e+03 1.265025e+03 1.274965e+03
1.271913e+03 1.266263e+03 1.267060e+03 1.271116e+03
1.283599e+03 1.272298e+03 1.272866e+03 1.283031e+03
1.268258e+03 1.270688e+03 1.269972e+03 1.268974e+03
1.267921e+03 1.271101e+03 1.274741e+03 1.264281e+03
1.259315e+03 1.260675e+03 1.261887e+03 1.258103e+03
1.277833e+03 1.269968e+03 1.272960e+03 1.274842e+03
1.277478e+03 1.270339e+03 1.277227e+03 1.270590e+03
1.276965e+03 1.271272e+03 1.272957e+03 1.275280e+03
1.247640e+03 1.272169e+03 1.261816e+03 1.257993e+03
1.254107e+03 1.268796e+03 1.270538e+03 1.252364e+03
1.261856e+03 1.268712e+03 1.268731e+03 1.261838e+03
1.262880e+03 1.270056e+03 1.260501e+03 1.272436e+03
1.280765e+03 1.270163e+03 1.264813e+03 1.286115e+03
1.271338e+03 1.270015e+03 1.266707e+03 1.274647e+03
1.232181e+03 1.270334e+03 1.264829e+03 1.237686e+03
1.264259e+03 1.270117e+03 1.265584e+03 1.268791e+03
1.271402e+03 1.270036e+03 1.268520e+03 1.272918e+03
1.277870e+03 1.270102e+03 1.276319e+03 1.271653e+03
1.267918e+03 1.270245e+03 1.274600e+03 1.263563e+03
1.276252e+03 1.270242e+03 1.270297e+03 1.276198e+03
1.262824e+03 1.270265e+03 1.263118e+03 1.269970e+03
1.264500e+03 1.270288e+03 1.264361e+03 1.270427e+03
1.272515e+03 1.270292e+03 1.271956e+03 1.270852e+03
1.279210e+03 1.270294e+03 1.277311e+03 1.272194e+03
1.286971e+03 1.270295e+03 1.273733e+03 1.283533e+03
1.259007e+03 1.270295e+03 1.268456e+03 1.260846e+03
1.263963e+03 1.270295e+03 1.269327e+03 1.264931e+03
1.280215e+03 1.270295e+03 1.274232e+03 1.276278e+03
1.270189e+03 1.270295e+03 1.275882e+03 1.264602e+03
1.288970e+03 1.270953e+03 1.275547e+03 1.284375e+03
1.281377e+03 1.269978e+03 1.273764e+03 1.277591e+03
1.255396e+03 1.270273e+03 1.273704e+03 1.251965e+03
1.277409e+03 1.277074e+03 1.281342e+03 1.273141e+03
1.263362e+03 1.267782e+03 1.273517e+03 1.257627e+03
1.271486e+03 1.270141e+03 1.276979e+03 1.264648e+03
1.293279e+03 1.269715e+03 1.278103e+03 1.284891e+03
1.281429e+03 1.266922e+03 1.276581e+03 1.271770e+03
1.251422e+03 1.269857e+03 1.265317e+03 1.255963e+03
1.266145e+03 1.270565e+03 1.261760e+03 1.274950e+03
1.259909e+03 1.270264e+03 1.262934e+03 1.267239e+03
1.260236e+03 1.270327e+03 1.266910e+03 1.263653e+03
1.253371e+03 1.270054e+03 1.270259e+03 1.253167e+03
1.271359e+03 1.270587e+03 1.267925e+03 1.274021e+03
1.270827e+03 1.270405e+03 1.265430e+03 1.275802e+03
1.250310e+03 1.270280e+03 1.266899e+03 1.253691e+03
1.244163e+03 1.270263e+03 1.270070e+03 1.244356e+03
1.275894e+03 1.270258e+03 1.276559e+03 1.269593e+03
1.286724e+03 1.270329e+03 1.278884e+03 1.278169e+03
1.270397e+03 1.271628e+03 1.271254e+03 1.270771e+03
1.266894e+03 1.268268e+03 1.269742e+03 1.265420e+03
1.248759e+03 1.268735e+03 1.269063e+03 1.248431e+03
1.256200e+03 1.270249e+03 1.269764e+03 1.256685e+03
1.278634e+03 1.270253e+03 1.271811e+03 1.277076e+03
1.282100e+03 1.270184e+03 1.270386e+03 1.281899e+03
1.288072e+03 1.270382e+03 1.267650e+03 1.290804e+03
1.258888e+03 1.270438e+03 1.266640e+03 1.262687e+03
1.248616e+03 1.270366e+03 1.268610e+03 1.250372e+03
1.274263e+03 1.270338e+03 1.269897e+03 1.274704e+03
1.268722e+03 1.270366e+03 1.268016e+03 1.271072e+03
1.293630e+03 1.270272e+03 1.270198e+03 1.293705e+03
1.255468e+03 1.270312e+03 1.266693e+03 1.259087e+03
1.255860e+03 1.270305e+03 1.269829e+03 1.256336e+03
1.262109e+03 1.270298e+03 1.272452e+03 1.259955e+03
1.271753e+03 1.270294e+03 1.275610e+03 1.266437e+03
1.277038e+03 1.270294e+03 1.278994e+03 1.268338e+03
1.261734e+03 1.270339e+03 1.276592e+03 1.255481e+03
1.261265e+03 1.271393e+03 1.269359e+03 1.263299e+03
1.259211e+03 1.269355e+03 1.266663e+03 1.261902e+03
1.297624e+03 1.268068e+03 1.268873e+03 1.296819e+03
1.268225e+03 1.271665e+03 1.265922e+03 1.273967e+03
1.267285e+03 1.270945e+03 1.269104e+03 1.269126e+03
1.253559e+03 1.270449e+03 1.270557e+03 1.253451e+03
1.268843e+03 1.269930e+03 1.268892e+03 1.269881e+03
1.263236e+03 1.269805e+03 1.266154e+03 1.266887e+03
1.282211e+03 1.267307e+03 1.272541e+03 1.276976e+03
1.256777e+03 1.270041e+03 1.271028e+03 1.255790e+03
1.255773e+03 1.270327e+03 1.272367e+03 1.253733e+03
1.276611e+03 1.270453e+03 1.273572e+03 1.273491e+03
1.273507e+03 1.270506e+03 1.270591e+03 1.273422e+03
1.270676e+03 1.270748e+03 1.267465e+03 1.273959e+03
1.274744e+03 1.270401e+03 1.267834e+03 1.277311e+03
1.277334e+03 1.270453e+03 1.274244e+03 1.273543e+03
1.287224e+03 1.270305e+03 1.277081e+03 1.280448e+03
1.285313e+03 1.270383e+03 1.274966e+03 1.280730e+03
1.261915e+03 1.269669e+03 1.270639e+03 1.260946e+03
1.272749e+03 1.271522e+03 1.263949e+03 1.280322e+03
1.265603e+03 1.270897e+03 1.264037e+03 1.272463e+03
1.261805e+03 1.270404e+03 1.262770e+03 1.269439e+03
1.272294e+03 1.270347e+03 1.265476e+03 1.277165e+03
1.268905e+03 1.270211e+03 1.269109e+03 1.270006e+03
1.280592e+03 1.269926e+03 1.271032e+03 1.279486e+03
1.274646e+03 1.270675e+03 1.272901e+03 1.272419e+03
1.274199e+03 1.270358e+03 1.273821e+03 1.270736e+03
1.254937e+03 1.254925e+03 1.253778e+03 1.256083e+03
1.263887e+03 1.266159e+03 1.267942e+03 1.262103e+03
1.294253e+03 1.269597e+03 1.272795e+03 1.291054e+03
1.289658e+03 1.270140e+03 1.280575e+03 1.279223e+03
1.253308e+03 1.270027e+03 1.271050e+03 1.252285e+03
1.264074e+03 1.269220e+03 1.274751e+03 1.258544e+03
1.275058e+03 1.269084e+03 1.269921e+03 1.274220e+03
1.259644e+03 1.271548e+03 1.262314e+03 1.268878e+03
1.261222e+03 1.270856e+03 1.264496e+03 1.267582e+03
1.272431e+03 1.270302e+03 1.263859e+03 1.278875e+03
1.274541e+03 1.270433e+03 1.266120e+03 1.278853e+03
1.288857e+03 1.270522e+03 1.264295e+03 1.295083e+03
1.256705e+03 1.270497e+03 1.265357e+03 1.261845e+03
1.251121e+03 1.270243e+03 1.267734e+03 1.253630e+03
1.254993e+03 1.270257e+03 1.271918e+03 1.253332e+03
1.266658e+03 1.270282e+03 1.272906e+03 1.264034e+03
1.260902e+03 1.270289e+03 1.272657e+03 1.258534e+03
1.261686e+03 1.270278e+03 1.272305e+03 1.259659e+03
1.285194e+03 1.270961e+03 1.272260e+03 1.283894e+03
1.283494e+03 1.276669e+03 1.280466e+03 1.279697e+03
1.272222e+03 1.272360e+03 1.275588e+03 1.268994e+03
1.299257e+03 1.270479e+03 1.275474e+03 1.294262e+03
1.283722e+03 1.267924e+03 1.282184e+03 1.269462e+03
1.283689e+03 1.263556e+03 1.284688e+03 1.262557e+03
1.249801e+03 1.258446e+03 1.264569e+03 1.243678e+03
1.265037e+03 1.257513e+03 1.258605e+03 1.263946e+03
1.276893e+03 1.272977e+03 1.275897e+03 1.273972e+03
1.290994e+03 1.270181e+03 1.275697e+03 1.285478e+03
1.281476e+03 1.271523e+03 1.275089e+03 1.277910e+03
1.298180e+03 1.278789e+03 1.283820e+03 1.293150e+03
1.280287e+03 1.275819e+03 1.279626e+03 1.276480e+03
1.272359e+03 1.273597e+03 1.275877e+03 1.270079e+03
1.271500e+03 1.271629e+03 1.267177e+03 1.275952e+03
1.263436e+03 1.269908e+03 1.266156e+03 1.267189e+03
1.250631e+03 1.269824e+03 1.264565e+03 1.255891e+03
1.255905e+03 1.270005e+03 1.266527e+03 1.259383e+03
1.265522e+03 1.270534e+03 1.268269e+03 1.267787e+03
1.294650e+03 1.270245e+03 1.270788e+03 1.294108e+03
1.274841e+03 1.270983e+03 1.269413e+03 1.276411e+03
1.258657e+03 1.272948e+03 1.262119e+03 1.269487e+03
1.266929e+03 1.270705e+03 1.265295e+03 1.272339e+03
1.258828e+03 1.269745e+03 1.267385e+03 1.261188e+03
1.257952e+03 1.270165e+03 1.263277e+03 1.264840e+03
1.273910e+03 1.270393e+03 1.262082e+03 1.282222e+03
1.266426e+03 1.270251e+03 1.267303e+03 1.269374e+03
1.270407e+03 1.270506e+03 1.265446e+03 1.275467e+03
1.263766e+03 1.275474e+03 1.256455e+03 1.282785e+03
1.287548e+03 1.271869e+03 1.264865e+03 1.294552e+03
1.229311e+03 1.270603e+03 1.269499e+03 1.230416e+03
1.260692e+03 1.270328e+03 1.271119e+03 1.259901e+03
1.270097e+03 1.270295e+03 1.272041e+03 1.268351e+03
1.275177e+03 1.266793e+03 1.275351e+03 1.266619e+03
1.257423e+03 1.270348e+03 1.265382e+03 1.262390e+03
1.248744e+03 1.267614e+03 1.272560e+03 1.243798e+03
1.287066e+03 1.270575e+03 1.269451e+03 1.288190e+03
1.280688e+03 1.270369e+03 1.269107e+03 1.281950e+03
1.267817e+03 1.270139e+03 1.265281e+03 1.272675e+03
1.271200e+03 1.270244e+03 1.265795e+03 1.275649e+03
1.259448e+03 1.270325e+03 1.268190e+03 1.261583e+03
1.264013e+03 1.270291e+03 1.269823e+03 1.264481e+03
1.263148e+03 1.270339e+03 1.268932e+03 1.264555e+03
1.287488e+03 1.270328e+03 1.268604e+03 1.289212e+03
1.260278e+03 1.270284e+03 1.271642e+03 1.258920e+03
1.254303e+03 1.270299e+03 1.269754e+03 1.254848e+03
1.270116e+03 1.269239e+03 1.267558e+03 1.271797e+03
1.281049e+03 1.265716e+03 1.273288e+03 1.273477e+03
1.262672e+03 1.269078e+03 1.270104e+03 1.261645e+03
1.286643e+03 1.270038e+03 1.270714e+03 1.285968e+03
1.278439e+03 1.271237e+03 1.271948e+03 1.277729e+03
1.254552e+03 1.273044e+03 1.275608e+03 1.251989e+03
1.283534e+03 1.275940e+03 1.279474e+03 1.280000e+03
1.278346e+03 1.269320e+03 1.275711e+03 1.271955e+03
1.279729e+03 1.271906e+03 1.271465e+03 1.280170e+03
1.270491e+03 1.269513e+03 1.274311e+03 1.265693e+03
1.273608e+03 1.273449e+03 1.275729e+03 1.271328e+03
1.279076e+03 1.276903e+03 1.278353e+03 1.277626e+03
1.266193e+03 1.269326e+03 1.272970e+03 1.262548e+03
1.264614e+03 1.270057e+03 1.274162e+03 1.260509e+03
1.265635e+03 1.270774e+03 1.272540e+03 1.263869e+03
1.260985e+03 1.270490e+03 1.269027e+03 1.262448e+03
