1.0 1.000139e+04 1.000133e+04 1.000312e+04 1.000319e+04
2.0 9.997238e+03 9.998454e+03 9.999870e+03 9.998655e+03
3.0 9.992472e+03 9.992826e+03 9.993871e+03 9.993516e+03
4.0 1.004993e+04 9.988784e+03 9.989472e+03 1.005062e+04
5.0 1.000063e+04 9.987066e+03 9.987412e+03 1.000098e+04
6.0 9.954782e+03 9.986941e+03 9.986957e+03 9.954799e+03
7.0 9.992826e+03 9.987550e+03 9.987246e+03 9.992522e+03
8.0 9.978573e+03 9.988426e+03 9.987809e+03 9.977956e+03
9.0 9.966568e+03 9.989265e+03 9.988340e+03 9.965643e+03
10.0 9.997832e+03 9.989972e+03 9.988745e+03 9.996604e+03
11.0 9.982669e+03 9.990521e+03 9.988995e+03 9.981143e+03
12.0 9.959466e+03 9.990959e+03 9.989140e+03 9.957647e+03
13.0 1.000795e+04 9.991330e+03 9.989222e+03 1.000584e+04
14.0 9.974812e+03 9.991662e+03 9.989270e+03 9.972420e+03
15.0 9.961349e+03 9.991974e+03 9.989303e+03 9.958677e+03
16.0 9.987197e+03 9.992275e+03 9.989328e+03 9.984251e+03
17.0 9.980199e+03 9.992569e+03 9.989352e+03 9.976982e+03
18.0 9.988965e+03 9.993947e+03 9.990464e+03 9.985481e+03
19.0 9.991215e+03 9.999127e+03 9.995382e+03 9.987470e+03
20.0 9.991369e+03 1.000517e+04 1.000117e+04 9.987367e+03
21.0 1.006368e+04 1.000881e+04 1.000456e+04 1.005943e+04
22.0 9.919022e+03 1.000812e+04 1.000587e+04 9.916772e+03
23.0 1.000856e+04 9.998604e+03 1.000599e+04 1.001594e+04
24.0 9.980968e+03 9.987698e+03 1.000559e+04 9.998856e+03
25.0 9.988403e+03 9.980910e+03 1.000505e+04 1.001254e+04
26.0 9.973049e+03 9.978362e+03 1.000461e+04 9.999293e+03
27.0 9.980936e+03 9.978143e+03 1.000431e+04 1.000710e+04
28.0 9.990104e+03 9.979025e+03 1.000414e+04 1.001522e+04
29.0 1.004732e+04 9.980188e+03 1.000405e+04 1.007119e+04
30.0 1.000607e+04 9.981243e+03 1.000402e+04 1.002885e+04
31.0 1.002133e+04 9.982010e+03 1.000400e+04 1.004332e+04
32.0 9.927447e+03 9.982536e+03 1.000399e+04 9.948906e+03
33.0 9.968862e+03 9.982900e+03 1.000399e+04 9.989953e+03
34.0 9.979827e+03 9.983166e+03 1.000399e+04 1.000065e+04
0.9 1.005787e+04 1.001649e+04 1.000373e+04 1.004511e+04
1.9 9.979093e+03 1.001328e+04 1.000073e+04 9.966550e+03
2.9 1.000220e+04 1.000641e+04 9.994712e+03 9.990495e+03
3.9 9.994886e+03 1.000094e+04 9.990075e+03 9.984022e+03
4.9 1.004655e+04 9.998095e+03 9.987831e+03 1.003628e+04
5.9 1.002561e+04 9.997137e+03 9.987205e+03 1.001568e+04
6.9 9.960604e+03 9.997222e+03 9.987401e+03 9.950783e+03
7.9 9.949869e+03 9.997732e+03 9.987898e+03 9.940036e+03
8.9 9.964198e+03 9.998291e+03 9.988379e+03 9.954287e+03
9.9 1.004563e+04 9.998747e+03 9.988730e+03 1.003561e+04
10.9 9.995206e+03 9.999070e+03 9.988941e+03 9.985076e+03
11.9 1.003638e+04 9.999279e+03 9.989035e+03 1.002613e+04
12.9 1.010110e+04 9.999420e+03 9.989063e+03 1.009075e+04
13.9 1.000587e+04 9.999521e+03 9.989056e+03 9.995401e+03
14.9 1.001308e+04 9.999603e+03 9.989032e+03 1.000251e+04
15.9 9.967713e+03 9.999673e+03 9.989001e+03 9.957040e+03
16.9 1.002629e+04 9.999736e+03 9.988966e+03 1.001552e+04
17.9 1.001329e+04 1.000068e+04 9.989813e+03 1.000242e+04
18.9 1.005705e+04 1.000539e+04 9.994432e+03 1.004610e+04
19.9 1.009603e+04 1.001118e+04 1.000014e+04 1.008499e+04
20.9 1.005991e+04 1.001490e+04 1.000378e+04 1.004879e+04
21.9 1.000432e+04 1.001516e+04 1.000515e+04 9.994309e+03
22.9 9.925499e+03 1.000955e+04 1.000528e+04 9.921230e+03
23.9 9.972732e+03 1.000258e+04 1.000485e+04 9.974998e+03
24.9 1.001745e+04 9.998052e+03 1.000427e+04 1.002367e+04
25.9 9.971005e+03 9.996021e+03 1.000375e+04 9.978735e+03
26.9 1.001184e+04 9.995582e+03 1.000339e+04 1.001964e+04
27.9 1.005445e+04 9.995891e+03 1.000315e+04 1.006171e+04
28.9 9.958430e+03 9.996426e+03 1.000301e+04 9.965015e+03
29.9 1.004504e+04 9.996912e+03 1.000292e+04 1.005105e+04
30.9 9.968229e+03 9.997254e+03 1.000285e+04 9.973826e+03
31.9 9.965421e+03 9.997440e+03 1.000279e+04 9.970772e+03
32.9 9.991114e+03 9.997526e+03 1.000274e+04 9.996324e+03
33.9 1.000170e+04 9.997550e+03 1.000268e+04 1.000683e+04
