0.6 9.941814e+03 9.965113e+03 9.972116e+03 9.948818e+03
1.6 9.924173e+03 9.971867e+03 9.978764e+03 9.931070e+03
2.6 9.944573e+03 9.992080e+03 9.998865e+03 9.951358e+03
3.6 1.001002e+04 1.001265e+04 1.001932e+04 1.001669e+04
4.6 1.003186e+04 1.002406e+04 1.003061e+04 1.003841e+04
5.6 1.003243e+04 1.002849e+04 1.003492e+04 1.003886e+04
6.6 1.002271e+04 1.002905e+04 1.003536e+04 1.002902e+04
7.6 1.003864e+04 1.002806e+04 1.003425e+04 1.004484e+04
8.6 1.002843e+04 1.002674e+04 1.003282e+04 1.003450e+04
9.6 1.001524e+04 1.002585e+04 1.003180e+04 1.002118e+04
10.6 1.001757e+04 1.002548e+04 1.003129e+04 1.002338e+04
11.6 1.001778e+04 1.002557e+04 1.003124e+04 1.002345e+04
12.6 1.001528e+04 1.002594e+04 1.003147e+04 1.002080e+04
13.6 1.001324e+04 1.002647e+04 1.003184e+04 1.001861e+04
14.6 1.000452e+04 1.002706e+04 1.003228e+04 1.000974e+04
15.6 1.005670e+04 1.002768e+04 1.003275e+04 1.006176e+04
16.6 1.000154e+04 1.002831e+04 1.003322e+04 1.000644e+04
17.6 9.992776e+03 1.002806e+04 1.003280e+04 9.997513e+03
18.6 1.000201e+04 1.001625e+04 1.002082e+04 1.000658e+04
19.6 1.000468e+04 9.995439e+03 9.999833e+03 1.000907e+04
20.6 1.000281e+04 9.979669e+03 9.983885e+03 1.000702e+04
21.6 9.947488e+03 9.972965e+03 9.976998e+03 9.951521e+03
22.6 9.964301e+03 9.971808e+03 9.975652e+03 9.968144e+03
23.6 9.918605e+03 9.973882e+03 9.977047e+03 9.921770e+03
24.6 9.851012e+03 9.981566e+03 9.979349e+03 9.848795e+03
25.6 9.971005e+03 9.992726e+03 9.981617e+03 9.959896e+03
26.6 9.915469e+03 1.000077e+04 9.983341e+03 9.898045e+03
27.6 1.000909e+04 1.000493e+04 9.984544e+03 9.988706e+03
28.6 9.996844e+03 1.000659e+04 9.985369e+03 9.975624e+03
29.6 9.943358e+03 1.000696e+04 9.985950e+03 9.922346e+03
30.6 1.005831e+04 1.000686e+04 9.986412e+03 1.003786e+04
31.6 1.006510e+04 1.000677e+04 9.986814e+03 1.004515e+04
32.6 9.984328e+03 1.000685e+04 9.987189e+03 9.964671e+03
33.6 1.002559e+04 1.000711e+04 9.987549e+03 1.000603e+04
