0.5 8.994936e+03 9.030431e+03 9.056468e+03 9.020972e+03
1.5 9.033585e+03 9.032193e+03 9.060837e+03 9.062229e+03
2.5 9.075841e+03 9.048526e+03 9.077474e+03 9.104788e+03
3.5 9.080423e+03 9.066218e+03 9.094478e+03 9.108683e+03
4.5 9.092449e+03 9.076870e+03 9.104236e+03 9.119815e+03
5.5 9.063195e+03 9.081173e+03 9.107811e+03 9.089834e+03
6.5 9.044977e+03 9.081642e+03 9.107881e+03 9.071216e+03
7.5 9.033977e+03 9.080387e+03 9.106480e+03 9.060070e+03
8.5 9.042686e+03 9.078704e+03 9.104832e+03 9.068813e+03
9.5 9.056435e+03 9.077227e+03 9.103483e+03 9.082691e+03
10.5 9.069780e+03 9.076150e+03 9.102579e+03 9.096209e+03
11.5 9.120235e+03 9.075470e+03 9.102093e+03 9.146858e+03
12.5 9.069773e+03 9.075034e+03 9.101859e+03 9.096598e+03
13.5 9.112462e+03 9.074742e+03 9.101772e+03 9.139492e+03
14.5 9.060431e+03 9.074517e+03 9.101753e+03 9.087667e+03
15.5 9.068446e+03 9.074321e+03 9.101763e+03 9.095889e+03
16.5 9.085047e+03 9.074139e+03 9.101788e+03 9.112697e+03
17.5 9.085608e+03 9.073366e+03 9.101221e+03 9.113464e+03
18.5 9.071463e+03 9.063593e+03 9.091655e+03 9.099525e+03
19.5 9.026114e+03 9.045113e+03 9.073381e+03 9.054381e+03
20.5 9.012769e+03 9.030298e+03 9.058771e+03 9.041242e+03
21.5 8.995719e+03 9.023368e+03 9.052045e+03 9.024396e+03
22.5 9.021913e+03 9.021416e+03 9.050297e+03 9.050794e+03
23.5 9.048522e+03 9.022831e+03 9.051065e+03 9.076756e+03
24.5 9.081819e+03 9.035768e+03 9.052704e+03 9.098755e+03
25.5 9.116798e+03 9.058319e+03 9.054367e+03 9.112845e+03
26.5 9.086223e+03 9.074831e+03 9.055583e+03 9.066974e+03
27.5 9.102302e+03 9.082737e+03 9.056366e+03 9.075930e+03
28.5 9.107790e+03 9.084681e+03 9.056795e+03 9.079904e+03
29.5 9.092999e+03 9.083824e+03 9.057026e+03 9.066202e+03
30.5 9.066337e+03 9.081910e+03 9.057157e+03 9.041584e+03
31.5 9.063051e+03 9.080054e+03 9.057238e+03 9.040235e+03
32.5 9.056349e+03 9.078620e+03 9.057302e+03 9.035031e+03
33.5 9.080280e+03 9.077715e+03 9.057358e+03 9.059924e+03
0.3 9.008283e+03 9.020117e+03 9.049823e+03 9.037989e+03
1.3 9.047700e+03 9.022239e+03 9.052272e+03 9.077733e+03
2.3 9.109008e+03 9.038353e+03 9.066474e+03 9.137128e+03
3.3 9.092765e+03 9.058891e+03 9.084439e+03 9.118314e+03
4.3 9.074816e+03 9.071951e+03 9.095221e+03 9.098085e+03
5.3 9.066604e+03 9.077782e+03 9.099308e+03 9.088130e+03
6.3 9.093923e+03 9.079249e+03 9.099514e+03 9.114188e+03
7.3 9.060517e+03 9.078601e+03 9.097960e+03 9.079877e+03
8.3 9.050880e+03 9.077276e+03 9.095913e+03 9.069517e+03
9.3 9.061671e+03 9.076127e+03 9.094131e+03 9.079675e+03
10.3 9.054183e+03 9.075395e+03 9.092797e+03 9.071586e+03
11.3 9.063226e+03 9.075052e+03 9.091859e+03 9.080033e+03
12.3 9.081626e+03 9.075003e+03 9.091211e+03 9.097834e+03
13.3 9.090062e+03 9.075110e+03 9.090712e+03 9.105664e+03
14.3 9.099101e+03 9.075302e+03 9.090288e+03 9.114087e+03
15.3 9.092146e+03 9.075532e+03 9.089892e+03 9.106507e+03
16.3 9.118516e+03 9.075781e+03 9.089505e+03 9.132240e+03
17.3 9.092783e+03 9.075853e+03 9.088930e+03 9.105860e+03
18.3 9.067595e+03 9.068776e+03 9.081191e+03 9.080010e+03
19.3 9.022499e+03 9.051293e+03 9.063028e+03 9.034234e+03
20.3 9.016454e+03 9.035952e+03 9.046994e+03 9.027496e+03
21.3 9.082942e+03 9.028017e+03 9.038353e+03 9.093278e+03
22.3 9.011212e+03 9.025869e+03 9.035488e+03 9.020831e+03
23.3 9.023202e+03 9.026584e+03 9.035476e+03 9.032094e+03
24.3 9.029750e+03 9.028400e+03 9.036555e+03 9.037905e+03
