1.0 9.048522e+03 9.022831e+03 9.050963e+03 9.076655e+03
2.0 9.081819e+03 9.035768e+03 9.062324e+03 9.108375e+03
3.0 9.116798e+03 9.058319e+03 9.083279e+03 9.141757e+03
4.0 9.086223e+03 9.074831e+03 9.098644e+03 9.110035e+03
5.0 9.102302e+03 9.082737e+03 9.105838e+03 9.125403e+03
6.0 9.107790e+03 9.084681e+03 9.107427e+03 9.130535e+03
7.0 9.092999e+03 9.083824e+03 9.106416e+03 9.115591e+03
8.0 9.066337e+03 9.081910e+03 9.104451e+03 9.088879e+03
9.0 9.063051e+03 9.080054e+03 9.102595e+03 9.085592e+03
10.0 9.056349e+03 9.078620e+03 9.101183e+03 9.078912e+03
11.0 9.080280e+03 9.077715e+03 9.100308e+03 9.102874e+03
12.0 9.100768e+03 9.077173e+03 9.099802e+03 9.123397e+03
13.0 9.106729e+03 9.076846e+03 9.099514e+03 9.129396e+03
14.0 9.119558e+03 9.076638e+03 9.099346e+03 9.142266e+03
15.0 9.095071e+03 9.076482e+03 9.099233e+03 9.117822e+03
16.0 9.073745e+03 9.076350e+03 9.099145e+03 9.096540e+03
17.0 9.053334e+03 9.076221e+03 9.099063e+03 9.076176e+03
18.0 9.064113e+03 9.072288e+03 9.095179e+03 9.087004e+03
19.0 9.022125e+03 9.055057e+03 9.077999e+03 9.045067e+03
20.0 9.024398e+03 9.034799e+03 9.057794e+03 9.047393e+03
21.0 9.009215e+03 9.022911e+03 9.045947e+03 9.032251e+03
22.0 9.054065e+03 9.022700e+03 9.041383e+03 9.072748e+03
23.0 9.065938e+03 9.041605e+03 9.040956e+03 9.065289e+03
24.0 9.065503e+03 9.064038e+03 9.042358e+03 9.043823e+03
25.0 9.088324e+03 9.078584e+03 9.044236e+03 9.053976e+03
26.0 9.093978e+03 9.084650e+03 9.045781e+03 9.055109e+03
27.0 9.086788e+03 9.085912e+03 9.046820e+03 9.047696e+03
28.0 9.085773e+03 9.084812e+03 9.047423e+03 9.048385e+03
29.0 9.062369e+03 9.083012e+03 9.047713e+03 9.027071e+03
30.0 9.061683e+03 9.081344e+03 9.047844e+03 9.028184e+03
31.0 9.065686e+03 9.080197e+03 9.047897e+03 9.033385e+03
32.0 9.155738e+03 9.079500e+03 9.047919e+03 9.124157e+03
33.0 9.080644e+03 9.079106e+03 9.047933e+03 9.049472e+03
34.0 9.090122e+03 9.078894e+03 9.047947e+03 9.059176e+03
0.9 8.985756e+03 9.016165e+03 9.048856e+03 9.018448e+03
1.9 9.030942e+03 9.027247e+03 9.059306e+03 9.063000e+03
2.9 9.038501e+03 9.050129e+03 9.080340e+03 9.068713e+03
3.9 9.035290e+03 9.068153e+03 9.096537e+03 9.063674e+03
4.9 9.106968e+03 9.077342e+03 9.104375e+03 9.134000e+03
5.9 9.111391e+03 9.080348e+03 9.106562e+03 9.137605e+03
6.9 9.077580e+03 9.080036e+03 9.105876e+03 9.103420e+03
7.9 9.069765e+03 9.078422e+03 9.104139e+03 9.095482e+03
8.9 9.024451e+03 9.076726e+03 9.102459e+03 9.050184e+03
9.9 9.040954e+03 9.075422e+03 9.101232e+03 9.066764e+03
10.9 9.012301e+03 9.074585e+03 9.100498e+03 9.038214e+03
11.9 9.036426e+03 9.074142e+03 9.100170e+03 9.062454e+03
12.9 9.036654e+03 9.073922e+03 9.100070e+03 9.062802e+03
13.9 9.029914e+03 9.073825e+03 9.100096e+03 9.056185e+03
14.9 9.037058e+03 9.073785e+03 9.100179e+03 9.063452e+03
15.9 9.089286e+03 9.073769e+03 9.100289e+03 9.115805e+03
16.9 9.085690e+03 9.073764e+03 9.100409e+03 9.112336e+03
17.9 9.136232e+03 9.070677e+03 9.097450e+03 9.163005e+03
18.9 9.127384e+03 9.054417e+03 9.081319e+03 9.154286e+03
19.9 9.136318e+03 9.034362e+03 9.061393e+03 9.163349e+03
20.9 9.081877e+03 9.021511e+03 9.048666e+03 9.109032e+03
21.9 9.056867e+03 9.020217e+03 9.043865e+03 9.080515e+03
22.9 9.036841e+03 9.037380e+03 9.043413e+03 9.042874e+03
23.9 9.041669e+03 9.058929e+03 9.044930e+03 9.027670e+03
24.9 9.031427e+03 9.073090e+03 9.046954e+03 9.005292e+03
25.9 9.039972e+03 9.079580e+03 9.048769e+03 9.009161e+03
26.9 9.051274e+03 9.081126e+03 9.050036e+03 9.020184e+03
27.9 9.094282e+03 9.080320e+03 9.050856e+03 9.064818e+03
28.9 9.092177e+03 9.078772e+03 9.051350e+03 9.064755e+03
29.9 9.080796e+03 9.077341e+03 9.051672e+03 9.055128e+03
30.9 9.102016e+03 9.076327e+03 9.051914e+03 9.077603e+03
31.9 9.084895e+03 9.075773e+03 9.052120e+03 9.061242e+03
32.9 9.053827e+03 9.075511e+03 9.052315e+03 9.030631e+03
33.9 9.069156e+03 9.075427e+03 9.052507e+03 9.046236e+03
