0.5 9.300214e+03 9.348403e+03 9.391958e+03 9.343769e+03
1.5 9.347137e+03 9.349082e+03 9.397959e+03 9.396013e+03
2.5 9.399748e+03 9.371698e+03 9.420813e+03 9.448863e+03
3.5 9.411862e+03 9.397004e+03 9.444171e+03 9.459029e+03
4.5 9.440914e+03 9.412810e+03 9.457575e+03 9.485679e+03
5.5 9.407548e+03 9.419755e+03 9.462486e+03 9.450279e+03
6.5 9.379413e+03 9.421159e+03 9.462582e+03 9.420837e+03
7.5 9.351053e+03 9.419979e+03 9.460658e+03 9.391732e+03
8.5 9.389631e+03 9.418058e+03 9.458393e+03 9.429966e+03
9.5 9.408068e+03 9.416341e+03 9.456541e+03 9.448268e+03
10.5 9.427563e+03 9.415132e+03 9.455298e+03 9.467729e+03
11.5 9.485938e+03 9.414451e+03 9.454631e+03 9.526118e+03
12.5 9.415324e+03 9.414096e+03 9.454309e+03 9.455538e+03
13.5 9.451312e+03 9.413933e+03 9.454190e+03 9.491569e+03
14.5 9.392289e+03 9.413857e+03 9.454163e+03 9.432595e+03
15.5 9.406810e+03 9.413820e+03 9.454179e+03 9.447168e+03
16.5 9.430426e+03 9.413799e+03 9.454213e+03 9.470839e+03
17.5 9.436997e+03 9.412962e+03 9.453434e+03 9.477469e+03
18.5 9.408892e+03 9.399760e+03 9.440292e+03 9.449425e+03
19.5 9.337507e+03 9.374595e+03 9.415191e+03 9.378103e+03
20.5 9.324484e+03 9.354460e+03 9.395121e+03 9.365145e+03
21.5 9.308609e+03 9.345154e+03 9.385883e+03 9.349338e+03
22.5 9.348120e+03 9.342683e+03 9.383481e+03 9.388918e+03
23.5 9.378804e+03 9.344716e+03 9.384535e+03 9.418624e+03
24.5 9.436344e+03 9.361101e+03 9.386788e+03 9.462031e+03
25.5 9.477576e+03 9.389362e+03 9.389071e+03 9.477285e+03
26.5 9.433109e+03 9.410098e+03 9.390741e+03 9.413752e+03
27.5 9.452361e+03 9.420141e+03 9.391817e+03 9.424038e+03
28.5 9.456635e+03 9.422765e+03 9.392407e+03 9.426277e+03
29.5 9.433099e+03 9.421900e+03 9.392725e+03 9.403924e+03
30.5 9.389014e+03 9.419711e+03 9.392904e+03 9.362207e+03
31.5 9.379692e+03 9.417585e+03 9.393016e+03 9.355123e+03
32.5 9.386122e+03 9.415975e+03 9.393103e+03 9.363250e+03
33.5 9.424842e+03 9.415014e+03 9.393180e+03 9.403008e+03
0.3 9.325262e+03 9.348930e+03 9.382830e+03 9.359162e+03
1.3 9.375468e+03 9.352008e+03 9.386194e+03 9.409653e+03
2.3 9.455537e+03 9.373715e+03 9.405702e+03 9.487524e+03
3.3 9.435368e+03 9.401321e+03 9.430380e+03 9.464428e+03
4.3 9.403776e+03 9.418733e+03 9.445191e+03 9.430234e+03
5.3 9.416980e+03 9.426358e+03 9.450806e+03 9.441428e+03
6.3 9.456044e+03 9.428115e+03 9.451088e+03 9.479017e+03
7.3 9.402921e+03 9.427062e+03 9.448954e+03 9.424814e+03
8.3 9.365994e+03 9.425129e+03 9.446142e+03 9.387006e+03
9.3 9.392330e+03 9.423463e+03 9.443694e+03 9.412561e+03
10.3 9.385601e+03 9.422378e+03 9.441861e+03 9.405085e+03
11.3 9.395269e+03 9.421831e+03 9.440573e+03 9.414011e+03
12.3 9.419122e+03 9.421688e+03 9.439683e+03 9.437117e+03
13.3 9.420363e+03 9.421758e+03 9.438998e+03 9.437602e+03
14.3 9.443944e+03 9.421943e+03 9.438415e+03 9.460417e+03
15.3 9.449085e+03 9.422178e+03 9.437871e+03 9.464778e+03
16.3 9.494184e+03 9.422438e+03 9.437340e+03 9.509086e+03
17.3 9.448476e+03 9.422454e+03 9.436550e+03 9.462572e+03
18.3 9.415137e+03 9.412652e+03 9.425918e+03 9.428404e+03
19.3 9.355923e+03 9.388558e+03 9.400969e+03 9.368334e+03
20.3 9.357308e+03 9.367409e+03 9.378944e+03 9.368843e+03
21.3 9.428231e+03 9.356433e+03 9.367074e+03 9.438872e+03
22.3 9.338084e+03 9.353404e+03 9.363138e+03 9.347818e+03
23.3 9.363064e+03 9.354307e+03 9.363122e+03 9.371879e+03
24.3 9.365092e+03 9.356721e+03 9.364604e+03 9.372975e+03
