0.4 8.692017e+03 8.668672e+03 8.675886e+03 8.699231e+03
1.4 8.675250e+03 8.683185e+03 8.692160e+03 8.684225e+03
2.4 8.757779e+03 8.736326e+03 8.747072e+03 8.768525e+03
3.4 8.738779e+03 8.746431e+03 8.758961e+03 8.751309e+03
4.4 8.693768e+03 8.713233e+03 8.727533e+03 8.708068e+03
5.4 8.694300e+03 8.696106e+03 8.697156e+03 8.695351e+03
6.4 8.741700e+03 8.716801e+03 8.680754e+03 8.705653e+03
7.4 8.739012e+03 8.707181e+03 8.673824e+03 8.705655e+03
8.4 8.706038e+03 8.689289e+03 8.682020e+03 8.698769e+03
9.4 8.772217e+03 8.721115e+03 8.734331e+03 8.785432e+03
10.4 8.777467e+03 8.732218e+03 8.757276e+03 8.802525e+03
11.4 8.704244e+03 8.704227e+03 8.731792e+03 8.731809e+03
12.4 8.691458e+03 8.709683e+03 8.703001e+03 8.684776e+03
13.4 8.680442e+03 8.710348e+03 8.685790e+03 8.655884e+03
14.4 8.640002e+03 8.683464e+03 8.678482e+03 8.635020e+03
15.4 8.625298e+03 8.658568e+03 8.676809e+03 8.643540e+03
16.4 8.527598e+03 8.648771e+03 8.678268e+03 8.557095e+03
17.4 8.625105e+03 8.685786e+03 8.680807e+03 8.620126e+03
0.3 8.739012e+03 8.707181e+03 8.673824e+03 8.705655e+03
1.3 8.706038e+03 8.689289e+03 8.682020e+03 8.698769e+03
2.3 8.772217e+03 8.721115e+03 8.734331e+03 8.785432e+03
3.3 8.777467e+03 8.732218e+03 8.757276e+03 8.802525e+03
4.3 8.704244e+03 8.704227e+03 8.731792e+03 8.731809e+03
5.3 8.691458e+03 8.709683e+03 8.703001e+03 8.684776e+03
6.3 8.680442e+03 8.710348e+03 8.685790e+03 8.655884e+03
7.3 8.640002e+03 8.683464e+03 8.678482e+03 8.635020e+03
8.3 8.625298e+03 8.658568e+03 8.676809e+03 8.643540e+03
9.3 8.527598e+03 8.648771e+03 8.678268e+03 8.557095e+03
10.3 8.625105e+03 8.685786e+03 8.680807e+03 8.620126e+03
11.3 8.739770e+03 8.726838e+03 8.683257e+03 8.696190e+03
12.3 8.727847e+03 8.717038e+03 8.685068e+03 8.695877e+03
13.3 8.679166e+03 8.703927e+03 8.686335e+03 8.661575e+03
14.3 8.593465e+03 8.689036e+03 8.695934e+03 8.600363e+03
15.3 8.628017e+03 8.720132e+03 8.752055e+03 8.659939e+03
16.3 8.623699e+03 8.742430e+03 8.789811e+03 8.671081e+03
17.3 8.579277e+03 8.708627e+03 8.762322e+03 8.632972e+03
0.2 8.679166e+03 8.703927e+03 8.686335e+03 8.661575e+03
1.2 8.593465e+03 8.689036e+03 8.695934e+03 8.600363e+03
2.2 8.628017e+03 8.720132e+03 8.752055e+03 8.659939e+03
3.2 8.623699e+03 8.742430e+03 8.789811e+03 8.671081e+03
4.2 8.579277e+03 8.708627e+03 8.762322e+03 8.632972e+03
5.2 8.631742e+03 8.666753e+03 8.721914e+03 8.686904e+03
6.2 8.644255e+03 8.642445e+03 8.697058e+03 8.698868e+03
7.2 8.673119e+03 8.631657e+03 8.685345e+03 8.726807e+03
8.2 8.700623e+03 8.633887e+03 8.681720e+03 8.748455e+03
9.2 8.765648e+03 8.684724e+03 8.682722e+03 8.763647e+03
10.2 8.765825e+03 8.719917e+03 8.685580e+03 8.731488e+03
11.2 8.755644e+03 8.724142e+03 8.688421e+03 8.719922e+03
12.2 8.714197e+03 8.741359e+03 8.690577e+03 8.663414e+03
13.2 8.679162e+03 8.724565e+03 8.692020e+03 8.646618e+03
14.2 8.743849e+03 8.747624e+03 8.692917e+03 8.689142e+03
15.2 8.731098e+03 8.750507e+03 8.693521e+03 8.674112e+03
16.2 8.696705e+03 8.707392e+03 8.693963e+03 8.683277e+03
17.2 8.757987e+03 8.708133e+03 8.694327e+03 8.744181e+03
0.8 8.655555e+03 8.632564e+03 8.695587e+03 8.718578e+03
1.8 8.676047e+03 8.658247e+03 8.726396e+03 8.744196e+03
2.8 8.705961e+03 8.706241e+03 8.774198e+03 8.773918e+03
3.8 8.669211e+03 8.711435e+03 8.765043e+03 8.722819e+03
4.8 8.703841e+03 8.737029e+03 8.730778e+03 8.697591e+03
5.8 8.691469e+03 8.729136e+03 8.704777e+03 8.667110e+03
6.8 8.705703e+03 8.736070e+03 8.691639e+03 8.661273e+03
7.8 8.695303e+03 8.741817e+03 8.686329e+03 8.639816e+03
8.8 8.724440e+03 8.722534e+03 8.685597e+03 8.687503e+03
9.8 8.706961e+03 8.726175e+03 8.687036e+03 8.667822e+03
10.8 8.639613e+03 8.696505e+03 8.688945e+03 8.632053e+03
11.8 8.610496e+03 8.674770e+03 8.690368e+03 8.626094e+03
12.8 8.657354e+03 8.710331e+03 8.691195e+03 8.638218e+03
13.8 8.701315e+03 8.715803e+03 8.691568e+03 8.677080e+03
14.8 8.712672e+03 8.699274e+03 8.691640e+03 8.705038e+03
15.8 8.718714e+03 8.680122e+03 8.691568e+03 8.730160e+03
16.8 8.700449e+03 8.656174e+03 8.691429e+03 8.735705e+03
17.8 8.695901e+03 8.673339e+03 8.691269e+03 8.713832e+03
0.3 8.577005e+03 8.662205e+03 8.690349e+03 8.605149e+03
1.3 8.643429e+03 8.649639e+03 8.700469e+03 8.694259e+03
2.3 8.709031e+03 8.699720e+03 8.759952e+03 8.769263e+03
3.3 8.736878e+03 8.732842e+03 8.794725e+03 8.798761e+03
4.3 8.754721e+03 8.704807e+03 8.764911e+03 8.814825e+03
5.3 8.717327e+03 8.676116e+03 8.722691e+03 8.763902e+03
6.3 8.708164e+03 8.692772e+03 8.696661e+03 8.712054e+03
7.3 8.702425e+03 8.691182e+03 8.689018e+03 8.700261e+03
8.3 8.716249e+03 8.711906e+03 8.731803e+03 8.736146e+03
9.3 8.806945e+03 8.728545e+03 8.767652e+03 8.846052e+03
10.3 8.755286e+03 8.718115e+03 8.746979e+03 8.784150e+03
11.3 8.768946e+03 8.716956e+03 8.714750e+03 8.766740e+03
12.3 8.772975e+03 8.687557e+03 8.693744e+03 8.779162e+03
13.3 8.726380e+03 8.654800e+03 8.684061e+03 8.755641e+03
14.3 8.697854e+03 8.655700e+03 8.680899e+03 8.723052e+03
15.3 8.716676e+03 8.701065e+03 8.681448e+03 8.697059e+03
16.3 8.693920e+03 8.703227e+03 8.683488e+03 8.674181e+03
17.3 8.682948e+03 8.692719e+03 8.685606e+03 8.675835e+03
0.1 8.708164e+03 8.692772e+03 8.696661e+03 8.712054e+03
1.1 8.702425e+03 8.691182e+03 8.689018e+03 8.700261e+03
2.1 8.716249e+03 8.711906e+03 8.731803e+03 8.736146e+03
3.1 8.806945e+03 8.728545e+03 8.767652e+03 8.846052e+03
4.1 8.755286e+03 8.718115e+03 8.746979e+03 8.784150e+03
5.1 8.768946e+03 8.716956e+03 8.714750e+03 8.766740e+03
6.1 8.772975e+03 8.687557e+03 8.693744e+03 8.779162e+03
7.1 8.726380e+03 8.654800e+03 8.684061e+03 8.755641e+03
8.1 8.697854e+03 8.655700e+03 8.680899e+03 8.723052e+03
9.1 8.716676e+03 8.701065e+03 8.681448e+03 8.697059e+03
10.1 8.693920e+03 8.703227e+03 8.683488e+03 8.674181e+03
11.1 8.682948e+03 8.692719e+03 8.685606e+03 8.675835e+03
12.1 8.716227e+03 8.679101e+03 8.687079e+03 8.724205e+03
13.1 8.686561e+03 8.659167e+03 8.687933e+03 8.715326e+03
14.1 8.703609e+03 8.684633e+03 8.688360e+03 8.707336e+03
15.1 8.713638e+03 8.721642e+03 8.688529e+03 8.680525e+03
16.1 8.712709e+03 8.718599e+03 8.688575e+03 8.682685e+03
17.1 8.682964e+03 8.726498e+03 8.688569e+03 8.645035e+03
0.6 8.677854e+03 8.661709e+03 8.688677e+03 8.704821e+03
1.6 8.672245e+03 8.670150e+03 8.710007e+03 8.712102e+03
2.6 8.715866e+03 8.725017e+03 8.777725e+03 8.768575e+03
3.6 8.727934e+03 8.739062e+03 8.797431e+03 8.786304e+03
4.6 8.743268e+03 8.712873e+03 8.758544e+03 8.788939e+03
5.6 8.735091e+03 8.729451e+03 8.716356e+03 8.721997e+03
6.6 8.788623e+03 8.718101e+03 8.697291e+03 8.767813e+03
7.6 8.783324e+03 8.719336e+03 8.730839e+03 8.794827e+03
8.6 8.759253e+03 8.713267e+03 8.752232e+03 8.798218e+03
9.6 8.655524e+03 8.678030e+03 8.730877e+03 8.708371e+03
10.6 8.654990e+03 8.677059e+03 8.704366e+03 8.682297e+03
11.6 8.648214e+03 8.686152e+03 8.689447e+03 8.651510e+03
12.6 8.604125e+03 8.665027e+03 8.682869e+03 8.621967e+03
13.6 8.653568e+03 8.669875e+03 8.681346e+03 8.665039e+03
14.6 8.724143e+03 8.706706e+03 8.682401e+03 8.699838e+03
15.6 8.723848e+03 8.695086e+03 8.684438e+03 8.713199e+03
16.6 8.709758e+03 8.680029e+03 8.686277e+03 8.716006e+03
17.6 8.720270e+03 8.712189e+03 8.687585e+03 8.695666e+03
0.1 8.735091e+03 8.729451e+03 8.716356e+03 8.721997e+03
1.1 8.788623e+03 8.718101e+03 8.697291e+03 8.767813e+03
2.1 8.783324e+03 8.719336e+03 8.730839e+03 8.794827e+03
3.1 8.759253e+03 8.713267e+03 8.752232e+03 8.798218e+03
4.1 8.655524e+03 8.678030e+03 8.730877e+03 8.708371e+03
5.1 8.654990e+03 8.677059e+03 8.704366e+03 8.682297e+03
6.1 8.648214e+03 8.686152e+03 8.689447e+03 8.651510e+03
7.1 8.604125e+03 8.665027e+03 8.682869e+03 8.621967e+03
8.1 8.653568e+03 8.669875e+03 8.681346e+03 8.665039e+03
9.1 8.724143e+03 8.706706e+03 8.682401e+03 8.699838e+03
10.1 8.723848e+03 8.695086e+03 8.684438e+03 8.713199e+03
11.1 8.709758e+03 8.680029e+03 8.686277e+03 8.716006e+03
12.1 8.720270e+03 8.712189e+03 8.687585e+03 8.695666e+03
13.1 8.700330e+03 8.701555e+03 8.688328e+03 8.687103e+03
14.1 8.653638e+03 8.673608e+03 8.688717e+03 8.668747e+03
15.1 8.723029e+03 8.711878e+03 8.688905e+03 8.700056e+03
16.1 8.725093e+03 8.752975e+03 8.688986e+03 8.661104e+03
17.1 8.708939e+03 8.722938e+03 8.689021e+03 8.675022e+03
0.7 8.739005e+03 8.710581e+03 8.689721e+03 8.718145e+03
1.7 8.716108e+03 8.703090e+03 8.720009e+03 8.733028e+03
2.7 8.751582e+03 8.727156e+03 8.776332e+03 8.800758e+03
3.7 8.749826e+03 8.716057e+03 8.773076e+03 8.806846e+03
4.7 8.754711e+03 8.713503e+03 8.735113e+03 8.776321e+03
5.7 8.657442e+03 8.695601e+03 8.704643e+03 8.666484e+03
6.7 8.693435e+03 8.710196e+03 8.688009e+03 8.671248e+03
7.7 8.722428e+03 8.733445e+03 8.681359e+03 8.670343e+03
8.7 8.711560e+03 8.723671e+03 8.680249e+03 8.668138e+03
9.7 8.683576e+03 8.733150e+03 8.681873e+03 8.632299e+03
10.7 8.723450e+03 8.702911e+03 8.684140e+03 8.704679e+03
11.7 8.646494e+03 8.657768e+03 8.686014e+03 8.674740e+03
12.7 8.643366e+03 8.630172e+03 8.687119e+03 8.700312e+03
13.7 8.631316e+03 8.631470e+03 8.687653e+03 8.687499e+03
14.7 8.686085e+03 8.689020e+03 8.687804e+03 8.684869e+03
15.7 8.717871e+03 8.712576e+03 8.687760e+03 8.693055e+03
16.7 8.730848e+03 8.724554e+03 8.687620e+03 8.693914e+03
17.7 8.740737e+03 8.732089e+03 8.687427e+03 8.696076e+03
0.2 8.685973e+03 8.688854e+03 8.682727e+03 8.679846e+03
1.2 8.644517e+03 8.689454e+03 8.690228e+03 8.645291e+03
2.2 8.673689e+03 8.707250e+03 8.735386e+03 8.701825e+03
3.2 8.723774e+03 8.704937e+03 8.751895e+03 8.770732e+03
4.2 8.713465e+03 8.708259e+03 8.726092e+03 8.731298e+03
5.2 8.792875e+03 8.723727e+03 8.698691e+03 8.767839e+03
6.2 8.773194e+03 8.709360e+03 8.699867e+03 8.763701e+03
7.2 8.790279e+03 8.725478e+03 8.747501e+03 8.812301e+03
8.2 8.695324e+03 8.715325e+03 8.753988e+03 8.733988e+03
9.2 8.678827e+03 8.724248e+03 8.720905e+03 8.675484e+03
10.2 8.640881e+03 8.721303e+03 8.692350e+03 8.611928e+03
11.2 8.685919e+03 8.711256e+03 8.708229e+03 8.682892e+03
12.2 8.695544e+03 8.721973e+03 8.748325e+03 8.721896e+03
13.2 8.676232e+03 8.706945e+03 8.736250e+03 8.705537e+03
14.2 8.696009e+03 8.724038e+03 8.702982e+03 8.674953e+03
15.2 8.690037e+03 8.707552e+03 8.679509e+03 8.661994e+03
16.2 8.645633e+03 8.664297e+03 8.667580e+03 8.648916e+03
0.5 8.792875e+03 8.723727e+03 8.698691e+03 8.767839e+03
1.5 8.773194e+03 8.709360e+03 8.699867e+03 8.763701e+03
2.5 8.790279e+03 8.725478e+03 8.747501e+03 8.812301e+03
3.5 8.695324e+03 8.715325e+03 8.753988e+03 8.733988e+03
4.5 8.678827e+03 8.724248e+03 8.720905e+03 8.675484e+03
5.5 8.640881e+03 8.721303e+03 8.692350e+03 8.611928e+03
6.5 8.685919e+03 8.711256e+03 8.708229e+03 8.682892e+03
7.5 8.695544e+03 8.721973e+03 8.748325e+03 8.721896e+03
8.5 8.676232e+03 8.706945e+03 8.736250e+03 8.705537e+03
9.5 8.696009e+03 8.724038e+03 8.702982e+03 8.674953e+03
10.5 8.690037e+03 8.707552e+03 8.679509e+03 8.661994e+03
11.5 8.645633e+03 8.664297e+03 8.667580e+03 8.648916e+03
0.8 8.640881e+03 8.721303e+03 8.692350e+03 8.611928e+03
1.8 8.685919e+03 8.711256e+03 8.708229e+03 8.682892e+03
2.8 8.695544e+03 8.721973e+03 8.748325e+03 8.721896e+03
3.8 8.676232e+03 8.706945e+03 8.736250e+03 8.705537e+03
4.8 8.696009e+03 8.724038e+03 8.702982e+03 8.674953e+03
5.8 8.690037e+03 8.707552e+03 8.679509e+03 8.661994e+03
6.8 8.645633e+03 8.664297e+03 8.667580e+03 8.648916e+03
