0.1 9.041020e+03 8.918000e+03 9.090492e+03 9.213511e+03
1.1 9.065430e+03 8.925145e+03 9.105975e+03 9.246260e+03
2.1 9.324380e+03 9.096389e+03 9.271114e+03 9.499104e+03
3.1 9.380356e+03 9.215500e+03 9.378706e+03 9.543563e+03
4.1 9.294923e+03 9.232798e+03 9.290798e+03 9.352923e+03
5.1 9.240578e+03 9.295208e+03 9.173385e+03 9.118755e+03
6.1 9.075700e+03 9.238564e+03 9.144248e+03 8.981384e+03
7.1 9.296919e+03 9.313454e+03 9.333001e+03 9.316466e+03
8.1 9.259165e+03 9.321280e+03 9.425961e+03 9.363846e+03
9.1 9.140980e+03 9.174464e+03 9.304030e+03 9.270546e+03
10.1 9.285239e+03 9.165647e+03 9.164495e+03 9.284088e+03
11.1 9.257271e+03 9.144621e+03 9.088174e+03 9.200825e+03
12.1 9.261872e+03 9.182619e+03 9.201038e+03 9.280291e+03
13.1 9.439262e+03 9.318740e+03 9.416714e+03 9.537236e+03
14.1 9.433131e+03 9.290025e+03 9.384299e+03 9.527404e+03
15.1 9.346383e+03 9.271395e+03 9.231452e+03 9.306439e+03
16.1 9.278974e+03 9.193030e+03 9.113267e+03 9.199211e+03
17.1 9.222859e+03 9.231764e+03 9.054582e+03 9.045678e+03
0.3 9.240578e+03 9.295208e+03 9.173385e+03 9.118755e+03
1.3 9.075700e+03 9.238564e+03 9.144248e+03 8.981384e+03
2.3 9.296919e+03 9.313454e+03 9.333001e+03 9.316466e+03
3.3 9.259165e+03 9.321280e+03 9.425961e+03 9.363846e+03
4.3 9.140980e+03 9.174464e+03 9.304030e+03 9.270546e+03
5.3 9.285239e+03 9.165647e+03 9.164495e+03 9.284088e+03
6.3 9.257271e+03 9.144621e+03 9.088174e+03 9.200825e+03
7.3 9.261872e+03 9.182619e+03 9.201038e+03 9.280291e+03
8.3 9.439262e+03 9.318740e+03 9.416714e+03 9.537236e+03
9.3 9.433131e+03 9.290025e+03 9.384299e+03 9.527404e+03
10.3 9.346383e+03 9.271395e+03 9.231452e+03 9.306439e+03
11.3 9.278974e+03 9.193030e+03 9.113267e+03 9.199211e+03
12.3 9.222859e+03 9.231764e+03 9.054582e+03 9.045678e+03
13.3 9.155622e+03 9.205329e+03 9.031855e+03 8.982148e+03
14.3 9.211826e+03 9.182931e+03 9.030594e+03 9.059489e+03
15.3 9.120999e+03 9.184879e+03 9.039801e+03 8.975921e+03
16.3 9.216730e+03 9.158958e+03 9.137987e+03 9.195760e+03
17.3 9.160666e+03 9.299624e+03 9.399183e+03 9.260225e+03
0.9 9.257271e+03 9.144621e+03 9.088174e+03 9.200825e+03
1.9 9.261872e+03 9.182619e+03 9.201038e+03 9.280291e+03
2.9 9.439262e+03 9.318740e+03 9.416714e+03 9.537236e+03
3.9 9.433131e+03 9.290025e+03 9.384299e+03 9.527404e+03
4.9 9.346383e+03 9.271395e+03 9.231452e+03 9.306439e+03
5.9 9.278974e+03 9.193030e+03 9.113267e+03 9.199211e+03
6.9 9.222859e+03 9.231764e+03 9.054582e+03 9.045678e+03
7.9 9.155622e+03 9.205329e+03 9.031855e+03 8.982148e+03
8.9 9.211826e+03 9.182931e+03 9.030594e+03 9.059489e+03
9.9 9.120999e+03 9.184879e+03 9.039801e+03 8.975921e+03
10.9 9.216730e+03 9.158958e+03 9.137987e+03 9.195760e+03
11.9 9.160666e+03 9.299624e+03 9.399183e+03 9.260225e+03
12.9 9.270319e+03 9.302753e+03 9.468498e+03 9.436064e+03
13.9 9.098377e+03 9.181515e+03 9.319385e+03 9.236247e+03
14.9 9.156654e+03 9.220747e+03 9.168385e+03 9.104293e+03
15.9 9.223003e+03 9.159401e+03 9.079122e+03 9.142723e+03
16.9 8.952498e+03 9.041613e+03 9.062477e+03 8.973362e+03
17.9 9.043388e+03 9.128593e+03 9.238537e+03 9.153333e+03
0.6 9.120999e+03 9.184879e+03 9.039801e+03 8.975921e+03
1.6 9.216730e+03 9.158958e+03 9.137987e+03 9.195760e+03
2.6 9.160666e+03 9.299624e+03 9.399183e+03 9.260225e+03
3.6 9.270319e+03 9.302753e+03 9.468498e+03 9.436064e+03
4.6 9.098377e+03 9.181515e+03 9.319385e+03 9.236247e+03
5.6 9.156654e+03 9.220747e+03 9.168385e+03 9.104293e+03
6.6 9.223003e+03 9.159401e+03 9.079122e+03 9.142723e+03
7.6 8.952498e+03 9.041613e+03 9.062477e+03 8.973362e+03
8.6 9.043388e+03 9.128593e+03 9.238537e+03 9.153333e+03
9.6 9.185224e+03 9.197411e+03 9.353833e+03 9.341646e+03
10.6 9.070558e+03 9.095951e+03 9.272084e+03 9.246690e+03
11.6 8.887248e+03 8.997926e+03 9.155974e+03 9.045296e+03
12.6 9.025698e+03 9.083985e+03 9.086656e+03 9.028369e+03
13.6 9.137766e+03 9.116306e+03 9.064276e+03 9.085736e+03
14.6 9.137197e+03 9.190883e+03 9.216268e+03 9.162583e+03
15.6 9.230175e+03 9.344501e+03 9.449626e+03 9.335300e+03
16.6 9.227129e+03 9.270787e+03 9.421562e+03 9.377903e+03
17.6 9.245204e+03 9.204035e+03 9.260280e+03 9.301449e+03
0.1 9.223003e+03 9.159401e+03 9.079122e+03 9.142723e+03
1.1 8.952498e+03 9.041613e+03 9.062477e+03 8.973362e+03
2.1 9.043388e+03 9.128593e+03 9.238537e+03 9.153333e+03
3.1 9.185224e+03 9.197411e+03 9.353833e+03 9.341646e+03
4.1 9.070558e+03 9.095951e+03 9.272084e+03 9.246690e+03
5.1 8.887248e+03 8.997926e+03 9.155974e+03 9.045296e+03
6.1 9.025698e+03 9.083985e+03 9.086656e+03 9.028369e+03
7.1 9.137766e+03 9.116306e+03 9.064276e+03 9.085736e+03
8.1 9.137197e+03 9.190883e+03 9.216268e+03 9.162583e+03
9.1 9.230175e+03 9.344501e+03 9.449626e+03 9.335300e+03
10.1 9.227129e+03 9.270787e+03 9.421562e+03 9.377903e+03
11.1 9.245204e+03 9.204035e+03 9.260280e+03 9.301449e+03
12.1 9.415695e+03 9.232427e+03 9.133548e+03 9.316816e+03
13.1 9.340666e+03 9.204488e+03 9.069978e+03 9.206156e+03
14.1 9.353010e+03 9.297299e+03 9.045662e+03 9.101373e+03
15.1 9.304572e+03 9.273837e+03 9.044326e+03 9.075061e+03
16.1 9.164876e+03 9.260452e+03 9.053953e+03 8.958376e+03
17.1 9.129530e+03 9.191623e+03 9.066047e+03 9.003955e+03
0.9 9.137766e+03 9.116306e+03 9.064276e+03 9.085736e+03
1.9 9.137197e+03 9.190883e+03 9.216268e+03 9.162583e+03
2.9 9.230175e+03 9.344501e+03 9.449626e+03 9.335300e+03
3.9 9.227129e+03 9.270787e+03 9.421562e+03 9.377903e+03
4.9 9.245204e+03 9.204035e+03 9.260280e+03 9.301449e+03
5.9 9.415695e+03 9.232427e+03 9.133548e+03 9.316816e+03
6.9 9.340666e+03 9.204488e+03 9.069978e+03 9.206156e+03
7.9 9.353010e+03 9.297299e+03 9.045662e+03 9.101373e+03
8.9 9.304572e+03 9.273837e+03 9.044326e+03 9.075061e+03
9.9 9.164876e+03 9.260452e+03 9.053953e+03 8.958376e+03
10.9 9.129530e+03 9.191623e+03 9.066047e+03 9.003955e+03
11.9 8.817225e+03 9.046738e+03 9.075681e+03 8.846168e+03
12.9 8.754071e+03 8.950158e+03 9.082179e+03 8.886092e+03
13.9 8.975939e+03 9.064445e+03 9.086224e+03 8.997719e+03
14.9 9.114659e+03 9.210010e+03 9.088703e+03 8.993352e+03
15.9 9.148139e+03 9.183620e+03 9.090437e+03 9.054955e+03
16.9 9.152917e+03 9.142522e+03 9.091816e+03 9.102212e+03
17.9 9.125711e+03 9.054585e+03 9.093057e+03 9.164182e+03
1.0 9.139709e+03 9.232896e+03 9.122713e+03 9.029525e+03
2.0 9.159045e+03 9.259730e+03 9.292738e+03 9.192053e+03
3.0 9.177537e+03 9.283960e+03 9.425085e+03 9.318661e+03
4.0 9.236026e+03 9.217562e+03 9.342631e+03 9.361095e+03
5.0 9.170883e+03 9.220946e+03 9.217443e+03 9.167380e+03
6.0 8.972077e+03 9.123643e+03 9.135475e+03 8.983910e+03
7.0 8.933062e+03 9.059924e+03 9.097512e+03 8.970650e+03
8.0 9.076912e+03 9.191611e+03 9.085071e+03 8.970372e+03
9.0 9.246245e+03 9.214860e+03 9.087137e+03 9.118522e+03
10.0 9.194136e+03 9.168055e+03 9.095130e+03 9.121211e+03
11.0 9.197801e+03 9.107272e+03 9.103607e+03 9.194136e+03
12.0 9.080147e+03 9.017812e+03 9.112988e+03 9.175324e+03
13.0 9.092189e+03 9.065719e+03 9.233981e+03 9.260452e+03
14.0 9.238726e+03 9.255631e+03 9.458021e+03 9.441115e+03
15.0 9.181411e+03 9.233997e+03 9.443848e+03 9.391262e+03
16.0 9.061479e+03 9.154339e+03 9.294109e+03 9.201249e+03
17.0 9.101272e+03 9.193463e+03 9.178294e+03 9.086104e+03
18.0 8.902294e+03 9.127810e+03 9.116791e+03 8.891275e+03
0.8 9.080147e+03 9.017812e+03 9.112988e+03 9.175324e+03
1.8 9.092189e+03 9.065719e+03 9.233981e+03 9.260452e+03
2.8 9.238726e+03 9.255631e+03 9.458021e+03 9.441115e+03
3.8 9.181411e+03 9.233997e+03 9.443848e+03 9.391262e+03
4.8 9.061479e+03 9.154339e+03 9.294109e+03 9.201249e+03
5.8 9.101272e+03 9.193463e+03 9.178294e+03 9.086104e+03
6.8 8.902294e+03 9.127810e+03 9.116791e+03 8.891275e+03
7.8 8.781740e+03 9.013013e+03 9.091485e+03 8.860212e+03
8.8 8.990979e+03 8.979206e+03 9.088340e+03 9.100113e+03
9.8 9.192864e+03 9.166220e+03 9.095764e+03 9.122409e+03
10.8 9.301576e+03 9.287860e+03 9.105460e+03 9.119175e+03
11.8 9.363511e+03 9.185942e+03 9.113425e+03 9.290993e+03
12.8 9.152605e+03 9.078259e+03 9.118729e+03 9.193076e+03
13.8 9.221912e+03 9.127733e+03 9.121692e+03 9.215872e+03
14.8 9.126151e+03 9.120061e+03 9.123340e+03 9.129431e+03
15.8 9.165861e+03 9.200225e+03 9.124224e+03 9.089861e+03
16.8 9.440167e+03 9.265006e+03 9.124736e+03 9.299897e+03
17.8 9.338680e+03 9.224618e+03 9.125065e+03 9.239127e+03
0.6 8.913580e+03 9.031998e+03 9.108517e+03 8.990099e+03
1.6 9.057420e+03 9.046865e+03 9.201112e+03 9.211667e+03
2.6 9.278109e+03 9.169978e+03 9.364634e+03 9.472765e+03
3.6 9.250920e+03 9.131183e+03 9.339163e+03 9.458900e+03
4.6 9.115629e+03 9.082516e+03 9.227074e+03 9.260187e+03
5.6 9.220941e+03 9.195199e+03 9.141406e+03 9.167148e+03
6.6 9.111780e+03 9.159821e+03 9.098057e+03 9.050016e+03
7.6 8.979133e+03 9.063662e+03 9.108989e+03 9.024460e+03
8.6 9.188481e+03 9.189979e+03 9.324963e+03 9.323465e+03
9.6 9.247413e+03 9.326784e+03 9.508184e+03 9.428813e+03
10.6 9.175926e+03 9.224926e+03 9.416376e+03 9.367376e+03
11.6 9.128634e+03 9.191718e+03 9.250160e+03 9.187076e+03
12.6 9.241800e+03 9.167692e+03 9.137912e+03 9.212020e+03
13.6 9.171620e+03 9.156301e+03 9.081536e+03 9.096855e+03
14.6 9.303832e+03 9.258961e+03 9.062568e+03 9.107439e+03
15.6 9.297767e+03 9.225286e+03 9.063852e+03 9.136332e+03
16.6 9.255501e+03 9.209522e+03 9.073731e+03 9.119710e+03
17.6 9.030959e+03 9.142146e+03 9.097181e+03 8.985995e+03
0.2 9.111780e+03 9.159821e+03 9.098057e+03 9.050016e+03
1.2 8.979133e+03 9.063662e+03 9.108989e+03 9.024460e+03
2.2 9.188481e+03 9.189979e+03 9.324963e+03 9.323465e+03
3.2 9.247413e+03 9.326784e+03 9.508184e+03 9.428813e+03
4.2 9.175926e+03 9.224926e+03 9.416376e+03 9.367376e+03
5.2 9.128634e+03 9.191718e+03 9.250160e+03 9.187076e+03
6.2 9.241800e+03 9.167692e+03 9.137912e+03 9.212020e+03
7.2 9.171620e+03 9.156301e+03 9.081536e+03 9.096855e+03
8.2 9.303832e+03 9.258961e+03 9.062568e+03 9.107439e+03
9.2 9.297767e+03 9.225286e+03 9.063852e+03 9.136332e+03
10.2 9.255501e+03 9.209522e+03 9.073731e+03 9.119710e+03
11.2 9.030959e+03 9.142146e+03 9.097181e+03 8.985995e+03
12.2 9.157663e+03 9.185927e+03 9.277118e+03 9.248854e+03
13.2 9.255384e+03 9.261217e+03 9.441059e+03 9.435226e+03
14.2 9.173690e+03 9.229365e+03 9.366898e+03 9.311223e+03
15.2 9.143179e+03 9.265467e+03 9.229270e+03 9.106982e+03
16.2 9.228480e+03 9.164197e+03 9.136822e+03 9.201105e+03
17.2 8.997633e+03 9.010576e+03 9.090580e+03 9.077637e+03
1.0 9.030959e+03 9.142146e+03 9.097181e+03 8.985995e+03
2.0 9.157663e+03 9.185927e+03 9.277118e+03 9.248854e+03
3.0 9.255384e+03 9.261217e+03 9.441059e+03 9.435226e+03
4.0 9.173690e+03 9.229365e+03 9.366898e+03 9.311223e+03
5.0 9.143179e+03 9.265467e+03 9.229270e+03 9.106982e+03
6.0 9.228480e+03 9.164197e+03 9.136822e+03 9.201105e+03
7.0 8.997633e+03 9.010576e+03 9.090580e+03 9.077637e+03
8.0 8.978672e+03 8.916360e+03 9.075188e+03 9.137500e+03
9.0 8.954054e+03 8.919863e+03 9.119512e+03 9.153703e+03
10.0 9.141473e+03 9.112586e+03 9.327747e+03 9.356634e+03
11.0 9.230709e+03 9.191700e+03 9.404723e+03 9.443732e+03
12.0 9.206433e+03 9.235414e+03 9.298557e+03 9.269576e+03
13.0 9.299185e+03 9.264044e+03 9.186832e+03 9.221972e+03
14.0 9.168193e+03 9.243914e+03 9.120717e+03 9.044996e+03
15.0 9.275500e+03 9.340215e+03 9.092575e+03 9.027860e+03
16.0 9.177979e+03 9.277702e+03 9.086075e+03 8.986353e+03
17.0 9.152793e+03 9.154341e+03 9.091466e+03 9.089918e+03
18.0 9.284147e+03 9.171905e+03 9.100903e+03 9.213146e+03
0.3 8.978672e+03 8.916360e+03 9.075188e+03 9.137500e+03
1.3 8.954054e+03 8.919863e+03 9.119512e+03 9.153703e+03
2.3 9.141473e+03 9.112586e+03 9.327747e+03 9.356634e+03
3.3 9.230709e+03 9.191700e+03 9.404723e+03 9.443732e+03
4.3 9.206433e+03 9.235414e+03 9.298557e+03 9.269576e+03
5.3 9.299185e+03 9.264044e+03 9.186832e+03 9.221972e+03
6.3 9.168193e+03 9.243914e+03 9.120717e+03 9.044996e+03
7.3 9.275500e+03 9.340215e+03 9.092575e+03 9.027860e+03
8.3 9.177979e+03 9.277702e+03 9.086075e+03 8.986353e+03
9.3 9.152793e+03 9.154341e+03 9.091466e+03 9.089918e+03
10.3 9.284147e+03 9.171905e+03 9.100903e+03 9.213146e+03
11.3 9.199715e+03 9.094546e+03 9.109956e+03 9.215124e+03
12.3 8.976073e+03 8.977633e+03 9.116600e+03 9.115041e+03
13.3 9.087856e+03 8.956563e+03 9.121209e+03 9.252502e+03
14.3 9.282631e+03 9.136400e+03 9.124511e+03 9.270742e+03
15.3 9.433741e+03 9.187717e+03 9.127084e+03 9.373108e+03
16.3 9.254043e+03 9.075918e+03 9.129368e+03 9.307493e+03
17.3 9.019832e+03 9.026975e+03 9.131552e+03 9.124410e+03
