1.0 4.234635e+03 4.317063e+03 4.374273e+03 4.291845e+03
2.0 4.339794e+03 4.352852e+03 4.418434e+03 4.405375e+03
3.0 4.407081e+03 4.395589e+03 4.462644e+03 4.474136e+03
4.0 4.403682e+03 4.390696e+03 4.442396e+03 4.455382e+03
5.0 4.366635e+03 4.390826e+03 4.404146e+03 4.379954e+03
6.0 4.317269e+03 4.375615e+03 4.379202e+03 4.320856e+03
7.0 4.340242e+03 4.402848e+03 4.366761e+03 4.304155e+03
8.0 4.348352e+03 4.421625e+03 4.362102e+03 4.288829e+03
9.0 4.302833e+03 4.382225e+03 4.362026e+03 4.282635e+03
10.0 4.327289e+03 4.335726e+03 4.363919e+03 4.355481e+03
11.0 4.333041e+03 4.309325e+03 4.365966e+03 4.389682e+03
12.0 4.336033e+03 4.298092e+03 4.367448e+03 4.405388e+03
13.0 4.342439e+03 4.300349e+03 4.368282e+03 4.410372e+03
14.0 4.379510e+03 4.348709e+03 4.368601e+03 4.399402e+03
15.0 4.409383e+03 4.382512e+03 4.368645e+03 4.395516e+03
16.0 4.377482e+03 4.397105e+03 4.368544e+03 4.348921e+03
17.0 4.411900e+03 4.431892e+03 4.368381e+03 4.348389e+03
18.0 4.351849e+03 4.413057e+03 4.368193e+03 4.306985e+03
0.3 4.472259e+03 4.413462e+03 4.366282e+03 4.425080e+03
1.3 4.415327e+03 4.392720e+03 4.377625e+03 4.400231e+03
2.3 4.389290e+03 4.401230e+03 4.434105e+03 4.422165e+03
3.3 4.350016e+03 4.390150e+03 4.453512e+03 4.413379e+03
4.3 4.327970e+03 4.391721e+03 4.421563e+03 4.357812e+03
5.3 4.380806e+03 4.401423e+03 4.388056e+03 4.367438e+03
6.3 4.367328e+03 4.385974e+03 4.367983e+03 4.349337e+03
7.3 4.381013e+03 4.414177e+03 4.359028e+03 4.325864e+03
8.3 4.394498e+03 4.408166e+03 4.356368e+03 4.342700e+03
9.3 4.352107e+03 4.376307e+03 4.357172e+03 4.332972e+03
10.3 4.392359e+03 4.405420e+03 4.359150e+03 4.346090e+03
11.3 4.428060e+03 4.390538e+03 4.361022e+03 4.398543e+03
12.3 4.313131e+03 4.347349e+03 4.362195e+03 4.327976e+03
13.3 4.341366e+03 4.362804e+03 4.362778e+03 4.341340e+03
14.3 4.388174e+03 4.377475e+03 4.362950e+03 4.373649e+03
15.3 4.340703e+03 4.347180e+03 4.362921e+03 4.356444e+03
16.3 4.292277e+03 4.321183e+03 4.362802e+03 4.333896e+03
17.3 4.343471e+03 4.357868e+03 4.362646e+03 4.348249e+03
0.6 4.421270e+03 4.413274e+03 4.361951e+03 4.369946e+03
1.6 4.461710e+03 4.402858e+03 4.387210e+03 4.446061e+03
2.6 4.482174e+03 4.423642e+03 4.456450e+03 4.514982e+03
3.6 4.419615e+03 4.412290e+03 4.467824e+03 4.475149e+03
4.6 4.435188e+03 4.418547e+03 4.425200e+03 4.441841e+03
5.6 4.397458e+03 4.401888e+03 4.384736e+03 4.380306e+03
6.6 4.317166e+03 4.350292e+03 4.362606e+03 4.329481e+03
7.6 4.202204e+03 4.313333e+03 4.356591e+03 4.245461e+03
8.6 4.297014e+03 4.343975e+03 4.404478e+03 4.357517e+03
9.6 4.334637e+03 4.386657e+03 4.453880e+03 4.401860e+03
10.6 4.337356e+03 4.382503e+03 4.434604e+03 4.389457e+03
11.6 4.389942e+03 4.379258e+03 4.395615e+03 4.406300e+03
12.6 4.389951e+03 4.351960e+03 4.369224e+03 4.407215e+03
13.6 4.333657e+03 4.336422e+03 4.373484e+03 4.370719e+03
14.6 4.407335e+03 4.368964e+03 4.420701e+03 4.459073e+03
15.6 4.394812e+03 4.369030e+03 4.424955e+03 4.450737e+03
16.6 4.392022e+03 4.392048e+03 4.395976e+03 4.395950e+03
17.6 4.411222e+03 4.402808e+03 4.371697e+03 4.380110e+03
1.0 4.202204e+03 4.313333e+03 4.356591e+03 4.245461e+03
2.0 4.297014e+03 4.343975e+03 4.404478e+03 4.357517e+03
3.0 4.334637e+03 4.386657e+03 4.453880e+03 4.401860e+03
4.0 4.337356e+03 4.382503e+03 4.434604e+03 4.389457e+03
5.0 4.389942e+03 4.379258e+03 4.395615e+03 4.406300e+03
6.0 4.389951e+03 4.351960e+03 4.369224e+03 4.407215e+03
7.0 4.333657e+03 4.336422e+03 4.373484e+03 4.370719e+03
8.0 4.407335e+03 4.368964e+03 4.420701e+03 4.459073e+03
9.0 4.394812e+03 4.369030e+03 4.424955e+03 4.450737e+03
10.0 4.392022e+03 4.392048e+03 4.395976e+03 4.395950e+03
11.0 4.411222e+03 4.402808e+03 4.371697e+03 4.380110e+03
12.0 4.452021e+03 4.362471e+03 4.358678e+03 4.448228e+03
13.0 4.345537e+03 4.322525e+03 4.353626e+03 4.376637e+03
14.0 4.330827e+03 4.301372e+03 4.352948e+03 4.382404e+03
15.0 4.349627e+03 4.326911e+03 4.354482e+03 4.377199e+03
16.0 4.389747e+03 4.378176e+03 4.356565e+03 4.368136e+03
17.0 4.381280e+03 4.384208e+03 4.358331e+03 4.355403e+03
18.0 4.384125e+03 4.413883e+03 4.359441e+03 4.329683e+03
0.4 4.389951e+03 4.351960e+03 4.369224e+03 4.407215e+03
1.4 4.333657e+03 4.336422e+03 4.373484e+03 4.370719e+03
2.4 4.407335e+03 4.368964e+03 4.420701e+03 4.459073e+03
3.4 4.394812e+03 4.369030e+03 4.424955e+03 4.450737e+03
4.4 4.392022e+03 4.392048e+03 4.395976e+03 4.395950e+03
5.4 4.411222e+03 4.402808e+03 4.371697e+03 4.380110e+03
6.4 4.452021e+03 4.362471e+03 4.358678e+03 4.448228e+03
7.4 4.345537e+03 4.322525e+03 4.353626e+03 4.376637e+03
8.4 4.330827e+03 4.301372e+03 4.352948e+03 4.382404e+03
9.4 4.349627e+03 4.326911e+03 4.354482e+03 4.377199e+03
10.4 4.389747e+03 4.378176e+03 4.356565e+03 4.368136e+03
11.4 4.381280e+03 4.384208e+03 4.358331e+03 4.355403e+03
12.4 4.384125e+03 4.413883e+03 4.359441e+03 4.329683e+03
13.4 4.380206e+03 4.405354e+03 4.360062e+03 4.334914e+03
14.4 4.418247e+03 4.404948e+03 4.360351e+03 4.373650e+03
15.4 4.411662e+03 4.404819e+03 4.360488e+03 4.367330e+03
16.4 4.384538e+03 4.388009e+03 4.360557e+03 4.357087e+03
17.4 4.366739e+03 4.399066e+03 4.360588e+03 4.328262e+03
0.4 4.346592e+03 4.370167e+03 4.360657e+03 4.337082e+03
1.4 4.279228e+03 4.346691e+03 4.378409e+03 4.310946e+03
2.4 4.385219e+03 4.383616e+03 4.440742e+03 4.442345e+03
3.4 4.368171e+03 4.389377e+03 4.454804e+03 4.433598e+03
4.4 4.399863e+03 4.382536e+03 4.418236e+03 4.435563e+03
5.4 4.430729e+03 4.369036e+03 4.382353e+03 4.444046e+03
6.4 4.354640e+03 4.337428e+03 4.362568e+03 4.379780e+03
7.4 4.348229e+03 4.343747e+03 4.353778e+03 4.358259e+03
8.4 4.369789e+03 4.392787e+03 4.351561e+03 4.328563e+03
9.4 4.369829e+03 4.385088e+03 4.352862e+03 4.337603e+03
10.4 4.295618e+03 4.367707e+03 4.355322e+03 4.283233e+03
11.4 4.342103e+03 4.390742e+03 4.357449e+03 4.308810e+03
12.4 4.316322e+03 4.371933e+03 4.358862e+03 4.303250e+03
13.4 4.286841e+03 4.332638e+03 4.359647e+03 4.313850e+03
14.4 4.320826e+03 4.318492e+03 4.359995e+03 4.362329e+03
15.4 4.398349e+03 4.372123e+03 4.360127e+03 4.386353e+03
16.4 4.437558e+03 4.407465e+03 4.360146e+03 4.390239e+03
17.4 4.398061e+03 4.376674e+03 4.360110e+03 4.381497e+03
0.5 4.420338e+03 4.334928e+03 4.359925e+03 4.445335e+03
1.5 4.348112e+03 4.325322e+03 4.381107e+03 4.403897e+03
2.5 4.397626e+03 4.368372e+03 4.436986e+03 4.466240e+03
3.5 4.363301e+03 4.369889e+03 4.438257e+03 4.431669e+03
4.5 4.347338e+03 4.370942e+03 4.403326e+03 4.379721e+03
5.5 4.383483e+03 4.363485e+03 4.375111e+03 4.395109e+03
6.5 4.388521e+03 4.337111e+03 4.362438e+03 4.413849e+03
7.5 4.368118e+03 4.357393e+03 4.401220e+03 4.411945e+03
8.5 4.403008e+03 4.392771e+03 4.447502e+03 4.457739e+03
9.5 4.384553e+03 4.393619e+03 4.429779e+03 4.420713e+03
10.5 4.364837e+03 4.416859e+03 4.392933e+03 4.340911e+03
11.5 4.398674e+03 4.390776e+03 4.368072e+03 4.375969e+03
12.5 4.335312e+03 4.355241e+03 4.370198e+03 4.350269e+03
13.5 4.325243e+03 4.381992e+03 4.425810e+03 4.369060e+03
14.5 4.414754e+03 4.384916e+03 4.443177e+03 4.473014e+03
15.5 4.380609e+03 4.375012e+03 4.411346e+03 4.416943e+03
16.5 4.334934e+03 4.367289e+03 4.380703e+03 4.348348e+03
17.5 4.325693e+03 4.373854e+03 4.399853e+03 4.351692e+03
0.9 4.388521e+03 4.337111e+03 4.362438e+03 4.413849e+03
1.9 4.368118e+03 4.357393e+03 4.401220e+03 4.411945e+03
2.9 4.403008e+03 4.392771e+03 4.447502e+03 4.457739e+03
3.9 4.384553e+03 4.393619e+03 4.429779e+03 4.420713e+03
4.9 4.364837e+03 4.416859e+03 4.392933e+03 4.340911e+03
5.9 4.398674e+03 4.390776e+03 4.368072e+03 4.375969e+03
6.9 4.335312e+03 4.355241e+03 4.370198e+03 4.350269e+03
7.9 4.325243e+03 4.381992e+03 4.425810e+03 4.369060e+03
8.9 4.414754e+03 4.384916e+03 4.443177e+03 4.473014e+03
9.9 4.380609e+03 4.375012e+03 4.411346e+03 4.416943e+03
10.9 4.334934e+03 4.367289e+03 4.380703e+03 4.348348e+03
11.9 4.325693e+03 4.373854e+03 4.399853e+03 4.351692e+03
12.9 4.373183e+03 4.411747e+03 4.456976e+03 4.418412e+03
13.9 4.405347e+03 4.392631e+03 4.450046e+03 4.462762e+03
14.9 4.342823e+03 4.344885e+03 4.407160e+03 4.405099e+03
15.9 4.333655e+03 4.336699e+03 4.374470e+03 4.371426e+03
16.9 4.371331e+03 4.346298e+03 4.357708e+03 4.382741e+03
17.9 4.370590e+03 4.351583e+03 4.351791e+03 4.370798e+03
0.4 4.398674e+03 4.390776e+03 4.368072e+03 4.375969e+03
1.4 4.335312e+03 4.355241e+03 4.370198e+03 4.350269e+03
2.4 4.325243e+03 4.381992e+03 4.425810e+03 4.369060e+03
3.4 4.414754e+03 4.384916e+03 4.443177e+03 4.473014e+03
4.4 4.380609e+03 4.375012e+03 4.411346e+03 4.416943e+03
5.4 4.334934e+03 4.367289e+03 4.380703e+03 4.348348e+03
6.4 4.325693e+03 4.373854e+03 4.399853e+03 4.351692e+03
7.4 4.373183e+03 4.411747e+03 4.456976e+03 4.418412e+03
8.4 4.405347e+03 4.392631e+03 4.450046e+03 4.462762e+03
9.4 4.342823e+03 4.344885e+03 4.407160e+03 4.405099e+03
10.4 4.333655e+03 4.336699e+03 4.374470e+03 4.371426e+03
11.4 4.371331e+03 4.346298e+03 4.357708e+03 4.382741e+03
12.4 4.370590e+03 4.351583e+03 4.351791e+03 4.370798e+03
13.4 4.401619e+03 4.403963e+03 4.351694e+03 4.349350e+03
14.4 4.375751e+03 4.414707e+03 4.354321e+03 4.315365e+03
15.4 4.400698e+03 4.384493e+03 4.357465e+03 4.373670e+03
16.4 4.439935e+03 4.403238e+03 4.360062e+03 4.396759e+03
17.4 4.468423e+03 4.391200e+03 4.361739e+03 4.438962e+03
0.8 4.334934e+03 4.367289e+03 4.380703e+03 4.348348e+03
1.8 4.325693e+03 4.373854e+03 4.399853e+03 4.351692e+03
2.8 4.373183e+03 4.411747e+03 4.456976e+03 4.418412e+03
3.8 4.405347e+03 4.392631e+03 4.450046e+03 4.462762e+03
4.8 4.342823e+03 4.344885e+03 4.407160e+03 4.405099e+03
5.8 4.333655e+03 4.336699e+03 4.374470e+03 4.371426e+03
6.8 4.371331e+03 4.346298e+03 4.357708e+03 4.382741e+03
7.8 4.370590e+03 4.351583e+03 4.351791e+03 4.370798e+03
8.8 4.401619e+03 4.403963e+03 4.351694e+03 4.349350e+03
9.8 4.375751e+03 4.414707e+03 4.354321e+03 4.315365e+03
10.8 4.400698e+03 4.384493e+03 4.357465e+03 4.373670e+03
11.8 4.439935e+03 4.403238e+03 4.360062e+03 4.396759e+03
12.8 4.468423e+03 4.391200e+03 4.361739e+03 4.438962e+03
13.8 4.429027e+03 4.392133e+03 4.362751e+03 4.399645e+03
14.8 4.441400e+03 4.385305e+03 4.363323e+03 4.419419e+03
15.8 4.334957e+03 4.347809e+03 4.363681e+03 4.350828e+03
16.8 4.316266e+03 4.367267e+03 4.363945e+03 4.312943e+03
17.8 4.332771e+03 4.393400e+03 4.364173e+03 4.303544e+03
0.7 4.457579e+03 4.421037e+03 4.366982e+03 4.403524e+03
1.7 4.369328e+03 4.411866e+03 4.401294e+03 4.358755e+03
2.7 4.397939e+03 4.434008e+03 4.473071e+03 4.437003e+03
3.7 4.393007e+03 4.409953e+03 4.478089e+03 4.461143e+03
4.7 4.399518e+03 4.375267e+03 4.430343e+03 4.454593e+03
5.7 4.429170e+03 4.393125e+03 4.389487e+03 4.425532e+03
6.7 4.389189e+03 4.368539e+03 4.366507e+03 4.387157e+03
7.7 4.364746e+03 4.324779e+03 4.357108e+03 4.397075e+03
8.7 4.351677e+03 4.312271e+03 4.370764e+03 4.410171e+03
9.7 4.394479e+03 4.364016e+03 4.436059e+03 4.466522e+03
10.7 4.489292e+03 4.378516e+03 4.455605e+03 4.566382e+03
11.7 4.399128e+03 4.344326e+03 4.421760e+03 4.476562e+03
12.7 4.273070e+03 4.334794e+03 4.388006e+03 4.326282e+03
13.7 4.371529e+03 4.379973e+03 4.368583e+03 4.360138e+03
14.7 4.340677e+03 4.381183e+03 4.359828e+03 4.319323e+03
15.7 4.323150e+03 4.392045e+03 4.357843e+03 4.288948e+03
16.7 4.388990e+03 4.382562e+03 4.359367e+03 4.365795e+03
17.7 4.389161e+03 4.383521e+03 4.362026e+03 4.367666e+03
0.4 4.364746e+03 4.324779e+03 4.357108e+03 4.397075e+03
1.4 4.351677e+03 4.312271e+03 4.370764e+03 4.410171e+03
2.4 4.394479e+03 4.364016e+03 4.436059e+03 4.466522e+03
3.4 4.489292e+03 4.378516e+03 4.455605e+03 4.566382e+03
4.4 4.399128e+03 4.344326e+03 4.421760e+03 4.476562e+03
5.4 4.273070e+03 4.334794e+03 4.388006e+03 4.326282e+03
6.4 4.371529e+03 4.379973e+03 4.368583e+03 4.360138e+03
7.4 4.340677e+03 4.381183e+03 4.359828e+03 4.319323e+03
8.4 4.323150e+03 4.392045e+03 4.357843e+03 4.288948e+03
9.4 4.388990e+03 4.382562e+03 4.359367e+03 4.365795e+03
10.4 4.389161e+03 4.383521e+03 4.362026e+03 4.367666e+03
11.4 4.452074e+03 4.399975e+03 4.364468e+03 4.416567e+03
12.4 4.411397e+03 4.383745e+03 4.366235e+03 4.393886e+03
13.4 4.454609e+03 4.400784e+03 4.367313e+03 4.421138e+03
14.4 4.393301e+03 4.389899e+03 4.368013e+03 4.371415e+03
15.4 4.351292e+03 4.401138e+03 4.368527e+03 4.318680e+03
16.4 4.343224e+03 4.398938e+03 4.368983e+03 4.313269e+03
17.4 4.403678e+03 4.387583e+03 4.369428e+03 4.385523e+03
