0.1 9.929448e+03 9.857090e+03 9.948611e+03 1.002097e+04
1.1 9.966419e+03 9.861265e+03 9.956380e+03 1.006153e+04
2.1 1.006954e+04 9.947283e+03 1.003923e+04 1.016149e+04
3.1 1.007095e+04 1.000691e+04 1.009321e+04 1.015725e+04
4.1 1.003376e+04 1.001905e+04 1.004911e+04 1.006382e+04
5.1 1.002130e+04 1.005686e+04 9.990201e+03 9.954645e+03
6.1 9.949901e+03 1.002706e+04 9.975582e+03 9.898428e+03
7.1 1.004491e+04 1.006002e+04 1.007028e+04 1.005517e+04
8.1 1.003584e+04 1.006052e+04 1.011692e+04 1.009224e+04
9.1 9.961549e+03 9.986756e+03 1.005575e+04 1.003054e+04
10.1 1.003656e+04 9.995253e+03 9.985740e+03 1.002705e+04
11.1 1.001606e+04 9.989855e+03 9.947449e+03 9.973656e+03
12.1 1.005563e+04 1.000166e+04 1.000407e+04 1.005805e+04
13.1 1.015059e+04 1.006218e+04 1.011228e+04 1.020069e+04
14.1 1.010658e+04 1.004779e+04 1.009602e+04 1.015482e+04
15.1 1.010569e+04 1.005064e+04 1.001933e+04 1.007438e+04
16.1 1.002454e+04 1.001255e+04 9.960038e+03 9.972025e+03
17.1 1.001683e+04 1.002951e+04 9.930595e+03 9.917923e+03
0.3 1.002130e+04 1.005686e+04 9.990201e+03 9.954645e+03
1.3 9.949901e+03 1.002706e+04 9.975582e+03 9.898428e+03
2.3 1.004491e+04 1.006002e+04 1.007028e+04 1.005517e+04
3.3 1.003584e+04 1.006052e+04 1.011692e+04 1.009224e+04
4.3 9.961549e+03 9.986756e+03 1.005575e+04 1.003054e+04
5.3 1.003656e+04 9.995253e+03 9.985740e+03 1.002705e+04
6.3 1.001606e+04 9.989855e+03 9.947449e+03 9.973656e+03
7.3 1.005563e+04 1.000166e+04 1.000407e+04 1.005805e+04
8.3 1.015059e+04 1.006218e+04 1.011228e+04 1.020069e+04
9.3 1.010658e+04 1.004779e+04 1.009602e+04 1.015482e+04
10.3 1.010569e+04 1.005064e+04 1.001933e+04 1.007438e+04
11.3 1.002454e+04 1.001255e+04 9.960038e+03 9.972025e+03
12.3 1.001683e+04 1.002951e+04 9.930595e+03 9.917923e+03
13.3 9.999238e+03 1.001173e+04 9.919192e+03 9.906702e+03
14.3 9.997493e+03 9.998390e+03 9.918559e+03 9.917662e+03
15.3 9.997096e+03 9.999004e+03 9.923179e+03 9.921271e+03
16.3 9.979686e+03 9.981673e+03 9.972441e+03 9.970454e+03
17.3 1.002673e+04 1.004816e+04 1.010349e+04 1.008206e+04
0.9 1.001606e+04 9.989855e+03 9.947449e+03 9.973656e+03
1.9 1.005563e+04 1.000166e+04 1.000407e+04 1.005805e+04
2.9 1.015059e+04 1.006218e+04 1.011228e+04 1.020069e+04
3.9 1.010658e+04 1.004779e+04 1.009602e+04 1.015482e+04
4.9 1.010569e+04 1.005064e+04 1.001933e+04 1.007438e+04
5.9 1.002454e+04 1.001255e+04 9.960038e+03 9.972025e+03
6.9 1.001683e+04 1.002951e+04 9.930595e+03 9.917923e+03
7.9 9.999238e+03 1.001173e+04 9.919192e+03 9.906702e+03
8.9 9.997493e+03 9.998390e+03 9.918559e+03 9.917662e+03
9.9 9.997096e+03 9.999004e+03 9.923179e+03 9.921271e+03
10.9 9.979686e+03 9.981673e+03 9.972441e+03 9.970454e+03
11.9 1.002673e+04 1.004816e+04 1.010349e+04 1.008206e+04
12.9 1.003901e+04 1.004762e+04 1.013826e+04 1.012966e+04
13.9 9.946931e+03 9.988117e+03 1.006345e+04 1.002227e+04
14.9 9.958396e+03 1.001526e+04 9.987692e+03 9.930827e+03
15.9 9.993048e+03 9.985578e+03 9.942907e+03 9.950377e+03
16.9 9.875356e+03 9.922547e+03 9.934556e+03 9.887365e+03
17.9 9.926347e+03 9.962712e+03 1.002289e+04 9.986523e+03
0.6 9.997096e+03 9.999004e+03 9.923179e+03 9.921271e+03
1.6 9.979686e+03 9.981673e+03 9.972441e+03 9.970454e+03
2.6 1.002673e+04 1.004816e+04 1.010349e+04 1.008206e+04
3.6 1.003901e+04 1.004762e+04 1.013826e+04 1.012966e+04
4.6 9.946931e+03 9.988117e+03 1.006345e+04 1.002227e+04
5.6 9.958396e+03 1.001526e+04 9.987692e+03 9.930827e+03
6.6 9.993048e+03 9.985578e+03 9.942907e+03 9.950377e+03
7.6 9.875356e+03 9.922547e+03 9.934556e+03 9.887365e+03
8.6 9.926347e+03 9.962712e+03 1.002289e+04 9.986523e+03
9.6 9.987994e+03 9.995417e+03 1.008073e+04 1.007331e+04
10.6 9.951695e+03 9.943733e+03 1.003972e+04 1.004768e+04
11.6 9.829886e+03 9.896418e+03 9.981465e+03 9.914933e+03
12.6 9.963511e+03 9.953713e+03 9.946687e+03 9.956485e+03
13.6 1.000979e+04 9.974618e+03 9.935459e+03 9.970625e+03
14.6 9.989274e+03 1.000459e+04 1.001172e+04 9.996400e+03
15.6 1.000260e+04 1.007412e+04 1.012880e+04 1.005728e+04
16.6 1.002122e+04 1.003276e+04 1.011472e+04 1.010317e+04
17.6 1.002040e+04 1.000179e+04 1.003380e+04 1.005242e+04
0.1 9.993048e+03 9.985578e+03 9.942907e+03 9.950377e+03
1.1 9.875356e+03 9.922547e+03 9.934556e+03 9.887365e+03
2.1 9.926347e+03 9.962712e+03 1.002289e+04 9.986523e+03
3.1 9.987994e+03 9.995417e+03 1.008073e+04 1.007331e+04
4.1 9.951695e+03 9.943733e+03 1.003972e+04 1.004768e+04
5.1 9.829886e+03 9.896418e+03 9.981465e+03 9.914933e+03
6.1 9.963511e+03 9.953713e+03 9.946687e+03 9.956485e+03
7.1 1.000979e+04 9.974618e+03 9.935459e+03 9.970625e+03
8.1 9.989274e+03 1.000459e+04 1.001172e+04 9.996400e+03
9.1 1.000260e+04 1.007412e+04 1.012880e+04 1.005728e+04
10.1 1.002122e+04 1.003276e+04 1.011472e+04 1.010317e+04
11.1 1.002040e+04 1.000179e+04 1.003380e+04 1.005242e+04
12.1 1.007514e+04 1.002172e+04 9.970213e+03 1.002364e+04
13.1 1.014040e+04 1.000859e+04 9.938319e+03 1.007014e+04
14.1 1.008878e+04 1.005823e+04 9.926119e+03 9.956677e+03
15.1 1.008938e+04 1.004557e+04 9.925449e+03 9.969258e+03
16.1 1.003568e+04 1.003902e+04 9.930279e+03 9.926936e+03
17.1 9.953625e+03 1.000240e+04 9.936347e+03 9.887570e+03
0.9 1.000979e+04 9.974618e+03 9.935459e+03 9.970625e+03
1.9 9.989274e+03 1.000459e+04 1.001172e+04 9.996400e+03
2.9 1.000260e+04 1.007412e+04 1.012880e+04 1.005728e+04
3.9 1.002122e+04 1.003276e+04 1.011472e+04 1.010317e+04
4.9 1.002040e+04 1.000179e+04 1.003380e+04 1.005242e+04
5.9 1.007514e+04 1.002172e+04 9.970213e+03 1.002364e+04
6.9 1.014040e+04 1.000859e+04 9.938319e+03 1.007014e+04
7.9 1.008878e+04 1.005823e+04 9.926119e+03 9.956677e+03
8.9 1.008938e+04 1.004557e+04 9.925449e+03 9.969258e+03
9.9 1.003568e+04 1.003902e+04 9.930279e+03 9.926936e+03
10.9 9.953625e+03 1.000240e+04 9.936347e+03 9.887570e+03
11.9 9.780290e+03 9.924469e+03 9.941181e+03 9.797002e+03
12.9 9.740733e+03 9.872338e+03 9.944441e+03 9.812836e+03
13.9 9.866436e+03 9.932827e+03 9.946470e+03 9.880079e+03
14.9 9.931688e+03 1.001020e+04 9.947714e+03 9.869207e+03
15.9 9.963241e+03 9.997962e+03 9.948584e+03 9.913863e+03
16.9 9.963688e+03 9.980003e+03 9.949276e+03 9.932961e+03
17.9 9.917625e+03 9.932753e+03 9.949898e+03 9.934771e+03
1.0 9.988918e+03 1.003759e+04 9.964777e+03 9.916104e+03
2.0 1.000316e+04 1.004190e+04 1.005008e+04 1.001134e+04
3.0 1.001734e+04 1.004509e+04 1.011648e+04 1.008873e+04
4.0 1.000962e+04 1.001288e+04 1.007511e+04 1.007185e+04
5.0 9.990667e+03 1.002555e+04 1.001231e+04 9.977420e+03
6.0 9.885989e+03 9.974401e+03 9.971180e+03 9.882768e+03
7.0 9.870649e+03 9.935887e+03 9.952134e+03 9.886896e+03
8.0 9.948362e+03 1.000242e+04 9.945891e+03 9.891837e+03
9.0 9.997108e+03 1.001302e+04 9.946928e+03 9.931012e+03
10.0 1.001954e+04 9.990832e+03 9.950939e+03 9.979650e+03
11.0 1.003228e+04 9.960555e+03 9.955192e+03 1.002692e+04
12.0 9.959616e+03 9.911084e+03 9.959898e+03 1.000843e+04
13.0 9.942192e+03 9.930849e+03 1.002060e+04 1.003195e+04
14.0 1.000126e+04 1.002389e+04 1.013301e+04 1.011038e+04
15.0 9.953964e+03 1.001233e+04 1.012590e+04 1.006753e+04
16.0 9.866248e+03 9.978457e+03 1.005077e+04 9.938561e+03
17.0 9.944076e+03 1.001202e+04 9.992664e+03 9.924725e+03
18.0 9.875788e+03 9.978415e+03 9.961806e+03 9.859179e+03
0.8 9.959616e+03 9.911084e+03 9.959898e+03 1.000843e+04
1.8 9.942192e+03 9.930849e+03 1.002060e+04 1.003195e+04
2.8 1.000126e+04 1.002389e+04 1.013301e+04 1.011038e+04
3.8 9.953964e+03 1.001233e+04 1.012590e+04 1.006753e+04
4.8 9.866248e+03 9.978457e+03 1.005077e+04 9.938561e+03
5.8 9.944076e+03 1.001202e+04 9.992664e+03 9.924725e+03
6.8 9.875788e+03 9.978415e+03 9.961806e+03 9.859179e+03
7.8 9.803952e+03 9.912394e+03 9.949110e+03 9.840668e+03
8.8 9.881696e+03 9.888258e+03 9.947532e+03 9.940970e+03
9.8 9.989854e+03 9.973755e+03 9.951257e+03 9.967355e+03
10.8 1.005243e+04 1.003057e+04 9.956121e+03 9.977982e+03
11.8 1.003584e+04 9.981753e+03 9.960117e+03 1.001420e+04
12.8 1.000799e+04 9.934348e+03 9.962779e+03 1.003642e+04
13.8 1.000988e+04 9.972076e+03 9.964265e+03 1.000207e+04
14.8 9.971553e+03 9.970341e+03 9.965092e+03 9.966304e+03
15.8 9.991820e+03 1.000133e+04 9.965536e+03 9.956023e+03
16.8 1.012508e+04 1.002593e+04 9.965792e+03 1.006495e+04
17.8 1.007593e+04 1.000999e+04 9.965958e+03 1.003190e+04
0.6 9.805938e+03 9.922426e+03 9.957655e+03 9.841166e+03
1.6 9.907350e+03 9.924738e+03 1.000411e+04 9.986723e+03
2.6 1.002788e+04 9.983232e+03 1.008615e+04 1.013080e+04
3.6 1.000980e+04 9.962136e+03 1.007337e+04 1.012104e+04
4.6 9.974414e+03 9.939594e+03 1.001714e+04 1.005196e+04
5.6 1.002853e+04 1.000361e+04 9.974156e+03 9.999077e+03
6.6 9.968365e+03 9.986193e+03 9.952407e+03 9.934580e+03
7.6 9.883858e+03 9.933900e+03 9.957892e+03 9.907850e+03
8.6 1.005159e+04 9.993896e+03 1.006625e+04 1.012394e+04
9.6 1.000940e+04 1.006080e+04 1.015818e+04 1.010678e+04
10.6 1.002680e+04 1.000985e+04 1.011211e+04 1.012906e+04
11.6 9.951445e+03 1.000567e+04 1.002872e+04 9.974498e+03
12.6 1.006042e+04 1.000123e+04 9.972403e+03 1.003159e+04
13.6 1.002531e+04 9.986627e+03 9.944118e+03 9.982800e+03
14.6 1.002679e+04 1.002551e+04 9.934602e+03 9.935882e+03
15.6 1.007819e+04 1.000608e+04 9.935246e+03 1.000735e+04
16.6 1.004193e+04 1.000930e+04 9.940202e+03 9.972830e+03
17.6 9.946494e+03 9.979346e+03 9.951968e+03 9.919115e+03
0.2 9.968365e+03 9.986193e+03 9.952407e+03 9.934580e+03
1.2 9.883858e+03 9.933900e+03 9.957892e+03 9.907850e+03
2.2 1.005159e+04 9.993896e+03 1.006625e+04 1.012394e+04
3.2 1.000940e+04 1.006080e+04 1.015818e+04 1.010678e+04
4.2 1.002680e+04 1.000985e+04 1.011211e+04 1.012906e+04
5.2 9.951445e+03 1.000567e+04 1.002872e+04 9.974498e+03
6.2 1.006042e+04 1.000123e+04 9.972403e+03 1.003159e+04
7.2 1.002531e+04 9.986627e+03 9.944118e+03 9.982800e+03
8.2 1.002679e+04 1.002551e+04 9.934602e+03 9.935882e+03
9.2 1.007819e+04 1.000608e+04 9.935246e+03 1.000735e+04
10.2 1.004193e+04 1.000930e+04 9.940202e+03 9.972830e+03
11.2 9.946494e+03 9.979346e+03 9.951968e+03 9.919115e+03
12.2 1.000540e+04 9.996984e+03 1.004225e+04 1.005066e+04
13.2 9.985396e+03 1.003052e+04 1.012450e+04 1.007937e+04
14.2 9.982244e+03 1.001524e+04 1.008729e+04 1.005430e+04
15.2 9.973023e+03 1.003927e+04 1.001824e+04 9.951997e+03
16.2 1.000925e+04 9.987549e+03 9.971856e+03 9.993556e+03
17.2 9.857624e+03 9.906033e+03 9.948656e+03 9.900247e+03
1.0 9.946494e+03 9.979346e+03 9.951968e+03 9.919115e+03
2.0 1.000540e+04 9.996984e+03 1.004225e+04 1.005066e+04
3.0 9.985396e+03 1.003052e+04 1.012450e+04 1.007937e+04
4.0 9.982244e+03 1.001524e+04 1.008729e+04 1.005430e+04
5.0 9.973023e+03 1.003927e+04 1.001824e+04 9.951997e+03
6.0 1.000925e+04 9.987549e+03 9.971856e+03 9.993556e+03
7.0 9.857624e+03 9.906033e+03 9.948656e+03 9.900247e+03
8.0 9.831135e+03 9.855639e+03 9.940933e+03 9.916430e+03
9.0 9.863739e+03 9.855833e+03 9.963171e+03 9.971078e+03
10.0 9.949922e+03 9.951961e+03 1.006765e+04 1.006561e+04
11.0 9.984854e+03 9.991762e+03 1.010627e+04 1.009936e+04
12.0 1.004751e+04 1.001951e+04 1.005300e+04 1.008101e+04
13.0 1.007499e+04 1.003928e+04 9.996947e+03 1.003265e+04
14.0 1.001011e+04 1.003009e+04 9.963776e+03 9.943797e+03
15.0 1.002271e+04 1.008139e+04 9.949657e+03 9.890972e+03
16.0 9.978012e+03 1.004773e+04 9.946395e+03 9.876679e+03
17.0 9.981562e+03 9.981966e+03 9.949100e+03 9.948696e+03
18.0 1.004446e+04 9.991902e+03 9.953835e+03 1.000639e+04
0.3 9.831135e+03 9.855639e+03 9.940933e+03 9.916430e+03
1.3 9.863739e+03 9.855833e+03 9.963171e+03 9.971078e+03
2.3 9.949922e+03 9.951961e+03 1.006765e+04 1.006561e+04
3.3 9.984854e+03 9.991762e+03 1.010627e+04 1.009936e+04
4.3 1.004751e+04 1.001951e+04 1.005300e+04 1.008101e+04
5.3 1.007499e+04 1.003928e+04 9.996947e+03 1.003265e+04
6.3 1.001011e+04 1.003009e+04 9.963776e+03 9.943797e+03
7.3 1.002271e+04 1.008139e+04 9.949657e+03 9.890972e+03
8.3 9.978012e+03 1.004773e+04 9.946395e+03 9.876679e+03
9.3 9.981562e+03 9.981966e+03 9.949100e+03 9.948696e+03
10.3 1.004446e+04 9.991902e+03 9.953835e+03 1.000639e+04
11.3 9.996145e+03 9.950332e+03 9.958377e+03 1.000419e+04
12.3 9.899836e+03 9.887256e+03 9.961711e+03 9.974291e+03
13.3 9.937107e+03 9.875438e+03 9.964023e+03 1.002569e+04
14.3 1.006238e+04 9.970884e+03 9.965680e+03 1.005718e+04
15.3 1.014728e+04 9.998028e+03 9.966971e+03 1.011622e+04
16.3 1.000548e+04 9.938365e+03 9.968116e+03 1.003523e+04
17.3 9.901430e+03 9.912581e+03 9.969212e+03 9.958061e+03
