0.4 9.246014e+03 9.235242e+03 9.236796e+03 9.247569e+03
1.4 9.235997e+03 9.243180e+03 9.245697e+03 9.238514e+03
2.4 9.289313e+03 9.272238e+03 9.275730e+03 9.292805e+03
3.4 9.277525e+03 9.277757e+03 9.282233e+03 9.282000e+03
4.4 9.243128e+03 9.259593e+03 9.265043e+03 9.248578e+03
5.4 9.236677e+03 9.247605e+03 9.248430e+03 9.237501e+03
6.4 9.276308e+03 9.252143e+03 9.239459e+03 9.263624e+03
7.4 9.265174e+03 9.247042e+03 9.235668e+03 9.253800e+03
8.4 9.261740e+03 9.241501e+03 9.240151e+03 9.260391e+03
9.4 9.304240e+03 9.262174e+03 9.268762e+03 9.310827e+03
10.4 9.304551e+03 9.270007e+03 9.281311e+03 9.315855e+03
11.4 9.241037e+03 9.254832e+03 9.267373e+03 9.253578e+03
12.4 9.233689e+03 9.251539e+03 9.251626e+03 9.233776e+03
13.4 9.213854e+03 9.248486e+03 9.242213e+03 9.207581e+03
14.4 9.207605e+03 9.236906e+03 9.238216e+03 9.208915e+03
15.4 9.197254e+03 9.227055e+03 9.237301e+03 9.207500e+03
16.4 9.127492e+03 9.223820e+03 9.238099e+03 9.141770e+03
17.4 9.203899e+03 9.244477e+03 9.239488e+03 9.198910e+03
0.3 9.265174e+03 9.247042e+03 9.235668e+03 9.253800e+03
1.3 9.261740e+03 9.241501e+03 9.240151e+03 9.260391e+03
2.3 9.304240e+03 9.262174e+03 9.268762e+03 9.310827e+03
3.3 9.304551e+03 9.270007e+03 9.281311e+03 9.315855e+03
4.3 9.241037e+03 9.254832e+03 9.267373e+03 9.253578e+03
5.3 9.233689e+03 9.251539e+03 9.251626e+03 9.233776e+03
6.3 9.213854e+03 9.248486e+03 9.242213e+03 9.207581e+03
7.3 9.207605e+03 9.236906e+03 9.238216e+03 9.208915e+03
8.3 9.197254e+03 9.227055e+03 9.237301e+03 9.207500e+03
9.3 9.127492e+03 9.223820e+03 9.238099e+03 9.141770e+03
10.3 9.203899e+03 9.244477e+03 9.239488e+03 9.198910e+03
11.3 9.279588e+03 9.266632e+03 9.240828e+03 9.253783e+03
12.3 9.265292e+03 9.258776e+03 9.241818e+03 9.248335e+03
13.3 9.218525e+03 9.244885e+03 9.242511e+03 9.216151e+03
14.3 9.173950e+03 9.237176e+03 9.247761e+03 9.184536e+03
15.3 9.193882e+03 9.258392e+03 9.278455e+03 9.213945e+03
16.3 9.194609e+03 9.273920e+03 9.299106e+03 9.219794e+03
17.3 9.173466e+03 9.257109e+03 9.284071e+03 9.200427e+03
0.2 9.218525e+03 9.244885e+03 9.242511e+03 9.216151e+03
1.2 9.173950e+03 9.237176e+03 9.247761e+03 9.184536e+03
2.2 9.193882e+03 9.258392e+03 9.278455e+03 9.213945e+03
3.2 9.194609e+03 9.273920e+03 9.299106e+03 9.219794e+03
4.2 9.173466e+03 9.257109e+03 9.284071e+03 9.200427e+03
5.2 9.210269e+03 9.234879e+03 9.261971e+03 9.237361e+03
6.2 9.215776e+03 9.221650e+03 9.248376e+03 9.242501e+03
7.2 9.248150e+03 9.215538e+03 9.241970e+03 9.274582e+03
8.2 9.268168e+03 9.216788e+03 9.239987e+03 9.291366e+03
9.2 9.294937e+03 9.247300e+03 9.240535e+03 9.288172e+03
10.2 9.298427e+03 9.268311e+03 9.242098e+03 9.272214e+03
11.2 9.282947e+03 9.265850e+03 9.243652e+03 9.260748e+03
12.2 9.245630e+03 9.267415e+03 9.244831e+03 9.223046e+03
13.2 9.229983e+03 9.258784e+03 9.245621e+03 9.216820e+03
14.2 9.282456e+03 9.278589e+03 9.246111e+03 9.249978e+03
15.2 9.277422e+03 9.284689e+03 9.246441e+03 9.239174e+03
16.2 9.253723e+03 9.259684e+03 9.246683e+03 9.240722e+03
17.2 9.285993e+03 9.252036e+03 9.246882e+03 9.280840e+03
0.8 9.225427e+03 9.215925e+03 9.247571e+03 9.257073e+03
1.8 9.249961e+03 9.231024e+03 9.264422e+03 9.283358e+03
2.8 9.253388e+03 9.257578e+03 9.290566e+03 9.286377e+03
3.8 9.221017e+03 9.259483e+03 9.285559e+03 9.247092e+03
4.8 9.246624e+03 9.269228e+03 9.266819e+03 9.244215e+03
5.8 9.235638e+03 9.264178e+03 9.252598e+03 9.224058e+03
6.8 9.241670e+03 9.273017e+03 9.245412e+03 9.214065e+03
7.8 9.247858e+03 9.280424e+03 9.242508e+03 9.209942e+03
8.8 9.267764e+03 9.266642e+03 9.242108e+03 9.243230e+03
9.8 9.249858e+03 9.260845e+03 9.242895e+03 9.231908e+03
10.8 9.196682e+03 9.244033e+03 9.243939e+03 9.196588e+03
11.8 9.175482e+03 9.235074e+03 9.244717e+03 9.185125e+03
12.8 9.229307e+03 9.256279e+03 9.245169e+03 9.218197e+03
13.8 9.246129e+03 9.260169e+03 9.245373e+03 9.231333e+03
14.8 9.244415e+03 9.246184e+03 9.245412e+03 9.243643e+03
15.8 9.257540e+03 9.232469e+03 9.245373e+03 9.270444e+03
16.8 9.249300e+03 9.222757e+03 9.245297e+03 9.271840e+03
17.8 9.237844e+03 9.238181e+03 9.245210e+03 9.244873e+03
0.3 9.177533e+03 9.228188e+03 9.244707e+03 9.194052e+03
1.3 9.226760e+03 9.224058e+03 9.250241e+03 9.252943e+03
2.3 9.265410e+03 9.253066e+03 9.282774e+03 9.295118e+03
3.3 9.275838e+03 9.271929e+03 9.301793e+03 9.305701e+03
4.3 9.289090e+03 9.256807e+03 9.285487e+03 9.317770e+03
5.3 9.256016e+03 9.239181e+03 9.262395e+03 9.279230e+03
6.3 9.246107e+03 9.241127e+03 9.248159e+03 9.253139e+03
7.3 9.245054e+03 9.239382e+03 9.243979e+03 9.249650e+03
8.3 9.273643e+03 9.254670e+03 9.267379e+03 9.286352e+03
9.3 9.320247e+03 9.267183e+03 9.286986e+03 9.340050e+03
10.3 9.273184e+03 9.259726e+03 9.275679e+03 9.289136e+03
11.3 9.283865e+03 9.253693e+03 9.258052e+03 9.288225e+03
12.3 9.300185e+03 9.239093e+03 9.246564e+03 9.307655e+03
13.3 9.267498e+03 9.225234e+03 9.241267e+03 9.283531e+03
14.3 9.245180e+03 9.228229e+03 9.239538e+03 9.256489e+03
15.3 9.268318e+03 9.253673e+03 9.239838e+03 9.254483e+03
16.3 9.243035e+03 9.254798e+03 9.240954e+03 9.229191e+03
17.3 9.236498e+03 9.242959e+03 9.242112e+03 9.235652e+03
0.1 9.246107e+03 9.241127e+03 9.248159e+03 9.253139e+03
1.1 9.245054e+03 9.239382e+03 9.243979e+03 9.249650e+03
2.1 9.273643e+03 9.254670e+03 9.267379e+03 9.286352e+03
3.1 9.320247e+03 9.267183e+03 9.286986e+03 9.340050e+03
4.1 9.273184e+03 9.259726e+03 9.275679e+03 9.289136e+03
5.1 9.283865e+03 9.253693e+03 9.258052e+03 9.288225e+03
6.1 9.300185e+03 9.239093e+03 9.246564e+03 9.307655e+03
7.1 9.267498e+03 9.225234e+03 9.241267e+03 9.283531e+03
8.1 9.245180e+03 9.228229e+03 9.239538e+03 9.256489e+03
9.1 9.268318e+03 9.253673e+03 9.239838e+03 9.254483e+03
10.1 9.243035e+03 9.254798e+03 9.240954e+03 9.229191e+03
11.1 9.236498e+03 9.242959e+03 9.242112e+03 9.235652e+03
12.1 9.263586e+03 9.232353e+03 9.242918e+03 9.274151e+03
13.1 9.241643e+03 9.224692e+03 9.243385e+03 9.260336e+03
14.1 9.251930e+03 9.241972e+03 9.243619e+03 9.253577e+03
15.1 9.258508e+03 9.263851e+03 9.243711e+03 9.238368e+03
16.1 9.253108e+03 9.260773e+03 9.243736e+03 9.236072e+03
17.1 9.232594e+03 9.258872e+03 9.243733e+03 9.217455e+03
0.6 9.243045e+03 9.223056e+03 9.243792e+03 9.263781e+03
1.6 9.244684e+03 9.229996e+03 9.255458e+03 9.270146e+03
2.6 9.259563e+03 9.264004e+03 9.292495e+03 9.288055e+03
3.6 9.276197e+03 9.274142e+03 9.303273e+03 9.305328e+03
4.6 9.274078e+03 9.259995e+03 9.282004e+03 9.296088e+03
5.6 9.262525e+03 9.265353e+03 9.258931e+03 9.256104e+03
6.6 9.306089e+03 9.258608e+03 9.248503e+03 9.295985e+03
7.6 9.309148e+03 9.261366e+03 9.266852e+03 9.314633e+03
8.6 9.285390e+03 9.259761e+03 9.278552e+03 9.304181e+03
9.6 9.231610e+03 9.241169e+03 9.266872e+03 9.257314e+03
10.6 9.221671e+03 9.235366e+03 9.252373e+03 9.238678e+03
11.6 9.213830e+03 9.235922e+03 9.244213e+03 9.222121e+03
12.6 9.191152e+03 9.227081e+03 9.240615e+03 9.204686e+03
13.6 9.229295e+03 9.235265e+03 9.239782e+03 9.233812e+03
14.6 9.276611e+03 9.260712e+03 9.240360e+03 9.256259e+03
15.6 9.267726e+03 9.255084e+03 9.241473e+03 9.254114e+03
16.6 9.265980e+03 9.243151e+03 9.242480e+03 9.265308e+03
17.6 9.258169e+03 9.252750e+03 9.243195e+03 9.248613e+03
0.1 9.262525e+03 9.265353e+03 9.258931e+03 9.256104e+03
1.1 9.306089e+03 9.258608e+03 9.248503e+03 9.295985e+03
2.1 9.309148e+03 9.261366e+03 9.266852e+03 9.314633e+03
3.1 9.285390e+03 9.259761e+03 9.278552e+03 9.304181e+03
4.1 9.231610e+03 9.241169e+03 9.266872e+03 9.257314e+03
5.1 9.221671e+03 9.235366e+03 9.252373e+03 9.238678e+03
6.1 9.213830e+03 9.235922e+03 9.244213e+03 9.222121e+03
7.1 9.191152e+03 9.227081e+03 9.240615e+03 9.204686e+03
8.1 9.229295e+03 9.235265e+03 9.239782e+03 9.233812e+03
9.1 9.276611e+03 9.260712e+03 9.240360e+03 9.256259e+03
10.1 9.267726e+03 9.255084e+03 9.241473e+03 9.254114e+03
11.1 9.265980e+03 9.243151e+03 9.242480e+03 9.265308e+03
12.1 9.258169e+03 9.252750e+03 9.243195e+03 9.248613e+03
13.1 9.250156e+03 9.245914e+03 9.243601e+03 9.247844e+03
14.1 9.223663e+03 9.234359e+03 9.243814e+03 9.233117e+03
15.1 9.272807e+03 9.262019e+03 9.243917e+03 9.254704e+03
16.1 9.276781e+03 9.289217e+03 9.243961e+03 9.231525e+03
17.1 9.245821e+03 9.271411e+03 9.243980e+03 9.218390e+03
0.7 9.265908e+03 9.250573e+03 9.244363e+03 9.259698e+03
1.7 9.257955e+03 9.248249e+03 9.260929e+03 9.270634e+03
2.7 9.287630e+03 9.264570e+03 9.291733e+03 9.314793e+03
3.7 9.275176e+03 9.259235e+03 9.289953e+03 9.305894e+03
4.7 9.284326e+03 9.252003e+03 9.269189e+03 9.301512e+03
5.7 9.209084e+03 9.241524e+03 9.252524e+03 9.220084e+03
6.7 9.249349e+03 9.256563e+03 9.243426e+03 9.236212e+03
7.7 9.264606e+03 9.275501e+03 9.239790e+03 9.228894e+03
8.7 9.244861e+03 9.267954e+03 9.239182e+03 9.216089e+03
9.7 9.231291e+03 9.265360e+03 9.240071e+03 9.206002e+03
10.7 9.259301e+03 9.247801e+03 9.241310e+03 9.252810e+03
11.7 9.219714e+03 9.226033e+03 9.242335e+03 9.236016e+03
12.7 9.225441e+03 9.213321e+03 9.242940e+03 9.255060e+03
13.7 9.213205e+03 9.216124e+03 9.243232e+03 9.240313e+03
14.7 9.250350e+03 9.251696e+03 9.243314e+03 9.241969e+03
15.7 9.268599e+03 9.265787e+03 9.243291e+03 9.246102e+03
16.7 9.256851e+03 9.265400e+03 9.243214e+03 9.234665e+03
17.7 9.270137e+03 9.262880e+03 9.243108e+03 9.250365e+03
0.2 9.226204e+03 9.237905e+03 9.240538e+03 9.228838e+03
1.2 9.203038e+03 9.238211e+03 9.244640e+03 9.209467e+03
2.2 9.237789e+03 9.252143e+03 9.269339e+03 9.254985e+03
3.2 9.269512e+03 9.254249e+03 9.278368e+03 9.293631e+03
4.2 9.252405e+03 9.255200e+03 9.264255e+03 9.261460e+03
5.2 9.313237e+03 9.261238e+03 9.249269e+03 9.301268e+03
6.2 9.310883e+03 9.254679e+03 9.249912e+03 9.306116e+03
7.2 9.309188e+03 9.265702e+03 9.275964e+03 9.319451e+03
8.2 9.250418e+03 9.261245e+03 9.279513e+03 9.268686e+03
9.2 9.226796e+03 9.263123e+03 9.261419e+03 9.225092e+03
10.2 9.198017e+03 9.259701e+03 9.245801e+03 9.184117e+03
11.2 9.228150e+03 9.256046e+03 9.254486e+03 9.226589e+03
12.2 9.240939e+03 9.264010e+03 9.276416e+03 9.253344e+03
13.2 9.232789e+03 9.256046e+03 9.269811e+03 9.246555e+03
14.2 9.246954e+03 9.261915e+03 9.251616e+03 9.236655e+03
15.2 9.249177e+03 9.252473e+03 9.238778e+03 9.235482e+03
16.2 9.225653e+03 9.231079e+03 9.232253e+03 9.226827e+03
0.5 9.313237e+03 9.261238e+03 9.249269e+03 9.301268e+03
1.5 9.310883e+03 9.254679e+03 9.249912e+03 9.306116e+03
2.5 9.309188e+03 9.265702e+03 9.275964e+03 9.319451e+03
3.5 9.250418e+03 9.261245e+03 9.279513e+03 9.268686e+03
4.5 9.226796e+03 9.263123e+03 9.261419e+03 9.225092e+03
5.5 9.198017e+03 9.259701e+03 9.245801e+03 9.184117e+03
6.5 9.228150e+03 9.256046e+03 9.254486e+03 9.226589e+03
7.5 9.240939e+03 9.264010e+03 9.276416e+03 9.253344e+03
8.5 9.232789e+03 9.256046e+03 9.269811e+03 9.246555e+03
9.5 9.246954e+03 9.261915e+03 9.251616e+03 9.236655e+03
10.5 9.249177e+03 9.252473e+03 9.238778e+03 9.235482e+03
11.5 9.225653e+03 9.231079e+03 9.232253e+03 9.226827e+03
0.8 9.198017e+03 9.259701e+03 9.245801e+03 9.184117e+03
1.8 9.228150e+03 9.256046e+03 9.254486e+03 9.226589e+03
2.8 9.240939e+03 9.264010e+03 9.276416e+03 9.253344e+03
3.8 9.232789e+03 9.256046e+03 9.269811e+03 9.246555e+03
4.8 9.246954e+03 9.261915e+03 9.251616e+03 9.236655e+03
5.8 9.249177e+03 9.252473e+03 9.238778e+03 9.235482e+03
6.8 9.225653e+03 9.231079e+03 9.232253e+03 9.226827e+03
