0.3 1.013896e+04 1.018478e+04 1.019460e+04 1.014878e+04
1.3 1.016910e+04 1.019204e+04 1.018798e+04 1.016505e+04
2.3 1.019104e+04 1.018266e+04 1.017107e+04 1.017945e+04
3.3 1.022692e+04 1.018619e+04 1.017135e+04 1.021208e+04
4.3 1.023772e+04 1.019298e+04 1.018175e+04 1.022649e+04
5.3 1.022775e+04 1.017736e+04 1.018973e+04 1.024011e+04
6.3 1.021489e+04 1.017132e+04 1.019397e+04 1.023755e+04
7.3 1.014395e+04 1.018318e+04 1.019419e+04 1.015495e+04
8.3 1.015315e+04 1.018068e+04 1.017853e+04 1.015100e+04
9.3 1.013704e+04 1.018000e+04 1.016995e+04 1.012699e+04
10.3 1.016841e+04 1.019103e+04 1.017758e+04 1.015496e+04
11.3 1.018463e+04 1.020110e+04 1.018679e+04 1.017033e+04
12.3 1.015203e+04 1.020470e+04 1.019204e+04 1.013937e+04
13.3 1.019035e+04 1.018968e+04 1.019438e+04 1.019506e+04
14.3 1.018848e+04 1.017293e+04 1.019498e+04 1.021054e+04
15.3 1.017051e+04 1.017478e+04 1.019460e+04 1.019034e+04
16.3 1.013477e+04 1.017593e+04 1.019384e+04 1.015269e+04
17.3 1.017152e+04 1.018066e+04 1.019313e+04 1.018399e+04
0.9 1.014395e+04 1.018318e+04 1.019419e+04 1.015495e+04
1.9 1.015315e+04 1.018068e+04 1.017853e+04 1.015100e+04
2.9 1.013704e+04 1.018000e+04 1.016995e+04 1.012699e+04
3.9 1.016841e+04 1.019103e+04 1.017758e+04 1.015496e+04
4.9 1.018463e+04 1.020110e+04 1.018679e+04 1.017033e+04
5.9 1.015203e+04 1.020470e+04 1.019204e+04 1.013937e+04
6.9 1.019035e+04 1.018968e+04 1.019438e+04 1.019506e+04
7.9 1.018848e+04 1.017293e+04 1.019498e+04 1.021054e+04
8.9 1.017051e+04 1.017478e+04 1.019460e+04 1.019034e+04
9.9 1.013477e+04 1.017593e+04 1.019384e+04 1.015269e+04
10.9 1.017152e+04 1.018066e+04 1.019313e+04 1.018399e+04
11.9 1.013764e+04 1.016635e+04 1.019260e+04 1.016389e+04
12.9 1.013643e+04 1.015626e+04 1.019224e+04 1.017241e+04
13.9 1.011623e+04 1.017143e+04 1.019201e+04 1.013681e+04
14.9 1.015411e+04 1.019011e+04 1.019185e+04 1.015585e+04
15.9 1.018515e+04 1.020070e+04 1.019172e+04 1.017617e+04
16.9 1.020992e+04 1.020507e+04 1.019160e+04 1.019645e+04
17.9 1.025762e+04 1.020623e+04 1.019149e+04 1.024288e+04
0.2 1.016202e+04 1.017274e+04 1.019160e+04 1.018087e+04
1.2 1.015618e+04 1.018743e+04 1.018707e+04 1.015582e+04
2.2 1.014309e+04 1.018201e+04 1.016982e+04 1.013090e+04
3.2 1.017851e+04 1.018376e+04 1.016808e+04 1.016283e+04
4.2 1.022161e+04 1.017446e+04 1.017815e+04 1.022530e+04
5.2 1.019417e+04 1.016683e+04 1.018675e+04 1.021409e+04
6.2 1.015025e+04 1.017196e+04 1.018249e+04 1.016077e+04
7.2 1.017655e+04 1.017326e+04 1.016915e+04 1.017244e+04
8.2 1.020924e+04 1.018648e+04 1.017283e+04 1.019559e+04
9.2 1.018822e+04 1.020089e+04 1.018289e+04 1.017022e+04
10.2 1.017031e+04 1.020144e+04 1.018978e+04 1.015865e+04
11.2 1.016528e+04 1.018404e+04 1.019316e+04 1.017440e+04
12.2 1.015580e+04 1.018297e+04 1.019431e+04 1.016714e+04
13.2 1.014573e+04 1.018392e+04 1.019426e+04 1.015606e+04
14.2 1.017900e+04 1.018757e+04 1.019367e+04 1.018510e+04
15.2 1.018428e+04 1.019679e+04 1.019302e+04 1.018051e+04
16.2 1.015220e+04 1.018863e+04 1.019251e+04 1.015608e+04
17.2 1.013209e+04 1.017520e+04 1.019221e+04 1.014911e+04
0.5 1.019417e+04 1.016683e+04 1.018675e+04 1.021409e+04
1.5 1.015025e+04 1.017196e+04 1.018249e+04 1.016077e+04
2.5 1.017655e+04 1.017326e+04 1.016915e+04 1.017244e+04
3.5 1.020924e+04 1.018648e+04 1.017283e+04 1.019559e+04
4.5 1.018822e+04 1.020089e+04 1.018289e+04 1.017022e+04
5.5 1.017031e+04 1.020144e+04 1.018978e+04 1.015865e+04
6.5 1.016528e+04 1.018404e+04 1.019316e+04 1.017440e+04
7.5 1.015580e+04 1.018297e+04 1.019431e+04 1.016714e+04
8.5 1.014573e+04 1.018392e+04 1.019426e+04 1.015606e+04
9.5 1.017900e+04 1.018757e+04 1.019367e+04 1.018510e+04
10.5 1.018428e+04 1.019679e+04 1.019302e+04 1.018051e+04
11.5 1.015220e+04 1.018863e+04 1.019251e+04 1.015608e+04
12.5 1.013209e+04 1.017520e+04 1.019221e+04 1.014911e+04
13.5 1.015814e+04 1.017931e+04 1.019205e+04 1.017089e+04
14.5 1.016386e+04 1.018268e+04 1.019198e+04 1.017316e+04
15.5 1.016867e+04 1.019194e+04 1.019195e+04 1.016868e+04
16.5 1.017214e+04 1.019745e+04 1.019194e+04 1.016663e+04
17.5 1.014786e+04 1.018177e+04 1.019194e+04 1.015802e+04
0.8 1.023423e+04 1.018686e+04 1.019129e+04 1.023866e+04
1.8 1.019296e+04 1.018634e+04 1.017736e+04 1.018398e+04
2.8 1.020013e+04 1.018225e+04 1.016635e+04 1.018423e+04
3.8 1.020426e+04 1.019178e+04 1.017332e+04 1.018580e+04
4.8 1.023678e+04 1.020373e+04 1.018339e+04 1.021644e+04
5.8 1.025886e+04 1.021227e+04 1.018976e+04 1.023635e+04
6.8 1.024556e+04 1.021362e+04 1.019287e+04 1.022482e+04
7.8 1.026026e+04 1.020846e+04 1.019388e+04 1.024568e+04
8.8 1.021062e+04 1.019690e+04 1.019375e+04 1.020747e+04
9.8 1.019714e+04 1.019504e+04 1.019315e+04 1.019525e+04
10.8 1.023350e+04 1.019975e+04 1.019252e+04 1.022627e+04
11.8 1.029093e+04 1.020775e+04 1.019205e+04 1.027523e+04
12.8 1.022097e+04 1.021323e+04 1.019177e+04 1.019950e+04
13.8 1.016483e+04 1.021218e+04 1.019161e+04 1.014426e+04
14.8 1.012837e+04 1.020814e+04 1.019152e+04 1.011174e+04
15.8 1.017836e+04 1.020485e+04 1.019146e+04 1.016497e+04
16.8 1.019761e+04 1.019014e+04 1.019142e+04 1.019890e+04
17.8 1.019178e+04 1.016453e+04 1.019138e+04 1.021863e+04
0.1 1.019178e+04 1.016453e+04 1.019138e+04 1.021863e+04
1.1 1.016468e+04 1.016262e+04 1.018777e+04 1.018983e+04
2.1 1.015452e+04 1.016279e+04 1.017046e+04 1.016218e+04
3.1 1.015906e+04 1.017361e+04 1.016698e+04 1.015243e+04
4.1 1.021599e+04 1.019448e+04 1.017684e+04 1.019835e+04
5.1 1.020086e+04 1.020952e+04 1.018570e+04 1.017705e+04
6.1 1.015486e+04 1.020980e+04 1.019072e+04 1.013578e+04
7.1 1.015376e+04 1.019998e+04 1.019282e+04 1.014660e+04
8.1 1.019020e+04 1.019839e+04 1.019329e+04 1.018511e+04
9.1 1.019576e+04 1.020185e+04 1.019288e+04 1.018679e+04
10.1 1.021853e+04 1.020460e+04 1.019221e+04 1.020614e+04
11.1 1.021478e+04 1.020689e+04 1.019159e+04 1.019948e+04
12.1 1.020880e+04 1.021137e+04 1.019117e+04 1.018860e+04
13.1 1.019919e+04 1.021265e+04 1.019091e+04 1.017744e+04
14.1 1.014849e+04 1.020352e+04 1.019075e+04 1.013572e+04
15.1 1.017750e+04 1.019462e+04 1.019065e+04 1.017353e+04
16.1 1.016920e+04 1.018394e+04 1.019057e+04 1.017583e+04
17.1 1.015826e+04 1.016231e+04 1.019050e+04 1.018645e+04
