1.0 8.721506e+03 8.730922e+03 8.724154e+03 8.714739e+03
2.0 8.775253e+03 8.729641e+03 8.762398e+03 8.808010e+03
3.0 8.745327e+03 8.724711e+03 8.777184e+03 8.797799e+03
4.0 8.758618e+03 8.733763e+03 8.756348e+03 8.781203e+03
5.0 8.815688e+03 8.767556e+03 8.733910e+03 8.782042e+03
6.0 8.807844e+03 8.760311e+03 8.733513e+03 8.781046e+03
7.0 8.791957e+03 8.756523e+03 8.767521e+03 8.802955e+03
8.0 8.742356e+03 8.736468e+03 8.767632e+03 8.773520e+03
9.0 8.742421e+03 8.744289e+03 8.744588e+03 8.742720e+03
10.0 8.730560e+03 8.736587e+03 8.726088e+03 8.720061e+03
11.0 8.736997e+03 8.729064e+03 8.716984e+03 8.724917e+03
12.0 8.710910e+03 8.727923e+03 8.713454e+03 8.696440e+03
13.0 8.724349e+03 8.722993e+03 8.713097e+03 8.714453e+03
14.0 8.740150e+03 8.760686e+03 8.714299e+03 8.693763e+03
15.0 8.757422e+03 8.762863e+03 8.715891e+03 8.710450e+03
16.0 8.704251e+03 8.733063e+03 8.717149e+03 8.688337e+03
17.0 8.721131e+03 8.743886e+03 8.717955e+03 8.695200e+03
18.0 8.743293e+03 8.728431e+03 8.718405e+03 8.733267e+03
0.3 8.815688e+03 8.767556e+03 8.733910e+03 8.782042e+03
1.3 8.807844e+03 8.760311e+03 8.733513e+03 8.781046e+03
2.3 8.791957e+03 8.756523e+03 8.767521e+03 8.802955e+03
3.3 8.742356e+03 8.736468e+03 8.767632e+03 8.773520e+03
4.3 8.742421e+03 8.744289e+03 8.744588e+03 8.742720e+03
5.3 8.730560e+03 8.736587e+03 8.726088e+03 8.720061e+03
6.3 8.736997e+03 8.729064e+03 8.716984e+03 8.724917e+03
7.3 8.710910e+03 8.727923e+03 8.713454e+03 8.696440e+03
8.3 8.724349e+03 8.722993e+03 8.713097e+03 8.714453e+03
9.3 8.740150e+03 8.760686e+03 8.714299e+03 8.693763e+03
10.3 8.757422e+03 8.762863e+03 8.715891e+03 8.710450e+03
11.3 8.704251e+03 8.733063e+03 8.717149e+03 8.688337e+03
12.3 8.721131e+03 8.743886e+03 8.717955e+03 8.695200e+03
13.3 8.743293e+03 8.728431e+03 8.718405e+03 8.733267e+03
14.3 8.678121e+03 8.698142e+03 8.718620e+03 8.698599e+03
15.3 8.698508e+03 8.719612e+03 8.718725e+03 8.697621e+03
16.3 8.731662e+03 8.736712e+03 8.718780e+03 8.713730e+03
17.3 8.713995e+03 8.710966e+03 8.718817e+03 8.721847e+03
1.0 8.650155e+03 8.686331e+03 8.724543e+03 8.688367e+03
2.0 8.699971e+03 8.709124e+03 8.763753e+03 8.754600e+03
3.0 8.730694e+03 8.717652e+03 8.776240e+03 8.789282e+03
4.0 8.726652e+03 8.735943e+03 8.754810e+03 8.745519e+03
5.0 8.748802e+03 8.774186e+03 8.733322e+03 8.707938e+03
6.0 8.744983e+03 8.755264e+03 8.720763e+03 8.710482e+03
7.0 8.745665e+03 8.738717e+03 8.715303e+03 8.722251e+03
8.0 8.799513e+03 8.746463e+03 8.713846e+03 8.766896e+03
9.0 8.799588e+03 8.738650e+03 8.714588e+03 8.775526e+03
10.0 8.789510e+03 8.760055e+03 8.716060e+03 8.745515e+03
11.0 8.775151e+03 8.753268e+03 8.717441e+03 8.739324e+03
12.0 8.739682e+03 8.747712e+03 8.718367e+03 8.710336e+03
13.0 8.714974e+03 8.729955e+03 8.718914e+03 8.703934e+03
14.0 8.627057e+03 8.695567e+03 8.719194e+03 8.650684e+03
15.0 8.609516e+03 8.673160e+03 8.719340e+03 8.655696e+03
16.0 8.653087e+03 8.702000e+03 8.719420e+03 8.670507e+03
17.0 8.690838e+03 8.738092e+03 8.719473e+03 8.672219e+03
18.0 8.718056e+03 8.730487e+03 8.719516e+03 8.707085e+03
0.4 8.723853e+03 8.760206e+03 8.720128e+03 8.683775e+03
1.4 8.744146e+03 8.743235e+03 8.738152e+03 8.739063e+03
2.4 8.729134e+03 8.744697e+03 8.775723e+03 8.760160e+03
3.4 8.666458e+03 8.719816e+03 8.771175e+03 8.717818e+03
4.4 8.648813e+03 8.702626e+03 8.747043e+03 8.693231e+03
5.4 8.691120e+03 8.733954e+03 8.728960e+03 8.686126e+03
6.4 8.727644e+03 8.739104e+03 8.719389e+03 8.707929e+03
7.4 8.736558e+03 8.725094e+03 8.715696e+03 8.727161e+03
8.4 8.744739e+03 8.708699e+03 8.715271e+03 8.751312e+03
9.4 8.724463e+03 8.688200e+03 8.716439e+03 8.752702e+03
10.4 8.720650e+03 8.702565e+03 8.717951e+03 8.736035e+03
11.4 8.743766e+03 8.751873e+03 8.719203e+03 8.711097e+03
12.4 8.716096e+03 8.746988e+03 8.720019e+03 8.689126e+03
13.4 8.678879e+03 8.727481e+03 8.737468e+03 8.688866e+03
14.4 8.713567e+03 8.738310e+03 8.775779e+03 8.751036e+03
15.4 8.646476e+03 8.721515e+03 8.772871e+03 8.697832e+03
16.4 8.613049e+03 8.691744e+03 8.748336e+03 8.669641e+03
17.4 8.676659e+03 8.682025e+03 8.730055e+03 8.724689e+03
0.4 8.716096e+03 8.746988e+03 8.720019e+03 8.689126e+03
1.4 8.678879e+03 8.727481e+03 8.737468e+03 8.688866e+03
2.4 8.713567e+03 8.738310e+03 8.775779e+03 8.751036e+03
3.4 8.646476e+03 8.721515e+03 8.772871e+03 8.697832e+03
4.4 8.613049e+03 8.691744e+03 8.748336e+03 8.669641e+03
5.4 8.676659e+03 8.682025e+03 8.730055e+03 8.724689e+03
6.4 8.734426e+03 8.725384e+03 8.720335e+03 8.729378e+03
7.4 8.757562e+03 8.753899e+03 8.716566e+03 8.720229e+03
8.4 8.774630e+03 8.729926e+03 8.716102e+03 8.760807e+03
9.4 8.738062e+03 8.705260e+03 8.717297e+03 8.750099e+03
10.4 8.733520e+03 8.719243e+03 8.718840e+03 8.733117e+03
11.4 8.728042e+03 8.717789e+03 8.720126e+03 8.730379e+03
12.4 8.739487e+03 8.735563e+03 8.720948e+03 8.724873e+03
13.4 8.816254e+03 8.749849e+03 8.721433e+03 8.787839e+03
14.4 8.768052e+03 8.740869e+03 8.721713e+03 8.748896e+03
15.4 8.785204e+03 8.739736e+03 8.721876e+03 8.767344e+03
16.4 8.789278e+03 8.714618e+03 8.721990e+03 8.796649e+03
17.4 8.743931e+03 8.686692e+03 8.722081e+03 8.779320e+03
0.9 8.729141e+03 8.743817e+03 8.725759e+03 8.711083e+03
1.9 8.722675e+03 8.736343e+03 8.761107e+03 8.747439e+03
2.9 8.757741e+03 8.730797e+03 8.782143e+03 8.809087e+03
3.9 8.744077e+03 8.725625e+03 8.763563e+03 8.782015e+03
4.9 8.767942e+03 8.747579e+03 8.740764e+03 8.761127e+03
5.9 8.763457e+03 8.738869e+03 8.726642e+03 8.751230e+03
6.9 8.772717e+03 8.736868e+03 8.720227e+03 8.756076e+03
7.9 8.689404e+03 8.721588e+03 8.718207e+03 8.686022e+03
8.9 8.719177e+03 8.733698e+03 8.718668e+03 8.704147e+03
9.9 8.739799e+03 8.753187e+03 8.720083e+03 8.706696e+03
10.9 8.732748e+03 8.745573e+03 8.721520e+03 8.708695e+03
11.9 8.714331e+03 8.755306e+03 8.722523e+03 8.681549e+03
12.9 8.745967e+03 8.729549e+03 8.723127e+03 8.739545e+03
13.9 8.674533e+03 8.690194e+03 8.723462e+03 8.707801e+03
14.9 8.676437e+03 8.665993e+03 8.723640e+03 8.734084e+03
15.9 8.668594e+03 8.666654e+03 8.723752e+03 8.725691e+03
16.9 8.709440e+03 8.715225e+03 8.723836e+03 8.718051e+03
17.9 8.742866e+03 8.735195e+03 8.723911e+03 8.731582e+03
