0.9 1.018818e+04 1.016824e+04 1.019013e+04 1.021006e+04
1.9 1.021927e+04 1.018277e+04 1.020424e+04 1.024073e+04
2.9 1.022316e+04 1.021392e+04 1.023493e+04 1.024417e+04
3.9 1.026842e+04 1.023857e+04 1.025925e+04 1.028910e+04
4.9 1.025450e+04 1.025065e+04 1.027112e+04 1.027497e+04
5.9 1.025622e+04 1.025400e+04 1.027437e+04 1.027659e+04
6.9 1.026844e+04 1.025284e+04 1.027318e+04 1.028878e+04
7.9 1.020873e+04 1.024998e+04 1.027032e+04 1.022908e+04
8.9 1.025666e+04 1.024713e+04 1.026750e+04 1.027703e+04
9.9 1.025406e+04 1.024493e+04 1.026532e+04 1.027446e+04
10.9 1.023868e+04 1.024345e+04 1.026388e+04 1.025911e+04
11.9 1.025532e+04 1.024258e+04 1.026305e+04 1.027580e+04
12.9 1.025189e+04 1.024205e+04 1.026257e+04 1.027241e+04
13.9 1.017634e+04 1.024170e+04 1.026228e+04 1.019691e+04
14.9 1.023620e+04 1.024145e+04 1.026207e+04 1.025683e+04
15.9 1.024159e+04 1.024122e+04 1.026191e+04 1.026227e+04
16.9 1.022968e+04 1.024102e+04 1.026176e+04 1.025042e+04
17.9 1.024952e+04 1.023688e+04 1.025769e+04 1.027033e+04
18.9 1.024832e+04 1.021348e+04 1.023435e+04 1.026920e+04
19.9 1.018157e+04 1.018327e+04 1.020422e+04 1.020253e+04
20.9 1.019143e+04 1.016333e+04 1.018437e+04 1.021247e+04
21.9 1.015978e+04 1.015838e+04 1.017648e+04 1.017788e+04
22.9 1.020725e+04 1.017446e+04 1.017526e+04 1.020805e+04
23.9 1.025880e+04 1.019737e+04 1.017710e+04 1.023853e+04
24.9 1.021880e+04 1.021330e+04 1.017978e+04 1.018528e+04
25.9 1.025307e+04 1.022103e+04 1.018218e+04 1.021423e+04
26.9 1.022414e+04 1.022317e+04 1.018378e+04 1.018476e+04
27.9 1.023087e+04 1.022253e+04 1.018472e+04 1.019305e+04
28.9 1.024988e+04 1.022088e+04 1.018516e+04 1.021416e+04
29.9 1.019875e+04 1.021923e+04 1.018534e+04 1.016486e+04
30.9 1.018457e+04 1.021796e+04 1.018540e+04 1.015201e+04
31.9 1.015770e+04 1.021715e+04 1.018541e+04 1.012596e+04
32.9 1.021607e+04 1.021665e+04 1.018541e+04 1.018482e+04
33.9 1.022528e+04 1.021634e+04 1.018540e+04 1.019433e+04
