0.3 9.286740e+03 9.275861e+03 9.308044e+03 9.318922e+03
1.3 9.293526e+03 9.270546e+03 9.311466e+03 9.334445e+03
2.3 9.346548e+03 9.291879e+03 9.333687e+03 9.388355e+03
3.3 9.361437e+03 9.321750e+03 9.360834e+03 9.400521e+03
4.3 9.359012e+03 9.342379e+03 9.377758e+03 9.394391e+03
5.3 9.360671e+03 9.352322e+03 9.384311e+03 9.392660e+03
6.3 9.341759e+03 9.355051e+03 9.384596e+03 9.371304e+03
7.3 9.347116e+03 9.354231e+03 9.382113e+03 9.374998e+03
8.3 9.357844e+03 9.352154e+03 9.378952e+03 9.384642e+03
9.3 9.348952e+03 9.350109e+03 9.376125e+03 9.374969e+03
10.3 9.337364e+03 9.348583e+03 9.373958e+03 9.362738e+03
11.3 9.300411e+03 9.347676e+03 9.372466e+03 9.325202e+03
12.3 9.351642e+03 9.347172e+03 9.371393e+03 9.375864e+03
13.3 9.365143e+03 9.346919e+03 9.370568e+03 9.388792e+03
14.3 9.352056e+03 9.346788e+03 9.369854e+03 9.375122e+03
15.3 9.362489e+03 9.346718e+03 9.369184e+03 9.384955e+03
16.3 9.352194e+03 9.346682e+03 9.368529e+03 9.374041e+03
17.3 9.328512e+03 9.346372e+03 9.367582e+03 9.349722e+03
18.3 9.326923e+03 9.335537e+03 9.356094e+03 9.347480e+03
19.3 9.318991e+03 9.308228e+03 9.328118e+03 9.338880e+03
20.3 9.290389e+03 9.283324e+03 9.302532e+03 9.309598e+03
21.3 9.264042e+03 9.270772e+03 9.289293e+03 9.282563e+03
22.3 9.265507e+03 9.266810e+03 9.284637e+03 9.283334e+03
23.3 9.258598e+03 9.267424e+03 9.284548e+03 9.275722e+03
