0.4 9.609866e+03 9.605066e+03 9.606263e+03 9.611063e+03
1.4 9.586005e+03 9.604071e+03 9.605560e+03 9.587494e+03
2.4 9.609512e+03 9.600605e+03 9.602024e+03 9.610931e+03
3.4 9.609526e+03 9.596737e+03 9.598002e+03 9.610791e+03
4.4 9.614005e+03 9.594374e+03 9.595525e+03 9.615156e+03
5.4 9.602159e+03 9.593484e+03 9.594624e+03 9.603299e+03
6.4 9.605368e+03 9.593352e+03 9.594566e+03 9.606582e+03
7.4 9.593935e+03 9.593546e+03 9.594890e+03 9.595279e+03
8.4 9.606037e+03 9.593789e+03 9.595297e+03 9.607544e+03
9.4 9.618915e+03 9.593965e+03 9.595652e+03 9.620601e+03
10.4 9.619785e+03 9.594020e+03 9.595892e+03 9.621658e+03
11.4 9.623400e+03 9.593978e+03 9.596039e+03 9.625461e+03
12.4 9.631110e+03 9.593874e+03 9.596124e+03 9.633360e+03
13.4 9.609928e+03 9.593733e+03 9.596173e+03 9.612368e+03
14.4 9.583480e+03 9.593574e+03 9.596204e+03 9.586110e+03
15.4 9.586700e+03 9.593407e+03 9.596227e+03 9.589519e+03
16.4 9.584023e+03 9.593237e+03 9.596246e+03 9.587032e+03
17.4 9.562600e+03 9.593135e+03 9.596334e+03 9.565799e+03
18.4 9.571155e+03 9.594792e+03 9.598180e+03 9.574544e+03
19.4 9.560522e+03 9.598855e+03 9.602434e+03 9.564101e+03
20.4 9.566500e+03 9.602156e+03 9.605924e+03 9.570267e+03
21.4 9.587448e+03 9.603727e+03 9.607684e+03 9.591405e+03
22.4 9.606986e+03 9.604071e+03 9.608218e+03 9.611133e+03
23.4 9.614053e+03 9.603869e+03 9.608109e+03 9.618293e+03
24.4 9.638485e+03 9.605264e+03 9.607755e+03 9.640977e+03
25.4 9.633335e+03 9.608506e+03 9.607396e+03 9.632225e+03
26.4 9.608156e+03 9.611070e+03 9.607124e+03 9.604210e+03
27.4 9.627345e+03 9.612201e+03 9.606951e+03 9.622095e+03
28.4 9.619828e+03 9.612313e+03 9.606863e+03 9.614379e+03
29.4 9.619401e+03 9.611942e+03 9.606823e+03 9.614282e+03
30.4 9.608114e+03 9.611409e+03 9.606809e+03 9.603515e+03
31.4 9.615536e+03 9.610886e+03 9.606806e+03 9.611456e+03
32.4 9.580493e+03 9.610445e+03 9.606807e+03 9.576855e+03
33.4 9.570560e+03 9.610105e+03 9.606809e+03 9.567264e+03
0.4 9.608613e+03 9.597224e+03 9.606771e+03 9.618160e+03
1.4 9.576514e+03 9.596228e+03 9.606081e+03 9.586366e+03
2.4 9.602029e+03 9.592878e+03 9.602673e+03 9.611825e+03
3.4 9.621227e+03 9.588848e+03 9.598480e+03 9.630859e+03
4.4 9.586885e+03 9.586437e+03 9.595959e+03 9.596408e+03
5.4 9.584333e+03 9.585447e+03 9.594949e+03 9.593836e+03
6.4 9.619043e+03 9.585263e+03 9.594837e+03 9.628617e+03
7.4 9.601871e+03 9.585402e+03 9.595106e+03 9.611575e+03
8.4 9.544063e+03 9.585615e+03 9.595481e+03 9.553929e+03
9.4 9.566458e+03 9.585746e+03 9.595790e+03 9.576503e+03
10.4 9.591298e+03 9.585768e+03 9.595999e+03 9.601528e+03
11.4 9.569521e+03 9.585687e+03 9.596106e+03 9.579940e+03
12.4 9.540194e+03 9.585541e+03 9.596149e+03 9.550802e+03
13.4 9.557620e+03 9.585359e+03 9.596156e+03 9.568417e+03
14.4 9.545944e+03 9.585158e+03 9.596145e+03 9.556930e+03
15.4 9.556686e+03 9.584949e+03 9.596125e+03 9.567862e+03
16.4 9.567270e+03 9.584736e+03 9.596100e+03 9.578634e+03
17.4 9.573618e+03 9.584572e+03 9.596125e+03 9.585171e+03
18.4 9.582703e+03 9.586120e+03 9.597862e+03 9.594444e+03
19.4 9.599989e+03 9.590013e+03 9.601942e+03 9.611919e+03
20.4 9.603313e+03 9.593417e+03 9.605535e+03 9.615431e+03
21.4 9.608471e+03 9.594984e+03 9.607289e+03 9.620777e+03
22.4 9.606277e+03 9.595305e+03 9.607797e+03 9.618769e+03
23.4 9.604812e+03 9.595303e+03 9.607656e+03 9.617166e+03
24.4 9.610366e+03 9.601645e+03 9.607268e+03 9.615989e+03
25.4 9.627314e+03 9.615972e+03 9.606852e+03 9.618193e+03
26.4 9.622802e+03 9.627316e+03 9.606530e+03 9.602016e+03
27.4 9.638622e+03 9.632744e+03 9.606312e+03 9.612190e+03
28.4 9.636855e+03 9.634083e+03 9.606172e+03 9.608944e+03
29.4 9.628558e+03 9.633328e+03 9.606085e+03 9.601315e+03
30.4 9.639014e+03 9.631793e+03 9.606022e+03 9.613244e+03
31.4 9.625910e+03 9.630282e+03 9.605971e+03 9.601599e+03
32.4 9.632789e+03 9.629090e+03 9.605925e+03 9.609623e+03
33.4 9.627800e+03 9.628252e+03 9.605879e+03 9.605427e+03
