1.0 4.302621e+03 4.359991e+03 4.332036e+03 4.274665e+03
2.0 4.386291e+03 4.361674e+03 4.331210e+03 4.355827e+03
3.0 4.292040e+03 4.358277e+03 4.329691e+03 4.263453e+03
4.0 4.281573e+03 4.353707e+03 4.328516e+03 4.256382e+03
5.0 4.152426e+03 4.349710e+03 4.327951e+03 4.130667e+03
6.0 4.291464e+03 4.346925e+03 4.327815e+03 4.272354e+03
7.0 4.348058e+03 4.345102e+03 4.327883e+03 4.330839e+03
8.0 4.513693e+03 4.343970e+03 4.328021e+03 4.497744e+03
9.0 4.244146e+03 4.343185e+03 4.328156e+03 4.229117e+03
10.0 4.343348e+03 4.342546e+03 4.328259e+03 4.329061e+03
11.0 4.256081e+03 4.341956e+03 4.328323e+03 4.242447e+03
12.0 4.405507e+03 4.341374e+03 4.328359e+03 4.392492e+03
13.0 4.352003e+03 4.340790e+03 4.328378e+03 4.339590e+03
14.0 4.226447e+03 4.340205e+03 4.328388e+03 4.214629e+03
15.0 4.210859e+03 4.339621e+03 4.328394e+03 4.199632e+03
16.0 4.358809e+03 4.339038e+03 4.328398e+03 4.348169e+03
17.0 4.392977e+03 4.338458e+03 4.328402e+03 4.382921e+03
18.0 4.437826e+03 4.338127e+03 4.328652e+03 4.428351e+03
19.0 4.335201e+03 4.338780e+03 4.329882e+03 4.326303e+03
20.0 4.345204e+03 4.339721e+03 4.331397e+03 4.336880e+03
21.0 4.182195e+03 4.340060e+03 4.332306e+03 4.174441e+03
22.0 4.312504e+03 4.339857e+03 4.332669e+03 4.305316e+03
23.0 4.296072e+03 4.339308e+03 4.332707e+03 4.289471e+03
24.0 4.374624e+03 4.330747e+03 4.332606e+03 4.376484e+03
25.0 4.329135e+03 4.295302e+03 4.332467e+03 4.366300e+03
26.0 4.275598e+03 4.256837e+03 4.332351e+03 4.351112e+03
27.0 4.237362e+03 4.233396e+03 4.332272e+03 4.336238e+03
28.0 4.360184e+03 4.224593e+03 4.332228e+03 4.467819e+03
29.0 4.286987e+03 4.223516e+03 4.332207e+03 4.395677e+03
30.0 4.266383e+03 4.225907e+03 4.332198e+03 4.372674e+03
31.0 4.218750e+03 4.228997e+03 4.332196e+03 4.321950e+03
32.0 4.318792e+03 4.231570e+03 4.332196e+03 4.419418e+03
33.0 4.255900e+03 4.233071e+03 4.332198e+03 4.355027e+03
34.0 4.278117e+03 4.233714e+03 4.332199e+03 4.376602e+03
0.9 4.281602e+03 4.327352e+03 4.332267e+03 4.286516e+03
1.9 4.412332e+03 4.325659e+03 4.331553e+03 4.418227e+03
2.9 4.376771e+03 4.321340e+03 4.330048e+03 4.385480e+03
3.9 4.316618e+03 4.317058e+03 4.328786e+03 4.328346e+03
4.9 4.354517e+03 4.314171e+03 4.328184e+03 4.368530e+03
5.9 4.230943e+03 4.312487e+03 4.328014e+03 4.246470e+03
6.9 4.395350e+03 4.311687e+03 4.328066e+03 4.411729e+03
7.9 4.383260e+03 4.311350e+03 4.328197e+03 4.400108e+03
8.9 4.442620e+03 4.311219e+03 4.328335e+03 4.459735e+03
9.9 4.317722e+03 4.311152e+03 4.328436e+03 4.335005e+03
10.9 4.330052e+03 4.311090e+03 4.328500e+03 4.347463e+03
11.9 4.479308e+03 4.311015e+03 4.328535e+03 4.496828e+03
12.9 4.407487e+03 4.310931e+03 4.328551e+03 4.425107e+03
13.9 4.281848e+03 4.310842e+03 4.328559e+03 4.299564e+03
14.9 4.215577e+03 4.310752e+03 4.328562e+03 4.233387e+03
15.9 4.259702e+03 4.310661e+03 4.328563e+03 4.277605e+03
16.9 4.392061e+03 4.310571e+03 4.328564e+03 4.410054e+03
17.9 4.251922e+03 4.310660e+03 4.328745e+03 4.270008e+03
18.9 4.331168e+03 4.311737e+03 4.329921e+03 4.349352e+03
19.9 4.253817e+03 4.313134e+03 4.331421e+03 4.272105e+03
20.9 4.255094e+03 4.314014e+03 4.332408e+03 4.273488e+03
21.9 4.266498e+03 4.314297e+03 4.332796e+03 4.284996e+03
22.9 4.319560e+03 4.317436e+03 4.332852e+03 4.334976e+03
23.9 4.164577e+03 4.334587e+03 4.332752e+03 4.162743e+03
24.9 4.216732e+03 4.354974e+03 4.332613e+03 4.194370e+03
25.9 4.381168e+03 4.367811e+03 4.332486e+03 4.345843e+03
26.9 4.518535e+03 4.372577e+03 4.332401e+03 4.478359e+03
27.9 4.434923e+03 4.372976e+03 4.332349e+03 4.394296e+03
28.9 4.455038e+03 4.371376e+03 4.332321e+03 4.415983e+03
29.9 4.423289e+03 4.369312e+03 4.332306e+03 4.386283e+03
30.9 4.299069e+03 4.367484e+03 4.332298e+03 4.263883e+03
31.9 4.305834e+03 4.366227e+03 4.332292e+03 4.271899e+03
32.9 4.202160e+03 4.365441e+03 4.332287e+03 4.169006e+03
33.9 4.181881e+03 4.364965e+03 4.332282e+03 4.149198e+03
