1.380164e+04 1.387801e+04 1.381016e+04 1.386949e+04
1.390562e+04 1.387805e+04 1.381258e+04 1.397109e+04
1.372078e+04 1.387817e+04 1.381514e+04 1.378380e+04
1.357881e+04 1.388475e+04 1.383063e+04 1.363293e+04
1.390589e+04 1.390677e+04 1.387697e+04 1.393569e+04
1.366759e+04 1.392965e+04 1.392498e+04 1.367227e+04
1.402511e+04 1.394220e+04 1.395221e+04 1.401510e+04
1.393942e+04 1.394675e+04 1.396336e+04 1.392281e+04
1.386550e+04 1.394684e+04 1.396553e+04 1.384681e+04
1.381063e+04 1.394513e+04 1.396408e+04 1.379168e+04
1.377784e+04 1.394303e+04 1.396185e+04 1.375902e+04
1.376020e+04 1.394141e+04 1.396055e+04 1.374105e+04
1.400408e+04 1.394037e+04 1.396042e+04 1.398403e+04
1.397104e+04 1.393988e+04 1.396136e+04 1.394956e+04
1.390258e+04 1.393971e+04 1.396294e+04 1.387935e+04
1.375064e+04 1.393973e+04 1.396486e+04 1.372551e+04
1.379009e+04 1.393983e+04 1.396694e+04 1.376299e+04
1.376262e+04 1.393997e+04 1.396907e+04 1.373352e+04
1.388111e+04 1.394013e+04 1.397122e+04 1.385002e+04
1.395528e+04 1.393940e+04 1.397157e+04 1.392310e+04
1.389297e+04 1.392586e+04 1.394629e+04 1.387254e+04
1.410906e+04 1.390168e+04 1.389970e+04 1.411104e+04
1.368086e+04 1.388294e+04 1.386401e+04 1.369979e+04
1.367505e+04 1.387645e+04 1.385281e+04 1.369869e+04
1.376124e+04 1.389795e+04 1.389760e+04 1.376159e+04
1.371512e+04 1.394094e+04 1.398534e+04 1.367071e+04
1.375478e+04 1.397347e+04 1.405215e+04 1.367611e+04
1.396542e+04 1.398989e+04 1.408668e+04 1.386864e+04
1.423256e+04 1.399478e+04 1.409810e+04 1.412924e+04
1.410577e+04 1.399404e+04 1.409822e+04 1.400159e+04
1.396276e+04 1.399104e+04 1.409380e+04 1.386000e+04
1.404305e+04 1.398801e+04 1.408929e+04 1.394178e+04
1.423893e+04 1.398574e+04 1.408625e+04 1.413842e+04
1.416880e+04 1.398445e+04 1.408516e+04 1.406809e+04
1.407351e+04 1.398385e+04 1.408542e+04 1.397193e+04
1.410368e+04 1.398366e+04 1.408648e+04 1.400087e+04
1.409207e+04 1.398369e+04 1.408795e+04 1.398782e+04
1.398592e+04 1.398382e+04 1.408958e+04 1.388016e+04
1.418420e+04 1.398400e+04 1.409127e+04 1.407693e+04
1.404800e+04 1.398417e+04 1.409292e+04 1.393924e+04
1.432451e+04 1.397629e+04 1.407846e+04 1.422234e+04
1.405427e+04 1.394208e+04 1.401130e+04 1.398505e+04
1.423345e+04 1.390266e+04 1.393369e+04 1.420242e+04
1.391135e+04 1.387994e+04 1.388946e+04 1.390184e+04
1.378872e+04 1.387148e+04 1.387372e+04 1.378648e+04
1.394079e+04 1.387106e+04 1.387396e+04 1.393789e+04
1.399560e+04 1.387416e+04 1.387075e+04 1.399902e+04
1.385639e+04 1.387814e+04 1.383978e+04 1.389476e+04
1.387126e+04 1.388144e+04 1.380653e+04 1.394617e+04
1.356882e+04 1.388372e+04 1.378867e+04 1.366387e+04
1.391943e+04 1.388514e+04 1.378392e+04 1.402065e+04
1.362698e+04 1.388594e+04 1.378634e+04 1.372658e+04
1.421112e+04 1.388642e+04 1.379164e+04 1.430590e+04
1.415712e+04 1.388674e+04 1.379719e+04 1.424667e+04
1.433016e+04 1.388699e+04 1.380187e+04 1.441528e+04
1.398856e+04 1.388722e+04 1.380541e+04 1.407037e+04
1.405499e+04 1.388744e+04 1.380791e+04 1.413452e+04
1.391371e+04 1.388765e+04 1.380979e+04 1.399158e+04
1.334144e+04 1.388787e+04 1.381129e+04 1.341802e+04
1.376743e+04 1.388808e+04 1.381261e+04 1.384290e+04
1.409703e+04 1.388830e+04 1.381384e+04 1.417149e+04
1.390894e+04 1.388851e+04 1.381503e+04 1.398243e+04
1.354870e+04 1.388873e+04 1.381762e+04 1.361981e+04
1.368693e+04 1.388895e+04 1.384184e+04 1.373404e+04
1.390986e+04 1.388916e+04 1.388698e+04 1.391205e+04
1.407306e+04 1.388938e+04 1.392329e+04 1.403915e+04
1.401040e+04 1.389088e+04 1.393807e+04 1.396321e+04
1.397758e+04 1.391251e+04 1.390059e+04 1.398950e+04
1.388129e+04 1.395200e+04 1.382135e+04 1.401194e+04
1.391978e+04 1.398261e+04 1.375773e+04 1.414465e+04
1.392436e+04 1.399751e+04 1.372549e+04 1.419637e+04
1.393697e+04 1.400135e+04 1.371640e+04 1.422192e+04
1.371939e+04 1.399995e+04 1.371885e+04 1.400048e+04
1.353272e+04 1.399673e+04 1.372575e+04 1.380370e+04
1.326200e+04 1.399358e+04 1.373299e+04 1.352258e+04
1.368047e+04 1.399124e+04 1.373883e+04 1.393288e+04
1.376870e+04 1.398993e+04 1.374271e+04 1.401591e+04
1.371418e+04 1.398931e+04 1.374524e+04 1.395825e+04
1.359476e+04 1.398914e+04 1.374688e+04 1.383703e+04
1.364528e+04 1.398919e+04 1.374808e+04 1.388639e+04
1.376642e+04 1.398933e+04 1.374907e+04 1.400668e+04
1.374895e+04 1.398951e+04 1.374997e+04 1.398849e+04
1.398164e+04 1.398970e+04 1.375084e+04 1.422049e+04
1.389475e+04 1.398356e+04 1.376436e+04 1.411396e+04
1.392212e+04 1.395214e+04 1.382842e+04 1.404583e+04
1.403304e+04 1.391342e+04 1.390708e+04 1.403937e+04
1.389572e+04 1.389027e+04 1.395459e+04 1.383140e+04
1.405752e+04 1.388119e+04 1.397393e+04 1.396478e+04
1.378177e+04 1.388049e+04 1.397657e+04 1.368570e+04
1.395717e+04 1.388816e+04 1.398168e+04 1.386365e+04
1.408260e+04 1.391318e+04 1.401752e+04 1.397826e+04
1.407706e+04 1.393945e+04 1.405828e+04 1.395823e+04
1.419459e+04 1.395566e+04 1.408262e+04 1.406763e+04
1.389675e+04 1.396204e+04 1.409104e+04 1.376775e+04
1.407229e+04 1.396314e+04 1.409123e+04 1.394420e+04
1.406226e+04 1.396181e+04 1.408786e+04 1.393622e+04
1.430412e+04 1.395990e+04 1.408398e+04 1.418003e+04
1.413302e+04 1.395823e+04 1.408088e+04 1.401037e+04
1.410424e+04 1.395719e+04 1.407914e+04 1.398228e+04
1.428722e+04 1.395666e+04 1.407848e+04 1.416540e+04
1.416651e+04 1.395646e+04 1.407851e+04 1.404446e+04
1.420933e+04 1.395647e+04 1.407894e+04 1.408686e+04
1.402669e+04 1.395656e+04 1.407955e+04 1.390370e+04
1.422946e+04 1.395669e+04 1.408025e+04 1.410590e+04
1.439856e+04 1.395683e+04 1.408097e+04 1.427441e+04
1.427381e+04 1.395644e+04 1.408064e+04 1.414961e+04
1.410655e+04 1.394517e+04 1.405856e+04 1.399315e+04
1.416525e+04 1.392068e+04 1.401004e+04 1.407589e+04
1.427097e+04 1.390126e+04 1.397168e+04 1.420055e+04
1.426648e+04 1.389177e+04 1.395354e+04 1.420470e+04
1.411215e+04 1.388915e+04 1.395644e+04 1.404486e+04
1.412293e+04 1.389008e+04 1.397423e+04 1.403878e+04
1.388257e+04 1.389233e+04 1.399199e+04 1.378291e+04
1.383235e+04 1.389456e+04 1.400299e+04 1.372392e+04
1.386644e+04 1.389626e+04 1.400861e+04 1.375409e+04
1.391439e+04 1.389738e+04 1.401087e+04 1.380090e+04
1.412267e+04 1.389801e+04 1.401136e+04 1.400932e+04
1.418745e+04 1.389837e+04 1.401127e+04 1.407454e+04
1.397669e+04 1.389857e+04 1.401126e+04 1.386399e+04
1.390985e+04 1.389870e+04 1.401150e+04 1.379704e+04
1.421090e+04 1.389879e+04 1.401198e+04 1.409772e+04
1.427372e+04 1.389888e+04 1.401263e+04 1.415997e+04
1.431542e+04 1.389895e+04 1.401336e+04 1.420101e+04
1.429022e+04 1.389902e+04 1.401414e+04 1.417510e+04
1.417607e+04 1.389908e+04 1.401494e+04 1.406022e+04
1.391291e+04 1.389914e+04 1.401575e+04 1.379630e+04
1.395532e+04 1.389919e+04 1.401456e+04 1.383996e+04
1.386389e+04 1.389924e+04 1.400315e+04 1.375999e+04
1.402006e+04 1.389928e+04 1.398873e+04 1.393061e+04
1.393049e+04 1.389931e+04 1.397982e+04 1.384998e+04
1.394199e+04 1.389935e+04 1.397663e+04 1.386470e+04
1.430091e+04 1.389937e+04 1.396983e+04 1.423045e+04
1.426247e+04 1.389939e+04 1.393504e+04 1.422682e+04
1.392559e+04 1.389941e+04 1.389470e+04 1.393030e+04
1.423365e+04 1.389942e+04 1.387056e+04 1.426251e+04
1.397684e+04 1.389942e+04 1.386187e+04 1.401439e+04
1.400015e+04 1.389942e+04 1.386220e+04 1.403736e+04
1.363611e+04 1.389942e+04 1.386640e+04 1.366912e+04
1.369493e+04 1.389940e+04 1.387139e+04 1.372295e+04
1.396551e+04 1.389939e+04 1.387574e+04 1.398916e+04
1.379497e+04 1.389937e+04 1.387901e+04 1.381533e+04
1.375620e+04 1.389934e+04 1.388123e+04 1.377432e+04
1.358369e+04 1.389931e+04 1.388280e+04 1.360020e+04
1.371797e+04 1.389927e+04 1.388398e+04 1.373326e+04
1.388923e+04 1.389923e+04 1.388499e+04 1.390346e+04
1.384012e+04 1.389918e+04 1.388593e+04 1.385337e+04
1.364391e+04 1.389913e+04 1.388683e+04 1.365620e+04
1.373680e+04 1.389907e+04 1.388835e+04 1.374752e+04
1.386172e+04 1.389901e+04 1.390760e+04 1.385313e+04
1.361544e+04 1.389895e+04 1.395148e+04 1.356292e+04
1.367073e+04 1.389888e+04 1.399025e+04 1.357936e+04
1.394214e+04 1.389881e+04 1.400982e+04 1.383112e+04
1.359874e+04 1.389959e+04 1.401465e+04 1.348367e+04
1.393842e+04 1.391794e+04 1.397752e+04 1.387885e+04
1.353103e+04 1.395667e+04 1.389707e+04 1.359063e+04
1.355456e+04 1.398914e+04 1.382884e+04 1.371485e+04
1.372978e+04 1.400458e+04 1.379566e+04 1.393870e+04
1.394066e+04 1.400890e+04 1.378574e+04 1.416383e+04
1.360985e+04 1.400750e+04 1.378817e+04 1.382917e+04
1.396973e+04 1.400404e+04 1.379524e+04 1.417853e+04
1.394634e+04 1.400042e+04 1.380286e+04 1.414390e+04
1.370382e+04 1.399773e+04 1.380876e+04 1.389279e+04
1.364711e+04 1.399598e+04 1.381283e+04 1.383026e+04
1.386613e+04 1.399500e+04 1.381534e+04 1.404579e+04
1.368907e+04 1.399446e+04 1.381696e+04 1.386657e+04
1.383787e+04 1.399416e+04 1.381811e+04 1.401391e+04
1.390533e+04 1.399396e+04 1.381903e+04 1.408026e+04
1.407968e+04 1.399380e+04 1.381985e+04 1.425363e+04
1.385488e+04 1.399366e+04 1.382062e+04 1.402792e+04
1.397424e+04 1.398884e+04 1.383073e+04 1.413236e+04
1.386943e+04 1.395843e+04 1.389203e+04 1.393583e+04
1.403913e+04 1.391964e+04 1.397008e+04 1.398869e+04
1.384517e+04 1.389409e+04 1.402165e+04 1.371761e+04
1.409377e+04 1.388394e+04 1.404238e+04 1.393534e+04
1.395857e+04 1.388520e+04 1.404024e+04 1.380353e+04
1.406529e+04 1.390317e+04 1.400463e+04 1.396383e+04
1.396830e+04 1.392511e+04 1.396104e+04 1.393237e+04
1.400729e+04 1.393991e+04 1.393172e+04 1.401548e+04
1.369399e+04 1.394637e+04 1.391905e+04 1.372131e+04
1.401967e+04 1.394799e+04 1.391603e+04 1.405162e+04
1.393522e+04 1.394719e+04 1.391783e+04 1.396458e+04
1.388937e+04 1.394560e+04 1.392119e+04 1.391379e+04
1.389832e+04 1.394406e+04 1.392443e+04 1.391795e+04
1.384278e+04 1.394296e+04 1.392678e+04 1.385896e+04
1.362722e+04 1.394225e+04 1.392831e+04 1.364116e+04
1.399641e+04 1.394182e+04 1.392926e+04 1.400896e+04
1.385021e+04 1.394155e+04 1.392986e+04 1.386190e+04
1.421930e+04 1.394137e+04 1.393027e+04 1.423039e+04
1.395255e+04 1.394122e+04 1.393058e+04 1.396319e+04
1.360362e+04 1.394109e+04 1.393083e+04 1.361388e+04
1.389116e+04 1.394076e+04 1.393154e+04 1.390038e+04
1.398016e+04 1.393307e+04 1.394701e+04 1.396622e+04
1.394551e+04 1.391404e+04 1.398519e+04 1.387436e+04
1.388337e+04 1.389790e+04 1.401759e+04 1.376368e+04
1.412661e+04 1.388960e+04 1.403429e+04 1.398191e+04
1.432684e+04 1.388700e+04 1.403956e+04 1.417428e+04
1.396514e+04 1.388743e+04 1.403878e+04 1.381379e+04
1.392904e+04 1.388904e+04 1.403564e+04 1.378244e+04
1.381981e+04 1.389072e+04 1.403236e+04 1.367817e+04
1.393812e+04 1.389202e+04 1.402982e+04 1.380031e+04
