0.1 9.936851e+03 9.975011e+03 9.869792e+03 9.831631e+03
1.1 9.856256e+03 9.912546e+03 9.879848e+03 9.823558e+03
2.1 9.891626e+03 9.905241e+03 9.937756e+03 9.924140e+03
3.1 9.840706e+03 9.883028e+03 9.950983e+03 9.908660e+03
4.1 9.794842e+03 9.835852e+03 9.919810e+03 9.878800e+03
5.1 9.762895e+03 9.801115e+03 9.889455e+03 9.851235e+03
6.1 9.831845e+03 9.798381e+03 9.872932e+03 9.906396e+03
7.1 9.886705e+03 9.879195e+03 9.865553e+03 9.873063e+03
8.1 9.857569e+03 9.913545e+03 9.863904e+03 9.807929e+03
9.1 9.905238e+03 9.913537e+03 9.865144e+03 9.856845e+03
10.1 9.895734e+03 9.928509e+03 9.867379e+03 9.834605e+03
11.1 9.870790e+03 9.917867e+03 9.869335e+03 9.822259e+03
12.1 9.943945e+03 9.950267e+03 9.870704e+03 9.864382e+03
13.1 9.926199e+03 9.917641e+03 9.871488e+03 9.880046e+03
14.1 9.897642e+03 9.892343e+03 9.871918e+03 9.877217e+03
15.1 9.888044e+03 9.871890e+03 9.872157e+03 9.888310e+03
16.1 9.780268e+03 9.831196e+03 9.872298e+03 9.821369e+03
17.1 9.810466e+03 9.864228e+03 9.872395e+03 9.818633e+03
0.5 9.871253e+03 9.885643e+03 9.872956e+03 9.858566e+03
1.5 9.856717e+03 9.844080e+03 9.901386e+03 9.914024e+03
2.5 9.812062e+03 9.857620e+03 9.953523e+03 9.907965e+03
3.5 9.833629e+03 9.862063e+03 9.943663e+03 9.915229e+03
4.5 9.889160e+03 9.931701e+03 9.908475e+03 9.865934e+03
5.5 9.901139e+03 9.924265e+03 9.883755e+03 9.860629e+03
6.5 9.846373e+03 9.861746e+03 9.871066e+03 9.855694e+03
7.5 9.934559e+03 9.862671e+03 9.865999e+03 9.937886e+03
8.5 9.900335e+03 9.862441e+03 9.865554e+03 9.903448e+03
9.5 9.935880e+03 9.900419e+03 9.867257e+03 9.902718e+03
10.5 9.944312e+03 9.916185e+03 9.869328e+03 9.897455e+03
11.5 9.861217e+03 9.862563e+03 9.870962e+03 9.869616e+03
12.5 9.852120e+03 9.842315e+03 9.872008e+03 9.881814e+03
13.5 9.800046e+03 9.851527e+03 9.872559e+03 9.821078e+03
14.5 9.867090e+03 9.876938e+03 9.872839e+03 9.862991e+03
15.5 9.971471e+03 9.928808e+03 9.872978e+03 9.915641e+03
16.5 9.936067e+03 9.906600e+03 9.873059e+03 9.902526e+03
17.5 9.924675e+03 9.913177e+03 9.873120e+03 9.884618e+03
0.7 9.914453e+03 9.917600e+03 9.874722e+03 9.871575e+03
1.7 9.933095e+03 9.889789e+03 9.916585e+03 9.959891e+03
2.7 9.830788e+03 9.876909e+03 9.957410e+03 9.911290e+03
3.7 9.724156e+03 9.830835e+03 9.937394e+03 9.830715e+03
4.7 9.760147e+03 9.840738e+03 9.903738e+03 9.823147e+03
5.7 9.933035e+03 9.921915e+03 9.881812e+03 9.892932e+03
6.7 9.882359e+03 9.912276e+03 9.870917e+03 9.841000e+03
7.7 9.868796e+03 9.894717e+03 9.867249e+03 9.841327e+03
8.7 9.854404e+03 9.869596e+03 9.867522e+03 9.852330e+03
9.7 9.834498e+03 9.898045e+03 9.869483e+03 9.805936e+03
10.7 9.896724e+03 9.924624e+03 9.871603e+03 9.843702e+03
11.7 9.842731e+03 9.891308e+03 9.873238e+03 9.824661e+03
12.7 9.943742e+03 9.894240e+03 9.874237e+03 9.923740e+03
13.7 9.840501e+03 9.860571e+03 9.874827e+03 9.854757e+03
14.7 9.827776e+03 9.827935e+03 9.875161e+03 9.875003e+03
15.7 1.015297e+04 9.888766e+03 9.875371e+03 1.013957e+04
16.7 9.952937e+03 9.900663e+03 9.875516e+03 9.927789e+03
17.7 9.877174e+03 9.883370e+03 9.875630e+03 9.869434e+03
0.9 9.819291e+03 9.841569e+03 9.877945e+03 9.855667e+03
1.9 9.887519e+03 9.850764e+03 9.929903e+03 9.966658e+03
2.9 9.899436e+03 9.855589e+03 9.956059e+03 9.999905e+03
3.9 9.849861e+03 9.820877e+03 9.928266e+03 9.957250e+03
4.9 9.885588e+03 9.792638e+03 9.895555e+03 9.988505e+03
5.9 9.910658e+03 9.855227e+03 9.876598e+03 9.932030e+03
6.9 9.992405e+03 9.923926e+03 9.867700e+03 9.936179e+03
7.9 9.919058e+03 9.887610e+03 9.864867e+03 9.896314e+03
8.9 9.807596e+03 9.829246e+03 9.865464e+03 9.843814e+03
9.9 9.843818e+03 9.837989e+03 9.867361e+03 9.873190e+03
10.9 9.870437e+03 9.860362e+03 9.869133e+03 9.879207e+03
11.9 9.889136e+03 9.893176e+03 9.870330e+03 9.866290e+03
12.9 9.910917e+03 9.935899e+03 9.870977e+03 9.845995e+03
13.9 9.922907e+03 9.908791e+03 9.871222e+03 9.885338e+03
14.9 9.950109e+03 9.916873e+03 9.871265e+03 9.904501e+03
15.9 9.956490e+03 9.886381e+03 9.871208e+03 9.941317e+03
16.9 9.875879e+03 9.836843e+03 9.871113e+03 9.910150e+03
17.9 9.937397e+03 9.896237e+03 9.871007e+03 9.912168e+03
0.6 9.857404e+03 9.890898e+03 9.870493e+03 9.836999e+03
1.6 9.872652e+03 9.860738e+03 9.904871e+03 9.916785e+03
2.6 9.831046e+03 9.869237e+03 9.952139e+03 9.913948e+03
3.6 9.979560e+03 9.874662e+03 9.937610e+03 1.004251e+04
4.6 9.919626e+03 9.967338e+03 9.903271e+03 9.855559e+03
5.6 1.000325e+04 9.984253e+03 9.879524e+03 9.898518e+03
6.6 9.913910e+03 9.943840e+03 9.867329e+03 9.837399e+03
7.6 9.870477e+03 9.896590e+03 9.862857e+03 9.836744e+03
8.6 9.853193e+03 9.901603e+03 9.862644e+03 9.814235e+03
9.6 9.889602e+03 9.938374e+03 9.864378e+03 9.815606e+03
10.6 9.838342e+03 9.906426e+03 9.866419e+03 9.798335e+03
11.6 9.874475e+03 9.890635e+03 9.868030e+03 9.851869e+03
12.6 9.896500e+03 9.867461e+03 9.869000e+03 9.898039e+03
13.6 9.864712e+03 9.919697e+03 9.869536e+03 9.814551e+03
14.6 9.897186e+03 9.930169e+03 9.869806e+03 9.836822e+03
15.6 9.829542e+03 9.869059e+03 9.872263e+03 9.832746e+03
16.6 9.905519e+03 9.857543e+03 9.920721e+03 9.968696e+03
17.6 9.918475e+03 9.860635e+03 9.953914e+03 1.001175e+04
0.8 9.829542e+03 9.869059e+03 9.872263e+03 9.832746e+03
1.8 9.905519e+03 9.857543e+03 9.920721e+03 9.968696e+03
2.8 9.918475e+03 9.860635e+03 9.953914e+03 1.001175e+04
3.8 9.875185e+03 9.825105e+03 9.929216e+03 9.979296e+03
4.8 9.866950e+03 9.792206e+03 9.896472e+03 9.971216e+03
5.8 9.888113e+03 9.779509e+03 9.876204e+03 9.984808e+03
6.8 9.941445e+03 9.837618e+03 9.866437e+03 9.970264e+03
7.8 9.941303e+03 9.890199e+03 9.863444e+03 9.914547e+03
8.8 9.908338e+03 9.879570e+03 9.864103e+03 9.892871e+03
9.8 9.919941e+03 9.889591e+03 9.866222e+03 9.896572e+03
10.8 9.811996e+03 9.866161e+03 9.868387e+03 9.814222e+03
11.8 9.801701e+03 9.822224e+03 9.870047e+03 9.849523e+03
12.8 9.799845e+03 9.808298e+03 9.871101e+03 9.862647e+03
13.8 9.893635e+03 9.896724e+03 9.871777e+03 9.868688e+03
14.8 9.877130e+03 9.934314e+03 9.872236e+03 9.815053e+03
15.8 9.919310e+03 9.921941e+03 9.872609e+03 9.869978e+03
16.8 9.878956e+03 9.919316e+03 9.872956e+03 9.832596e+03
