0.6 9.248858e+03 9.276342e+03 9.208616e+03 9.181132e+03
1.6 9.312514e+03 9.284675e+03 9.284624e+03 9.312462e+03
2.6 9.287123e+03 9.321515e+03 9.397622e+03 9.363230e+03
3.6 9.287171e+03 9.299769e+03 9.366297e+03 9.353699e+03
4.6 9.326061e+03 9.339101e+03 9.285446e+03 9.272406e+03
5.6 9.256509e+03 9.281752e+03 9.230920e+03 9.205677e+03
6.6 9.256949e+03 9.256980e+03 9.203467e+03 9.203437e+03
7.6 9.300432e+03 9.235391e+03 9.192960e+03 9.258001e+03
8.6 9.092635e+03 9.162098e+03 9.192629e+03 9.123165e+03
9.6 9.115445e+03 9.202940e+03 9.196879e+03 9.109384e+03
10.6 9.186719e+03 9.269613e+03 9.201736e+03 9.118842e+03
11.6 9.119250e+03 9.210672e+03 9.205496e+03 9.114075e+03
12.6 9.053788e+03 9.129383e+03 9.207890e+03 9.132295e+03
13.6 9.162230e+03 9.186028e+03 9.209161e+03 9.185363e+03
14.6 9.233519e+03 9.245460e+03 9.209819e+03 9.197878e+03
15.6 9.282528e+03 9.276820e+03 9.210150e+03 9.215858e+03
16.6 9.196719e+03 9.342047e+03 9.210335e+03 9.065006e+03
17.6 9.296729e+03 9.283824e+03 9.210454e+03 9.223358e+03
0.1 9.316326e+03 9.324733e+03 9.208494e+03 9.200086e+03
1.1 9.294964e+03 9.272961e+03 9.228878e+03 9.250880e+03
2.1 9.311985e+03 9.289835e+03 9.360981e+03 9.383131e+03
3.1 9.323244e+03 9.251547e+03 9.394655e+03 9.466352e+03
4.1 9.157616e+03 9.157583e+03 9.320981e+03 9.321014e+03
5.1 9.179620e+03 9.203717e+03 9.251590e+03 9.227493e+03
6.1 9.264435e+03 9.240200e+03 9.212124e+03 9.236358e+03
7.1 9.212276e+03 9.217040e+03 9.194028e+03 9.189264e+03
8.1 9.249666e+03 9.254547e+03 9.189357e+03 9.184475e+03
9.1 9.248387e+03 9.234235e+03 9.191603e+03 9.205755e+03
10.1 9.299202e+03 9.277171e+03 9.196049e+03 9.218081e+03
11.1 9.248008e+03 9.248236e+03 9.200019e+03 9.199791e+03
12.1 9.281320e+03 9.213884e+03 9.202657e+03 9.270094e+03
13.1 9.190385e+03 9.204245e+03 9.203958e+03 9.190097e+03
14.1 9.077439e+03 9.138937e+03 9.204460e+03 9.142963e+03
15.1 9.022882e+03 9.157815e+03 9.204508e+03 9.069575e+03
16.1 9.255941e+03 9.285995e+03 9.204357e+03 9.174303e+03
17.1 9.172557e+03 9.273440e+03 9.204125e+03 9.103241e+03
0.0 9.284566e+03 9.265638e+03 9.200145e+03 9.219073e+03
1.0 9.321001e+03 9.268429e+03 9.218644e+03 9.271216e+03
2.0 9.402666e+03 9.305519e+03 9.346860e+03 9.444007e+03
3.0 9.331919e+03 9.276073e+03 9.387541e+03 9.443388e+03
4.0 9.166405e+03 9.170835e+03 9.317119e+03 9.312690e+03
5.0 8.988425e+03 9.101047e+03 9.245147e+03 9.132525e+03
6.0 9.090428e+03 9.184818e+03 9.205162e+03 9.110772e+03
7.0 9.103123e+03 9.231864e+03 9.187074e+03 9.058333e+03
8.0 9.248169e+03 9.165830e+03 9.182127e+03 9.264466e+03
9.0 9.073710e+03 9.111248e+03 9.199511e+03 9.161973e+03
10.0 9.194102e+03 9.201069e+03 9.333149e+03 9.326181e+03
11.0 9.162195e+03 9.243046e+03 9.383078e+03 9.302228e+03
12.0 9.212974e+03 9.301703e+03 9.318093e+03 9.229363e+03
13.0 9.301330e+03 9.329548e+03 9.246599e+03 9.218381e+03
14.0 9.325091e+03 9.284749e+03 9.206212e+03 9.246553e+03
15.0 9.340834e+03 9.300157e+03 9.187548e+03 9.228225e+03
16.0 9.299140e+03 9.225901e+03 9.182687e+03 9.255926e+03
17.0 9.173744e+03 9.161394e+03 9.184975e+03 9.197325e+03
1.0 9.073710e+03 9.111248e+03 9.199511e+03 9.161973e+03
2.0 9.194102e+03 9.201069e+03 9.333149e+03 9.326181e+03
3.0 9.162195e+03 9.243046e+03 9.383078e+03 9.302228e+03
4.0 9.212974e+03 9.301703e+03 9.318093e+03 9.229363e+03
5.0 9.301330e+03 9.329548e+03 9.246599e+03 9.218381e+03
6.0 9.325091e+03 9.284749e+03 9.206212e+03 9.246553e+03
7.0 9.340834e+03 9.300157e+03 9.187548e+03 9.228225e+03
8.0 9.299140e+03 9.225901e+03 9.182687e+03 9.255926e+03
9.0 9.173744e+03 9.161394e+03 9.184975e+03 9.197325e+03
10.0 9.344290e+03 9.260992e+03 9.189951e+03 9.273249e+03
11.0 9.315523e+03 9.271950e+03 9.194491e+03 9.238064e+03
12.0 9.296280e+03 9.266728e+03 9.197741e+03 9.227294e+03
13.0 9.351461e+03 9.267237e+03 9.199643e+03 9.283867e+03
14.0 9.320960e+03 9.268101e+03 9.200721e+03 9.253580e+03
15.0 9.344871e+03 9.308234e+03 9.201364e+03 9.238001e+03
16.0 9.204188e+03 9.232030e+03 9.201881e+03 9.174040e+03
17.0 9.135438e+03 9.180166e+03 9.257899e+03 9.213171e+03
18.0 9.174081e+03 9.241430e+03 9.382932e+03 9.315583e+03
0.4 9.204188e+03 9.232030e+03 9.201881e+03 9.174040e+03
1.4 9.135438e+03 9.180166e+03 9.257899e+03 9.213171e+03
2.4 9.174081e+03 9.241430e+03 9.382932e+03 9.315583e+03
3.4 9.245366e+03 9.241468e+03 9.373260e+03 9.377158e+03
4.4 9.313164e+03 9.320110e+03 9.292879e+03 9.285932e+03
5.4 9.393440e+03 9.304880e+03 9.233053e+03 9.321613e+03
6.4 9.426870e+03 9.261966e+03 9.201291e+03 9.366195e+03
7.4 9.396717e+03 9.242403e+03 9.189035e+03 9.343350e+03
8.4 9.312628e+03 9.228235e+03 9.187590e+03 9.271983e+03
9.4 9.383348e+03 9.271376e+03 9.191569e+03 9.303541e+03
10.4 9.209403e+03 9.213593e+03 9.196700e+03 9.192510e+03
11.4 9.037723e+03 9.143516e+03 9.201005e+03 9.095211e+03
12.4 9.100843e+03 9.167553e+03 9.203784e+03 9.137073e+03
13.4 9.088051e+03 9.151304e+03 9.205438e+03 9.142184e+03
14.4 9.064507e+03 9.118127e+03 9.206416e+03 9.152795e+03
15.4 9.285435e+03 9.215936e+03 9.207025e+03 9.276523e+03
16.4 9.346188e+03 9.260622e+03 9.207475e+03 9.293041e+03
17.4 9.295236e+03 9.186798e+03 9.207854e+03 9.316293e+03
0.2 9.289186e+03 9.310179e+03 9.213290e+03 9.192296e+03
1.2 9.299693e+03 9.274677e+03 9.242908e+03 9.267925e+03
2.2 9.306535e+03 9.305039e+03 9.377127e+03 9.378623e+03
3.2 9.318874e+03 9.258914e+03 9.395754e+03 9.455714e+03
4.2 9.114406e+03 9.170448e+03 9.320884e+03 9.264842e+03
5.2 9.268418e+03 9.253153e+03 9.252689e+03 9.267954e+03
6.2 9.291366e+03 9.323222e+03 9.216222e+03 9.184366e+03
7.2 9.238487e+03 9.232698e+03 9.200157e+03 9.205946e+03
8.2 9.064340e+03 9.137569e+03 9.196806e+03 9.123577e+03
9.2 9.148059e+03 9.172507e+03 9.199758e+03 9.175309e+03
10.2 9.057449e+03 9.183899e+03 9.204765e+03 9.078315e+03
11.2 9.035658e+03 9.132596e+03 9.209037e+03 9.112100e+03
12.2 9.093104e+03 9.193034e+03 9.211972e+03 9.112042e+03
13.2 9.199019e+03 9.264197e+03 9.213627e+03 9.148449e+03
14.2 9.217615e+03 9.205575e+03 9.214531e+03 9.226571e+03
15.2 9.245113e+03 9.172713e+03 9.215051e+03 9.287452e+03
16.2 9.208647e+03 9.195810e+03 9.215391e+03 9.228228e+03
17.2 9.310467e+03 9.209536e+03 9.215669e+03 9.316600e+03
