0.6 1.059730e+04 1.060507e+04 1.061108e+04 1.060331e+04
1.6 1.065974e+04 1.059708e+04 1.068160e+04 1.074426e+04
2.6 1.071241e+04 1.063335e+04 1.076125e+04 1.084031e+04
3.6 1.057358e+04 1.058416e+04 1.072774e+04 1.071716e+04
4.6 1.042162e+04 1.052056e+04 1.066534e+04 1.056640e+04
5.6 1.051821e+04 1.053613e+04 1.062289e+04 1.060496e+04
6.6 1.056995e+04 1.066380e+04 1.060245e+04 1.050860e+04
7.6 1.065877e+04 1.067750e+04 1.059476e+04 1.057604e+04
8.6 1.055003e+04 1.059395e+04 1.059465e+04 1.055074e+04
9.6 1.061060e+04 1.055471e+04 1.059773e+04 1.065363e+04
10.6 1.055967e+04 1.057633e+04 1.060129e+04 1.058463e+04
11.6 1.052610e+04 1.058092e+04 1.060384e+04 1.054902e+04
12.6 1.061151e+04 1.065117e+04 1.060532e+04 1.056566e+04
13.6 1.063295e+04 1.064079e+04 1.060596e+04 1.059812e+04
14.6 1.055108e+04 1.057449e+04 1.060616e+04 1.058276e+04
15.6 1.063652e+04 1.058451e+04 1.060614e+04 1.065815e+04
16.6 1.065033e+04 1.059041e+04 1.060603e+04 1.066595e+04
17.6 1.067964e+04 1.065628e+04 1.060588e+04 1.062925e+04
0.4 1.062282e+04 1.063422e+04 1.060455e+04 1.059316e+04
1.4 1.063516e+04 1.061828e+04 1.064855e+04 1.066543e+04
2.4 1.067587e+04 1.065410e+04 1.074721e+04 1.076898e+04
3.4 1.060653e+04 1.063549e+04 1.073791e+04 1.070894e+04
4.4 1.068116e+04 1.066346e+04 1.067529e+04 1.069298e+04
5.4 1.063011e+04 1.063595e+04 1.062762e+04 1.062179e+04
6.4 1.065438e+04 1.060327e+04 1.060217e+04 1.065328e+04
7.4 1.060307e+04 1.059181e+04 1.059217e+04 1.060343e+04
8.4 1.049981e+04 1.054142e+04 1.059076e+04 1.054916e+04
9.4 1.052355e+04 1.056252e+04 1.059359e+04 1.055462e+04
10.4 1.064740e+04 1.067288e+04 1.059737e+04 1.057189e+04
11.4 1.061644e+04 1.066354e+04 1.060051e+04 1.055340e+04
12.4 1.059486e+04 1.065497e+04 1.060244e+04 1.054233e+04
13.4 1.058102e+04 1.062708e+04 1.060351e+04 1.055745e+04
14.4 1.061779e+04 1.065565e+04 1.060402e+04 1.056616e+04
15.4 1.069547e+04 1.068149e+04 1.060425e+04 1.061824e+04
16.4 1.061464e+04 1.063924e+04 1.063853e+04 1.061393e+04
17.4 1.073237e+04 1.066037e+04 1.074131e+04 1.081331e+04
0.3 1.069547e+04 1.068149e+04 1.060425e+04 1.061824e+04
1.3 1.061464e+04 1.063924e+04 1.063853e+04 1.061393e+04
2.3 1.073237e+04 1.066037e+04 1.074131e+04 1.081331e+04
3.3 1.061473e+04 1.061600e+04 1.074322e+04 1.074195e+04
4.3 1.061792e+04 1.055709e+04 1.068167e+04 1.074249e+04
5.3 1.076034e+04 1.060408e+04 1.063166e+04 1.078791e+04
6.3 1.062087e+04 1.060861e+04 1.060436e+04 1.061661e+04
7.3 1.062868e+04 1.059418e+04 1.059331e+04 1.062781e+04
8.3 1.058231e+04 1.060198e+04 1.059135e+04 1.057168e+04
9.3 1.045727e+04 1.055770e+04 1.059403e+04 1.049361e+04
10.3 1.036504e+04 1.050656e+04 1.059791e+04 1.045639e+04
11.3 1.037233e+04 1.047849e+04 1.060124e+04 1.049508e+04
12.3 1.050720e+04 1.054145e+04 1.060336e+04 1.056912e+04
13.3 1.067164e+04 1.067316e+04 1.060459e+04 1.060306e+04
14.3 1.078380e+04 1.067198e+04 1.060521e+04 1.071704e+04
15.3 1.076342e+04 1.068344e+04 1.060555e+04 1.068553e+04
16.3 1.066550e+04 1.064934e+04 1.060576e+04 1.062192e+04
17.3 1.044274e+04 1.056526e+04 1.060591e+04 1.048340e+04
0.7 1.072086e+04 1.066070e+04 1.061039e+04 1.067055e+04
1.7 1.075675e+04 1.066102e+04 1.069187e+04 1.078760e+04
2.7 1.073670e+04 1.066478e+04 1.076101e+04 1.083293e+04
3.7 1.067548e+04 1.067047e+04 1.072235e+04 1.072737e+04
4.7 1.074082e+04 1.071092e+04 1.065978e+04 1.068968e+04
5.7 1.058967e+04 1.064300e+04 1.062084e+04 1.056751e+04
6.7 1.058220e+04 1.058639e+04 1.060166e+04 1.059748e+04
7.7 1.056246e+04 1.062052e+04 1.059533e+04 1.053726e+04
8.7 1.065626e+04 1.061897e+04 1.059590e+04 1.063319e+04
9.7 1.070535e+04 1.069143e+04 1.059950e+04 1.061342e+04
10.7 1.073273e+04 1.068443e+04 1.060322e+04 1.065152e+04
11.7 1.073298e+04 1.064997e+04 1.060603e+04 1.068903e+04
12.7 1.074317e+04 1.063322e+04 1.060767e+04 1.071762e+04
13.7 1.071224e+04 1.062029e+04 1.060855e+04 1.070050e+04
14.7 1.070390e+04 1.065321e+04 1.060900e+04 1.065968e+04
15.7 1.054551e+04 1.060654e+04 1.060923e+04 1.054820e+04
16.7 1.051756e+04 1.055298e+04 1.060936e+04 1.057394e+04
17.7 1.052880e+04 1.058055e+04 1.060946e+04 1.055771e+04
0.3 1.068186e+04 1.070047e+04 1.061115e+04 1.059254e+04
1.3 1.064707e+04 1.066657e+04 1.065023e+04 1.063073e+04
2.3 1.068154e+04 1.068255e+04 1.075134e+04 1.075033e+04
3.3 1.053048e+04 1.063049e+04 1.074888e+04 1.064887e+04
4.3 1.050971e+04 1.056917e+04 1.068552e+04 1.062607e+04
5.3 1.061777e+04 1.061053e+04 1.063676e+04 1.064400e+04
6.3 1.057088e+04 1.060426e+04 1.061048e+04 1.057710e+04
7.3 1.053289e+04 1.055149e+04 1.060004e+04 1.058144e+04
8.3 1.065927e+04 1.056745e+04 1.059838e+04 1.069021e+04
9.3 1.061911e+04 1.057714e+04 1.060121e+04 1.064319e+04
10.3 1.064452e+04 1.053900e+04 1.060508e+04 1.071060e+04
11.3 1.060517e+04 1.050673e+04 1.060835e+04 1.070679e+04
12.3 1.068066e+04 1.057148e+04 1.061040e+04 1.071958e+04
13.3 1.072926e+04 1.064344e+04 1.061156e+04 1.069738e+04
14.3 1.066322e+04 1.060483e+04 1.061216e+04 1.067055e+04
15.3 1.062904e+04 1.054346e+04 1.061247e+04 1.069805e+04
16.3 1.067503e+04 1.056073e+04 1.061265e+04 1.072695e+04
17.3 1.060503e+04 1.059158e+04 1.061277e+04 1.062622e+04
0.6 1.064192e+04 1.067573e+04 1.059691e+04 1.056309e+04
1.6 1.069764e+04 1.067094e+04 1.065832e+04 1.068502e+04
2.6 1.064159e+04 1.068467e+04 1.074403e+04 1.070095e+04
