0.9 9.320969e+03 9.333818e+03 9.265863e+03 9.253014e+03
1.9 9.301805e+03 9.311044e+03 9.353702e+03 9.344463e+03
2.9 9.301706e+03 9.291789e+03 9.409819e+03 9.419736e+03
3.9 9.126975e+03 9.218958e+03 9.364096e+03 9.272113e+03
4.9 9.171175e+03 9.253512e+03 9.304451e+03 9.222114e+03
5.9 9.273336e+03 9.314338e+03 9.269093e+03 9.228092e+03
6.9 9.190124e+03 9.258280e+03 9.252384e+03 9.184228e+03
7.9 9.154474e+03 9.182123e+03 9.246978e+03 9.219329e+03
8.9 9.234030e+03 9.241732e+03 9.248069e+03 9.240368e+03
9.9 9.332178e+03 9.302482e+03 9.251735e+03 9.281431e+03
10.9 9.345564e+03 9.330641e+03 9.255314e+03 9.270237e+03
11.9 9.228449e+03 9.390142e+03 9.257901e+03 9.096208e+03
12.9 9.319515e+03 9.333280e+03 9.275476e+03 9.261710e+03
13.9 9.341121e+03 9.322356e+03 9.376751e+03 9.395516e+03
14.9 9.321430e+03 9.288619e+03 9.405800e+03 9.438610e+03
15.9 9.410175e+03 9.326024e+03 9.350679e+03 9.434830e+03
16.9 9.455679e+03 9.344372e+03 9.296696e+03 9.408002e+03
17.9 9.315465e+03 9.253616e+03 9.265403e+03 9.327252e+03
0.1 9.228449e+03 9.390142e+03 9.257901e+03 9.096208e+03
1.1 9.319515e+03 9.333280e+03 9.275476e+03 9.261710e+03
2.1 9.341121e+03 9.322356e+03 9.376751e+03 9.395516e+03
3.1 9.321430e+03 9.288619e+03 9.405800e+03 9.438610e+03
4.1 9.410175e+03 9.326024e+03 9.350679e+03 9.434830e+03
5.1 9.455679e+03 9.344372e+03 9.296696e+03 9.408002e+03
6.1 9.315465e+03 9.253616e+03 9.265403e+03 9.327252e+03
7.1 9.235559e+03 9.252804e+03 9.251936e+03 9.234690e+03
8.1 9.339328e+03 9.304545e+03 9.248508e+03 9.283291e+03
9.1 9.278887e+03 9.244236e+03 9.250564e+03 9.285215e+03
10.1 9.078729e+03 9.163810e+03 9.254404e+03 9.169322e+03
11.1 9.172568e+03 9.178018e+03 9.257983e+03 9.252533e+03
12.1 9.253062e+03 9.325788e+03 9.260398e+03 9.187672e+03
13.1 9.317966e+03 9.341071e+03 9.261860e+03 9.238755e+03
14.1 9.250595e+03 9.243023e+03 9.262653e+03 9.270224e+03
15.1 9.149798e+03 9.198948e+03 9.263108e+03 9.213957e+03
16.1 9.106636e+03 9.227730e+03 9.263406e+03 9.142312e+03
17.1 9.154610e+03 9.232791e+03 9.263634e+03 9.185453e+03
1.0 9.267553e+03 9.320777e+03 9.278437e+03 9.225213e+03
2.0 9.253243e+03 9.319226e+03 9.375997e+03 9.310015e+03
3.0 9.237462e+03 9.290719e+03 9.413892e+03 9.360634e+03
4.0 9.234402e+03 9.319281e+03 9.361201e+03 9.276323e+03
5.0 9.284300e+03 9.344406e+03 9.305498e+03 9.245391e+03
6.0 9.270304e+03 9.297715e+03 9.272401e+03 9.244990e+03
7.0 9.406508e+03 9.333872e+03 9.257790e+03 9.330427e+03
8.0 9.287667e+03 9.282962e+03 9.253622e+03 9.258327e+03
9.0 9.203795e+03 9.208296e+03 9.255259e+03 9.250758e+03
10.0 9.363071e+03 9.258775e+03 9.258896e+03 9.363193e+03
11.0 9.324778e+03 9.261431e+03 9.262376e+03 9.325723e+03
12.0 9.212146e+03 9.237983e+03 9.264707e+03 9.238871e+03
13.0 9.193589e+03 9.239861e+03 9.266065e+03 9.219792e+03
14.0 9.165618e+03 9.190533e+03 9.266724e+03 9.241809e+03
15.0 9.027901e+03 9.136060e+03 9.267029e+03 9.158870e+03
16.0 9.043893e+03 9.106838e+03 9.267169e+03 9.204223e+03
17.0 9.135334e+03 9.172230e+03 9.267234e+03 9.230338e+03
18.0 9.352772e+03 9.308725e+03 9.267273e+03 9.311321e+03
0.7 9.476026e+03 9.354185e+03 9.269393e+03 9.391234e+03
1.7 9.491227e+03 9.313373e+03 9.344214e+03 9.522068e+03
2.7 9.447366e+03 9.297071e+03 9.417171e+03 9.567466e+03
3.7 9.333755e+03 9.280052e+03 9.382730e+03 9.436434e+03
4.7 9.414727e+03 9.315814e+03 9.320760e+03 9.419672e+03
5.7 9.245551e+03 9.259604e+03 9.281338e+03 9.267284e+03
6.7 9.103597e+03 9.193817e+03 9.261666e+03 9.171446e+03
7.7 9.175940e+03 9.217544e+03 9.254930e+03 9.213326e+03
8.7 9.163930e+03 9.202902e+03 9.255186e+03 9.216214e+03
9.7 9.115396e+03 9.171730e+03 9.258577e+03 9.202242e+03
10.7 9.299515e+03 9.262871e+03 9.262188e+03 9.298831e+03
11.7 9.365118e+03 9.304575e+03 9.264926e+03 9.325469e+03
12.7 9.374234e+03 9.235740e+03 9.266517e+03 9.405012e+03
13.7 9.290774e+03 9.174467e+03 9.267340e+03 9.383648e+03
14.7 9.273658e+03 9.210049e+03 9.267726e+03 9.331335e+03
15.7 9.235093e+03 9.216062e+03 9.267884e+03 9.286915e+03
16.7 9.124344e+03 9.171224e+03 9.267947e+03 9.221066e+03
17.7 9.116903e+03 9.149424e+03 9.267967e+03 9.235446e+03
1.0 9.117272e+03 9.191521e+03 9.274218e+03 9.199970e+03
2.0 9.183479e+03 9.230323e+03 9.371588e+03 9.324743e+03
3.0 9.169672e+03 9.243765e+03 9.409307e+03 9.335214e+03
4.0 9.108494e+03 9.192250e+03 9.356457e+03 9.272702e+03
5.0 9.184508e+03 9.244808e+03 9.299516e+03 9.239216e+03
6.0 9.293916e+03 9.309168e+03 9.267394e+03 9.252142e+03
7.0 9.284854e+03 9.253572e+03 9.252681e+03 9.283962e+03
8.0 9.318812e+03 9.221704e+03 9.248431e+03 9.345538e+03
9.0 9.256173e+03 9.242056e+03 9.250009e+03 9.264126e+03
10.0 9.350083e+03 9.256981e+03 9.253703e+03 9.346805e+03
11.0 9.355393e+03 9.400074e+03 9.257079e+03 9.212398e+03
12.0 9.423203e+03 9.428414e+03 9.264969e+03 9.259758e+03
13.0 9.386955e+03 9.390823e+03 9.357029e+03 9.353161e+03
14.0 9.270223e+03 9.332788e+03 9.411204e+03 9.348638e+03
15.0 9.321234e+03 9.326623e+03 9.364325e+03 9.358936e+03
16.0 9.307057e+03 9.365268e+03 9.306554e+03 9.248343e+03
17.0 9.233868e+03 9.322601e+03 9.271408e+03 9.182675e+03
18.0 9.288729e+03 9.346800e+03 9.254644e+03 9.196573e+03
0.9 9.423203e+03 9.428414e+03 9.264969e+03 9.259758e+03
1.9 9.386955e+03 9.390823e+03 9.357029e+03 9.353161e+03
2.9 9.270223e+03 9.332788e+03 9.411204e+03 9.348638e+03
3.9 9.321234e+03 9.326623e+03 9.364325e+03 9.358936e+03
4.9 9.307057e+03 9.365268e+03 9.306554e+03 9.248343e+03
5.9 9.233868e+03 9.322601e+03 9.271408e+03 9.182675e+03
6.9 9.288729e+03 9.346800e+03 9.254644e+03 9.196573e+03
7.9 9.205941e+03 9.309877e+03 9.249681e+03 9.145746e+03
8.9 9.257046e+03 9.331432e+03 9.251033e+03 9.176647e+03
9.9 9.297453e+03 9.312554e+03 9.254815e+03 9.239714e+03
10.9 9.198785e+03 9.221414e+03 9.258599e+03 9.235971e+03
11.9 9.224396e+03 9.210562e+03 9.261468e+03 9.275302e+03
12.9 9.296188e+03 9.220500e+03 9.263276e+03 9.338964e+03
13.9 9.224315e+03 9.173972e+03 9.264429e+03 9.314773e+03
14.9 9.299578e+03 9.129460e+03 9.265209e+03 9.435327e+03
15.9 9.326924e+03 9.112456e+03 9.265840e+03 9.480307e+03
16.9 9.368354e+03 9.199045e+03 9.266424e+03 9.435733e+03
17.9 9.432473e+03 9.276599e+03 9.267009e+03 9.422883e+03
