0.9 1.604842e+03 1.619050e+03 1.603025e+03 1.588817e+03
1.9 1.589215e+03 1.612447e+03 1.608936e+03 1.585704e+03
2.9 1.606911e+03 1.606906e+03 1.612713e+03 1.612718e+03
3.9 1.588159e+03 1.599577e+03 1.609636e+03 1.598217e+03
4.9 1.590487e+03 1.597363e+03 1.605622e+03 1.598746e+03
5.9 1.604917e+03 1.598046e+03 1.603242e+03 1.610113e+03
6.9 1.576096e+03 1.596078e+03 1.602117e+03 1.582136e+03
7.9 1.571610e+03 1.594078e+03 1.601754e+03 1.579286e+03
8.9 1.604689e+03 1.599088e+03 1.601827e+03 1.607428e+03
9.9 1.595324e+03 1.603568e+03 1.602074e+03 1.593831e+03
10.9 1.593432e+03 1.611622e+03 1.602315e+03 1.584125e+03
11.9 1.586541e+03 1.624286e+03 1.602489e+03 1.564744e+03
12.9 1.613908e+03 1.619024e+03 1.603672e+03 1.598556e+03
13.9 1.641670e+03 1.612786e+03 1.610487e+03 1.639371e+03
14.9 1.597302e+03 1.607029e+03 1.612442e+03 1.602715e+03
15.9 1.632955e+03 1.614828e+03 1.608733e+03 1.626860e+03
16.9 1.617142e+03 1.620009e+03 1.605100e+03 1.602233e+03
17.9 1.596012e+03 1.610029e+03 1.602994e+03 1.588976e+03
0.1 1.586541e+03 1.624286e+03 1.602489e+03 1.564744e+03
1.1 1.613908e+03 1.619024e+03 1.603672e+03 1.598556e+03
2.1 1.641670e+03 1.612786e+03 1.610487e+03 1.639371e+03
3.1 1.597302e+03 1.607029e+03 1.612442e+03 1.602715e+03
4.1 1.632955e+03 1.614828e+03 1.608733e+03 1.626860e+03
5.1 1.617142e+03 1.620009e+03 1.605100e+03 1.602233e+03
6.1 1.596012e+03 1.610029e+03 1.602994e+03 1.588976e+03
7.1 1.603403e+03 1.609029e+03 1.602087e+03 1.596461e+03
8.1 1.591486e+03 1.613995e+03 1.601857e+03 1.579347e+03
9.1 1.606342e+03 1.606927e+03 1.601995e+03 1.601410e+03
10.1 1.602325e+03 1.597812e+03 1.602253e+03 1.606766e+03
11.1 1.587894e+03 1.594213e+03 1.602494e+03 1.596175e+03
12.1 1.608115e+03 1.596888e+03 1.602657e+03 1.613884e+03
13.1 1.590420e+03 1.597121e+03 1.602755e+03 1.596054e+03
14.1 1.629564e+03 1.594782e+03 1.602809e+03 1.637591e+03
15.1 1.584267e+03 1.596563e+03 1.602839e+03 1.590542e+03
16.1 1.592958e+03 1.602375e+03 1.602859e+03 1.593443e+03
17.1 1.594243e+03 1.601988e+03 1.602875e+03 1.595129e+03
1.0 1.622099e+03 1.619852e+03 1.603871e+03 1.606119e+03
2.0 1.607848e+03 1.613599e+03 1.610437e+03 1.604686e+03
3.0 1.591809e+03 1.607321e+03 1.612987e+03 1.597475e+03
4.0 1.621032e+03 1.613710e+03 1.609441e+03 1.616764e+03
5.0 1.643345e+03 1.619953e+03 1.605692e+03 1.629085e+03
6.0 1.637310e+03 1.615132e+03 1.603465e+03 1.625643e+03
7.0 1.625232e+03 1.618326e+03 1.602481e+03 1.609388e+03
8.0 1.625379e+03 1.612067e+03 1.602201e+03 1.615513e+03
9.0 1.585765e+03 1.601550e+03 1.602311e+03 1.586525e+03
10.0 1.608291e+03 1.597336e+03 1.602556e+03 1.613512e+03
11.0 1.592599e+03 1.594917e+03 1.602790e+03 1.600471e+03
12.0 1.560277e+03 1.590096e+03 1.602947e+03 1.573128e+03
13.0 1.574751e+03 1.585797e+03 1.603038e+03 1.591992e+03
14.0 1.557085e+03 1.586763e+03 1.603083e+03 1.573405e+03
15.0 1.552529e+03 1.589411e+03 1.603103e+03 1.566222e+03
16.0 1.573071e+03 1.591532e+03 1.603113e+03 1.584651e+03
17.0 1.620018e+03 1.595190e+03 1.603117e+03 1.627945e+03
18.0 1.582542e+03 1.600263e+03 1.603120e+03 1.585398e+03
0.7 1.631328e+03 1.624387e+03 1.603262e+03 1.610204e+03
1.7 1.661331e+03 1.616254e+03 1.608298e+03 1.653375e+03
2.7 1.612671e+03 1.610050e+03 1.613208e+03 1.615829e+03
3.7 1.607269e+03 1.603592e+03 1.610890e+03 1.614567e+03
4.7 1.605715e+03 1.600301e+03 1.606719e+03 1.612134e+03
5.7 1.592792e+03 1.596958e+03 1.604066e+03 1.599901e+03
6.7 1.574355e+03 1.593229e+03 1.602742e+03 1.583868e+03
7.7 1.572283e+03 1.588524e+03 1.602289e+03 1.586049e+03
8.7 1.591426e+03 1.588245e+03 1.602306e+03 1.605487e+03
9.7 1.601494e+03 1.591412e+03 1.602534e+03 1.612616e+03
10.7 1.604032e+03 1.597233e+03 1.602777e+03 1.609576e+03
11.7 1.581411e+03 1.600242e+03 1.602962e+03 1.584130e+03
12.7 1.616895e+03 1.599111e+03 1.603069e+03 1.620853e+03
13.7 1.576159e+03 1.596780e+03 1.603124e+03 1.582503e+03
14.7 1.579533e+03 1.591838e+03 1.603150e+03 1.590845e+03
15.7 1.602086e+03 1.590146e+03 1.603161e+03 1.615100e+03
16.7 1.622821e+03 1.591955e+03 1.603165e+03 1.634031e+03
17.7 1.581804e+03 1.594427e+03 1.603166e+03 1.590544e+03
1.0 1.619594e+03 1.603810e+03 1.603587e+03 1.619371e+03
2.0 1.621631e+03 1.602243e+03 1.610140e+03 1.629528e+03
3.0 1.598753e+03 1.601078e+03 1.612678e+03 1.610354e+03
4.0 1.572333e+03 1.596675e+03 1.609122e+03 1.584780e+03
5.0 1.588922e+03 1.596125e+03 1.605289e+03 1.598087e+03
6.0 1.605597e+03 1.597277e+03 1.603128e+03 1.611447e+03
7.0 1.603054e+03 1.595756e+03 1.602137e+03 1.609436e+03
8.0 1.644227e+03 1.598075e+03 1.601851e+03 1.648004e+03
9.0 1.590135e+03 1.603009e+03 1.601958e+03 1.589084e+03
10.0 1.614556e+03 1.607944e+03 1.602206e+03 1.608818e+03
11.0 1.645607e+03 1.628534e+03 1.602433e+03 1.619507e+03
12.0 1.649206e+03 1.632839e+03 1.602964e+03 1.619331e+03
13.0 1.607502e+03 1.622768e+03 1.609160e+03 1.593894e+03
14.0 1.612931e+03 1.611493e+03 1.612806e+03 1.614244e+03
15.0 1.607212e+03 1.603191e+03 1.609651e+03 1.613672e+03
16.0 1.593227e+03 1.599741e+03 1.605763e+03 1.599249e+03
17.0 1.578187e+03 1.597397e+03 1.603398e+03 1.584189e+03
18.0 1.576968e+03 1.601263e+03 1.602270e+03 1.577975e+03
0.9 1.649206e+03 1.632839e+03 1.602964e+03 1.619331e+03
1.9 1.607502e+03 1.622768e+03 1.609160e+03 1.593894e+03
2.9 1.612931e+03 1.611493e+03 1.612806e+03 1.614244e+03
3.9 1.607212e+03 1.603191e+03 1.609651e+03 1.613672e+03
4.9 1.593227e+03 1.599741e+03 1.605763e+03 1.599249e+03
5.9 1.578187e+03 1.597397e+03 1.603398e+03 1.584189e+03
6.9 1.576968e+03 1.601263e+03 1.602270e+03 1.577975e+03
7.9 1.579734e+03 1.600704e+03 1.601936e+03 1.580966e+03
8.9 1.594319e+03 1.599592e+03 1.602027e+03 1.596753e+03
9.9 1.580187e+03 1.597701e+03 1.602281e+03 1.584767e+03
10.9 1.607513e+03 1.594668e+03 1.602536e+03 1.615380e+03
11.9 1.572940e+03 1.598283e+03 1.602729e+03 1.577386e+03
12.9 1.606008e+03 1.601392e+03 1.602851e+03 1.607466e+03
13.9 1.596059e+03 1.598020e+03 1.602928e+03 1.600967e+03
14.9 1.617697e+03 1.594012e+03 1.602981e+03 1.626666e+03
15.9 1.591577e+03 1.591831e+03 1.603023e+03 1.602769e+03
16.9 1.619984e+03 1.593810e+03 1.603062e+03 1.629236e+03
17.9 1.604531e+03 1.595999e+03 1.603102e+03 1.611633e+03
