0.4 8.634931e+03 8.891072e+03 8.887761e+03 8.631619e+03
1.4 8.832544e+03 9.031792e+03 8.892684e+03 8.693436e+03
2.4 8.835999e+03 8.888714e+03 8.910452e+03 8.857737e+03
3.4 8.718395e+03 8.888184e+03 8.915485e+03 8.745696e+03
4.4 8.712058e+03 8.780934e+03 8.905356e+03 8.836480e+03
5.4 8.700771e+03 8.774132e+03 8.894958e+03 8.821597e+03
6.4 8.761651e+03 8.791681e+03 8.889194e+03 8.859163e+03
7.4 8.697272e+03 8.899019e+03 8.886677e+03 8.684930e+03
8.4 9.080426e+03 8.985028e+03 8.886108e+03 8.981506e+03
9.4 9.170251e+03 8.908017e+03 8.886594e+03 9.148828e+03
10.4 9.148207e+03 9.043775e+03 8.887441e+03 8.991874e+03
11.4 9.116152e+03 9.060549e+03 8.888206e+03 8.943809e+03
12.4 9.137981e+03 9.105703e+03 8.888768e+03 8.921046e+03
13.4 8.979724e+03 8.926683e+03 8.889149e+03 8.942190e+03
14.4 8.821115e+03 8.917236e+03 8.889402e+03 8.793281e+03
15.4 9.106010e+03 8.932508e+03 8.889613e+03 9.063115e+03
16.4 9.110359e+03 8.967481e+03 8.894909e+03 9.037786e+03
17.4 9.144351e+03 8.945683e+03 8.914371e+03 9.113039e+03
0.5 9.106010e+03 8.932508e+03 8.889613e+03 9.063115e+03
1.5 9.110359e+03 8.967481e+03 8.894909e+03 9.037786e+03
2.5 9.144351e+03 8.945683e+03 8.914371e+03 9.113039e+03
3.5 9.132240e+03 8.999914e+03 8.922128e+03 9.054454e+03
4.5 9.098716e+03 8.921655e+03 8.911335e+03 9.088396e+03
5.5 8.997843e+03 8.943653e+03 8.898938e+03 8.953128e+03
6.5 9.025229e+03 9.011450e+03 8.891796e+03 8.905575e+03
7.5 9.011132e+03 9.002182e+03 8.891462e+03 8.900412e+03
8.5 8.904993e+03 8.941419e+03 8.903907e+03 8.867482e+03
9.5 8.870495e+03 8.954391e+03 8.907173e+03 8.823276e+03
10.5 8.756937e+03 8.921977e+03 8.900528e+03 8.735488e+03
11.5 9.033530e+03 8.973048e+03 8.894432e+03 8.954913e+03
12.5 9.180552e+03 8.957004e+03 8.891147e+03 9.114694e+03
13.5 8.893798e+03 8.824338e+03 8.889808e+03 8.959268e+03
14.5 8.714470e+03 8.786298e+03 8.889667e+03 8.817839e+03
15.5 8.797433e+03 8.806188e+03 8.890135e+03 8.881381e+03
16.5 8.803297e+03 8.844322e+03 8.890772e+03 8.849747e+03
17.5 9.111578e+03 8.890088e+03 8.891336e+03 9.112825e+03
0.3 9.025229e+03 9.011450e+03 8.891796e+03 8.905575e+03
1.3 9.011132e+03 9.002182e+03 8.891462e+03 8.900412e+03
2.3 8.904993e+03 8.941419e+03 8.903907e+03 8.867482e+03
3.3 8.870495e+03 8.954391e+03 8.907173e+03 8.823276e+03
4.3 8.756937e+03 8.921977e+03 8.900528e+03 8.735488e+03
5.3 9.033530e+03 8.973048e+03 8.894432e+03 8.954913e+03
6.3 9.180552e+03 8.957004e+03 8.891147e+03 9.114694e+03
7.3 8.893798e+03 8.824338e+03 8.889808e+03 8.959268e+03
8.3 8.714470e+03 8.786298e+03 8.889667e+03 8.817839e+03
9.3 8.797433e+03 8.806188e+03 8.890135e+03 8.881381e+03
10.3 8.803297e+03 8.844322e+03 8.890772e+03 8.849747e+03
11.3 9.111578e+03 8.890088e+03 8.891336e+03 9.112825e+03
12.3 9.179165e+03 9.035408e+03 8.891754e+03 9.035512e+03
13.3 8.720227e+03 8.675698e+03 8.892033e+03 8.936561e+03
14.3 8.760288e+03 8.878571e+03 8.892227e+03 8.773945e+03
15.3 8.825806e+03 8.923874e+03 8.892374e+03 8.794306e+03
16.3 8.556748e+03 8.822933e+03 8.892498e+03 8.626313e+03
17.3 8.456527e+03 8.777005e+03 8.892611e+03 8.572133e+03
0.7 8.920640e+03 8.900323e+03 8.893172e+03 8.913490e+03
1.7 9.079090e+03 8.916443e+03 8.901989e+03 9.064636e+03
2.7 8.795049e+03 8.960683e+03 8.921586e+03 8.755952e+03
3.7 9.028422e+03 8.966799e+03 8.922581e+03 8.984203e+03
4.7 8.688618e+03 8.778132e+03 8.910067e+03 8.820553e+03
5.7 8.710391e+03 8.810122e+03 8.898888e+03 8.799156e+03
6.7 8.905290e+03 8.855455e+03 8.892897e+03 8.942732e+03
7.7 8.697025e+03 8.844276e+03 8.890289e+03 8.743038e+03
8.7 8.772332e+03 8.796532e+03 8.889776e+03 8.865575e+03
9.7 8.988742e+03 8.867073e+03 8.890271e+03 9.011939e+03
10.7 8.778591e+03 8.855998e+03 8.891074e+03 8.813667e+03
11.7 8.836014e+03 8.727290e+03 8.891738e+03 9.000462e+03
12.7 8.574794e+03 8.767679e+03 8.892175e+03 8.699290e+03
13.7 9.180515e+03 9.176904e+03 8.892399e+03 8.896009e+03
14.7 8.880611e+03 8.856678e+03 8.892498e+03 8.916431e+03
15.7 9.100689e+03 9.057760e+03 8.892533e+03 8.935462e+03
16.7 9.030325e+03 8.967601e+03 8.892537e+03 8.955261e+03
17.7 9.062656e+03 9.056798e+03 8.892526e+03 8.898384e+03
0.4 9.065718e+03 8.919035e+03 8.892467e+03 9.039150e+03
1.4 8.970159e+03 8.884495e+03 8.896957e+03 8.982621e+03
2.4 8.991878e+03 8.932077e+03 8.913254e+03 8.973054e+03
3.4 8.963204e+03 8.940855e+03 8.916995e+03 8.939344e+03
4.4 8.973193e+03 8.933861e+03 8.907306e+03 8.946637e+03
5.4 8.954447e+03 8.979372e+03 8.898169e+03 8.873244e+03
6.4 8.958858e+03 8.962688e+03 8.892864e+03 8.889034e+03
7.4 9.013590e+03 8.969331e+03 8.890579e+03 8.934837e+03
8.4 8.892804e+03 8.816696e+03 8.889993e+03 8.966101e+03
9.4 8.755427e+03 8.574777e+03 8.890316e+03 9.070966e+03
10.4 8.806348e+03 8.838397e+03 8.890922e+03 8.858872e+03
11.4 8.814074e+03 8.905157e+03 8.891470e+03 8.800386e+03
12.4 8.592978e+03 8.895908e+03 8.891815e+03 8.588885e+03
13.4 8.993930e+03 9.024939e+03 8.891993e+03 8.860983e+03
14.4 9.024667e+03 9.016258e+03 8.892062e+03 8.900471e+03
15.4 8.915357e+03 8.992563e+03 8.892070e+03 8.814863e+03
16.4 8.793763e+03 8.933315e+03 8.892049e+03 8.752497e+03
17.4 8.884072e+03 8.946811e+03 8.892012e+03 8.829273e+03
0.5 8.899676e+03 8.929671e+03 8.890640e+03 8.860646e+03
1.5 8.904575e+03 8.926422e+03 8.895439e+03 8.873592e+03
2.5 8.903688e+03 8.924535e+03 8.907098e+03 8.886251e+03
3.5 8.970413e+03 8.925534e+03 8.906344e+03 8.951223e+03
4.5 8.978405e+03 8.913130e+03 8.898794e+03 8.964069e+03
5.5 9.100368e+03 9.002211e+03 8.893030e+03 8.991188e+03
6.5 8.937567e+03 8.957176e+03 8.889939e+03 8.870330e+03
7.5 8.982223e+03 8.987898e+03 8.888598e+03 8.882923e+03
8.5 8.931381e+03 8.991361e+03 8.891465e+03 8.831485e+03
9.5 8.899512e+03 8.927920e+03 8.907944e+03 8.879536e+03
10.5 8.848832e+03 8.893189e+03 8.914005e+03 8.869647e+03
11.5 8.942768e+03 8.921359e+03 8.905492e+03 8.926901e+03
12.5 8.886873e+03 8.882779e+03 8.895919e+03 8.900012e+03
13.5 8.989755e+03 8.854166e+03 8.890406e+03 9.025995e+03
14.5 9.019657e+03 8.839098e+03 8.887813e+03 9.068373e+03
15.5 8.961169e+03 8.918059e+03 8.887614e+03 8.930725e+03
16.5 9.060695e+03 8.918655e+03 8.898715e+03 9.040755e+03
17.5 8.879584e+03 8.960995e+03 8.912008e+03 8.830597e+03
0.3 8.982223e+03 8.987898e+03 8.888598e+03 8.882923e+03
1.3 8.931381e+03 8.991361e+03 8.891465e+03 8.831485e+03
2.3 8.899512e+03 8.927920e+03 8.907944e+03 8.879536e+03
3.3 8.848832e+03 8.893189e+03 8.914005e+03 8.869647e+03
4.3 8.942768e+03 8.921359e+03 8.905492e+03 8.926901e+03
5.3 8.886873e+03 8.882779e+03 8.895919e+03 8.900012e+03
6.3 8.989755e+03 8.854166e+03 8.890406e+03 9.025995e+03
7.3 9.019657e+03 8.839098e+03 8.887813e+03 9.068373e+03
8.3 8.961169e+03 8.918059e+03 8.887614e+03 8.930725e+03
9.3 9.060695e+03 8.918655e+03 8.898715e+03 9.040755e+03
10.3 8.879584e+03 8.960995e+03 8.912008e+03 8.830597e+03
11.3 8.916561e+03 8.955667e+03 8.907972e+03 8.868867e+03
12.3 8.948890e+03 8.931839e+03 8.898178e+03 8.915229e+03
13.3 8.762992e+03 8.873637e+03 8.891570e+03 8.780925e+03
14.3 8.956871e+03 8.831793e+03 8.888382e+03 9.013460e+03
15.3 8.937395e+03 8.857994e+03 8.895390e+03 8.974791e+03
16.3 8.938968e+03 8.796949e+03 8.909547e+03 9.051566e+03
17.3 9.076202e+03 8.948543e+03 8.908009e+03 9.035668e+03
0.9 8.961169e+03 8.918059e+03 8.887614e+03 8.930725e+03
1.9 9.060695e+03 8.918655e+03 8.898715e+03 9.040755e+03
2.9 8.879584e+03 8.960995e+03 8.912008e+03 8.830597e+03
3.9 8.916561e+03 8.955667e+03 8.907972e+03 8.868867e+03
4.9 8.948890e+03 8.931839e+03 8.898178e+03 8.915229e+03
5.9 8.762992e+03 8.873637e+03 8.891570e+03 8.780925e+03
6.9 8.956871e+03 8.831793e+03 8.888382e+03 9.013460e+03
7.9 8.937395e+03 8.857994e+03 8.895390e+03 8.974791e+03
8.9 8.938968e+03 8.796949e+03 8.909547e+03 9.051566e+03
9.9 9.076202e+03 8.948543e+03 8.908009e+03 9.035668e+03
10.9 8.983880e+03 9.066846e+03 8.898885e+03 8.815918e+03
11.9 8.990177e+03 8.962619e+03 8.891999e+03 8.919556e+03
12.9 8.818106e+03 8.973609e+03 8.888381e+03 8.732878e+03
13.9 8.946690e+03 8.842318e+03 8.887027e+03 8.991399e+03
14.9 8.827124e+03 8.742641e+03 8.886934e+03 8.971416e+03
15.9 8.805022e+03 8.751268e+03 8.887449e+03 8.941202e+03
16.9 8.883738e+03 8.955091e+03 8.888090e+03 8.816737e+03
17.9 8.860257e+03 8.917154e+03 8.891763e+03 8.834866e+03
0.7 8.956871e+03 8.831793e+03 8.888382e+03 9.013460e+03
1.7 8.937395e+03 8.857994e+03 8.895390e+03 8.974791e+03
2.7 8.938968e+03 8.796949e+03 8.909547e+03 9.051566e+03
3.7 9.076202e+03 8.948543e+03 8.908009e+03 9.035668e+03
4.7 8.983880e+03 9.066846e+03 8.898885e+03 8.815918e+03
5.7 8.990177e+03 8.962619e+03 8.891999e+03 8.919556e+03
6.7 8.818106e+03 8.973609e+03 8.888381e+03 8.732878e+03
7.7 8.946690e+03 8.842318e+03 8.887027e+03 8.991399e+03
8.7 8.827124e+03 8.742641e+03 8.886934e+03 8.971416e+03
9.7 8.805022e+03 8.751268e+03 8.887449e+03 8.941202e+03
10.7 8.883738e+03 8.955091e+03 8.888090e+03 8.816737e+03
11.7 8.860257e+03 8.917154e+03 8.891763e+03 8.834866e+03
12.7 8.884446e+03 8.914049e+03 8.909735e+03 8.880131e+03
13.7 8.799816e+03 8.742968e+03 8.920705e+03 8.977554e+03
14.7 8.853336e+03 8.920002e+03 8.911730e+03 8.845064e+03
15.7 8.787893e+03 8.874411e+03 8.899479e+03 8.812961e+03
16.7 8.862949e+03 8.823012e+03 8.892075e+03 8.932012e+03
17.7 8.736673e+03 8.858116e+03 8.898230e+03 8.776786e+03
0.3 8.883738e+03 8.955091e+03 8.888090e+03 8.816737e+03
1.3 8.860257e+03 8.917154e+03 8.891763e+03 8.834866e+03
2.3 8.884446e+03 8.914049e+03 8.909735e+03 8.880131e+03
3.3 8.799816e+03 8.742968e+03 8.920705e+03 8.977554e+03
4.3 8.853336e+03 8.920002e+03 8.911730e+03 8.845064e+03
5.3 8.787893e+03 8.874411e+03 8.899479e+03 8.812961e+03
6.3 8.862949e+03 8.823012e+03 8.892075e+03 8.932012e+03
7.3 8.736673e+03 8.858116e+03 8.898230e+03 8.776786e+03
8.3 8.795224e+03 8.916613e+03 8.906650e+03 8.785261e+03
9.3 8.928119e+03 8.908138e+03 8.902372e+03 8.922353e+03
10.3 8.830597e+03 8.839989e+03 8.895273e+03 8.885881e+03
11.3 8.809565e+03 8.857576e+03 8.890819e+03 8.842808e+03
12.3 9.099630e+03 8.925785e+03 8.888959e+03 9.062804e+03
13.3 8.560305e+03 8.918025e+03 8.888526e+03 8.530806e+03
14.3 8.931056e+03 8.984783e+03 8.888902e+03 8.835175e+03
15.3 9.111363e+03 8.942199e+03 8.889601e+03 9.058765e+03
16.3 8.955744e+03 8.922710e+03 8.890321e+03 8.923354e+03
17.3 8.840552e+03 8.740068e+03 8.890898e+03 8.991382e+03
0.8 8.862949e+03 8.823012e+03 8.892075e+03 8.932012e+03
1.8 8.736673e+03 8.858116e+03 8.898230e+03 8.776786e+03
2.8 8.795224e+03 8.916613e+03 8.906650e+03 8.785261e+03
3.8 8.928119e+03 8.908138e+03 8.902372e+03 8.922353e+03
4.8 8.830597e+03 8.839989e+03 8.895273e+03 8.885881e+03
5.8 8.809565e+03 8.857576e+03 8.890819e+03 8.842808e+03
6.8 9.099630e+03 8.925785e+03 8.888959e+03 9.062804e+03
7.8 8.560305e+03 8.918025e+03 8.888526e+03 8.530806e+03
8.8 8.931056e+03 8.984783e+03 8.888902e+03 8.835175e+03
9.8 9.111363e+03 8.942199e+03 8.889601e+03 9.058765e+03
10.8 8.955744e+03 8.922710e+03 8.890321e+03 8.923354e+03
11.8 8.840552e+03 8.740068e+03 8.890898e+03 8.991382e+03
12.8 8.915276e+03 8.899257e+03 8.891343e+03 8.907362e+03
13.8 8.808881e+03 8.888461e+03 8.891688e+03 8.812108e+03
14.8 8.947900e+03 8.937844e+03 8.891986e+03 8.902042e+03
15.8 8.910376e+03 8.942048e+03 8.892267e+03 8.860595e+03
