0.8 1.160879e+04 1.153422e+04 1.153627e+04 1.161085e+04
1.8 1.154437e+04 1.142984e+04 1.150998e+04 1.162451e+04
2.8 1.153668e+04 1.145609e+04 1.149310e+04 1.157370e+04
3.8 1.121883e+04 1.134010e+04 1.150643e+04 1.138516e+04
4.8 1.148985e+04 1.147497e+04 1.152354e+04 1.153842e+04
5.8 1.153948e+04 1.151868e+04 1.153417e+04 1.155497e+04
6.8 1.162627e+04 1.152861e+04 1.153893e+04 1.163659e+04
7.8 1.150507e+04 1.156318e+04 1.154035e+04 1.148224e+04
8.8 1.164023e+04 1.156936e+04 1.153985e+04 1.161072e+04
9.8 1.186962e+04 1.164408e+04 1.153864e+04 1.176417e+04
10.8 1.155082e+04 1.160813e+04 1.153740e+04 1.148009e+04
11.8 1.163159e+04 1.153830e+04 1.153649e+04 1.162979e+04
12.8 1.154082e+04 1.154042e+04 1.153589e+04 1.153629e+04
13.8 1.160366e+04 1.154619e+04 1.153552e+04 1.159298e+04
14.8 1.151065e+04 1.152861e+04 1.153527e+04 1.151731e+04
15.8 1.159375e+04 1.151745e+04 1.153507e+04 1.161138e+04
16.8 1.151162e+04 1.154352e+04 1.153491e+04 1.150302e+04
17.8 1.150599e+04 1.154994e+04 1.153477e+04 1.149081e+04
0.1 1.156710e+04 1.154679e+04 1.153391e+04 1.155422e+04
1.1 1.171434e+04 1.154864e+04 1.152821e+04 1.169391e+04
2.1 1.140756e+04 1.141265e+04 1.149811e+04 1.149302e+04
3.1 1.174759e+04 1.148247e+04 1.149147e+04 1.175659e+04
4.1 1.120308e+04 1.126206e+04 1.150834e+04 1.144936e+04
5.1 1.145767e+04 1.151615e+04 1.152440e+04 1.146592e+04
6.1 1.151722e+04 1.153632e+04 1.153311e+04 1.151401e+04
7.1 1.148205e+04 1.154522e+04 1.153697e+04 1.147380e+04
8.1 1.159561e+04 1.153624e+04 1.153793e+04 1.159729e+04
9.1 1.153801e+04 1.143098e+04 1.153732e+04 1.164435e+04
10.1 1.151046e+04 1.148869e+04 1.153620e+04 1.155798e+04
11.1 1.143874e+04 1.160969e+04 1.153524e+04 1.136429e+04
12.1 1.134942e+04 1.143694e+04 1.153459e+04 1.144707e+04
13.1 1.154165e+04 1.158016e+04 1.153422e+04 1.149571e+04
14.1 1.154683e+04 1.150193e+04 1.153404e+04 1.157894e+04
15.1 1.165799e+04 1.157241e+04 1.153395e+04 1.161953e+04
16.1 1.140010e+04 1.145633e+04 1.153391e+04 1.147768e+04
17.1 1.165270e+04 1.144710e+04 1.153390e+04 1.173949e+04
1.0 1.163632e+04 1.154374e+04 1.153516e+04 1.162773e+04
2.0 1.167096e+04 1.166357e+04 1.150644e+04 1.151384e+04
3.0 1.168310e+04 1.168852e+04 1.149431e+04 1.148889e+04
4.0 1.150062e+04 1.147904e+04 1.150995e+04 1.153153e+04
5.0 1.163056e+04 1.149908e+04 1.152677e+04 1.165825e+04
6.0 1.160561e+04 1.154577e+04 1.153674e+04 1.159659e+04
7.0 1.146264e+04 1.153524e+04 1.154150e+04 1.146890e+04
8.0 1.131428e+04 1.151266e+04 1.154294e+04 1.134457e+04
9.0 1.162720e+04 1.155011e+04 1.154142e+04 1.161851e+04
10.0 1.155948e+04 1.164949e+04 1.151566e+04 1.142565e+04
11.0 1.140772e+04 1.159023e+04 1.149638e+04 1.131386e+04
12.0 1.160768e+04 1.154931e+04 1.150850e+04 1.156687e+04
13.0 1.142782e+04 1.144796e+04 1.152578e+04 1.150563e+04
14.0 1.167163e+04 1.154650e+04 1.153689e+04 1.166202e+04
15.0 1.154615e+04 1.158918e+04 1.154210e+04 1.149907e+04
16.0 1.163225e+04 1.150822e+04 1.154391e+04 1.166794e+04
17.0 1.147153e+04 1.156991e+04 1.154378e+04 1.144540e+04
18.0 1.163392e+04 1.156239e+04 1.154285e+04 1.161439e+04
0.8 1.162720e+04 1.155011e+04 1.154142e+04 1.161851e+04
1.8 1.155948e+04 1.164949e+04 1.151566e+04 1.142565e+04
2.8 1.140772e+04 1.159023e+04 1.149638e+04 1.131386e+04
3.8 1.160768e+04 1.154931e+04 1.150850e+04 1.156687e+04
4.8 1.142782e+04 1.144796e+04 1.152578e+04 1.150563e+04
5.8 1.167163e+04 1.154650e+04 1.153689e+04 1.166202e+04
6.8 1.154615e+04 1.158918e+04 1.154210e+04 1.149907e+04
7.8 1.163225e+04 1.150822e+04 1.154391e+04 1.166794e+04
8.8 1.147153e+04 1.156991e+04 1.154378e+04 1.144540e+04
9.8 1.163392e+04 1.156239e+04 1.154285e+04 1.161439e+04
10.8 1.158882e+04 1.155521e+04 1.154187e+04 1.157548e+04
11.8 1.146978e+04 1.157064e+04 1.154120e+04 1.144034e+04
12.8 1.159379e+04 1.159331e+04 1.154084e+04 1.154131e+04
13.8 1.139146e+04 1.153952e+04 1.154068e+04 1.139261e+04
14.8 1.120189e+04 1.152833e+04 1.154063e+04 1.121419e+04
15.8 1.158994e+04 1.156613e+04 1.154064e+04 1.156445e+04
16.8 1.142801e+04 1.154755e+04 1.153790e+04 1.141837e+04
17.8 1.144134e+04 1.155949e+04 1.150981e+04 1.139165e+04
1.0 1.142801e+04 1.154755e+04 1.153790e+04 1.141837e+04
2.0 1.144134e+04 1.155949e+04 1.150981e+04 1.139165e+04
3.0 1.149042e+04 1.153562e+04 1.149677e+04 1.145157e+04
4.0 1.147988e+04 1.152983e+04 1.151179e+04 1.146184e+04
5.0 1.159428e+04 1.155452e+04 1.152892e+04 1.156867e+04
6.0 1.174433e+04 1.155929e+04 1.152947e+04 1.171450e+04
7.0 1.142357e+04 1.154882e+04 1.150396e+04 1.137871e+04
8.0 1.162623e+04 1.160740e+04 1.150392e+04 1.152274e+04
9.0 1.154968e+04 1.158089e+04 1.152124e+04 1.149003e+04
10.0 1.151688e+04 1.154192e+04 1.153510e+04 1.151005e+04
11.0 1.174682e+04 1.158916e+04 1.154184e+04 1.169950e+04
12.0 1.156373e+04 1.161052e+04 1.154437e+04 1.149758e+04
13.0 1.143095e+04 1.151909e+04 1.154450e+04 1.145636e+04
14.0 1.159059e+04 1.146472e+04 1.154345e+04 1.166933e+04
15.0 1.179239e+04 1.153525e+04 1.154210e+04 1.179925e+04
16.0 1.137425e+04 1.153243e+04 1.154100e+04 1.138282e+04
17.0 1.157306e+04 1.151007e+04 1.154022e+04 1.160321e+04
18.0 1.139156e+04 1.147160e+04 1.153971e+04 1.145967e+04
0.3 1.159428e+04 1.155452e+04 1.152892e+04 1.156867e+04
1.3 1.174433e+04 1.155929e+04 1.152947e+04 1.171450e+04
2.3 1.142357e+04 1.154882e+04 1.150396e+04 1.137871e+04
3.3 1.162623e+04 1.160740e+04 1.150392e+04 1.152274e+04
4.3 1.154968e+04 1.158089e+04 1.152124e+04 1.149003e+04
5.3 1.151688e+04 1.154192e+04 1.153510e+04 1.151005e+04
6.3 1.174682e+04 1.158916e+04 1.154184e+04 1.169950e+04
7.3 1.156373e+04 1.161052e+04 1.154437e+04 1.149758e+04
8.3 1.143095e+04 1.151909e+04 1.154450e+04 1.145636e+04
9.3 1.159059e+04 1.146472e+04 1.154345e+04 1.166933e+04
10.3 1.179239e+04 1.153525e+04 1.154210e+04 1.179925e+04
11.3 1.137425e+04 1.153243e+04 1.154100e+04 1.138282e+04
12.3 1.157306e+04 1.151007e+04 1.154022e+04 1.160321e+04
13.3 1.139156e+04 1.147160e+04 1.153971e+04 1.145967e+04
