0.8 1.022590e+04 9.943636e+03 9.885445e+03 1.016770e+04
1.8 1.000721e+04 9.852668e+03 9.918215e+03 1.007276e+04
2.8 1.001576e+04 9.969875e+03 9.982904e+03 1.002878e+04
3.8 1.007423e+04 1.000540e+04 9.985288e+03 1.005412e+04
4.8 1.000159e+04 9.964555e+03 9.941469e+03 9.978503e+03
5.8 9.883269e+03 9.916484e+03 9.904379e+03 9.871164e+03
6.8 9.975680e+03 9.946163e+03 9.883883e+03 9.913400e+03
7.8 1.033022e+04 9.931190e+03 9.875022e+03 1.027405e+04
8.8 9.792552e+03 9.947172e+03 9.873342e+03 9.718721e+03
9.8 1.027851e+04 9.963284e+03 9.875167e+03 1.019040e+04
10.8 1.015497e+04 9.870757e+03 9.877902e+03 1.016211e+04
11.8 9.982551e+03 9.931234e+03 9.880218e+03 9.931535e+03
12.8 9.846647e+03 9.867397e+03 9.881747e+03 9.860998e+03
13.8 9.587090e+03 9.822836e+03 9.882546e+03 9.646800e+03
14.8 9.848606e+03 9.929614e+03 9.882933e+03 9.801925e+03
15.8 9.900296e+03 9.882596e+03 9.883100e+03 9.900800e+03
16.8 9.871865e+03 9.867055e+03 9.883178e+03 9.887988e+03
17.8 9.629869e+03 9.807855e+03 9.883226e+03 9.705241e+03
18.8 9.738571e+03 9.812508e+03 9.883269e+03 9.809333e+03
0.7 9.937585e+03 9.784436e+03 9.883929e+03 1.003708e+04
1.7 9.898103e+03 9.911981e+03 9.909208e+03 9.895330e+03
2.7 1.025396e+04 1.005148e+04 9.974177e+03 1.017666e+04
3.7 9.861878e+03 1.003307e+04 9.989926e+03 9.818737e+03
4.7 1.005483e+04 9.979177e+03 9.949592e+03 1.002524e+04
5.7 9.796596e+03 9.956647e+03 9.909977e+03 9.749926e+03
6.7 1.031639e+04 9.983273e+03 9.886625e+03 1.021974e+04
7.7 9.897524e+03 9.930175e+03 9.876649e+03 9.843999e+03
8.7 9.939832e+03 9.800927e+03 9.874224e+03 1.001313e+04
9.7 1.014843e+04 9.835468e+03 9.875820e+03 1.018878e+04
10.7 1.001002e+04 9.868446e+03 9.878686e+03 1.002026e+04
11.7 1.028610e+04 9.877486e+03 9.881334e+03 1.028994e+04
12.7 9.776200e+03 9.791921e+03 9.883114e+03 9.867393e+03
13.7 9.739802e+03 9.891818e+03 9.884170e+03 9.732154e+03
14.7 9.718696e+03 9.920069e+03 9.884758e+03 9.683385e+03
15.7 9.747009e+03 9.933951e+03 9.885079e+03 9.698136e+03
16.7 9.732729e+03 9.934618e+03 9.885281e+03 9.683391e+03
17.7 9.940400e+03 9.914843e+03 9.885430e+03 9.910988e+03
18.7 1.010611e+04 9.950411e+03 9.885559e+03 1.004126e+04
0.4 9.922489e+03 9.984735e+03 9.886637e+03 9.824392e+03
1.4 9.666182e+03 9.811080e+03 9.899784e+03 9.754885e+03
2.4 9.835670e+03 9.922206e+03 9.960013e+03 9.873476e+03
3.4 9.942232e+03 9.978228e+03 9.996204e+03 9.960208e+03
4.4 1.004743e+04 9.954895e+03 9.965039e+03 1.005757e+04
5.4 9.856635e+03 9.904653e+03 9.921096e+03 9.873078e+03
6.4 9.956896e+03 9.909446e+03 9.893986e+03 9.941436e+03
7.4 9.702865e+03 9.914359e+03 9.881058e+03 9.669564e+03
8.4 9.529537e+03 9.912566e+03 9.876867e+03 9.493838e+03
9.4 1.004158e+04 9.907827e+03 9.877635e+03 1.001139e+04
10.4 1.003811e+04 1.000038e+04 9.880365e+03 9.918096e+03
11.4 9.974815e+03 9.934438e+03 9.883057e+03 9.923435e+03
12.4 1.007474e+04 9.935407e+03 9.885015e+03 1.002435e+04
13.4 9.685236e+03 9.845566e+03 9.886220e+03 9.725890e+03
14.4 9.906501e+03 9.813910e+03 9.886855e+03 9.979446e+03
15.4 9.807942e+03 9.705797e+03 9.887201e+03 9.989346e+03
16.4 9.734867e+03 9.797504e+03 9.887407e+03 9.824770e+03
17.4 9.753816e+03 9.809307e+03 9.887556e+03 9.832066e+03
18.4 9.508769e+03 9.771235e+03 9.887678e+03 9.625212e+03
