0.4 1.014592e+04 1.026196e+04 1.026376e+04 1.014772e+04
1.4 1.016760e+04 1.021886e+04 1.028880e+04 1.023754e+04
2.4 1.016097e+04 1.040392e+04 1.037919e+04 1.013624e+04
3.4 1.035331e+04 1.042152e+04 1.040479e+04 1.033658e+04
4.4 1.026939e+04 1.028757e+04 1.035327e+04 1.033509e+04
5.4 1.012869e+04 1.022344e+04 1.030037e+04 1.020562e+04
6.4 1.024499e+04 1.009835e+04 1.027105e+04 1.041769e+04
7.4 1.019946e+04 1.016863e+04 1.025825e+04 1.028908e+04
8.4 1.023938e+04 1.017480e+04 1.025535e+04 1.031993e+04
9.4 1.032992e+04 1.027412e+04 1.025782e+04 1.031363e+04
10.4 1.027146e+04 1.032175e+04 1.026213e+04 1.021185e+04
11.4 1.016067e+04 1.031942e+04 1.026602e+04 1.010727e+04
12.4 1.030832e+04 1.040078e+04 1.026888e+04 1.017643e+04
13.4 1.096270e+04 1.048791e+04 1.027082e+04 1.074561e+04
14.4 1.024279e+04 1.033072e+04 1.027211e+04 1.018417e+04
15.4 1.011978e+04 1.027095e+04 1.027318e+04 1.012201e+04
16.4 1.017272e+04 1.026202e+04 1.030012e+04 1.021082e+04
17.4 1.027321e+04 1.035420e+04 1.039912e+04 1.031813e+04
0.5 1.011978e+04 1.027095e+04 1.027318e+04 1.012201e+04
1.5 1.017272e+04 1.026202e+04 1.030012e+04 1.021082e+04
2.5 1.027321e+04 1.035420e+04 1.039912e+04 1.031813e+04
3.5 1.046611e+04 1.035120e+04 1.043858e+04 1.055349e+04
4.5 1.036265e+04 1.037295e+04 1.038368e+04 1.037338e+04
5.5 1.023088e+04 1.029534e+04 1.032062e+04 1.025616e+04
6.5 1.035632e+04 1.025562e+04 1.028429e+04 1.038498e+04
7.5 1.020155e+04 1.026120e+04 1.028259e+04 1.022294e+04
8.5 1.028577e+04 1.036034e+04 1.034590e+04 1.027132e+04
9.5 1.035083e+04 1.033811e+04 1.036251e+04 1.037523e+04
10.5 1.055989e+04 1.036955e+04 1.032870e+04 1.051904e+04
11.5 1.028708e+04 1.031727e+04 1.029769e+04 1.026751e+04
12.5 1.033091e+04 1.025323e+04 1.028098e+04 1.035867e+04
13.5 1.046916e+04 1.045057e+04 1.027417e+04 1.029277e+04
14.5 1.029419e+04 1.043816e+04 1.027346e+04 1.012948e+04
15.5 1.022637e+04 1.025872e+04 1.027584e+04 1.024349e+04
16.5 9.965818e+03 1.022684e+04 1.027908e+04 1.001806e+04
17.5 1.018704e+04 1.026779e+04 1.028194e+04 1.020119e+04
0.3 1.035632e+04 1.025562e+04 1.028429e+04 1.038498e+04
1.3 1.020155e+04 1.026120e+04 1.028259e+04 1.022294e+04
2.3 1.028577e+04 1.036034e+04 1.034590e+04 1.027132e+04
3.3 1.035083e+04 1.033811e+04 1.036251e+04 1.037523e+04
4.3 1.055989e+04 1.036955e+04 1.032870e+04 1.051904e+04
5.3 1.028708e+04 1.031727e+04 1.029769e+04 1.026751e+04
6.3 1.033091e+04 1.025323e+04 1.028098e+04 1.035867e+04
7.3 1.046916e+04 1.045057e+04 1.027417e+04 1.029277e+04
8.3 1.029419e+04 1.043816e+04 1.027346e+04 1.012948e+04
9.3 1.022637e+04 1.025872e+04 1.027584e+04 1.024349e+04
10.3 9.965818e+03 1.022684e+04 1.027908e+04 1.001806e+04
11.3 1.018704e+04 1.026779e+04 1.028194e+04 1.020119e+04
12.3 1.037674e+04 1.038249e+04 1.028407e+04 1.027833e+04
13.3 9.896587e+03 1.027791e+04 1.028549e+04 9.904163e+03
14.3 1.024950e+04 1.029319e+04 1.028648e+04 1.024279e+04
15.3 1.033150e+04 1.031858e+04 1.028723e+04 1.030014e+04
16.3 1.015551e+04 1.034526e+04 1.028786e+04 1.009810e+04
17.3 1.049286e+04 1.034224e+04 1.028843e+04 1.043905e+04
0.7 9.872556e+03 1.022874e+04 1.029129e+04 9.935105e+03
1.7 9.725439e+03 1.023584e+04 1.033614e+04 9.825738e+03
2.7 1.043630e+04 1.038865e+04 1.043583e+04 1.048347e+04
3.7 1.054960e+04 1.038921e+04 1.044089e+04 1.060128e+04
4.7 1.039282e+04 1.025920e+04 1.037723e+04 1.051086e+04
5.7 1.011740e+04 1.022431e+04 1.032036e+04 1.021346e+04
6.7 1.005838e+04 1.002072e+04 1.028989e+04 1.032754e+04
7.7 1.046052e+04 1.030124e+04 1.027662e+04 1.043590e+04
8.7 1.057537e+04 1.039140e+04 1.027401e+04 1.045797e+04
9.7 1.052053e+04 1.049426e+04 1.027653e+04 1.030281e+04
10.7 1.027860e+04 1.032708e+04 1.028061e+04 1.023213e+04
11.7 1.033041e+04 1.012874e+04 1.028399e+04 1.048566e+04
12.7 1.033839e+04 1.032781e+04 1.028621e+04 1.029678e+04
13.7 1.020462e+04 1.028602e+04 1.028735e+04 1.020594e+04
14.7 1.095285e+04 1.049840e+04 1.028786e+04 1.074231e+04
15.7 1.018785e+04 1.003816e+04 1.028804e+04 1.043773e+04
16.7 1.040103e+04 1.037119e+04 1.028806e+04 1.031790e+04
17.7 1.028940e+04 1.031077e+04 1.028800e+04 1.026663e+04
0.4 1.027072e+04 1.032687e+04 1.028770e+04 1.023155e+04
1.4 1.002942e+04 1.028732e+04 1.031054e+04 1.005263e+04
2.4 1.083020e+04 1.036877e+04 1.039344e+04 1.085487e+04
3.4 1.048528e+04 1.035966e+04 1.041247e+04 1.053809e+04
4.4 1.022909e+04 1.030991e+04 1.036318e+04 1.028236e+04
5.4 1.020979e+04 1.027430e+04 1.031670e+04 1.025219e+04
6.4 1.017112e+04 1.027700e+04 1.028972e+04 1.018383e+04
7.4 1.015400e+04 1.024054e+04 1.027809e+04 1.019155e+04
8.4 1.026690e+04 1.027287e+04 1.027511e+04 1.026914e+04
9.4 1.002840e+04 1.030728e+04 1.027676e+04 9.997886e+03
10.4 1.011491e+04 1.027768e+04 1.027984e+04 1.011707e+04
11.4 1.020800e+04 1.021081e+04 1.028263e+04 1.027981e+04
12.4 1.021574e+04 1.042294e+04 1.028438e+04 1.007718e+04
13.4 1.015960e+04 1.020266e+04 1.028529e+04 1.024222e+04
14.4 1.049290e+04 1.040194e+04 1.028564e+04 1.037660e+04
15.4 1.019151e+04 1.029634e+04 1.028568e+04 1.018085e+04
16.4 1.025898e+04 1.027516e+04 1.028557e+04 1.026938e+04
17.4 1.023728e+04 1.024453e+04 1.028539e+04 1.027814e+04
0.5 1.049733e+04 1.028094e+04 1.027841e+04 1.049480e+04
1.5 1.004355e+04 1.027763e+04 1.030282e+04 1.006875e+04
2.5 1.057851e+04 1.031870e+04 1.036213e+04 1.062194e+04
3.5 1.034315e+04 1.032515e+04 1.035829e+04 1.037630e+04
4.5 1.009030e+04 1.031931e+04 1.031989e+04 1.009087e+04
5.5 1.026067e+04 1.026857e+04 1.029057e+04 1.028267e+04
6.5 1.026526e+04 1.035897e+04 1.027484e+04 1.018112e+04
7.5 1.050623e+04 1.029405e+04 1.026802e+04 1.048019e+04
8.5 1.021984e+04 1.028601e+04 1.028260e+04 1.021643e+04
9.5 1.034410e+04 1.038467e+04 1.036643e+04 1.032586e+04
10.5 1.021039e+04 1.043604e+04 1.039726e+04 1.017161e+04
11.5 1.016525e+04 1.034405e+04 1.035396e+04 1.017516e+04
12.5 1.048996e+04 1.037490e+04 1.030526e+04 1.042031e+04
13.5 1.068624e+04 1.036246e+04 1.027722e+04 1.060099e+04
14.5 1.020471e+04 1.019074e+04 1.026402e+04 1.027799e+04
15.5 1.022475e+04 1.019047e+04 1.026301e+04 1.029730e+04
16.5 1.004736e+04 1.031311e+04 1.031948e+04 1.005373e+04
17.5 1.052774e+04 1.036306e+04 1.038710e+04 1.055179e+04
0.3 1.050623e+04 1.029405e+04 1.026802e+04 1.048019e+04
1.3 1.021984e+04 1.028601e+04 1.028260e+04 1.021643e+04
2.3 1.034410e+04 1.038467e+04 1.036643e+04 1.032586e+04
3.3 1.021039e+04 1.043604e+04 1.039726e+04 1.017161e+04
4.3 1.016525e+04 1.034405e+04 1.035396e+04 1.017516e+04
5.3 1.048996e+04 1.037490e+04 1.030526e+04 1.042031e+04
6.3 1.068624e+04 1.036246e+04 1.027722e+04 1.060099e+04
7.3 1.020471e+04 1.019074e+04 1.026402e+04 1.027799e+04
8.3 1.022475e+04 1.019047e+04 1.026301e+04 1.029730e+04
9.3 1.004736e+04 1.031311e+04 1.031948e+04 1.005373e+04
10.3 1.052774e+04 1.036306e+04 1.038710e+04 1.055179e+04
11.3 1.018007e+04 1.031775e+04 1.036657e+04 1.022889e+04
12.3 1.050158e+04 1.031348e+04 1.031675e+04 1.050485e+04
13.3 1.031733e+04 1.035241e+04 1.028314e+04 1.024805e+04
14.3 1.023069e+04 1.027622e+04 1.026692e+04 1.022138e+04
15.3 1.029101e+04 1.028467e+04 1.030257e+04 1.030890e+04
16.3 1.038748e+04 1.035044e+04 1.037459e+04 1.041162e+04
17.3 1.039547e+04 1.035154e+04 1.036676e+04 1.041069e+04
0.9 1.022475e+04 1.019047e+04 1.026301e+04 1.029730e+04
1.9 1.004736e+04 1.031311e+04 1.031948e+04 1.005373e+04
2.9 1.052774e+04 1.036306e+04 1.038710e+04 1.055179e+04
3.9 1.018007e+04 1.031775e+04 1.036657e+04 1.022889e+04
4.9 1.050158e+04 1.031348e+04 1.031675e+04 1.050485e+04
5.9 1.031733e+04 1.035241e+04 1.028314e+04 1.024805e+04
6.9 1.023069e+04 1.027622e+04 1.026692e+04 1.022138e+04
7.9 1.029101e+04 1.028467e+04 1.030257e+04 1.030890e+04
8.9 1.038748e+04 1.035044e+04 1.037459e+04 1.041162e+04
9.9 1.039547e+04 1.035154e+04 1.036676e+04 1.041069e+04
10.9 1.010512e+04 1.025108e+04 1.032035e+04 1.017438e+04
11.9 1.038686e+04 1.037152e+04 1.028532e+04 1.030065e+04
12.9 1.026885e+04 1.025560e+04 1.026691e+04 1.028017e+04
13.9 1.026306e+04 1.021962e+04 1.026003e+04 1.030347e+04
14.9 1.010053e+04 1.014745e+04 1.025955e+04 1.021263e+04
15.9 1.016496e+04 1.004902e+04 1.026217e+04 1.037810e+04
16.9 1.030858e+04 1.025582e+04 1.026544e+04 1.031820e+04
17.9 1.008867e+04 1.027739e+04 1.028412e+04 1.009541e+04
0.7 1.023069e+04 1.027622e+04 1.026692e+04 1.022138e+04
1.7 1.029101e+04 1.028467e+04 1.030257e+04 1.030890e+04
2.7 1.038748e+04 1.035044e+04 1.037459e+04 1.041162e+04
3.7 1.039547e+04 1.035154e+04 1.036676e+04 1.041069e+04
4.7 1.010512e+04 1.025108e+04 1.032035e+04 1.017438e+04
5.7 1.038686e+04 1.037152e+04 1.028532e+04 1.030065e+04
6.7 1.026885e+04 1.025560e+04 1.026691e+04 1.028017e+04
7.7 1.026306e+04 1.021962e+04 1.026003e+04 1.030347e+04
8.7 1.010053e+04 1.014745e+04 1.025955e+04 1.021263e+04
9.7 1.016496e+04 1.004902e+04 1.026217e+04 1.037810e+04
10.7 1.030858e+04 1.025582e+04 1.026544e+04 1.031820e+04
11.7 1.008867e+04 1.027739e+04 1.028412e+04 1.009541e+04
12.7 1.026322e+04 1.032952e+04 1.037554e+04 1.030923e+04
13.7 1.052568e+04 1.048684e+04 1.043135e+04 1.047019e+04
14.7 1.045628e+04 1.036652e+04 1.038569e+04 1.047544e+04
15.7 1.012449e+04 1.029535e+04 1.032337e+04 1.015251e+04
16.7 1.023800e+04 1.023698e+04 1.028571e+04 1.028673e+04
17.7 1.017401e+04 1.026947e+04 1.031701e+04 1.022155e+04
0.3 1.030858e+04 1.025582e+04 1.026544e+04 1.031820e+04
1.3 1.008867e+04 1.027739e+04 1.028412e+04 1.009541e+04
2.3 1.026322e+04 1.032952e+04 1.037554e+04 1.030923e+04
3.3 1.052568e+04 1.048684e+04 1.043135e+04 1.047019e+04
4.3 1.045628e+04 1.036652e+04 1.038569e+04 1.047544e+04
5.3 1.012449e+04 1.029535e+04 1.032337e+04 1.015251e+04
6.3 1.023800e+04 1.023698e+04 1.028571e+04 1.028673e+04
7.3 1.017401e+04 1.026947e+04 1.031701e+04 1.022155e+04
8.3 1.047396e+04 1.032996e+04 1.035985e+04 1.050384e+04
9.3 1.008017e+04 1.031122e+04 1.033809e+04 1.010703e+04
10.3 9.951124e+03 1.025705e+04 1.030197e+04 9.996052e+03
11.3 1.016580e+04 1.028046e+04 1.027932e+04 1.016466e+04
12.3 1.039704e+04 1.029133e+04 1.026985e+04 1.037557e+04
13.3 1.035890e+04 1.029921e+04 1.026765e+04 1.032735e+04
14.3 1.105062e+04 1.035186e+04 1.026957e+04 1.096832e+04
15.3 1.019738e+04 1.045378e+04 1.027312e+04 1.001672e+04
16.3 1.025514e+04 1.027521e+04 1.027678e+04 1.025671e+04
17.3 1.032628e+04 1.033831e+04 1.027972e+04 1.026768e+04
0.8 1.023800e+04 1.023698e+04 1.028571e+04 1.028673e+04
1.8 1.017401e+04 1.026947e+04 1.031701e+04 1.022155e+04
2.8 1.047396e+04 1.032996e+04 1.035985e+04 1.050384e+04
3.8 1.008017e+04 1.031122e+04 1.033809e+04 1.010703e+04
4.8 9.951124e+03 1.025705e+04 1.030197e+04 9.996052e+03
5.8 1.016580e+04 1.028046e+04 1.027932e+04 1.016466e+04
6.8 1.039704e+04 1.029133e+04 1.026985e+04 1.037557e+04
7.8 1.035890e+04 1.029921e+04 1.026765e+04 1.032735e+04
8.8 1.105062e+04 1.035186e+04 1.026957e+04 1.096832e+04
9.8 1.019738e+04 1.045378e+04 1.027312e+04 1.001672e+04
10.8 1.025514e+04 1.027521e+04 1.027678e+04 1.025671e+04
11.8 1.032628e+04 1.033831e+04 1.027972e+04 1.026768e+04
12.8 1.037558e+04 1.031960e+04 1.028198e+04 1.033795e+04
13.8 1.033827e+04 1.026752e+04 1.028374e+04 1.035449e+04
14.8 1.018763e+04 1.035856e+04 1.028525e+04 1.011431e+04
15.8 1.026409e+04 1.041878e+04 1.028668e+04 1.013199e+04
