0.8 1.326743e+04 1.328281e+04 1.334331e+04 1.332792e+04
1.8 1.347499e+04 1.336601e+04 1.336719e+04 1.347617e+04
2.8 1.341138e+04 1.340818e+04 1.338252e+04 1.338572e+04
3.8 1.347888e+04 1.343917e+04 1.337041e+04 1.341012e+04
4.8 1.356108e+04 1.341640e+04 1.335487e+04 1.349955e+04
5.8 1.329267e+04 1.339668e+04 1.334522e+04 1.324121e+04
6.8 1.325282e+04 1.334513e+04 1.334089e+04 1.324859e+04
7.8 1.326276e+04 1.322867e+04 1.333960e+04 1.337369e+04
8.8 1.306624e+04 1.322970e+04 1.334005e+04 1.317659e+04
9.8 1.318173e+04 1.329657e+04 1.334116e+04 1.322632e+04
10.8 1.324494e+04 1.340127e+04 1.334228e+04 1.318595e+04
11.8 1.331298e+04 1.344335e+04 1.334310e+04 1.321274e+04
12.8 1.336400e+04 1.343446e+04 1.334365e+04 1.327320e+04
13.8 1.353535e+04 1.340129e+04 1.334399e+04 1.347805e+04
14.8 1.314986e+04 1.326098e+04 1.334422e+04 1.323309e+04
15.8 1.309936e+04 1.318535e+04 1.334439e+04 1.325840e+04
16.8 1.315645e+04 1.331059e+04 1.334454e+04 1.319040e+04
17.8 1.310986e+04 1.333361e+04 1.334467e+04 1.312092e+04
0.1 1.344921e+04 1.326411e+04 1.334545e+04 1.353055e+04
1.1 1.319429e+04 1.324803e+04 1.335063e+04 1.329689e+04
2.1 1.348657e+04 1.339065e+04 1.337797e+04 1.347389e+04
3.1 1.348627e+04 1.341935e+04 1.338400e+04 1.345092e+04
4.1 1.340933e+04 1.345026e+04 1.336867e+04 1.332774e+04
5.1 1.340249e+04 1.338706e+04 1.335409e+04 1.336952e+04
6.1 1.327414e+04 1.333972e+04 1.334617e+04 1.328060e+04
7.1 1.331707e+04 1.327190e+04 1.334267e+04 1.338784e+04
8.1 1.310679e+04 1.309239e+04 1.334180e+04 1.335620e+04
9.1 1.333698e+04 1.342121e+04 1.334235e+04 1.325812e+04
10.1 1.322943e+04 1.313336e+04 1.334337e+04 1.343944e+04
11.1 1.334435e+04 1.326220e+04 1.334425e+04 1.342640e+04
12.1 1.353508e+04 1.344901e+04 1.334484e+04 1.343091e+04
13.1 1.311521e+04 1.318362e+04 1.334517e+04 1.327676e+04
14.1 1.334690e+04 1.339376e+04 1.334533e+04 1.329848e+04
15.1 1.322981e+04 1.326727e+04 1.334541e+04 1.330795e+04
16.1 1.345477e+04 1.337082e+04 1.334545e+04 1.342939e+04
17.1 1.349737e+04 1.348812e+04 1.334546e+04 1.335471e+04
1.0 1.334726e+04 1.328611e+04 1.334431e+04 1.340547e+04
2.0 1.337656e+04 1.336535e+04 1.337040e+04 1.338162e+04
3.0 1.348604e+04 1.341084e+04 1.338142e+04 1.345663e+04
4.0 1.331804e+04 1.343398e+04 1.336722e+04 1.325127e+04
5.0 1.348793e+04 1.341344e+04 1.335194e+04 1.342643e+04
6.0 1.344188e+04 1.334723e+04 1.334288e+04 1.343754e+04
7.0 1.321902e+04 1.325433e+04 1.333856e+04 1.330325e+04
8.0 1.306298e+04 1.324487e+04 1.333724e+04 1.315536e+04
9.0 1.327665e+04 1.334584e+04 1.333863e+04 1.326944e+04
10.0 1.343072e+04 1.338517e+04 1.336203e+04 1.340757e+04
11.0 1.325501e+04 1.342772e+04 1.337954e+04 1.320683e+04
12.0 1.338347e+04 1.338343e+04 1.336853e+04 1.336857e+04
13.0 1.335087e+04 1.338037e+04 1.335284e+04 1.332334e+04
14.0 1.344139e+04 1.328434e+04 1.334274e+04 1.349980e+04
15.0 1.346265e+04 1.326003e+04 1.333801e+04 1.354063e+04
16.0 1.341527e+04 1.332773e+04 1.333636e+04 1.342390e+04
17.0 1.317743e+04 1.334788e+04 1.333649e+04 1.316604e+04
18.0 1.336967e+04 1.331896e+04 1.333733e+04 1.338804e+04
0.8 1.327665e+04 1.334584e+04 1.333863e+04 1.326944e+04
1.8 1.343072e+04 1.338517e+04 1.336203e+04 1.340757e+04
2.8 1.325501e+04 1.342772e+04 1.337954e+04 1.320683e+04
3.8 1.338347e+04 1.338343e+04 1.336853e+04 1.336857e+04
4.8 1.335087e+04 1.338037e+04 1.335284e+04 1.332334e+04
5.8 1.344139e+04 1.328434e+04 1.334274e+04 1.349980e+04
6.8 1.346265e+04 1.326003e+04 1.333801e+04 1.354063e+04
7.8 1.341527e+04 1.332773e+04 1.333636e+04 1.342390e+04
8.8 1.317743e+04 1.334788e+04 1.333649e+04 1.316604e+04
9.8 1.336967e+04 1.331896e+04 1.333733e+04 1.338804e+04
10.8 1.307218e+04 1.325617e+04 1.333822e+04 1.315423e+04
11.8 1.326669e+04 1.323502e+04 1.333883e+04 1.337050e+04
12.8 1.329501e+04 1.328462e+04 1.333916e+04 1.334955e+04
13.8 1.332355e+04 1.336186e+04 1.333930e+04 1.330099e+04
14.8 1.323548e+04 1.330788e+04 1.333934e+04 1.326694e+04
15.8 1.330885e+04 1.339262e+04 1.333934e+04 1.325557e+04
16.8 1.329287e+04 1.331712e+04 1.334183e+04 1.331757e+04
17.8 1.323846e+04 1.336694e+04 1.336734e+04 1.323887e+04
1.0 1.329287e+04 1.331712e+04 1.334183e+04 1.331757e+04
2.0 1.323846e+04 1.336694e+04 1.336734e+04 1.323887e+04
3.0 1.346152e+04 1.341918e+04 1.337919e+04 1.342153e+04
4.0 1.339640e+04 1.337508e+04 1.336555e+04 1.338687e+04
5.0 1.338141e+04 1.330647e+04 1.334998e+04 1.342493e+04
6.0 1.330044e+04 1.332804e+04 1.334948e+04 1.332189e+04
7.0 1.335692e+04 1.339159e+04 1.337265e+04 1.333798e+04
8.0 1.323523e+04 1.339376e+04 1.337270e+04 1.321417e+04
9.0 1.323490e+04 1.331192e+04 1.335696e+04 1.327994e+04
10.0 1.358121e+04 1.327636e+04 1.334437e+04 1.364923e+04
11.0 1.334795e+04 1.332585e+04 1.333825e+04 1.336035e+04
12.0 1.332505e+04 1.338958e+04 1.333595e+04 1.327142e+04
13.0 1.338033e+04 1.338726e+04 1.333583e+04 1.332890e+04
14.0 1.329781e+04 1.330800e+04 1.333678e+04 1.332659e+04
15.0 1.319276e+04 1.326354e+04 1.333801e+04 1.326722e+04
16.0 1.335062e+04 1.331730e+04 1.333901e+04 1.337233e+04
17.0 1.337349e+04 1.342302e+04 1.333971e+04 1.329018e+04
18.0 1.342515e+04 1.348143e+04 1.334019e+04 1.328391e+04
0.3 1.338141e+04 1.330647e+04 1.334998e+04 1.342493e+04
1.3 1.330044e+04 1.332804e+04 1.334948e+04 1.332189e+04
2.3 1.335692e+04 1.339159e+04 1.337265e+04 1.333798e+04
3.3 1.323523e+04 1.339376e+04 1.337270e+04 1.321417e+04
4.3 1.323490e+04 1.331192e+04 1.335696e+04 1.327994e+04
5.3 1.358121e+04 1.327636e+04 1.334437e+04 1.364923e+04
6.3 1.334795e+04 1.332585e+04 1.333825e+04 1.336035e+04
7.3 1.332505e+04 1.338958e+04 1.333595e+04 1.327142e+04
8.3 1.338033e+04 1.338726e+04 1.333583e+04 1.332890e+04
9.3 1.329781e+04 1.330800e+04 1.333678e+04 1.332659e+04
10.3 1.319276e+04 1.326354e+04 1.333801e+04 1.326722e+04
11.3 1.335062e+04 1.331730e+04 1.333901e+04 1.337233e+04
12.3 1.337349e+04 1.342302e+04 1.333971e+04 1.329018e+04
13.3 1.342515e+04 1.348143e+04 1.334019e+04 1.328391e+04
