1.0 1.022182e+04 1.029062e+04 1.028906e+04 1.022026e+04
2.0 1.038007e+04 1.025711e+04 1.025025e+04 1.037322e+04
3.0 1.028106e+04 1.026368e+04 1.023519e+04 1.025258e+04
4.0 1.027849e+04 1.031716e+04 1.025561e+04 1.021693e+04
5.0 1.046560e+04 1.035393e+04 1.027823e+04 1.038990e+04
6.0 1.023931e+04 1.028311e+04 1.029110e+04 1.024730e+04
7.0 1.036990e+04 1.033979e+04 1.029712e+04 1.032723e+04
8.0 1.020448e+04 1.029515e+04 1.029880e+04 1.020813e+04
9.0 1.004910e+04 1.023466e+04 1.029823e+04 1.011267e+04
10.0 1.001877e+04 1.022241e+04 1.029680e+04 1.009315e+04
11.0 1.030719e+04 1.023743e+04 1.029548e+04 1.036525e+04
12.0 1.003071e+04 1.016710e+04 1.029455e+04 1.015816e+04
13.0 1.011885e+04 1.021273e+04 1.029404e+04 1.020016e+04
14.0 1.002097e+04 1.022072e+04 1.029378e+04 1.009403e+04
15.0 1.018825e+04 1.025113e+04 1.029365e+04 1.023077e+04
16.0 1.032193e+04 1.024978e+04 1.029359e+04 1.036574e+04
17.0 1.032109e+04 1.026947e+04 1.029355e+04 1.034517e+04
18.0 1.008179e+04 1.024905e+04 1.029352e+04 1.012626e+04
0.8 1.040620e+04 1.026060e+04 1.029183e+04 1.043743e+04
1.8 1.045630e+04 1.027598e+04 1.025881e+04 1.043913e+04
2.8 1.032772e+04 1.011851e+04 1.023434e+04 1.044354e+04
3.8 1.059282e+04 1.032383e+04 1.025115e+04 1.052013e+04
4.8 1.026484e+04 1.022559e+04 1.027440e+04 1.031365e+04
5.8 1.020886e+04 1.024717e+04 1.028921e+04 1.025090e+04
6.8 1.034979e+04 1.028264e+04 1.029603e+04 1.036318e+04
7.8 1.036014e+04 1.030913e+04 1.029830e+04 1.034931e+04
8.8 1.018492e+04 1.030383e+04 1.029793e+04 1.017902e+04
9.8 1.028903e+04 1.030409e+04 1.029652e+04 1.028146e+04
10.8 1.044027e+04 1.032969e+04 1.029505e+04 1.040563e+04
11.8 1.030484e+04 1.037108e+04 1.029400e+04 1.022776e+04
12.8 1.055416e+04 1.038109e+04 1.029334e+04 1.046641e+04
13.8 1.050649e+04 1.029437e+04 1.029300e+04 1.050512e+04
14.8 1.045220e+04 1.038924e+04 1.029281e+04 1.035577e+04
15.8 1.021568e+04 1.030803e+04 1.029270e+04 1.020035e+04
16.8 1.007824e+04 1.024500e+04 1.029263e+04 1.012587e+04
17.8 1.021732e+04 1.034892e+04 1.029257e+04 1.016097e+04
0.8 1.034761e+04 1.029985e+04 1.029039e+04 1.033815e+04
1.8 1.020872e+04 1.024478e+04 1.025742e+04 1.022136e+04
2.8 1.004264e+04 1.021142e+04 1.023298e+04 1.006421e+04
3.8 1.018926e+04 1.030647e+04 1.024986e+04 1.013266e+04
4.8 1.036218e+04 1.028267e+04 1.027318e+04 1.035269e+04
5.8 1.028752e+04 1.032362e+04 1.028804e+04 1.025194e+04
6.8 1.016859e+04 1.032216e+04 1.029492e+04 1.014135e+04
7.8 1.029512e+04 1.031888e+04 1.029723e+04 1.027348e+04
8.8 1.033959e+04 1.029042e+04 1.029695e+04 1.034612e+04
9.8 1.054009e+04 1.048158e+04 1.029561e+04 1.035412e+04
10.8 1.016071e+04 1.032963e+04 1.029421e+04 1.012529e+04
11.8 1.035614e+04 1.030322e+04 1.029324e+04 1.034616e+04
12.8 1.039513e+04 1.035694e+04 1.029268e+04 1.033087e+04
13.8 1.017457e+04 1.028521e+04 1.029240e+04 1.018176e+04
14.8 1.021232e+04 1.022218e+04 1.029229e+04 1.028244e+04
15.8 1.023142e+04 1.026968e+04 1.029226e+04 1.025400e+04
16.8 1.034879e+04 1.032869e+04 1.029227e+04 1.031237e+04
17.8 1.023088e+04 1.030731e+04 1.029229e+04 1.021586e+04
1.0 1.013982e+04 1.024331e+04 1.028923e+04 1.018573e+04
2.0 1.023493e+04 1.024931e+04 1.025045e+04 1.023608e+04
3.0 1.005433e+04 1.020711e+04 1.023682e+04 1.008405e+04
4.0 1.028392e+04 1.030376e+04 1.025800e+04 1.023817e+04
5.0 1.026363e+04 1.031701e+04 1.028022e+04 1.022685e+04
6.0 1.014947e+04 1.028034e+04 1.029266e+04 1.016178e+04
7.0 1.038920e+04 1.014418e+04 1.029833e+04 1.054335e+04
8.0 1.043941e+04 1.042860e+04 1.029994e+04 1.031075e+04
9.0 1.026890e+04 1.027917e+04 1.029893e+04 1.028866e+04
10.0 1.018387e+04 1.027641e+04 1.027112e+04 1.017858e+04
11.0 1.033149e+04 1.037153e+04 1.023822e+04 1.019817e+04
12.0 1.042212e+04 1.032831e+04 1.024861e+04 1.034242e+04
13.0 1.019243e+04 1.029785e+04 1.027276e+04 1.016734e+04
14.0 1.025493e+04 1.031370e+04 1.028875e+04 1.022998e+04
15.0 1.053623e+04 1.030833e+04 1.029688e+04 1.052478e+04
16.0 1.052444e+04 1.037787e+04 1.029977e+04 1.044634e+04
17.0 1.034810e+04 1.039186e+04 1.029980e+04 1.025604e+04
18.0 1.043870e+04 1.032031e+04 1.029850e+04 1.041690e+04
0.6 1.026890e+04 1.027917e+04 1.029893e+04 1.028866e+04
1.6 1.018387e+04 1.027641e+04 1.027112e+04 1.017858e+04
2.6 1.033149e+04 1.037153e+04 1.023822e+04 1.019817e+04
3.6 1.042212e+04 1.032831e+04 1.024861e+04 1.034242e+04
4.6 1.019243e+04 1.029785e+04 1.027276e+04 1.016734e+04
5.6 1.025493e+04 1.031370e+04 1.028875e+04 1.022998e+04
6.6 1.053623e+04 1.030833e+04 1.029688e+04 1.052478e+04
7.6 1.052444e+04 1.037787e+04 1.029977e+04 1.044634e+04
8.6 1.034810e+04 1.039186e+04 1.029980e+04 1.025604e+04
9.6 1.043870e+04 1.032031e+04 1.029850e+04 1.041690e+04
10.6 1.022988e+04 1.037432e+04 1.029705e+04 1.015262e+04
11.6 1.024989e+04 1.031726e+04 1.029592e+04 1.022855e+04
12.6 1.036423e+04 1.031552e+04 1.029525e+04 1.034396e+04
13.6 1.027085e+04 1.030220e+04 1.029488e+04 1.026353e+04
14.6 1.037994e+04 1.022211e+04 1.029468e+04 1.045251e+04
15.6 1.038446e+04 1.019489e+04 1.029458e+04 1.048415e+04
16.6 1.041438e+04 1.031428e+04 1.029450e+04 1.039460e+04
17.6 1.035447e+04 1.035560e+04 1.029444e+04 1.029331e+04
0.4 1.033643e+04 1.017723e+04 1.029331e+04 1.045252e+04
1.4 1.006786e+04 1.019844e+04 1.027622e+04 1.014564e+04
2.4 1.049249e+04 1.047930e+04 1.023802e+04 1.025121e+04
3.4 1.022507e+04 1.035929e+04 1.024149e+04 1.010727e+04
4.4 1.041790e+04 1.029099e+04 1.026552e+04 1.039243e+04
5.4 1.029387e+04 1.020530e+04 1.028413e+04 1.037269e+04
6.4 1.032736e+04 1.032408e+04 1.029348e+04 1.029676e+04
7.4 1.018875e+04 1.027658e+04 1.029722e+04 1.020939e+04
8.4 1.039683e+04 1.026620e+04 1.029763e+04 1.042825e+04
9.4 1.048055e+04 1.029081e+04 1.029641e+04 1.048615e+04
10.4 1.019829e+04 1.030282e+04 1.029479e+04 1.019026e+04
11.4 1.017687e+04 1.029900e+04 1.029349e+04 1.017136e+04
12.4 1.025324e+04 1.026602e+04 1.029261e+04 1.027983e+04
13.4 9.933238e+03 1.024055e+04 1.029207e+04 9.984753e+03
14.4 1.039483e+04 1.027544e+04 1.029173e+04 1.041112e+04
15.4 1.023922e+04 1.029860e+04 1.029150e+04 1.023212e+04
16.4 1.032461e+04 1.025674e+04 1.029131e+04 1.035919e+04
17.4 1.034478e+04 1.015733e+04 1.029114e+04 1.047859e+04
