0.8 2.746987e+03 2.685203e+03 2.712222e+03 2.774006e+03
1.8 2.787255e+03 2.753065e+03 2.712616e+03 2.746806e+03
2.8 2.695929e+03 2.771942e+03 2.713393e+03 2.637379e+03
3.8 2.766110e+03 2.728167e+03 2.713422e+03 2.751365e+03
4.8 2.639492e+03 2.665036e+03 2.712895e+03 2.687351e+03
5.8 2.600723e+03 2.676997e+03 2.712450e+03 2.636176e+03
6.8 2.897912e+03 2.703015e+03 2.712204e+03 2.907100e+03
7.8 2.617420e+03 2.725855e+03 2.712097e+03 2.603662e+03
8.8 2.689420e+03 2.705530e+03 2.712077e+03 2.695967e+03
9.8 2.907565e+03 2.685963e+03 2.712099e+03 2.933701e+03
10.8 2.700778e+03 2.713259e+03 2.712132e+03 2.699651e+03
11.8 2.528880e+03 2.657100e+03 2.712160e+03 2.583940e+03
12.8 3.105930e+03 2.727987e+03 2.712178e+03 3.090121e+03
13.8 2.730047e+03 2.759172e+03 2.712188e+03 2.683062e+03
14.8 2.653625e+03 2.665323e+03 2.712192e+03 2.700494e+03
15.8 2.670156e+03 2.639638e+03 2.712194e+03 2.742712e+03
16.8 2.703774e+03 2.644205e+03 2.712195e+03 2.771765e+03
17.8 2.599739e+03 2.721836e+03 2.712196e+03 2.590098e+03
18.8 2.716822e+03 2.772232e+03 2.712196e+03 2.656786e+03
0.7 2.613080e+03 2.665405e+03 2.712204e+03 2.659879e+03
1.7 2.750385e+03 2.654336e+03 2.712508e+03 2.808557e+03
2.7 2.470198e+03 2.539716e+03 2.713288e+03 2.643770e+03
3.7 2.613762e+03 2.660776e+03 2.713477e+03 2.666463e+03
4.7 2.999623e+03 2.693991e+03 2.712993e+03 3.018625e+03
5.7 2.709961e+03 2.695235e+03 2.712517e+03 2.727244e+03
6.7 2.577567e+03 2.678998e+03 2.712237e+03 2.610805e+03
7.7 2.797284e+03 2.675370e+03 2.712117e+03 2.834030e+03
8.7 2.650171e+03 2.764352e+03 2.712088e+03 2.597907e+03
9.7 2.689638e+03 2.752385e+03 2.712107e+03 2.649360e+03
10.7 2.666354e+03 2.683426e+03 2.712141e+03 2.695069e+03
11.7 2.802837e+03 2.630869e+03 2.712173e+03 2.884141e+03
12.7 2.898063e+03 2.639440e+03 2.712194e+03 2.970817e+03
13.7 2.680002e+03 2.684291e+03 2.712207e+03 2.707918e+03
14.7 2.949210e+03 2.713225e+03 2.712214e+03 2.948199e+03
15.7 3.024793e+03 2.743185e+03 2.712218e+03 2.993826e+03
16.7 3.080314e+03 2.800219e+03 2.712220e+03 2.992315e+03
17.7 2.600301e+03 2.758326e+03 2.712222e+03 2.554197e+03
18.7 2.552741e+03 2.740296e+03 2.712224e+03 2.524669e+03
0.4 2.652625e+03 2.736837e+03 2.712237e+03 2.628025e+03
1.4 3.079366e+03 2.848907e+03 2.712395e+03 2.942854e+03
2.4 2.648416e+03 2.631470e+03 2.713118e+03 2.730064e+03
3.4 2.636525e+03 2.705626e+03 2.713553e+03 2.644451e+03
4.4 2.800477e+03 2.638786e+03 2.713178e+03 2.874869e+03
5.4 2.788191e+03 2.644016e+03 2.712651e+03 2.856826e+03
6.4 2.743458e+03 2.654602e+03 2.712325e+03 2.801181e+03
7.4 2.759916e+03 2.651361e+03 2.712170e+03 2.820725e+03
8.4 2.599981e+03 2.655443e+03 2.712119e+03 2.656657e+03
9.4 2.705037e+03 2.683845e+03 2.712129e+03 2.733321e+03
10.4 2.573013e+03 2.695953e+03 2.712161e+03 2.589222e+03
11.4 2.767864e+03 2.759106e+03 2.712194e+03 2.720952e+03
12.4 2.846568e+03 2.790829e+03 2.712217e+03 2.767956e+03
13.4 2.994248e+03 2.849419e+03 2.712232e+03 2.857061e+03
14.4 2.823705e+03 2.817000e+03 2.712239e+03 2.718945e+03
15.4 2.925302e+03 2.903023e+03 2.712243e+03 2.734523e+03
16.4 2.668348e+03 2.749519e+03 2.712246e+03 2.631075e+03
17.4 2.574064e+03 2.657231e+03 2.712248e+03 2.629081e+03
18.4 2.397381e+03 2.640628e+03 2.712249e+03 2.469003e+03
