0.8 9.285193e+03 8.923230e+03 8.887995e+03 9.249958e+03
1.8 9.333203e+03 8.948464e+03 8.923934e+03 9.308674e+03
2.8 9.000910e+03 9.004590e+03 8.994879e+03 8.991198e+03
3.8 9.052938e+03 9.039484e+03 8.997493e+03 9.010947e+03
4.8 9.068564e+03 9.002803e+03 8.949437e+03 9.015197e+03
5.8 9.225307e+03 8.945349e+03 8.908760e+03 9.188718e+03
6.8 9.072051e+03 8.972252e+03 8.886282e+03 8.986081e+03
7.8 8.912762e+03 8.867481e+03 8.876564e+03 8.921845e+03
8.8 8.617657e+03 8.898095e+03 8.874722e+03 8.594284e+03
9.8 8.889465e+03 8.975158e+03 8.876723e+03 8.791030e+03
10.8 9.018823e+03 8.877724e+03 8.879722e+03 9.020821e+03
11.8 9.010476e+03 8.893289e+03 8.882263e+03 8.999450e+03
12.8 8.909357e+03 8.834012e+03 8.883940e+03 8.959285e+03
13.8 8.738764e+03 8.814398e+03 8.884815e+03 8.809181e+03
14.8 8.781923e+03 8.956612e+03 8.885240e+03 8.710551e+03
15.8 8.972875e+03 8.922463e+03 8.885423e+03 8.935835e+03
16.8 9.094129e+03 8.896006e+03 8.885509e+03 9.083632e+03
17.8 8.748814e+03 8.789434e+03 8.885562e+03 8.844941e+03
18.8 8.606351e+03 8.787178e+03 8.885609e+03 8.704782e+03
0.7 8.990542e+03 8.777199e+03 8.886333e+03 9.099676e+03
1.7 9.078741e+03 8.936003e+03 8.914056e+03 9.056794e+03
2.7 9.296738e+03 9.109063e+03 8.985308e+03 9.172983e+03
3.7 8.949516e+03 9.075148e+03 9.002580e+03 8.876949e+03
4.7 8.943622e+03 9.011239e+03 8.958345e+03 8.890729e+03
5.7 8.886448e+03 8.989250e+03 8.914900e+03 8.812098e+03
6.7 9.178402e+03 9.027771e+03 8.889289e+03 9.039921e+03
7.7 8.991810e+03 8.961190e+03 8.878349e+03 8.908970e+03
8.7 8.964175e+03 8.794063e+03 8.875689e+03 9.045801e+03
9.7 9.119015e+03 8.814476e+03 8.877440e+03 9.181979e+03
10.7 8.855821e+03 8.858502e+03 8.880582e+03 8.877901e+03
11.7 9.059183e+03 8.896423e+03 8.883487e+03 9.046248e+03
12.7 9.183923e+03 8.802542e+03 8.885439e+03 9.266820e+03
13.7 8.995557e+03 8.872225e+03 8.886596e+03 9.009929e+03
14.7 8.753457e+03 8.878860e+03 8.887242e+03 8.761838e+03
15.7 8.798381e+03 8.990939e+03 8.887593e+03 8.695036e+03
16.7 8.656744e+03 8.970918e+03 8.887815e+03 8.573641e+03
17.7 9.056610e+03 8.960010e+03 8.887979e+03 8.984579e+03
18.7 8.998943e+03 8.934265e+03 8.888121e+03 8.952799e+03
0.4 8.814074e+03 8.905157e+03 8.889303e+03 8.798219e+03
1.4 8.592978e+03 8.895908e+03 8.903720e+03 8.600791e+03
2.4 8.993930e+03 9.024939e+03 8.969774e+03 8.938764e+03
3.4 9.024667e+03 9.016258e+03 9.009465e+03 9.017874e+03
4.4 8.915357e+03 8.992563e+03 8.975286e+03 8.898080e+03
5.4 8.793763e+03 8.933315e+03 8.927094e+03 8.787542e+03
6.4 8.884072e+03 8.946811e+03 8.897362e+03 8.834623e+03
7.4 8.787295e+03 8.955189e+03 8.883184e+03 8.715290e+03
8.4 8.899569e+03 8.947209e+03 8.878588e+03 8.830948e+03
9.4 8.947959e+03 8.972929e+03 8.879430e+03 8.854460e+03
10.4 9.126291e+03 9.064661e+03 8.882424e+03 8.944054e+03
11.4 9.000270e+03 8.945658e+03 8.885377e+03 8.939988e+03
12.4 9.026850e+03 8.879209e+03 8.887523e+03 9.035165e+03
13.4 8.903448e+03 8.894902e+03 8.888845e+03 8.897392e+03
14.4 8.986831e+03 8.807512e+03 8.889542e+03 9.068861e+03
15.4 8.921225e+03 8.704399e+03 8.889921e+03 9.106747e+03
16.4 8.849840e+03 8.783447e+03 8.890147e+03 8.956541e+03
17.4 8.912745e+03 8.842307e+03 8.890311e+03 8.960748e+03
18.4 8.764616e+03 8.844179e+03 8.890444e+03 8.810881e+03
