0.8 9.753625e+03 9.943251e+03 9.892286e+03 9.702660e+03
1.8 9.803198e+03 9.910309e+03 9.888034e+03 9.780924e+03
2.8 9.776003e+03 9.881004e+03 9.885305e+03 9.780304e+03
3.8 9.748570e+03 9.909135e+03 9.887460e+03 9.726895e+03
4.8 9.692287e+03 9.902847e+03 9.890227e+03 9.679667e+03
5.8 9.916226e+03 9.935497e+03 9.891946e+03 9.872674e+03
6.8 1.003611e+04 9.890098e+03 9.892716e+03 1.003873e+04
7.8 9.978319e+03 9.983489e+03 9.892946e+03 9.887776e+03
8.8 9.992017e+03 9.991328e+03 9.892866e+03 9.893554e+03
9.8 9.916328e+03 9.916616e+03 9.892669e+03 9.892381e+03
10.8 9.867660e+03 9.787297e+03 9.892469e+03 9.972832e+03
11.8 9.835641e+03 9.869958e+03 9.892322e+03 9.858005e+03
12.8 1.011571e+04 9.886783e+03 9.892225e+03 1.012115e+04
13.8 9.982695e+03 9.930452e+03 9.892164e+03 9.944408e+03
14.8 1.033493e+04 9.968631e+03 9.892124e+03 1.025842e+04
15.8 1.006538e+04 1.003292e+04 9.892093e+03 9.924555e+03
16.8 9.953579e+03 9.948862e+03 9.892067e+03 9.896784e+03
17.8 1.000603e+04 9.925516e+03 9.892043e+03 9.972560e+03
0.1 9.901517e+03 1.000675e+04 9.891905e+03 9.786676e+03
1.1 9.870653e+03 1.001834e+04 9.890982e+03 9.743295e+03
2.1 9.973946e+03 9.956757e+03 9.886114e+03 9.903303e+03
3.1 9.861008e+03 9.917796e+03 9.885041e+03 9.828252e+03
4.1 1.015442e+04 1.002289e+04 9.887770e+03 1.001931e+04
5.1 9.665865e+03 9.880244e+03 9.890366e+03 9.675988e+03
6.1 9.865108e+03 9.837057e+03 9.891776e+03 9.919827e+03
7.1 1.003141e+04 9.883888e+03 9.892400e+03 1.003992e+04
8.1 9.697945e+03 9.830989e+03 9.892554e+03 9.759511e+03
9.1 9.752052e+03 9.718429e+03 9.892457e+03 9.926080e+03
10.1 9.719980e+03 9.851519e+03 9.892276e+03 9.760737e+03
11.1 1.008103e+04 1.004147e+04 9.892119e+03 9.931681e+03
12.1 9.795316e+03 9.928778e+03 9.892014e+03 9.758552e+03
13.1 9.735519e+03 9.832232e+03 9.891954e+03 9.795240e+03
14.1 9.863133e+03 9.925959e+03 9.891925e+03 9.829099e+03
15.1 1.007317e+04 9.981743e+03 9.891911e+03 9.983340e+03
16.1 1.000871e+04 9.890616e+03 9.891905e+03 1.001000e+04
17.1 9.933741e+03 9.971959e+03 9.891902e+03 9.853684e+03
1.0 9.770274e+03 9.918708e+03 9.892107e+03 9.743674e+03
2.0 1.005097e+04 9.857025e+03 9.887463e+03 1.008140e+04
3.0 1.008280e+04 9.829380e+03 9.885500e+03 1.013892e+04
4.0 1.001809e+04 9.879248e+03 9.888029e+03 1.002688e+04
5.0 9.902201e+03 9.908083e+03 9.890750e+03 9.884868e+03
6.0 9.983554e+03 9.906495e+03 9.892362e+03 9.969421e+03
7.0 1.004369e+04 9.968729e+03 9.893132e+03 9.968088e+03
8.0 1.007841e+04 9.950718e+03 9.893366e+03 1.002106e+04
9.0 9.966466e+03 9.907416e+03 9.893119e+03 9.952169e+03
10.0 9.672646e+03 9.834732e+03 9.888953e+03 9.726867e+03
11.0 9.921979e+03 9.846837e+03 9.885834e+03 9.960976e+03
12.0 9.877659e+03 9.886877e+03 9.887795e+03 9.878577e+03
13.0 1.001424e+04 9.919579e+03 9.890590e+03 9.985251e+03
14.0 9.859411e+03 9.954080e+03 9.892386e+03 9.797717e+03
15.0 9.907362e+03 9.998693e+03 9.893229e+03 9.801899e+03
16.0 9.712344e+03 9.915594e+03 9.893522e+03 9.690272e+03
17.0 9.704362e+03 9.903624e+03 9.893500e+03 9.694238e+03
18.0 9.594731e+03 9.808524e+03 9.893351e+03 9.679558e+03
0.8 9.966466e+03 9.907416e+03 9.893119e+03 9.952169e+03
1.8 9.672646e+03 9.834732e+03 9.888953e+03 9.726867e+03
2.8 9.921979e+03 9.846837e+03 9.885834e+03 9.960976e+03
3.8 9.877659e+03 9.886877e+03 9.887795e+03 9.878577e+03
4.8 1.001424e+04 9.919579e+03 9.890590e+03 9.985251e+03
5.8 9.859411e+03 9.954080e+03 9.892386e+03 9.797717e+03
6.8 9.907362e+03 9.998693e+03 9.893229e+03 9.801899e+03
7.8 9.712344e+03 9.915594e+03 9.893522e+03 9.690272e+03
8.8 9.704362e+03 9.903624e+03 9.893500e+03 9.694238e+03
9.8 9.594731e+03 9.808524e+03 9.893351e+03 9.679558e+03
10.8 9.888071e+03 9.735872e+03 9.893192e+03 1.004539e+04
11.8 9.809450e+03 9.785919e+03 9.893084e+03 9.916615e+03
12.8 1.016994e+04 1.011767e+04 9.893025e+03 9.945294e+03
13.8 9.815993e+03 9.955081e+03 9.892999e+03 9.753911e+03
14.8 1.002633e+04 9.922539e+03 9.892992e+03 9.996783e+03
15.8 9.936539e+03 9.815895e+03 9.892993e+03 1.001364e+04
16.8 9.767497e+03 9.949175e+03 9.892550e+03 9.710872e+03
17.8 9.668011e+03 9.902008e+03 9.888007e+03 9.654009e+03
1.0 9.767497e+03 9.949175e+03 9.892550e+03 9.710872e+03
2.0 9.668011e+03 9.902008e+03 9.888007e+03 9.654009e+03
3.0 9.965925e+03 9.872411e+03 9.885898e+03 9.979412e+03
4.0 1.003386e+04 9.900282e+03 9.888327e+03 1.002191e+04
5.0 9.861420e+03 9.931730e+03 9.891098e+03 9.820788e+03
6.0 9.825281e+03 9.910503e+03 9.891187e+03 9.805965e+03
7.0 9.789265e+03 9.879191e+03 9.887062e+03 9.797136e+03
8.0 9.603471e+03 9.858393e+03 9.887054e+03 9.632132e+03
9.0 1.006386e+04 9.911939e+03 9.889856e+03 1.004178e+04
10.0 9.641250e+03 9.918443e+03 9.892096e+03 9.614903e+03
11.0 9.768137e+03 9.898115e+03 9.893187e+03 9.763209e+03
12.0 9.986690e+03 9.798698e+03 9.893596e+03 1.008159e+04
13.0 9.961669e+03 9.930335e+03 9.893617e+03 9.924951e+03
14.0 9.743747e+03 9.860971e+03 9.893448e+03 9.776224e+03
15.0 1.012278e+04 9.913104e+03 9.893230e+03 1.010290e+04
16.0 9.940628e+03 9.897155e+03 9.893051e+03 9.936524e+03
17.0 9.926780e+03 9.914381e+03 9.892926e+03 9.905325e+03
18.0 9.975257e+03 9.891574e+03 9.892842e+03 9.976524e+03
0.3 9.861420e+03 9.931730e+03 9.891098e+03 9.820788e+03
1.3 9.825281e+03 9.910503e+03 9.891187e+03 9.805965e+03
2.3 9.789265e+03 9.879191e+03 9.887062e+03 9.797136e+03
3.3 9.603471e+03 9.858393e+03 9.887054e+03 9.632132e+03
4.3 1.006386e+04 9.911939e+03 9.889856e+03 1.004178e+04
5.3 9.641250e+03 9.918443e+03 9.892096e+03 9.614903e+03
6.3 9.768137e+03 9.898115e+03 9.893187e+03 9.763209e+03
7.3 9.986690e+03 9.798698e+03 9.893596e+03 1.008159e+04
8.3 9.961669e+03 9.930335e+03 9.893617e+03 9.924951e+03
9.3 9.743747e+03 9.860971e+03 9.893448e+03 9.776224e+03
10.3 1.012278e+04 9.913104e+03 9.893230e+03 1.010290e+04
11.3 9.940628e+03 9.897155e+03 9.893051e+03 9.936524e+03
12.3 9.926780e+03 9.914381e+03 9.892926e+03 9.905325e+03
13.3 9.975257e+03 9.891574e+03 9.892842e+03 9.976524e+03
