8.343105e+03 8.366270e+03 8.392229e+03 8.317146e+03
8.367994e+03 8.366270e+03 8.396628e+03 8.337636e+03
8.362590e+03 8.366270e+03 8.386984e+03 8.341876e+03
8.469954e+03 8.366270e+03 8.377188e+03 8.459036e+03
8.319255e+03 8.366270e+03 8.350811e+03 8.334714e+03
8.537497e+03 8.366270e+03 8.335273e+03 8.568494e+03
8.468872e+03 8.366270e+03 8.390626e+03 8.444516e+03
8.575062e+03 8.366270e+03 8.396513e+03 8.544819e+03
8.418940e+03 8.366270e+03 8.442761e+03 8.342449e+03
8.403850e+03 8.366270e+03 8.404633e+03 8.365487e+03
8.313980e+03 8.363837e+03 8.389170e+03 8.288647e+03
8.337974e+03 8.346878e+03 8.396135e+03 8.288716e+03
8.190100e+03 8.439367e+03 8.253467e+03 8.376000e+03
8.275366e+03 8.449565e+03 8.239569e+03 8.485362e+03
8.347851e+03 8.513375e+03 8.236276e+03 8.624950e+03
8.403032e+03 8.396526e+03 8.430139e+03 8.369419e+03
8.366555e+03 8.366271e+03 8.382381e+03 8.350445e+03
8.280028e+03 8.368640e+03 8.374947e+03 8.273721e+03
8.353500e+03 8.374205e+03 8.357950e+03 8.369755e+03
8.102891e+03 8.361531e+03 8.313815e+03 8.150607e+03
8.063915e+03 8.361713e+03 8.273277e+03 8.152352e+03
8.251924e+03 8.367174e+03 8.336197e+03 8.282901e+03
8.298966e+03 8.365733e+03 8.316146e+03 8.348553e+03
8.409376e+03 8.366106e+03 8.253674e+03 8.521808e+03
8.435530e+03 8.366227e+03 8.265265e+03 8.536492e+03
8.564605e+03 8.366327e+03 8.313412e+03 8.617521e+03
8.434680e+03 8.366258e+03 8.308285e+03 8.492652e+03
8.478723e+03 8.366286e+03 8.345863e+03 8.499146e+03
8.192034e+03 8.366191e+03 8.290324e+03 8.267901e+03
8.084523e+03 8.372600e+03 8.298673e+03 8.158450e+03
8.265882e+03 8.333994e+03 8.340014e+03 8.259862e+03
8.411259e+03 8.336312e+03 8.373606e+03 8.373965e+03
8.337451e+03 8.373714e+03 8.414225e+03 8.296940e+03
8.390646e+03 8.367059e+03 8.401384e+03 8.356320e+03
8.334218e+03 8.368254e+03 8.362431e+03 8.340041e+03
8.235368e+03 8.441400e+03 8.196883e+03 8.479885e+03
8.776162e+03 8.204260e+03 8.598191e+03 8.382230e+03
8.418497e+03 8.308108e+03 8.427576e+03 8.299029e+03
8.581141e+03 8.382991e+03 8.335520e+03 8.628612e+03
8.223697e+03 8.374331e+03 8.364840e+03 8.233187e+03
8.376901e+03 8.360575e+03 8.393464e+03 8.344012e+03
8.559797e+03 8.379909e+03 8.428755e+03 8.510951e+03
8.556936e+03 8.424149e+03 8.519824e+03 8.461260e+03
8.809753e+03 8.397860e+03 8.465919e+03 8.741693e+03
8.593514e+03 8.388319e+03 8.455595e+03 8.526237e+03
8.482332e+03 8.364859e+03 8.412052e+03 8.435138e+03
8.551000e+03 8.365940e+03 8.422565e+03 8.494375e+03
8.382142e+03 8.362138e+03 8.392134e+03 8.352146e+03
8.434168e+03 8.368877e+03 8.388376e+03 8.414669e+03
8.241439e+03 8.384543e+03 8.417440e+03 8.208542e+03
8.478534e+03 8.370262e+03 8.406016e+03 8.442780e+03
8.403086e+03 8.406782e+03 8.394552e+03 8.415316e+03
8.686257e+03 8.344197e+03 8.469963e+03 8.560492e+03
8.181878e+03 8.368098e+03 8.326770e+03 8.223205e+03
8.502975e+03 8.374793e+03 8.502304e+03 8.375464e+03
8.208759e+03 8.371821e+03 8.414256e+03 8.166325e+03
8.322561e+03 8.368798e+03 8.347089e+03 8.344271e+03
8.183754e+03 8.365206e+03 8.301167e+03 8.247793e+03
7.981085e+03 8.368753e+03 8.328357e+03 8.021482e+03
8.229267e+03 8.393838e+03 8.302068e+03 8.321038e+03
8.275562e+03 8.308627e+03 8.402591e+03 8.181598e+03
8.445227e+03 8.299465e+03 8.412331e+03 8.332362e+03
8.323389e+03 8.346169e+03 8.366055e+03 8.303504e+03
8.289018e+03 8.370987e+03 8.377644e+03 8.282360e+03
8.338188e+03 8.310640e+03 8.286799e+03 8.362028e+03
8.324621e+03 8.349679e+03 8.363158e+03 8.311142e+03
8.307127e+03 8.383303e+03 8.420548e+03 8.269881e+03
8.357961e+03 8.359422e+03 8.343591e+03 8.373792e+03
8.257551e+03 8.367975e+03 8.361090e+03 8.264436e+03
8.189508e+03 8.364598e+03 8.370258e+03 8.183847e+03
8.447925e+03 8.371526e+03 8.416314e+03 8.403137e+03
8.666694e+03 8.384479e+03 8.429286e+03 8.621887e+03
8.387189e+03 8.408634e+03 8.503132e+03 8.292691e+03
8.390707e+03 8.379977e+03 8.481573e+03 8.289111e+03
8.514204e+03 8.367703e+03 8.441105e+03 8.440802e+03
8.371099e+03 8.371046e+03 8.356121e+03 8.386025e+03
8.330326e+03 8.356040e+03 8.356507e+03 8.329859e+03
8.337146e+03 8.362319e+03 8.303934e+03 8.395530e+03
8.107988e+03 8.361697e+03 8.111705e+03 8.357980e+03
8.388632e+03 8.365888e+03 8.256191e+03 8.498329e+03
8.294168e+03 8.366407e+03 8.327641e+03 8.332934e+03
8.473315e+03 8.366494e+03 8.358714e+03 8.481094e+03
8.124892e+03 8.366471e+03 8.356510e+03 8.134854e+03
8.256944e+03 8.365251e+03 8.358071e+03 8.264125e+03
8.348172e+03 8.390848e+03 8.437290e+03 8.301730e+03
8.252800e+03 8.373896e+03 8.409332e+03 8.217365e+03
8.257002e+03 8.351686e+03 8.366936e+03 8.241752e+03
8.194000e+03 8.351668e+03 8.344925e+03 8.200744e+03
8.346944e+03 8.371912e+03 8.414010e+03 8.304846e+03
8.320361e+03 8.350589e+03 8.378895e+03 8.292056e+03
8.328071e+03 8.329982e+03 8.389806e+03 8.268247e+03
8.390424e+03 8.384674e+03 8.275001e+03 8.500097e+03
8.534251e+03 8.365056e+03 8.276459e+03 8.622848e+03
8.168356e+03 8.366319e+03 8.303709e+03 8.230966e+03
8.385108e+03 8.341917e+03 8.355852e+03 8.371173e+03
8.351856e+03 8.395415e+03 8.286239e+03 8.461031e+03
8.546805e+03 8.372843e+03 8.330391e+03 8.589257e+03
8.507438e+03 8.366834e+03 8.357119e+03 8.517153e+03
8.439412e+03 8.381786e+03 8.418936e+03 8.402263e+03
8.739627e+03 8.361817e+03 8.464143e+03 8.637301e+03
8.257327e+03 8.368007e+03 8.461084e+03 8.164249e+03
8.259539e+03 8.378640e+03 8.432610e+03 8.205569e+03
8.335091e+03 8.355492e+03 8.384421e+03 8.306162e+03
8.560892e+03 8.349401e+03 8.405754e+03 8.504539e+03
8.311068e+03 8.362597e+03 8.424010e+03 8.249655e+03
8.254579e+03 8.366189e+03 8.359429e+03 8.261339e+03
8.328066e+03 8.370378e+03 8.397319e+03 8.301126e+03
8.152202e+03 8.366047e+03 8.295997e+03 8.222252e+03
8.280916e+03 8.365285e+03 8.285972e+03 8.360229e+03
8.410819e+03 8.368081e+03 8.383946e+03 8.394953e+03
8.426259e+03 8.366537e+03 8.379358e+03 8.413438e+03
8.402183e+03 8.363264e+03 8.438344e+03 8.327104e+03
8.261700e+03 8.351229e+03 8.382061e+03 8.230868e+03
8.385245e+03 8.343971e+03 8.385458e+03 8.343758e+03
8.282551e+03 8.308966e+03 8.313219e+03 8.278298e+03
8.590117e+03 8.346321e+03 8.365590e+03 8.570848e+03
8.513948e+03 8.391593e+03 8.461619e+03 8.443923e+03
8.699617e+03 8.269256e+03 8.475651e+03 8.493221e+03
8.105482e+03 8.515326e+03 8.130713e+03 8.490095e+03
8.298329e+03 8.314415e+03 8.376667e+03 8.236077e+03
8.104570e+03 8.410194e+03 8.231042e+03 8.283722e+03
8.441818e+03 8.373348e+03 8.291816e+03 8.523350e+03
8.221243e+03 8.428648e+03 8.234094e+03 8.415797e+03
8.294548e+03 8.258276e+03 8.493244e+03 8.059579e+03
8.241420e+03 8.300732e+03 8.415153e+03 8.127000e+03
8.274884e+03 8.378350e+03 8.328280e+03 8.324954e+03
8.491982e+03 8.364689e+03 8.327490e+03 8.529181e+03
8.512212e+03 8.359856e+03 8.353997e+03 8.518070e+03
8.366492e+03 8.366520e+03 8.322673e+03 8.410339e+03
8.343174e+03 8.364741e+03 8.317482e+03 8.390433e+03
8.476969e+03 8.371405e+03 8.360539e+03 8.487836e+03
8.199060e+03 8.366667e+03 8.289265e+03 8.276462e+03
8.386448e+03 8.367186e+03 8.316828e+03 8.436805e+03
8.576962e+03 8.358994e+03 8.365046e+03 8.570910e+03
8.496541e+03 8.273551e+03 8.478994e+03 8.291098e+03
8.689833e+03 8.128422e+03 8.666621e+03 8.151634e+03
8.435170e+03 8.298277e+03 8.428640e+03 8.304807e+03
8.587257e+03 8.327053e+03 8.334975e+03 8.579335e+03
8.833751e+03 8.372480e+03 8.414396e+03 8.791836e+03
8.107598e+03 8.357269e+03 8.212006e+03 8.252861e+03
8.311009e+03 8.367775e+03 8.339109e+03 8.339675e+03
8.449750e+03 8.364428e+03 8.308283e+03 8.505894e+03
8.696399e+03 8.365286e+03 8.351331e+03 8.710354e+03
8.566105e+03 8.367429e+03 8.376785e+03 8.556749e+03
8.569796e+03 8.367151e+03 8.375694e+03 8.561252e+03
8.646338e+03 8.363932e+03 8.376593e+03 8.633677e+03
8.376162e+03 8.451776e+03 8.270699e+03 8.557239e+03
8.156393e+03 8.456354e+03 8.230592e+03 8.382155e+03
8.210159e+03 8.381340e+03 8.335425e+03 8.256074e+03
7.994001e+03 8.332198e+03 8.357547e+03 7.968652e+03
8.143401e+03 8.374729e+03 8.403321e+03 8.114809e+03
8.233093e+03 8.373995e+03 8.426695e+03 8.180393e+03
8.536765e+03 8.437086e+03 8.572692e+03 8.401159e+03
8.430935e+03 8.384653e+03 8.444600e+03 8.370988e+03
8.305892e+03 8.363597e+03 8.411673e+03 8.257816e+03
8.273446e+03 8.367195e+03 8.438876e+03 8.201764e+03
8.245697e+03 8.365352e+03 8.371502e+03 8.239547e+03
8.572609e+03 8.366871e+03 8.379660e+03 8.559820e+03
8.667767e+03 8.363028e+03 8.373632e+03 8.657163e+03
8.310179e+03 8.415612e+03 8.487702e+03 8.238089e+03
8.241850e+03 8.276374e+03 8.264440e+03 8.253785e+03
8.248380e+03 8.366192e+03 8.409098e+03 8.205474e+03
8.378899e+03 8.372050e+03 8.396777e+03 8.354172e+03
8.194501e+03 8.373057e+03 8.306070e+03 8.261488e+03
8.493336e+03 8.365308e+03 8.327175e+03 8.531469e+03
8.206101e+03 8.366692e+03 8.342141e+03 8.230652e+03
8.264653e+03 8.370454e+03 8.363208e+03 8.271899e+03
8.255594e+03 8.364302e+03 8.350104e+03 8.269791e+03
8.185013e+03 8.369270e+03 8.345556e+03 8.208727e+03
8.316920e+03 8.369259e+03 8.353149e+03 8.333030e+03
8.269536e+03 8.366890e+03 8.312380e+03 8.324046e+03
8.355277e+03 8.366715e+03 8.349140e+03 8.372852e+03
8.255609e+03 8.366343e+03 8.333238e+03 8.288713e+03
8.500711e+03 8.366312e+03 8.346760e+03 8.520262e+03
8.428972e+03 8.366254e+03 8.333414e+03 8.461813e+03
8.372872e+03 8.366265e+03 8.335039e+03 8.404098e+03
8.136381e+03 8.366270e+03 8.345420e+03 8.157230e+03
8.209025e+03 8.366270e+03 8.407625e+03 8.167670e+03
8.403161e+03 8.366270e+03 8.396394e+03 8.373037e+03
8.329284e+03 8.366270e+03 8.357872e+03 8.337683e+03
8.376196e+03 8.366270e+03 8.313927e+03 8.428538e+03
8.390259e+03 8.366270e+03 8.314096e+03 8.442433e+03
8.192376e+03 8.366270e+03 8.357571e+03 8.201075e+03
8.393255e+03 8.366270e+03 8.344781e+03 8.414744e+03
8.330718e+03 8.366270e+03 8.371700e+03 8.325288e+03
8.281539e+03 8.366270e+03 8.363814e+03 8.283995e+03
8.202612e+03 8.366270e+03 8.398097e+03 8.170784e+03
8.254186e+03 8.366270e+03 8.317011e+03 8.303446e+03
8.234774e+03 8.366270e+03 8.220996e+03 8.380048e+03
8.166622e+03 8.366270e+03 8.322506e+03 8.210386e+03
8.394234e+03 8.367045e+03 8.307054e+03 8.454225e+03
8.374404e+03 8.390137e+03 8.411498e+03 8.353043e+03
8.582158e+03 8.425031e+03 8.515502e+03 8.491688e+03
8.713134e+03 8.467391e+03 8.532725e+03 8.647799e+03
8.421959e+03 8.419705e+03 8.295118e+03 8.546546e+03
8.330026e+03 8.371379e+03 8.333092e+03 8.368313e+03
8.637474e+03 8.366480e+03 8.348573e+03 8.655381e+03
8.352002e+03 8.377209e+03 8.431321e+03 8.297890e+03
8.337883e+03 8.369372e+03 8.347605e+03 8.359650e+03
8.587213e+03 8.365381e+03 8.353028e+03 8.599567e+03
8.460477e+03 8.366059e+03 8.382763e+03 8.443774e+03
8.444458e+03 8.366269e+03 8.369557e+03 8.441170e+03
8.397816e+03 8.366130e+03 8.337420e+03 8.426526e+03
8.375484e+03 8.366193e+03 8.348266e+03 8.393411e+03
8.430301e+03 8.366254e+03 8.372915e+03 8.423640e+03
8.244394e+03 8.370667e+03 8.359455e+03 8.255606e+03
8.172260e+03 8.389634e+03 8.328770e+03 8.233124e+03
8.669699e+03 8.369332e+03 8.354994e+03 8.684037e+03
8.129581e+03 8.409614e+03 8.334450e+03 8.204745e+03
8.320709e+03 8.401224e+03 8.425120e+03 8.296813e+03
8.762326e+03 8.332817e+03 8.363399e+03 8.731744e+03
8.292567e+03 8.243924e+03 8.481590e+03 8.054901e+03
8.278447e+03 8.345650e+03 8.378640e+03 8.245457e+03
8.300953e+03 8.324487e+03 8.421573e+03 8.203867e+03
8.427462e+03 8.355800e+03 8.356254e+03 8.427008e+03
8.229796e+03 8.366814e+03 8.306769e+03 8.289841e+03
8.140192e+03 8.376284e+03 8.299900e+03 8.216576e+03
