0.8 9.548146e+03 9.550886e+03 9.553635e+03 9.550895e+03
1.8 9.588557e+03 9.571762e+03 9.584963e+03 9.601758e+03
2.8 9.603791e+03 9.614433e+03 9.632814e+03 9.622172e+03
3.8 9.586362e+03 9.604310e+03 9.625439e+03 9.607492e+03
4.8 9.626304e+03 9.589511e+03 9.591515e+03 9.628309e+03
5.8 9.530887e+03 9.548972e+03 9.565255e+03 9.547170e+03
6.8 9.556615e+03 9.530338e+03 9.552080e+03 9.578357e+03
7.8 9.583134e+03 9.551631e+03 9.546978e+03 9.578481e+03
8.8 9.578983e+03 9.545571e+03 9.546583e+03 9.579995e+03
9.8 9.592981e+03 9.549597e+03 9.548432e+03 9.591816e+03
10.8 9.573524e+03 9.534137e+03 9.550788e+03 9.590175e+03
11.8 9.569510e+03 9.545145e+03 9.552655e+03 9.577020e+03
12.8 9.573106e+03 9.550505e+03 9.557870e+03 9.580471e+03
13.8 9.594166e+03 9.584038e+03 9.591614e+03 9.601742e+03
14.8 9.638944e+03 9.594471e+03 9.605812e+03 9.650285e+03
15.8 9.535283e+03 9.574151e+03 9.588265e+03 9.549396e+03
16.8 9.516477e+03 9.555661e+03 9.569215e+03 9.530031e+03
17.8 9.516736e+03 9.538058e+03 9.558008e+03 9.536686e+03
0.1 9.569510e+03 9.545145e+03 9.552655e+03 9.577020e+03
1.1 9.573106e+03 9.550505e+03 9.557870e+03 9.580471e+03
2.1 9.594166e+03 9.584038e+03 9.591614e+03 9.601742e+03
3.1 9.638944e+03 9.594471e+03 9.605812e+03 9.650285e+03
4.1 9.535283e+03 9.574151e+03 9.588265e+03 9.549396e+03
5.1 9.516477e+03 9.555661e+03 9.569215e+03 9.530031e+03
6.1 9.516736e+03 9.538058e+03 9.558008e+03 9.536686e+03
7.1 9.502969e+03 9.531663e+03 9.552826e+03 9.524132e+03
8.1 9.527426e+03 9.535233e+03 9.551472e+03 9.543665e+03
9.1 9.582552e+03 9.554949e+03 9.552127e+03 9.579730e+03
10.1 9.597067e+03 9.587259e+03 9.553489e+03 9.563297e+03
11.1 9.540668e+03 9.574557e+03 9.554777e+03 9.520888e+03
12.1 9.513983e+03 9.559573e+03 9.555714e+03 9.510125e+03
13.1 9.513732e+03 9.538864e+03 9.556274e+03 9.531143e+03
14.1 9.522778e+03 9.536192e+03 9.556600e+03 9.543186e+03
15.1 9.585403e+03 9.569832e+03 9.556784e+03 9.572355e+03
16.1 9.585623e+03 9.576035e+03 9.556898e+03 9.566485e+03
17.1 9.616307e+03 9.576339e+03 9.556977e+03 9.596945e+03
0.9 9.520067e+03 9.540527e+03 9.559060e+03 9.538600e+03
1.9 9.529145e+03 9.555746e+03 9.576556e+03 9.549955e+03
2.9 9.598945e+03 9.565672e+03 9.583576e+03 9.616850e+03
3.9 9.559104e+03 9.556535e+03 9.574122e+03 9.576690e+03
4.9 9.537806e+03 9.542851e+03 9.564055e+03 9.559010e+03
5.9 9.532149e+03 9.538888e+03 9.558045e+03 9.551307e+03
6.9 9.549408e+03 9.537321e+03 9.555355e+03 9.567442e+03
7.9 9.580844e+03 9.567748e+03 9.554538e+03 9.567634e+03
8.9 9.603382e+03 9.572528e+03 9.554764e+03 9.585618e+03
9.9 9.571602e+03 9.558771e+03 9.555350e+03 9.568181e+03
10.9 9.561523e+03 9.546577e+03 9.555906e+03 9.570853e+03
11.9 9.571505e+03 9.548123e+03 9.556254e+03 9.579636e+03
12.9 9.578384e+03 9.551882e+03 9.556424e+03 9.582926e+03
13.9 9.566996e+03 9.579071e+03 9.556466e+03 9.544391e+03
14.9 9.617803e+03 9.603733e+03 9.556442e+03 9.570512e+03
15.9 9.595293e+03 9.595180e+03 9.556387e+03 9.556499e+03
16.9 9.584967e+03 9.592634e+03 9.556317e+03 9.548650e+03
17.9 9.591237e+03 9.569026e+03 9.556301e+03 9.578512e+03
0.5 9.591237e+03 9.569026e+03 9.556301e+03 9.578512e+03
1.5 9.561182e+03 9.554489e+03 9.569760e+03 9.576452e+03
2.5 9.554693e+03 9.581316e+03 9.599155e+03 9.572532e+03
3.5 9.572469e+03 9.567029e+03 9.596461e+03 9.601901e+03
4.5 9.557202e+03 9.559935e+03 9.577528e+03 9.574795e+03
5.5 9.569108e+03 9.542203e+03 9.562721e+03 9.589627e+03
6.5 9.587025e+03 9.554832e+03 9.555186e+03 9.587380e+03
7.5 9.583260e+03 9.577382e+03 9.563961e+03 9.569838e+03
8.5 9.605322e+03 9.597931e+03 9.603489e+03 9.610880e+03
9.5 9.606650e+03 9.586610e+03 9.608217e+03 9.628257e+03
10.5 9.580411e+03 9.571724e+03 9.585358e+03 9.594044e+03
11.5 9.567715e+03 9.580457e+03 9.565899e+03 9.553157e+03
12.5 9.526494e+03 9.544114e+03 9.555240e+03 9.537621e+03
13.5 9.550974e+03 9.579604e+03 9.550590e+03 9.521959e+03
14.5 9.582669e+03 9.580042e+03 9.549656e+03 9.552284e+03
15.5 9.585556e+03 9.563339e+03 9.550579e+03 9.572796e+03
16.5 9.539526e+03 9.557014e+03 9.552001e+03 9.534513e+03
17.5 9.526059e+03 9.545413e+03 9.553202e+03 9.533847e+03
0.4 9.587025e+03 9.554832e+03 9.555186e+03 9.587380e+03
1.4 9.583260e+03 9.577382e+03 9.563961e+03 9.569838e+03
2.4 9.605322e+03 9.597931e+03 9.603489e+03 9.610880e+03
3.4 9.606650e+03 9.586610e+03 9.608217e+03 9.628257e+03
4.4 9.580411e+03 9.571724e+03 9.585358e+03 9.594044e+03
5.4 9.567715e+03 9.580457e+03 9.565899e+03 9.553157e+03
6.4 9.526494e+03 9.544114e+03 9.555240e+03 9.537621e+03
7.4 9.550974e+03 9.579604e+03 9.550590e+03 9.521959e+03
8.4 9.582669e+03 9.580042e+03 9.549656e+03 9.552284e+03
9.4 9.585556e+03 9.563339e+03 9.550579e+03 9.572796e+03
10.4 9.539526e+03 9.557014e+03 9.552001e+03 9.534513e+03
11.4 9.526059e+03 9.545413e+03 9.553202e+03 9.533847e+03
12.4 9.504955e+03 9.539267e+03 9.553983e+03 9.519671e+03
13.4 9.575176e+03 9.577341e+03 9.554365e+03 9.552200e+03
14.4 9.579982e+03 9.604098e+03 9.554519e+03 9.530403e+03
15.4 9.594688e+03 9.592854e+03 9.554551e+03 9.556386e+03
16.4 9.557063e+03 9.566908e+03 9.554537e+03 9.544693e+03
17.4 9.530270e+03 9.542340e+03 9.554499e+03 9.542429e+03
0.7 9.537709e+03 9.525722e+03 9.554789e+03 9.566776e+03
1.7 9.531212e+03 9.544258e+03 9.577323e+03 9.564277e+03
2.7 9.580816e+03 9.580632e+03 9.618434e+03 9.618618e+03
3.7 9.627546e+03 9.601155e+03 9.614192e+03 9.640582e+03
4.7 9.579312e+03 9.573067e+03 9.585834e+03 9.592079e+03
5.7 9.554170e+03 9.567909e+03 9.564531e+03 9.550792e+03
6.7 9.538584e+03 9.565028e+03 9.553106e+03 9.526661e+03
7.7 9.489654e+03 9.530428e+03 9.548624e+03 9.507851e+03
8.7 9.546784e+03 9.575995e+03 9.547978e+03 9.518767e+03
9.7 9.594860e+03 9.603861e+03 9.549245e+03 9.540244e+03
10.7 9.597600e+03 9.573912e+03 9.550904e+03 9.574592e+03
11.7 9.549386e+03 9.558805e+03 9.552259e+03 9.542840e+03
12.7 9.581555e+03 9.552198e+03 9.553074e+03 9.582430e+03
13.7 9.558599e+03 9.549700e+03 9.553496e+03 9.562395e+03
14.7 9.606079e+03 9.607499e+03 9.553684e+03 9.552263e+03
15.7 9.592028e+03 9.608988e+03 9.553738e+03 9.536778e+03
16.7 9.564002e+03 9.579386e+03 9.553738e+03 9.538354e+03
17.7 9.533993e+03 9.568882e+03 9.553723e+03 9.518835e+03
0.5 9.583398e+03 9.527472e+03 9.553726e+03 9.609653e+03
1.5 9.579488e+03 9.549347e+03 9.568245e+03 9.598387e+03
2.5 9.587695e+03 9.584731e+03 9.609228e+03 9.612193e+03
3.5 9.574292e+03 9.603597e+03 9.612334e+03 9.583029e+03
4.5 9.591436e+03 9.602670e+03 9.586897e+03 9.575663e+03
5.5 9.486359e+03 9.498621e+03 9.565661e+03 9.553399e+03
6.5 9.488218e+03 9.516824e+03 9.553850e+03 9.525244e+03
7.5 9.531980e+03 9.522766e+03 9.550745e+03 9.559960e+03
8.5 9.594810e+03 9.558218e+03 9.577212e+03 9.613804e+03
9.5 9.597190e+03 9.578580e+03 9.598700e+03 9.617310e+03
10.5 9.574008e+03 9.566317e+03 9.586357e+03 9.594049e+03
11.5 9.525613e+03 9.547582e+03 9.567693e+03 9.545724e+03
12.5 9.522854e+03 9.533308e+03 9.556368e+03 9.545915e+03
13.5 9.536521e+03 9.529448e+03 9.551002e+03 9.558074e+03
14.5 9.537309e+03 9.524168e+03 9.550598e+03 9.563739e+03
15.5 9.548601e+03 9.557234e+03 9.580366e+03 9.571732e+03
16.5 9.598104e+03 9.597253e+03 9.615107e+03 9.615959e+03
17.5 9.618722e+03 9.587843e+03 9.603541e+03 9.634420e+03
0.9 9.531980e+03 9.522766e+03 9.550745e+03 9.559960e+03
1.9 9.594810e+03 9.558218e+03 9.577212e+03 9.613804e+03
2.9 9.597190e+03 9.578580e+03 9.598700e+03 9.617310e+03
3.9 9.574008e+03 9.566317e+03 9.586357e+03 9.594049e+03
4.9 9.525613e+03 9.547582e+03 9.567693e+03 9.545724e+03
5.9 9.522854e+03 9.533308e+03 9.556368e+03 9.545915e+03
6.9 9.536521e+03 9.529448e+03 9.551002e+03 9.558074e+03
7.9 9.537309e+03 9.524168e+03 9.550598e+03 9.563739e+03
8.9 9.548601e+03 9.557234e+03 9.580366e+03 9.571732e+03
9.9 9.598104e+03 9.597253e+03 9.615107e+03 9.615959e+03
10.9 9.618722e+03 9.587843e+03 9.603541e+03 9.634420e+03
11.9 9.607508e+03 9.616075e+03 9.578039e+03 9.569472e+03
12.9 9.574791e+03 9.572319e+03 9.560159e+03 9.562632e+03
13.9 9.571200e+03 9.573289e+03 9.551523e+03 9.549434e+03
14.9 9.580046e+03 9.574961e+03 9.548326e+03 9.553411e+03
15.9 9.599952e+03 9.599295e+03 9.548370e+03 9.549026e+03
16.9 9.602755e+03 9.579654e+03 9.549796e+03 9.572897e+03
17.9 9.572177e+03 9.559712e+03 9.551442e+03 9.563907e+03
0.8 9.537309e+03 9.524168e+03 9.550598e+03 9.563739e+03
1.8 9.548601e+03 9.557234e+03 9.580366e+03 9.571732e+03
2.8 9.598104e+03 9.597253e+03 9.615107e+03 9.615959e+03
3.8 9.618722e+03 9.587843e+03 9.603541e+03 9.634420e+03
4.8 9.607508e+03 9.616075e+03 9.578039e+03 9.569472e+03
5.8 9.574791e+03 9.572319e+03 9.560159e+03 9.562632e+03
6.8 9.571200e+03 9.573289e+03 9.551523e+03 9.549434e+03
7.8 9.580046e+03 9.574961e+03 9.548326e+03 9.553411e+03
8.8 9.599952e+03 9.599295e+03 9.548370e+03 9.549026e+03
9.8 9.602755e+03 9.579654e+03 9.549796e+03 9.572897e+03
10.8 9.572177e+03 9.559712e+03 9.551442e+03 9.563907e+03
11.8 9.543253e+03 9.549329e+03 9.552658e+03 9.546583e+03
12.8 9.560292e+03 9.562651e+03 9.553415e+03 9.551056e+03
13.8 9.597964e+03 9.594421e+03 9.553804e+03 9.557348e+03
14.8 9.549318e+03 9.585498e+03 9.553993e+03 9.517814e+03
15.8 9.535001e+03 9.561838e+03 9.554083e+03 9.527245e+03
16.8 9.549578e+03 9.541111e+03 9.554126e+03 9.562593e+03
17.8 9.539892e+03 9.529697e+03 9.554151e+03 9.564346e+03
0.2 9.595644e+03 9.579727e+03 9.554292e+03 9.570208e+03
1.2 9.523297e+03 9.540188e+03 9.560176e+03 9.543285e+03
2.2 9.570442e+03 9.575240e+03 9.607246e+03 9.602449e+03
3.2 9.581300e+03 9.599274e+03 9.641450e+03 9.623476e+03
4.2 9.598043e+03 9.574619e+03 9.618624e+03 9.642048e+03
5.2 9.598048e+03 9.576469e+03 9.583968e+03 9.605548e+03
6.2 9.549685e+03 9.544259e+03 9.561420e+03 9.566846e+03
7.2 9.483140e+03 9.518803e+03 9.550274e+03 9.514611e+03
8.2 9.504688e+03 9.517104e+03 9.546634e+03 9.534217e+03
9.2 9.521195e+03 9.524270e+03 9.547020e+03 9.543946e+03
10.2 9.586761e+03 9.578907e+03 9.549056e+03 9.556910e+03
11.2 9.570550e+03 9.585802e+03 9.551195e+03 9.535942e+03
12.2 9.528564e+03 9.567135e+03 9.552807e+03 9.514237e+03
13.2 9.584194e+03 9.590235e+03 9.553757e+03 9.547716e+03
14.2 9.579894e+03 9.544657e+03 9.554282e+03 9.589518e+03
15.2 9.517629e+03 9.534083e+03 9.554554e+03 9.538100e+03
16.2 9.559713e+03 9.565682e+03 9.554710e+03 9.548742e+03
17.2 9.571845e+03 9.596004e+03 9.554816e+03 9.530657e+03
1.0 9.526544e+03 9.536713e+03 9.557448e+03 9.547279e+03
2.0 9.547549e+03 9.562977e+03 9.593207e+03 9.577778e+03
3.0 9.563131e+03 9.595494e+03 9.626464e+03 9.594101e+03
4.0 9.594278e+03 9.593439e+03 9.610308e+03 9.611147e+03
5.0 9.619284e+03 9.619594e+03 9.581670e+03 9.581361e+03
6.0 9.595208e+03 9.564507e+03 9.573832e+03 9.604533e+03
7.0 9.577375e+03 9.581570e+03 9.611651e+03 9.607457e+03
8.0 9.593356e+03 9.591637e+03 9.620617e+03 9.622336e+03
9.0 9.559235e+03 9.564182e+03 9.593638e+03 9.588691e+03
10.0 9.515993e+03 9.538768e+03 9.569079e+03 9.546305e+03
11.0 9.557361e+03 9.545891e+03 9.555884e+03 9.567355e+03
12.0 9.571043e+03 9.577984e+03 9.550520e+03 9.543579e+03
13.0 9.577145e+03 9.577859e+03 9.549798e+03 9.549083e+03
14.0 9.535456e+03 9.551783e+03 9.551374e+03 9.535047e+03
15.0 9.586902e+03 9.568119e+03 9.553583e+03 9.572367e+03
16.0 9.553764e+03 9.553925e+03 9.555521e+03 9.555360e+03
17.0 9.605387e+03 9.582252e+03 9.556917e+03 9.580051e+03
18.0 9.596477e+03 9.595401e+03 9.557790e+03 9.558866e+03
0.4 9.619284e+03 9.619594e+03 9.581670e+03 9.581361e+03
1.4 9.595208e+03 9.564507e+03 9.573832e+03 9.604533e+03
2.4 9.577375e+03 9.581570e+03 9.611651e+03 9.607457e+03
3.4 9.593356e+03 9.591637e+03 9.620617e+03 9.622336e+03
4.4 9.559235e+03 9.564182e+03 9.593638e+03 9.588691e+03
5.4 9.515993e+03 9.538768e+03 9.569079e+03 9.546305e+03
6.4 9.557361e+03 9.545891e+03 9.555884e+03 9.567355e+03
7.4 9.571043e+03 9.577984e+03 9.550520e+03 9.543579e+03
8.4 9.577145e+03 9.577859e+03 9.549798e+03 9.549083e+03
9.4 9.535456e+03 9.551783e+03 9.551374e+03 9.535047e+03
10.4 9.586902e+03 9.568119e+03 9.553583e+03 9.572367e+03
11.4 9.553764e+03 9.553925e+03 9.555521e+03 9.555360e+03
12.4 9.605387e+03 9.582252e+03 9.556917e+03 9.580051e+03
13.4 9.596477e+03 9.595401e+03 9.557790e+03 9.558866e+03
14.4 9.567402e+03 9.579728e+03 9.558359e+03 9.546034e+03
15.4 9.572251e+03 9.573685e+03 9.558757e+03 9.557323e+03
16.4 9.537153e+03 9.554739e+03 9.559086e+03 9.541501e+03
17.4 9.558074e+03 9.583197e+03 9.559389e+03 9.534267e+03
