0.1 9.570550e+03 9.585802e+03 9.562427e+03 9.547175e+03
1.1 9.528564e+03 9.567135e+03 9.566508e+03 9.527938e+03
2.1 9.584194e+03 9.590235e+03 9.586469e+03 9.580428e+03
3.1 9.579894e+03 9.544657e+03 9.590224e+03 9.625460e+03
4.1 9.517629e+03 9.534083e+03 9.578868e+03 9.562414e+03
5.1 9.559713e+03 9.565682e+03 9.568493e+03 9.562525e+03
6.1 9.571845e+03 9.596004e+03 9.562572e+03 9.538412e+03
7.1 9.589776e+03 9.572948e+03 9.560024e+03 9.576852e+03
8.1 9.559544e+03 9.547108e+03 9.559372e+03 9.571808e+03
9.1 9.517038e+03 9.539141e+03 9.559734e+03 9.537631e+03
10.1 9.526544e+03 9.536713e+03 9.560404e+03 9.550235e+03
11.1 9.547549e+03 9.562977e+03 9.561004e+03 9.545576e+03
12.1 9.563131e+03 9.595494e+03 9.561374e+03 9.529011e+03
13.1 9.594278e+03 9.593439e+03 9.561562e+03 9.562402e+03
14.1 9.619284e+03 9.619594e+03 9.561624e+03 9.561315e+03
15.1 9.595208e+03 9.564507e+03 9.561625e+03 9.592326e+03
16.1 9.577375e+03 9.581570e+03 9.561598e+03 9.557404e+03
17.1 9.593356e+03 9.591637e+03 9.561560e+03 9.563280e+03
0.6 9.596477e+03 9.595401e+03 9.561362e+03 9.562438e+03
1.6 9.567402e+03 9.579728e+03 9.574489e+03 9.562164e+03
2.6 9.572251e+03 9.573685e+03 9.590227e+03 9.588792e+03
3.6 9.537153e+03 9.554739e+03 9.584575e+03 9.566990e+03
4.6 9.558074e+03 9.583197e+03 9.572256e+03 9.547133e+03
5.6 9.588335e+03 9.580054e+03 9.564136e+03 9.572417e+03
6.6 9.563064e+03 9.553502e+03 9.560007e+03 9.569569e+03
7.6 9.538195e+03 9.546702e+03 9.558522e+03 9.550015e+03
8.6 9.530811e+03 9.534974e+03 9.558480e+03 9.554317e+03
9.6 9.551401e+03 9.559953e+03 9.559107e+03 9.550556e+03
10.6 9.579663e+03 9.572618e+03 9.559811e+03 9.566855e+03
11.6 9.556326e+03 9.557752e+03 9.560356e+03 9.558930e+03
12.6 9.618052e+03 9.562920e+03 9.560677e+03 9.615808e+03
13.6 9.552488e+03 9.554153e+03 9.560845e+03 9.559181e+03
14.6 9.610208e+03 9.584564e+03 9.560928e+03 9.586572e+03
15.6 9.632900e+03 9.591027e+03 9.561463e+03 9.603337e+03
16.6 9.582115e+03 9.573806e+03 9.577145e+03 9.585454e+03
17.6 9.542933e+03 9.552853e+03 9.590448e+03 9.580528e+03
0.7 9.632900e+03 9.591027e+03 9.561463e+03 9.603337e+03
1.7 9.582115e+03 9.573806e+03 9.577145e+03 9.585454e+03
2.7 9.542933e+03 9.552853e+03 9.590448e+03 9.580528e+03
3.7 9.583982e+03 9.577636e+03 9.583009e+03 9.589355e+03
4.7 9.596198e+03 9.577493e+03 9.570971e+03 9.589676e+03
5.7 9.525320e+03 9.567620e+03 9.563489e+03 9.521189e+03
6.7 9.559765e+03 9.582670e+03 9.559814e+03 9.536909e+03
7.7 9.557747e+03 9.553631e+03 9.558618e+03 9.562734e+03
8.7 9.542706e+03 9.542041e+03 9.558757e+03 9.559422e+03
9.7 9.575722e+03 9.559543e+03 9.559484e+03 9.575662e+03
10.7 9.588416e+03 9.587086e+03 9.560241e+03 9.561571e+03
11.7 9.571939e+03 9.577180e+03 9.560828e+03 9.555588e+03
12.7 9.563435e+03 9.563252e+03 9.561199e+03 9.561381e+03
13.7 9.546801e+03 9.546865e+03 9.561429e+03 9.561365e+03
14.7 9.510333e+03 9.534815e+03 9.561583e+03 9.537101e+03
