0.2 9.358489e+03 9.358944e+03 9.358722e+03 9.358266e+03
1.2 9.353354e+03 9.357096e+03 9.360353e+03 9.356611e+03
2.2 9.360633e+03 9.362534e+03 9.366018e+03 9.364117e+03
3.2 9.333525e+03 9.350455e+03 9.366455e+03 9.349525e+03
4.2 9.339822e+03 9.328501e+03 9.363162e+03 9.374483e+03
5.2 9.355909e+03 9.346410e+03 9.360390e+03 9.369889e+03
6.2 9.358551e+03 9.333491e+03 9.358862e+03 9.383922e+03
7.2 9.374107e+03 9.378795e+03 9.358242e+03 9.353553e+03
8.2 9.355753e+03 9.334646e+03 9.358129e+03 9.379236e+03
9.2 9.363344e+03 9.350605e+03 9.358279e+03 9.371017e+03
10.2 9.356966e+03 9.351268e+03 9.358499e+03 9.364197e+03
11.2 9.370918e+03 9.362425e+03 9.358691e+03 9.367184e+03
12.2 9.373545e+03 9.363222e+03 9.358816e+03 9.369139e+03
13.2 9.365087e+03 9.365363e+03 9.358890e+03 9.358614e+03
14.2 9.356270e+03 9.372356e+03 9.358929e+03 9.342843e+03
15.2 9.348346e+03 9.348308e+03 9.358951e+03 9.358990e+03
16.2 9.335810e+03 9.341195e+03 9.358964e+03 9.353579e+03
17.2 9.348261e+03 9.358748e+03 9.358973e+03 9.348487e+03
0.4 9.358589e+03 9.390243e+03 9.358606e+03 9.326952e+03
1.4 9.346354e+03 9.348402e+03 9.360854e+03 9.358806e+03
2.4 9.357527e+03 9.358740e+03 9.366282e+03 9.365069e+03
3.4 9.359301e+03 9.367864e+03 9.365988e+03 9.357425e+03
4.4 9.370593e+03 9.361707e+03 9.362515e+03 9.371402e+03
5.4 9.373963e+03 9.353776e+03 9.359884e+03 9.380072e+03
6.4 9.370648e+03 9.368105e+03 9.359273e+03 9.361815e+03
7.4 9.387772e+03 9.372898e+03 9.364238e+03 9.379113e+03
8.4 9.366219e+03 9.350439e+03 9.365945e+03 9.381724e+03
9.4 9.372475e+03 9.365085e+03 9.363028e+03 9.370418e+03
10.4 9.364392e+03 9.356990e+03 9.360195e+03 9.367596e+03
11.4 9.356797e+03 9.348544e+03 9.358589e+03 9.366841e+03
12.4 9.344535e+03 9.356997e+03 9.357919e+03 9.345457e+03
13.4 9.334568e+03 9.352812e+03 9.357765e+03 9.339521e+03
14.4 9.334085e+03 9.345554e+03 9.357893e+03 9.346424e+03
15.4 9.344683e+03 9.358932e+03 9.358110e+03 9.343862e+03
16.4 9.355353e+03 9.366024e+03 9.358309e+03 9.347638e+03
17.4 9.361952e+03 9.368087e+03 9.358442e+03 9.352307e+03
1.0 9.370648e+03 9.368105e+03 9.359273e+03 9.361815e+03
2.0 9.387772e+03 9.372898e+03 9.364238e+03 9.379113e+03
3.0 9.366219e+03 9.350439e+03 9.365945e+03 9.381724e+03
4.0 9.372475e+03 9.365085e+03 9.363028e+03 9.370418e+03
5.0 9.364392e+03 9.356990e+03 9.360195e+03 9.367596e+03
6.0 9.356797e+03 9.348544e+03 9.358589e+03 9.366841e+03
7.0 9.344535e+03 9.356997e+03 9.357919e+03 9.345457e+03
8.0 9.334568e+03 9.352812e+03 9.357765e+03 9.339521e+03
9.0 9.334085e+03 9.345554e+03 9.357893e+03 9.346424e+03
10.0 9.344683e+03 9.358932e+03 9.358110e+03 9.343862e+03
11.0 9.355353e+03 9.366024e+03 9.358309e+03 9.347638e+03
12.0 9.361952e+03 9.368087e+03 9.358442e+03 9.352307e+03
13.0 9.363356e+03 9.362838e+03 9.358521e+03 9.359038e+03
14.0 9.360261e+03 9.347048e+03 9.358565e+03 9.371777e+03
15.0 9.342538e+03 9.324639e+03 9.358590e+03 9.376489e+03
16.0 9.345096e+03 9.336167e+03 9.358608e+03 9.367538e+03
17.0 9.357344e+03 9.341600e+03 9.358622e+03 9.374366e+03
18.0 9.385498e+03 9.381847e+03 9.358636e+03 9.362287e+03
0.3 9.385498e+03 9.381847e+03 9.358636e+03 9.362287e+03
1.3 9.373886e+03 9.365381e+03 9.360637e+03 9.369142e+03
2.3 9.369154e+03 9.361814e+03 9.366196e+03 9.373536e+03
3.3 9.357091e+03 9.366750e+03 9.366155e+03 9.356495e+03
4.3 9.344665e+03 9.334382e+03 9.362800e+03 9.373083e+03
5.3 9.362746e+03 9.358953e+03 9.360123e+03 9.363915e+03
6.3 9.370478e+03 9.371114e+03 9.358675e+03 9.358039e+03
7.3 9.367519e+03 9.361295e+03 9.358102e+03 9.364326e+03
8.3 9.356223e+03 9.357633e+03 9.358015e+03 9.356605e+03
9.3 9.354379e+03 9.356921e+03 9.358175e+03 9.355633e+03
10.3 9.346434e+03 9.341932e+03 9.358397e+03 9.362899e+03
11.3 9.363777e+03 9.365766e+03 9.358588e+03 9.356599e+03
12.3 9.388176e+03 9.377022e+03 9.358713e+03 9.369867e+03
13.3 9.383593e+03 9.376954e+03 9.358789e+03 9.365428e+03
14.3 9.364407e+03 9.369284e+03 9.358833e+03 9.353956e+03
15.3 9.368636e+03 9.362381e+03 9.358861e+03 9.365116e+03
16.3 9.358870e+03 9.347287e+03 9.358881e+03 9.370465e+03
17.3 9.364450e+03 9.352305e+03 9.358899e+03 9.371044e+03
0.6 9.319677e+03 9.352388e+03 9.359144e+03 9.326434e+03
1.6 9.346708e+03 9.352009e+03 9.362568e+03 9.357266e+03
2.6 9.361576e+03 9.361683e+03 9.367273e+03 9.367166e+03
3.6 9.338644e+03 9.352487e+03 9.365918e+03 9.352074e+03
4.6 9.329176e+03 9.331186e+03 9.362430e+03 9.360420e+03
5.6 9.315919e+03 9.339621e+03 9.360076e+03 9.336374e+03
6.6 9.320311e+03 9.311404e+03 9.358870e+03 9.367777e+03
7.6 9.347264e+03 9.359061e+03 9.358432e+03 9.346635e+03
8.6 9.338041e+03 9.357718e+03 9.358413e+03 9.338735e+03
9.6 9.347890e+03 9.369780e+03 9.358593e+03 9.336703e+03
10.6 9.395076e+03 9.402203e+03 9.358800e+03 9.351673e+03
11.6 9.368026e+03 9.348812e+03 9.358964e+03 9.378178e+03
12.6 9.344665e+03 9.343034e+03 9.359064e+03 9.360695e+03
13.6 9.358385e+03 9.353693e+03 9.359119e+03 9.363812e+03
14.6 9.368860e+03 9.364022e+03 9.359149e+03 9.363987e+03
15.6 9.373724e+03 9.346200e+03 9.359166e+03 9.386690e+03
16.6 9.347950e+03 9.353678e+03 9.359178e+03 9.353449e+03
17.6 9.328245e+03 9.351035e+03 9.359187e+03 9.336397e+03
