0.9 1.076956e+04 1.080586e+04 1.077224e+04 1.073594e+04
1.9 1.076005e+04 1.080742e+04 1.077429e+04 1.072692e+04
2.9 1.070116e+04 1.072708e+04 1.077550e+04 1.074957e+04
3.9 1.074206e+04 1.073928e+04 1.077442e+04 1.077721e+04
4.9 1.073190e+04 1.074209e+04 1.077311e+04 1.076292e+04
5.9 1.077883e+04 1.077228e+04 1.077231e+04 1.077886e+04
6.9 1.081020e+04 1.078429e+04 1.077192e+04 1.079783e+04
7.9 1.078425e+04 1.077886e+04 1.077180e+04 1.077719e+04
8.9 1.077631e+04 1.076765e+04 1.077182e+04 1.078049e+04
9.9 1.074321e+04 1.074570e+04 1.077190e+04 1.076941e+04
10.9 1.075259e+04 1.074964e+04 1.077198e+04 1.077492e+04
11.9 1.073233e+04 1.073189e+04 1.077204e+04 1.077248e+04
12.9 1.077227e+04 1.076566e+04 1.077207e+04 1.077867e+04
13.9 1.081040e+04 1.079489e+04 1.077209e+04 1.078760e+04
14.9 1.083912e+04 1.078941e+04 1.077275e+04 1.082247e+04
15.9 1.080563e+04 1.081491e+04 1.077506e+04 1.076578e+04
16.9 1.081066e+04 1.078576e+04 1.077523e+04 1.080013e+04
17.9 1.080741e+04 1.079554e+04 1.077388e+04 1.078575e+04
0.2 1.081040e+04 1.079489e+04 1.077209e+04 1.078760e+04
1.2 1.083912e+04 1.078941e+04 1.077275e+04 1.082247e+04
2.2 1.080563e+04 1.081491e+04 1.077506e+04 1.076578e+04
3.2 1.081066e+04 1.078576e+04 1.077523e+04 1.080013e+04
4.2 1.080741e+04 1.079554e+04 1.077388e+04 1.078575e+04
5.2 1.078302e+04 1.078308e+04 1.077272e+04 1.077267e+04
6.2 1.083323e+04 1.080018e+04 1.077212e+04 1.080516e+04
7.2 1.079713e+04 1.078589e+04 1.077186e+04 1.078310e+04
8.2 1.077663e+04 1.076887e+04 1.077181e+04 1.077958e+04
9.2 1.077815e+04 1.075815e+04 1.077186e+04 1.079186e+04
10.2 1.076875e+04 1.077639e+04 1.077195e+04 1.076432e+04
11.2 1.081919e+04 1.080286e+04 1.077203e+04 1.078836e+04
12.2 1.078519e+04 1.078907e+04 1.077207e+04 1.076820e+04
13.2 1.078886e+04 1.078227e+04 1.077210e+04 1.077869e+04
14.2 1.075147e+04 1.076918e+04 1.077212e+04 1.075440e+04
15.2 1.074525e+04 1.075818e+04 1.077212e+04 1.075919e+04
16.2 1.077239e+04 1.073331e+04 1.077213e+04 1.081121e+04
17.2 1.078520e+04 1.076598e+04 1.077213e+04 1.079136e+04
0.4 1.078772e+04 1.079099e+04 1.077220e+04 1.076893e+04
1.4 1.081298e+04 1.079404e+04 1.077312e+04 1.079206e+04
2.4 1.083541e+04 1.082134e+04 1.077534e+04 1.078942e+04
3.4 1.077601e+04 1.077949e+04 1.077523e+04 1.077176e+04
4.4 1.080959e+04 1.078550e+04 1.077382e+04 1.079790e+04
5.4 1.084425e+04 1.079179e+04 1.077275e+04 1.082521e+04
6.4 1.079710e+04 1.077703e+04 1.077218e+04 1.079224e+04
7.4 1.075597e+04 1.076334e+04 1.077195e+04 1.076458e+04
8.4 1.073481e+04 1.076486e+04 1.077192e+04 1.074186e+04
9.4 1.077432e+04 1.078047e+04 1.077198e+04 1.076584e+04
10.4 1.078610e+04 1.078335e+04 1.077207e+04 1.077482e+04
11.4 1.078831e+04 1.076223e+04 1.077214e+04 1.079821e+04
12.4 1.080641e+04 1.079874e+04 1.077219e+04 1.077986e+04
13.4 1.077024e+04 1.076331e+04 1.077222e+04 1.077915e+04
14.4 1.080562e+04 1.077857e+04 1.077223e+04 1.079928e+04
15.4 1.074925e+04 1.078928e+04 1.077224e+04 1.073221e+04
16.4 1.076289e+04 1.078389e+04 1.077225e+04 1.075124e+04
17.4 1.075787e+04 1.077070e+04 1.077225e+04 1.075942e+04
