0.2 1.591676e+03 1.579657e+03 1.577462e+03 1.589480e+03
1.2 1.592318e+03 1.580805e+03 1.573965e+03 1.585477e+03
2.2 1.582463e+03 1.576167e+03 1.561819e+03 1.568115e+03
3.2 1.576600e+03 1.595461e+03 1.560883e+03 1.542023e+03
4.2 1.598422e+03 1.590021e+03 1.567942e+03 1.576343e+03
5.2 1.597984e+03 1.574838e+03 1.573886e+03 1.597032e+03
6.2 1.594610e+03 1.573644e+03 1.577160e+03 1.598126e+03
7.2 1.594134e+03 1.580601e+03 1.578491e+03 1.592023e+03
8.2 1.588053e+03 1.571599e+03 1.578732e+03 1.595187e+03
9.2 1.545492e+03 1.563193e+03 1.578411e+03 1.560710e+03
10.2 1.556382e+03 1.553884e+03 1.577938e+03 1.580437e+03
11.2 1.535403e+03 1.578467e+03 1.577527e+03 1.534463e+03
12.2 1.578022e+03 1.579673e+03 1.577259e+03 1.575608e+03
13.2 1.582155e+03 1.579229e+03 1.577101e+03 1.580027e+03
14.2 1.580048e+03 1.579250e+03 1.577016e+03 1.577815e+03
15.2 1.548384e+03 1.577221e+03 1.576970e+03 1.548132e+03
16.2 1.546597e+03 1.576201e+03 1.576941e+03 1.547338e+03
17.2 1.580826e+03 1.577515e+03 1.576922e+03 1.580233e+03
0.4 1.594228e+03 1.583913e+03 1.577709e+03 1.588024e+03
1.4 1.588269e+03 1.577687e+03 1.572890e+03 1.583472e+03
2.4 1.583738e+03 1.572578e+03 1.561252e+03 1.572412e+03
3.4 1.583846e+03 1.556112e+03 1.561883e+03 1.589618e+03
4.4 1.574917e+03 1.572340e+03 1.569328e+03 1.571906e+03
5.4 1.533118e+03 1.581839e+03 1.574970e+03 1.526248e+03
6.4 1.548523e+03 1.577789e+03 1.576280e+03 1.547015e+03
7.4 1.514482e+03 1.552741e+03 1.565635e+03 1.527376e+03
8.4 1.578044e+03 1.588442e+03 1.561975e+03 1.551577e+03
9.4 1.538875e+03 1.565905e+03 1.568230e+03 1.541201e+03
10.4 1.575348e+03 1.576813e+03 1.574303e+03 1.572838e+03
11.4 1.547676e+03 1.572556e+03 1.577747e+03 1.552866e+03
12.4 1.564544e+03 1.560725e+03 1.579183e+03 1.583002e+03
13.4 1.594396e+03 1.562222e+03 1.579511e+03 1.611686e+03
14.4 1.546924e+03 1.569281e+03 1.579237e+03 1.556880e+03
15.4 1.605724e+03 1.575084e+03 1.578773e+03 1.609413e+03
16.4 1.610004e+03 1.573809e+03 1.578346e+03 1.614541e+03
17.4 1.595056e+03 1.575577e+03 1.578062e+03 1.597540e+03
1.0 1.548523e+03 1.577789e+03 1.576280e+03 1.547015e+03
2.0 1.514482e+03 1.552741e+03 1.565635e+03 1.527376e+03
3.0 1.578044e+03 1.588442e+03 1.561975e+03 1.551577e+03
4.0 1.538875e+03 1.565905e+03 1.568230e+03 1.541201e+03
5.0 1.575348e+03 1.576813e+03 1.574303e+03 1.572838e+03
6.0 1.547676e+03 1.572556e+03 1.577747e+03 1.552866e+03
7.0 1.564544e+03 1.560725e+03 1.579183e+03 1.583002e+03
8.0 1.594396e+03 1.562222e+03 1.579511e+03 1.611686e+03
9.0 1.546924e+03 1.569281e+03 1.579237e+03 1.556880e+03
10.0 1.605724e+03 1.575084e+03 1.578773e+03 1.609413e+03
11.0 1.610004e+03 1.573809e+03 1.578346e+03 1.614541e+03
12.0 1.595056e+03 1.575577e+03 1.578062e+03 1.597540e+03
13.0 1.556880e+03 1.569647e+03 1.577893e+03 1.565126e+03
14.0 1.538744e+03 1.563279e+03 1.577798e+03 1.553263e+03
15.0 1.573840e+03 1.566879e+03 1.577743e+03 1.584705e+03
16.0 1.602759e+03 1.576698e+03 1.577706e+03 1.603767e+03
17.0 1.594744e+03 1.583724e+03 1.577676e+03 1.588695e+03
18.0 1.597328e+03 1.578486e+03 1.577646e+03 1.596488e+03
0.3 1.597328e+03 1.578486e+03 1.577646e+03 1.596488e+03
1.3 1.565877e+03 1.572938e+03 1.573356e+03 1.566295e+03
2.3 1.569427e+03 1.566858e+03 1.561438e+03 1.564006e+03
3.3 1.539420e+03 1.556812e+03 1.561526e+03 1.544134e+03
4.3 1.559437e+03 1.585160e+03 1.568719e+03 1.542996e+03
5.3 1.546827e+03 1.573344e+03 1.574458e+03 1.547941e+03
6.3 1.549009e+03 1.570807e+03 1.577561e+03 1.555763e+03
7.3 1.543196e+03 1.575579e+03 1.578791e+03 1.546409e+03
8.3 1.564724e+03 1.572512e+03 1.578976e+03 1.571188e+03
9.3 1.565582e+03 1.570646e+03 1.578633e+03 1.573569e+03
10.3 1.584162e+03 1.569735e+03 1.578157e+03 1.592584e+03
11.3 1.563530e+03 1.569291e+03 1.577748e+03 1.571987e+03
12.3 1.546356e+03 1.569328e+03 1.577481e+03 1.554509e+03
13.3 1.569345e+03 1.572787e+03 1.577317e+03 1.573875e+03
14.3 1.565099e+03 1.569794e+03 1.577224e+03 1.572528e+03
15.3 1.545864e+03 1.571194e+03 1.577164e+03 1.551833e+03
16.3 1.553988e+03 1.573036e+03 1.577119e+03 1.558070e+03
17.3 1.571622e+03 1.575919e+03 1.577081e+03 1.572784e+03
0.6 1.594383e+03 1.582777e+03 1.576556e+03 1.588161e+03
1.6 1.600644e+03 1.593041e+03 1.569216e+03 1.576819e+03
2.6 1.592481e+03 1.566943e+03 1.559130e+03 1.584668e+03
3.6 1.607450e+03 1.575691e+03 1.562035e+03 1.593794e+03
4.6 1.580096e+03 1.578433e+03 1.569512e+03 1.571175e+03
5.6 1.607573e+03 1.573420e+03 1.574558e+03 1.608711e+03
6.6 1.577561e+03 1.571260e+03 1.577143e+03 1.583445e+03
7.6 1.613289e+03 1.579030e+03 1.578084e+03 1.612343e+03
8.6 1.613593e+03 1.579702e+03 1.578123e+03 1.612014e+03
9.6 1.571278e+03 1.578623e+03 1.577737e+03 1.570392e+03
10.6 1.590994e+03 1.582288e+03 1.577293e+03 1.585999e+03
11.6 1.562628e+03 1.570606e+03 1.576941e+03 1.568964e+03
12.6 1.529718e+03 1.571965e+03 1.576728e+03 1.534481e+03
13.6 1.508177e+03 1.576977e+03 1.576609e+03 1.507809e+03
14.6 1.549684e+03 1.578505e+03 1.576546e+03 1.547724e+03
15.6 1.566479e+03 1.580846e+03 1.576509e+03 1.562142e+03
16.6 1.554558e+03 1.576873e+03 1.576483e+03 1.554168e+03
17.6 1.567284e+03 1.572876e+03 1.576464e+03 1.570872e+03
