0.4 1.246282e+04 1.244676e+04 1.245322e+04 1.246928e+04
1.4 1.244409e+04 1.244056e+04 1.245336e+04 1.245688e+04
2.4 1.245436e+04 1.243873e+04 1.245379e+04 1.246943e+04
3.4 1.251930e+04 1.252795e+04 1.245385e+04 1.244520e+04
4.4 1.245809e+04 1.247275e+04 1.245359e+04 1.243893e+04
5.4 1.244479e+04 1.245048e+04 1.245336e+04 1.244767e+04
6.4 1.247821e+04 1.247061e+04 1.245324e+04 1.246083e+04
7.4 1.250513e+04 1.248245e+04 1.245318e+04 1.247586e+04
8.4 1.245369e+04 1.243676e+04 1.245317e+04 1.247011e+04
9.4 1.243510e+04 1.243534e+04 1.245318e+04 1.245295e+04
10.4 1.238368e+04 1.239650e+04 1.245320e+04 1.244038e+04
11.4 1.237087e+04 1.237662e+04 1.245322e+04 1.244747e+04
12.4 1.241240e+04 1.242114e+04 1.245323e+04 1.244449e+04
13.4 1.238973e+04 1.240169e+04 1.245324e+04 1.244128e+04
14.4 1.250965e+04 1.248552e+04 1.245324e+04 1.247737e+04
15.4 1.241834e+04 1.241133e+04 1.245324e+04 1.246025e+04
16.4 1.242881e+04 1.241963e+04 1.245324e+04 1.246243e+04
17.4 1.238171e+04 1.239251e+04 1.245324e+04 1.244244e+04
0.7 1.244763e+04 1.245006e+04 1.245325e+04 1.245082e+04
1.7 1.248612e+04 1.244190e+04 1.245345e+04 1.249767e+04
2.7 1.253430e+04 1.250998e+04 1.245371e+04 1.247803e+04
3.7 1.244224e+04 1.243473e+04 1.245363e+04 1.246113e+04
4.7 1.243151e+04 1.246624e+04 1.245343e+04 1.241870e+04
5.7 1.245038e+04 1.240727e+04 1.245331e+04 1.249642e+04
6.7 1.236395e+04 1.240101e+04 1.245324e+04 1.241618e+04
7.7 1.241031e+04 1.246392e+04 1.245322e+04 1.239961e+04
8.7 1.246343e+04 1.247070e+04 1.245322e+04 1.244594e+04
9.7 1.251240e+04 1.249724e+04 1.245323e+04 1.246839e+04
10.7 1.245811e+04 1.243384e+04 1.245324e+04 1.247751e+04
11.7 1.248962e+04 1.249051e+04 1.245325e+04 1.245236e+04
12.7 1.247013e+04 1.245352e+04 1.245340e+04 1.247000e+04
13.7 1.243251e+04 1.240848e+04 1.245367e+04 1.247770e+04
14.7 1.241398e+04 1.241296e+04 1.245363e+04 1.245464e+04
15.7 1.247929e+04 1.248718e+04 1.245346e+04 1.244557e+04
16.7 1.247196e+04 1.244736e+04 1.245332e+04 1.247792e+04
17.7 1.243660e+04 1.239752e+04 1.245326e+04 1.249234e+04
0.5 1.248962e+04 1.249051e+04 1.245325e+04 1.245236e+04
1.5 1.247013e+04 1.245352e+04 1.245340e+04 1.247000e+04
2.5 1.243251e+04 1.240848e+04 1.245367e+04 1.247770e+04
3.5 1.241398e+04 1.241296e+04 1.245363e+04 1.245464e+04
4.5 1.247929e+04 1.248718e+04 1.245346e+04 1.244557e+04
5.5 1.247196e+04 1.244736e+04 1.245332e+04 1.247792e+04
6.5 1.243660e+04 1.239752e+04 1.245326e+04 1.249234e+04
7.5 1.239461e+04 1.240243e+04 1.245323e+04 1.244541e+04
8.5 1.248863e+04 1.246869e+04 1.245323e+04 1.247317e+04
9.5 1.243814e+04 1.245957e+04 1.245324e+04 1.243181e+04
10.5 1.247999e+04 1.247489e+04 1.245325e+04 1.245836e+04
11.5 1.246975e+04 1.246954e+04 1.245326e+04 1.245347e+04
12.5 1.243687e+04 1.244094e+04 1.245327e+04 1.244919e+04
13.5 1.247085e+04 1.244955e+04 1.245327e+04 1.247458e+04
14.5 1.236438e+04 1.240950e+04 1.245334e+04 1.240822e+04
15.5 1.239510e+04 1.240671e+04 1.245364e+04 1.244203e+04
16.5 1.238388e+04 1.240794e+04 1.245368e+04 1.242963e+04
17.5 1.245599e+04 1.243798e+04 1.245352e+04 1.247153e+04
0.2 1.247085e+04 1.244955e+04 1.245327e+04 1.247458e+04
1.2 1.236438e+04 1.240950e+04 1.245334e+04 1.240822e+04
2.2 1.239510e+04 1.240671e+04 1.245364e+04 1.244203e+04
3.2 1.238388e+04 1.240794e+04 1.245368e+04 1.242963e+04
4.2 1.245599e+04 1.243798e+04 1.245352e+04 1.247153e+04
5.2 1.246541e+04 1.244432e+04 1.245337e+04 1.247445e+04
6.2 1.241841e+04 1.242109e+04 1.245329e+04 1.245061e+04
7.2 1.246996e+04 1.247656e+04 1.245325e+04 1.244665e+04
8.2 1.245214e+04 1.245368e+04 1.245325e+04 1.245171e+04
9.2 1.245291e+04 1.245989e+04 1.245325e+04 1.244628e+04
10.2 1.247094e+04 1.247458e+04 1.245326e+04 1.244963e+04
11.2 1.251899e+04 1.251894e+04 1.245328e+04 1.245332e+04
12.2 1.250643e+04 1.250673e+04 1.245328e+04 1.245299e+04
13.2 1.246764e+04 1.245860e+04 1.245329e+04 1.246233e+04
14.2 1.250417e+04 1.250127e+04 1.245329e+04 1.245620e+04
15.2 1.243686e+04 1.243834e+04 1.245329e+04 1.245182e+04
16.2 1.251842e+04 1.251609e+04 1.245329e+04 1.245562e+04
17.2 1.238126e+04 1.242963e+04 1.245329e+04 1.240493e+04
0.1 1.247748e+04 1.248386e+04 1.245322e+04 1.244684e+04
1.1 1.251633e+04 1.250623e+04 1.245327e+04 1.246336e+04
2.1 1.247390e+04 1.245055e+04 1.245369e+04 1.247703e+04
3.1 1.245508e+04 1.244635e+04 1.245394e+04 1.246268e+04
4.1 1.245300e+04 1.244807e+04 1.245373e+04 1.245866e+04
5.1 1.248666e+04 1.247036e+04 1.245343e+04 1.246974e+04
6.1 1.248162e+04 1.248278e+04 1.245326e+04 1.245210e+04
7.1 1.247568e+04 1.242997e+04 1.245341e+04 1.249911e+04
8.1 1.245069e+04 1.242072e+04 1.245378e+04 1.248375e+04
9.1 1.247493e+04 1.245463e+04 1.245373e+04 1.247403e+04
10.1 1.248053e+04 1.249411e+04 1.245346e+04 1.243988e+04
11.1 1.247893e+04 1.247514e+04 1.245327e+04 1.245705e+04
12.1 1.248413e+04 1.246373e+04 1.245317e+04 1.247357e+04
13.1 1.243240e+04 1.242265e+04 1.245313e+04 1.246288e+04
14.1 1.245270e+04 1.245112e+04 1.245313e+04 1.245470e+04
15.1 1.248540e+04 1.246002e+04 1.245314e+04 1.247852e+04
16.1 1.253301e+04 1.250928e+04 1.245315e+04 1.247688e+04
17.1 1.258498e+04 1.256237e+04 1.245317e+04 1.247577e+04
0.7 1.248162e+04 1.248278e+04 1.245326e+04 1.245210e+04
1.7 1.247568e+04 1.242997e+04 1.245341e+04 1.249911e+04
2.7 1.245069e+04 1.242072e+04 1.245378e+04 1.248375e+04
3.7 1.247493e+04 1.245463e+04 1.245373e+04 1.247403e+04
4.7 1.248053e+04 1.249411e+04 1.245346e+04 1.243988e+04
5.7 1.247893e+04 1.247514e+04 1.245327e+04 1.245705e+04
6.7 1.248413e+04 1.246373e+04 1.245317e+04 1.247357e+04
7.7 1.243240e+04 1.242265e+04 1.245313e+04 1.246288e+04
8.7 1.245270e+04 1.245112e+04 1.245313e+04 1.245470e+04
9.7 1.248540e+04 1.246002e+04 1.245314e+04 1.247852e+04
10.7 1.253301e+04 1.250928e+04 1.245315e+04 1.247688e+04
11.7 1.258498e+04 1.256237e+04 1.245317e+04 1.247577e+04
12.7 1.248309e+04 1.246463e+04 1.245317e+04 1.247163e+04
13.7 1.255148e+04 1.256546e+04 1.245319e+04 1.243921e+04
14.7 1.244956e+04 1.250521e+04 1.245347e+04 1.239782e+04
15.7 1.242187e+04 1.247684e+04 1.245406e+04 1.239909e+04
16.7 1.244799e+04 1.246868e+04 1.245413e+04 1.243344e+04
17.7 1.238127e+04 1.241641e+04 1.245374e+04 1.241861e+04
0.8 1.255148e+04 1.256546e+04 1.245319e+04 1.243921e+04
1.8 1.244956e+04 1.250521e+04 1.245347e+04 1.239782e+04
2.8 1.242187e+04 1.247684e+04 1.245406e+04 1.239909e+04
3.8 1.244799e+04 1.246868e+04 1.245413e+04 1.243344e+04
4.8 1.238127e+04 1.241641e+04 1.245374e+04 1.241861e+04
5.8 1.232427e+04 1.234592e+04 1.245339e+04 1.243174e+04
6.8 1.242666e+04 1.242294e+04 1.245319e+04 1.245691e+04
7.8 1.242239e+04 1.241471e+04 1.245310e+04 1.246077e+04
8.8 1.238224e+04 1.238905e+04 1.245308e+04 1.244627e+04
9.8 1.244870e+04 1.244375e+04 1.245310e+04 1.245805e+04
10.8 1.241724e+04 1.242356e+04 1.245312e+04 1.244681e+04
11.8 1.241927e+04 1.239909e+04 1.245315e+04 1.247333e+04
12.8 1.240250e+04 1.242226e+04 1.245316e+04 1.243340e+04
13.8 1.234409e+04 1.236738e+04 1.245333e+04 1.243004e+04
14.8 1.241260e+04 1.243433e+04 1.245378e+04 1.243205e+04
15.8 1.240313e+04 1.241998e+04 1.245383e+04 1.243698e+04
16.8 1.247764e+04 1.247643e+04 1.245356e+04 1.245476e+04
17.8 1.262136e+04 1.263046e+04 1.245332e+04 1.244422e+04
0.5 1.240250e+04 1.242226e+04 1.245316e+04 1.243340e+04
1.5 1.234409e+04 1.236738e+04 1.245333e+04 1.243004e+04
2.5 1.241260e+04 1.243433e+04 1.245378e+04 1.243205e+04
3.5 1.240313e+04 1.241998e+04 1.245383e+04 1.243698e+04
4.5 1.247764e+04 1.247643e+04 1.245356e+04 1.245476e+04
5.5 1.262136e+04 1.263046e+04 1.245332e+04 1.244422e+04
6.5 1.233241e+04 1.237403e+04 1.245318e+04 1.241157e+04
7.5 1.238533e+04 1.239506e+04 1.245316e+04 1.244344e+04
8.5 1.238419e+04 1.241526e+04 1.245354e+04 1.242247e+04
9.5 1.241279e+04 1.244639e+04 1.245388e+04 1.242028e+04
10.5 1.237985e+04 1.239042e+04 1.245371e+04 1.244313e+04
11.5 1.245393e+04 1.244374e+04 1.245342e+04 1.246361e+04
12.5 1.243341e+04 1.244890e+04 1.245323e+04 1.243775e+04
13.5 1.236940e+04 1.240281e+04 1.245315e+04 1.241974e+04
14.5 1.238861e+04 1.242601e+04 1.245312e+04 1.241571e+04
15.5 1.245370e+04 1.248324e+04 1.245312e+04 1.242358e+04
16.5 1.250506e+04 1.250287e+04 1.245314e+04 1.245532e+04
17.5 1.254837e+04 1.252729e+04 1.245316e+04 1.247425e+04
0.0 1.233241e+04 1.237403e+04 1.245318e+04 1.241157e+04
1.0 1.238533e+04 1.239506e+04 1.245316e+04 1.244344e+04
2.0 1.238419e+04 1.241526e+04 1.245354e+04 1.242247e+04
3.0 1.241279e+04 1.244639e+04 1.245388e+04 1.242028e+04
4.0 1.237985e+04 1.239042e+04 1.245371e+04 1.244313e+04
5.0 1.245393e+04 1.244374e+04 1.245342e+04 1.246361e+04
6.0 1.243341e+04 1.244890e+04 1.245323e+04 1.243775e+04
7.0 1.236940e+04 1.240281e+04 1.245315e+04 1.241974e+04
8.0 1.238861e+04 1.242601e+04 1.245312e+04 1.241571e+04
9.0 1.245370e+04 1.248324e+04 1.245312e+04 1.242358e+04
10.0 1.250506e+04 1.250287e+04 1.245314e+04 1.245532e+04
11.0 1.254837e+04 1.252729e+04 1.245316e+04 1.247425e+04
12.0 1.245847e+04 1.247572e+04 1.245317e+04 1.243593e+04
13.0 1.245445e+04 1.246188e+04 1.245318e+04 1.244575e+04
14.0 1.247205e+04 1.247014e+04 1.245319e+04 1.245509e+04
15.0 1.249094e+04 1.247260e+04 1.245319e+04 1.247153e+04
16.0 1.249080e+04 1.246764e+04 1.245319e+04 1.247635e+04
17.0 1.245822e+04 1.246436e+04 1.245319e+04 1.244705e+04
0.2 1.254202e+04 1.255233e+04 1.245319e+04 1.244288e+04
1.2 1.250617e+04 1.249736e+04 1.245326e+04 1.246207e+04
2.2 1.251255e+04 1.249333e+04 1.245370e+04 1.247292e+04
3.2 1.253402e+04 1.249827e+04 1.245391e+04 1.248965e+04
4.2 1.247985e+04 1.242084e+04 1.245367e+04 1.251268e+04
5.2 1.246962e+04 1.245362e+04 1.245340e+04 1.246940e+04
6.2 1.240233e+04 1.238311e+04 1.245323e+04 1.247245e+04
7.2 1.241821e+04 1.242013e+04 1.245315e+04 1.245123e+04
8.2 1.244716e+04 1.242799e+04 1.245313e+04 1.247230e+04
9.2 1.240588e+04 1.242744e+04 1.245314e+04 1.243158e+04
10.2 1.246469e+04 1.245971e+04 1.245315e+04 1.245813e+04
11.2 1.237860e+04 1.239695e+04 1.245317e+04 1.243482e+04
12.2 1.241545e+04 1.241657e+04 1.245318e+04 1.245207e+04
13.2 1.238778e+04 1.238369e+04 1.245319e+04 1.245728e+04
14.2 1.235732e+04 1.235887e+04 1.245319e+04 1.245164e+04
15.2 1.252647e+04 1.248967e+04 1.245319e+04 1.248999e+04
16.2 1.253636e+04 1.248761e+04 1.245329e+04 1.250204e+04
17.2 1.251306e+04 1.250921e+04 1.245374e+04 1.245759e+04
0.3 1.252647e+04 1.248967e+04 1.245319e+04 1.248999e+04
1.3 1.253636e+04 1.248761e+04 1.245329e+04 1.250204e+04
2.3 1.251306e+04 1.250921e+04 1.245374e+04 1.245759e+04
3.3 1.253326e+04 1.251077e+04 1.245387e+04 1.247636e+04
4.3 1.243338e+04 1.239799e+04 1.245361e+04 1.248901e+04
5.3 1.231530e+04 1.233488e+04 1.245336e+04 1.243378e+04
6.3 1.247417e+04 1.249736e+04 1.245321e+04 1.243002e+04
7.3 1.241212e+04 1.240523e+04 1.245314e+04 1.246004e+04
8.3 1.239041e+04 1.240822e+04 1.245312e+04 1.243531e+04
9.3 1.252417e+04 1.252512e+04 1.245313e+04 1.245219e+04
10.3 1.243746e+04 1.247189e+04 1.245315e+04 1.241871e+04
11.3 1.244093e+04 1.248140e+04 1.245318e+04 1.241272e+04
12.3 1.241003e+04 1.244378e+04 1.245352e+04 1.241978e+04
13.3 1.247274e+04 1.245028e+04 1.245382e+04 1.247628e+04
14.3 1.247298e+04 1.250790e+04 1.245367e+04 1.241874e+04
15.3 1.239669e+04 1.242125e+04 1.245340e+04 1.242884e+04
16.3 1.246989e+04 1.245756e+04 1.245323e+04 1.246556e+04
17.3 1.247537e+04 1.246963e+04 1.245315e+04 1.245889e+04
0.9 1.244093e+04 1.248140e+04 1.245318e+04 1.241272e+04
1.9 1.241003e+04 1.244378e+04 1.245352e+04 1.241978e+04
2.9 1.247274e+04 1.245028e+04 1.245382e+04 1.247628e+04
3.9 1.247298e+04 1.250790e+04 1.245367e+04 1.241874e+04
4.9 1.239669e+04 1.242125e+04 1.245340e+04 1.242884e+04
5.9 1.246989e+04 1.245756e+04 1.245323e+04 1.246556e+04
6.9 1.247537e+04 1.246963e+04 1.245315e+04 1.245889e+04
