0.4 1.023288e+04 1.017594e+04 1.016980e+04 1.022674e+04
1.4 1.016461e+04 1.017297e+04 1.016974e+04 1.016138e+04
2.4 1.017837e+04 1.017578e+04 1.016951e+04 1.017210e+04
3.4 1.019019e+04 1.016907e+04 1.016939e+04 1.019051e+04
4.4 1.012259e+04 1.017084e+04 1.016952e+04 1.012127e+04
5.4 1.016170e+04 1.016614e+04 1.016968e+04 1.016524e+04
6.4 1.015161e+04 1.014396e+04 1.016978e+04 1.017743e+04
7.4 1.016093e+04 1.016254e+04 1.016982e+04 1.016822e+04
8.4 1.021556e+04 1.020801e+04 1.016984e+04 1.017739e+04
9.4 1.019655e+04 1.017905e+04 1.016983e+04 1.018733e+04
10.4 1.019457e+04 1.016072e+04 1.016982e+04 1.020367e+04
11.4 1.018080e+04 1.016242e+04 1.016981e+04 1.018819e+04
12.4 1.019132e+04 1.017203e+04 1.016981e+04 1.018910e+04
13.4 1.019601e+04 1.017978e+04 1.016980e+04 1.018604e+04
14.4 1.018204e+04 1.017546e+04 1.016980e+04 1.017639e+04
15.4 1.015875e+04 1.017533e+04 1.016980e+04 1.015321e+04
16.4 1.022219e+04 1.022325e+04 1.016980e+04 1.016874e+04
17.4 1.016694e+04 1.018940e+04 1.016980e+04 1.014734e+04
18.4 1.017588e+04 1.016997e+04 1.016980e+04 1.017571e+04
0.4 1.021596e+04 1.017630e+04 1.016980e+04 1.020946e+04
1.4 1.015966e+04 1.016081e+04 1.016975e+04 1.016860e+04
2.4 1.020141e+04 1.018884e+04 1.016951e+04 1.018209e+04
3.4 1.016857e+04 1.016658e+04 1.016939e+04 1.017139e+04
4.4 1.016274e+04 1.016210e+04 1.016952e+04 1.017016e+04
5.4 1.017826e+04 1.016881e+04 1.016968e+04 1.017913e+04
6.4 1.016903e+04 1.017167e+04 1.016978e+04 1.016714e+04
7.4 1.015740e+04 1.017534e+04 1.016982e+04 1.015189e+04
8.4 1.020908e+04 1.017851e+04 1.016984e+04 1.020041e+04
9.4 1.020334e+04 1.017949e+04 1.016983e+04 1.019369e+04
10.4 1.014876e+04 1.016824e+04 1.016982e+04 1.015034e+04
11.4 1.018558e+04 1.016650e+04 1.016981e+04 1.018889e+04
12.4 1.015953e+04 1.014776e+04 1.016981e+04 1.018158e+04
13.4 1.021122e+04 1.016920e+04 1.016980e+04 1.021183e+04
14.4 1.018951e+04 1.017747e+04 1.016980e+04 1.018185e+04
15.4 1.014742e+04 1.017679e+04 1.016980e+04 1.014042e+04
16.4 1.016467e+04 1.017890e+04 1.016980e+04 1.015557e+04
17.4 1.012525e+04 1.017266e+04 1.016980e+04 1.012239e+04
18.4 1.016411e+04 1.015482e+04 1.016980e+04 1.017909e+04
