0.1 1.032661e+04 1.033022e+04 1.033685e+04 1.033324e+04
1.1 1.035101e+04 1.033707e+04 1.033636e+04 1.035030e+04
2.1 1.030896e+04 1.032961e+04 1.033399e+04 1.031334e+04
3.1 1.033278e+04 1.032460e+04 1.033354e+04 1.034172e+04
4.1 1.035366e+04 1.033477e+04 1.033490e+04 1.035379e+04
5.1 1.032680e+04 1.034359e+04 1.033613e+04 1.031935e+04
6.1 1.031219e+04 1.033315e+04 1.033684e+04 1.031588e+04
7.1 1.032748e+04 1.033924e+04 1.033714e+04 1.032538e+04
8.1 1.027506e+04 1.034163e+04 1.033722e+04 1.027065e+04
9.1 1.030726e+04 1.033918e+04 1.033717e+04 1.030525e+04
10.1 1.033074e+04 1.032959e+04 1.033709e+04 1.033824e+04
11.1 1.032894e+04 1.033549e+04 1.033702e+04 1.033047e+04
12.1 1.033119e+04 1.035191e+04 1.033698e+04 1.031626e+04
13.1 1.035292e+04 1.034236e+04 1.033695e+04 1.034751e+04
14.1 1.034903e+04 1.034584e+04 1.033694e+04 1.034013e+04
15.1 1.036315e+04 1.034041e+04 1.033694e+04 1.035968e+04
16.1 1.037821e+04 1.033926e+04 1.033694e+04 1.037589e+04
17.1 1.036886e+04 1.036242e+04 1.033694e+04 1.034338e+04
1.0 1.036831e+04 1.033081e+04 1.033670e+04 1.037419e+04
2.0 1.035422e+04 1.033119e+04 1.033439e+04 1.035742e+04
3.0 1.035319e+04 1.033917e+04 1.033348e+04 1.034750e+04
4.0 1.034427e+04 1.032755e+04 1.033473e+04 1.035145e+04
5.0 1.032743e+04 1.031052e+04 1.033603e+04 1.035294e+04
6.0 1.027133e+04 1.030749e+04 1.033578e+04 1.029962e+04
7.0 1.031260e+04 1.033564e+04 1.033384e+04 1.031080e+04
8.0 1.033452e+04 1.032673e+04 1.033417e+04 1.034196e+04
9.0 1.034442e+04 1.034129e+04 1.033560e+04 1.033872e+04
10.0 1.032343e+04 1.034492e+04 1.033659e+04 1.031510e+04
11.0 1.035510e+04 1.034839e+04 1.033706e+04 1.034378e+04
12.0 1.031914e+04 1.033993e+04 1.033723e+04 1.031644e+04
13.0 1.033326e+04 1.034259e+04 1.033723e+04 1.032790e+04
14.0 1.031156e+04 1.033521e+04 1.033714e+04 1.031349e+04
15.0 1.032725e+04 1.034087e+04 1.033704e+04 1.032343e+04
16.0 1.031243e+04 1.034472e+04 1.033696e+04 1.030467e+04
17.0 1.034758e+04 1.033308e+04 1.033691e+04 1.035141e+04
18.0 1.039156e+04 1.034652e+04 1.033688e+04 1.038192e+04
0.4 1.032743e+04 1.031052e+04 1.033603e+04 1.035294e+04
1.4 1.027133e+04 1.030749e+04 1.033578e+04 1.029962e+04
2.4 1.031260e+04 1.033564e+04 1.033384e+04 1.031080e+04
3.4 1.033452e+04 1.032673e+04 1.033417e+04 1.034196e+04
4.4 1.034442e+04 1.034129e+04 1.033560e+04 1.033872e+04
5.4 1.032343e+04 1.034492e+04 1.033659e+04 1.031510e+04
6.4 1.035510e+04 1.034839e+04 1.033706e+04 1.034378e+04
7.4 1.031914e+04 1.033993e+04 1.033723e+04 1.031644e+04
8.4 1.033326e+04 1.034259e+04 1.033723e+04 1.032790e+04
9.4 1.031156e+04 1.033521e+04 1.033714e+04 1.031349e+04
10.4 1.032725e+04 1.034087e+04 1.033704e+04 1.032343e+04
11.4 1.031243e+04 1.034472e+04 1.033696e+04 1.030467e+04
12.4 1.034758e+04 1.033308e+04 1.033691e+04 1.035141e+04
13.4 1.039156e+04 1.034652e+04 1.033688e+04 1.038192e+04
14.4 1.034466e+04 1.033509e+04 1.033687e+04 1.034643e+04
15.4 1.028673e+04 1.032765e+04 1.033685e+04 1.029594e+04
16.4 1.032204e+04 1.031728e+04 1.033685e+04 1.034161e+04
17.4 1.030501e+04 1.028587e+04 1.033684e+04 1.035598e+04
0.3 1.031190e+04 1.032322e+04 1.033673e+04 1.032540e+04
1.3 1.033542e+04 1.033306e+04 1.033600e+04 1.033835e+04
2.3 1.033031e+04 1.033185e+04 1.033363e+04 1.033209e+04
3.3 1.032769e+04 1.033113e+04 1.033349e+04 1.033005e+04
4.3 1.034712e+04 1.034721e+04 1.033492e+04 1.033484e+04
5.3 1.032751e+04 1.036282e+04 1.033608e+04 1.030078e+04
6.3 1.034993e+04 1.034268e+04 1.033672e+04 1.034397e+04
7.3 1.035458e+04 1.034392e+04 1.033698e+04 1.034764e+04
8.3 1.033200e+04 1.034843e+04 1.033703e+04 1.032060e+04
9.3 1.033834e+04 1.034580e+04 1.033697e+04 1.032951e+04
10.3 1.029073e+04 1.034799e+04 1.033689e+04 1.027963e+04
11.3 1.029247e+04 1.033839e+04 1.033681e+04 1.029088e+04
12.3 1.034635e+04 1.033254e+04 1.033676e+04 1.035058e+04
13.3 1.034156e+04 1.034679e+04 1.033673e+04 1.033151e+04
14.3 1.035588e+04 1.035800e+04 1.033672e+04 1.033460e+04
15.3 1.035660e+04 1.034583e+04 1.033671e+04 1.034748e+04
16.3 1.036308e+04 1.034781e+04 1.033671e+04 1.035198e+04
17.3 1.035614e+04 1.033977e+04 1.033671e+04 1.035307e+04
0.7 1.037922e+04 1.033293e+04 1.033674e+04 1.038304e+04
1.7 1.030310e+04 1.033288e+04 1.033494e+04 1.030516e+04
2.7 1.032477e+04 1.032730e+04 1.033330e+04 1.033077e+04
3.7 1.030485e+04 1.032675e+04 1.033415e+04 1.031225e+04
4.7 1.036820e+04 1.033800e+04 1.033560e+04 1.036580e+04
5.7 1.033308e+04 1.034021e+04 1.033651e+04 1.032938e+04
6.7 1.032121e+04 1.033641e+04 1.033696e+04 1.032176e+04
7.7 1.033345e+04 1.034363e+04 1.033712e+04 1.032694e+04
8.7 1.032979e+04 1.033454e+04 1.033711e+04 1.033237e+04
9.7 1.031648e+04 1.033624e+04 1.033704e+04 1.031727e+04
10.7 1.032324e+04 1.033911e+04 1.033695e+04 1.032108e+04
11.7 1.035637e+04 1.033989e+04 1.033689e+04 1.035336e+04
12.7 1.034052e+04 1.033368e+04 1.033685e+04 1.034370e+04
13.7 1.035872e+04 1.033238e+04 1.033683e+04 1.036317e+04
14.7 1.038090e+04 1.034138e+04 1.033682e+04 1.037633e+04
15.7 1.034625e+04 1.033712e+04 1.033682e+04 1.034595e+04
16.7 1.032757e+04 1.033167e+04 1.033681e+04 1.033271e+04
17.7 1.034108e+04 1.033564e+04 1.033681e+04 1.034225e+04
