0.8 1.035823e+04 1.032712e+04 1.033660e+04 1.036772e+04
1.8 1.030927e+04 1.034172e+04 1.033653e+04 1.030408e+04
2.8 1.035721e+04 1.036517e+04 1.033643e+04 1.032848e+04
3.8 1.031374e+04 1.034133e+04 1.033646e+04 1.030888e+04
4.8 1.039039e+04 1.034370e+04 1.033654e+04 1.038323e+04
5.8 1.027276e+04 1.027887e+04 1.033659e+04 1.033048e+04
6.8 1.031891e+04 1.031320e+04 1.033661e+04 1.034232e+04
7.8 1.037320e+04 1.034561e+04 1.033662e+04 1.036421e+04
8.8 1.035222e+04 1.031716e+04 1.033662e+04 1.037168e+04
9.8 1.035173e+04 1.034307e+04 1.033659e+04 1.034525e+04
10.8 1.037461e+04 1.034317e+04 1.033646e+04 1.036790e+04
11.8 1.038086e+04 1.033808e+04 1.033643e+04 1.037921e+04
12.8 1.033582e+04 1.033924e+04 1.033650e+04 1.033309e+04
13.8 1.032201e+04 1.036051e+04 1.033657e+04 1.029807e+04
14.8 1.030628e+04 1.032930e+04 1.033661e+04 1.031359e+04
15.8 1.033323e+04 1.035323e+04 1.033662e+04 1.031662e+04
16.8 1.030625e+04 1.031034e+04 1.033663e+04 1.033253e+04
17.8 1.033140e+04 1.033515e+04 1.033662e+04 1.033288e+04
0.4 1.035222e+04 1.031716e+04 1.033662e+04 1.037168e+04
1.4 1.035173e+04 1.034307e+04 1.033659e+04 1.034525e+04
2.4 1.037461e+04 1.034317e+04 1.033646e+04 1.036790e+04
3.4 1.038086e+04 1.033808e+04 1.033643e+04 1.037921e+04
4.4 1.033582e+04 1.033924e+04 1.033650e+04 1.033309e+04
5.4 1.032201e+04 1.036051e+04 1.033657e+04 1.029807e+04
6.4 1.030628e+04 1.032930e+04 1.033661e+04 1.031359e+04
7.4 1.033323e+04 1.035323e+04 1.033662e+04 1.031662e+04
8.4 1.030625e+04 1.031034e+04 1.033663e+04 1.033253e+04
9.4 1.033140e+04 1.033515e+04 1.033662e+04 1.033288e+04
10.4 1.034262e+04 1.033944e+04 1.033662e+04 1.033979e+04
11.4 1.030727e+04 1.033591e+04 1.033661e+04 1.030798e+04
12.4 1.034660e+04 1.034421e+04 1.033661e+04 1.033901e+04
13.4 1.037558e+04 1.034302e+04 1.033658e+04 1.036914e+04
14.4 1.037035e+04 1.035156e+04 1.033647e+04 1.035527e+04
15.4 1.037050e+04 1.035076e+04 1.033645e+04 1.035619e+04
16.4 1.031692e+04 1.034252e+04 1.033652e+04 1.031091e+04
17.4 1.034987e+04 1.034038e+04 1.033658e+04 1.034606e+04
0.3 1.034660e+04 1.034421e+04 1.033661e+04 1.033901e+04
1.3 1.037558e+04 1.034302e+04 1.033658e+04 1.036914e+04
2.3 1.037035e+04 1.035156e+04 1.033647e+04 1.035527e+04
3.3 1.037050e+04 1.035076e+04 1.033645e+04 1.035619e+04
4.3 1.031692e+04 1.034252e+04 1.033652e+04 1.031091e+04
5.3 1.034987e+04 1.034038e+04 1.033658e+04 1.034606e+04
6.3 1.031709e+04 1.033509e+04 1.033661e+04 1.031861e+04
7.3 1.032661e+04 1.033022e+04 1.033662e+04 1.033301e+04
8.3 1.035101e+04 1.033707e+04 1.033662e+04 1.035056e+04
9.3 1.030896e+04 1.032961e+04 1.033662e+04 1.031597e+04
10.3 1.033278e+04 1.032460e+04 1.033662e+04 1.034479e+04
11.3 1.035366e+04 1.033477e+04 1.033661e+04 1.035551e+04
12.3 1.032680e+04 1.034359e+04 1.033661e+04 1.031982e+04
13.3 1.031219e+04 1.033315e+04 1.033661e+04 1.031565e+04
14.3 1.032748e+04 1.033924e+04 1.033661e+04 1.032485e+04
15.3 1.027506e+04 1.034163e+04 1.033661e+04 1.027004e+04
16.3 1.030726e+04 1.033918e+04 1.033661e+04 1.030468e+04
17.3 1.033074e+04 1.032959e+04 1.033661e+04 1.033776e+04
0.9 1.033119e+04 1.035191e+04 1.033660e+04 1.031588e+04
1.9 1.035292e+04 1.034236e+04 1.033650e+04 1.034707e+04
2.9 1.034903e+04 1.034584e+04 1.033639e+04 1.033958e+04
3.9 1.036315e+04 1.034041e+04 1.033643e+04 1.035917e+04
4.9 1.037821e+04 1.033926e+04 1.033652e+04 1.037547e+04
5.9 1.036886e+04 1.036242e+04 1.033658e+04 1.034302e+04
6.9 1.036955e+04 1.035493e+04 1.033659e+04 1.035121e+04
7.9 1.032650e+04 1.034014e+04 1.033648e+04 1.032283e+04
8.9 1.038066e+04 1.035029e+04 1.033640e+04 1.036678e+04
9.9 1.030452e+04 1.033835e+04 1.033647e+04 1.030264e+04
10.9 1.036530e+04 1.034374e+04 1.033655e+04 1.035810e+04
11.9 1.034284e+04 1.034111e+04 1.033660e+04 1.033832e+04
12.9 1.035195e+04 1.033782e+04 1.033662e+04 1.035074e+04
13.9 1.036831e+04 1.033081e+04 1.033662e+04 1.037412e+04
14.9 1.035422e+04 1.033119e+04 1.033662e+04 1.035965e+04
15.9 1.035319e+04 1.033917e+04 1.033662e+04 1.035063e+04
16.9 1.034427e+04 1.032755e+04 1.033661e+04 1.035333e+04
17.9 1.032743e+04 1.031052e+04 1.033661e+04 1.035352e+04
0.2 1.036886e+04 1.036242e+04 1.033658e+04 1.034302e+04
1.2 1.036955e+04 1.035493e+04 1.033659e+04 1.035121e+04
2.2 1.032650e+04 1.034014e+04 1.033648e+04 1.032283e+04
3.2 1.038066e+04 1.035029e+04 1.033640e+04 1.036678e+04
4.2 1.030452e+04 1.033835e+04 1.033647e+04 1.030264e+04
5.2 1.036530e+04 1.034374e+04 1.033655e+04 1.035810e+04
6.2 1.034284e+04 1.034111e+04 1.033660e+04 1.033832e+04
7.2 1.035195e+04 1.033782e+04 1.033662e+04 1.035074e+04
8.2 1.036831e+04 1.033081e+04 1.033662e+04 1.037412e+04
9.2 1.035422e+04 1.033119e+04 1.033662e+04 1.035965e+04
10.2 1.035319e+04 1.033917e+04 1.033662e+04 1.035063e+04
11.2 1.034427e+04 1.032755e+04 1.033661e+04 1.035333e+04
12.2 1.032743e+04 1.031052e+04 1.033661e+04 1.035352e+04
13.2 1.027133e+04 1.030749e+04 1.033660e+04 1.030045e+04
14.2 1.031260e+04 1.033564e+04 1.033660e+04 1.031357e+04
15.2 1.033452e+04 1.032673e+04 1.033660e+04 1.034439e+04
16.2 1.034442e+04 1.034129e+04 1.033660e+04 1.033973e+04
17.2 1.032343e+04 1.034492e+04 1.033660e+04 1.031511e+04
0.8 1.031156e+04 1.033521e+04 1.033660e+04 1.031294e+04
1.8 1.032725e+04 1.034087e+04 1.033652e+04 1.032291e+04
2.8 1.031243e+04 1.034472e+04 1.033642e+04 1.030412e+04
3.8 1.034758e+04 1.033308e+04 1.033645e+04 1.035094e+04
4.8 1.039156e+04 1.034652e+04 1.033652e+04 1.038156e+04
5.8 1.034466e+04 1.033509e+04 1.033658e+04 1.034614e+04
6.8 1.028673e+04 1.032765e+04 1.033660e+04 1.029569e+04
7.8 1.032204e+04 1.031728e+04 1.033661e+04 1.034137e+04
8.8 1.030501e+04 1.028587e+04 1.033661e+04 1.035576e+04
9.8 1.031114e+04 1.034393e+04 1.033661e+04 1.030382e+04
10.8 1.033402e+04 1.033373e+04 1.033661e+04 1.033689e+04
11.8 1.026539e+04 1.027852e+04 1.033660e+04 1.032347e+04
12.8 1.031694e+04 1.030949e+04 1.033660e+04 1.034405e+04
13.8 1.031597e+04 1.033634e+04 1.033660e+04 1.031623e+04
14.8 1.031924e+04 1.033495e+04 1.033660e+04 1.032088e+04
15.8 1.033649e+04 1.033476e+04 1.033660e+04 1.033833e+04
16.8 1.031426e+04 1.032223e+04 1.033660e+04 1.032863e+04
17.8 1.030900e+04 1.032776e+04 1.033660e+04 1.031784e+04
1.0 1.033145e+04 1.035143e+04 1.033659e+04 1.031662e+04
2.0 1.031814e+04 1.033918e+04 1.033649e+04 1.031545e+04
3.0 1.038093e+04 1.035179e+04 1.033636e+04 1.036549e+04
4.0 1.040172e+04 1.036342e+04 1.033640e+04 1.037470e+04
5.0 1.037049e+04 1.035953e+04 1.033650e+04 1.034747e+04
6.0 1.033300e+04 1.035059e+04 1.033657e+04 1.031898e+04
7.0 1.032977e+04 1.033495e+04 1.033661e+04 1.033142e+04
8.0 1.036162e+04 1.034707e+04 1.033662e+04 1.035116e+04
9.0 1.033239e+04 1.034330e+04 1.033662e+04 1.032572e+04
10.0 1.036200e+04 1.034091e+04 1.033662e+04 1.035771e+04
11.0 1.033738e+04 1.034286e+04 1.033661e+04 1.033113e+04
12.0 1.032208e+04 1.034205e+04 1.033660e+04 1.031664e+04
13.0 1.031704e+04 1.033940e+04 1.033660e+04 1.031424e+04
14.0 1.034569e+04 1.033174e+04 1.033660e+04 1.035055e+04
15.0 1.035982e+04 1.033287e+04 1.033660e+04 1.036355e+04
16.0 1.035613e+04 1.032641e+04 1.033660e+04 1.036632e+04
17.0 1.030686e+04 1.033157e+04 1.033660e+04 1.031189e+04
18.0 1.030774e+04 1.031692e+04 1.033660e+04 1.032742e+04
0.2 1.033031e+04 1.033185e+04 1.033660e+04 1.033506e+04
1.2 1.032769e+04 1.033113e+04 1.033658e+04 1.033313e+04
2.2 1.034712e+04 1.034721e+04 1.033645e+04 1.033636e+04
3.2 1.032751e+04 1.036282e+04 1.033637e+04 1.030107e+04
4.2 1.034993e+04 1.034268e+04 1.033644e+04 1.034369e+04
5.2 1.035458e+04 1.034392e+04 1.033653e+04 1.034719e+04
6.2 1.033200e+04 1.034843e+04 1.033659e+04 1.032015e+04
7.2 1.033834e+04 1.034580e+04 1.033661e+04 1.032915e+04
8.2 1.029073e+04 1.034799e+04 1.033657e+04 1.027931e+04
9.2 1.029247e+04 1.033839e+04 1.033640e+04 1.029047e+04
10.2 1.034635e+04 1.033254e+04 1.033633e+04 1.035015e+04
11.2 1.034156e+04 1.034679e+04 1.033642e+04 1.033119e+04
12.2 1.035588e+04 1.035800e+04 1.033653e+04 1.033441e+04
13.2 1.035660e+04 1.034583e+04 1.033659e+04 1.034735e+04
14.2 1.036308e+04 1.034781e+04 1.033662e+04 1.035188e+04
15.2 1.035614e+04 1.033977e+04 1.033662e+04 1.035299e+04
16.2 1.033993e+04 1.033093e+04 1.033662e+04 1.034561e+04
17.2 1.038603e+04 1.033989e+04 1.033661e+04 1.038274e+04
0.5 1.033834e+04 1.034580e+04 1.033661e+04 1.032915e+04
1.5 1.029073e+04 1.034799e+04 1.033657e+04 1.027931e+04
2.5 1.029247e+04 1.033839e+04 1.033640e+04 1.029047e+04
3.5 1.034635e+04 1.033254e+04 1.033633e+04 1.035015e+04
4.5 1.034156e+04 1.034679e+04 1.033642e+04 1.033119e+04
5.5 1.035588e+04 1.035800e+04 1.033653e+04 1.033441e+04
6.5 1.035660e+04 1.034583e+04 1.033659e+04 1.034735e+04
7.5 1.036308e+04 1.034781e+04 1.033662e+04 1.035188e+04
8.5 1.035614e+04 1.033977e+04 1.033662e+04 1.035299e+04
9.5 1.033993e+04 1.033093e+04 1.033662e+04 1.034561e+04
10.5 1.038603e+04 1.033989e+04 1.033661e+04 1.038274e+04
11.5 1.034863e+04 1.033703e+04 1.033661e+04 1.034821e+04
12.5 1.035456e+04 1.034255e+04 1.033660e+04 1.034862e+04
13.5 1.032195e+04 1.033857e+04 1.033660e+04 1.031998e+04
14.5 1.030353e+04 1.033044e+04 1.033660e+04 1.030969e+04
15.5 1.033291e+04 1.033437e+04 1.033660e+04 1.033514e+04
16.5 1.037166e+04 1.034009e+04 1.033659e+04 1.036816e+04
17.5 1.038204e+04 1.033865e+04 1.033659e+04 1.037998e+04
0.6 1.035342e+04 1.032455e+04 1.033659e+04 1.036546e+04
1.6 1.034280e+04 1.034527e+04 1.033653e+04 1.033406e+04
2.6 1.031613e+04 1.033530e+04 1.033637e+04 1.031720e+04
3.6 1.030817e+04 1.034414e+04 1.033636e+04 1.030038e+04
4.6 1.035309e+04 1.033414e+04 1.033645e+04 1.035540e+04
5.6 1.035613e+04 1.033704e+04 1.033654e+04 1.035563e+04
6.6 1.032942e+04 1.034469e+04 1.033659e+04 1.032131e+04
7.6 1.032338e+04 1.033931e+04 1.033661e+04 1.032068e+04
8.6 1.036240e+04 1.033925e+04 1.033662e+04 1.035977e+04
9.6 1.037922e+04 1.033293e+04 1.033661e+04 1.038291e+04
10.6 1.030310e+04 1.033288e+04 1.033661e+04 1.030682e+04
11.6 1.032477e+04 1.032730e+04 1.033660e+04 1.033407e+04
12.6 1.030485e+04 1.032675e+04 1.033660e+04 1.031469e+04
13.6 1.036820e+04 1.033800e+04 1.033660e+04 1.036679e+04
14.6 1.033308e+04 1.034021e+04 1.033659e+04 1.032947e+04
15.6 1.032121e+04 1.033641e+04 1.033654e+04 1.032134e+04
16.6 1.033345e+04 1.034363e+04 1.033646e+04 1.032629e+04
17.6 1.032979e+04 1.033454e+04 1.033649e+04 1.033174e+04
0.6 1.033308e+04 1.034021e+04 1.033659e+04 1.032947e+04
1.6 1.032121e+04 1.033641e+04 1.033654e+04 1.032134e+04
2.6 1.033345e+04 1.034363e+04 1.033646e+04 1.032629e+04
3.6 1.032979e+04 1.033454e+04 1.033649e+04 1.033174e+04
4.6 1.031648e+04 1.033624e+04 1.033654e+04 1.031678e+04
5.6 1.032324e+04 1.033911e+04 1.033658e+04 1.032071e+04
6.6 1.035637e+04 1.033989e+04 1.033660e+04 1.035307e+04
7.6 1.034052e+04 1.033368e+04 1.033660e+04 1.034345e+04
8.6 1.035872e+04 1.033238e+04 1.033660e+04 1.036294e+04
9.6 1.038090e+04 1.034138e+04 1.033660e+04 1.037611e+04
10.6 1.034625e+04 1.033712e+04 1.033660e+04 1.034573e+04
11.6 1.032757e+04 1.033167e+04 1.033659e+04 1.033249e+04
12.6 1.034108e+04 1.033564e+04 1.033659e+04 1.034203e+04
13.6 1.034903e+04 1.033272e+04 1.033659e+04 1.035290e+04
14.6 1.033707e+04 1.032128e+04 1.033659e+04 1.035238e+04
