1.0 1.408980e+03 1.418885e+03 1.418853e+03 1.408948e+03
2.0 1.403513e+03 1.429597e+03 1.424818e+03 1.398735e+03
3.0 1.397916e+03 1.426588e+03 1.430640e+03 1.401967e+03
4.0 1.426104e+03 1.427542e+03 1.428181e+03 1.426743e+03
5.0 1.433144e+03 1.421630e+03 1.422996e+03 1.434509e+03
6.0 1.405652e+03 1.415200e+03 1.419521e+03 1.409973e+03
7.0 1.420090e+03 1.415998e+03 1.417741e+03 1.421832e+03
8.0 1.413243e+03 1.415371e+03 1.417100e+03 1.414971e+03
9.0 1.412680e+03 1.415494e+03 1.417074e+03 1.414259e+03
10.0 1.441115e+03 1.416271e+03 1.417328e+03 1.442172e+03
11.0 1.416218e+03 1.423171e+03 1.417612e+03 1.410660e+03
12.0 1.423135e+03 1.421934e+03 1.417953e+03 1.419154e+03
13.0 1.431789e+03 1.423537e+03 1.422097e+03 1.430349e+03
14.0 1.414929e+03 1.428455e+03 1.428531e+03 1.415005e+03
15.0 1.438366e+03 1.427710e+03 1.427467e+03 1.438123e+03
16.0 1.425509e+03 1.420726e+03 1.422970e+03 1.427753e+03
17.0 1.420016e+03 1.423051e+03 1.419525e+03 1.416490e+03
18.0 1.418295e+03 1.419621e+03 1.417784e+03 1.416458e+03
0.8 1.423135e+03 1.421934e+03 1.417953e+03 1.419154e+03
1.8 1.431789e+03 1.423537e+03 1.422097e+03 1.430349e+03
2.8 1.414929e+03 1.428455e+03 1.428531e+03 1.415005e+03
3.8 1.438366e+03 1.427710e+03 1.427467e+03 1.438123e+03
4.8 1.425509e+03 1.420726e+03 1.422970e+03 1.427753e+03
5.8 1.420016e+03 1.423051e+03 1.419525e+03 1.416490e+03
6.8 1.418295e+03 1.419621e+03 1.417784e+03 1.416458e+03
7.8 1.431955e+03 1.418393e+03 1.417086e+03 1.430648e+03
8.8 1.438550e+03 1.404610e+03 1.416998e+03 1.450938e+03
9.8 1.412292e+03 1.414111e+03 1.417203e+03 1.415384e+03
10.8 1.420173e+03 1.416640e+03 1.417474e+03 1.421008e+03
11.8 1.408088e+03 1.415496e+03 1.417683e+03 1.410275e+03
12.8 1.404162e+03 1.407768e+03 1.417812e+03 1.414205e+03
13.8 1.396720e+03 1.418063e+03 1.417878e+03 1.396536e+03
14.8 1.426241e+03 1.438138e+03 1.417905e+03 1.406009e+03
15.8 1.424944e+03 1.413253e+03 1.417913e+03 1.429603e+03
16.8 1.443008e+03 1.422480e+03 1.417912e+03 1.438441e+03
17.8 1.443883e+03 1.422324e+03 1.417910e+03 1.439469e+03
0.6 1.440316e+03 1.426103e+03 1.417938e+03 1.432151e+03
1.6 1.437232e+03 1.426406e+03 1.420981e+03 1.431807e+03
2.6 1.404167e+03 1.429413e+03 1.427392e+03 1.402145e+03
3.6 1.419615e+03 1.425450e+03 1.427208e+03 1.421373e+03
4.6 1.388797e+03 1.412042e+03 1.422973e+03 1.399727e+03
5.6 1.410275e+03 1.405066e+03 1.420079e+03 1.425288e+03
6.6 1.445354e+03 1.410421e+03 1.423923e+03 1.458857e+03
7.6 1.414904e+03 1.417296e+03 1.428136e+03 1.425743e+03
8.6 1.376099e+03 1.406064e+03 1.425513e+03 1.395547e+03
9.6 1.405491e+03 1.410961e+03 1.421161e+03 1.415691e+03
10.6 1.422555e+03 1.427794e+03 1.418493e+03 1.413254e+03
11.6 1.420456e+03 1.416890e+03 1.417249e+03 1.420816e+03
12.6 1.423243e+03 1.416228e+03 1.416894e+03 1.423908e+03
13.6 1.408527e+03 1.417741e+03 1.416997e+03 1.407782e+03
14.6 1.413251e+03 1.417726e+03 1.417294e+03 1.412819e+03
15.6 1.411865e+03 1.417491e+03 1.417588e+03 1.411962e+03
16.6 1.392524e+03 1.415118e+03 1.417808e+03 1.395214e+03
17.6 1.399271e+03 1.413094e+03 1.417940e+03 1.404117e+03
1.0 1.410275e+03 1.405066e+03 1.420079e+03 1.425288e+03
2.0 1.445354e+03 1.410421e+03 1.423923e+03 1.458857e+03
3.0 1.414904e+03 1.417296e+03 1.428136e+03 1.425743e+03
4.0 1.376099e+03 1.406064e+03 1.425513e+03 1.395547e+03
5.0 1.405491e+03 1.410961e+03 1.421161e+03 1.415691e+03
6.0 1.422555e+03 1.427794e+03 1.418493e+03 1.413254e+03
7.0 1.420456e+03 1.416890e+03 1.417249e+03 1.420816e+03
8.0 1.423243e+03 1.416228e+03 1.416894e+03 1.423908e+03
9.0 1.408527e+03 1.417741e+03 1.416997e+03 1.407782e+03
10.0 1.413251e+03 1.417726e+03 1.417294e+03 1.412819e+03
11.0 1.411865e+03 1.417491e+03 1.417588e+03 1.411962e+03
12.0 1.392524e+03 1.415118e+03 1.417808e+03 1.395214e+03
13.0 1.399271e+03 1.413094e+03 1.417940e+03 1.404117e+03
14.0 1.420668e+03 1.421331e+03 1.418014e+03 1.417350e+03
15.0 1.428286e+03 1.428607e+03 1.418054e+03 1.417733e+03
16.0 1.423873e+03 1.423870e+03 1.418078e+03 1.418081e+03
17.0 1.423921e+03 1.419526e+03 1.418101e+03 1.422496e+03
18.0 1.421427e+03 1.419128e+03 1.420152e+03 1.422451e+03
0.4 1.423921e+03 1.419526e+03 1.418101e+03 1.422496e+03
1.4 1.421427e+03 1.419128e+03 1.420152e+03 1.422451e+03
2.4 1.422189e+03 1.424761e+03 1.427725e+03 1.425152e+03
3.4 1.417271e+03 1.419982e+03 1.429980e+03 1.427268e+03
4.4 1.428284e+03 1.425803e+03 1.425622e+03 1.428102e+03
5.4 1.386208e+03 1.422802e+03 1.421074e+03 1.384480e+03
6.4 1.475819e+03 1.474072e+03 1.418519e+03 1.420266e+03
7.4 1.414370e+03 1.440023e+03 1.417374e+03 1.391721e+03
8.4 1.403438e+03 1.416203e+03 1.417075e+03 1.404310e+03
9.4 1.386648e+03 1.386502e+03 1.417234e+03 1.417380e+03
10.4 1.433132e+03 1.435013e+03 1.417549e+03 1.415668e+03
11.4 1.450032e+03 1.432622e+03 1.417829e+03 1.435239e+03
12.4 1.428709e+03 1.434080e+03 1.418020e+03 1.412649e+03
13.4 1.419553e+03 1.411924e+03 1.418133e+03 1.425761e+03
14.4 1.424054e+03 1.410266e+03 1.418187e+03 1.431975e+03
15.4 1.432748e+03 1.418380e+03 1.418212e+03 1.432581e+03
16.4 1.432194e+03 1.416793e+03 1.418223e+03 1.433624e+03
17.4 1.442656e+03 1.426518e+03 1.418228e+03 1.434366e+03
0.2 1.420776e+03 1.421750e+03 1.418000e+03 1.417027e+03
1.2 1.398472e+03 1.396475e+03 1.418852e+03 1.420850e+03
2.2 1.427305e+03 1.415050e+03 1.425999e+03 1.438254e+03
3.2 1.443747e+03 1.419635e+03 1.432484e+03 1.456596e+03
4.2 1.416527e+03 1.427039e+03 1.429490e+03 1.418977e+03
5.2 1.428697e+03 1.437368e+03 1.423553e+03 1.414882e+03
6.2 1.400538e+03 1.398093e+03 1.419630e+03 1.422075e+03
7.2 1.439285e+03 1.412248e+03 1.422299e+03 1.449336e+03
8.2 1.452584e+03 1.427130e+03 1.428134e+03 1.453588e+03
9.2 1.439474e+03 1.426581e+03 1.426636e+03 1.439529e+03
10.2 1.429276e+03 1.419492e+03 1.422064e+03 1.431849e+03
11.2 1.418800e+03 1.420301e+03 1.418818e+03 1.417317e+03
12.2 1.405737e+03 1.415832e+03 1.417191e+03 1.407097e+03
13.2 1.393529e+03 1.415620e+03 1.416629e+03 1.394539e+03
14.2 1.407973e+03 1.421254e+03 1.416639e+03 1.403357e+03
15.2 1.424159e+03 1.417188e+03 1.416905e+03 1.423876e+03
16.2 1.416489e+03 1.417119e+03 1.417206e+03 1.416576e+03
17.2 1.414191e+03 1.415400e+03 1.417439e+03 1.416230e+03
0.9 1.400538e+03 1.398093e+03 1.419630e+03 1.422075e+03
1.9 1.439285e+03 1.412248e+03 1.422299e+03 1.449336e+03
2.9 1.452584e+03 1.427130e+03 1.428134e+03 1.453588e+03
3.9 1.439474e+03 1.426581e+03 1.426636e+03 1.439529e+03
4.9 1.429276e+03 1.419492e+03 1.422064e+03 1.431849e+03
5.9 1.418800e+03 1.420301e+03 1.418818e+03 1.417317e+03
6.9 1.405737e+03 1.415832e+03 1.417191e+03 1.407097e+03
7.9 1.393529e+03 1.415620e+03 1.416629e+03 1.394539e+03
8.9 1.407973e+03 1.421254e+03 1.416639e+03 1.403357e+03
9.9 1.424159e+03 1.417188e+03 1.416905e+03 1.423876e+03
10.9 1.416489e+03 1.417119e+03 1.417206e+03 1.416576e+03
11.9 1.414191e+03 1.415400e+03 1.417439e+03 1.416230e+03
12.9 1.426785e+03 1.419055e+03 1.417573e+03 1.425303e+03
13.9 1.422294e+03 1.425310e+03 1.417640e+03 1.414624e+03
14.9 1.409008e+03 1.429890e+03 1.417665e+03 1.396783e+03
15.9 1.417161e+03 1.427632e+03 1.417669e+03 1.407198e+03
16.9 1.414518e+03 1.425021e+03 1.417665e+03 1.407163e+03
17.9 1.412953e+03 1.422721e+03 1.417658e+03 1.407889e+03
0.1 1.401117e+03 1.420676e+03 1.417623e+03 1.398064e+03
1.1 1.424363e+03 1.412443e+03 1.418160e+03 1.430080e+03
2.1 1.411274e+03 1.405446e+03 1.424144e+03 1.429972e+03
3.1 1.417486e+03 1.424618e+03 1.428904e+03 1.421773e+03
4.1 1.423141e+03 1.419894e+03 1.426049e+03 1.429296e+03
5.1 1.429372e+03 1.417816e+03 1.421559e+03 1.433115e+03
6.1 1.415477e+03 1.420194e+03 1.418708e+03 1.413990e+03
7.1 1.403382e+03 1.413479e+03 1.421023e+03 1.410926e+03
8.1 1.424679e+03 1.407743e+03 1.429241e+03 1.446177e+03
9.1 1.465972e+03 1.431638e+03 1.430649e+03 1.464983e+03
10.1 1.432835e+03 1.425151e+03 1.425413e+03 1.433097e+03
11.1 1.409078e+03 1.419207e+03 1.421254e+03 1.411126e+03
12.1 1.410808e+03 1.423867e+03 1.424737e+03 1.411678e+03
13.1 1.385856e+03 1.423008e+03 1.427431e+03 1.390280e+03
14.1 1.432631e+03 1.419672e+03 1.424007e+03 1.436967e+03
15.1 1.434599e+03 1.431347e+03 1.420062e+03 1.423314e+03
16.1 1.404800e+03 1.414126e+03 1.417836e+03 1.408510e+03
17.1 1.458904e+03 1.433989e+03 1.416924e+03 1.441839e+03
0.7 1.415477e+03 1.420194e+03 1.418708e+03 1.413990e+03
1.7 1.403382e+03 1.413479e+03 1.421023e+03 1.410926e+03
2.7 1.424679e+03 1.407743e+03 1.429241e+03 1.446177e+03
3.7 1.465972e+03 1.431638e+03 1.430649e+03 1.464983e+03
4.7 1.432835e+03 1.425151e+03 1.425413e+03 1.433097e+03
5.7 1.409078e+03 1.419207e+03 1.421254e+03 1.411126e+03
6.7 1.410808e+03 1.423867e+03 1.424737e+03 1.411678e+03
7.7 1.385856e+03 1.423008e+03 1.427431e+03 1.390280e+03
8.7 1.432631e+03 1.419672e+03 1.424007e+03 1.436967e+03
9.7 1.434599e+03 1.431347e+03 1.420062e+03 1.423314e+03
10.7 1.404800e+03 1.414126e+03 1.417836e+03 1.408510e+03
11.7 1.458904e+03 1.433989e+03 1.416924e+03 1.441839e+03
12.7 1.402316e+03 1.416567e+03 1.416773e+03 1.402523e+03
13.7 1.445486e+03 1.415445e+03 1.416998e+03 1.447040e+03
14.7 1.433960e+03 1.415629e+03 1.417343e+03 1.435674e+03
15.7 1.419476e+03 1.415798e+03 1.417658e+03 1.421336e+03
16.7 1.424602e+03 1.418677e+03 1.417891e+03 1.423816e+03
17.7 1.423969e+03 1.423375e+03 1.418039e+03 1.418634e+03
0.1 1.432835e+03 1.425151e+03 1.425413e+03 1.433097e+03
1.1 1.409078e+03 1.419207e+03 1.421254e+03 1.411126e+03
2.1 1.410808e+03 1.423867e+03 1.424737e+03 1.411678e+03
3.1 1.385856e+03 1.423008e+03 1.427431e+03 1.390280e+03
4.1 1.432631e+03 1.419672e+03 1.424007e+03 1.436967e+03
5.1 1.434599e+03 1.431347e+03 1.420062e+03 1.423314e+03
6.1 1.404800e+03 1.414126e+03 1.417836e+03 1.408510e+03
7.1 1.458904e+03 1.433989e+03 1.416924e+03 1.441839e+03
8.1 1.402316e+03 1.416567e+03 1.416773e+03 1.402523e+03
9.1 1.445486e+03 1.415445e+03 1.416998e+03 1.447040e+03
10.1 1.433960e+03 1.415629e+03 1.417343e+03 1.435674e+03
11.1 1.419476e+03 1.415798e+03 1.417658e+03 1.421336e+03
12.1 1.424602e+03 1.418677e+03 1.417891e+03 1.423816e+03
13.1 1.423969e+03 1.423375e+03 1.418039e+03 1.418634e+03
14.1 1.437100e+03 1.424161e+03 1.418134e+03 1.431074e+03
15.1 1.406149e+03 1.410283e+03 1.418198e+03 1.414064e+03
16.1 1.437562e+03 1.412163e+03 1.418250e+03 1.443649e+03
17.1 1.385810e+03 1.385492e+03 1.418296e+03 1.418614e+03
0.3 1.427388e+03 1.422419e+03 1.418904e+03 1.423874e+03
1.3 1.424157e+03 1.420928e+03 1.420153e+03 1.423382e+03
2.3 1.400521e+03 1.422857e+03 1.423986e+03 1.401650e+03
3.3 1.418786e+03 1.420882e+03 1.424093e+03 1.421996e+03
4.3 1.424635e+03 1.417246e+03 1.421857e+03 1.429245e+03
5.3 1.416975e+03 1.418759e+03 1.420097e+03 1.418313e+03
6.3 1.411049e+03 1.425494e+03 1.419174e+03 1.404729e+03
7.3 1.424244e+03 1.416542e+03 1.418804e+03 1.426506e+03
8.3 1.388927e+03 1.416479e+03 1.418773e+03 1.391222e+03
9.3 1.429710e+03 1.415651e+03 1.418910e+03 1.432970e+03
10.3 1.435559e+03 1.415219e+03 1.419090e+03 1.439429e+03
11.3 1.444322e+03 1.428817e+03 1.419247e+03 1.434752e+03
12.3 1.427071e+03 1.426675e+03 1.419365e+03 1.419761e+03
13.3 1.401993e+03 1.425641e+03 1.419447e+03 1.395799e+03
14.3 1.428593e+03 1.421493e+03 1.419508e+03 1.426609e+03
15.3 1.400543e+03 1.415848e+03 1.419557e+03 1.404252e+03
16.3 1.404340e+03 1.414443e+03 1.419601e+03 1.409498e+03
17.3 1.391883e+03 1.421498e+03 1.419642e+03 1.390027e+03
