0.5 1.094629e+04 1.097301e+04 1.096874e+04 1.094201e+04
1.5 1.099732e+04 1.098774e+04 1.096964e+04 1.097921e+04
2.5 1.102809e+04 1.097685e+04 1.097230e+04 1.102353e+04
3.5 1.103311e+04 1.097502e+04 1.097262e+04 1.103071e+04
4.5 1.101955e+04 1.097326e+04 1.097104e+04 1.101733e+04
5.5 1.091962e+04 1.093795e+04 1.096963e+04 1.095130e+04
6.5 1.093867e+04 1.093192e+04 1.096889e+04 1.097564e+04
7.5 1.090616e+04 1.093641e+04 1.096857e+04 1.093833e+04
8.5 1.093580e+04 1.097325e+04 1.096852e+04 1.093106e+04
9.5 1.098399e+04 1.097898e+04 1.096860e+04 1.097360e+04
10.5 1.097985e+04 1.098963e+04 1.096872e+04 1.095894e+04
11.5 1.101488e+04 1.098244e+04 1.096882e+04 1.100126e+04
12.5 1.097127e+04 1.097283e+04 1.096889e+04 1.096733e+04
13.5 1.091306e+04 1.095299e+04 1.096894e+04 1.092901e+04
14.5 1.093926e+04 1.096780e+04 1.096896e+04 1.094043e+04
15.5 1.093513e+04 1.097333e+04 1.096898e+04 1.093078e+04
16.5 1.097917e+04 1.098163e+04 1.096900e+04 1.096654e+04
17.5 1.099205e+04 1.098228e+04 1.096901e+04 1.097878e+04
0.1 1.091877e+04 1.096564e+04 1.096910e+04 1.092223e+04
1.1 1.098308e+04 1.096849e+04 1.096934e+04 1.098394e+04
2.1 1.096788e+04 1.094677e+04 1.097142e+04 1.099252e+04
3.1 1.095922e+04 1.095871e+04 1.097236e+04 1.097287e+04
4.1 1.096021e+04 1.096183e+04 1.097125e+04 1.096963e+04
5.1 1.090595e+04 1.095722e+04 1.097000e+04 1.091873e+04
6.1 1.096313e+04 1.092672e+04 1.096926e+04 1.100567e+04
7.1 1.092275e+04 1.093834e+04 1.096891e+04 1.095331e+04
8.1 1.095734e+04 1.098468e+04 1.096880e+04 1.094146e+04
9.1 1.097235e+04 1.094980e+04 1.096883e+04 1.099138e+04
10.1 1.100186e+04 1.097639e+04 1.096891e+04 1.099437e+04
11.1 1.097436e+04 1.098230e+04 1.096898e+04 1.096104e+04
12.1 1.098041e+04 1.098821e+04 1.096903e+04 1.096123e+04
13.1 1.099633e+04 1.098097e+04 1.096905e+04 1.098441e+04
14.1 1.097203e+04 1.097651e+04 1.096906e+04 1.096458e+04
15.1 1.099646e+04 1.097857e+04 1.096906e+04 1.098695e+04
16.1 1.101142e+04 1.097180e+04 1.096906e+04 1.100868e+04
17.1 1.099980e+04 1.098608e+04 1.096905e+04 1.098277e+04
0.3 1.100161e+04 1.097496e+04 1.096871e+04 1.099537e+04
1.3 1.096071e+04 1.095640e+04 1.096916e+04 1.097346e+04
2.3 1.095805e+04 1.095658e+04 1.097176e+04 1.097322e+04
3.3 1.093580e+04 1.094067e+04 1.097269e+04 1.096783e+04
4.3 1.094201e+04 1.098271e+04 1.097123e+04 1.093053e+04
5.3 1.095197e+04 1.097450e+04 1.096970e+04 1.094717e+04
6.3 1.096251e+04 1.098540e+04 1.096880e+04 1.094592e+04
7.3 1.094549e+04 1.095631e+04 1.096939e+04 1.095857e+04
8.3 1.095538e+04 1.095985e+04 1.097140e+04 1.096693e+04
9.3 1.100156e+04 1.097374e+04 1.097126e+04 1.099907e+04
10.3 1.099122e+04 1.097231e+04 1.096997e+04 1.098887e+04
11.3 1.097120e+04 1.098257e+04 1.096898e+04 1.095761e+04
12.3 1.095183e+04 1.097391e+04 1.096846e+04 1.094639e+04
13.3 1.098746e+04 1.097613e+04 1.096827e+04 1.097960e+04
14.3 1.098358e+04 1.096640e+04 1.096892e+04 1.098609e+04
15.3 1.094997e+04 1.096889e+04 1.097162e+04 1.095270e+04
16.3 1.098645e+04 1.098190e+04 1.097233e+04 1.097689e+04
17.3 1.102627e+04 1.097272e+04 1.097085e+04 1.102440e+04
0.5 1.096251e+04 1.098540e+04 1.096880e+04 1.094592e+04
1.5 1.094549e+04 1.095631e+04 1.096939e+04 1.095857e+04
2.5 1.095538e+04 1.095985e+04 1.097140e+04 1.096693e+04
3.5 1.100156e+04 1.097374e+04 1.097126e+04 1.099907e+04
4.5 1.099122e+04 1.097231e+04 1.096997e+04 1.098887e+04
5.5 1.097120e+04 1.098257e+04 1.096898e+04 1.095761e+04
6.5 1.095183e+04 1.097391e+04 1.096846e+04 1.094639e+04
7.5 1.098746e+04 1.097613e+04 1.096827e+04 1.097960e+04
8.5 1.098358e+04 1.096640e+04 1.096892e+04 1.098609e+04
9.5 1.094997e+04 1.096889e+04 1.097162e+04 1.095270e+04
10.5 1.098645e+04 1.098190e+04 1.097233e+04 1.097689e+04
11.5 1.102627e+04 1.097272e+04 1.097085e+04 1.102440e+04
12.5 1.102834e+04 1.098595e+04 1.096942e+04 1.101181e+04
13.5 1.093200e+04 1.093406e+04 1.096859e+04 1.096652e+04
14.5 1.094833e+04 1.099018e+04 1.096823e+04 1.092639e+04
15.5 1.094114e+04 1.098560e+04 1.096814e+04 1.092369e+04
16.5 1.095777e+04 1.098040e+04 1.096820e+04 1.094557e+04
17.5 1.097543e+04 1.095983e+04 1.096829e+04 1.098389e+04
0.4 1.098746e+04 1.097613e+04 1.096827e+04 1.097960e+04
1.4 1.098358e+04 1.096640e+04 1.096892e+04 1.098609e+04
2.4 1.094997e+04 1.096889e+04 1.097162e+04 1.095270e+04
3.4 1.098645e+04 1.098190e+04 1.097233e+04 1.097689e+04
4.4 1.102627e+04 1.097272e+04 1.097085e+04 1.102440e+04
5.4 1.102834e+04 1.098595e+04 1.096942e+04 1.101181e+04
6.4 1.093200e+04 1.093406e+04 1.096859e+04 1.096652e+04
7.4 1.094833e+04 1.099018e+04 1.096823e+04 1.092639e+04
8.4 1.094114e+04 1.098560e+04 1.096814e+04 1.092369e+04
9.4 1.095777e+04 1.098040e+04 1.096820e+04 1.094557e+04
10.4 1.097543e+04 1.095983e+04 1.096829e+04 1.098389e+04
11.4 1.090326e+04 1.093211e+04 1.096839e+04 1.093953e+04
12.4 1.095610e+04 1.093010e+04 1.096887e+04 1.099487e+04
13.4 1.091660e+04 1.092010e+04 1.097169e+04 1.096819e+04
14.4 1.098422e+04 1.098014e+04 1.097344e+04 1.097753e+04
15.4 1.093736e+04 1.097197e+04 1.097201e+04 1.093739e+04
16.4 1.098057e+04 1.096221e+04 1.097003e+04 1.098839e+04
17.4 1.096684e+04 1.096384e+04 1.096882e+04 1.097182e+04
0.2 1.090326e+04 1.093211e+04 1.096839e+04 1.093953e+04
1.2 1.095610e+04 1.093010e+04 1.096887e+04 1.099487e+04
2.2 1.091660e+04 1.092010e+04 1.097169e+04 1.096819e+04
3.2 1.098422e+04 1.098014e+04 1.097344e+04 1.097753e+04
4.2 1.093736e+04 1.097197e+04 1.097201e+04 1.093739e+04
5.2 1.098057e+04 1.096221e+04 1.097003e+04 1.098839e+04
6.2 1.096684e+04 1.096384e+04 1.096882e+04 1.097182e+04
7.2 1.098030e+04 1.096350e+04 1.096830e+04 1.098510e+04
8.2 1.093267e+04 1.096372e+04 1.096981e+04 1.093877e+04
9.2 1.100170e+04 1.095943e+04 1.097232e+04 1.101459e+04
10.2 1.095949e+04 1.095658e+04 1.097191e+04 1.097482e+04
11.2 1.094229e+04 1.096325e+04 1.097024e+04 1.094928e+04
12.2 1.091057e+04 1.092706e+04 1.096901e+04 1.095252e+04
13.2 1.094451e+04 1.095009e+04 1.096837e+04 1.096280e+04
14.2 1.093251e+04 1.094262e+04 1.096814e+04 1.095803e+04
15.2 1.098362e+04 1.097987e+04 1.096813e+04 1.097188e+04
16.2 1.097804e+04 1.097319e+04 1.096823e+04 1.097307e+04
17.2 1.096537e+04 1.093756e+04 1.096834e+04 1.099615e+04
0.8 1.098030e+04 1.096350e+04 1.096830e+04 1.098510e+04
1.8 1.093267e+04 1.096372e+04 1.096981e+04 1.093877e+04
2.8 1.100170e+04 1.095943e+04 1.097232e+04 1.101459e+04
3.8 1.095949e+04 1.095658e+04 1.097191e+04 1.097482e+04
4.8 1.094229e+04 1.096325e+04 1.097024e+04 1.094928e+04
5.8 1.091057e+04 1.092706e+04 1.096901e+04 1.095252e+04
6.8 1.094451e+04 1.095009e+04 1.096837e+04 1.096280e+04
7.8 1.093251e+04 1.094262e+04 1.096814e+04 1.095803e+04
8.8 1.098362e+04 1.097987e+04 1.096813e+04 1.097188e+04
9.8 1.097804e+04 1.097319e+04 1.096823e+04 1.097307e+04
10.8 1.096537e+04 1.093756e+04 1.096834e+04 1.099615e+04
11.8 1.096991e+04 1.095044e+04 1.096843e+04 1.098790e+04
12.8 1.096314e+04 1.097251e+04 1.096849e+04 1.095911e+04
13.8 1.096361e+04 1.098399e+04 1.096852e+04 1.094814e+04
14.8 1.097250e+04 1.098130e+04 1.096854e+04 1.095974e+04
15.8 1.093720e+04 1.097544e+04 1.096855e+04 1.093031e+04
16.8 1.101600e+04 1.098965e+04 1.096855e+04 1.099491e+04
17.8 1.099216e+04 1.098232e+04 1.096856e+04 1.097840e+04
0.8 1.095784e+04 1.097737e+04 1.096867e+04 1.094914e+04
1.8 1.094556e+04 1.096460e+04 1.097048e+04 1.095144e+04
2.8 1.095526e+04 1.096261e+04 1.097395e+04 1.096661e+04
3.8 1.095259e+04 1.097129e+04 1.097409e+04 1.095538e+04
4.8 1.092909e+04 1.096685e+04 1.097177e+04 1.093402e+04
5.8 1.100572e+04 1.096974e+04 1.096972e+04 1.100570e+04
6.8 1.098559e+04 1.096457e+04 1.096892e+04 1.098994e+04
7.8 1.096100e+04 1.095645e+04 1.097093e+04 1.097547e+04
8.8 1.095353e+04 1.096250e+04 1.097246e+04 1.096349e+04
9.8 1.095831e+04 1.096847e+04 1.097131e+04 1.096115e+04
10.8 1.100430e+04 1.096370e+04 1.096971e+04 1.101030e+04
11.8 1.099239e+04 1.096206e+04 1.096877e+04 1.099910e+04
12.8 1.097276e+04 1.094590e+04 1.096834e+04 1.099521e+04
13.8 1.096302e+04 1.093111e+04 1.096822e+04 1.100013e+04
14.8 1.096903e+04 1.096750e+04 1.096827e+04 1.096980e+04
15.8 1.096130e+04 1.095903e+04 1.096839e+04 1.097066e+04
16.8 1.096813e+04 1.095882e+04 1.096850e+04 1.097781e+04
17.8 1.094882e+04 1.094864e+04 1.096858e+04 1.096876e+04
0.1 1.100572e+04 1.096974e+04 1.096972e+04 1.100570e+04
1.1 1.098559e+04 1.096457e+04 1.096892e+04 1.098994e+04
2.1 1.096100e+04 1.095645e+04 1.097093e+04 1.097547e+04
3.1 1.095353e+04 1.096250e+04 1.097246e+04 1.096349e+04
4.1 1.095831e+04 1.096847e+04 1.097131e+04 1.096115e+04
5.1 1.100430e+04 1.096370e+04 1.096971e+04 1.101030e+04
6.1 1.099239e+04 1.096206e+04 1.096877e+04 1.099910e+04
7.1 1.097276e+04 1.094590e+04 1.096834e+04 1.099521e+04
8.1 1.096302e+04 1.093111e+04 1.096822e+04 1.100013e+04
9.1 1.096903e+04 1.096750e+04 1.096827e+04 1.096980e+04
10.1 1.096130e+04 1.095903e+04 1.096839e+04 1.097066e+04
11.1 1.096813e+04 1.095882e+04 1.096850e+04 1.097781e+04
12.1 1.094882e+04 1.094864e+04 1.096858e+04 1.096876e+04
13.1 1.096242e+04 1.095072e+04 1.096863e+04 1.098034e+04
14.1 1.092200e+04 1.093827e+04 1.096866e+04 1.095238e+04
15.1 1.094356e+04 1.098816e+04 1.096867e+04 1.092407e+04
16.1 1.099258e+04 1.098844e+04 1.096868e+04 1.097282e+04
17.1 1.098288e+04 1.097640e+04 1.096868e+04 1.097516e+04
0.2 1.092068e+04 1.097621e+04 1.096873e+04 1.091320e+04
1.2 1.103134e+04 1.098152e+04 1.096919e+04 1.101901e+04
2.2 1.095692e+04 1.097954e+04 1.097182e+04 1.094920e+04
3.2 1.096989e+04 1.097892e+04 1.097297e+04 1.096394e+04
4.2 1.094605e+04 1.096295e+04 1.097154e+04 1.095464e+04
5.2 1.096588e+04 1.095906e+04 1.096993e+04 1.097674e+04
6.2 1.090325e+04 1.089840e+04 1.096894e+04 1.097379e+04
7.2 1.105499e+04 1.097478e+04 1.096851e+04 1.104871e+04
8.2 1.100125e+04 1.099566e+04 1.096862e+04 1.097421e+04
9.2 1.091697e+04 1.097885e+04 1.097101e+04 1.090913e+04
10.2 1.095776e+04 1.097818e+04 1.097282e+04 1.095240e+04
11.2 1.104415e+04 1.096952e+04 1.097176e+04 1.104639e+04
12.2 1.092662e+04 1.094148e+04 1.097013e+04 1.095527e+04
13.2 1.099601e+04 1.094935e+04 1.096907e+04 1.101573e+04
14.2 1.090045e+04 1.092119e+04 1.096858e+04 1.094785e+04
15.2 1.096204e+04 1.098089e+04 1.096842e+04 1.094957e+04
16.2 1.096797e+04 1.098339e+04 1.096845e+04 1.095303e+04
17.2 1.103540e+04 1.099856e+04 1.096856e+04 1.100539e+04
0.1 1.105499e+04 1.097478e+04 1.096851e+04 1.104871e+04
1.1 1.100125e+04 1.099566e+04 1.096862e+04 1.097421e+04
2.1 1.091697e+04 1.097885e+04 1.097101e+04 1.090913e+04
3.1 1.095776e+04 1.097818e+04 1.097282e+04 1.095240e+04
4.1 1.104415e+04 1.096952e+04 1.097176e+04 1.104639e+04
5.1 1.092662e+04 1.094148e+04 1.097013e+04 1.095527e+04
6.1 1.099601e+04 1.094935e+04 1.096907e+04 1.101573e+04
7.1 1.090045e+04 1.092119e+04 1.096858e+04 1.094785e+04
8.1 1.096204e+04 1.098089e+04 1.096842e+04 1.094957e+04
9.1 1.096797e+04 1.098339e+04 1.096845e+04 1.095303e+04
10.1 1.103540e+04 1.099856e+04 1.096856e+04 1.100539e+04
11.1 1.103950e+04 1.103637e+04 1.096867e+04 1.097180e+04
12.1 1.101362e+04 1.101755e+04 1.096875e+04 1.096482e+04
13.1 1.095203e+04 1.096309e+04 1.096880e+04 1.095774e+04
14.1 1.096456e+04 1.098027e+04 1.096883e+04 1.095312e+04
15.1 1.098946e+04 1.097324e+04 1.096885e+04 1.098507e+04
16.1 1.097767e+04 1.097630e+04 1.096886e+04 1.097022e+04
17.1 1.098745e+04 1.097244e+04 1.096886e+04 1.098387e+04
0.9 1.095479e+04 1.096371e+04 1.096906e+04 1.096014e+04
1.9 1.097284e+04 1.095764e+04 1.097093e+04 1.098614e+04
2.9 1.091887e+04 1.096523e+04 1.097233e+04 1.092597e+04
3.9 1.096162e+04 1.097534e+04 1.097140e+04 1.095767e+04
4.9 1.097807e+04 1.096704e+04 1.097006e+04 1.098110e+04
5.9 1.092061e+04 1.095116e+04 1.096920e+04 1.093865e+04
6.9 1.092413e+04 1.096182e+04 1.096881e+04 1.093112e+04
7.9 1.092476e+04 1.095911e+04 1.096868e+04 1.093433e+04
8.9 1.096855e+04 1.094644e+04 1.096870e+04 1.099082e+04
