1.0 1.307567e+04 1.307197e+04 1.309710e+04 1.310081e+04
2.0 1.315955e+04 1.307734e+04 1.312316e+04 1.320538e+04
3.0 1.311628e+04 1.314678e+04 1.314860e+04 1.311810e+04
4.0 1.315416e+04 1.313384e+04 1.313785e+04 1.315818e+04
5.0 1.312539e+04 1.311673e+04 1.311520e+04 1.312385e+04
6.0 1.309319e+04 1.311020e+04 1.310002e+04 1.308301e+04
7.0 1.306759e+04 1.309660e+04 1.309224e+04 1.306323e+04
8.0 1.315515e+04 1.309938e+04 1.308944e+04 1.314521e+04
9.0 1.313209e+04 1.308200e+04 1.308933e+04 1.313941e+04
10.0 1.299944e+04 1.308232e+04 1.309044e+04 1.300757e+04
11.0 1.296480e+04 1.308839e+04 1.309168e+04 1.296810e+04
12.0 1.308541e+04 1.306184e+04 1.309317e+04 1.311674e+04
13.0 1.319177e+04 1.308683e+04 1.311127e+04 1.321622e+04
14.0 1.308582e+04 1.312775e+04 1.313939e+04 1.309746e+04
15.0 1.322624e+04 1.313078e+04 1.313474e+04 1.323020e+04
16.0 1.307319e+04 1.310344e+04 1.311509e+04 1.308484e+04
17.0 1.316080e+04 1.316440e+04 1.310004e+04 1.309643e+04
18.0 1.311416e+04 1.312826e+04 1.309243e+04 1.307833e+04
0.8 1.308541e+04 1.306184e+04 1.309317e+04 1.311674e+04
1.8 1.319177e+04 1.308683e+04 1.311127e+04 1.321622e+04
2.8 1.308582e+04 1.312775e+04 1.313939e+04 1.309746e+04
3.8 1.322624e+04 1.313078e+04 1.313474e+04 1.323020e+04
4.8 1.307319e+04 1.310344e+04 1.311509e+04 1.308484e+04
5.8 1.316080e+04 1.316440e+04 1.310004e+04 1.309643e+04
6.8 1.311416e+04 1.312826e+04 1.309243e+04 1.307833e+04
7.8 1.307038e+04 1.310467e+04 1.308938e+04 1.305510e+04
8.8 1.318360e+04 1.310815e+04 1.308900e+04 1.316444e+04
9.8 1.306960e+04 1.312859e+04 1.308989e+04 1.303090e+04
10.8 1.307768e+04 1.312254e+04 1.309108e+04 1.304622e+04
11.8 1.310543e+04 1.311535e+04 1.309199e+04 1.308208e+04
12.8 1.319622e+04 1.308468e+04 1.309255e+04 1.320409e+04
13.8 1.299586e+04 1.307563e+04 1.309284e+04 1.301307e+04
14.8 1.311264e+04 1.309864e+04 1.309296e+04 1.310696e+04
15.8 1.313470e+04 1.308202e+04 1.309299e+04 1.314568e+04
16.8 1.311774e+04 1.310994e+04 1.309299e+04 1.310079e+04
17.8 1.308566e+04 1.311437e+04 1.309298e+04 1.306427e+04
0.6 1.329489e+04 1.310650e+04 1.309310e+04 1.328149e+04
1.6 1.314116e+04 1.314683e+04 1.310640e+04 1.310073e+04
2.6 1.308415e+04 1.314511e+04 1.313441e+04 1.307345e+04
3.6 1.309301e+04 1.313443e+04 1.313361e+04 1.309218e+04
4.6 1.297691e+04 1.302284e+04 1.311510e+04 1.306917e+04
5.6 1.288408e+04 1.295673e+04 1.310246e+04 1.302980e+04
6.6 1.294350e+04 1.301699e+04 1.311925e+04 1.304576e+04
7.6 1.305373e+04 1.309851e+04 1.313766e+04 1.309288e+04
8.6 1.303977e+04 1.302204e+04 1.312620e+04 1.314393e+04
9.6 1.308285e+04 1.300521e+04 1.310719e+04 1.318482e+04
10.6 1.320893e+04 1.320426e+04 1.309553e+04 1.310020e+04
11.6 1.326925e+04 1.309477e+04 1.309010e+04 1.326458e+04
12.6 1.296751e+04 1.309769e+04 1.308854e+04 1.295837e+04
13.6 1.324479e+04 1.317483e+04 1.308899e+04 1.315895e+04
14.6 1.312046e+04 1.308036e+04 1.309029e+04 1.313040e+04
15.6 1.301584e+04 1.311044e+04 1.309157e+04 1.299697e+04
16.6 1.300888e+04 1.308593e+04 1.309254e+04 1.301548e+04
17.6 1.300455e+04 1.309244e+04 1.309311e+04 1.300522e+04
1.0 1.288408e+04 1.295673e+04 1.310246e+04 1.302980e+04
2.0 1.294350e+04 1.301699e+04 1.311925e+04 1.304576e+04
3.0 1.305373e+04 1.309851e+04 1.313766e+04 1.309288e+04
4.0 1.303977e+04 1.302204e+04 1.312620e+04 1.314393e+04
5.0 1.308285e+04 1.300521e+04 1.310719e+04 1.318482e+04
6.0 1.320893e+04 1.320426e+04 1.309553e+04 1.310020e+04
7.0 1.326925e+04 1.309477e+04 1.309010e+04 1.326458e+04
8.0 1.296751e+04 1.309769e+04 1.308854e+04 1.295837e+04
9.0 1.324479e+04 1.317483e+04 1.308899e+04 1.315895e+04
10.0 1.312046e+04 1.308036e+04 1.309029e+04 1.313040e+04
11.0 1.301584e+04 1.311044e+04 1.309157e+04 1.299697e+04
12.0 1.300888e+04 1.308593e+04 1.309254e+04 1.301548e+04
13.0 1.300455e+04 1.309244e+04 1.309311e+04 1.300522e+04
14.0 1.310574e+04 1.311871e+04 1.309344e+04 1.308047e+04
15.0 1.320374e+04 1.314747e+04 1.309361e+04 1.314989e+04
16.0 1.309821e+04 1.309423e+04 1.309372e+04 1.309769e+04
17.0 1.308959e+04 1.307262e+04 1.309382e+04 1.311079e+04
18.0 1.302256e+04 1.308689e+04 1.310278e+04 1.303845e+04
0.4 1.308959e+04 1.307262e+04 1.309382e+04 1.311079e+04
1.4 1.302256e+04 1.308689e+04 1.310278e+04 1.303845e+04
2.4 1.315175e+04 1.313170e+04 1.313586e+04 1.315592e+04
3.4 1.320325e+04 1.316610e+04 1.314572e+04 1.318287e+04
4.4 1.320317e+04 1.312554e+04 1.312668e+04 1.320430e+04
5.4 1.314567e+04 1.309782e+04 1.310681e+04 1.315466e+04
6.4 1.305465e+04 1.307606e+04 1.309565e+04 1.307423e+04
7.4 1.313948e+04 1.305837e+04 1.309064e+04 1.317175e+04
8.4 1.306605e+04 1.308680e+04 1.308933e+04 1.306858e+04
9.4 1.319968e+04 1.309128e+04 1.309003e+04 1.319843e+04
10.4 1.315805e+04 1.313574e+04 1.309141e+04 1.311371e+04
11.4 1.314013e+04 1.313242e+04 1.309263e+04 1.310034e+04
12.4 1.314541e+04 1.312680e+04 1.309346e+04 1.311207e+04
13.4 1.313084e+04 1.310525e+04 1.309395e+04 1.311955e+04
14.4 1.308032e+04 1.311731e+04 1.309419e+04 1.305720e+04
15.4 1.311601e+04 1.311864e+04 1.309430e+04 1.309167e+04
16.4 1.312113e+04 1.310859e+04 1.309435e+04 1.310689e+04
17.4 1.318434e+04 1.309369e+04 1.309437e+04 1.318503e+04
0.2 1.309868e+04 1.311507e+04 1.309338e+04 1.307698e+04
1.2 1.305641e+04 1.307637e+04 1.309710e+04 1.307714e+04
2.2 1.320342e+04 1.312111e+04 1.312833e+04 1.321063e+04
3.2 1.324424e+04 1.315097e+04 1.315666e+04 1.324993e+04
4.2 1.316538e+04 1.314044e+04 1.314357e+04 1.316852e+04
5.2 1.302080e+04 1.308180e+04 1.311764e+04 1.305664e+04
6.2 1.301632e+04 1.303074e+04 1.310050e+04 1.308608e+04
7.2 1.312173e+04 1.306749e+04 1.311216e+04 1.316641e+04
8.2 1.314872e+04 1.312045e+04 1.313765e+04 1.316592e+04
9.2 1.308473e+04 1.312542e+04 1.313111e+04 1.309042e+04
10.2 1.313885e+04 1.310000e+04 1.311113e+04 1.314997e+04
11.2 1.309951e+04 1.314744e+04 1.309695e+04 1.304902e+04
12.2 1.310732e+04 1.304219e+04 1.308984e+04 1.315497e+04
13.2 1.303123e+04 1.302449e+04 1.308739e+04 1.309412e+04
14.2 1.310216e+04 1.311836e+04 1.308743e+04 1.307123e+04
15.2 1.316070e+04 1.310672e+04 1.308859e+04 1.314258e+04
16.2 1.303859e+04 1.309030e+04 1.308991e+04 1.303819e+04
17.2 1.304841e+04 1.309182e+04 1.309092e+04 1.304752e+04
0.9 1.301632e+04 1.303074e+04 1.310050e+04 1.308608e+04
1.9 1.312173e+04 1.306749e+04 1.311216e+04 1.316641e+04
2.9 1.314872e+04 1.312045e+04 1.313765e+04 1.316592e+04
3.9 1.308473e+04 1.312542e+04 1.313111e+04 1.309042e+04
4.9 1.313885e+04 1.310000e+04 1.311113e+04 1.314997e+04
5.9 1.309951e+04 1.314744e+04 1.309695e+04 1.304902e+04
6.9 1.310732e+04 1.304219e+04 1.308984e+04 1.315497e+04
7.9 1.303123e+04 1.302449e+04 1.308739e+04 1.309412e+04
8.9 1.310216e+04 1.311836e+04 1.308743e+04 1.307123e+04
9.9 1.316070e+04 1.310672e+04 1.308859e+04 1.314258e+04
10.9 1.303859e+04 1.309030e+04 1.308991e+04 1.303819e+04
11.9 1.304841e+04 1.309182e+04 1.309092e+04 1.304752e+04
12.9 1.307688e+04 1.309317e+04 1.309151e+04 1.307523e+04
13.9 1.314891e+04 1.313547e+04 1.309180e+04 1.310525e+04
14.9 1.314349e+04 1.316119e+04 1.309191e+04 1.307421e+04
15.9 1.301119e+04 1.309140e+04 1.309193e+04 1.301171e+04
16.9 1.310961e+04 1.298850e+04 1.309191e+04 1.321302e+04
17.9 1.311661e+04 1.311434e+04 1.309188e+04 1.309415e+04
0.1 1.317591e+04 1.309943e+04 1.309173e+04 1.316822e+04
1.1 1.299900e+04 1.308780e+04 1.309408e+04 1.300527e+04
2.1 1.314803e+04 1.310026e+04 1.312022e+04 1.316798e+04
3.1 1.318181e+04 1.313975e+04 1.314102e+04 1.318307e+04
4.1 1.318651e+04 1.313268e+04 1.312854e+04 1.318237e+04
5.1 1.310241e+04 1.307873e+04 1.310892e+04 1.313260e+04
6.1 1.298563e+04 1.303689e+04 1.309647e+04 1.304522e+04
7.1 1.296954e+04 1.305987e+04 1.310658e+04 1.301625e+04
8.1 1.301845e+04 1.311868e+04 1.314249e+04 1.304226e+04
9.1 1.312200e+04 1.314614e+04 1.314864e+04 1.312449e+04
10.1 1.311937e+04 1.312733e+04 1.312576e+04 1.311780e+04
11.1 1.314049e+04 1.311517e+04 1.310759e+04 1.313291e+04
12.1 1.312188e+04 1.312597e+04 1.312281e+04 1.311872e+04
13.1 1.305804e+04 1.314644e+04 1.313458e+04 1.304617e+04
14.1 1.310319e+04 1.310018e+04 1.311962e+04 1.312263e+04
15.1 1.297763e+04 1.305122e+04 1.310239e+04 1.302880e+04
16.1 1.321201e+04 1.303827e+04 1.309266e+04 1.326640e+04
17.1 1.319827e+04 1.318222e+04 1.308868e+04 1.310472e+04
0.7 1.298563e+04 1.303689e+04 1.309647e+04 1.304522e+04
1.7 1.296954e+04 1.305987e+04 1.310658e+04 1.301625e+04
2.7 1.301845e+04 1.311868e+04 1.314249e+04 1.304226e+04
3.7 1.312200e+04 1.314614e+04 1.314864e+04 1.312449e+04
4.7 1.311937e+04 1.312733e+04 1.312576e+04 1.311780e+04
5.7 1.314049e+04 1.311517e+04 1.310759e+04 1.313291e+04
6.7 1.312188e+04 1.312597e+04 1.312281e+04 1.311872e+04
7.7 1.305804e+04 1.314644e+04 1.313458e+04 1.304617e+04
8.7 1.310319e+04 1.310018e+04 1.311962e+04 1.312263e+04
9.7 1.297763e+04 1.305122e+04 1.310239e+04 1.302880e+04
10.7 1.321201e+04 1.303827e+04 1.309266e+04 1.326640e+04
11.7 1.319827e+04 1.318222e+04 1.308868e+04 1.310472e+04
12.7 1.303544e+04 1.304444e+04 1.308802e+04 1.307902e+04
13.7 1.301551e+04 1.297091e+04 1.308900e+04 1.313360e+04
14.7 1.303095e+04 1.308390e+04 1.309050e+04 1.303755e+04
15.7 1.312323e+04 1.309874e+04 1.309188e+04 1.311637e+04
16.7 1.312528e+04 1.308658e+04 1.309290e+04 1.313160e+04
17.7 1.306385e+04 1.311646e+04 1.309355e+04 1.304094e+04
0.1 1.311937e+04 1.312733e+04 1.312576e+04 1.311780e+04
1.1 1.314049e+04 1.311517e+04 1.310759e+04 1.313291e+04
2.1 1.312188e+04 1.312597e+04 1.312281e+04 1.311872e+04
3.1 1.305804e+04 1.314644e+04 1.313458e+04 1.304617e+04
4.1 1.310319e+04 1.310018e+04 1.311962e+04 1.312263e+04
5.1 1.297763e+04 1.305122e+04 1.310239e+04 1.302880e+04
6.1 1.321201e+04 1.303827e+04 1.309266e+04 1.326640e+04
7.1 1.319827e+04 1.318222e+04 1.308868e+04 1.310472e+04
8.1 1.303544e+04 1.304444e+04 1.308802e+04 1.307902e+04
9.1 1.301551e+04 1.297091e+04 1.308900e+04 1.313360e+04
10.1 1.303095e+04 1.308390e+04 1.309050e+04 1.303755e+04
11.1 1.312323e+04 1.309874e+04 1.309188e+04 1.311637e+04
12.1 1.312528e+04 1.308658e+04 1.309290e+04 1.313160e+04
13.1 1.306385e+04 1.311646e+04 1.309355e+04 1.304094e+04
14.1 1.313490e+04 1.312811e+04 1.309396e+04 1.310075e+04
15.1 1.304155e+04 1.312495e+04 1.309424e+04 1.301084e+04
16.1 1.309881e+04 1.310911e+04 1.309447e+04 1.308417e+04
17.1 1.306570e+04 1.305055e+04 1.309467e+04 1.310981e+04
0.3 1.310219e+04 1.313519e+04 1.309733e+04 1.306433e+04
1.3 1.311298e+04 1.308730e+04 1.310278e+04 1.312846e+04
2.3 1.310741e+04 1.311515e+04 1.311953e+04 1.311179e+04
3.3 1.304424e+04 1.312034e+04 1.312000e+04 1.304390e+04
4.3 1.312284e+04 1.308601e+04 1.311023e+04 1.314705e+04
5.3 1.314806e+04 1.310638e+04 1.310254e+04 1.314422e+04
6.3 1.314789e+04 1.317581e+04 1.309850e+04 1.307058e+04
7.3 1.313749e+04 1.309069e+04 1.309689e+04 1.314368e+04
8.3 1.299901e+04 1.309593e+04 1.309675e+04 1.299984e+04
9.3 1.301424e+04 1.311441e+04 1.309735e+04 1.299718e+04
10.3 1.310540e+04 1.310672e+04 1.309814e+04 1.309682e+04
11.3 1.326335e+04 1.314643e+04 1.309882e+04 1.321575e+04
12.3 1.314440e+04 1.315537e+04 1.309934e+04 1.308837e+04
13.3 1.315686e+04 1.313928e+04 1.309970e+04 1.311728e+04
14.3 1.304796e+04 1.308658e+04 1.309996e+04 1.306134e+04
15.3 1.308046e+04 1.310525e+04 1.310018e+04 1.307539e+04
16.3 1.310246e+04 1.312541e+04 1.310037e+04 1.307743e+04
17.3 1.307241e+04 1.312033e+04 1.310055e+04 1.305262e+04
