0.6 1.276706e+04 1.299330e+04 1.294945e+04 1.272320e+04
1.6 1.288717e+04 1.300314e+04 1.293373e+04 1.281775e+04
2.6 1.305928e+04 1.297037e+04 1.289993e+04 1.298883e+04
3.6 1.289716e+04 1.295514e+04 1.290123e+04 1.284325e+04
4.6 1.294982e+04 1.285066e+04 1.292241e+04 1.302157e+04
5.6 1.289256e+04 1.286503e+04 1.293947e+04 1.296701e+04
6.6 1.277600e+04 1.289387e+04 1.294813e+04 1.283027e+04
7.6 1.270608e+04 1.292038e+04 1.295159e+04 1.273729e+04
8.6 1.298218e+04 1.285617e+04 1.295197e+04 1.307798e+04
9.6 1.287893e+04 1.286453e+04 1.295084e+04 1.296524e+04
10.6 1.305799e+04 1.294081e+04 1.294932e+04 1.306650e+04
11.6 1.299607e+04 1.303088e+04 1.294809e+04 1.291328e+04
12.6 1.275618e+04 1.299724e+04 1.294727e+04 1.270621e+04
13.6 1.300371e+04 1.298120e+04 1.294678e+04 1.296929e+04
14.6 1.295613e+04 1.295805e+04 1.294651e+04 1.294459e+04
15.6 1.286227e+04 1.286430e+04 1.294636e+04 1.294433e+04
16.6 1.304979e+04 1.289940e+04 1.294626e+04 1.309665e+04
17.6 1.305945e+04 1.296209e+04 1.294620e+04 1.304356e+04
1.0 1.272005e+04 1.302189e+04 1.294931e+04 1.264747e+04
2.0 1.284506e+04 1.299431e+04 1.292003e+04 1.277078e+04
3.0 1.308868e+04 1.294745e+04 1.289333e+04 1.303456e+04
4.0 1.309268e+04 1.297222e+04 1.290748e+04 1.302793e+04
5.0 1.329674e+04 1.299915e+04 1.293186e+04 1.322945e+04
6.0 1.284621e+04 1.291878e+04 1.294750e+04 1.287493e+04
7.0 1.272307e+04 1.284732e+04 1.295382e+04 1.282957e+04
8.0 1.315919e+04 1.287771e+04 1.292913e+04 1.321061e+04
9.0 1.304330e+04 1.290371e+04 1.290264e+04 1.304224e+04
10.0 1.294122e+04 1.295485e+04 1.291412e+04 1.290049e+04
11.0 1.297594e+04 1.298254e+04 1.293552e+04 1.292892e+04
12.0 1.306810e+04 1.296225e+04 1.294975e+04 1.305560e+04
13.0 1.304627e+04 1.294161e+04 1.295690e+04 1.306155e+04
14.0 1.309280e+04 1.290451e+04 1.295941e+04 1.314770e+04
15.0 1.284473e+04 1.293288e+04 1.295937e+04 1.287123e+04
16.0 1.307487e+04 1.295852e+04 1.295826e+04 1.307461e+04
17.0 1.269925e+04 1.284667e+04 1.295704e+04 1.280962e+04
18.0 1.283953e+04 1.285526e+04 1.295615e+04 1.294042e+04
0.9 1.272307e+04 1.284732e+04 1.295382e+04 1.282957e+04
1.9 1.315919e+04 1.287771e+04 1.292913e+04 1.321061e+04
2.9 1.304330e+04 1.290371e+04 1.290264e+04 1.304224e+04
3.9 1.294122e+04 1.295485e+04 1.291412e+04 1.290049e+04
4.9 1.297594e+04 1.298254e+04 1.293552e+04 1.292892e+04
5.9 1.306810e+04 1.296225e+04 1.294975e+04 1.305560e+04
6.9 1.304627e+04 1.294161e+04 1.295690e+04 1.306155e+04
7.9 1.309280e+04 1.290451e+04 1.295941e+04 1.314770e+04
8.9 1.284473e+04 1.293288e+04 1.295937e+04 1.287123e+04
9.9 1.307487e+04 1.295852e+04 1.295826e+04 1.307461e+04
10.9 1.269925e+04 1.284667e+04 1.295704e+04 1.280962e+04
11.9 1.283953e+04 1.285526e+04 1.295615e+04 1.294042e+04
12.9 1.312594e+04 1.290489e+04 1.295568e+04 1.317673e+04
13.9 1.307111e+04 1.298441e+04 1.295549e+04 1.304219e+04
14.9 1.278166e+04 1.296510e+04 1.295548e+04 1.277204e+04
15.9 1.281432e+04 1.295863e+04 1.295012e+04 1.280580e+04
16.9 1.293813e+04 1.297528e+04 1.291242e+04 1.287527e+04
17.9 1.298349e+04 1.296692e+04 1.289317e+04 1.290974e+04
0.2 1.278166e+04 1.296510e+04 1.295548e+04 1.277204e+04
1.2 1.281432e+04 1.295863e+04 1.295012e+04 1.280580e+04
2.2 1.293813e+04 1.297528e+04 1.291242e+04 1.287527e+04
3.2 1.298349e+04 1.296692e+04 1.289317e+04 1.290974e+04
4.2 1.307038e+04 1.296769e+04 1.291335e+04 1.301604e+04
5.2 1.308801e+04 1.293982e+04 1.293733e+04 1.308552e+04
6.2 1.299327e+04 1.299924e+04 1.293467e+04 1.292871e+04
7.2 1.291310e+04 1.300672e+04 1.289574e+04 1.280212e+04
8.2 1.274520e+04 1.295859e+04 1.289257e+04 1.267918e+04
9.2 1.284094e+04 1.295768e+04 1.292089e+04 1.280415e+04
10.2 1.290668e+04 1.298742e+04 1.294473e+04 1.286399e+04
11.2 1.299015e+04 1.297964e+04 1.295742e+04 1.296792e+04
12.2 1.293138e+04 1.302875e+04 1.296258e+04 1.286522e+04
13.2 1.303157e+04 1.297802e+04 1.296328e+04 1.301683e+04
14.2 1.316367e+04 1.292039e+04 1.296181e+04 1.320509e+04
15.2 1.301792e+04 1.285585e+04 1.295982e+04 1.312190e+04
16.2 1.281508e+04 1.290907e+04 1.295814e+04 1.286415e+04
17.2 1.299309e+04 1.288171e+04 1.295701e+04 1.306839e+04
0.6 1.308801e+04 1.293982e+04 1.293733e+04 1.308552e+04
1.6 1.299327e+04 1.299924e+04 1.293467e+04 1.292871e+04
2.6 1.291310e+04 1.300672e+04 1.289574e+04 1.280212e+04
3.6 1.274520e+04 1.295859e+04 1.289257e+04 1.267918e+04
4.6 1.284094e+04 1.295768e+04 1.292089e+04 1.280415e+04
5.6 1.290668e+04 1.298742e+04 1.294473e+04 1.286399e+04
6.6 1.299015e+04 1.297964e+04 1.295742e+04 1.296792e+04
7.6 1.293138e+04 1.302875e+04 1.296258e+04 1.286522e+04
8.6 1.303157e+04 1.297802e+04 1.296328e+04 1.301683e+04
9.6 1.316367e+04 1.292039e+04 1.296181e+04 1.320509e+04
10.6 1.301792e+04 1.285585e+04 1.295982e+04 1.312190e+04
11.6 1.281508e+04 1.290907e+04 1.295814e+04 1.286415e+04
12.6 1.299309e+04 1.288171e+04 1.295701e+04 1.306839e+04
13.6 1.277812e+04 1.272066e+04 1.295638e+04 1.301384e+04
14.6 1.295841e+04 1.302118e+04 1.295232e+04 1.288954e+04
15.6 1.285098e+04 1.297793e+04 1.291611e+04 1.278916e+04
16.6 1.329343e+04 1.296119e+04 1.288164e+04 1.321387e+04
17.6 1.270468e+04 1.295769e+04 1.289704e+04 1.264402e+04
0.1 1.277812e+04 1.272066e+04 1.295638e+04 1.301384e+04
1.1 1.295841e+04 1.302118e+04 1.295232e+04 1.288954e+04
2.1 1.285098e+04 1.297793e+04 1.291611e+04 1.278916e+04
3.1 1.329343e+04 1.296119e+04 1.288164e+04 1.321387e+04
4.1 1.270468e+04 1.295769e+04 1.289704e+04 1.264402e+04
5.1 1.258492e+04 1.286611e+04 1.292714e+04 1.264594e+04
6.1 1.290224e+04 1.297301e+04 1.294802e+04 1.287725e+04
7.1 1.283103e+04 1.296366e+04 1.294452e+04 1.281189e+04
8.1 1.307118e+04 1.294756e+04 1.291687e+04 1.304050e+04
9.1 1.287521e+04 1.295540e+04 1.291794e+04 1.283774e+04
10.1 1.304089e+04 1.293168e+04 1.293599e+04 1.304520e+04
11.1 1.296207e+04 1.298353e+04 1.295002e+04 1.292857e+04
12.1 1.298345e+04 1.295155e+04 1.295678e+04 1.298868e+04
13.1 1.325814e+04 1.299743e+04 1.295925e+04 1.321996e+04
14.1 1.298601e+04 1.298563e+04 1.295920e+04 1.295957e+04
15.1 1.300692e+04 1.295117e+04 1.294625e+04 1.300200e+04
16.1 1.286431e+04 1.295072e+04 1.291653e+04 1.283012e+04
17.1 1.304705e+04 1.294928e+04 1.291699e+04 1.301476e+04
0.5 1.290224e+04 1.297301e+04 1.294802e+04 1.287725e+04
1.5 1.283103e+04 1.296366e+04 1.294452e+04 1.281189e+04
2.5 1.307118e+04 1.294756e+04 1.291687e+04 1.304050e+04
3.5 1.287521e+04 1.295540e+04 1.291794e+04 1.283774e+04
4.5 1.304089e+04 1.293168e+04 1.293599e+04 1.304520e+04
5.5 1.296207e+04 1.298353e+04 1.295002e+04 1.292857e+04
6.5 1.298345e+04 1.295155e+04 1.295678e+04 1.298868e+04
7.5 1.325814e+04 1.299743e+04 1.295925e+04 1.321996e+04
8.5 1.298601e+04 1.298563e+04 1.295920e+04 1.295957e+04
9.5 1.300692e+04 1.295117e+04 1.294625e+04 1.300200e+04
10.5 1.286431e+04 1.295072e+04 1.291653e+04 1.283012e+04
11.5 1.304705e+04 1.294928e+04 1.291699e+04 1.301476e+04
12.5 1.299862e+04 1.294791e+04 1.293375e+04 1.298446e+04
13.5 1.286159e+04 1.296493e+04 1.294737e+04 1.284403e+04
14.5 1.282971e+04 1.294945e+04 1.295432e+04 1.283458e+04
15.5 1.283610e+04 1.283913e+04 1.295715e+04 1.295412e+04
16.5 1.288854e+04 1.282914e+04 1.295746e+04 1.301686e+04
17.5 1.281837e+04 1.290116e+04 1.295656e+04 1.287377e+04
0.5 1.298601e+04 1.298563e+04 1.295920e+04 1.295957e+04
1.5 1.300692e+04 1.295117e+04 1.294625e+04 1.300200e+04
2.5 1.286431e+04 1.295072e+04 1.291653e+04 1.283012e+04
3.5 1.304705e+04 1.294928e+04 1.291699e+04 1.301476e+04
4.5 1.299862e+04 1.294791e+04 1.293375e+04 1.298446e+04
5.5 1.286159e+04 1.296493e+04 1.294737e+04 1.284403e+04
6.5 1.282971e+04 1.294945e+04 1.295432e+04 1.283458e+04
7.5 1.283610e+04 1.283913e+04 1.295715e+04 1.295412e+04
8.5 1.288854e+04 1.282914e+04 1.295746e+04 1.301686e+04
9.5 1.281837e+04 1.290116e+04 1.295656e+04 1.287377e+04
10.5 1.288351e+04 1.300774e+04 1.295534e+04 1.283111e+04
11.5 1.311347e+04 1.302265e+04 1.295436e+04 1.304517e+04
12.5 1.294905e+04 1.306104e+04 1.295368e+04 1.284169e+04
13.5 1.295235e+04 1.286840e+04 1.295327e+04 1.303722e+04
14.5 1.289085e+04 1.282052e+04 1.295303e+04 1.302335e+04
15.5 1.298698e+04 1.292114e+04 1.295286e+04 1.301870e+04
16.5 1.320957e+04 1.296790e+04 1.295273e+04 1.319440e+04
17.5 1.290385e+04 1.294907e+04 1.295262e+04 1.290741e+04
1.0 1.308136e+04 1.301533e+04 1.294912e+04 1.301515e+04
2.0 1.285259e+04 1.295821e+04 1.291872e+04 1.281310e+04
3.0 1.301999e+04 1.295326e+04 1.289266e+04 1.295939e+04
4.0 1.294922e+04 1.296237e+04 1.290714e+04 1.289399e+04
5.0 1.297607e+04 1.298561e+04 1.293108e+04 1.292155e+04
6.0 1.294712e+04 1.293426e+04 1.294587e+04 1.295874e+04
7.0 1.314065e+04 1.296649e+04 1.293510e+04 1.310925e+04
8.0 1.268023e+04 1.293266e+04 1.290201e+04 1.264957e+04
9.0 1.312478e+04 1.294993e+04 1.290524e+04 1.308008e+04
10.0 1.298256e+04 1.298707e+04 1.292759e+04 1.292309e+04
11.0 1.311584e+04 1.300768e+04 1.294396e+04 1.305211e+04
12.0 1.288552e+04 1.297577e+04 1.295223e+04 1.286198e+04
13.0 1.278574e+04 1.296100e+04 1.295536e+04 1.278011e+04
14.0 1.286986e+04 1.296601e+04 1.295543e+04 1.285929e+04
15.0 1.286730e+04 1.295006e+04 1.295406e+04 1.287130e+04
16.0 1.281183e+04 1.296183e+04 1.295244e+04 1.280244e+04
17.0 1.290125e+04 1.293537e+04 1.295113e+04 1.291701e+04
18.0 1.281791e+04 1.291991e+04 1.295022e+04 1.284822e+04
0.7 1.294712e+04 1.293426e+04 1.294587e+04 1.295874e+04
1.7 1.314065e+04 1.296649e+04 1.293510e+04 1.310925e+04
2.7 1.268023e+04 1.293266e+04 1.290201e+04 1.264957e+04
3.7 1.312478e+04 1.294993e+04 1.290524e+04 1.308008e+04
4.7 1.298256e+04 1.298707e+04 1.292759e+04 1.292309e+04
5.7 1.311584e+04 1.300768e+04 1.294396e+04 1.305211e+04
6.7 1.288552e+04 1.297577e+04 1.295223e+04 1.286198e+04
7.7 1.278574e+04 1.296100e+04 1.295536e+04 1.278011e+04
8.7 1.286986e+04 1.296601e+04 1.295543e+04 1.285929e+04
9.7 1.286730e+04 1.295006e+04 1.295406e+04 1.287130e+04
10.7 1.281183e+04 1.296183e+04 1.295244e+04 1.280244e+04
11.7 1.290125e+04 1.293537e+04 1.295113e+04 1.291701e+04
12.7 1.281791e+04 1.291991e+04 1.295022e+04 1.284822e+04
13.7 1.319038e+04 1.292972e+04 1.294820e+04 1.320886e+04
14.7 1.303547e+04 1.295440e+04 1.291956e+04 1.300063e+04
15.7 1.281390e+04 1.295597e+04 1.288960e+04 1.274753e+04
16.7 1.288485e+04 1.296388e+04 1.290098e+04 1.282195e+04
17.7 1.294097e+04 1.299964e+04 1.292578e+04 1.286711e+04
0.9 1.319038e+04 1.292972e+04 1.294820e+04 1.320886e+04
1.9 1.303547e+04 1.295440e+04 1.291956e+04 1.300063e+04
2.9 1.281390e+04 1.295597e+04 1.288960e+04 1.274753e+04
3.9 1.288485e+04 1.296388e+04 1.290098e+04 1.282195e+04
4.9 1.294097e+04 1.299964e+04 1.292578e+04 1.286711e+04
5.9 1.294102e+04 1.298251e+04 1.294224e+04 1.290075e+04
6.9 1.306106e+04 1.293236e+04 1.295053e+04 1.307923e+04
7.9 1.292750e+04 1.285929e+04 1.295336e+04 1.302157e+04
8.9 1.268147e+04 1.286331e+04 1.295322e+04 1.277138e+04
9.9 1.292082e+04 1.298281e+04 1.295172e+04 1.288973e+04
10.9 1.298480e+04 1.299167e+04 1.295008e+04 1.294320e+04
11.9 1.301021e+04 1.295326e+04 1.294876e+04 1.300571e+04
12.9 1.280987e+04 1.297052e+04 1.294791e+04 1.278727e+04
13.9 1.291266e+04 1.297221e+04 1.294738e+04 1.288783e+04
14.9 1.286610e+04 1.290417e+04 1.294703e+04 1.290897e+04
15.9 1.288469e+04 1.279189e+04 1.294678e+04 1.303958e+04
16.9 1.267449e+04 1.289703e+04 1.294657e+04 1.272402e+04
17.9 1.306911e+04 1.287452e+04 1.294637e+04 1.314095e+04
