0.6 7.607278e+03 7.604820e+03 7.597836e+03 7.600294e+03
1.6 7.629273e+03 7.580060e+03 7.591718e+03 7.640931e+03
2.6 7.576938e+03 7.570275e+03 7.583280e+03 7.589943e+03
3.6 7.603868e+03 7.576789e+03 7.585896e+03 7.612975e+03
4.6 7.555736e+03 7.586231e+03 7.592055e+03 7.561559e+03
5.6 7.591030e+03 7.589078e+03 7.596394e+03 7.598346e+03
6.6 7.615975e+03 7.589274e+03 7.598515e+03 7.625216e+03
7.6 7.546927e+03 7.596250e+03 7.599330e+03 7.550007e+03
8.6 7.589275e+03 7.614585e+03 7.599383e+03 7.574073e+03
9.6 7.678558e+03 7.629370e+03 7.599088e+03 7.648276e+03
10.6 7.580018e+03 7.636515e+03 7.598729e+03 7.542233e+03
11.6 7.591419e+03 7.590695e+03 7.598465e+03 7.599189e+03
12.6 7.590974e+03 7.601958e+03 7.598307e+03 7.587324e+03
13.6 7.584036e+03 7.609433e+03 7.598228e+03 7.572830e+03
14.6 7.603998e+03 7.609635e+03 7.598122e+03 7.592484e+03
15.6 7.575439e+03 7.589663e+03 7.591683e+03 7.577459e+03
16.6 7.532734e+03 7.575568e+03 7.583433e+03 7.540600e+03
17.6 7.628883e+03 7.576752e+03 7.586090e+03 7.638221e+03
0.6 7.603998e+03 7.609635e+03 7.598122e+03 7.592484e+03
1.6 7.575439e+03 7.589663e+03 7.591683e+03 7.577459e+03
2.6 7.532734e+03 7.575568e+03 7.583433e+03 7.540600e+03
3.6 7.628883e+03 7.576752e+03 7.586090e+03 7.638221e+03
4.6 7.595569e+03 7.605895e+03 7.592361e+03 7.582035e+03
5.6 7.680899e+03 7.611377e+03 7.596542e+03 7.666064e+03
6.6 7.660941e+03 7.598538e+03 7.598675e+03 7.661077e+03
7.6 7.608365e+03 7.590084e+03 7.599443e+03 7.617723e+03
8.6 7.588273e+03 7.588912e+03 7.599466e+03 7.598827e+03
9.6 7.580364e+03 7.582547e+03 7.599140e+03 7.596958e+03
10.6 7.537973e+03 7.590503e+03 7.598770e+03 7.546239e+03
11.6 7.520502e+03 7.586797e+03 7.598479e+03 7.532185e+03
12.6 7.604996e+03 7.621617e+03 7.598303e+03 7.581682e+03
13.6 7.674258e+03 7.624596e+03 7.598206e+03 7.647868e+03
14.6 7.593249e+03 7.579633e+03 7.598154e+03 7.611770e+03
15.6 7.554303e+03 7.537371e+03 7.598125e+03 7.615057e+03
16.6 7.624563e+03 7.597303e+03 7.598105e+03 7.625366e+03
17.6 7.737667e+03 7.601338e+03 7.598089e+03 7.734417e+03
0.5 7.600675e+03 7.615422e+03 7.598047e+03 7.583300e+03
1.5 7.560817e+03 7.597253e+03 7.592673e+03 7.556237e+03
2.5 7.639435e+03 7.585719e+03 7.583602e+03 7.637318e+03
3.5 7.567077e+03 7.568487e+03 7.585490e+03 7.584080e+03
4.5 7.605133e+03 7.581894e+03 7.591626e+03 7.614864e+03
5.5 7.643178e+03 7.603459e+03 7.596031e+03 7.635750e+03
6.5 7.649971e+03 7.593931e+03 7.598320e+03 7.654360e+03
7.5 7.569701e+03 7.602337e+03 7.599173e+03 7.566537e+03
8.5 7.528301e+03 7.589579e+03 7.599232e+03 7.537954e+03
9.5 7.599194e+03 7.591409e+03 7.598915e+03 7.606700e+03
10.5 7.586355e+03 7.585447e+03 7.598529e+03 7.599437e+03
11.5 7.552614e+03 7.586244e+03 7.598216e+03 7.564586e+03
12.5 7.548433e+03 7.594069e+03 7.598021e+03 7.552385e+03
13.5 7.615158e+03 7.597575e+03 7.597907e+03 7.615490e+03
14.5 7.690512e+03 7.601975e+03 7.597846e+03 7.686384e+03
15.5 7.676937e+03 7.599002e+03 7.597810e+03 7.675745e+03
16.5 7.597399e+03 7.590601e+03 7.597785e+03 7.604583e+03
17.5 7.553100e+03 7.583005e+03 7.597765e+03 7.567860e+03
0.6 7.560824e+03 7.592903e+03 7.597297e+03 7.565217e+03
1.6 7.552549e+03 7.580787e+03 7.590326e+03 7.562087e+03
2.6 7.498703e+03 7.572600e+03 7.582527e+03 7.508630e+03
3.6 7.570520e+03 7.575704e+03 7.585574e+03 7.580390e+03
4.6 7.610294e+03 7.591577e+03 7.591797e+03 7.610514e+03
5.6 7.570325e+03 7.595680e+03 7.595843e+03 7.570488e+03
6.6 7.546461e+03 7.586817e+03 7.597879e+03 7.557522e+03
7.6 7.483056e+03 7.584269e+03 7.598587e+03 7.497374e+03
8.6 7.524140e+03 7.588128e+03 7.598575e+03 7.534587e+03
9.6 7.553537e+03 7.620373e+03 7.598232e+03 7.531396e+03
10.6 7.692049e+03 7.644347e+03 7.597856e+03 7.645559e+03
11.6 7.650188e+03 7.624808e+03 7.597564e+03 7.622944e+03
12.6 7.597812e+03 7.626320e+03 7.597387e+03 7.568878e+03
13.6 7.702607e+03 7.818092e+03 7.597287e+03 7.481802e+03
14.6 7.798176e+03 7.698250e+03 7.597232e+03 7.697158e+03
15.6 7.837939e+03 7.800194e+03 7.597201e+03 7.634945e+03
16.6 7.643354e+03 7.624654e+03 7.597177e+03 7.615876e+03
17.6 7.658712e+03 7.617177e+03 7.597156e+03 7.638691e+03
