0.6 2.564531e+03 2.601470e+03 2.579026e+03 2.542087e+03
1.6 2.602521e+03 2.572644e+03 2.637224e+03 2.667101e+03
2.6 2.690199e+03 2.725534e+03 2.711909e+03 2.676575e+03
3.6 2.416594e+03 2.639141e+03 2.687882e+03 2.465335e+03
4.6 2.576645e+03 2.610391e+03 2.631134e+03 2.597388e+03
5.6 2.463617e+03 2.569309e+03 2.593317e+03 2.487625e+03
6.6 2.618300e+03 2.538453e+03 2.574045e+03 2.653892e+03
7.6 2.502669e+03 2.542544e+03 2.567116e+03 2.527241e+03
8.6 2.658269e+03 2.725787e+03 2.566929e+03 2.499411e+03
9.6 2.726469e+03 2.917568e+03 2.569900e+03 2.378801e+03
10.6 2.664199e+03 2.681738e+03 2.573266e+03 2.555727e+03
11.6 2.821106e+03 2.563688e+03 2.575911e+03 2.833330e+03
12.6 2.805440e+03 2.571382e+03 2.577511e+03 2.811569e+03
13.6 2.853811e+03 2.513917e+03 2.578392e+03 2.918285e+03
14.6 2.277342e+03 2.508205e+03 2.578862e+03 2.347998e+03
15.6 2.551581e+03 2.490941e+03 2.579117e+03 2.639756e+03
16.6 2.369563e+03 2.556894e+03 2.579288e+03 2.391957e+03
17.6 2.696919e+03 2.644093e+03 2.579425e+03 2.632251e+03
0.2 2.534356e+03 2.437135e+03 2.572536e+03 2.669757e+03
1.2 2.840061e+03 2.542108e+03 2.593010e+03 2.890963e+03
2.2 2.555061e+03 2.612572e+03 2.685125e+03 2.627614e+03
3.2 2.590638e+03 2.643008e+03 2.699690e+03 2.647320e+03
4.2 2.362845e+03 2.668988e+03 2.646836e+03 2.340694e+03
5.2 2.493900e+03 2.512629e+03 2.599563e+03 2.580834e+03
6.2 2.522198e+03 2.676134e+03 2.572774e+03 2.418839e+03
7.2 2.708990e+03 2.602648e+03 2.561343e+03 2.667684e+03
8.2 2.447597e+03 2.584585e+03 2.558536e+03 2.421548e+03
9.2 2.504295e+03 2.566631e+03 2.560312e+03 2.497975e+03
10.2 2.692049e+03 2.542157e+03 2.563456e+03 2.713347e+03
11.2 2.770150e+03 2.584805e+03 2.566254e+03 2.751600e+03
12.2 2.442079e+03 2.548511e+03 2.567998e+03 2.461566e+03
13.2 2.723234e+03 2.610102e+03 2.568917e+03 2.682048e+03
14.2 2.429409e+03 2.549242e+03 2.569284e+03 2.449451e+03
15.2 2.557480e+03 2.619227e+03 2.597614e+03 2.535867e+03
16.2 2.548093e+03 2.672508e+03 2.690704e+03 2.566290e+03
17.2 2.752881e+03 2.612430e+03 2.693320e+03 2.833771e+03
0.3 2.429409e+03 2.549242e+03 2.569284e+03 2.449451e+03
1.3 2.557480e+03 2.619227e+03 2.597614e+03 2.535867e+03
2.3 2.548093e+03 2.672508e+03 2.690704e+03 2.566290e+03
3.3 2.752881e+03 2.612430e+03 2.693320e+03 2.833771e+03
4.3 2.583701e+03 2.616432e+03 2.637546e+03 2.604814e+03
5.3 2.245473e+03 2.539765e+03 2.593060e+03 2.298768e+03
6.3 2.550695e+03 2.614166e+03 2.569108e+03 2.505637e+03
7.3 2.501965e+03 2.641591e+03 2.558794e+03 2.419169e+03
8.3 2.640545e+03 2.643134e+03 2.556915e+03 2.554326e+03
9.3 2.739220e+03 2.568459e+03 2.559198e+03 2.729959e+03
10.3 2.581972e+03 2.565833e+03 2.562533e+03 2.578671e+03
11.3 2.306053e+03 2.500822e+03 2.565335e+03 2.370566e+03
12.3 2.417977e+03 2.430138e+03 2.567194e+03 2.555033e+03
13.3 2.643577e+03 2.746171e+03 2.568190e+03 2.465596e+03
14.3 2.733388e+03 2.602699e+03 2.568699e+03 2.699388e+03
15.3 2.591311e+03 2.570124e+03 2.568947e+03 2.590134e+03
16.3 2.538970e+03 2.571657e+03 2.569090e+03 2.536403e+03
17.3 3.122518e+03 2.567825e+03 2.569198e+03 3.123891e+03
0.1 2.552283e+03 2.504143e+03 2.569962e+03 2.618102e+03
1.1 2.661633e+03 2.634455e+03 2.586038e+03 2.613217e+03
2.1 2.738365e+03 2.617904e+03 2.677653e+03 2.798114e+03
3.1 2.793120e+03 2.674601e+03 2.701644e+03 2.820163e+03
4.1 2.894875e+03 2.609980e+03 2.650300e+03 2.935196e+03
5.1 2.921833e+03 2.529620e+03 2.601981e+03 2.994194e+03
6.1 2.471557e+03 2.481898e+03 2.574222e+03 2.563882e+03
7.1 2.466046e+03 2.546334e+03 2.562407e+03 2.482119e+03
8.1 2.365655e+03 2.579099e+03 2.559570e+03 2.346127e+03
9.1 2.377102e+03 2.555966e+03 2.561607e+03 2.382743e+03
10.1 2.385719e+03 2.566444e+03 2.565205e+03 2.384480e+03
11.1 2.798275e+03 2.686591e+03 2.568549e+03 2.680232e+03
12.1 2.774616e+03 2.587557e+03 2.570851e+03 2.757911e+03
13.1 2.454428e+03 2.534727e+03 2.572295e+03 2.491997e+03
14.1 2.372186e+03 2.621738e+03 2.573197e+03 2.323644e+03
