0.1 1.030956e+04 1.050048e+04 1.049414e+04 1.030322e+04
1.1 1.051252e+04 1.047827e+04 1.048862e+04 1.052287e+04
2.1 1.037809e+04 1.046941e+04 1.045550e+04 1.036418e+04
3.1 1.039498e+04 1.043724e+04 1.044814e+04 1.040588e+04
4.1 1.041181e+04 1.048767e+04 1.046687e+04 1.039101e+04
5.1 1.054186e+04 1.050647e+04 1.048411e+04 1.051950e+04
6.1 1.061010e+04 1.051082e+04 1.049386e+04 1.059314e+04
7.1 1.049473e+04 1.050215e+04 1.049833e+04 1.049091e+04
8.1 1.042134e+04 1.050631e+04 1.049947e+04 1.041451e+04
9.1 1.039165e+04 1.048414e+04 1.049892e+04 1.040642e+04
10.1 1.048554e+04 1.050251e+04 1.049783e+04 1.048086e+04
11.1 1.056046e+04 1.049736e+04 1.049686e+04 1.055996e+04
12.1 1.044017e+04 1.047933e+04 1.049621e+04 1.045705e+04
13.1 1.052192e+04 1.051677e+04 1.049590e+04 1.050105e+04
14.1 1.050038e+04 1.055023e+04 1.049577e+04 1.044592e+04
15.1 1.056075e+04 1.056811e+04 1.049574e+04 1.048838e+04
16.1 1.029102e+04 1.046737e+04 1.049576e+04 1.031941e+04
17.1 1.051381e+04 1.049505e+04 1.049579e+04 1.051455e+04
0.3 1.072071e+04 1.048866e+04 1.049582e+04 1.072786e+04
1.3 1.052786e+04 1.045645e+04 1.048431e+04 1.055572e+04
2.3 1.051378e+04 1.043417e+04 1.045214e+04 1.053176e+04
3.3 1.045641e+04 1.044266e+04 1.045209e+04 1.046584e+04
4.3 1.043843e+04 1.048521e+04 1.047204e+04 1.042526e+04
5.3 1.056389e+04 1.049181e+04 1.048767e+04 1.055975e+04
6.3 1.078719e+04 1.061696e+04 1.049616e+04 1.066639e+04
7.3 1.063791e+04 1.068553e+04 1.049957e+04 1.045195e+04
8.3 1.054630e+04 1.055763e+04 1.050016e+04 1.048884e+04
9.3 1.048879e+04 1.053546e+04 1.049930e+04 1.045263e+04
10.3 1.058557e+04 1.052010e+04 1.049808e+04 1.056356e+04
11.3 1.030642e+04 1.046453e+04 1.049704e+04 1.033894e+04
12.3 1.048718e+04 1.046240e+04 1.049372e+04 1.051850e+04
13.3 1.038259e+04 1.044212e+04 1.046329e+04 1.040376e+04
14.3 1.046755e+04 1.041958e+04 1.044791e+04 1.049587e+04
15.3 1.047162e+04 1.044843e+04 1.046373e+04 1.048692e+04
16.3 1.052921e+04 1.046368e+04 1.048243e+04 1.054795e+04
17.3 1.050386e+04 1.047496e+04 1.049321e+04 1.052210e+04
0.9 1.048718e+04 1.046240e+04 1.049372e+04 1.051850e+04
1.9 1.038259e+04 1.044212e+04 1.046329e+04 1.040376e+04
2.9 1.046755e+04 1.041958e+04 1.044791e+04 1.049587e+04
3.9 1.047162e+04 1.044843e+04 1.046373e+04 1.048692e+04
4.9 1.052921e+04 1.046368e+04 1.048243e+04 1.054795e+04
5.9 1.050386e+04 1.047496e+04 1.049321e+04 1.052210e+04
6.9 1.061872e+04 1.045246e+04 1.049818e+04 1.066444e+04
7.9 1.033621e+04 1.032900e+04 1.049966e+04 1.050688e+04
8.9 1.036952e+04 1.045732e+04 1.049916e+04 1.041136e+04
9.9 1.038838e+04 1.038875e+04 1.049791e+04 1.049755e+04
10.9 1.047215e+04 1.035172e+04 1.049673e+04 1.061715e+04
11.9 1.024938e+04 1.031535e+04 1.049587e+04 1.042990e+04
12.9 1.023277e+04 1.031644e+04 1.049533e+04 1.041167e+04
13.9 1.024257e+04 1.039681e+04 1.049502e+04 1.034079e+04
14.9 1.051793e+04 1.054698e+04 1.049483e+04 1.046578e+04
15.9 1.044742e+04 1.049253e+04 1.049469e+04 1.044958e+04
16.9 1.046579e+04 1.050650e+04 1.049458e+04 1.045387e+04
17.9 1.048966e+04 1.050942e+04 1.049447e+04 1.047471e+04
0.9 1.058011e+04 1.048132e+04 1.049191e+04 1.059070e+04
1.9 1.063142e+04 1.046558e+04 1.046228e+04 1.062813e+04
2.9 1.041454e+04 1.042107e+04 1.044591e+04 1.043938e+04
3.9 1.045031e+04 1.048283e+04 1.046146e+04 1.042894e+04
4.9 1.052130e+04 1.055939e+04 1.047990e+04 1.044181e+04
5.9 1.064093e+04 1.060883e+04 1.049118e+04 1.052327e+04
6.9 1.064511e+04 1.048915e+04 1.049623e+04 1.065219e+04
7.9 1.068361e+04 1.058129e+04 1.049772e+04 1.060004e+04
8.9 1.074555e+04 1.074752e+04 1.049722e+04 1.049526e+04
9.9 1.071084e+04 1.068446e+04 1.049596e+04 1.052235e+04
10.9 1.071808e+04 1.053258e+04 1.049471e+04 1.068021e+04
11.9 1.041254e+04 1.047415e+04 1.049382e+04 1.043221e+04
12.9 1.046183e+04 1.055778e+04 1.049325e+04 1.039731e+04
13.9 1.096813e+04 1.077955e+04 1.049291e+04 1.068149e+04
14.9 1.057971e+04 1.066542e+04 1.049270e+04 1.040699e+04
15.9 1.041603e+04 1.049344e+04 1.049255e+04 1.041514e+04
16.9 1.046900e+04 1.046983e+04 1.049242e+04 1.049159e+04
17.9 1.049622e+04 1.048415e+04 1.049230e+04 1.050437e+04
