1.059740e+04 9.913478e+03 9.922272e+03 1.058861e+04
9.534995e+03 9.753161e+03 9.760641e+03 9.527515e+03
9.708274e+03 1.000650e+04 1.001284e+04 9.701935e+03
9.848230e+03 9.812304e+03 9.849966e+03 9.810568e+03
1.006669e+04 1.019947e+04 1.017364e+04 1.009252e+04
9.972465e+03 1.007822e+04 1.008068e+04 9.970003e+03
1.000623e+04 1.007199e+04 9.961125e+03 1.011710e+04
9.549156e+03 9.701364e+03 9.556388e+03 9.694132e+03
9.782838e+03 9.938637e+03 9.829403e+03 9.892072e+03
9.620809e+03 9.800560e+03 9.768320e+03 9.653049e+03
9.870631e+03 9.919606e+03 9.941535e+03 9.848701e+03
9.973699e+03 1.018733e+04 1.019458e+04 9.966449e+03
1.023810e+04 1.008410e+04 1.009968e+04 1.022251e+04
9.947507e+03 9.754211e+03 9.766393e+03 9.935325e+03
1.006183e+04 1.009127e+04 1.009313e+04 1.005997e+04
1.016636e+04 1.014108e+04 1.013861e+04 1.016883e+04
9.690680e+03 9.623213e+03 9.665180e+03 9.648713e+03
1.003501e+04 9.926005e+03 9.953709e+03 1.000731e+04
9.824378e+03 9.992315e+03 1.000123e+04 9.815458e+03
9.976006e+03 9.887594e+03 9.901192e+03 9.962408e+03
9.829231e+03 9.571402e+03 9.701566e+03 9.699068e+03
1.004503e+04 9.921046e+03 9.996412e+03 9.969660e+03
9.766691e+03 9.775595e+03 9.868269e+03 9.674018e+03
9.794443e+03 9.747943e+03 9.831578e+03 9.710808e+03
9.803610e+03 9.741445e+03 9.785889e+03 9.759166e+03
9.656345e+03 9.669779e+03 9.676166e+03 9.649958e+03
9.525758e+03 9.712562e+03 9.699205e+03 9.539115e+03
9.910819e+03 9.714111e+03 9.687092e+03 9.937838e+03
9.889078e+03 1.002107e+04 1.002049e+04 9.889663e+03
1.021837e+04 1.006416e+04 1.006012e+04 1.022241e+04
1.006062e+04 9.951679e+03 9.955591e+03 1.005670e+04
1.015264e+04 1.021443e+04 1.018372e+04 1.018334e+04
1.001848e+04 9.935203e+03 9.904955e+03 1.004873e+04
9.630286e+03 9.917414e+03 9.877271e+03 9.670429e+03
9.513819e+03 9.679770e+03 9.638645e+03 9.554944e+03
9.952743e+03 9.868628e+03 9.857442e+03 9.963929e+03
1.000551e+04 9.925261e+03 9.929109e+03 1.000167e+04
9.848164e+03 9.753335e+03 9.797719e+03 9.803781e+03
1.011762e+04 9.852594e+03 9.942265e+03 1.002795e+04
9.752477e+03 9.835347e+03 9.922522e+03 9.665301e+03
9.911595e+03 9.715724e+03 9.827906e+03 9.799413e+03
9.792292e+03 9.677920e+03 9.784272e+03 9.685940e+03
1.006219e+04 1.012666e+04 1.004532e+04 1.014352e+04
1.022139e+04 1.024332e+04 1.017650e+04 1.028822e+04
9.776589e+03 9.904989e+03 9.908902e+03 9.772676e+03
1.017706e+04 1.007260e+04 1.005619e+04 1.019347e+04
1.026841e+04 1.023536e+04 1.021981e+04 1.028396e+04
9.890993e+03 9.805084e+03 9.819420e+03 9.876657e+03
9.909365e+03 9.822866e+03 9.847287e+03 9.884944e+03
9.942074e+03 9.912980e+03 9.970622e+03 9.884432e+03
1.001816e+04 9.981664e+03 1.003918e+04 9.960639e+03
9.869868e+03 9.849485e+03 9.892573e+03 9.826780e+03
9.803088e+03 9.731834e+03 9.733608e+03 9.801314e+03
9.733883e+03 9.886498e+03 9.861454e+03 9.758927e+03
9.944718e+03 9.863990e+03 9.880264e+03 9.928444e+03
9.777531e+03 9.734904e+03 9.845344e+03 9.667091e+03
9.725810e+03 9.887200e+03 9.919010e+03 9.694000e+03
9.710681e+03 9.659987e+03 9.677589e+03 9.693079e+03
9.695448e+03 9.717351e+03 9.583039e+03 9.829761e+03
9.643365e+03 9.854005e+03 9.650042e+03 9.847328e+03
9.664913e+03 9.768250e+03 9.679379e+03 9.753785e+03
9.787564e+03 9.877704e+03 9.881292e+03 9.783977e+03
1.005492e+04 1.006689e+04 1.004061e+04 1.008120e+04
9.718517e+03 9.898012e+03 9.943442e+03 9.673086e+03
9.799970e+03 9.787515e+03 9.869228e+03 9.718257e+03
9.870293e+03 9.713300e+03 9.771037e+03 9.812557e+03
9.577876e+03 9.666754e+03 9.711287e+03 9.533343e+03
9.492602e+03 9.687370e+03 9.708759e+03 9.471213e+03
9.517708e+03 9.766210e+03 9.831420e+03 9.452498e+03
1.003837e+04 1.002948e+04 1.006159e+04 1.000627e+04
1.016542e+04 1.013117e+04 1.008013e+04 1.021646e+04
9.949001e+03 1.005578e+04 9.974711e+03 1.003007e+04
1.008243e+04 1.030890e+04 1.013856e+04 1.025277e+04
9.651756e+03 9.759781e+03 9.741515e+03 9.670022e+03
1.046817e+04 1.043683e+04 1.036945e+04 1.053555e+04
1.024854e+04 1.037248e+04 1.026883e+04 1.035219e+04
1.013850e+04 1.018424e+04 1.012906e+04 1.019368e+04
1.012358e+04 1.001307e+04 1.005550e+04 1.008114e+04
9.817346e+03 9.828892e+03 9.919646e+03 9.726591e+03
1.030459e+04 1.013029e+04 1.018520e+04 1.024968e+04
1.019101e+04 1.030455e+04 1.024015e+04 1.025542e+04
9.945839e+03 1.015307e+04 1.011620e+04 9.982713e+03
1.001988e+04 9.958866e+03 9.961855e+03 1.001689e+04
1.002754e+04 9.882792e+03 9.861373e+03 1.004896e+04
1.004209e+04 9.992784e+03 9.951509e+03 1.008337e+04
1.001774e+04 9.767565e+03 9.714667e+03 1.007064e+04
9.705628e+03 9.897110e+03 9.857554e+03 9.745184e+03
9.515485e+03 9.606280e+03 9.617427e+03 9.504339e+03
9.878024e+03 9.913144e+03 9.911419e+03 9.879749e+03
1.009988e+04 1.006316e+04 1.003971e+04 1.012333e+04
9.846165e+03 9.680262e+03 9.641363e+03 9.885064e+03
9.378724e+03 9.468387e+03 9.404647e+03 9.442463e+03
9.814629e+03 9.860404e+03 9.821654e+03 9.853380e+03
9.905737e+03 9.895345e+03 9.918080e+03 9.883003e+03
1.023083e+04 1.012161e+04 1.008679e+04 1.026565e+04
1.052546e+04 1.017475e+04 1.015967e+04 1.054055e+04
1.005847e+04 9.583083e+03 9.736616e+03 9.904934e+03
1.000237e+04 1.011210e+04 1.017251e+04 9.941964e+03
1.000714e+04 9.871337e+03 9.901879e+03 9.976600e+03
1.020213e+04 1.030035e+04 1.023686e+04 1.026562e+04
9.860670e+03 9.776398e+03 9.834353e+03 9.802716e+03
1.010289e+04 1.023850e+04 1.018493e+04 1.015646e+04
9.830504e+03 9.918444e+03 9.889360e+03 9.859588e+03
1.017304e+04 1.012072e+04 1.008654e+04 1.020722e+04
9.968910e+03 9.888381e+03 9.850270e+03 1.000702e+04
1.000325e+04 9.949767e+03 9.915586e+03 1.003743e+04
1.038626e+04 1.013300e+04 1.010426e+04 1.041500e+04
9.992656e+03 9.897874e+03 9.928230e+03 9.962300e+03
9.995205e+03 1.004957e+04 1.003998e+04 1.000480e+04
1.023736e+04 1.016570e+04 1.013241e+04 1.027065e+04
1.004615e+04 1.001706e+04 9.996697e+03 1.006652e+04
9.718076e+03 9.682673e+03 9.644794e+03 9.755955e+03
9.231608e+03 9.377312e+03 9.238636e+03 9.370285e+03
9.708878e+03 9.686639e+03 9.621132e+03 9.774385e+03
9.788509e+03 9.830732e+03 9.800859e+03 9.818382e+03
9.371279e+03 9.550067e+03 9.506610e+03 9.414736e+03
9.752466e+03 9.713179e+03 9.685965e+03 9.779680e+03
9.430125e+03 9.356926e+03 9.364649e+03 9.422402e+03
9.692510e+03 9.607993e+03 9.692957e+03 9.607546e+03
9.610333e+03 9.703755e+03 9.782488e+03 9.531600e+03
9.790041e+03 9.904034e+03 9.882965e+03 9.811111e+03
9.370576e+03 9.710584e+03 9.714903e+03 9.366257e+03
9.957425e+03 1.018310e+04 1.015300e+04 9.987528e+03
9.801203e+03 1.006276e+04 1.004969e+04 9.814274e+03
9.352582e+03 9.580688e+03 9.620911e+03 9.312360e+03
9.472241e+03 9.649776e+03 9.673112e+03 9.448905e+03
9.567127e+03 9.492844e+03 9.471483e+03 9.588489e+03
9.761960e+03 9.746804e+03 9.709432e+03 9.799332e+03
1.033266e+04 1.020599e+04 1.017978e+04 1.035887e+04
1.026772e+04 1.034756e+04 1.029997e+04 1.031532e+04
1.000378e+04 9.871150e+03 9.887925e+03 9.987007e+03
9.749181e+03 9.734136e+03 9.740308e+03 9.743009e+03
9.629121e+03 9.484280e+03 9.474205e+03 9.639196e+03
9.870738e+03 9.819277e+03 9.800567e+03 9.889448e+03
1.007857e+04 1.010495e+04 1.008406e+04 1.009945e+04
1.011810e+04 9.978039e+03 1.000882e+04 1.008731e+04
9.825873e+03 9.885449e+03 9.931467e+03 9.779855e+03
1.052637e+04 1.011420e+04 1.014189e+04 1.049868e+04
9.647827e+03 9.744019e+03 9.821099e+03 9.570748e+03
9.957062e+03 9.937788e+03 1.001186e+04 9.882994e+03
9.907512e+03 9.869235e+03 9.965836e+03 9.810910e+03
9.872085e+03 9.916726e+03 9.967566e+03 9.821245e+03
9.718125e+03 9.768214e+03 9.799353e+03 9.686986e+03
9.769175e+03 9.822046e+03 9.806555e+03 9.784665e+03
1.014375e+04 1.003628e+04 1.000376e+04 1.017628e+04
1.007897e+04 1.018952e+04 1.009056e+04 1.017793e+04
9.986428e+03 1.016905e+04 1.002145e+04 1.013403e+04
1.017990e+04 1.009514e+04 1.000501e+04 1.027003e+04
1.027762e+04 1.025763e+04 1.018577e+04 1.034947e+04
1.040689e+04 1.024979e+04 1.031350e+04 1.034319e+04
1.001302e+04 9.989307e+03 1.005437e+04 9.947960e+03
1.017680e+04 1.021476e+04 1.030467e+04 1.008689e+04
9.931500e+03 9.993994e+03 1.002709e+04 9.898400e+03
9.994243e+03 1.011364e+04 1.010658e+04 1.000130e+04
9.916169e+03 9.872761e+03 9.930508e+03 9.858422e+03
1.011137e+04 9.806097e+03 9.832074e+03 1.008539e+04
1.003551e+04 1.001299e+04 9.987164e+03 1.006134e+04
1.001128e+04 9.951368e+03 9.913391e+03 1.004926e+04
9.668884e+03 9.792268e+03 9.819307e+03 9.641844e+03
9.673754e+03 9.419791e+03 9.533019e+03 9.560526e+03
9.724918e+03 9.773709e+03 9.764413e+03 9.734214e+03
9.941932e+03 9.981759e+03 9.960027e+03 9.963664e+03
1.010516e+04 1.022610e+04 1.021648e+04 1.011478e+04
1.016012e+04 1.056010e+04 1.044070e+04 1.027952e+04
9.976556e+03 1.015978e+04 1.002168e+04 1.011465e+04
9.934291e+03 9.989707e+03 9.943719e+03 9.980279e+03
9.712385e+03 9.358369e+03 9.582332e+03 9.488422e+03
9.795992e+03 9.696450e+03 9.768352e+03 9.724091e+03
9.882564e+03 9.840500e+03 9.856934e+03 9.866131e+03
1.017056e+04 1.016459e+04 1.023966e+04 1.009548e+04
9.586651e+03 9.740333e+03 9.699995e+03 9.626988e+03
9.990718e+03 9.819297e+03 9.795085e+03 1.001493e+04
9.689413e+03 9.714573e+03 9.684016e+03 9.719970e+03
9.730072e+03 9.771695e+03 9.749704e+03 9.752063e+03
9.398674e+03 9.487104e+03 9.470372e+03 9.415406e+03
9.963651e+03 1.004572e+04 1.002545e+04 9.983921e+03
9.915114e+03 1.010918e+04 1.005959e+04 9.964702e+03
9.681966e+03 9.725749e+03 9.794072e+03 9.613643e+03
9.934416e+03 9.903726e+03 9.893226e+03 9.944916e+03
9.628952e+03 9.549398e+03 9.632678e+03 9.545672e+03
9.872149e+03 9.840307e+03 9.882637e+03 9.829819e+03
9.858949e+03 9.661818e+03 9.733801e+03 9.786966e+03
1.015635e+04 1.004111e+04 1.000519e+04 1.019227e+04
9.993131e+03 1.002738e+04 9.976145e+03 1.004437e+04
1.000963e+04 9.648277e+03 9.698847e+03 9.959060e+03
9.654657e+03 9.696958e+03 9.702488e+03 9.649127e+03
9.844491e+03 9.794846e+03 9.811048e+03 9.828290e+03
1.022364e+04 1.010835e+04 1.018317e+04 1.014882e+04
1.029001e+04 9.944837e+03 9.990365e+03 1.024448e+04
1.021212e+04 1.035724e+04 1.034265e+04 1.022671e+04
1.031089e+04 1.020284e+04 1.018138e+04 1.033235e+04
9.629460e+03 9.605874e+03 9.580310e+03 9.655024e+03
9.450335e+03 9.832651e+03 9.804229e+03 9.478756e+03
9.945330e+03 1.001453e+04 9.991965e+03 9.967897e+03
9.820825e+03 9.837784e+03 9.821105e+03 9.837504e+03
1.014045e+04 9.995890e+03 9.996473e+03 1.013987e+04
1.007725e+04 9.998353e+03 1.000793e+04 1.006767e+04
1.039432e+04 1.028809e+04 1.026714e+04 1.041527e+04
9.713743e+03 9.868313e+03 9.867691e+03 9.714366e+03
9.765076e+03 9.860345e+03 9.850832e+03 9.774589e+03
9.977658e+03 1.020614e+04 1.014556e+04 1.003824e+04
9.942009e+03 1.002676e+04 9.967402e+03 1.000137e+04
9.696531e+03 9.635953e+03 9.725943e+03 9.606541e+03
9.776786e+03 9.603391e+03 9.714617e+03 9.665560e+03
9.668899e+03 9.827189e+03 9.875834e+03 9.620254e+03
9.386466e+03 9.727930e+03 9.759935e+03 9.354461e+03
1.040952e+04 1.043027e+04 1.028671e+04 1.055308e+04
1.011016e+04 1.006698e+04 9.986069e+03 1.019106e+04
9.930219e+03 9.894072e+03 9.885635e+03 9.938656e+03
9.541193e+03 9.733674e+03 9.742510e+03 9.532357e+03
1.011558e+04 1.021087e+04 1.018931e+04 1.013714e+04
1.004434e+04 9.938851e+03 9.923247e+03 1.005995e+04
9.515600e+03 9.477178e+03 9.618976e+03 9.373802e+03
1.000080e+04 9.801075e+03 9.843557e+03 9.958317e+03
9.968443e+03 1.002606e+04 1.002580e+04 9.968709e+03
1.009450e+04 9.910355e+03 9.961590e+03 1.004327e+04
9.852981e+03 9.844144e+03 9.867030e+03 9.830096e+03
