8.544707e+02 2.045839e+03 2.076502e+03 8.238077e+02
2.140648e+03 2.045839e+03 2.075148e+03 2.111339e+03
1.968449e+03 2.046129e+03 2.080809e+03 1.933769e+03
1.982936e+03 2.016821e+03 2.120882e+03 1.878874e+03
1.974815e+03 2.327607e+03 1.691237e+03 2.611185e+03
2.029044e+03 2.205198e+03 1.878608e+03 2.355634e+03
2.225317e+03 2.129634e+03 2.122456e+03 2.232496e+03
2.145702e+03 2.011474e+03 2.174562e+03 1.982614e+03
2.269489e+03 2.045554e+03 2.184123e+03 2.130919e+03
2.463265e+03 2.054565e+03 2.056839e+03 2.460992e+03
1.956174e+03 2.044696e+03 2.008207e+03 1.992663e+03
2.175506e+03 2.024969e+03 2.043405e+03 2.157070e+03
2.133724e+03 2.037375e+03 2.052057e+03 2.119043e+03
2.856451e+03 2.049921e+03 2.065871e+03 2.840501e+03
1.929233e+03 2.043426e+03 2.089533e+03 1.883125e+03
2.754114e+03 2.044505e+03 2.091592e+03 2.707026e+03
2.161435e+03 2.046498e+03 2.027104e+03 2.180830e+03
1.928751e+03 2.045823e+03 2.007831e+03 1.966743e+03
2.253085e+03 2.045814e+03 2.037397e+03 2.261502e+03
2.231261e+03 2.045841e+03 2.081518e+03 2.195584e+03
2.173965e+03 2.045842e+03 2.332277e+03 1.887530e+03
1.833500e+03 2.046101e+03 2.188793e+03 1.690807e+03
2.021613e+03 2.015243e+03 2.117324e+03 1.919532e+03
1.878020e+03 1.987598e+03 1.988562e+03 1.877057e+03
1.850153e+03 2.002799e+03 1.966764e+03 1.886188e+03
1.849314e+03 2.019052e+03 1.929090e+03 1.939277e+03
1.971141e+03 2.041166e+03 1.988846e+03 2.023460e+03
1.921896e+03 2.049511e+03 2.048003e+03 1.923404e+03
2.053401e+03 2.042151e+03 2.084518e+03 2.011034e+03
2.107774e+03 2.041098e+03 2.041318e+03 2.107555e+03
2.095859e+03 2.044885e+03 2.026751e+03 2.113993e+03
1.720462e+03 2.041866e+03 2.058922e+03 1.703406e+03
2.118360e+03 2.045654e+03 2.075442e+03 2.088571e+03
2.279398e+03 2.045808e+03 2.086248e+03 2.238957e+03
2.291702e+03 2.046140e+03 2.078911e+03 2.258931e+03
1.606523e+03 2.045859e+03 2.059712e+03 1.592670e+03
1.644330e+03 2.045836e+03 2.031196e+03 1.658970e+03
2.093638e+03 2.045849e+03 2.087366e+03 2.052121e+03
2.156083e+03 2.045840e+03 2.194313e+03 2.007610e+03
1.998990e+03 2.043087e+03 2.209136e+03 1.832941e+03
2.043294e+03 1.991501e+03 2.067363e+03 1.967432e+03
2.175809e+03 1.958658e+03 1.934546e+03 2.199920e+03
1.934915e+03 2.099682e+03 1.998526e+03 2.036071e+03
1.615200e+03 2.079916e+03 1.810299e+03 1.884817e+03
2.148257e+03 2.045801e+03 1.898585e+03 2.295472e+03
2.054684e+03 2.041934e+03 1.985341e+03 2.111277e+03
1.612442e+03 2.034470e+03 2.038209e+03 1.608703e+03
1.894143e+03 2.048971e+03 2.013283e+03 1.929831e+03
1.891976e+03 2.047639e+03 2.020070e+03 1.919545e+03
2.115025e+03 2.045769e+03 2.119682e+03 2.041112e+03
2.339427e+03 2.045368e+03 2.140523e+03 2.244272e+03
2.473060e+03 2.046008e+03 2.182949e+03 2.336119e+03
2.053471e+03 2.046049e+03 2.150528e+03 1.948992e+03
2.131679e+03 2.044964e+03 2.102024e+03 2.074619e+03
1.825618e+03 2.018781e+03 2.123723e+03 1.720676e+03
2.467653e+03 1.846677e+03 2.351239e+03 1.963090e+03
2.180076e+03 2.028086e+03 2.102760e+03 2.105401e+03
2.065767e+03 1.945653e+03 2.208470e+03 1.802949e+03
2.144565e+03 2.026603e+03 2.132175e+03 2.038993e+03
2.002649e+03 2.046840e+03 2.189063e+03 1.860426e+03
2.504580e+03 1.980157e+03 2.219774e+03 2.264963e+03
2.203158e+03 2.016232e+03 2.158150e+03 2.061240e+03
1.923434e+03 2.169720e+03 1.920206e+03 2.172949e+03
2.548293e+03 2.042483e+03 2.133599e+03 2.457178e+03
2.552335e+03 2.035950e+03 2.149609e+03 2.438676e+03
2.407689e+03 2.056418e+03 2.053211e+03 2.410896e+03
2.110740e+03 2.069924e+03 1.968469e+03 2.212195e+03
1.961084e+03 2.066928e+03 1.990524e+03 2.037487e+03
2.630656e+03 2.055779e+03 2.147631e+03 2.538804e+03
2.139904e+03 2.041166e+03 2.082902e+03 2.098168e+03
1.988193e+03 2.077554e+03 2.056540e+03 2.009207e+03
2.195697e+03 2.096308e+03 2.072910e+03 2.219095e+03
2.233464e+03 2.157747e+03 2.167662e+03 2.223549e+03
1.902342e+03 2.025688e+03 2.007203e+03 1.920828e+03
1.842954e+03 2.122540e+03 2.042718e+03 1.922777e+03
1.456896e+03 2.435990e+03 1.533569e+03 2.359317e+03
1.427028e+03 2.378526e+03 1.599587e+03 2.205967e+03
1.913185e+03 2.130956e+03 2.045280e+03 1.998862e+03
2.539669e+03 2.019030e+03 2.212292e+03 2.346406e+03
2.416381e+03 2.135905e+03 2.175971e+03 2.376315e+03
1.155399e+03 2.514118e+03 1.568676e+03 2.100840e+03
1.981003e+03 2.352063e+03 1.679525e+03 2.653540e+03
2.233782e+03 2.081431e+03 2.020883e+03 2.294330e+03
2.329475e+03 2.040369e+03 2.071777e+03 2.298068e+03
1.953164e+03 2.043567e+03 2.062532e+03 1.934198e+03
2.264517e+03 2.063760e+03 2.043292e+03 2.284985e+03
2.075354e+03 2.047295e+03 2.053149e+03 2.069500e+03
2.195594e+03 2.079970e+03 1.943050e+03 2.332514e+03
2.140055e+03 2.045408e+03 1.993772e+03 2.191690e+03
2.350309e+03 2.039259e+03 2.040947e+03 2.348621e+03
2.024255e+03 2.050553e+03 2.020224e+03 2.054585e+03
2.094799e+03 2.049938e+03 2.013255e+03 2.131482e+03
2.053381e+03 2.042579e+03 2.077548e+03 2.018412e+03
2.160887e+03 2.036448e+03 2.096832e+03 2.100503e+03
1.444256e+03 2.358526e+03 1.649032e+03 2.153750e+03
1.376135e+03 2.354528e+03 1.764447e+03 1.966216e+03
1.792076e+03 1.864351e+03 2.279130e+03 1.377298e+03
2.125137e+03 2.075802e+03 2.270129e+03 1.930810e+03
2.070990e+03 2.038154e+03 2.143395e+03 1.965749e+03
1.938076e+03 2.342980e+03 1.719255e+03 2.561801e+03
2.200787e+03 1.949843e+03 2.214487e+03 1.936143e+03
1.973602e+03 2.170114e+03 1.883161e+03 2.260555e+03
1.702754e+03 2.046909e+03 2.067368e+03 1.682295e+03
1.923346e+03 2.037538e+03 2.078933e+03 1.881950e+03
1.742922e+03 2.047543e+03 2.074064e+03 1.716402e+03
2.031805e+03 2.041974e+03 2.085283e+03 1.988496e+03
1.664714e+03 2.082301e+03 2.033388e+03 1.713627e+03
1.820936e+03 2.038775e+03 2.094997e+03 1.764714e+03
2.196390e+03 2.150141e+03 1.941007e+03 2.405524e+03
1.695743e+03 2.149363e+03 1.944319e+03 1.900787e+03
2.231429e+03 2.060106e+03 2.067900e+03 2.223634e+03
2.246254e+03 2.047927e+03 2.092774e+03 2.201408e+03
2.039710e+03 2.081638e+03 2.102825e+03 2.018522e+03
2.032815e+03 2.062571e+03 2.094869e+03 2.000517e+03
2.009029e+03 2.050472e+03 2.089465e+03 1.970037e+03
2.368042e+03 2.059695e+03 2.073025e+03 2.354712e+03
2.410306e+03 2.050027e+03 2.079938e+03 2.380396e+03
2.452375e+03 2.030528e+03 2.027554e+03 2.455349e+03
2.137046e+03 1.963016e+03 1.901129e+03 2.198934e+03
2.305641e+03 1.966486e+03 1.890080e+03 2.382046e+03
2.217708e+03 2.044982e+03 2.036367e+03 2.226324e+03
2.008947e+03 2.024480e+03 2.034896e+03 1.998531e+03
2.612808e+03 2.050646e+03 2.100757e+03 2.562697e+03
2.163923e+03 2.042212e+03 2.066587e+03 2.139548e+03
1.811927e+03 2.057432e+03 2.019335e+03 1.850024e+03
1.972209e+03 2.054015e+03 2.024666e+03 2.001559e+03
2.147618e+03 2.055062e+03 2.023663e+03 2.179017e+03
1.936011e+03 2.047921e+03 2.058288e+03 1.925645e+03
1.819924e+03 2.043841e+03 2.064997e+03 1.798768e+03
2.065986e+03 2.044477e+03 2.033982e+03 2.076481e+03
2.255621e+03 2.045885e+03 2.017796e+03 2.283710e+03
1.988279e+03 2.045925e+03 2.057470e+03 1.976734e+03
2.200828e+03 2.045913e+03 2.086304e+03 2.160437e+03
1.963936e+03 2.041647e+03 2.111663e+03 1.893920e+03
2.035856e+03 2.173232e+03 1.934310e+03 2.274778e+03
2.595133e+03 2.127561e+03 1.999092e+03 2.723602e+03
2.199691e+03 2.026804e+03 2.138969e+03 2.087526e+03
2.483303e+03 2.127566e+03 2.125389e+03 2.485480e+03
2.123230e+03 2.029254e+03 2.167829e+03 1.984655e+03
1.588602e+03 2.055325e+03 2.221884e+03 1.422043e+03
2.247766e+03 2.009177e+03 2.203311e+03 2.053632e+03
1.974928e+03 2.054231e+03 2.111178e+03 1.917981e+03
2.130357e+03 1.982784e+03 2.192161e+03 1.920980e+03
2.344842e+03 2.034886e+03 2.113889e+03 2.265839e+03
2.285608e+03 2.042811e+03 2.097578e+03 2.230841e+03
2.035925e+03 2.079872e+03 2.176206e+03 1.939590e+03
2.253704e+03 2.124052e+03 2.206523e+03 2.171233e+03
2.113831e+03 2.088097e+03 2.147388e+03 2.054540e+03
1.800120e+03 2.077916e+03 2.181625e+03 1.696410e+03
1.883099e+03 2.048497e+03 2.154105e+03 1.777491e+03
1.796509e+03 2.043311e+03 2.086358e+03 1.753463e+03
1.693821e+03 2.042076e+03 2.110851e+03 1.625046e+03
1.754764e+03 2.093484e+03 2.040163e+03 1.808084e+03
1.621263e+03 2.282270e+03 1.777583e+03 2.125950e+03
2.258578e+03 2.013717e+03 2.170953e+03 2.101342e+03
2.003645e+03 2.000905e+03 2.190088e+03 1.814462e+03
2.615700e+03 2.062578e+03 2.102043e+03 2.576234e+03
2.150433e+03 2.056547e+03 2.083052e+03 2.123928e+03
1.911243e+03 2.012689e+03 1.959087e+03 1.964845e+03
2.130211e+03 1.969872e+03 1.812067e+03 2.288015e+03
1.780682e+03 2.041919e+03 2.063444e+03 1.759157e+03
1.583854e+03 2.043608e+03 2.127256e+03 1.500207e+03
2.249842e+03 2.031797e+03 2.135993e+03 2.145646e+03
2.509855e+03 2.124322e+03 2.241824e+03 2.392354e+03
1.954021e+03 2.147049e+03 2.192216e+03 1.908854e+03
2.141420e+03 2.076893e+03 2.054706e+03 2.163606e+03
1.778210e+03 1.936330e+03 1.873066e+03 1.841474e+03
2.040822e+03 2.033213e+03 1.943574e+03 2.130461e+03
1.835132e+03 2.046557e+03 2.024292e+03 1.857397e+03
2.071946e+03 2.035878e+03 2.035361e+03 2.072462e+03
2.343883e+03 2.052801e+03 2.169566e+03 2.227119e+03
2.410446e+03 2.048704e+03 2.162852e+03 2.296298e+03
2.212305e+03 2.049812e+03 2.157718e+03 2.104400e+03
2.005180e+03 2.047380e+03 2.147963e+03 1.904597e+03
1.636640e+03 2.048171e+03 2.129536e+03 1.555276e+03
2.375865e+03 2.045787e+03 2.145520e+03 2.276132e+03
2.361819e+03 2.071461e+03 2.154060e+03 2.279221e+03
1.544596e+03 1.980890e+03 1.965795e+03 1.559691e+03
1.489890e+03 2.044661e+03 2.067523e+03 1.467028e+03
1.749372e+03 1.984509e+03 1.983687e+03 1.750194e+03
1.758196e+03 2.042263e+03 1.936618e+03 1.863841e+03
1.980106e+03 2.038007e+03 1.979019e+03 2.039094e+03
2.179074e+03 2.077886e+03 2.001903e+03 2.255057e+03
2.141044e+03 2.083669e+03 2.083043e+03 2.141671e+03
2.070892e+03 1.994636e+03 2.018037e+03 2.047491e+03
1.906104e+03 2.030598e+03 2.054655e+03 1.882047e+03
2.348674e+03 2.045435e+03 2.083693e+03 2.310416e+03
2.837161e+03 2.040421e+03 2.127858e+03 2.749724e+03
2.229585e+03 2.044569e+03 2.051244e+03 2.222911e+03
1.956388e+03 2.032862e+03 2.078476e+03 1.910774e+03
2.172500e+03 2.040072e+03 2.111899e+03 2.100673e+03
1.648511e+03 2.049257e+03 2.097682e+03 1.600086e+03
2.128654e+03 2.046264e+03 2.140059e+03 2.034859e+03
2.242252e+03 2.045561e+03 2.155038e+03 2.132775e+03
2.169905e+03 2.045915e+03 2.149536e+03 2.066284e+03
1.685351e+03 2.045803e+03 2.104755e+03 1.626399e+03
1.853567e+03 2.045826e+03 2.079045e+03 1.820348e+03
2.578529e+03 2.045821e+03 2.110803e+03 2.513546e+03
1.994397e+03 2.045840e+03 2.123991e+03 1.916246e+03
1.679396e+03 2.045723e+03 2.140582e+03 1.584537e+03
2.002390e+03 2.086943e+03 2.184160e+03 1.905173e+03
1.972311e+03 2.085878e+03 2.141331e+03 1.916858e+03
1.960421e+03 1.967987e+03 1.961834e+03 1.966575e+03
1.821921e+03 2.001670e+03 1.948784e+03 1.874806e+03
2.116477e+03 2.042320e+03 1.938835e+03 2.219962e+03
2.126864e+03 2.044373e+03 2.040745e+03 2.130492e+03
2.479733e+03 2.150646e+03 2.173823e+03 2.456556e+03
2.517910e+03 2.105657e+03 2.149887e+03 2.473680e+03
2.369872e+03 2.042139e+03 2.097770e+03 2.314242e+03
2.605241e+03 2.024121e+03 2.101842e+03 2.527521e+03
2.071938e+03 2.053321e+03 2.181627e+03 1.943632e+03
1.754993e+03 2.046833e+03 2.153824e+03 1.648002e+03
1.529671e+03 1.918569e+03 1.899448e+03 1.548792e+03
1.702095e+03 2.003155e+03 2.001855e+03 1.703395e+03
1.898665e+03 2.076727e+03 2.126882e+03 1.848510e+03
2.200362e+03 2.046140e+03 2.078693e+03 2.167809e+03
2.058681e+03 2.045219e+03 2.095739e+03 2.008161e+03
