0.4 1.103625e+04 1.104127e+04 1.102174e+04 1.101672e+04
1.4 1.098271e+04 1.100553e+04 1.102892e+04 1.100610e+04
2.4 1.103712e+04 1.104905e+04 1.104631e+04 1.103438e+04
3.4 1.106058e+04 1.102928e+04 1.104533e+04 1.107663e+04
4.4 1.103438e+04 1.101630e+04 1.103416e+04 1.105223e+04
5.4 1.103834e+04 1.101583e+04 1.102569e+04 1.104820e+04
6.4 1.104259e+04 1.100887e+04 1.102113e+04 1.105485e+04
7.4 1.102418e+04 1.098675e+04 1.101930e+04 1.105672e+04
8.4 1.107053e+04 1.102514e+04 1.101898e+04 1.106437e+04
9.4 1.101726e+04 1.102466e+04 1.101944e+04 1.101204e+04
10.4 1.098380e+04 1.100315e+04 1.102007e+04 1.100072e+04
11.4 1.097914e+04 1.103552e+04 1.102060e+04 1.096421e+04
12.4 1.096928e+04 1.101075e+04 1.102091e+04 1.097945e+04
13.4 1.095063e+04 1.100713e+04 1.102108e+04 1.096457e+04
14.4 1.093515e+04 1.101045e+04 1.102115e+04 1.094585e+04
15.4 1.100546e+04 1.102087e+04 1.102118e+04 1.100577e+04
16.4 1.101968e+04 1.102550e+04 1.102635e+04 1.102053e+04
17.4 1.103241e+04 1.104571e+04 1.104447e+04 1.103117e+04
0.2 1.100546e+04 1.102087e+04 1.102118e+04 1.100577e+04
1.2 1.101968e+04 1.102550e+04 1.102635e+04 1.102053e+04
2.2 1.103241e+04 1.104571e+04 1.104447e+04 1.103117e+04
3.2 1.102788e+04 1.103687e+04 1.104600e+04 1.103702e+04
4.2 1.100847e+04 1.102337e+04 1.103519e+04 1.102029e+04
5.2 1.104349e+04 1.103438e+04 1.102624e+04 1.103535e+04
6.2 1.101218e+04 1.103685e+04 1.102129e+04 1.099661e+04
7.2 1.107676e+04 1.103589e+04 1.101925e+04 1.106012e+04
8.2 1.103209e+04 1.101558e+04 1.101884e+04 1.103534e+04
9.2 1.106571e+04 1.103577e+04 1.101928e+04 1.104922e+04
10.2 1.104025e+04 1.104497e+04 1.101995e+04 1.101523e+04
11.2 1.102997e+04 1.104041e+04 1.102054e+04 1.101009e+04
12.2 1.101135e+04 1.102933e+04 1.102091e+04 1.100293e+04
13.2 1.102053e+04 1.103902e+04 1.102113e+04 1.100264e+04
14.2 1.100394e+04 1.101839e+04 1.102124e+04 1.100679e+04
15.2 1.101539e+04 1.101824e+04 1.102130e+04 1.101846e+04
16.2 1.099245e+04 1.101142e+04 1.102134e+04 1.100236e+04
17.2 1.103423e+04 1.102847e+04 1.102137e+04 1.102712e+04
0.1 1.103526e+04 1.102028e+04 1.102140e+04 1.103637e+04
1.1 1.102185e+04 1.101458e+04 1.102517e+04 1.103244e+04
2.1 1.103326e+04 1.102914e+04 1.104335e+04 1.104747e+04
3.1 1.103216e+04 1.102967e+04 1.104683e+04 1.104932e+04
4.1 1.100070e+04 1.101820e+04 1.103661e+04 1.101911e+04
5.1 1.102062e+04 1.101179e+04 1.102727e+04 1.103610e+04
6.1 1.107943e+04 1.102974e+04 1.102197e+04 1.107167e+04
7.1 1.106902e+04 1.103718e+04 1.101974e+04 1.105159e+04
8.1 1.107115e+04 1.102683e+04 1.101922e+04 1.106354e+04
9.1 1.104598e+04 1.100841e+04 1.101962e+04 1.105719e+04
10.1 1.105507e+04 1.105595e+04 1.102030e+04 1.101941e+04
11.1 1.098536e+04 1.101143e+04 1.102092e+04 1.099485e+04
12.1 1.103038e+04 1.104678e+04 1.102132e+04 1.100492e+04
13.1 1.097209e+04 1.101286e+04 1.102156e+04 1.098080e+04
14.1 1.098099e+04 1.100563e+04 1.102169e+04 1.099705e+04
15.1 1.101870e+04 1.101411e+04 1.102175e+04 1.102634e+04
16.1 1.103859e+04 1.102347e+04 1.102179e+04 1.103690e+04
17.1 1.106998e+04 1.103584e+04 1.102182e+04 1.105597e+04
0.7 1.104197e+04 1.103389e+04 1.102241e+04 1.103048e+04
1.7 1.099471e+04 1.102947e+04 1.103574e+04 1.100097e+04
2.7 1.104271e+04 1.104518e+04 1.104873e+04 1.104626e+04
3.7 1.101642e+04 1.102955e+04 1.104233e+04 1.102920e+04
4.7 1.104277e+04 1.102540e+04 1.103157e+04 1.104894e+04
5.7 1.105583e+04 1.103626e+04 1.102456e+04 1.104414e+04
6.7 1.101733e+04 1.102742e+04 1.102106e+04 1.101097e+04
7.7 1.099495e+04 1.100675e+04 1.101987e+04 1.100807e+04
8.7 1.097826e+04 1.100633e+04 1.101993e+04 1.099187e+04
9.7 1.098997e+04 1.100667e+04 1.102053e+04 1.100383e+04
10.7 1.102414e+04 1.102274e+04 1.102118e+04 1.102258e+04
11.7 1.104249e+04 1.103653e+04 1.102168e+04 1.102764e+04
12.7 1.102765e+04 1.102587e+04 1.102197e+04 1.102375e+04
13.7 1.106937e+04 1.103171e+04 1.102213e+04 1.105979e+04
14.7 1.100955e+04 1.101114e+04 1.102220e+04 1.102061e+04
15.7 1.105276e+04 1.104446e+04 1.102224e+04 1.103054e+04
16.7 1.101612e+04 1.103733e+04 1.102226e+04 1.100105e+04
17.7 1.098792e+04 1.103084e+04 1.102228e+04 1.097935e+04
0.6 1.102871e+04 1.103466e+04 1.102268e+04 1.101674e+04
1.6 1.105140e+04 1.104261e+04 1.103417e+04 1.104296e+04
2.6 1.105745e+04 1.104471e+04 1.104890e+04 1.106164e+04
3.6 1.106046e+04 1.103083e+04 1.104393e+04 1.107356e+04
4.6 1.103922e+04 1.101174e+04 1.103304e+04 1.106052e+04
5.6 1.107178e+04 1.101386e+04 1.102562e+04 1.108355e+04
6.6 1.101575e+04 1.101728e+04 1.102185e+04 1.102033e+04
7.6 1.103332e+04 1.102558e+04 1.102051e+04 1.102825e+04
8.6 1.104172e+04 1.102513e+04 1.102050e+04 1.103709e+04
9.6 1.105435e+04 1.104404e+04 1.102110e+04 1.103141e+04
10.6 1.101106e+04 1.100140e+04 1.102178e+04 1.103144e+04
11.6 1.101831e+04 1.102177e+04 1.102232e+04 1.101885e+04
12.6 1.101375e+04 1.101152e+04 1.102265e+04 1.102488e+04
13.6 1.104730e+04 1.102416e+04 1.102285e+04 1.104599e+04
14.6 1.103777e+04 1.103351e+04 1.102296e+04 1.102721e+04
15.6 1.098609e+04 1.100588e+04 1.102302e+04 1.100323e+04
16.6 1.099892e+04 1.099235e+04 1.102307e+04 1.102964e+04
17.6 1.101602e+04 1.099582e+04 1.102311e+04 1.104330e+04
0.5 1.102750e+04 1.102548e+04 1.102010e+04 1.102213e+04
1.5 1.103521e+04 1.101903e+04 1.102847e+04 1.104464e+04
2.5 1.101901e+04 1.103071e+04 1.104515e+04 1.103344e+04
