0.4 1.188188e+03 1.199414e+03 1.206464e+03 1.195238e+03
1.4 1.199833e+03 1.197002e+03 1.203797e+03 1.206628e+03
2.4 1.198539e+03 1.209838e+03 1.197340e+03 1.186041e+03
3.4 1.196661e+03 1.190368e+03 1.197702e+03 1.203994e+03
4.4 1.207635e+03 1.209181e+03 1.201850e+03 1.200305e+03
5.4 1.219233e+03 1.209033e+03 1.204996e+03 1.215196e+03
6.4 1.192290e+03 1.209488e+03 1.206691e+03 1.189493e+03
7.4 1.218573e+03 1.226290e+03 1.207371e+03 1.199654e+03
8.4 1.195534e+03 1.206641e+03 1.207487e+03 1.196380e+03
9.4 1.189608e+03 1.204842e+03 1.207317e+03 1.192084e+03
10.4 1.189758e+03 1.201698e+03 1.207083e+03 1.195143e+03
11.4 1.215756e+03 1.217891e+03 1.206888e+03 1.204753e+03
12.4 1.194150e+03 1.208239e+03 1.206770e+03 1.192681e+03
13.4 1.230359e+03 1.209029e+03 1.206709e+03 1.228039e+03
14.4 1.232962e+03 1.211762e+03 1.206682e+03 1.227883e+03
15.4 1.217973e+03 1.207424e+03 1.206673e+03 1.217222e+03
16.4 1.201125e+03 1.203365e+03 1.204750e+03 1.202511e+03
17.4 1.222206e+03 1.209647e+03 1.198022e+03 1.210581e+03
0.2 1.217973e+03 1.207424e+03 1.206673e+03 1.217222e+03
1.2 1.201125e+03 1.203365e+03 1.204750e+03 1.202511e+03
2.2 1.222206e+03 1.209647e+03 1.198022e+03 1.210581e+03
3.2 1.221128e+03 1.209947e+03 1.197453e+03 1.208633e+03
4.2 1.190714e+03 1.205452e+03 1.201470e+03 1.186732e+03
5.2 1.207861e+03 1.203833e+03 1.204794e+03 1.208821e+03
6.2 1.205836e+03 1.204625e+03 1.206632e+03 1.207843e+03
7.2 1.219107e+03 1.208935e+03 1.207389e+03 1.217561e+03
8.2 1.201763e+03 1.198021e+03 1.207542e+03 1.211284e+03
9.2 1.210573e+03 1.212259e+03 1.207377e+03 1.205691e+03
10.2 1.211642e+03 1.202568e+03 1.207128e+03 1.216202e+03
11.2 1.206419e+03 1.202624e+03 1.206911e+03 1.210706e+03
12.2 1.217943e+03 1.203862e+03 1.206771e+03 1.220852e+03
13.2 1.209175e+03 1.205543e+03 1.206692e+03 1.210323e+03
14.2 1.190419e+03 1.203652e+03 1.206649e+03 1.193417e+03
15.2 1.207352e+03 1.206158e+03 1.206626e+03 1.207821e+03
16.2 1.186275e+03 1.207787e+03 1.206612e+03 1.185100e+03
17.2 1.202658e+03 1.204390e+03 1.206601e+03 1.204870e+03
0.1 1.206944e+03 1.206486e+03 1.206591e+03 1.207049e+03
1.1 1.188815e+03 1.207623e+03 1.205189e+03 1.186382e+03
2.1 1.193065e+03 1.209864e+03 1.198438e+03 1.181639e+03
3.1 1.177255e+03 1.205575e+03 1.197146e+03 1.168826e+03
4.1 1.198371e+03 1.205499e+03 1.200943e+03 1.193815e+03
5.1 1.243786e+03 1.207203e+03 1.204410e+03 1.240993e+03
6.1 1.209235e+03 1.202840e+03 1.206376e+03 1.212772e+03
7.1 1.200712e+03 1.209918e+03 1.207207e+03 1.198001e+03
8.1 1.194435e+03 1.200422e+03 1.207399e+03 1.201413e+03
9.1 1.207029e+03 1.188467e+03 1.207250e+03 1.225813e+03
10.1 1.208648e+03 1.227387e+03 1.206998e+03 1.188259e+03
11.1 1.185762e+03 1.195276e+03 1.206769e+03 1.197255e+03
12.1 1.202897e+03 1.201356e+03 1.206619e+03 1.208160e+03
13.1 1.178041e+03 1.208917e+03 1.206530e+03 1.175653e+03
14.1 1.187269e+03 1.203079e+03 1.206484e+03 1.190674e+03
15.1 1.213324e+03 1.206802e+03 1.206459e+03 1.212981e+03
16.1 1.241789e+03 1.204949e+03 1.206444e+03 1.243284e+03
17.1 1.195837e+03 1.208592e+03 1.206433e+03 1.193678e+03
0.7 1.178735e+03 1.202517e+03 1.206216e+03 1.182434e+03
1.7 1.195955e+03 1.198608e+03 1.201266e+03 1.198613e+03
2.7 1.205177e+03 1.213596e+03 1.196439e+03 1.188021e+03
3.7 1.241497e+03 1.217739e+03 1.198818e+03 1.222576e+03
4.7 1.226241e+03 1.208781e+03 1.202811e+03 1.220271e+03
5.7 1.208703e+03 1.206991e+03 1.205417e+03 1.207128e+03
6.7 1.208536e+03 1.209380e+03 1.206716e+03 1.205872e+03
7.7 1.209566e+03 1.203335e+03 1.207159e+03 1.213390e+03
8.7 1.191558e+03 1.201295e+03 1.207136e+03 1.197399e+03
9.7 1.219157e+03 1.204895e+03 1.206912e+03 1.221174e+03
10.7 1.207786e+03 1.206141e+03 1.206670e+03 1.208315e+03
11.7 1.212951e+03 1.204982e+03 1.206486e+03 1.214455e+03
12.7 1.208276e+03 1.205946e+03 1.206378e+03 1.208708e+03
13.7 1.205404e+03 1.200901e+03 1.206320e+03 1.210823e+03
14.7 1.207363e+03 1.199127e+03 1.206292e+03 1.214528e+03
15.7 1.189086e+03 1.206923e+03 1.206278e+03 1.188441e+03
16.7 1.196603e+03 1.200874e+03 1.206269e+03 1.201998e+03
17.7 1.172286e+03 1.204393e+03 1.206263e+03 1.174156e+03
0.6 1.208492e+03 1.201857e+03 1.206114e+03 1.212750e+03
1.6 1.214562e+03 1.205593e+03 1.201849e+03 1.210818e+03
2.6 1.215430e+03 1.211421e+03 1.196378e+03 1.200388e+03
3.6 1.205765e+03 1.215668e+03 1.198224e+03 1.188321e+03
4.6 1.215489e+03 1.209923e+03 1.202265e+03 1.207831e+03
5.6 1.211948e+03 1.209207e+03 1.205022e+03 1.207763e+03
6.6 1.209779e+03 1.210665e+03 1.206422e+03 1.205536e+03
7.6 1.205479e+03 1.203053e+03 1.206921e+03 1.209348e+03
8.6 1.194226e+03 1.201236e+03 1.206923e+03 1.199914e+03
9.6 1.191616e+03 1.204691e+03 1.206702e+03 1.193627e+03
10.6 1.178831e+03 1.194160e+03 1.206449e+03 1.191120e+03
11.6 1.199578e+03 1.204960e+03 1.206249e+03 1.200867e+03
12.6 1.217852e+03 1.205886e+03 1.206124e+03 1.218090e+03
13.6 1.205801e+03 1.207952e+03 1.206052e+03 1.203901e+03
14.6 1.199725e+03 1.207543e+03 1.206012e+03 1.198194e+03
15.6 1.201715e+03 1.205992e+03 1.205988e+03 1.201711e+03
16.6 1.193318e+03 1.205606e+03 1.205971e+03 1.193683e+03
17.6 1.223063e+03 1.207581e+03 1.205956e+03 1.221439e+03
0.5 1.227399e+03 1.199887e+03 1.207073e+03 1.234585e+03
1.5 1.192068e+03 1.206094e+03 1.203966e+03 1.189940e+03
2.5 1.197128e+03 1.196670e+03 1.197772e+03 1.198230e+03
