0.4 1.245807e+03 1.214736e+03 1.229724e+03 1.260795e+03
1.4 1.262214e+03 1.222274e+03 1.225597e+03 1.265536e+03
2.4 1.318320e+03 1.204425e+03 1.216983e+03 1.330878e+03
3.4 1.224878e+03 1.212702e+03 1.217917e+03 1.230092e+03
4.4 1.230026e+03 1.189047e+03 1.223588e+03 1.264567e+03
5.4 1.184324e+03 1.227244e+03 1.227751e+03 1.184831e+03
6.4 1.094048e+03 1.173089e+03 1.229961e+03 1.150921e+03
7.4 1.235431e+03 1.199475e+03 1.230823e+03 1.266779e+03
8.4 1.297927e+03 1.225651e+03 1.230937e+03 1.303213e+03
9.4 1.306966e+03 1.261358e+03 1.230679e+03 1.276287e+03
10.4 1.219663e+03 1.220844e+03 1.230344e+03 1.229163e+03
11.4 1.377679e+03 1.239679e+03 1.230069e+03 1.368070e+03
12.4 1.271659e+03 1.230372e+03 1.229901e+03 1.271188e+03
13.4 1.204938e+03 1.241273e+03 1.229810e+03 1.193475e+03
14.4 1.161141e+03 1.241697e+03 1.229766e+03 1.149209e+03
15.4 1.209906e+03 1.223505e+03 1.229746e+03 1.216148e+03
16.4 1.177072e+03 1.246479e+03 1.229737e+03 1.160331e+03
17.4 1.248662e+03 1.242992e+03 1.229733e+03 1.235403e+03
0.4 1.143737e+03 1.194789e+03 1.230486e+03 1.179434e+03
1.4 1.200757e+03 1.182016e+03 1.227069e+03 1.245810e+03
2.4 1.152441e+03 1.207394e+03 1.218033e+03 1.163080e+03
3.4 1.127173e+03 1.209685e+03 1.218531e+03 1.136018e+03
4.4 1.197533e+03 1.229065e+03 1.224200e+03 1.192668e+03
5.4 1.214189e+03 1.227973e+03 1.228502e+03 1.214718e+03
6.4 1.189159e+03 1.223427e+03 1.230789e+03 1.196520e+03
7.4 1.157788e+03 1.249436e+03 1.231764e+03 1.140116e+03
8.4 1.169902e+03 1.257398e+03 1.231934e+03 1.144439e+03
9.4 1.147187e+03 1.245673e+03 1.231715e+03 1.133229e+03
10.4 1.309364e+03 1.268904e+03 1.231410e+03 1.271870e+03
11.4 1.344303e+03 1.259095e+03 1.231165e+03 1.316373e+03
12.4 1.337580e+03 1.245589e+03 1.231015e+03 1.323005e+03
13.4 1.224406e+03 1.204979e+03 1.230949e+03 1.250376e+03
14.4 1.309888e+03 1.212224e+03 1.230929e+03 1.328593e+03
15.4 1.243667e+03 1.211919e+03 1.230933e+03 1.262681e+03
16.4 1.110012e+03 1.211384e+03 1.230943e+03 1.129571e+03
17.4 1.226954e+03 1.215334e+03 1.227288e+03 1.238908e+03
0.4 1.110012e+03 1.211384e+03 1.230943e+03 1.129571e+03
1.4 1.226954e+03 1.215334e+03 1.227288e+03 1.238908e+03
2.4 1.306774e+03 1.194619e+03 1.218463e+03 1.330618e+03
3.4 1.305866e+03 1.211824e+03 1.219063e+03 1.313105e+03
4.4 1.275343e+03 1.232904e+03 1.224605e+03 1.267043e+03
5.4 1.424581e+03 1.247319e+03 1.228892e+03 1.406155e+03
6.4 1.308150e+03 1.264985e+03 1.231201e+03 1.274366e+03
7.4 1.241087e+03 1.268385e+03 1.232124e+03 1.204826e+03
8.4 1.285304e+03 1.227574e+03 1.232275e+03 1.290006e+03
9.4 1.273708e+03 1.269801e+03 1.232042e+03 1.235949e+03
10.4 1.196015e+03 1.247621e+03 1.231718e+03 1.180111e+03
11.4 1.267332e+03 1.242896e+03 1.231448e+03 1.255884e+03
12.4 1.187242e+03 1.227061e+03 1.231284e+03 1.191465e+03
13.4 1.193427e+03 1.254416e+03 1.231196e+03 1.170207e+03
14.4 1.301991e+03 1.236726e+03 1.231157e+03 1.296422e+03
15.4 1.252949e+03 1.209211e+03 1.230914e+03 1.274652e+03
16.4 1.270664e+03 1.212843e+03 1.223709e+03 1.281530e+03
17.4 1.304703e+03 1.206712e+03 1.217599e+03 1.315590e+03
0.7 1.252949e+03 1.209211e+03 1.230914e+03 1.274652e+03
1.7 1.270664e+03 1.212843e+03 1.223709e+03 1.281530e+03
2.7 1.304703e+03 1.206712e+03 1.217599e+03 1.315590e+03
3.7 1.104492e+03 1.220296e+03 1.221169e+03 1.105365e+03
4.7 1.129038e+03 1.209199e+03 1.226571e+03 1.146410e+03
5.7 1.240480e+03 1.236475e+03 1.230021e+03 1.234025e+03
6.7 1.218565e+03 1.216412e+03 1.231721e+03 1.233873e+03
7.7 1.169240e+03 1.211094e+03 1.232282e+03 1.190427e+03
8.7 1.171559e+03 1.200694e+03 1.232224e+03 1.203090e+03
9.7 1.282714e+03 1.189534e+03 1.231909e+03 1.325089e+03
10.7 1.168359e+03 1.182449e+03 1.231386e+03 1.217296e+03
11.7 1.187826e+03 1.194490e+03 1.224153e+03 1.217489e+03
12.7 1.171590e+03 1.206978e+03 1.217651e+03 1.182264e+03
13.7 1.175284e+03 1.213046e+03 1.220979e+03 1.183217e+03
14.7 1.273371e+03 1.231413e+03 1.226363e+03 1.268321e+03
15.7 1.111008e+03 1.234067e+03 1.229839e+03 1.106780e+03
16.7 1.209159e+03 1.239536e+03 1.231555e+03 1.201178e+03
17.7 1.233125e+03 1.289028e+03 1.232122e+03 1.176219e+03
0.7 1.168359e+03 1.182449e+03 1.231386e+03 1.217296e+03
1.7 1.187826e+03 1.194490e+03 1.224153e+03 1.217489e+03
2.7 1.171590e+03 1.206978e+03 1.217651e+03 1.182264e+03
3.7 1.175284e+03 1.213046e+03 1.220979e+03 1.183217e+03
4.7 1.273371e+03 1.231413e+03 1.226363e+03 1.268321e+03
5.7 1.111008e+03 1.234067e+03 1.229839e+03 1.106780e+03
6.7 1.209159e+03 1.239536e+03 1.231555e+03 1.201178e+03
7.7 1.233125e+03 1.289028e+03 1.232122e+03 1.176219e+03
8.7 1.258141e+03 1.297933e+03 1.232061e+03 1.192269e+03
9.7 1.264542e+03 1.284060e+03 1.231735e+03 1.212217e+03
10.7 1.390115e+03 1.277236e+03 1.231386e+03 1.344266e+03
11.7 1.349276e+03 1.241380e+03 1.231117e+03 1.339013e+03
12.7 1.391945e+03 1.252746e+03 1.230949e+03 1.370148e+03
13.7 1.253269e+03 1.214983e+03 1.230847e+03 1.269133e+03
14.7 1.138821e+03 1.204747e+03 1.230785e+03 1.164859e+03
15.7 1.155257e+03 1.206495e+03 1.230740e+03 1.179502e+03
16.7 1.135498e+03 1.216656e+03 1.230703e+03 1.149544e+03
17.7 1.237811e+03 1.248182e+03 1.230667e+03 1.220295e+03
0.7 1.205325e+03 1.189657e+03 1.230350e+03 1.246019e+03
1.7 1.186622e+03 1.217379e+03 1.223787e+03 1.193029e+03
2.7 1.177917e+03 1.208021e+03 1.216932e+03 1.186828e+03
3.7 1.090297e+03 1.218108e+03 1.219831e+03 1.092021e+03
4.7 1.133554e+03 1.198042e+03 1.225406e+03 1.160918e+03
5.7 1.200319e+03 1.265591e+03 1.228976e+03 1.163704e+03
6.7 1.375499e+03 1.248163e+03 1.230744e+03 1.358080e+03
7.7 1.462436e+03 1.346096e+03 1.231328e+03 1.347668e+03
8.7 1.348108e+03 1.245194e+03 1.231269e+03 1.334184e+03
9.7 1.154495e+03 1.187543e+03 1.230918e+03 1.197871e+03
10.7 1.343409e+03 1.209370e+03 1.230542e+03 1.364581e+03
11.7 1.324705e+03 1.227748e+03 1.230241e+03 1.327198e+03
12.7 1.281567e+03 1.249151e+03 1.230043e+03 1.262460e+03
13.7 1.283677e+03 1.235999e+03 1.229916e+03 1.277594e+03
14.7 1.119093e+03 1.219285e+03 1.229834e+03 1.129642e+03
15.7 1.283680e+03 1.246115e+03 1.229772e+03 1.267337e+03
16.7 1.213918e+03 1.254677e+03 1.229712e+03 1.188954e+03
17.7 1.163996e+03 1.266073e+03 1.229651e+03 1.127574e+03
