9.805210e+03 9.793771e+03 9.789498e+03 9.809482e+03
9.784053e+03 9.786978e+03 9.782589e+03 9.788442e+03
9.778064e+03 9.784058e+03 9.779589e+03 9.782533e+03
9.806234e+03 9.803313e+03 9.801212e+03 9.808335e+03
9.795221e+03 9.779122e+03 9.786809e+03 9.787535e+03
9.787836e+03 9.792273e+03 9.797278e+03 9.782831e+03
9.763807e+03 9.785882e+03 9.788515e+03 9.761175e+03
9.772047e+03 9.785125e+03 9.784339e+03 9.772833e+03
9.770276e+03 9.776040e+03 9.772363e+03 9.773953e+03
9.808534e+03 9.792924e+03 9.792954e+03 9.808505e+03
9.793508e+03 9.791228e+03 9.795561e+03 9.789175e+03
9.809221e+03 9.805035e+03 9.806152e+03 9.808103e+03
9.806397e+03 9.805126e+03 9.803200e+03 9.808322e+03
9.787571e+03 9.792865e+03 9.790540e+03 9.789896e+03
9.779616e+03 9.786229e+03 9.789385e+03 9.776460e+03
9.785001e+03 9.793315e+03 9.797687e+03 9.780629e+03
9.802097e+03 9.811085e+03 9.810462e+03 9.802720e+03
9.844938e+03 9.845177e+03 9.840420e+03 9.849694e+03
9.835743e+03 9.844490e+03 9.837447e+03 9.842786e+03
9.860293e+03 9.857187e+03 9.848709e+03 9.868772e+03
9.781446e+03 9.788209e+03 9.788097e+03 9.781557e+03
9.797905e+03 9.797976e+03 9.800561e+03 9.795320e+03
9.762150e+03 9.740457e+03 9.753464e+03 9.749143e+03
9.817518e+03 9.811425e+03 9.814564e+03 9.814379e+03
9.797283e+03 9.776342e+03 9.788674e+03 9.784951e+03
9.824442e+03 9.808678e+03 9.805947e+03 9.827174e+03
9.765844e+03 9.758803e+03 9.755306e+03 9.769341e+03
9.778949e+03 9.789121e+03 9.783073e+03 9.784996e+03
9.704389e+03 9.696115e+03 9.699341e+03 9.701162e+03
9.801514e+03 9.779530e+03 9.781307e+03 9.799737e+03
9.794781e+03 9.797540e+03 9.795783e+03 9.796539e+03
9.755120e+03 9.762956e+03 9.762734e+03 9.755342e+03
9.805916e+03 9.824000e+03 9.827572e+03 9.802343e+03
9.767687e+03 9.792549e+03 9.790748e+03 9.769489e+03
9.766916e+03 9.793960e+03 9.788962e+03 9.771914e+03
9.726571e+03 9.749644e+03 9.748466e+03 9.727750e+03
9.763960e+03 9.771349e+03 9.773775e+03 9.761535e+03
9.793681e+03 9.779454e+03 9.782634e+03 9.790501e+03
9.807309e+03 9.812088e+03 9.813210e+03 9.806188e+03
9.815078e+03 9.809136e+03 9.810176e+03 9.814038e+03
9.812603e+03 9.798934e+03 9.799048e+03 9.812489e+03
9.797367e+03 9.791292e+03 9.795156e+03 9.793503e+03
9.779982e+03 9.791219e+03 9.794983e+03 9.776218e+03
9.835678e+03 9.815452e+03 9.813342e+03 9.837788e+03
9.783000e+03 9.790258e+03 9.789913e+03 9.783345e+03
9.821300e+03 9.812110e+03 9.810270e+03 9.823140e+03
9.791516e+03 9.800921e+03 9.804728e+03 9.787709e+03
9.812249e+03 9.805396e+03 9.806760e+03 9.810886e+03
9.807890e+03 9.808545e+03 9.806008e+03 9.810426e+03
9.809351e+03 9.810484e+03 9.807211e+03 9.812625e+03
9.774980e+03 9.784603e+03 9.778593e+03 9.780990e+03
9.799994e+03 9.800097e+03 9.794262e+03 9.805829e+03
9.751111e+03 9.761113e+03 9.761572e+03 9.750652e+03
9.792877e+03 9.786461e+03 9.787706e+03 9.791631e+03
9.782768e+03 9.789381e+03 9.787224e+03 9.784926e+03
9.789182e+03 9.779877e+03 9.777339e+03 9.791721e+03
9.811667e+03 9.808712e+03 9.808554e+03 9.811825e+03
9.792747e+03 9.800561e+03 9.803711e+03 9.789597e+03
9.783166e+03 9.796681e+03 9.796078e+03 9.783769e+03
9.812978e+03 9.798787e+03 9.794546e+03 9.817219e+03
9.824243e+03 9.811230e+03 9.809363e+03 9.826110e+03
9.794115e+03 9.764373e+03 9.773792e+03 9.784696e+03
9.799150e+03 9.784504e+03 9.787668e+03 9.795986e+03
9.791833e+03 9.779216e+03 9.781045e+03 9.790004e+03
9.823237e+03 9.835357e+03 9.831469e+03 9.827125e+03
9.768175e+03 9.770651e+03 9.774542e+03 9.764284e+03
9.820236e+03 9.818693e+03 9.817457e+03 9.821472e+03
9.756900e+03 9.770375e+03 9.768052e+03 9.759222e+03
9.770238e+03 9.770227e+03 9.769502e+03 9.770963e+03
9.804297e+03 9.789055e+03 9.789797e+03 9.803555e+03
9.780275e+03 9.775398e+03 9.778758e+03 9.776916e+03
9.813456e+03 9.788680e+03 9.792284e+03 9.809852e+03
9.821877e+03 9.828295e+03 9.830308e+03 9.819864e+03
9.814889e+03 9.812117e+03 9.819560e+03 9.807446e+03
9.829483e+03 9.810298e+03 9.814755e+03 9.825026e+03
9.769820e+03 9.763630e+03 9.758806e+03 9.774644e+03
9.800142e+03 9.802413e+03 9.797674e+03 9.804881e+03
9.745758e+03 9.744184e+03 9.748237e+03 9.741705e+03
9.787544e+03 9.781058e+03 9.783430e+03 9.785172e+03
9.781513e+03 9.794017e+03 9.792489e+03 9.783041e+03
9.806477e+03 9.813104e+03 9.807507e+03 9.812074e+03
9.785964e+03 9.767074e+03 9.769310e+03 9.783727e+03
9.783894e+03 9.782099e+03 9.787498e+03 9.778495e+03
9.769893e+03 9.779934e+03 9.782977e+03 9.766849e+03
9.779329e+03 9.806879e+03 9.803785e+03 9.782423e+03
9.789259e+03 9.800100e+03 9.798190e+03 9.791169e+03
9.804200e+03 9.807863e+03 9.804204e+03 9.807859e+03
9.774786e+03 9.785349e+03 9.781576e+03 9.778558e+03
9.822209e+03 9.810416e+03 9.809529e+03 9.823097e+03
9.789416e+03 9.798606e+03 9.798993e+03 9.789028e+03
9.772149e+03 9.780047e+03 9.787471e+03 9.764724e+03
9.825213e+03 9.816681e+03 9.816703e+03 9.825191e+03
9.820503e+03 9.828681e+03 9.823029e+03 9.826155e+03
9.813558e+03 9.808109e+03 9.806978e+03 9.814689e+03
9.788366e+03 9.778855e+03 9.783672e+03 9.783549e+03
9.732505e+03 9.741990e+03 9.745848e+03 9.728647e+03
9.759163e+03 9.755333e+03 9.755004e+03 9.759491e+03
9.774856e+03 9.776248e+03 9.772351e+03 9.778753e+03
9.786286e+03 9.778214e+03 9.772778e+03 9.791722e+03
9.798613e+03 9.776246e+03 9.777657e+03 9.797202e+03
9.799105e+03 9.782944e+03 9.788735e+03 9.793314e+03
9.759263e+03 9.753980e+03 9.760671e+03 9.752572e+03
9.780582e+03 9.787717e+03 9.786961e+03 9.781338e+03
9.756593e+03 9.765901e+03 9.761523e+03 9.760972e+03
9.895758e+03 9.894622e+03 9.890090e+03 9.900290e+03
9.813442e+03 9.826922e+03 9.824005e+03 9.816359e+03
9.782464e+03 9.796387e+03 9.797557e+03 9.781294e+03
9.780984e+03 9.797994e+03 9.795377e+03 9.783600e+03
9.750931e+03 9.754713e+03 9.752755e+03 9.752888e+03
9.793966e+03 9.807118e+03 9.804220e+03 9.796865e+03
9.787273e+03 9.781148e+03 9.781400e+03 9.787021e+03
9.813687e+03 9.801942e+03 9.803823e+03 9.811806e+03
9.803795e+03 9.801816e+03 9.802949e+03 9.802662e+03
9.767118e+03 9.784366e+03 9.783367e+03 9.768117e+03
9.739063e+03 9.756601e+03 9.752622e+03 9.743042e+03
9.798105e+03 9.799610e+03 9.795429e+03 9.802286e+03
9.810834e+03 9.823320e+03 9.820025e+03 9.814129e+03
9.811617e+03 9.809183e+03 9.804637e+03 9.816163e+03
9.825135e+03 9.829031e+03 9.827335e+03 9.826831e+03
9.780182e+03 9.796577e+03 9.797682e+03 9.779077e+03
9.819450e+03 9.817651e+03 9.816952e+03 9.820149e+03
9.815146e+03 9.813444e+03 9.814979e+03 9.813610e+03
9.819067e+03 9.822094e+03 9.818479e+03 9.822682e+03
9.812116e+03 9.822131e+03 9.816563e+03 9.817685e+03
9.765762e+03 9.763948e+03 9.759300e+03 9.770410e+03
9.777446e+03 9.773228e+03 9.769762e+03 9.780912e+03
9.815725e+03 9.803449e+03 9.801826e+03 9.817348e+03
9.828473e+03 9.814586e+03 9.811434e+03 9.831625e+03
9.815200e+03 9.819154e+03 9.816636e+03 9.817718e+03
9.764771e+03 9.753920e+03 9.748723e+03 9.769968e+03
9.811537e+03 9.803223e+03 9.798065e+03 9.816695e+03
9.793499e+03 9.804134e+03 9.798004e+03 9.799629e+03
9.799239e+03 9.775163e+03 9.774403e+03 9.799998e+03
9.776416e+03 9.771299e+03 9.775158e+03 9.772556e+03
9.732363e+03 9.737954e+03 9.741858e+03 9.728459e+03
9.774320e+03 9.768936e+03 9.773018e+03 9.770238e+03
9.779878e+03 9.774363e+03 9.776074e+03 9.778167e+03
9.802676e+03 9.806098e+03 9.804991e+03 9.803783e+03
9.785390e+03 9.792588e+03 9.787934e+03 9.790044e+03
9.738145e+03 9.756299e+03 9.757242e+03 9.737202e+03
9.793837e+03 9.801785e+03 9.800339e+03 9.795283e+03
9.804981e+03 9.807446e+03 9.807475e+03 9.804952e+03
9.829419e+03 9.816879e+03 9.819882e+03 9.826417e+03
9.814455e+03 9.800386e+03 9.803271e+03 9.811569e+03
9.814413e+03 9.805381e+03 9.809265e+03 9.810529e+03
9.784853e+03 9.775639e+03 9.782254e+03 9.778239e+03
9.824791e+03 9.822545e+03 9.819255e+03 9.828080e+03
9.818829e+03 9.812130e+03 9.808870e+03 9.822090e+03
9.803969e+03 9.807145e+03 9.806382e+03 9.804732e+03
9.757610e+03 9.757973e+03 9.762584e+03 9.752999e+03
9.808997e+03 9.813214e+03 9.814018e+03 9.808193e+03
9.767183e+03 9.766119e+03 9.767716e+03 9.765585e+03
9.792023e+03 9.797140e+03 9.801149e+03 9.788014e+03
9.784576e+03 9.786582e+03 9.791366e+03 9.779792e+03
9.810857e+03 9.803052e+03 9.805918e+03 9.807991e+03
9.837751e+03 9.840518e+03 9.836568e+03 9.841700e+03
9.802002e+03 9.797257e+03 9.796902e+03 9.802357e+03
9.829053e+03 9.828287e+03 9.829840e+03 9.827500e+03
9.760678e+03 9.783259e+03 9.779570e+03 9.764367e+03
9.804365e+03 9.811865e+03 9.805662e+03 9.810568e+03
9.790215e+03 9.809893e+03 9.802017e+03 9.798091e+03
9.788224e+03 9.809630e+03 9.805130e+03 9.792723e+03
9.849257e+03 9.866140e+03 9.860522e+03 9.854875e+03
9.839015e+03 9.831887e+03 9.828394e+03 9.842509e+03
9.776803e+03 9.788802e+03 9.784818e+03 9.780787e+03
9.777910e+03 9.792721e+03 9.792054e+03 9.778577e+03
9.746326e+03 9.758984e+03 9.757839e+03 9.747472e+03
9.772646e+03 9.786317e+03 9.790295e+03 9.768669e+03
9.742672e+03 9.740113e+03 9.750409e+03 9.732376e+03
9.786641e+03 9.798555e+03 9.798107e+03 9.787089e+03
9.782886e+03 9.780775e+03 9.778235e+03 9.785426e+03
9.788513e+03 9.786826e+03 9.782022e+03 9.793317e+03
9.809909e+03 9.790363e+03 9.790932e+03 9.809340e+03
9.752865e+03 9.754137e+03 9.766271e+03 9.740731e+03
9.742873e+03 9.747295e+03 9.756582e+03 9.733586e+03
9.757870e+03 9.753296e+03 9.756403e+03 9.754763e+03
9.774785e+03 9.777355e+03 9.780342e+03 9.771797e+03
9.792649e+03 9.785891e+03 9.785084e+03 9.793456e+03
9.804595e+03 9.795731e+03 9.793563e+03 9.806763e+03
9.776612e+03 9.753877e+03 9.756576e+03 9.773913e+03
9.760890e+03 9.753540e+03 9.755359e+03 9.759070e+03
9.793957e+03 9.784827e+03 9.785846e+03 9.792938e+03
9.794743e+03 9.787008e+03 9.787850e+03 9.793901e+03
9.804400e+03 9.784612e+03 9.787005e+03 9.802007e+03
9.773000e+03 9.768444e+03 9.774940e+03 9.766504e+03
9.779736e+03 9.777715e+03 9.779267e+03 9.778184e+03
9.798265e+03 9.795667e+03 9.794515e+03 9.799417e+03
9.832854e+03 9.834582e+03 9.836986e+03 9.830451e+03
9.847136e+03 9.844628e+03 9.846267e+03 9.845498e+03
9.853406e+03 9.839559e+03 9.840548e+03 9.852417e+03
9.817876e+03 9.818721e+03 9.818637e+03 9.817960e+03
9.828278e+03 9.832101e+03 9.827049e+03 9.833331e+03
9.802673e+03 9.797087e+03 9.791510e+03 9.808251e+03
9.749483e+03 9.756232e+03 9.752842e+03 9.752873e+03
9.758338e+03 9.738038e+03 9.742172e+03 9.754204e+03
9.776845e+03 9.745121e+03 9.752905e+03 9.769062e+03
9.778822e+03 9.764285e+03 9.765757e+03 9.777350e+03
9.816584e+03 9.809530e+03 9.811105e+03 9.815009e+03
9.789142e+03 9.781817e+03 9.784490e+03 9.786469e+03
9.827269e+03 9.805033e+03 9.807115e+03 9.825187e+03
9.755881e+03 9.745618e+03 9.746032e+03 9.755467e+03
9.831449e+03 9.829816e+03 9.826769e+03 9.834496e+03
9.773881e+03 9.799900e+03 9.800438e+03 9.773343e+03
9.739949e+03 9.745264e+03 9.753261e+03 9.731953e+03
9.793098e+03 9.799848e+03 9.797645e+03 9.795301e+03
9.814553e+03 9.829699e+03 9.826768e+03 9.817483e+03
9.818350e+03 9.814817e+03 9.814893e+03 9.818274e+03
9.811113e+03 9.815414e+03 9.812716e+03 9.813811e+03
9.788092e+03 9.812310e+03 9.806979e+03 9.793424e+03
9.767800e+03 9.789444e+03 9.784106e+03 9.773138e+03
9.742359e+03 9.768716e+03 9.766417e+03 9.744659e+03
9.780497e+03 9.777922e+03 9.780402e+03 9.778017e+03
9.808965e+03 9.806742e+03 9.805998e+03 9.809709e+03
9.820395e+03 9.831219e+03 9.826607e+03 9.825007e+03
9.803735e+03 9.791425e+03 9.790263e+03 9.804897e+03
9.797354e+03 9.785918e+03 9.794688e+03 9.788584e+03
9.781490e+03 9.789036e+03 9.794684e+03 9.775842e+03
