1.0 1.032970e+04 1.048562e+04 1.038839e+04 1.023248e+04
2.0 1.033943e+04 1.044989e+04 1.039214e+04 1.028168e+04
3.0 1.030276e+04 1.038108e+04 1.039902e+04 1.032070e+04
4.0 1.036415e+04 1.043704e+04 1.040435e+04 1.033145e+04
5.0 1.039395e+04 1.045145e+04 1.040690e+04 1.034941e+04
6.0 1.035250e+04 1.043161e+04 1.040752e+04 1.032841e+04
7.0 1.037261e+04 1.038558e+04 1.040721e+04 1.039424e+04
8.0 1.038824e+04 1.033813e+04 1.040659e+04 1.045669e+04
9.0 1.030740e+04 1.035961e+04 1.040598e+04 1.035377e+04
10.0 1.041623e+04 1.042325e+04 1.040551e+04 1.039849e+04
11.0 1.037921e+04 1.043684e+04 1.040522e+04 1.034759e+04
12.0 1.033239e+04 1.039901e+04 1.040506e+04 1.033844e+04
13.0 1.029546e+04 1.034428e+04 1.040497e+04 1.035615e+04
14.0 1.036243e+04 1.037272e+04 1.040493e+04 1.039464e+04
15.0 1.037560e+04 1.039218e+04 1.040490e+04 1.038832e+04
16.0 1.034891e+04 1.039830e+04 1.040488e+04 1.035549e+04
17.0 1.047439e+04 1.044607e+04 1.040486e+04 1.043319e+04
18.0 1.040500e+04 1.039940e+04 1.040373e+04 1.040933e+04
19.0 1.032122e+04 1.030420e+04 1.039815e+04 1.041517e+04
20.0 1.048663e+04 1.046251e+04 1.039129e+04 1.041541e+04
21.0 1.050156e+04 1.051719e+04 1.038717e+04 1.037154e+04
22.0 1.039517e+04 1.032984e+04 1.038552e+04 1.045085e+04
23.0 1.051555e+04 1.045254e+04 1.038535e+04 1.044836e+04
24.0 1.045493e+04 1.033187e+04 1.038581e+04 1.050886e+04
25.0 1.039349e+04 1.040850e+04 1.038644e+04 1.037143e+04
26.0 1.033535e+04 1.031996e+04 1.038696e+04 1.040235e+04
27.0 1.044393e+04 1.040203e+04 1.038733e+04 1.042923e+04
28.0 1.046560e+04 1.038066e+04 1.038752e+04 1.047246e+04
29.0 1.042315e+04 1.040747e+04 1.038762e+04 1.040330e+04
30.0 1.035608e+04 1.041210e+04 1.038766e+04 1.033164e+04
31.0 1.035278e+04 1.039098e+04 1.038767e+04 1.034947e+04
32.0 1.047972e+04 1.041347e+04 1.038767e+04 1.045392e+04
33.0 1.050089e+04 1.043751e+04 1.038766e+04 1.045104e+04
34.0 1.045057e+04 1.042781e+04 1.038765e+04 1.041041e+04
0.9 1.034255e+04 1.042894e+04 1.038735e+04 1.030095e+04
1.9 1.036822e+04 1.030834e+04 1.039058e+04 1.045046e+04
2.9 1.030480e+04 1.027408e+04 1.039740e+04 1.042813e+04
3.9 1.032511e+04 1.034877e+04 1.040312e+04 1.037946e+04
4.9 1.041362e+04 1.038195e+04 1.040585e+04 1.043752e+04
5.9 1.036912e+04 1.038826e+04 1.040662e+04 1.038749e+04
6.9 1.044940e+04 1.038943e+04 1.040639e+04 1.046636e+04
7.9 1.051776e+04 1.042171e+04 1.040579e+04 1.050184e+04
8.9 1.052539e+04 1.038552e+04 1.040517e+04 1.054504e+04
9.9 1.045853e+04 1.036202e+04 1.040471e+04 1.050122e+04
10.9 1.048526e+04 1.040309e+04 1.040442e+04 1.048658e+04
11.9 1.050163e+04 1.040253e+04 1.040426e+04 1.050337e+04
12.9 1.040706e+04 1.036567e+04 1.040419e+04 1.044557e+04
13.9 1.032551e+04 1.036064e+04 1.040415e+04 1.036902e+04
14.9 1.040186e+04 1.040724e+04 1.040414e+04 1.039876e+04
15.9 1.028477e+04 1.035558e+04 1.040413e+04 1.033332e+04
16.9 1.033597e+04 1.036041e+04 1.040413e+04 1.037969e+04
17.9 1.042002e+04 1.042302e+04 1.040331e+04 1.040031e+04
18.9 1.041264e+04 1.043588e+04 1.039798e+04 1.037474e+04
19.9 1.041654e+04 1.042327e+04 1.039118e+04 1.038445e+04
20.9 1.039924e+04 1.045275e+04 1.038671e+04 1.033320e+04
21.9 1.041083e+04 1.037405e+04 1.038495e+04 1.042173e+04
22.9 1.035053e+04 1.035272e+04 1.038470e+04 1.038251e+04
23.9 1.043738e+04 1.041167e+04 1.038515e+04 1.041086e+04
24.9 1.044139e+04 1.036844e+04 1.038578e+04 1.045873e+04
25.9 1.050189e+04 1.050800e+04 1.038635e+04 1.038024e+04
26.9 1.052648e+04 1.043632e+04 1.038674e+04 1.047690e+04
27.9 1.056500e+04 1.053809e+04 1.038697e+04 1.041389e+04
28.9 1.052910e+04 1.046573e+04 1.038710e+04 1.045047e+04
29.9 1.043488e+04 1.045802e+04 1.038717e+04 1.036403e+04
30.9 1.038843e+04 1.035429e+04 1.038721e+04 1.042135e+04
31.9 1.039151e+04 1.036517e+04 1.038723e+04 1.041357e+04
32.9 1.039098e+04 1.037180e+04 1.038726e+04 1.040644e+04
33.9 1.033814e+04 1.042277e+04 1.038728e+04 1.030264e+04
