12829.99981  
12748.74071  
12734.34189  
12745.42359  
12728.64432  
12791.55648  
12741.76716  
12745.88555  
12751.93422  
12750.57393  
12715.96899  
12717.23446  
12692.84061  
12692.79938  
12717.8048  
12685.67342  
12764.80651  
12701.32039  
12706.61577  
12694.9273  
12754.15318  
12751.64443  
12762.57282  
12763.21053  
12735.16389  
12721.29278  
12750.18619  
12741.87493  
12802.79484  
12726.40405  
12774.23674  
12705.12842  
12690.36245  
12746.02611  
12760.31659  
12771.7636  
12733.50924  
12774.69951  
12738.89172  
12703.18092  
12720.22241  
12755.05005  
12730.18707  
12692.10616  
12690.95432  
12752.63812  
12753.27434  
12758.86129  
12737.2679  
12728.38468  
12733.74462  
12718.86098  
12723.52687  
12704.37343  
12734.19262  
12743.24162  
12717.33326  
12755.41875  
12724.7787  
12731.83927  
12752.63249  
12786.02829  
12778.14744  
12753.35476  
12770.34507  
12736.94528  
12798.91909  
12722.18615  
12731.95217  
12759.43816  
12721.86787  
12705.46157  
12773.0425  
12752.84433  
12693.91734  
12733.68506  
12710.06304  
12692.93113  
12703.37905  
12720.6518  
12723.5535  
12733.2306  
12735.83978  
12764.10639  
12734.2265  
12702.0254  
12692.91659  
12703.27256  
12693.65531  
12804.104  
12751.74683  
12727.96061  
12745.89666  
12686.70338  
12722.55662  
12758.38746  
12737.94787  
12746.01407  
12742.66167  
12691.01058  
12755.71828  
12788.0193  
12766.76029  
12784.30963  
12747.27344  
12726.91666  
12723.86088  
12781.54125  
12759.04444  
12808.07122  
12772.65749  
12698.49804  
12732.49518  
12723.90376  
12747.95369  
12738.09644  
12740.13818  
12754.36442  
12726.98524  
12740.2317  
12711.12123  
12739.97524  
12764.45312  
12756.10155  
12779.04688  
12753.47723  
12776.99561  
12732.81437  
12734.46518  
12747.33763  
12745.76833  
12751.68742  
12711.94984  
12716.91937  
12746.01628  
12781.18063  
12764.5978  
12759.92066  
12716.51984  
12741.87525  
12736.91721  
12783.55938  
12825.39606  
12752.93166  
12801.68965  
12771.15062  
12756.61499  
12742.92194  
12703.16845  
12658.73552  
12707.11858  
12699.2693  
12685.28125  
12731.86911  
12721.42961  
12703.64936  
12724.6362  
12675.77063  
12734.14783  
12714.36356  
12761.64163  
12854.64815  
12702.91147  
12700.04555  
12712.21222  
12744.07868  
12681.81253  
12737.98524  
12734.55469  
12685.88844  
12714.45002  
12751.94148  
12767.06539  
12782.61943  
12757.53147  
12732.324  
12734.87197  
12749.88525  
12756.12799  
12753.7288  
12758.18021  
12779.24208  
12757.64362  
12814.05749  
12789.05712  
12762.14179  
12768.7699  
12726.88878  
12747.1062  
12700.72575  
12713.37215  
12711.19258  
12710.13438  
12730.84175  
12700.36477  
12710.29889  
12680.59832  
12656.59073  
12760.42385  
12767.97905  
12783.82745  
12776.11869  
12710.67777  
12682.90287  
12766.423  
12695.22704  
12698.07933  
12799.22813  
12762.36385  
12760.90166  
12739.8877  
12741.42412  
12773.05567  
12703.57478  
12738.46215  
12753.24399  
12761.79276  
