0.8 8.731788e+03 8.819212e+03 8.822912e+03 8.735489e+03
1.8 8.805103e+03 8.831678e+03 8.901945e+03 8.875369e+03
2.8 8.869974e+03 8.855205e+03 8.964853e+03 8.979622e+03
3.8 8.802563e+03 8.802103e+03 8.924777e+03 8.925238e+03
4.8 8.909047e+03 8.800602e+03 8.865795e+03 8.974240e+03
5.8 8.840570e+03 8.855097e+03 8.829793e+03 8.815266e+03
6.8 8.748735e+03 8.848419e+03 8.812457e+03 8.712773e+03
7.8 8.838493e+03 8.883786e+03 8.806496e+03 8.761203e+03
8.8 8.830077e+03 8.856266e+03 8.807157e+03 8.780968e+03
9.8 8.843062e+03 8.795547e+03 8.810538e+03 8.858054e+03
10.8 8.828411e+03 8.843150e+03 8.813952e+03 8.799213e+03
11.8 8.900359e+03 8.897500e+03 8.816425e+03 8.819284e+03
12.8 8.814088e+03 8.842986e+03 8.817909e+03 8.789011e+03
13.8 8.658602e+03 8.784394e+03 8.818639e+03 8.692846e+03
14.8 8.706785e+03 8.836733e+03 8.818977e+03 8.689030e+03
15.8 8.803189e+03 8.850382e+03 8.819117e+03 8.771924e+03
16.8 8.951131e+03 8.880732e+03 8.819178e+03 8.889576e+03
17.8 8.886682e+03 8.896956e+03 8.819209e+03 8.808934e+03
0.7 8.672260e+03 8.776488e+03 8.823066e+03 8.718838e+03
1.7 8.752303e+03 8.822963e+03 8.900002e+03 8.829342e+03
2.7 8.921589e+03 8.873789e+03 8.965770e+03 9.013570e+03
3.7 8.910002e+03 8.830585e+03 8.927374e+03 9.006791e+03
4.7 8.815950e+03 8.773253e+03 8.869401e+03 8.912098e+03
5.7 8.789531e+03 8.740468e+03 8.831733e+03 8.880796e+03
6.7 8.914422e+03 8.783535e+03 8.814142e+03 8.945029e+03
7.7 8.976938e+03 8.878539e+03 8.808069e+03 8.906467e+03
8.7 8.924516e+03 8.889816e+03 8.808727e+03 8.843426e+03
9.7 8.952779e+03 8.924464e+03 8.812091e+03 8.840406e+03
10.7 8.955378e+03 8.891235e+03 8.815710e+03 8.879853e+03
11.7 8.789130e+03 8.824909e+03 8.818306e+03 8.782527e+03
12.7 8.861937e+03 8.852709e+03 8.819906e+03 8.829133e+03
13.7 8.792529e+03 8.861391e+03 8.820741e+03 8.751879e+03
14.7 8.709707e+03 8.806855e+03 8.821169e+03 8.724021e+03
15.7 8.816044e+03 8.755609e+03 8.821403e+03 8.881837e+03
16.7 8.849346e+03 8.773164e+03 8.821546e+03 8.897728e+03
17.7 9.006571e+03 8.856541e+03 8.821656e+03 8.971686e+03
0.8 8.873933e+03 8.903933e+03 8.825598e+03 8.795598e+03
1.8 8.812505e+03 8.909127e+03 8.906855e+03 8.810232e+03
2.8 8.878530e+03 8.906374e+03 8.967052e+03 8.939208e+03
3.8 8.775602e+03 8.878486e+03 8.925560e+03 8.822675e+03
4.8 8.845618e+03 8.892745e+03 8.868189e+03 8.821062e+03
5.8 9.022896e+03 8.859648e+03 8.831635e+03 8.994882e+03
6.8 8.860575e+03 8.850852e+03 8.814737e+03 8.824460e+03
7.8 8.827587e+03 8.823921e+03 8.809072e+03 8.812738e+03
8.8 8.837429e+03 8.793611e+03 8.809919e+03 8.853737e+03
9.8 8.819463e+03 8.785627e+03 8.813318e+03 8.847154e+03
10.8 8.698755e+03 8.768361e+03 8.816892e+03 8.747286e+03
11.8 8.696332e+03 8.748046e+03 8.819439e+03 8.767724e+03
12.8 8.697697e+03 8.756787e+03 8.821013e+03 8.761924e+03
13.8 8.879298e+03 8.832360e+03 8.821838e+03 8.868775e+03
14.8 8.907347e+03 8.849620e+03 8.822264e+03 8.879991e+03
15.8 8.855107e+03 8.873510e+03 8.822503e+03 8.804100e+03
16.8 8.906536e+03 8.900843e+03 8.822659e+03 8.828353e+03
17.8 8.825637e+03 8.884425e+03 8.822790e+03 8.764001e+03
