0.2 9.879063e+03 9.882342e+03 9.875799e+03 9.872520e+03
1.2 9.836469e+03 9.883288e+03 9.885363e+03 9.838544e+03
2.2 9.879249e+03 9.905489e+03 9.929088e+03 9.902848e+03
3.2 9.881745e+03 9.897474e+03 9.935085e+03 9.919356e+03
4.2 9.904683e+03 9.871137e+03 9.909908e+03 9.943454e+03
5.2 9.901983e+03 9.883175e+03 9.888227e+03 9.907036e+03
6.2 9.897312e+03 9.899536e+03 9.876254e+03 9.874030e+03
7.2 9.867141e+03 9.879291e+03 9.870942e+03 9.858792e+03
8.2 9.818528e+03 9.860026e+03 9.877183e+03 9.835685e+03
9.2 9.877718e+03 9.887356e+03 9.921576e+03 9.911938e+03
10.2 9.865465e+03 9.894382e+03 9.932926e+03 9.904009e+03
11.2 9.932327e+03 9.900306e+03 9.910638e+03 9.942659e+03
12.2 9.889798e+03 9.901357e+03 9.888541e+03 9.876982e+03
13.2 9.903564e+03 9.894279e+03 9.876455e+03 9.885739e+03
14.2 9.894491e+03 9.897294e+03 9.871024e+03 9.868222e+03
15.2 9.890421e+03 9.875840e+03 9.869787e+03 9.884367e+03
16.2 9.849391e+03 9.863581e+03 9.870678e+03 9.856487e+03
17.2 9.898139e+03 9.902075e+03 9.872307e+03 9.868371e+03
0.1 9.867141e+03 9.879291e+03 9.870942e+03 9.858792e+03
1.1 9.818528e+03 9.860026e+03 9.877183e+03 9.835685e+03
2.1 9.877718e+03 9.887356e+03 9.921576e+03 9.911938e+03
3.1 9.865465e+03 9.894382e+03 9.932926e+03 9.904009e+03
4.1 9.932327e+03 9.900306e+03 9.910638e+03 9.942659e+03
5.1 9.889798e+03 9.901357e+03 9.888541e+03 9.876982e+03
6.1 9.903564e+03 9.894279e+03 9.876455e+03 9.885739e+03
7.1 9.894491e+03 9.897294e+03 9.871024e+03 9.868222e+03
8.1 9.890421e+03 9.875840e+03 9.869787e+03 9.884367e+03
9.1 9.849391e+03 9.863581e+03 9.870678e+03 9.856487e+03
10.1 9.898139e+03 9.902075e+03 9.872307e+03 9.868371e+03
11.1 9.927025e+03 9.916878e+03 9.873730e+03 9.883877e+03
12.1 9.850880e+03 9.886418e+03 9.874716e+03 9.839178e+03
13.1 9.825790e+03 9.855371e+03 9.875272e+03 9.845691e+03
14.1 9.866848e+03 9.838086e+03 9.875572e+03 9.904335e+03
15.1 9.847675e+03 9.838320e+03 9.875738e+03 9.885093e+03
16.1 9.871642e+03 9.880271e+03 9.875839e+03 9.867209e+03
17.1 9.930377e+03 9.903247e+03 9.875917e+03 9.903047e+03
0.2 9.955091e+03 9.893563e+03 9.877471e+03 9.938998e+03
1.2 9.917506e+03 9.899789e+03 9.887201e+03 9.904918e+03
2.2 9.928005e+03 9.920805e+03 9.930249e+03 9.937448e+03
3.2 9.928085e+03 9.910616e+03 9.937224e+03 9.954693e+03
4.2 9.890916e+03 9.882420e+03 9.912839e+03 9.921334e+03
5.2 9.888522e+03 9.887550e+03 9.890631e+03 9.891603e+03
6.2 9.854524e+03 9.888167e+03 9.878777e+03 9.845135e+03
7.2 9.840862e+03 9.868121e+03 9.873647e+03 9.846388e+03
8.2 9.856070e+03 9.850053e+03 9.872523e+03 9.878539e+03
9.2 9.909299e+03 9.856435e+03 9.873527e+03 9.926391e+03
10.2 9.919223e+03 9.885920e+03 9.875201e+03 9.908504e+03
11.2 9.920812e+03 9.884564e+03 9.876632e+03 9.912880e+03
12.2 9.909612e+03 9.876014e+03 9.877606e+03 9.911204e+03
13.2 9.912744e+03 9.895188e+03 9.878191e+03 9.895747e+03
14.2 9.918782e+03 9.895564e+03 9.878510e+03 9.901727e+03
15.2 9.915372e+03 9.903751e+03 9.878698e+03 9.890319e+03
16.2 9.854541e+03 9.895768e+03 9.878823e+03 9.837597e+03
17.2 9.816545e+03 9.874160e+03 9.878923e+03 9.821309e+03
