0.4 6.607776e+03 6.594559e+03 6.576464e+03 6.589681e+03
1.4 6.568881e+03 6.575555e+03 6.583770e+03 6.577096e+03
2.4 6.573719e+03 6.576159e+03 6.616469e+03 6.614029e+03
3.4 6.569165e+03 6.575622e+03 6.633505e+03 6.627047e+03
4.4 6.582444e+03 6.552058e+03 6.616034e+03 6.646421e+03
5.4 6.554203e+03 6.531419e+03 6.593734e+03 6.616519e+03
6.4 6.635995e+03 6.556135e+03 6.579724e+03 6.659584e+03
7.4 6.656515e+03 6.591313e+03 6.572955e+03 6.638157e+03
8.4 6.591232e+03 6.575040e+03 6.570890e+03 6.587082e+03
9.4 6.517895e+03 6.544726e+03 6.571301e+03 6.544470e+03
10.4 6.544580e+03 6.525859e+03 6.572651e+03 6.591372e+03
11.4 6.521982e+03 6.517113e+03 6.573992e+03 6.578860e+03
12.4 6.528572e+03 6.524757e+03 6.574962e+03 6.578777e+03
13.4 6.549877e+03 6.578524e+03 6.575503e+03 6.546856e+03
14.4 6.564296e+03 6.598648e+03 6.575773e+03 6.541422e+03
15.4 6.517981e+03 6.570763e+03 6.575882e+03 6.523100e+03
16.4 6.534679e+03 6.541041e+03 6.575920e+03 6.569558e+03
17.4 6.480854e+03 6.525038e+03 6.575928e+03 6.531744e+03
18.4 6.605116e+03 6.561868e+03 6.575926e+03 6.619174e+03
1.0 6.622710e+03 6.607131e+03 6.577901e+03 6.593481e+03
2.0 6.619853e+03 6.581624e+03 6.600072e+03 6.638301e+03
3.0 6.582660e+03 6.577064e+03 6.630921e+03 6.636516e+03
4.0 6.528718e+03 6.555860e+03 6.626271e+03 6.599129e+03
5.0 6.580219e+03 6.528618e+03 6.603198e+03 6.654798e+03
6.0 6.508662e+03 6.526882e+03 6.584889e+03 6.566668e+03
7.0 6.580217e+03 6.579366e+03 6.575563e+03 6.576414e+03
8.0 6.645198e+03 6.591530e+03 6.571870e+03 6.625537e+03
9.0 6.633607e+03 6.622508e+03 6.571465e+03 6.582564e+03
10.0 6.685700e+03 6.656174e+03 6.572636e+03 6.602162e+03
11.0 6.609385e+03 6.641807e+03 6.574179e+03 6.541757e+03
12.0 6.626746e+03 6.644519e+03 6.575398e+03 6.557624e+03
13.0 6.643911e+03 6.605296e+03 6.576192e+03 6.614807e+03
14.0 6.556128e+03 6.550616e+03 6.576655e+03 6.582167e+03
15.0 6.418719e+03 6.520024e+03 6.576903e+03 6.475598e+03
16.0 6.510002e+03 6.559345e+03 6.577049e+03 6.527706e+03
17.0 6.573142e+03 6.624128e+03 6.577147e+03 6.526160e+03
18.0 6.637958e+03 6.610090e+03 6.577228e+03 6.605096e+03
19.0 6.654948e+03 6.565102e+03 6.577303e+03 6.667148e+03
