0.4 9.197956e+03 9.164008e+03 9.176654e+03 9.210602e+03
1.4 9.165665e+03 9.170608e+03 9.184079e+03 9.179135e+03
2.4 9.210582e+03 9.196157e+03 9.210428e+03 9.224852e+03
3.4 9.196689e+03 9.204682e+03 9.218557e+03 9.210564e+03
4.4 9.186567e+03 9.210506e+03 9.204030e+03 9.180091e+03
5.4 9.208672e+03 9.209133e+03 9.188855e+03 9.188394e+03
6.4 9.177216e+03 9.189631e+03 9.180932e+03 9.168517e+03
7.4 9.190146e+03 9.184987e+03 9.191417e+03 9.196576e+03
8.4 9.205825e+03 9.201645e+03 9.217849e+03 9.222029e+03
9.4 9.164370e+03 9.196820e+03 9.217837e+03 9.185388e+03
10.4 9.167521e+03 9.178618e+03 9.200967e+03 9.189869e+03
11.4 9.173557e+03 9.191839e+03 9.187726e+03 9.169443e+03
12.4 9.185766e+03 9.213517e+03 9.180978e+03 9.153227e+03
13.4 9.235214e+03 9.208041e+03 9.187855e+03 9.215028e+03
14.4 9.205734e+03 9.209474e+03 9.211774e+03 9.208035e+03
15.4 9.204028e+03 9.196958e+03 9.214539e+03 9.221610e+03
16.4 9.184891e+03 9.182732e+03 9.201193e+03 9.203351e+03
17.4 9.184176e+03 9.193420e+03 9.189757e+03 9.180513e+03
0.8 9.177216e+03 9.189631e+03 9.180932e+03 9.168517e+03
1.8 9.190146e+03 9.184987e+03 9.191417e+03 9.196576e+03
2.8 9.205825e+03 9.201645e+03 9.217849e+03 9.222029e+03
3.8 9.164370e+03 9.196820e+03 9.217837e+03 9.185388e+03
4.8 9.167521e+03 9.178618e+03 9.200967e+03 9.189869e+03
5.8 9.173557e+03 9.191839e+03 9.187726e+03 9.169443e+03
6.8 9.185766e+03 9.213517e+03 9.180978e+03 9.153227e+03
7.8 9.235214e+03 9.208041e+03 9.187855e+03 9.215028e+03
8.8 9.205734e+03 9.209474e+03 9.211774e+03 9.208035e+03
9.8 9.204028e+03 9.196958e+03 9.214539e+03 9.221610e+03
10.8 9.184891e+03 9.182732e+03 9.201193e+03 9.203351e+03
11.8 9.184176e+03 9.193420e+03 9.189757e+03 9.180513e+03
12.8 9.216627e+03 9.192645e+03 9.183618e+03 9.207599e+03
13.8 9.196848e+03 9.204272e+03 9.181367e+03 9.173943e+03
14.8 9.244053e+03 9.215367e+03 9.181280e+03 9.209965e+03
15.8 9.197092e+03 9.198078e+03 9.182293e+03 9.181307e+03
16.8 9.192179e+03 9.194113e+03 9.183584e+03 9.181651e+03
17.8 9.199610e+03 9.195179e+03 9.184726e+03 9.189157e+03
0.6 9.185766e+03 9.213517e+03 9.180978e+03 9.153227e+03
1.6 9.235214e+03 9.208041e+03 9.187855e+03 9.215028e+03
2.6 9.205734e+03 9.209474e+03 9.211774e+03 9.208035e+03
3.6 9.204028e+03 9.196958e+03 9.214539e+03 9.221610e+03
4.6 9.184891e+03 9.182732e+03 9.201193e+03 9.203351e+03
5.6 9.184176e+03 9.193420e+03 9.189757e+03 9.180513e+03
6.6 9.216627e+03 9.192645e+03 9.183618e+03 9.207599e+03
7.6 9.196848e+03 9.204272e+03 9.181367e+03 9.173943e+03
8.6 9.244053e+03 9.215367e+03 9.181280e+03 9.209965e+03
9.6 9.197092e+03 9.198078e+03 9.182293e+03 9.181307e+03
10.6 9.192179e+03 9.194113e+03 9.183584e+03 9.181651e+03
11.6 9.199610e+03 9.195179e+03 9.184726e+03 9.189157e+03
12.6 9.180532e+03 9.180371e+03 9.185553e+03 9.185713e+03
13.6 9.205227e+03 9.176630e+03 9.186136e+03 9.214733e+03
14.6 9.170251e+03 9.185784e+03 9.186555e+03 9.171023e+03
15.6 9.151143e+03 9.187356e+03 9.186888e+03 9.150675e+03
16.6 9.189291e+03 9.208028e+03 9.187177e+03 9.168440e+03
17.6 9.185601e+03 9.205080e+03 9.187442e+03 9.167962e+03
0.9 9.194372e+03 9.175138e+03 9.190632e+03 9.209865e+03
1.9 9.205156e+03 9.184072e+03 9.206938e+03 9.228023e+03
2.9 9.204198e+03 9.205230e+03 9.230868e+03 9.229835e+03
3.9 9.206914e+03 9.200324e+03 9.226044e+03 9.232634e+03
4.9 9.243362e+03 9.204513e+03 9.208266e+03 9.247116e+03
5.9 9.249045e+03 9.225978e+03 9.195389e+03 9.218457e+03
6.9 9.188939e+03 9.214579e+03 9.188687e+03 9.163048e+03
7.9 9.185964e+03 9.196640e+03 9.185989e+03 9.175313e+03
8.9 9.175616e+03 9.184405e+03 9.185707e+03 9.176918e+03
9.9 9.175838e+03 9.173003e+03 9.186538e+03 9.189372e+03
10.9 9.176341e+03 9.166394e+03 9.187560e+03 9.197506e+03
11.9 9.201442e+03 9.175380e+03 9.188357e+03 9.214419e+03
12.9 9.215436e+03 9.187957e+03 9.188853e+03 9.216332e+03
13.9 9.195099e+03 9.183851e+03 9.189093e+03 9.200341e+03
14.9 9.153028e+03 9.174859e+03 9.189192e+03 9.167361e+03
15.9 9.167158e+03 9.169143e+03 9.189218e+03 9.187232e+03
16.9 9.141551e+03 9.166450e+03 9.189213e+03 9.164314e+03
17.9 9.145424e+03 9.168893e+03 9.189197e+03 9.165728e+03
0.1 9.156275e+03 9.163126e+03 9.189012e+03 9.182160e+03
1.1 9.168551e+03 9.165463e+03 9.191473e+03 9.194562e+03
2.1 9.207980e+03 9.187370e+03 9.212443e+03 9.233054e+03
3.1 9.200948e+03 9.203008e+03 9.226773e+03 9.224713e+03
4.1 9.273858e+03 9.214140e+03 9.216117e+03 9.275835e+03
5.1 9.266865e+03 9.232848e+03 9.200900e+03 9.234917e+03
6.1 9.211666e+03 9.223709e+03 9.191576e+03 9.179533e+03
7.1 9.226094e+03 9.229208e+03 9.187103e+03 9.183989e+03
8.1 9.208148e+03 9.223532e+03 9.185603e+03 9.170219e+03
9.1 9.160576e+03 9.216291e+03 9.185814e+03 9.130099e+03
10.1 9.215372e+03 9.208335e+03 9.186713e+03 9.193749e+03
11.1 9.167124e+03 9.202729e+03 9.187607e+03 9.152002e+03
12.1 9.206116e+03 9.213594e+03 9.188251e+03 9.180773e+03
13.1 9.247699e+03 9.206897e+03 9.188636e+03 9.229438e+03
14.1 9.206000e+03 9.211357e+03 9.188820e+03 9.183463e+03
15.1 9.211015e+03 9.203952e+03 9.188896e+03 9.195959e+03
16.1 9.213373e+03 9.188988e+03 9.188920e+03 9.213305e+03
17.1 9.212994e+03 9.181208e+03 9.188924e+03 9.220709e+03
0.3 9.132299e+03 9.166364e+03 9.188917e+03 9.154853e+03
1.3 9.132095e+03 9.167839e+03 9.193762e+03 9.158018e+03
2.3 9.210849e+03 9.186306e+03 9.212675e+03 9.237218e+03
3.3 9.189825e+03 9.191019e+03 9.216142e+03 9.214948e+03
4.3 9.200431e+03 9.199431e+03 9.204988e+03 9.205989e+03
5.3 9.235419e+03 9.208531e+03 9.194963e+03 9.221852e+03
6.3 9.201145e+03 9.207690e+03 9.189244e+03 9.182699e+03
7.3 9.194537e+03 9.215688e+03 9.186807e+03 9.165656e+03
8.3 9.210962e+03 9.203490e+03 9.186210e+03 9.193682e+03
9.3 9.159582e+03 9.182533e+03 9.186594e+03 9.163643e+03
10.3 9.133759e+03 9.170248e+03 9.187268e+03 9.150778e+03
11.3 9.150178e+03 9.186507e+03 9.187866e+03 9.151537e+03
12.3 9.177235e+03 9.213172e+03 9.188237e+03 9.152299e+03
13.3 9.198270e+03 9.206886e+03 9.188421e+03 9.179806e+03
14.3 9.194821e+03 9.187806e+03 9.188488e+03 9.195502e+03
15.3 9.186103e+03 9.195535e+03 9.188486e+03 9.179054e+03
16.3 9.224179e+03 9.203921e+03 9.188453e+03 9.208711e+03
17.3 9.223070e+03 9.205988e+03 9.188403e+03 9.205485e+03
0.1 9.174036e+03 9.169326e+03 9.186798e+03 9.191509e+03
1.1 9.169135e+03 9.170614e+03 9.189130e+03 9.187651e+03
2.1 9.172065e+03 9.192297e+03 9.210613e+03 9.190381e+03
3.1 9.201621e+03 9.206593e+03 9.224155e+03 9.219183e+03
4.1 9.196569e+03 9.197490e+03 9.213355e+03 9.212435e+03
5.1 9.218656e+03 9.203554e+03 9.197991e+03 9.213093e+03
6.1 9.185331e+03 9.209835e+03 9.188521e+03 9.164016e+03
7.1 9.182577e+03 9.195224e+03 9.183832e+03 9.171185e+03
8.1 9.194892e+03 9.193856e+03 9.182246e+03 9.183282e+03
9.1 9.247836e+03 9.213429e+03 9.182296e+03 9.216704e+03
10.1 9.259247e+03 9.207978e+03 9.183030e+03 9.234299e+03
11.1 9.208004e+03 9.188638e+03 9.183756e+03 9.203122e+03
12.1 9.176682e+03 9.175643e+03 9.185536e+03 9.186575e+03
13.1 9.202701e+03 9.186845e+03 9.203497e+03 9.219354e+03
14.1 9.174023e+03 9.200861e+03 9.219663e+03 9.192825e+03
15.1 9.221901e+03 9.193206e+03 9.211253e+03 9.239948e+03
16.1 9.232486e+03 9.205092e+03 9.196883e+03 9.224277e+03
17.1 9.233555e+03 9.226970e+03 9.187130e+03 9.193715e+03
1.0 9.176682e+03 9.175643e+03 9.185536e+03 9.186575e+03
2.0 9.202701e+03 9.186845e+03 9.203497e+03 9.219354e+03
3.0 9.174023e+03 9.200861e+03 9.219663e+03 9.192825e+03
4.0 9.221901e+03 9.193206e+03 9.211253e+03 9.239948e+03
5.0 9.232486e+03 9.205092e+03 9.196883e+03 9.224277e+03
6.0 9.233555e+03 9.226970e+03 9.187130e+03 9.193715e+03
7.0 9.224200e+03 9.212106e+03 9.182396e+03 9.194490e+03
8.0 9.178920e+03 9.196155e+03 9.180595e+03 9.163360e+03
9.0 9.179697e+03 9.194205e+03 9.180475e+03 9.165966e+03
10.0 9.126475e+03 9.184987e+03 9.181070e+03 9.122558e+03
11.0 9.144407e+03 9.173824e+03 9.181751e+03 9.152333e+03
12.0 9.167731e+03 9.167874e+03 9.182186e+03 9.182043e+03
13.0 9.188587e+03 9.166013e+03 9.182363e+03 9.204937e+03
14.0 9.165553e+03 9.166199e+03 9.182385e+03 9.181738e+03
15.0 9.160638e+03 9.174525e+03 9.189707e+03 9.175819e+03
16.0 9.195897e+03 9.203087e+03 9.217106e+03 9.209916e+03
17.0 9.171161e+03 9.211828e+03 9.224910e+03 9.184242e+03
18.0 9.193908e+03 9.196712e+03 9.209155e+03 9.206350e+03
0.5 9.165553e+03 9.166199e+03 9.182385e+03 9.181738e+03
1.5 9.160638e+03 9.174525e+03 9.189707e+03 9.175819e+03
2.5 9.195897e+03 9.203087e+03 9.217106e+03 9.209916e+03
3.5 9.171161e+03 9.211828e+03 9.224910e+03 9.184242e+03
4.5 9.193908e+03 9.196712e+03 9.209155e+03 9.206350e+03
5.5 9.167842e+03 9.180286e+03 9.192336e+03 9.179892e+03
6.5 9.174692e+03 9.170871e+03 9.182706e+03 9.186527e+03
7.5 9.198138e+03 9.166465e+03 9.178177e+03 9.209850e+03
8.5 9.185269e+03 9.165235e+03 9.176874e+03 9.196908e+03
9.5 9.180737e+03 9.167228e+03 9.178830e+03 9.192339e+03
10.5 9.183474e+03 9.188996e+03 9.200575e+03 9.195053e+03
11.5 9.237560e+03 9.212350e+03 9.223873e+03 9.249084e+03
12.5 9.234501e+03 9.222946e+03 9.216461e+03 9.228016e+03
13.5 9.203839e+03 9.239572e+03 9.198084e+03 9.162351e+03
14.5 9.206495e+03 9.221631e+03 9.184926e+03 9.169790e+03
15.5 9.205863e+03 9.191284e+03 9.178023e+03 9.192602e+03
1.0 9.180737e+03 9.167228e+03 9.178830e+03 9.192339e+03
2.0 9.183474e+03 9.188996e+03 9.200575e+03 9.195053e+03
3.0 9.237560e+03 9.212350e+03 9.223873e+03 9.249084e+03
4.0 9.234501e+03 9.222946e+03 9.216461e+03 9.228016e+03
5.0 9.203839e+03 9.239572e+03 9.198084e+03 9.162351e+03
6.0 9.206495e+03 9.221631e+03 9.184926e+03 9.169790e+03
7.0 9.205863e+03 9.191284e+03 9.178023e+03 9.192602e+03
