0.5 1.062530e+04 1.062798e+04 1.057460e+04 1.057191e+04
1.5 1.057119e+04 1.061367e+04 1.061942e+04 1.057694e+04
2.5 1.059082e+04 1.062888e+04 1.069099e+04 1.065293e+04
3.5 1.060839e+04 1.058224e+04 1.067306e+04 1.069922e+04
4.5 1.055894e+04 1.054830e+04 1.062368e+04 1.063433e+04
5.5 1.062603e+04 1.061406e+04 1.058800e+04 1.059996e+04
6.5 1.066556e+04 1.063925e+04 1.057038e+04 1.059669e+04
7.5 1.049237e+04 1.058122e+04 1.056341e+04 1.047456e+04
8.5 1.052786e+04 1.052315e+04 1.056285e+04 1.056756e+04
9.5 1.051765e+04 1.049142e+04 1.056516e+04 1.059139e+04
10.5 1.054342e+04 1.049269e+04 1.056804e+04 1.061877e+04
11.5 1.053994e+04 1.057235e+04 1.057018e+04 1.053777e+04
12.5 1.071101e+04 1.061576e+04 1.057149e+04 1.066674e+04
13.5 1.064027e+04 1.061965e+04 1.057209e+04 1.059270e+04
14.5 1.059564e+04 1.062055e+04 1.057230e+04 1.054740e+04
15.5 1.051017e+04 1.057266e+04 1.057233e+04 1.050983e+04
16.5 1.049922e+04 1.055477e+04 1.057227e+04 1.051672e+04
17.5 1.058926e+04 1.061334e+04 1.057217e+04 1.054809e+04
0.3 1.061178e+04 1.058361e+04 1.057014e+04 1.059831e+04
1.3 1.068214e+04 1.057185e+04 1.059513e+04 1.070542e+04
2.3 1.065727e+04 1.062522e+04 1.067752e+04 1.070957e+04
3.3 1.064690e+04 1.062659e+04 1.067993e+04 1.070025e+04
4.3 1.070454e+04 1.063394e+04 1.063072e+04 1.070131e+04
5.3 1.051451e+04 1.061102e+04 1.059149e+04 1.049498e+04
6.3 1.046186e+04 1.056576e+04 1.057789e+04 1.047399e+04
7.3 1.058899e+04 1.060282e+04 1.064683e+04 1.063300e+04
8.3 1.062100e+04 1.061735e+04 1.067847e+04 1.068212e+04
9.3 1.048132e+04 1.057034e+04 1.063882e+04 1.054979e+04
10.3 1.055060e+04 1.052975e+04 1.059691e+04 1.061776e+04
11.3 1.069714e+04 1.056462e+04 1.057301e+04 1.070553e+04
12.3 1.064844e+04 1.064037e+04 1.056234e+04 1.057041e+04
13.3 1.058844e+04 1.062347e+04 1.055984e+04 1.052481e+04
14.3 1.065429e+04 1.058841e+04 1.056160e+04 1.062748e+04
15.3 1.058498e+04 1.058496e+04 1.056481e+04 1.056483e+04
16.3 1.053406e+04 1.056835e+04 1.056778e+04 1.053349e+04
17.3 1.061354e+04 1.058732e+04 1.056991e+04 1.059612e+04
1.0 1.046186e+04 1.056576e+04 1.057789e+04 1.047399e+04
2.0 1.058899e+04 1.060282e+04 1.064683e+04 1.063300e+04
3.0 1.062100e+04 1.061735e+04 1.067847e+04 1.068212e+04
4.0 1.048132e+04 1.057034e+04 1.063882e+04 1.054979e+04
5.0 1.055060e+04 1.052975e+04 1.059691e+04 1.061776e+04
6.0 1.069714e+04 1.056462e+04 1.057301e+04 1.070553e+04
7.0 1.064844e+04 1.064037e+04 1.056234e+04 1.057041e+04
8.0 1.058844e+04 1.062347e+04 1.055984e+04 1.052481e+04
9.0 1.065429e+04 1.058841e+04 1.056160e+04 1.062748e+04
10.0 1.058498e+04 1.058496e+04 1.056481e+04 1.056483e+04
11.0 1.053406e+04 1.056835e+04 1.056778e+04 1.053349e+04
12.0 1.061354e+04 1.058732e+04 1.056991e+04 1.059612e+04
13.0 1.055100e+04 1.059674e+04 1.057117e+04 1.052543e+04
14.0 1.064442e+04 1.056289e+04 1.057191e+04 1.065344e+04
15.0 1.058496e+04 1.052953e+04 1.057234e+04 1.062777e+04
16.0 1.063751e+04 1.055159e+04 1.057265e+04 1.065856e+04
17.0 1.064672e+04 1.058882e+04 1.057290e+04 1.063080e+04
18.0 1.053689e+04 1.056928e+04 1.057313e+04 1.054075e+04
