0.8 9.803579e+03 9.844729e+03 9.820101e+03 9.778951e+03
1.8 9.802571e+03 9.838221e+03 9.832951e+03 9.797300e+03
2.8 9.824878e+03 9.826988e+03 9.841829e+03 9.839719e+03
3.8 9.763372e+03 9.809374e+03 9.835354e+03 9.789351e+03
4.8 9.807355e+03 9.812256e+03 9.826721e+03 9.821820e+03
5.8 9.819790e+03 9.837986e+03 9.821307e+03 9.803110e+03
6.8 9.760428e+03 9.834246e+03 9.818869e+03 9.745051e+03
7.8 9.769683e+03 9.811843e+03 9.818128e+03 9.775968e+03
8.8 9.779101e+03 9.807733e+03 9.818366e+03 9.789734e+03
9.8 9.799838e+03 9.812661e+03 9.818981e+03 9.806158e+03
10.8 9.817193e+03 9.814376e+03 9.819615e+03 9.822432e+03
11.8 9.831280e+03 9.832066e+03 9.820087e+03 9.819301e+03
12.8 9.847103e+03 9.827292e+03 9.820409e+03 9.840221e+03
13.8 9.810973e+03 9.810534e+03 9.824612e+03 9.825051e+03
14.8 9.807382e+03 9.809515e+03 9.839905e+03 9.837772e+03
15.8 9.820420e+03 9.806863e+03 9.841573e+03 9.855130e+03
16.8 9.763206e+03 9.831839e+03 9.832887e+03 9.764253e+03
17.8 9.919700e+03 9.854447e+03 9.825294e+03 9.890547e+03
0.2 9.847103e+03 9.827292e+03 9.820409e+03 9.840221e+03
1.2 9.810973e+03 9.810534e+03 9.824612e+03 9.825051e+03
2.2 9.807382e+03 9.809515e+03 9.839905e+03 9.837772e+03
3.2 9.820420e+03 9.806863e+03 9.841573e+03 9.855130e+03
4.2 9.763206e+03 9.831839e+03 9.832887e+03 9.764253e+03
5.2 9.919700e+03 9.854447e+03 9.825294e+03 9.890547e+03
6.2 9.894850e+03 9.835784e+03 9.821325e+03 9.880390e+03
7.2 9.892129e+03 9.847654e+03 9.819668e+03 9.864143e+03
8.2 9.912015e+03 9.861577e+03 9.819385e+03 9.869823e+03
9.2 9.859051e+03 9.833103e+03 9.819821e+03 9.845769e+03
10.2 9.886554e+03 9.821631e+03 9.820472e+03 9.885395e+03
11.2 9.845884e+03 9.835044e+03 9.821026e+03 9.831866e+03
12.2 9.831149e+03 9.831811e+03 9.821417e+03 9.820754e+03
13.2 9.862401e+03 9.853843e+03 9.821670e+03 9.830229e+03
14.2 9.860596e+03 9.845197e+03 9.821831e+03 9.837230e+03
15.2 9.845029e+03 9.817562e+03 9.821945e+03 9.849412e+03
16.2 9.862827e+03 9.830202e+03 9.822036e+03 9.854660e+03
17.2 9.846959e+03 9.847394e+03 9.822116e+03 9.821681e+03
0.7 9.818526e+03 9.824434e+03 9.822778e+03 9.816870e+03
1.7 9.828648e+03 9.823201e+03 9.833862e+03 9.839309e+03
2.7 9.845797e+03 9.822770e+03 9.844671e+03 9.867698e+03
3.7 9.824076e+03 9.828137e+03 9.839306e+03 9.835245e+03
4.7 9.829608e+03 9.849464e+03 9.830316e+03 9.810459e+03
5.7 9.838162e+03 9.840098e+03 9.824444e+03 9.822508e+03
6.7 9.780476e+03 9.815536e+03 9.821504e+03 9.786444e+03
7.7 9.750992e+03 9.800248e+03 9.820486e+03 9.771231e+03
8.7 9.794950e+03 9.821754e+03 9.820516e+03 9.793712e+03
9.7 9.822031e+03 9.856619e+03 9.820995e+03 9.786406e+03
10.7 9.850498e+03 9.847571e+03 9.821516e+03 9.824443e+03
11.7 9.824000e+03 9.821153e+03 9.821909e+03 9.824757e+03
12.7 9.841018e+03 9.822167e+03 9.822134e+03 9.840985e+03
13.7 9.831076e+03 9.826998e+03 9.822247e+03 9.826325e+03
14.7 9.853364e+03 9.834320e+03 9.822293e+03 9.841337e+03
15.7 9.861184e+03 9.852777e+03 9.822309e+03 9.830716e+03
16.7 9.835215e+03 9.839340e+03 9.822312e+03 9.818188e+03
17.7 9.840179e+03 9.814840e+03 9.822311e+03 9.847650e+03
0.8 9.845413e+03 9.830831e+03 9.822954e+03 9.837536e+03
1.8 9.877148e+03 9.825751e+03 9.835499e+03 9.886897e+03
2.8 9.826171e+03 9.824229e+03 9.844740e+03 9.846681e+03
3.8 9.812370e+03 9.813097e+03 9.838397e+03 9.837670e+03
4.8 9.848426e+03 9.822163e+03 9.829631e+03 9.855894e+03
5.8 9.873884e+03 9.854980e+03 9.824149e+03 9.843053e+03
6.8 9.853062e+03 9.851001e+03 9.821484e+03 9.823545e+03
7.8 9.812436e+03 9.826329e+03 9.820641e+03 9.806748e+03
8.8 9.768896e+03 9.808821e+03 9.820783e+03 9.780858e+03
9.8 9.820914e+03 9.821398e+03 9.821322e+03 9.820838e+03
10.8 9.800225e+03 9.837898e+03 9.821878e+03 9.784205e+03
11.8 9.818227e+03 9.827874e+03 9.822297e+03 9.812650e+03
12.8 9.838287e+03 9.824117e+03 9.822551e+03 9.836721e+03
13.8 9.829213e+03 9.828932e+03 9.822700e+03 9.822981e+03
14.8 9.813155e+03 9.819394e+03 9.822787e+03 9.816547e+03
15.8 9.801133e+03 9.822041e+03 9.822846e+03 9.801938e+03
16.8 9.791370e+03 9.840271e+03 9.822894e+03 9.773993e+03
17.8 9.754599e+03 9.832980e+03 9.822939e+03 9.744558e+03
