0.7 1.023864e+04 1.028372e+04 1.028976e+04 1.024468e+04
1.7 1.030993e+04 1.031576e+04 1.031464e+04 1.030881e+04
2.7 1.026893e+04 1.034509e+04 1.034075e+04 1.026459e+04
3.7 1.036235e+04 1.032885e+04 1.032909e+04 1.036260e+04
4.7 1.033587e+04 1.029379e+04 1.030829e+04 1.035037e+04
5.7 1.029609e+04 1.027784e+04 1.029436e+04 1.031261e+04
6.7 1.031765e+04 1.027618e+04 1.028778e+04 1.032925e+04
7.7 1.031275e+04 1.027109e+04 1.028548e+04 1.032714e+04
8.7 1.019424e+04 1.027397e+04 1.028565e+04 1.020592e+04
9.7 1.029100e+04 1.028491e+04 1.028689e+04 1.029298e+04
10.7 1.038542e+04 1.029354e+04 1.028827e+04 1.038015e+04
11.7 1.037096e+04 1.029518e+04 1.028930e+04 1.036508e+04
12.7 1.033931e+04 1.030741e+04 1.028996e+04 1.032185e+04
13.7 1.040361e+04 1.031664e+04 1.029035e+04 1.037732e+04
14.7 1.037226e+04 1.030797e+04 1.029059e+04 1.035488e+04
15.7 1.037416e+04 1.029533e+04 1.029074e+04 1.036957e+04
16.7 1.034308e+04 1.028674e+04 1.029086e+04 1.034720e+04
17.7 1.035223e+04 1.029252e+04 1.029097e+04 1.035068e+04
0.5 1.028056e+04 1.027044e+04 1.029055e+04 1.030066e+04
1.5 1.033624e+04 1.030003e+04 1.030989e+04 1.034610e+04
2.5 1.037234e+04 1.033798e+04 1.034043e+04 1.037479e+04
3.5 1.030621e+04 1.032938e+04 1.033350e+04 1.031033e+04
4.5 1.029391e+04 1.028446e+04 1.031175e+04 1.032121e+04
5.5 1.024983e+04 1.025668e+04 1.029667e+04 1.028983e+04
6.5 1.025662e+04 1.026162e+04 1.028883e+04 1.028383e+04
7.5 1.027634e+04 1.027494e+04 1.028588e+04 1.028727e+04
8.5 1.027101e+04 1.028373e+04 1.028561e+04 1.027290e+04
9.5 1.029370e+04 1.028842e+04 1.028664e+04 1.029192e+04
10.5 1.027688e+04 1.029164e+04 1.028788e+04 1.027312e+04
11.5 1.032252e+04 1.029329e+04 1.028887e+04 1.031810e+04
12.5 1.028297e+04 1.029351e+04 1.028945e+04 1.027891e+04
13.5 1.027221e+04 1.029315e+04 1.028975e+04 1.026882e+04
14.5 1.024442e+04 1.029237e+04 1.028989e+04 1.024194e+04
15.5 1.027299e+04 1.029038e+04 1.028994e+04 1.027256e+04
16.5 1.030556e+04 1.028960e+04 1.028997e+04 1.030592e+04
17.5 1.026173e+04 1.029042e+04 1.028997e+04 1.026129e+04
0.5 1.027620e+04 1.027047e+04 1.029036e+04 1.029609e+04
1.5 1.034970e+04 1.029608e+04 1.030976e+04 1.036339e+04
2.5 1.036956e+04 1.033579e+04 1.034068e+04 1.037445e+04
3.5 1.035248e+04 1.033456e+04 1.033306e+04 1.035098e+04
4.5 1.026314e+04 1.032003e+04 1.031189e+04 1.025500e+04
5.5 1.029774e+04 1.030775e+04 1.029662e+04 1.028661e+04
6.5 1.023017e+04 1.031234e+04 1.028914e+04 1.020696e+04
7.5 1.030079e+04 1.031719e+04 1.028623e+04 1.026983e+04
8.5 1.027339e+04 1.030956e+04 1.028610e+04 1.024993e+04
9.5 1.028091e+04 1.030283e+04 1.028719e+04 1.026527e+04
10.5 1.032367e+04 1.029746e+04 1.028853e+04 1.031474e+04
11.5 1.025787e+04 1.029638e+04 1.028956e+04 1.025105e+04
12.5 1.031850e+04 1.029387e+04 1.029022e+04 1.031485e+04
13.5 1.030058e+04 1.027496e+04 1.029058e+04 1.031620e+04
14.5 1.026821e+04 1.025038e+04 1.029077e+04 1.030859e+04
15.5 1.025099e+04 1.025365e+04 1.029087e+04 1.028821e+04
16.5 1.026289e+04 1.027135e+04 1.029094e+04 1.028248e+04
17.5 1.023433e+04 1.028282e+04 1.029099e+04 1.024250e+04
0.6 1.028398e+04 1.027727e+04 1.028861e+04 1.029532e+04
1.6 1.030001e+04 1.030830e+04 1.031143e+04 1.030314e+04
2.6 1.033567e+04 1.034160e+04 1.033906e+04 1.033314e+04
3.6 1.037144e+04 1.033361e+04 1.032830e+04 1.036612e+04
4.6 1.032176e+04 1.031267e+04 1.030703e+04 1.031613e+04
5.6 1.028410e+04 1.029678e+04 1.029235e+04 1.027968e+04
6.6 1.027830e+04 1.028951e+04 1.028517e+04 1.027396e+04
7.6 1.026994e+04 1.028719e+04 1.028234e+04 1.026509e+04
8.6 1.027445e+04 1.028733e+04 1.028210e+04 1.026922e+04
9.6 1.032542e+04 1.028840e+04 1.028296e+04 1.031998e+04
10.6 1.031177e+04 1.028953e+04 1.028399e+04 1.030623e+04
11.6 1.025837e+04 1.028600e+04 1.028466e+04 1.025703e+04
12.6 1.029222e+04 1.027052e+04 1.028496e+04 1.030665e+04
13.6 1.020789e+04 1.026598e+04 1.028496e+04 1.022687e+04
14.6 1.025792e+04 1.027480e+04 1.028481e+04 1.026792e+04
15.6 1.023637e+04 1.028417e+04 1.028457e+04 1.023678e+04
16.6 1.026789e+04 1.028937e+04 1.028430e+04 1.026282e+04
17.6 1.034814e+04 1.029164e+04 1.028401e+04 1.034051e+04
0.4 1.030399e+04 1.026406e+04 1.028276e+04 1.032269e+04
1.4 1.028251e+04 1.028460e+04 1.029907e+04 1.029699e+04
2.4 1.028186e+04 1.032715e+04 1.033108e+04 1.028580e+04
3.4 1.031390e+04 1.032992e+04 1.032629e+04 1.031027e+04
4.4 1.033130e+04 1.031185e+04 1.030424e+04 1.032369e+04
