0.8 1.225804e+03 1.330352e+03 1.354952e+03 1.250404e+03
1.8 1.250358e+03 1.349947e+03 1.356671e+03 1.257082e+03
2.8 1.199660e+03 1.363300e+03 1.359177e+03 1.195538e+03
3.8 1.197746e+03 1.355948e+03 1.358657e+03 1.200455e+03
4.8 1.217427e+03 1.301132e+03 1.356781e+03 1.273076e+03
5.8 1.135246e+03 1.292227e+03 1.355433e+03 1.198452e+03
6.8 1.321845e+03 1.322695e+03 1.355148e+03 1.354298e+03
7.8 1.461375e+03 1.351773e+03 1.357828e+03 1.467430e+03
8.8 1.450793e+03 1.368559e+03 1.360102e+03 1.442336e+03
9.8 1.422871e+03 1.373685e+03 1.358787e+03 1.407973e+03
10.8 1.413193e+03 1.363684e+03 1.356609e+03 1.406118e+03
11.8 1.395953e+03 1.306738e+03 1.355151e+03 1.444365e+03
12.8 1.433897e+03 1.292279e+03 1.354767e+03 1.496385e+03
13.8 1.397343e+03 1.322673e+03 1.357112e+03 1.431781e+03
14.8 1.361176e+03 1.352410e+03 1.359021e+03 1.367787e+03
15.8 1.420063e+03 1.368462e+03 1.357868e+03 1.409469e+03
16.8 1.398100e+03 1.376690e+03 1.356079e+03 1.377490e+03
17.8 1.392666e+03 1.376499e+03 1.354980e+03 1.371147e+03
0.2 1.135246e+03 1.292227e+03 1.355433e+03 1.198452e+03
1.2 1.321845e+03 1.322695e+03 1.355148e+03 1.354298e+03
2.2 1.461375e+03 1.351773e+03 1.357828e+03 1.467430e+03
3.2 1.450793e+03 1.368559e+03 1.360102e+03 1.442336e+03
4.2 1.422871e+03 1.373685e+03 1.358787e+03 1.407973e+03
5.2 1.413193e+03 1.363684e+03 1.356609e+03 1.406118e+03
6.2 1.395953e+03 1.306738e+03 1.355151e+03 1.444365e+03
7.2 1.433897e+03 1.292279e+03 1.354767e+03 1.496385e+03
8.2 1.397343e+03 1.322673e+03 1.357112e+03 1.431781e+03
9.2 1.361176e+03 1.352410e+03 1.359021e+03 1.367787e+03
10.2 1.420063e+03 1.368462e+03 1.357868e+03 1.409469e+03
11.2 1.398100e+03 1.376690e+03 1.356079e+03 1.377490e+03
12.2 1.392666e+03 1.376499e+03 1.354980e+03 1.371147e+03
13.2 1.336049e+03 1.370320e+03 1.354459e+03 1.320188e+03
14.2 1.381984e+03 1.356389e+03 1.354290e+03 1.379885e+03
15.2 1.365094e+03 1.350130e+03 1.354322e+03 1.369286e+03
16.2 1.372781e+03 1.354646e+03 1.354437e+03 1.372571e+03
17.2 1.396594e+03 1.360500e+03 1.354548e+03 1.390642e+03
0.1 1.395953e+03 1.306738e+03 1.355151e+03 1.444365e+03
1.1 1.433897e+03 1.292279e+03 1.354767e+03 1.496385e+03
2.1 1.397343e+03 1.322673e+03 1.357112e+03 1.431781e+03
3.1 1.361176e+03 1.352410e+03 1.359021e+03 1.367787e+03
4.1 1.420063e+03 1.368462e+03 1.357868e+03 1.409469e+03
5.1 1.398100e+03 1.376690e+03 1.356079e+03 1.377490e+03
6.1 1.392666e+03 1.376499e+03 1.354980e+03 1.371147e+03
7.1 1.336049e+03 1.370320e+03 1.354459e+03 1.320188e+03
8.1 1.381984e+03 1.356389e+03 1.354290e+03 1.379885e+03
9.1 1.365094e+03 1.350130e+03 1.354322e+03 1.369286e+03
10.1 1.372781e+03 1.354646e+03 1.354437e+03 1.372571e+03
11.1 1.396594e+03 1.360500e+03 1.354548e+03 1.390642e+03
12.1 1.386229e+03 1.364203e+03 1.354627e+03 1.376653e+03
13.1 1.458122e+03 1.364616e+03 1.354673e+03 1.448179e+03
14.1 1.397440e+03 1.356855e+03 1.354694e+03 1.395278e+03
15.1 1.365203e+03 1.352763e+03 1.354701e+03 1.367141e+03
16.1 1.380038e+03 1.357574e+03 1.354702e+03 1.377166e+03
17.1 1.354248e+03 1.363250e+03 1.354700e+03 1.345698e+03
0.8 1.360519e+03 1.361375e+03 1.354696e+03 1.353840e+03
1.8 1.430056e+03 1.367249e+03 1.356372e+03 1.419179e+03
2.8 1.398250e+03 1.371364e+03 1.359252e+03 1.386138e+03
3.8 1.431813e+03 1.358473e+03 1.358874e+03 1.432214e+03
4.8 1.302855e+03 1.301639e+03 1.356904e+03 1.358120e+03
5.8 1.297001e+03 1.290356e+03 1.355352e+03 1.361997e+03
6.8 1.278902e+03 1.319774e+03 1.354955e+03 1.314083e+03
7.8 1.356065e+03 1.349377e+03 1.357198e+03 1.363885e+03
8.8 1.341047e+03 1.365000e+03 1.358217e+03 1.334264e+03
9.8 1.320828e+03 1.370031e+03 1.356952e+03 1.307750e+03
10.8 1.359088e+03 1.369934e+03 1.355524e+03 1.344677e+03
11.8 1.357359e+03 1.369076e+03 1.355969e+03 1.344252e+03
12.8 1.352992e+03 1.369273e+03 1.358296e+03 1.342015e+03
13.8 1.408702e+03 1.367212e+03 1.358061e+03 1.399551e+03
14.8 1.328274e+03 1.365369e+03 1.356399e+03 1.319303e+03
15.8 1.349218e+03 1.366853e+03 1.355110e+03 1.337474e+03
16.8 1.367426e+03 1.366449e+03 1.355034e+03 1.356011e+03
17.8 1.369476e+03 1.366444e+03 1.357412e+03 1.360444e+03
0.2 1.297001e+03 1.290356e+03 1.355352e+03 1.361997e+03
1.2 1.278902e+03 1.319774e+03 1.354955e+03 1.314083e+03
2.2 1.356065e+03 1.349377e+03 1.357198e+03 1.363885e+03
3.2 1.341047e+03 1.365000e+03 1.358217e+03 1.334264e+03
4.2 1.320828e+03 1.370031e+03 1.356952e+03 1.307750e+03
5.2 1.359088e+03 1.369934e+03 1.355524e+03 1.344677e+03
6.2 1.357359e+03 1.369076e+03 1.355969e+03 1.344252e+03
7.2 1.352992e+03 1.369273e+03 1.358296e+03 1.342015e+03
8.2 1.408702e+03 1.367212e+03 1.358061e+03 1.399551e+03
9.2 1.328274e+03 1.365369e+03 1.356399e+03 1.319303e+03
10.2 1.349218e+03 1.366853e+03 1.355110e+03 1.337474e+03
11.2 1.367426e+03 1.366449e+03 1.355034e+03 1.356011e+03
12.2 1.369476e+03 1.366444e+03 1.357412e+03 1.360444e+03
13.2 1.337766e+03 1.365254e+03 1.358095e+03 1.330607e+03
14.2 1.341203e+03 1.363174e+03 1.356754e+03 1.334783e+03
15.2 1.358968e+03 1.364647e+03 1.355406e+03 1.349727e+03
16.2 1.315211e+03 1.365154e+03 1.354684e+03 1.304741e+03
17.2 1.461589e+03 1.363018e+03 1.354376e+03 1.452948e+03
0.6 1.359088e+03 1.369934e+03 1.355524e+03 1.344677e+03
1.6 1.357359e+03 1.369076e+03 1.355969e+03 1.344252e+03
2.6 1.352992e+03 1.369273e+03 1.358296e+03 1.342015e+03
3.6 1.408702e+03 1.367212e+03 1.358061e+03 1.399551e+03
4.6 1.328274e+03 1.365369e+03 1.356399e+03 1.319303e+03
5.6 1.349218e+03 1.366853e+03 1.355110e+03 1.337474e+03
6.6 1.367426e+03 1.366449e+03 1.355034e+03 1.356011e+03
7.6 1.369476e+03 1.366444e+03 1.357412e+03 1.360444e+03
8.6 1.337766e+03 1.365254e+03 1.358095e+03 1.330607e+03
9.6 1.341203e+03 1.363174e+03 1.356754e+03 1.334783e+03
10.6 1.358968e+03 1.364647e+03 1.355406e+03 1.349727e+03
11.6 1.315211e+03 1.365154e+03 1.354684e+03 1.304741e+03
12.6 1.461589e+03 1.363018e+03 1.354376e+03 1.452948e+03
13.6 1.349585e+03 1.361068e+03 1.354322e+03 1.342839e+03
14.6 1.326874e+03 1.360529e+03 1.354394e+03 1.320740e+03
15.6 1.346723e+03 1.360850e+03 1.354510e+03 1.340384e+03
16.6 1.336092e+03 1.360558e+03 1.354611e+03 1.330144e+03
17.6 1.335361e+03 1.356314e+03 1.354682e+03 1.333730e+03
0.3 1.349218e+03 1.366853e+03 1.355110e+03 1.337474e+03
1.3 1.367426e+03 1.366449e+03 1.355034e+03 1.356011e+03
2.3 1.369476e+03 1.366444e+03 1.357412e+03 1.360444e+03
3.3 1.337766e+03 1.365254e+03 1.358095e+03 1.330607e+03
4.3 1.341203e+03 1.363174e+03 1.356754e+03 1.334783e+03
5.3 1.358968e+03 1.364647e+03 1.355406e+03 1.349727e+03
6.3 1.315211e+03 1.365154e+03 1.354684e+03 1.304741e+03
7.3 1.461589e+03 1.363018e+03 1.354376e+03 1.452948e+03
8.3 1.349585e+03 1.361068e+03 1.354322e+03 1.342839e+03
9.3 1.326874e+03 1.360529e+03 1.354394e+03 1.320740e+03
10.3 1.346723e+03 1.360850e+03 1.354510e+03 1.340384e+03
11.3 1.336092e+03 1.360558e+03 1.354611e+03 1.330144e+03
12.3 1.335361e+03 1.356314e+03 1.354682e+03 1.333730e+03
13.3 1.396155e+03 1.350123e+03 1.354727e+03 1.400759e+03
14.3 1.327888e+03 1.351323e+03 1.354754e+03 1.331319e+03
15.3 1.367196e+03 1.355607e+03 1.354774e+03 1.366362e+03
16.3 1.355174e+03 1.358561e+03 1.354789e+03 1.351403e+03
17.3 1.329857e+03 1.359933e+03 1.354804e+03 1.324727e+03
0.9 1.332712e+03 1.360421e+03 1.354900e+03 1.327191e+03
1.9 1.413828e+03 1.362117e+03 1.356677e+03 1.408387e+03
2.9 1.358524e+03 1.363725e+03 1.358585e+03 1.353384e+03
3.9 1.380438e+03 1.362621e+03 1.357802e+03 1.375619e+03
4.9 1.310330e+03 1.360820e+03 1.356257e+03 1.305767e+03
5.9 1.263528e+03 1.359652e+03 1.355256e+03 1.259132e+03
6.9 1.314934e+03 1.359060e+03 1.354767e+03 1.310641e+03
7.9 1.305097e+03 1.359327e+03 1.355102e+03 1.300872e+03
8.9 1.303549e+03 1.361870e+03 1.357698e+03 1.299377e+03
9.9 1.338082e+03 1.362797e+03 1.358680e+03 1.333964e+03
10.9 1.354712e+03 1.361409e+03 1.357345e+03 1.350648e+03
11.9 1.345215e+03 1.359944e+03 1.355927e+03 1.341197e+03
12.9 1.354807e+03 1.358854e+03 1.355090e+03 1.351043e+03
13.9 1.357698e+03 1.353034e+03 1.354733e+03 1.359397e+03
14.9 1.355324e+03 1.345370e+03 1.354648e+03 1.364602e+03
15.9 1.317999e+03 1.347334e+03 1.354711e+03 1.325377e+03
16.9 1.333772e+03 1.352929e+03 1.354825e+03 1.335668e+03
17.9 1.316604e+03 1.357060e+03 1.354932e+03 1.314476e+03
0.3 1.314934e+03 1.359060e+03 1.354767e+03 1.310641e+03
1.3 1.305097e+03 1.359327e+03 1.355102e+03 1.300872e+03
2.3 1.303549e+03 1.361870e+03 1.357698e+03 1.299377e+03
3.3 1.338082e+03 1.362797e+03 1.358680e+03 1.333964e+03
4.3 1.354712e+03 1.361409e+03 1.357345e+03 1.350648e+03
5.3 1.345215e+03 1.359944e+03 1.355927e+03 1.341197e+03
6.3 1.354807e+03 1.358854e+03 1.355090e+03 1.351043e+03
7.3 1.357698e+03 1.353034e+03 1.354733e+03 1.359397e+03
8.3 1.355324e+03 1.345370e+03 1.354648e+03 1.364602e+03
9.3 1.317999e+03 1.347334e+03 1.354711e+03 1.325377e+03
10.3 1.333772e+03 1.352929e+03 1.354825e+03 1.335668e+03
11.3 1.316604e+03 1.357060e+03 1.354932e+03 1.314476e+03
12.3 1.332435e+03 1.359106e+03 1.355006e+03 1.328335e+03
13.3 1.360961e+03 1.359898e+03 1.355053e+03 1.356117e+03
14.3 1.328641e+03 1.360014e+03 1.355082e+03 1.323709e+03
15.3 1.357925e+03 1.360387e+03 1.355100e+03 1.352637e+03
16.3 1.329420e+03 1.360445e+03 1.355114e+03 1.324089e+03
17.3 1.319729e+03 1.356099e+03 1.355125e+03 1.318755e+03
0.1 1.337812e+03 1.351257e+03 1.355170e+03 1.341724e+03
1.1 1.370216e+03 1.354761e+03 1.355464e+03 1.370919e+03
2.1 1.380404e+03 1.358750e+03 1.357885e+03 1.379539e+03
3.1 1.355518e+03 1.360762e+03 1.359319e+03 1.354075e+03
4.1 1.344588e+03 1.359471e+03 1.358041e+03 1.343159e+03
5.1 1.394881e+03 1.357549e+03 1.356419e+03 1.393751e+03
6.1 1.418734e+03 1.356166e+03 1.355397e+03 1.417965e+03
7.1 1.349528e+03 1.355408e+03 1.354928e+03 1.349048e+03
8.1 1.385440e+03 1.355116e+03 1.354838e+03 1.385161e+03
9.1 1.362573e+03 1.356745e+03 1.356598e+03 1.362426e+03
10.1 1.335703e+03 1.358772e+03 1.358711e+03 1.335642e+03
11.1 1.366364e+03 1.358082e+03 1.358084e+03 1.366366e+03
12.1 1.373930e+03 1.356527e+03 1.356579e+03 1.373982e+03
13.1 1.395554e+03 1.355442e+03 1.355536e+03 1.395648e+03
14.1 1.297657e+03 1.354874e+03 1.355003e+03 1.297786e+03
15.1 1.344754e+03 1.354734e+03 1.354814e+03 1.344834e+03
16.1 1.358993e+03 1.355405e+03 1.354814e+03 1.358403e+03
17.1 1.347081e+03 1.355910e+03 1.354900e+03 1.346070e+03
0.8 1.385440e+03 1.355116e+03 1.354838e+03 1.385161e+03
1.8 1.362573e+03 1.356745e+03 1.356598e+03 1.362426e+03
2.8 1.335703e+03 1.358772e+03 1.358711e+03 1.335642e+03
3.8 1.366364e+03 1.358082e+03 1.358084e+03 1.366366e+03
4.8 1.373930e+03 1.356527e+03 1.356579e+03 1.373982e+03
5.8 1.395554e+03 1.355442e+03 1.355536e+03 1.395648e+03
6.8 1.297657e+03 1.354874e+03 1.355003e+03 1.297786e+03
7.8 1.344754e+03 1.354734e+03 1.354814e+03 1.344834e+03
8.8 1.358993e+03 1.355405e+03 1.354814e+03 1.358403e+03
9.8 1.347081e+03 1.355910e+03 1.354900e+03 1.346070e+03
10.8 1.347530e+03 1.356854e+03 1.354997e+03 1.345674e+03
11.8 1.385764e+03 1.385213e+03 1.355074e+03 1.355625e+03
12.8 1.390630e+03 1.406139e+03 1.355121e+03 1.339612e+03
13.8 1.411526e+03 1.391323e+03 1.355148e+03 1.375351e+03
14.8 1.386919e+03 1.366897e+03 1.355163e+03 1.375184e+03
15.8 1.322898e+03 1.346025e+03 1.355172e+03 1.332044e+03
16.8 1.357460e+03 1.340457e+03 1.355179e+03 1.372182e+03
17.8 1.322263e+03 1.343977e+03 1.355186e+03 1.333472e+03
0.6 1.361070e+03 1.347818e+03 1.355258e+03 1.368509e+03
1.6 1.348985e+03 1.352934e+03 1.356457e+03 1.352508e+03
2.6 1.293635e+03 1.357732e+03 1.358491e+03 1.294393e+03
3.6 1.363114e+03 1.358746e+03 1.358109e+03 1.362476e+03
4.6 1.387423e+03 1.357945e+03 1.356716e+03 1.386194e+03
5.6 1.331729e+03 1.357064e+03 1.355734e+03 1.330399e+03
6.6 1.348872e+03 1.356455e+03 1.355235e+03 1.347653e+03
7.6 1.344636e+03 1.356121e+03 1.355043e+03 1.343558e+03
8.6 1.336226e+03 1.356280e+03 1.355037e+03 1.334982e+03
9.6 1.363036e+03 1.357248e+03 1.355118e+03 1.360905e+03
10.6 1.329164e+03 1.357662e+03 1.355214e+03 1.326716e+03
11.6 1.337865e+03 1.357338e+03 1.355292e+03 1.335818e+03
12.6 1.325303e+03 1.356978e+03 1.355347e+03 1.323672e+03
13.6 1.315627e+03 1.356849e+03 1.355383e+03 1.314161e+03
14.6 1.309351e+03 1.356886e+03 1.355407e+03 1.307872e+03
15.6 1.352870e+03 1.357023e+03 1.355426e+03 1.351274e+03
16.6 1.315818e+03 1.357264e+03 1.355443e+03 1.313997e+03
17.6 1.429833e+03 1.358138e+03 1.355460e+03 1.427155e+03
