9.596180e+03 9.615021e+03 9.585157e+03 9.626044e+03
9.706495e+03 9.616986e+03 9.583904e+03 9.739577e+03
9.691895e+03 9.619049e+03 9.582750e+03 9.728194e+03
9.613975e+03 9.651503e+03 9.612098e+03 9.653379e+03
9.876349e+03 9.766666e+03 9.724247e+03 9.918767e+03
9.709268e+03 9.802196e+03 9.761268e+03 9.750195e+03
9.726372e+03 9.738703e+03 9.774850e+03 9.690225e+03
9.740223e+03 9.672375e+03 9.760773e+03 9.651825e+03
9.609070e+03 9.637750e+03 9.682221e+03 9.564599e+03
9.738759e+03 9.683575e+03 9.670656e+03 9.751679e+03
9.780439e+03 9.799104e+03 9.749055e+03 9.830488e+03
9.626521e+03 9.799051e+03 9.730642e+03 9.694931e+03
9.568246e+03 9.725314e+03 9.650177e+03 9.643383e+03
9.539069e+03 9.667443e+03 9.628228e+03 9.578285e+03
9.650912e+03 9.637950e+03 9.638939e+03 9.649923e+03
9.712098e+03 9.668006e+03 9.652531e+03 9.727572e+03
9.774116e+03 9.772553e+03 9.725911e+03 9.820758e+03
9.734609e+03 9.784637e+03 9.716318e+03 9.802928e+03
9.592445e+03 9.726303e+03 9.671815e+03 9.646934e+03
9.680441e+03 9.676320e+03 9.711749e+03 9.645012e+03
9.723304e+03 9.649485e+03 9.703954e+03 9.668836e+03
9.603220e+03 9.639648e+03 9.734917e+03 9.507950e+03
9.806102e+03 9.639268e+03 9.766235e+03 9.679134e+03
9.678850e+03 9.643697e+03 9.702255e+03 9.620292e+03
9.650246e+03 9.649341e+03 9.678641e+03 9.620946e+03
9.713967e+03 9.654332e+03 9.675439e+03 9.692860e+03
9.563016e+03 9.657943e+03 9.629263e+03 9.591696e+03
9.655521e+03 9.660495e+03 9.640985e+03 9.675030e+03
9.715632e+03 9.662325e+03 9.702979e+03 9.674978e+03
9.582147e+03 9.663781e+03 9.701711e+03 9.544217e+03
9.662323e+03 9.665044e+03 9.738717e+03 9.588651e+03
9.691697e+03 9.666199e+03 9.712440e+03 9.645456e+03
9.796659e+03 9.667292e+03 9.652730e+03 9.811221e+03
9.712856e+03 9.668329e+03 9.697891e+03 9.683295e+03
9.728265e+03 9.669321e+03 9.749816e+03 9.647770e+03
9.697337e+03 9.670272e+03 9.696430e+03 9.671179e+03
9.563348e+03 9.671180e+03 9.639369e+03 9.595159e+03
9.679118e+03 9.672047e+03 9.690338e+03 9.660827e+03
9.681862e+03 9.672872e+03 9.703535e+03 9.651200e+03
9.785002e+03 9.673657e+03 9.732640e+03 9.726019e+03
9.729024e+03 9.674402e+03 9.748002e+03 9.655425e+03
9.731643e+03 9.675107e+03 9.724137e+03 9.682612e+03
9.750156e+03 9.675773e+03 9.717978e+03 9.707951e+03
9.711071e+03 9.676400e+03 9.663478e+03 9.723993e+03
9.615429e+03 9.676990e+03 9.634937e+03 9.657481e+03
9.773616e+03 9.677542e+03 9.724905e+03 9.726253e+03
9.726851e+03 9.678058e+03 9.760251e+03 9.644658e+03
9.649541e+03 9.678539e+03 9.690839e+03 9.637241e+03
9.570190e+03 9.678984e+03 9.619744e+03 9.629431e+03
9.564324e+03 9.679394e+03 9.580156e+03 9.663563e+03
9.590930e+03 9.679757e+03 9.580872e+03 9.689814e+03
9.685820e+03 9.680074e+03 9.677957e+03 9.687937e+03
9.810678e+03 9.680363e+03 9.730883e+03 9.760157e+03
9.760981e+03 9.680629e+03 9.738954e+03 9.702656e+03
9.667176e+03 9.680870e+03 9.743882e+03 9.604164e+03
9.662363e+03 9.681084e+03 9.683508e+03 9.659939e+03
9.592418e+03 9.681271e+03 9.658514e+03 9.615175e+03
9.686168e+03 9.681430e+03 9.728294e+03 9.639304e+03
9.623054e+03 9.681562e+03 9.722549e+03 9.582067e+03
9.596821e+03 9.681668e+03 9.656813e+03 9.621676e+03
9.558925e+03 9.681748e+03 9.603869e+03 9.636804e+03
9.526765e+03 9.681805e+03 9.581971e+03 9.626599e+03
9.582793e+03 9.681838e+03 9.641992e+03 9.622639e+03
9.779696e+03 9.681850e+03 9.717217e+03 9.744329e+03
9.687562e+03 9.681841e+03 9.694055e+03 9.675347e+03
9.585245e+03 9.681812e+03 9.640339e+03 9.626718e+03
9.702294e+03 9.681764e+03 9.659132e+03 9.724926e+03
9.750248e+03 9.681699e+03 9.688570e+03 9.743377e+03
9.686252e+03 9.681613e+03 9.655239e+03 9.712626e+03
9.650493e+03 9.681496e+03 9.614387e+03 9.717603e+03
9.648064e+03 9.681360e+03 9.592852e+03 9.736572e+03
9.802276e+03 9.681215e+03 9.639897e+03 9.843595e+03
9.841077e+03 9.681065e+03 9.734260e+03 9.787882e+03
9.810284e+03 9.680906e+03 9.745603e+03 9.745587e+03
9.722743e+03 9.680738e+03 9.779085e+03 9.624396e+03
9.791168e+03 9.680562e+03 9.746248e+03 9.725481e+03
9.686658e+03 9.680376e+03 9.681232e+03 9.685803e+03
9.735551e+03 9.680182e+03 9.707745e+03 9.707988e+03
9.683062e+03 9.679985e+03 9.715991e+03 9.647056e+03
9.587493e+03 9.679800e+03 9.663086e+03 9.604207e+03
9.574937e+03 9.679612e+03 9.613450e+03 9.641098e+03
9.713746e+03 9.679405e+03 9.630573e+03 9.762579e+03
9.785024e+03 9.679182e+03 9.711534e+03 9.752673e+03
9.811107e+03 9.678951e+03 9.706936e+03 9.783122e+03
9.700623e+03 9.678725e+03 9.676454e+03 9.702894e+03
9.678502e+03 9.678517e+03 9.709107e+03 9.647911e+03
9.697962e+03 9.678305e+03 9.709380e+03 9.666887e+03
9.797929e+03 9.678079e+03 9.744158e+03 9.731850e+03
9.733014e+03 9.677844e+03 9.731576e+03 9.679282e+03
9.582832e+03 9.677606e+03 9.674841e+03 9.585598e+03
9.669061e+03 9.677377e+03 9.692152e+03 9.654285e+03
9.685091e+03 9.677168e+03 9.696592e+03 9.665667e+03
9.602181e+03 9.676963e+03 9.650518e+03 9.628625e+03
9.634879e+03 9.680142e+03 9.614155e+03 9.700867e+03
9.679295e+03 9.751414e+03 9.666273e+03 9.764436e+03
9.747945e+03 9.856007e+03 9.765004e+03 9.838948e+03
9.744198e+03 9.834921e+03 9.745043e+03 9.834076e+03
9.791446e+03 9.757220e+03 9.700354e+03 9.848312e+03
9.708863e+03 9.700937e+03 9.694279e+03 9.715522e+03
9.653120e+03 9.671643e+03 9.669368e+03 9.655395e+03
9.706824e+03 9.659852e+03 9.678092e+03 9.688584e+03
9.680886e+03 9.658617e+03 9.682058e+03 9.657445e+03
9.678005e+03 9.662250e+03 9.647515e+03 9.692740e+03
9.684967e+03 9.666716e+03 9.616030e+03 9.735653e+03
9.754146e+03 9.670201e+03 9.656121e+03 9.768227e+03
9.783699e+03 9.672367e+03 9.712353e+03 9.743713e+03
9.687955e+03 9.673416e+03 9.685809e+03 9.675562e+03
9.555954e+03 9.673852e+03 9.636777e+03 9.593029e+03
9.625987e+03 9.673963e+03 9.606275e+03 9.693675e+03
9.610754e+03 9.673941e+03 9.592151e+03 9.692544e+03
9.551973e+03 9.673870e+03 9.604435e+03 9.621407e+03
9.719102e+03 9.673787e+03 9.690847e+03 9.702042e+03
9.681081e+03 9.673700e+03 9.723259e+03 9.631521e+03
9.577930e+03 9.673617e+03 9.678592e+03 9.572955e+03
9.601734e+03 9.673527e+03 9.630981e+03 9.644281e+03
9.561694e+03 9.673430e+03 9.605139e+03 9.629985e+03
9.659818e+03 9.673344e+03 9.657587e+03 9.675576e+03
9.759510e+03 9.673273e+03 9.744395e+03 9.688388e+03
9.801002e+03 9.673215e+03 9.722682e+03 9.751535e+03
9.698234e+03 9.673167e+03 9.659734e+03 9.711667e+03
9.608178e+03 9.673126e+03 9.613990e+03 9.667314e+03
9.652770e+03 9.673092e+03 9.591736e+03 9.734125e+03
9.606823e+03 9.673063e+03 9.583269e+03 9.696617e+03
9.575363e+03 9.683821e+03 9.593771e+03 9.665413e+03
9.659292e+03 9.775475e+03 9.688752e+03 9.746015e+03
9.751519e+03 9.838106e+03 9.755602e+03 9.834022e+03
9.827000e+03 9.791533e+03 9.741136e+03 9.877397e+03
9.743013e+03 9.725023e+03 9.722977e+03 9.745059e+03
9.641364e+03 9.684270e+03 9.700079e+03 9.625555e+03
9.779987e+03 9.664717e+03 9.762862e+03 9.681843e+03
9.788579e+03 9.658163e+03 9.775780e+03 9.670963e+03
9.697755e+03 9.659084e+03 9.758906e+03 9.597933e+03
9.723533e+03 9.663014e+03 9.732129e+03 9.654418e+03
9.631394e+03 9.666924e+03 9.718315e+03 9.580003e+03
9.714114e+03 9.669739e+03 9.760445e+03 9.623408e+03
9.781899e+03 9.671421e+03 9.737173e+03 9.716148e+03
9.746439e+03 9.672224e+03 9.744687e+03 9.673976e+03
9.757216e+03 9.672557e+03 9.717494e+03 9.712279e+03
9.694409e+03 9.672661e+03 9.685772e+03 9.681298e+03
9.667472e+03 9.672680e+03 9.685498e+03 9.654653e+03
9.641835e+03 9.672668e+03 9.656185e+03 9.658317e+03
9.628588e+03 9.672650e+03 9.615174e+03 9.686064e+03
9.562954e+03 9.693824e+03 9.610688e+03 9.646090e+03
9.684736e+03 9.776487e+03 9.684348e+03 9.776875e+03
9.770144e+03 9.791643e+03 9.700714e+03 9.861073e+03
9.758122e+03 9.742891e+03 9.725017e+03 9.775996e+03
9.802259e+03 9.699076e+03 9.753880e+03 9.747455e+03
9.744226e+03 9.674076e+03 9.743989e+03 9.674313e+03
9.735750e+03 9.663424e+03 9.765658e+03 9.633516e+03
9.732223e+03 9.660818e+03 9.720154e+03 9.672886e+03
9.614188e+03 9.662495e+03 9.646391e+03 9.630291e+03
9.485451e+03 9.665439e+03 9.603865e+03 9.547026e+03
9.614285e+03 9.668056e+03 9.660906e+03 9.621435e+03
9.701468e+03 9.669674e+03 9.754098e+03 9.617043e+03
9.781484e+03 9.670482e+03 9.732672e+03 9.719294e+03
9.790860e+03 9.670773e+03 9.666270e+03 9.795363e+03
9.748337e+03 9.670765e+03 9.686666e+03 9.732436e+03
9.751268e+03 9.670618e+03 9.711311e+03 9.710575e+03
9.739481e+03 9.670402e+03 9.721851e+03 9.688032e+03
9.779830e+03 9.670150e+03 9.758454e+03 9.691526e+03
9.659009e+03 9.669871e+03 9.716083e+03 9.612797e+03
9.615547e+03 9.669571e+03 9.648782e+03 9.636336e+03
9.499443e+03 9.669252e+03 9.614482e+03 9.554214e+03
9.623201e+03 9.668915e+03 9.676423e+03 9.615692e+03
9.722767e+03 9.668558e+03 9.719877e+03 9.671447e+03
9.699062e+03 9.668181e+03 9.680643e+03 9.686600e+03
9.597007e+03 9.667786e+03 9.632445e+03 9.632347e+03
9.522863e+03 9.667371e+03 9.603949e+03 9.586285e+03
9.631830e+03 9.666936e+03 9.592283e+03 9.706483e+03
9.602581e+03 9.666492e+03 9.591771e+03 9.677302e+03
9.606937e+03 9.666041e+03 9.651655e+03 9.621322e+03
9.636384e+03 9.665564e+03 9.722652e+03 9.579295e+03
9.728557e+03 9.665055e+03 9.702513e+03 9.691099e+03
9.735278e+03 9.664520e+03 9.653121e+03 9.746677e+03
9.586795e+03 9.663963e+03 9.618959e+03 9.631799e+03
9.594806e+03 9.663388e+03 9.601692e+03 9.656501e+03
9.668685e+03 9.673578e+03 9.606577e+03 9.735686e+03
9.700058e+03 9.767475e+03 9.701448e+03 9.766085e+03
9.793447e+03 9.826665e+03 9.764429e+03 9.855683e+03
9.782660e+03 9.779462e+03 9.724695e+03 9.837428e+03
9.786204e+03 9.712310e+03 9.739625e+03 9.758889e+03
9.766249e+03 9.670917e+03 9.758571e+03 9.678595e+03
9.704777e+03 9.650424e+03 9.700898e+03 9.654303e+03
9.754173e+03 9.643489e+03 9.690632e+03 9.707030e+03
9.788813e+03 9.643710e+03 9.756248e+03 9.676276e+03
9.748321e+03 9.646919e+03 9.737017e+03 9.658224e+03
9.667021e+03 9.650091e+03 9.670484e+03 9.646627e+03
9.555438e+03 9.657869e+03 9.627468e+03 9.585839e+03
9.684552e+03 9.736375e+03 9.683243e+03 9.737684e+03
9.700313e+03 9.807031e+03 9.747207e+03 9.760137e+03
9.686275e+03 9.770272e+03 9.712892e+03 9.743656e+03
9.645100e+03 9.707466e+03 9.690167e+03 9.662398e+03
9.728222e+03 9.664837e+03 9.695394e+03 9.697664e+03
9.633826e+03 9.644146e+03 9.664057e+03 9.613915e+03
9.592526e+03 9.636275e+03 9.667264e+03 9.561538e+03
9.673460e+03 9.635750e+03 9.714382e+03 9.594827e+03
9.599253e+03 9.638352e+03 9.695141e+03 9.542464e+03
9.642964e+03 9.641328e+03 9.649023e+03 9.635268e+03
9.613532e+03 9.643230e+03 9.619195e+03 9.637567e+03
9.653593e+03 9.644001e+03 9.605832e+03 9.691762e+03
9.588146e+03 9.644098e+03 9.602227e+03 9.630018e+03
9.593732e+03 9.676099e+03 9.636158e+03 9.633674e+03
9.710186e+03 9.795857e+03 9.760137e+03 9.745905e+03
9.785664e+03 9.829965e+03 9.798505e+03 9.817123e+03
9.779260e+03 9.761102e+03 9.733045e+03 9.807318e+03
9.655320e+03 9.687591e+03 9.662013e+03 9.680899e+03
9.651337e+03 9.645501e+03 9.621678e+03 9.675160e+03
9.690248e+03 9.625706e+03 9.603257e+03 9.712698e+03
9.702678e+03 9.620009e+03 9.598730e+03 9.723957e+03
9.740717e+03 9.628558e+03 9.608324e+03 9.760951e+03
9.704450e+03 9.723602e+03 9.704382e+03 9.723670e+03
9.779394e+03 9.825432e+03 9.807265e+03 9.797560e+03
9.809900e+03 9.793035e+03 9.800930e+03 9.802005e+03
9.764099e+03 9.712713e+03 9.770346e+03 9.706465e+03
9.644263e+03 9.655204e+03 9.707165e+03 9.592301e+03
9.592290e+03 9.625033e+03 9.645359e+03 9.571964e+03
9.607661e+03 9.613606e+03 9.611372e+03 9.609895e+03
