1.035474e+04 1.028963e+04 1.030057e+04 1.034380e+04
1.029677e+04 1.028954e+04 1.029994e+04 1.028637e+04
1.035346e+04 1.028944e+04 1.029928e+04 1.034362e+04
1.015629e+04 1.028934e+04 1.029462e+04 1.015101e+04
1.026218e+04 1.028923e+04 1.027911e+04 1.027230e+04
1.024817e+04 1.028935e+04 1.027364e+04 1.026388e+04
1.024679e+04 1.029306e+04 1.027399e+04 1.026586e+04
1.030150e+04 1.029560e+04 1.027710e+04 1.032001e+04
1.028427e+04 1.029357e+04 1.028524e+04 1.029259e+04
1.018637e+04 1.029089e+04 1.028413e+04 1.019313e+04
1.029693e+04 1.028918e+04 1.027196e+04 1.031415e+04
1.024096e+04 1.028837e+04 1.027320e+04 1.025613e+04
1.023864e+04 1.028837e+04 1.028372e+04 1.024330e+04
1.030993e+04 1.030077e+04 1.031576e+04 1.029493e+04
1.026893e+04 1.031389e+04 1.034509e+04 1.023773e+04
1.036235e+04 1.030814e+04 1.032885e+04 1.034164e+04
1.033587e+04 1.029777e+04 1.029379e+04 1.033985e+04
1.029609e+04 1.029080e+04 1.027784e+04 1.030906e+04
1.031765e+04 1.028868e+04 1.027618e+04 1.033015e+04
1.031275e+04 1.029200e+04 1.027109e+04 1.033367e+04
1.019424e+04 1.029250e+04 1.027397e+04 1.021278e+04
1.029100e+04 1.029045e+04 1.028491e+04 1.029654e+04
1.038542e+04 1.028880e+04 1.029354e+04 1.038069e+04
1.037096e+04 1.028806e+04 1.029518e+04 1.036384e+04
1.033931e+04 1.028783e+04 1.030741e+04 1.031973e+04
1.040361e+04 1.028789e+04 1.031664e+04 1.037486e+04
1.037226e+04 1.028808e+04 1.030797e+04 1.035237e+04
1.037416e+04 1.028831e+04 1.029533e+04 1.036714e+04
1.034308e+04 1.028849e+04 1.028674e+04 1.034482e+04
1.035223e+04 1.029302e+04 1.029252e+04 1.035274e+04
1.038061e+04 1.031311e+04 1.033250e+04 1.036122e+04
1.043560e+04 1.031594e+04 1.033891e+04 1.041264e+04
1.026709e+04 1.030453e+04 1.031664e+04 1.025498e+04
1.021953e+04 1.029470e+04 1.029564e+04 1.021859e+04
1.024590e+04 1.028930e+04 1.028360e+04 1.025161e+04
1.027223e+04 1.028694e+04 1.027976e+04 1.027941e+04
1.025506e+04 1.028985e+04 1.028689e+04 1.025801e+04
1.027391e+04 1.031017e+04 1.032833e+04 1.025575e+04
1.031086e+04 1.031541e+04 1.033888e+04 1.028738e+04
1.032035e+04 1.030529e+04 1.031696e+04 1.030867e+04
1.028612e+04 1.029525e+04 1.029548e+04 1.028589e+04
1.030350e+04 1.029010e+04 1.028448e+04 1.030912e+04
1.024504e+04 1.028817e+04 1.027960e+04 1.025362e+04
1.030890e+04 1.028752e+04 1.027937e+04 1.031705e+04
1.024327e+04 1.028762e+04 1.028225e+04 1.024864e+04
1.027779e+04 1.028815e+04 1.028870e+04 1.027724e+04
1.032835e+04 1.028871e+04 1.029184e+04 1.032523e+04
1.031803e+04 1.028915e+04 1.029024e+04 1.031694e+04
1.029305e+04 1.028943e+04 1.028793e+04 1.029455e+04
1.031957e+04 1.028961e+04 1.028646e+04 1.032272e+04
1.026487e+04 1.028973e+04 1.028636e+04 1.026824e+04
1.030632e+04 1.028982e+04 1.028974e+04 1.030639e+04
1.027107e+04 1.028988e+04 1.029159e+04 1.026936e+04
1.030400e+04 1.028993e+04 1.029215e+04 1.030178e+04
1.022191e+04 1.028998e+04 1.029266e+04 1.021923e+04
1.029839e+04 1.029002e+04 1.029041e+04 1.029799e+04
1.027008e+04 1.029006e+04 1.028932e+04 1.027082e+04
1.022641e+04 1.029010e+04 1.029169e+04 1.022482e+04
1.028471e+04 1.029013e+04 1.029146e+04 1.028339e+04
1.030144e+04 1.029017e+04 1.028915e+04 1.030246e+04
1.024912e+04 1.029020e+04 1.028733e+04 1.025200e+04
1.028166e+04 1.029024e+04 1.028664e+04 1.028526e+04
1.031350e+04 1.029027e+04 1.028887e+04 1.031489e+04
1.029496e+04 1.029030e+04 1.029165e+04 1.029361e+04
1.024980e+04 1.029032e+04 1.029092e+04 1.024921e+04
1.019394e+04 1.029035e+04 1.028955e+04 1.019473e+04
1.031998e+04 1.029037e+04 1.030209e+04 1.030826e+04
1.025704e+04 1.029039e+04 1.031330e+04 1.023413e+04
1.029390e+04 1.029041e+04 1.030632e+04 1.027800e+04
1.030085e+04 1.029043e+04 1.029608e+04 1.029520e+04
1.027099e+04 1.029045e+04 1.028955e+04 1.027189e+04
1.024818e+04 1.029047e+04 1.028557e+04 1.025308e+04
1.032821e+04 1.029048e+04 1.028285e+04 1.033584e+04
1.026619e+04 1.029490e+04 1.029219e+04 1.026890e+04
1.028360e+04 1.031452e+04 1.033342e+04 1.026470e+04
1.035658e+04 1.031768e+04 1.034148e+04 1.033278e+04
1.034933e+04 1.030652e+04 1.031997e+04 1.033588e+04
1.035029e+04 1.029635e+04 1.029857e+04 1.034806e+04
1.027346e+04 1.029091e+04 1.028728e+04 1.027709e+04
1.034089e+04 1.028854e+04 1.028351e+04 1.034591e+04
1.037677e+04 1.028799e+04 1.028347e+04 1.038129e+04
1.028401e+04 1.028842e+04 1.028416e+04 1.028827e+04
1.031555e+04 1.028915e+04 1.028424e+04 1.032046e+04
1.030281e+04 1.028977e+04 1.028574e+04 1.030684e+04
1.030314e+04 1.029036e+04 1.028739e+04 1.030611e+04
1.030628e+04 1.029118e+04 1.028763e+04 1.030983e+04
1.027446e+04 1.029131e+04 1.028797e+04 1.027780e+04
1.027043e+04 1.029101e+04 1.028735e+04 1.027409e+04
1.027386e+04 1.029076e+04 1.028762e+04 1.027700e+04
1.028775e+04 1.029068e+04 1.028881e+04 1.028962e+04
1.029977e+04 1.029118e+04 1.028883e+04 1.030212e+04
1.033036e+04 1.029141e+04 1.028896e+04 1.033282e+04
1.026347e+04 1.029114e+04 1.028982e+04 1.026479e+04
1.035139e+04 1.029085e+04 1.029010e+04 1.035214e+04
1.029018e+04 1.029068e+04 1.028111e+04 1.029976e+04
1.025669e+04 1.029062e+04 1.026752e+04 1.027978e+04
1.028056e+04 1.029067e+04 1.027044e+04 1.030078e+04
1.033624e+04 1.030039e+04 1.030003e+04 1.033659e+04
1.037234e+04 1.031571e+04 1.033798e+04 1.035007e+04
1.030621e+04 1.031230e+04 1.032938e+04 1.028912e+04
1.029391e+04 1.030147e+04 1.028446e+04 1.031092e+04
1.024983e+04 1.029397e+04 1.025668e+04 1.028712e+04
1.025662e+04 1.029008e+04 1.026162e+04 1.028508e+04
1.027634e+04 1.028863e+04 1.027494e+04 1.029003e+04
1.027101e+04 1.028853e+04 1.028373e+04 1.027581e+04
1.029370e+04 1.028908e+04 1.028842e+04 1.029435e+04
1.027688e+04 1.028973e+04 1.029164e+04 1.027497e+04
1.032252e+04 1.029025e+04 1.029329e+04 1.031947e+04
1.028297e+04 1.029056e+04 1.029351e+04 1.028002e+04
1.027221e+04 1.029073e+04 1.029315e+04 1.026980e+04
1.024442e+04 1.029082e+04 1.029237e+04 1.024287e+04
1.027299e+04 1.029087e+04 1.029038e+04 1.027348e+04
1.030556e+04 1.029090e+04 1.028960e+04 1.030685e+04
1.026173e+04 1.029093e+04 1.029042e+04 1.026224e+04
1.031873e+04 1.029095e+04 1.029134e+04 1.031833e+04
1.028573e+04 1.029097e+04 1.029200e+04 1.028469e+04
1.032017e+04 1.029099e+04 1.029458e+04 1.031657e+04
1.028102e+04 1.029100e+04 1.029789e+04 1.027413e+04
1.029076e+04 1.029102e+04 1.029705e+04 1.028473e+04
1.033203e+04 1.029104e+04 1.029465e+04 1.032842e+04
1.028586e+04 1.029105e+04 1.029288e+04 1.028404e+04
1.030085e+04 1.029107e+04 1.029200e+04 1.029992e+04
1.026452e+04 1.029110e+04 1.029167e+04 1.026395e+04
1.025389e+04 1.029112e+04 1.029025e+04 1.025476e+04
1.030886e+04 1.029114e+04 1.027836e+04 1.032164e+04
1.027620e+04 1.029124e+04 1.027047e+04 1.029697e+04
1.034970e+04 1.030094e+04 1.029608e+04 1.035456e+04
1.036956e+04 1.031640e+04 1.033579e+04 1.035017e+04
1.035248e+04 1.031260e+04 1.033456e+04 1.033052e+04
1.026314e+04 1.030201e+04 1.032003e+04 1.024512e+04
1.029774e+04 1.029438e+04 1.030775e+04 1.028437e+04
1.023017e+04 1.029064e+04 1.031234e+04 1.020846e+04
1.030079e+04 1.028919e+04 1.031719e+04 1.027278e+04
1.027339e+04 1.028912e+04 1.030956e+04 1.025295e+04
1.028091e+04 1.028966e+04 1.030283e+04 1.026775e+04
1.032367e+04 1.029034e+04 1.029746e+04 1.031655e+04
1.025787e+04 1.029085e+04 1.029638e+04 1.025234e+04
1.031850e+04 1.029118e+04 1.029387e+04 1.031581e+04
1.030058e+04 1.029135e+04 1.027496e+04 1.031697e+04
1.026821e+04 1.029144e+04 1.025038e+04 1.030927e+04
1.025099e+04 1.029149e+04 1.025365e+04 1.028883e+04
1.026289e+04 1.029152e+04 1.027135e+04 1.028306e+04
1.023433e+04 1.029155e+04 1.028282e+04 1.024306e+04
1.030726e+04 1.029157e+04 1.027942e+04 1.031941e+04
1.030558e+04 1.029166e+04 1.028040e+04 1.031684e+04
1.028351e+04 1.029499e+04 1.028073e+04 1.029778e+04
1.032132e+04 1.029824e+04 1.027931e+04 1.034025e+04
1.032420e+04 1.029666e+04 1.028635e+04 1.033451e+04
1.026598e+04 1.029400e+04 1.029535e+04 1.026463e+04
1.032305e+04 1.029226e+04 1.029839e+04 1.031692e+04
1.031330e+04 1.029140e+04 1.029758e+04 1.030713e+04
1.032833e+04 1.029112e+04 1.029625e+04 1.032319e+04
1.025591e+04 1.029113e+04 1.029775e+04 1.024929e+04
1.030188e+04 1.029129e+04 1.030037e+04 1.029279e+04
1.028579e+04 1.029145e+04 1.029902e+04 1.027822e+04
1.030812e+04 1.029157e+04 1.029627e+04 1.030342e+04
1.025991e+04 1.029164e+04 1.029714e+04 1.025440e+04
1.033264e+04 1.029167e+04 1.029816e+04 1.032615e+04
1.033237e+04 1.029168e+04 1.029832e+04 1.032573e+04
1.031522e+04 1.029168e+04 1.029937e+04 1.030753e+04
1.029862e+04 1.029167e+04 1.029770e+04 1.029259e+04
1.032744e+04 1.029166e+04 1.029523e+04 1.032387e+04
1.025240e+04 1.029165e+04 1.029343e+04 1.025062e+04
1.029213e+04 1.029163e+04 1.029122e+04 1.029254e+04
1.029265e+04 1.029161e+04 1.029016e+04 1.029410e+04
1.033797e+04 1.029159e+04 1.029109e+04 1.033847e+04
1.024668e+04 1.029157e+04 1.029232e+04 1.024592e+04
1.022069e+04 1.029154e+04 1.029316e+04 1.021908e+04
1.028537e+04 1.029151e+04 1.029358e+04 1.028330e+04
1.027289e+04 1.029148e+04 1.029370e+04 1.027068e+04
1.021120e+04 1.029145e+04 1.029259e+04 1.021006e+04
1.025543e+04 1.029141e+04 1.029123e+04 1.025560e+04
1.025448e+04 1.029137e+04 1.029163e+04 1.025423e+04
1.028990e+04 1.029133e+04 1.029258e+04 1.028865e+04
1.026784e+04 1.029129e+04 1.029323e+04 1.026590e+04
1.030007e+04 1.029124e+04 1.029355e+04 1.029777e+04
1.030189e+04 1.029119e+04 1.029222e+04 1.030087e+04
1.024881e+04 1.029114e+04 1.027978e+04 1.026018e+04
1.029220e+04 1.029109e+04 1.027183e+04 1.031145e+04
1.028305e+04 1.029118e+04 1.027753e+04 1.029671e+04
1.029135e+04 1.029486e+04 1.027868e+04 1.030753e+04
1.026742e+04 1.029756e+04 1.027844e+04 1.028654e+04
1.029615e+04 1.029559e+04 1.028480e+04 1.030694e+04
1.027786e+04 1.029290e+04 1.029260e+04 1.027816e+04
1.024463e+04 1.029118e+04 1.029922e+04 1.023659e+04
1.036530e+04 1.029031e+04 1.030000e+04 1.035560e+04
1.032991e+04 1.028997e+04 1.029760e+04 1.032228e+04
1.028407e+04 1.028993e+04 1.029446e+04 1.027954e+04
1.029080e+04 1.029000e+04 1.028271e+04 1.029810e+04
1.025350e+04 1.029008e+04 1.027254e+04 1.027104e+04
1.028398e+04 1.029031e+04 1.027727e+04 1.029702e+04
1.030001e+04 1.030179e+04 1.030830e+04 1.029350e+04
1.033567e+04 1.031566e+04 1.034160e+04 1.030973e+04
1.037144e+04 1.031030e+04 1.033361e+04 1.034812e+04
1.032176e+04 1.029968e+04 1.031267e+04 1.030878e+04
1.028410e+04 1.029236e+04 1.029678e+04 1.027968e+04
1.027830e+04 1.028878e+04 1.028951e+04 1.027757e+04
1.026994e+04 1.028738e+04 1.028719e+04 1.027013e+04
1.027445e+04 1.028727e+04 1.028733e+04 1.027440e+04
1.032542e+04 1.028772e+04 1.028840e+04 1.032473e+04
1.031177e+04 1.028824e+04 1.028953e+04 1.031048e+04
1.025837e+04 1.028860e+04 1.028600e+04 1.026096e+04
1.029222e+04 1.028876e+04 1.027052e+04 1.031045e+04
1.020789e+04 1.028878e+04 1.026598e+04 1.023069e+04
1.025792e+04 1.028871e+04 1.027480e+04 1.027183e+04
1.023637e+04 1.028861e+04 1.028417e+04 1.024082e+04
1.026789e+04 1.028849e+04 1.028937e+04 1.026702e+04
1.034814e+04 1.028837e+04 1.029164e+04 1.034487e+04
1.029954e+04 1.028823e+04 1.029204e+04 1.029572e+04
1.036326e+04 1.028809e+04 1.029057e+04 1.036078e+04
1.023804e+04 1.028794e+04 1.027774e+04 1.024824e+04
1.030399e+04 1.028781e+04 1.026406e+04 1.032774e+04
1.028251e+04 1.029599e+04 1.028460e+04 1.029390e+04
1.028186e+04 1.031201e+04 1.032715e+04 1.026673e+04
1.031390e+04 1.030964e+04 1.032992e+04 1.029361e+04
1.033130e+04 1.029863e+04 1.031185e+04 1.031808e+04
1.034029e+04 1.029061e+04 1.029728e+04 1.033362e+04
