0.1 1.023887e+04 1.024465e+04 1.027632e+04 1.027053e+04
1.1 1.027871e+04 1.024608e+04 1.027915e+04 1.031178e+04
2.1 1.025759e+04 1.027194e+04 1.029306e+04 1.027871e+04
3.1 1.033500e+04 1.028484e+04 1.029567e+04 1.034584e+04
4.1 1.026409e+04 1.028271e+04 1.028775e+04 1.026913e+04
5.1 1.027496e+04 1.027889e+04 1.028051e+04 1.027657e+04
6.1 1.027578e+04 1.028103e+04 1.027638e+04 1.027112e+04
7.1 1.027060e+04 1.028149e+04 1.027460e+04 1.026371e+04
8.1 1.032568e+04 1.027753e+04 1.027415e+04 1.032230e+04
9.1 1.026844e+04 1.027452e+04 1.027441e+04 1.026832e+04
10.1 1.030533e+04 1.027745e+04 1.027488e+04 1.030276e+04
11.1 1.024006e+04 1.027881e+04 1.027530e+04 1.023656e+04
12.1 1.025038e+04 1.027678e+04 1.027557e+04 1.024917e+04
13.1 1.026829e+04 1.028628e+04 1.027571e+04 1.025773e+04
14.1 1.027964e+04 1.029920e+04 1.027577e+04 1.025621e+04
15.1 1.033964e+04 1.029766e+04 1.027579e+04 1.031777e+04
16.1 1.034177e+04 1.029746e+04 1.027579e+04 1.032009e+04
17.1 1.036099e+04 1.029014e+04 1.027578e+04 1.034662e+04
1.0 1.025457e+04 1.024663e+04 1.027721e+04 1.028514e+04
2.0 1.027965e+04 1.026891e+04 1.029073e+04 1.030147e+04
3.0 1.021657e+04 1.028211e+04 1.029601e+04 1.023046e+04
4.0 1.029765e+04 1.026389e+04 1.028873e+04 1.032249e+04
5.0 1.023292e+04 1.024470e+04 1.028113e+04 1.026934e+04
6.0 1.023808e+04 1.025520e+04 1.028260e+04 1.026548e+04
7.0 1.030389e+04 1.028051e+04 1.029396e+04 1.031734e+04
8.0 1.026081e+04 1.028706e+04 1.029199e+04 1.026574e+04
9.0 1.032373e+04 1.028271e+04 1.028364e+04 1.032467e+04
10.0 1.021579e+04 1.027804e+04 1.027785e+04 1.021560e+04
11.0 1.023099e+04 1.027471e+04 1.027505e+04 1.023133e+04
12.0 1.022777e+04 1.027270e+04 1.027405e+04 1.022912e+04
13.0 1.028713e+04 1.027200e+04 1.027409e+04 1.028922e+04
14.0 1.026509e+04 1.027235e+04 1.027460e+04 1.026734e+04
15.0 1.027647e+04 1.028225e+04 1.027518e+04 1.026940e+04
16.0 1.017766e+04 1.029526e+04 1.027564e+04 1.015803e+04
17.0 1.024919e+04 1.029177e+04 1.027594e+04 1.023335e+04
18.0 1.031055e+04 1.028740e+04 1.027611e+04 1.029926e+04
0.4 1.023292e+04 1.024470e+04 1.028113e+04 1.026934e+04
1.4 1.023808e+04 1.025520e+04 1.028260e+04 1.026548e+04
2.4 1.030389e+04 1.028051e+04 1.029396e+04 1.031734e+04
3.4 1.026081e+04 1.028706e+04 1.029199e+04 1.026574e+04
4.4 1.032373e+04 1.028271e+04 1.028364e+04 1.032467e+04
5.4 1.021579e+04 1.027804e+04 1.027785e+04 1.021560e+04
6.4 1.023099e+04 1.027471e+04 1.027505e+04 1.023133e+04
7.4 1.022777e+04 1.027270e+04 1.027405e+04 1.022912e+04
8.4 1.028713e+04 1.027200e+04 1.027409e+04 1.028922e+04
9.4 1.026509e+04 1.027235e+04 1.027460e+04 1.026734e+04
10.4 1.027647e+04 1.028225e+04 1.027518e+04 1.026940e+04
11.4 1.017766e+04 1.029526e+04 1.027564e+04 1.015803e+04
12.4 1.024919e+04 1.029177e+04 1.027594e+04 1.023335e+04
13.4 1.031055e+04 1.028740e+04 1.027611e+04 1.029926e+04
14.4 1.025822e+04 1.029117e+04 1.027621e+04 1.024327e+04
15.4 1.025452e+04 1.028026e+04 1.027628e+04 1.025054e+04
16.4 1.028550e+04 1.024934e+04 1.027632e+04 1.031248e+04
17.4 1.023192e+04 1.023733e+04 1.027637e+04 1.027096e+04
0.3 1.030901e+04 1.024138e+04 1.027702e+04 1.034464e+04
1.3 1.031830e+04 1.025110e+04 1.028129e+04 1.034849e+04
2.3 1.034402e+04 1.027930e+04 1.029516e+04 1.035988e+04
3.3 1.022937e+04 1.029231e+04 1.029595e+04 1.023301e+04
4.3 1.032097e+04 1.030533e+04 1.028758e+04 1.030323e+04
5.3 1.028718e+04 1.030962e+04 1.028078e+04 1.025834e+04
6.3 1.025749e+04 1.029733e+04 1.027705e+04 1.023721e+04
7.3 1.026137e+04 1.028416e+04 1.027552e+04 1.025273e+04
8.3 1.028999e+04 1.027625e+04 1.027523e+04 1.028897e+04
9.3 1.028689e+04 1.027272e+04 1.027558e+04 1.028975e+04
10.3 1.027778e+04 1.027762e+04 1.027610e+04 1.027625e+04
11.3 1.030749e+04 1.029935e+04 1.027654e+04 1.028468e+04
12.3 1.027744e+04 1.030962e+04 1.027682e+04 1.024465e+04
13.3 1.028796e+04 1.031856e+04 1.027698e+04 1.024639e+04
14.3 1.032223e+04 1.031646e+04 1.027707e+04 1.028284e+04
15.3 1.023637e+04 1.029850e+04 1.027711e+04 1.021498e+04
16.3 1.032931e+04 1.028253e+04 1.027713e+04 1.032391e+04
17.3 1.027935e+04 1.027903e+04 1.027715e+04 1.027747e+04
0.7 1.031256e+04 1.025216e+04 1.027693e+04 1.033732e+04
1.7 1.026992e+04 1.026789e+04 1.028748e+04 1.028951e+04
2.7 1.026526e+04 1.028304e+04 1.029709e+04 1.027931e+04
3.7 1.021428e+04 1.028179e+04 1.029210e+04 1.022459e+04
4.7 1.036031e+04 1.027546e+04 1.028364e+04 1.036849e+04
5.7 1.034759e+04 1.027105e+04 1.027830e+04 1.035484e+04
6.7 1.024848e+04 1.027529e+04 1.027565e+04 1.024884e+04
7.7 1.026394e+04 1.028308e+04 1.027473e+04 1.025560e+04
8.7 1.027086e+04 1.028252e+04 1.027476e+04 1.026310e+04
9.7 1.026493e+04 1.029742e+04 1.027522e+04 1.024273e+04
10.7 1.023857e+04 1.030069e+04 1.027570e+04 1.021358e+04
11.7 1.030045e+04 1.028711e+04 1.027607e+04 1.028940e+04
12.7 1.033900e+04 1.027924e+04 1.027628e+04 1.033604e+04
13.7 1.025840e+04 1.027591e+04 1.027640e+04 1.025888e+04
14.7 1.028657e+04 1.027059e+04 1.027646e+04 1.029244e+04
15.7 1.026722e+04 1.026970e+04 1.027649e+04 1.027400e+04
16.7 1.023417e+04 1.027213e+04 1.027651e+04 1.023855e+04
17.7 1.027164e+04 1.027057e+04 1.027653e+04 1.027760e+04
