0.4 1.000226e+04 9.973704e+03 9.975084e+03 1.000364e+04
1.4 9.919678e+03 9.963404e+03 9.982804e+03 9.939078e+03
2.4 1.001536e+04 9.987218e+03 1.001450e+04 1.004264e+04
3.4 1.002305e+04 1.000188e+04 1.003119e+04 1.005236e+04
4.4 1.000969e+04 9.985805e+03 1.001416e+04 1.003805e+04
5.4 9.973003e+03 9.965891e+03 9.991827e+03 9.998939e+03
6.4 9.928242e+03 9.964605e+03 9.978313e+03 9.941950e+03
7.4 9.979511e+03 9.973247e+03 9.971945e+03 9.978209e+03
8.4 9.919746e+03 9.968172e+03 9.969954e+03 9.921528e+03
9.4 9.989676e+03 9.958131e+03 9.970422e+03 1.000197e+04
10.4 9.923128e+03 9.950747e+03 9.971839e+03 9.944220e+03
11.4 1.000170e+04 9.955666e+03 9.973204e+03 1.001923e+04
12.4 1.003333e+04 9.981703e+03 9.974184e+03 1.002581e+04
13.4 1.004217e+04 9.990583e+03 9.974781e+03 1.002636e+04
14.4 9.993229e+03 9.977236e+03 9.975093e+03 9.991085e+03
15.4 9.966242e+03 9.966509e+03 9.975258e+03 9.974992e+03
16.4 9.958712e+03 9.967064e+03 9.975351e+03 9.966998e+03
17.4 9.947773e+03 9.967930e+03 9.975415e+03 9.955259e+03
18.4 9.976446e+03 9.989489e+03 9.975470e+03 9.962427e+03
0.4 9.946638e+03 9.974191e+03 9.974998e+03 9.947445e+03
1.4 9.957461e+03 9.972191e+03 9.982219e+03 9.967489e+03
2.4 1.006283e+04 9.995924e+03 1.001441e+04 1.008132e+04
3.4 9.969414e+03 1.000849e+04 1.003121e+04 9.992129e+03
4.4 9.920269e+03 9.990187e+03 1.001407e+04 9.944154e+03
5.4 9.948900e+03 9.968747e+03 9.992191e+03 9.972345e+03
6.4 9.957370e+03 9.956025e+03 9.978463e+03 9.979809e+03
7.4 1.001994e+04 9.955359e+03 9.971859e+03 1.003644e+04
8.4 9.987680e+03 9.982244e+03 9.969883e+03 9.975319e+03
9.4 9.993848e+03 9.995480e+03 9.970344e+03 9.968712e+03
10.4 1.000010e+04 9.981864e+03 9.971731e+03 9.989963e+03
11.4 9.979376e+03 9.965465e+03 9.973110e+03 9.987021e+03
12.4 9.891450e+03 9.952421e+03 9.974129e+03 9.913158e+03
13.4 9.955112e+03 9.947713e+03 9.974728e+03 9.982127e+03
14.4 9.942169e+03 9.951387e+03 9.975062e+03 9.965844e+03
15.4 9.892093e+03 9.978996e+03 9.975241e+03 9.888338e+03
16.4 1.002659e+04 9.999585e+03 9.975351e+03 1.000236e+04
17.4 9.981470e+03 9.988990e+03 9.975435e+03 9.967915e+03
18.4 1.002270e+04 9.978675e+03 9.975511e+03 1.001954e+04
