0.1 7.564540e+03 7.567492e+03 7.576546e+03 7.573594e+03
1.1 7.577400e+03 7.564582e+03 7.576973e+03 7.589791e+03
2.1 7.574735e+03 7.568474e+03 7.579067e+03 7.585328e+03
3.1 7.580241e+03 7.571149e+03 7.579460e+03 7.588552e+03
4.1 7.593997e+03 7.571578e+03 7.578267e+03 7.600686e+03
5.1 7.580915e+03 7.573248e+03 7.577177e+03 7.584843e+03
6.1 7.572301e+03 7.588169e+03 7.576555e+03 7.560686e+03
7.1 7.584709e+03 7.594907e+03 7.576287e+03 7.566089e+03
8.1 7.590099e+03 7.586748e+03 7.576219e+03 7.579570e+03
9.1 7.580421e+03 7.578585e+03 7.576257e+03 7.578093e+03
10.1 7.590984e+03 7.581368e+03 7.576328e+03 7.585944e+03
11.1 7.578804e+03 7.582328e+03 7.576393e+03 7.572868e+03
12.1 7.566492e+03 7.577464e+03 7.576433e+03 7.565461e+03
13.1 7.590640e+03 7.577472e+03 7.576454e+03 7.589622e+03
14.1 7.581725e+03 7.580738e+03 7.576463e+03 7.577451e+03
15.1 7.589740e+03 7.581565e+03 7.576465e+03 7.584641e+03
16.1 7.583445e+03 7.587934e+03 7.576465e+03 7.571977e+03
17.1 7.588518e+03 7.585599e+03 7.576464e+03 7.579384e+03
1.0 7.570366e+03 7.564694e+03 7.576679e+03 7.582351e+03
2.0 7.565300e+03 7.567755e+03 7.578717e+03 7.576263e+03
3.0 7.555015e+03 7.570235e+03 7.579512e+03 7.564291e+03
4.0 7.566618e+03 7.566346e+03 7.578415e+03 7.578687e+03
5.0 7.562499e+03 7.562416e+03 7.577270e+03 7.577353e+03
6.0 7.546404e+03 7.565233e+03 7.577491e+03 7.558662e+03
7.0 7.573209e+03 7.570750e+03 7.579202e+03 7.581661e+03
8.0 7.566711e+03 7.572750e+03 7.578907e+03 7.572868e+03
9.0 7.569206e+03 7.572544e+03 7.577649e+03 7.574311e+03
10.0 7.547829e+03 7.571817e+03 7.576777e+03 7.552789e+03
11.0 7.549606e+03 7.570717e+03 7.576354e+03 7.555244e+03
12.0 7.555088e+03 7.569980e+03 7.576204e+03 7.561312e+03
13.0 7.575216e+03 7.569990e+03 7.576210e+03 7.581435e+03
14.0 7.560317e+03 7.570341e+03 7.576287e+03 7.566263e+03
15.0 7.561472e+03 7.574164e+03 7.576374e+03 7.563683e+03
16.0 7.548020e+03 7.579079e+03 7.576443e+03 7.545384e+03
17.0 7.570742e+03 7.577653e+03 7.576488e+03 7.569577e+03
18.0 7.623900e+03 7.578710e+03 7.576514e+03 7.621705e+03
0.4 7.562499e+03 7.562416e+03 7.577270e+03 7.577353e+03
1.4 7.546404e+03 7.565233e+03 7.577491e+03 7.558662e+03
2.4 7.573209e+03 7.570750e+03 7.579202e+03 7.581661e+03
3.4 7.566711e+03 7.572750e+03 7.578907e+03 7.572868e+03
4.4 7.569206e+03 7.572544e+03 7.577649e+03 7.574311e+03
5.4 7.547829e+03 7.571817e+03 7.576777e+03 7.552789e+03
6.4 7.549606e+03 7.570717e+03 7.576354e+03 7.555244e+03
7.4 7.555088e+03 7.569980e+03 7.576204e+03 7.561312e+03
8.4 7.575216e+03 7.569990e+03 7.576210e+03 7.581435e+03
9.4 7.560317e+03 7.570341e+03 7.576287e+03 7.566263e+03
10.4 7.561472e+03 7.574164e+03 7.576374e+03 7.563683e+03
11.4 7.548020e+03 7.579079e+03 7.576443e+03 7.545384e+03
12.4 7.570742e+03 7.577653e+03 7.576488e+03 7.569577e+03
13.4 7.623900e+03 7.578710e+03 7.576514e+03 7.621705e+03
14.4 7.610693e+03 7.586050e+03 7.576530e+03 7.601173e+03
15.4 7.614682e+03 7.581722e+03 7.576539e+03 7.609500e+03
16.4 7.580678e+03 7.568756e+03 7.576546e+03 7.588468e+03
17.4 7.560168e+03 7.561978e+03 7.576552e+03 7.574742e+03
0.3 7.566224e+03 7.558065e+03 7.576650e+03 7.584810e+03
1.3 7.583503e+03 7.562615e+03 7.577294e+03 7.598183e+03
2.3 7.572575e+03 7.569605e+03 7.579383e+03 7.582353e+03
3.3 7.552979e+03 7.573594e+03 7.579503e+03 7.558888e+03
4.3 7.582702e+03 7.579903e+03 7.578242e+03 7.581041e+03
5.3 7.562889e+03 7.582753e+03 7.577218e+03 7.557355e+03
6.3 7.556454e+03 7.578760e+03 7.576655e+03 7.554349e+03
7.3 7.562030e+03 7.574082e+03 7.576425e+03 7.564374e+03
8.3 7.545048e+03 7.571203e+03 7.576381e+03 7.550226e+03
9.3 7.567034e+03 7.569867e+03 7.576434e+03 7.573601e+03
10.3 7.575443e+03 7.571704e+03 7.576512e+03 7.580251e+03
11.3 7.583914e+03 7.579972e+03 7.576579e+03 7.580521e+03
12.3 7.573007e+03 7.584181e+03 7.576622e+03 7.565448e+03
13.3 7.581871e+03 7.591328e+03 7.576646e+03 7.567189e+03
14.3 7.585670e+03 7.592588e+03 7.576658e+03 7.569741e+03
15.3 7.582302e+03 7.583804e+03 7.576665e+03 7.575163e+03
16.3 7.578852e+03 7.575788e+03 7.576668e+03 7.579732e+03
17.3 7.579179e+03 7.584403e+03 7.576670e+03 7.571446e+03
0.7 7.578738e+03 7.564423e+03 7.576637e+03 7.590952e+03
1.7 7.570375e+03 7.566642e+03 7.578227e+03 7.581960e+03
2.7 7.569616e+03 7.569428e+03 7.579674e+03 7.579862e+03
3.7 7.553012e+03 7.569819e+03 7.578923e+03 7.562117e+03
4.7 7.588780e+03 7.569336e+03 7.577648e+03 7.597092e+03
5.7 7.579289e+03 7.568959e+03 7.576844e+03 7.587174e+03
6.7 7.575833e+03 7.571286e+03 7.576444e+03 7.580990e+03
7.7 7.551380e+03 7.574540e+03 7.576307e+03 7.553146e+03
8.7 7.583054e+03 7.574833e+03 7.576311e+03 7.584532e+03
9.7 7.563584e+03 7.584484e+03 7.576380e+03 7.555479e+03
10.7 7.563023e+03 7.587047e+03 7.576452e+03 7.552429e+03
11.7 7.594810e+03 7.580395e+03 7.576508e+03 7.590922e+03
12.7 7.611819e+03 7.586700e+03 7.576540e+03 7.601659e+03
13.7 7.612165e+03 7.592763e+03 7.576557e+03 7.595959e+03
14.7 7.608756e+03 7.584268e+03 7.576566e+03 7.601054e+03
15.7 7.580120e+03 7.579575e+03 7.576571e+03 7.577117e+03
16.7 7.572032e+03 7.580600e+03 7.576574e+03 7.568006e+03
17.7 7.583469e+03 7.575704e+03 7.576578e+03 7.584343e+03
