0.6 9.788849e+03 9.786693e+03 9.761312e+03 9.763468e+03
1.6 9.785465e+03 9.775122e+03 9.764392e+03 9.774735e+03
2.6 9.794847e+03 9.759917e+03 9.768345e+03 9.803275e+03
3.6 9.775278e+03 9.761567e+03 9.766998e+03 9.780708e+03
4.6 9.805485e+03 9.785124e+03 9.764060e+03 9.784421e+03
5.6 9.801951e+03 9.781680e+03 9.762053e+03 9.782324e+03
6.6 9.747829e+03 9.772828e+03 9.761028e+03 9.736029e+03
7.6 9.726870e+03 9.764184e+03 9.760657e+03 9.723344e+03
8.6 9.755859e+03 9.777542e+03 9.760645e+03 9.738963e+03
9.6 9.772036e+03 9.792212e+03 9.760796e+03 9.740619e+03
10.6 9.753864e+03 9.781019e+03 9.760969e+03 9.733814e+03
11.6 9.776547e+03 9.770494e+03 9.761104e+03 9.767156e+03
12.6 9.777805e+03 9.755241e+03 9.761182e+03 9.783746e+03
13.6 9.779704e+03 9.740848e+03 9.761223e+03 9.800078e+03
14.6 9.737838e+03 9.742143e+03 9.761240e+03 9.756935e+03
15.6 9.816698e+03 9.775947e+03 9.761248e+03 9.801998e+03
16.6 9.799926e+03 9.795374e+03 9.761250e+03 9.765802e+03
17.6 9.779315e+03 9.777343e+03 9.761251e+03 9.763223e+03
0.3 9.809723e+03 9.789708e+03 9.761165e+03 9.781180e+03
1.3 9.771166e+03 9.783130e+03 9.762878e+03 9.750914e+03
2.3 9.720067e+03 9.764402e+03 9.767734e+03 9.723398e+03
3.3 9.698692e+03 9.752751e+03 9.767611e+03 9.713552e+03
4.3 9.728887e+03 9.773729e+03 9.764699e+03 9.719857e+03
5.3 9.793343e+03 9.788200e+03 9.762329e+03 9.767471e+03
6.3 9.748546e+03 9.769924e+03 9.761106e+03 9.739728e+03
7.3 9.734705e+03 9.745418e+03 9.760588e+03 9.749875e+03
8.3 9.699773e+03 9.731510e+03 9.760503e+03 9.728767e+03
9.3 9.697916e+03 9.727680e+03 9.760625e+03 9.730861e+03
10.3 9.762347e+03 9.747400e+03 9.760805e+03 9.775752e+03
11.3 9.823992e+03 9.777651e+03 9.760949e+03 9.807290e+03
12.3 9.753245e+03 9.774878e+03 9.761043e+03 9.739409e+03
13.3 9.735019e+03 9.761905e+03 9.761090e+03 9.734204e+03
14.3 9.718391e+03 9.752842e+03 9.761111e+03 9.726660e+03
15.3 9.795389e+03 9.777607e+03 9.761120e+03 9.778901e+03
16.3 9.784582e+03 9.804229e+03 9.761123e+03 9.741475e+03
17.3 9.763609e+03 9.787502e+03 9.761124e+03 9.737230e+03
0.9 9.792699e+03 9.797346e+03 9.761498e+03 9.756851e+03
1.9 9.760324e+03 9.780279e+03 9.765891e+03 9.745936e+03
2.9 9.740938e+03 9.757155e+03 9.768297e+03 9.752079e+03
3.9 9.756889e+03 9.739930e+03 9.765986e+03 9.782945e+03
4.9 9.724375e+03 9.730980e+03 9.763173e+03 9.756569e+03
5.9 9.757951e+03 9.748480e+03 9.761536e+03 9.771007e+03
6.9 9.808128e+03 9.788617e+03 9.760771e+03 9.780282e+03
7.9 9.766634e+03 9.791729e+03 9.760533e+03 9.735438e+03
8.9 9.732564e+03 9.766508e+03 9.760595e+03 9.726650e+03
9.9 9.728142e+03 9.744077e+03 9.760771e+03 9.744836e+03
10.9 9.728709e+03 9.735635e+03 9.760938e+03 9.754013e+03
11.9 9.756349e+03 9.759291e+03 9.761056e+03 9.758114e+03
12.9 9.772053e+03 9.777346e+03 9.761126e+03 9.755833e+03
13.9 9.727583e+03 9.764044e+03 9.761160e+03 9.724700e+03
14.9 9.727464e+03 9.746452e+03 9.761177e+03 9.742189e+03
15.9 9.749476e+03 9.741738e+03 9.761184e+03 9.768922e+03
16.9 9.735895e+03 9.741528e+03 9.761187e+03 9.755554e+03
17.9 9.781577e+03 9.766844e+03 9.761188e+03 9.775921e+03
0.3 9.780759e+03 9.795688e+03 9.760846e+03 9.745918e+03
1.3 9.767311e+03 9.773914e+03 9.762324e+03 9.755720e+03
2.3 9.765760e+03 9.758354e+03 9.767238e+03 9.774644e+03
3.3 9.783429e+03 9.748073e+03 9.767361e+03 9.802718e+03
4.3 9.769157e+03 9.747277e+03 9.764465e+03 9.786346e+03
5.3 9.799119e+03 9.763656e+03 9.762022e+03 9.797484e+03
6.3 9.794275e+03 9.764601e+03 9.760738e+03 9.790412e+03
7.3 9.783715e+03 9.765036e+03 9.760176e+03 9.778855e+03
8.3 9.797971e+03 9.767062e+03 9.760061e+03 9.790971e+03
9.3 9.792268e+03 9.758805e+03 9.760162e+03 9.793625e+03
10.3 9.786070e+03 9.749606e+03 9.760327e+03 9.796792e+03
11.3 9.765540e+03 9.745076e+03 9.760459e+03 9.780923e+03
12.3 9.771767e+03 9.757066e+03 9.760542e+03 9.775243e+03
13.3 9.809840e+03 9.775099e+03 9.760579e+03 9.795319e+03
14.3 9.829764e+03 9.771479e+03 9.761150e+03 9.819435e+03
15.3 9.788373e+03 9.764249e+03 9.765938e+03 9.790062e+03
16.3 9.753227e+03 9.758107e+03 9.767626e+03 9.762746e+03
17.3 9.740937e+03 9.753425e+03 9.765014e+03 9.752526e+03
1.0 9.829764e+03 9.771479e+03 9.761150e+03 9.819435e+03
2.0 9.788373e+03 9.764249e+03 9.765938e+03 9.790062e+03
3.0 9.753227e+03 9.758107e+03 9.767626e+03 9.762746e+03
4.0 9.740937e+03 9.753425e+03 9.765014e+03 9.752526e+03
5.0 9.788184e+03 9.771451e+03 9.762358e+03 9.779092e+03
6.0 9.767624e+03 9.786638e+03 9.760815e+03 9.741801e+03
7.0 9.736704e+03 9.776301e+03 9.760096e+03 9.720500e+03
8.0 9.720689e+03 9.760407e+03 9.759899e+03 9.720182e+03
9.0 9.727682e+03 9.749645e+03 9.759976e+03 9.738013e+03
10.0 9.709194e+03 9.746727e+03 9.760147e+03 9.722614e+03
11.0 9.723588e+03 9.747516e+03 9.760302e+03 9.736374e+03
12.0 9.731309e+03 9.749511e+03 9.760407e+03 9.742205e+03
