1.0 1.151740e+03 1.236895e+03 1.230323e+03 1.145169e+03
2.0 1.174620e+03 1.206290e+03 1.206024e+03 1.174354e+03
3.0 1.000537e+03 1.192687e+03 1.195703e+03 1.003553e+03
4.0 1.208563e+03 1.204810e+03 1.208801e+03 1.212555e+03
5.0 1.294341e+03 1.222254e+03 1.223321e+03 1.295408e+03
6.0 1.241078e+03 1.234465e+03 1.231582e+03 1.238195e+03
7.0 1.298115e+03 1.249099e+03 1.235396e+03 1.284412e+03
8.0 1.304931e+03 1.284941e+03 1.236536e+03 1.256526e+03
9.0 1.314020e+03 1.284251e+03 1.236180e+03 1.265949e+03
10.0 1.246724e+03 1.261278e+03 1.235277e+03 1.220723e+03
11.0 1.309715e+03 1.246535e+03 1.234451e+03 1.297632e+03
12.0 1.244099e+03 1.238794e+03 1.233891e+03 1.239196e+03
13.0 1.186888e+03 1.231007e+03 1.233580e+03 1.189461e+03
14.0 1.242567e+03 1.225729e+03 1.233447e+03 1.250285e+03
15.0 1.257322e+03 1.224383e+03 1.233406e+03 1.266345e+03
16.0 1.318853e+03 1.223245e+03 1.233411e+03 1.329019e+03
17.0 1.277122e+03 1.223010e+03 1.233435e+03 1.287547e+03
18.0 1.304281e+03 1.202229e+03 1.233468e+03 1.335520e+03
0.5 1.213052e+03 1.257479e+03 1.235292e+03 1.190865e+03
1.5 1.247529e+03 1.237422e+03 1.223124e+03 1.233232e+03
2.5 1.306886e+03 1.207636e+03 1.199137e+03 1.298386e+03
3.5 1.269861e+03 1.208146e+03 1.203026e+03 1.264741e+03
4.5 1.270728e+03 1.227632e+03 1.218969e+03 1.262066e+03
5.5 1.315215e+03 1.258669e+03 1.230333e+03 1.286879e+03
6.5 1.257495e+03 1.269621e+03 1.236205e+03 1.224079e+03
7.5 1.277718e+03 1.257430e+03 1.235283e+03 1.255571e+03
8.5 1.103284e+03 1.222027e+03 1.210600e+03 1.091856e+03
9.5 1.258693e+03 1.206317e+03 1.201063e+03 1.253439e+03
10.5 1.294567e+03 1.216550e+03 1.213695e+03 1.291712e+03
11.5 1.221120e+03 1.232227e+03 1.226908e+03 1.215800e+03
12.5 1.243579e+03 1.244177e+03 1.234657e+03 1.234059e+03
13.5 1.253199e+03 1.246266e+03 1.238018e+03 1.244951e+03
14.5 1.265911e+03 1.242214e+03 1.238894e+03 1.262591e+03
15.5 1.221762e+03 1.243515e+03 1.238391e+03 1.216638e+03
16.5 1.228918e+03 1.264634e+03 1.237422e+03 1.201706e+03
17.5 1.285776e+03 1.278058e+03 1.236507e+03 1.244225e+03
1.0 1.277718e+03 1.257430e+03 1.235283e+03 1.255571e+03
2.0 1.103284e+03 1.222027e+03 1.210600e+03 1.091856e+03
3.0 1.258693e+03 1.206317e+03 1.201063e+03 1.253439e+03
4.0 1.294567e+03 1.216550e+03 1.213695e+03 1.291712e+03
5.0 1.221120e+03 1.232227e+03 1.226908e+03 1.215800e+03
6.0 1.243579e+03 1.244177e+03 1.234657e+03 1.234059e+03
7.0 1.253199e+03 1.246266e+03 1.238018e+03 1.244951e+03
8.0 1.265911e+03 1.242214e+03 1.238894e+03 1.262591e+03
9.0 1.221762e+03 1.243515e+03 1.238391e+03 1.216638e+03
10.0 1.228918e+03 1.264634e+03 1.237422e+03 1.201706e+03
11.0 1.285776e+03 1.278058e+03 1.236507e+03 1.244225e+03
12.0 1.307625e+03 1.265785e+03 1.234272e+03 1.276113e+03
13.0 1.198248e+03 1.227613e+03 1.210501e+03 1.181136e+03
14.0 1.279402e+03 1.205871e+03 1.197526e+03 1.271057e+03
15.0 1.098095e+03 1.213851e+03 1.209281e+03 1.093524e+03
16.0 1.184581e+03 1.240270e+03 1.224153e+03 1.168464e+03
17.0 1.187047e+03 1.268002e+03 1.232870e+03 1.151914e+03
18.0 1.173639e+03 1.255700e+03 1.236995e+03 1.154934e+03
0.9 1.307625e+03 1.265785e+03 1.234272e+03 1.276113e+03
1.9 1.198248e+03 1.227613e+03 1.210501e+03 1.181136e+03
2.9 1.279402e+03 1.205871e+03 1.197526e+03 1.271057e+03
3.9 1.098095e+03 1.213851e+03 1.209281e+03 1.093524e+03
4.9 1.184581e+03 1.240270e+03 1.224153e+03 1.168464e+03
5.9 1.187047e+03 1.268002e+03 1.232870e+03 1.151914e+03
6.9 1.173639e+03 1.255700e+03 1.236995e+03 1.154934e+03
7.9 1.209969e+03 1.189539e+03 1.238182e+03 1.258612e+03
8.9 1.113234e+03 1.171764e+03 1.237816e+03 1.179286e+03
9.9 1.264195e+03 1.193928e+03 1.236820e+03 1.307087e+03
10.9 1.268865e+03 1.215122e+03 1.235862e+03 1.289605e+03
11.9 1.260512e+03 1.228629e+03 1.235149e+03 1.267032e+03
12.9 1.235795e+03 1.191209e+03 1.234714e+03 1.279299e+03
13.9 1.213360e+03 1.165029e+03 1.234454e+03 1.282786e+03
14.9 1.209138e+03 1.187781e+03 1.234290e+03 1.255647e+03
15.9 1.226894e+03 1.214526e+03 1.234173e+03 1.246542e+03
16.9 1.243668e+03 1.225855e+03 1.234076e+03 1.251890e+03
17.9 1.211712e+03 1.211110e+03 1.233987e+03 1.234589e+03
0.1 1.332808e+03 1.262959e+03 1.233670e+03 1.303520e+03
1.1 1.232037e+03 1.245468e+03 1.228864e+03 1.215432e+03
2.1 1.157593e+03 1.211614e+03 1.202717e+03 1.148696e+03
3.1 1.172328e+03 1.203034e+03 1.197654e+03 1.166948e+03
4.1 1.209764e+03 1.218526e+03 1.212504e+03 1.203742e+03
5.1 1.277985e+03 1.249705e+03 1.225863e+03 1.254143e+03
6.1 1.253417e+03 1.270682e+03 1.233367e+03 1.216102e+03
7.1 1.216135e+03 1.264423e+03 1.236779e+03 1.188491e+03
8.1 1.213582e+03 1.211495e+03 1.237629e+03 1.239717e+03
9.1 1.104512e+03 1.164973e+03 1.237174e+03 1.176713e+03
10.1 1.166343e+03 1.182311e+03 1.236326e+03 1.220359e+03
11.1 1.166662e+03 1.216875e+03 1.235590e+03 1.185377e+03
12.1 1.090166e+03 1.238091e+03 1.235119e+03 1.087195e+03
13.1 1.174647e+03 1.244704e+03 1.234909e+03 1.164852e+03
14.1 1.180784e+03 1.243290e+03 1.234852e+03 1.172346e+03
15.1 1.227372e+03 1.241903e+03 1.234883e+03 1.220353e+03
16.1 1.242464e+03 1.240624e+03 1.234955e+03 1.236795e+03
17.1 1.206505e+03 1.237736e+03 1.235045e+03 1.203813e+03
0.6 1.254821e+03 1.254901e+03 1.236890e+03 1.236810e+03
1.6 1.293602e+03 1.228529e+03 1.220869e+03 1.285942e+03
2.6 1.253225e+03 1.200799e+03 1.200059e+03 1.252485e+03
3.6 1.268399e+03 1.204752e+03 1.207514e+03 1.271161e+03
4.6 1.261960e+03 1.218965e+03 1.223224e+03 1.266219e+03
5.6 1.234209e+03 1.229631e+03 1.234223e+03 1.238802e+03
