0.5 1.075912e+03 1.104187e+03 1.116494e+03 1.088219e+03
1.5 1.055312e+03 1.108582e+03 1.121263e+03 1.067993e+03
2.5 1.101347e+03 1.122342e+03 1.135380e+03 1.114386e+03
3.5 1.145708e+03 1.123483e+03 1.137066e+03 1.159290e+03
4.5 1.129317e+03 1.111752e+03 1.128729e+03 1.146293e+03
5.5 1.092435e+03 1.102379e+03 1.121248e+03 1.111304e+03
6.5 1.068987e+03 1.111512e+03 1.117292e+03 1.074768e+03
7.5 1.137158e+03 1.126376e+03 1.115635e+03 1.126416e+03
8.5 1.064398e+03 1.122275e+03 1.115343e+03 1.057466e+03
9.5 1.144699e+03 1.127846e+03 1.115768e+03 1.132621e+03
10.5 1.109871e+03 1.156925e+03 1.116408e+03 1.069354e+03
11.5 1.165196e+03 1.149516e+03 1.116949e+03 1.132629e+03
12.5 1.165797e+03 1.125327e+03 1.117324e+03 1.157794e+03
13.5 1.138211e+03 1.107540e+03 1.117561e+03 1.148232e+03
14.5 1.115220e+03 1.103843e+03 1.117704e+03 1.129081e+03
15.5 1.156193e+03 1.120072e+03 1.117803e+03 1.153924e+03
16.5 1.161662e+03 1.123639e+03 1.117875e+03 1.155899e+03
17.5 1.150903e+03 1.118325e+03 1.117935e+03 1.150513e+03
0.1 1.084901e+03 1.102204e+03 1.118448e+03 1.101144e+03
1.1 1.129629e+03 1.100532e+03 1.119718e+03 1.148815e+03
2.1 1.106562e+03 1.110874e+03 1.130710e+03 1.126397e+03
3.1 1.050037e+03 1.116332e+03 1.135726e+03 1.069430e+03
4.1 1.079547e+03 1.111223e+03 1.129823e+03 1.098147e+03
5.1 1.080007e+03 1.105552e+03 1.123217e+03 1.097673e+03
6.1 1.063974e+03 1.103623e+03 1.119267e+03 1.079618e+03
7.1 1.074763e+03 1.102815e+03 1.117395e+03 1.089344e+03
8.1 1.068775e+03 1.102549e+03 1.116846e+03 1.083072e+03
9.1 1.167184e+03 1.117233e+03 1.116994e+03 1.166945e+03
10.1 1.166779e+03 1.135162e+03 1.117393e+03 1.149010e+03
11.1 1.146681e+03 1.141471e+03 1.117771e+03 1.122981e+03
12.1 1.161186e+03 1.165757e+03 1.118032e+03 1.113462e+03
13.1 1.150947e+03 1.157345e+03 1.118164e+03 1.111766e+03
14.1 1.143216e+03 1.132607e+03 1.118216e+03 1.128825e+03
15.1 1.158481e+03 1.132767e+03 1.118219e+03 1.143933e+03
16.1 1.113022e+03 1.134188e+03 1.118199e+03 1.097034e+03
17.1 1.116673e+03 1.119063e+03 1.118168e+03 1.115778e+03
0.3 1.076984e+03 1.092958e+03 1.116369e+03 1.100395e+03
1.3 1.076993e+03 1.095904e+03 1.118724e+03 1.099813e+03
2.3 1.076959e+03 1.114898e+03 1.132509e+03 1.094570e+03
3.3 1.080233e+03 1.124191e+03 1.137458e+03 1.093500e+03
4.3 1.134925e+03 1.116735e+03 1.129710e+03 1.147900e+03
5.3 1.117141e+03 1.107463e+03 1.121595e+03 1.131273e+03
6.3 1.132917e+03 1.104473e+03 1.116832e+03 1.145275e+03
7.3 1.127780e+03 1.109943e+03 1.119956e+03 1.137793e+03
8.3 1.149811e+03 1.121991e+03 1.130603e+03 1.158423e+03
9.3 1.120441e+03 1.121940e+03 1.129859e+03 1.128359e+03
10.3 1.122345e+03 1.115392e+03 1.123021e+03 1.129974e+03
11.3 1.090146e+03 1.110937e+03 1.117800e+03 1.097009e+03
12.3 1.130383e+03 1.109540e+03 1.115055e+03 1.135898e+03
13.3 1.082966e+03 1.108263e+03 1.114004e+03 1.088706e+03
14.3 1.120002e+03 1.110828e+03 1.117448e+03 1.126623e+03
15.3 1.129980e+03 1.124555e+03 1.131763e+03 1.137188e+03
16.3 1.172403e+03 1.128081e+03 1.135546e+03 1.179868e+03
17.3 1.124237e+03 1.120361e+03 1.127690e+03 1.131567e+03
0.5 1.132917e+03 1.104473e+03 1.116832e+03 1.145275e+03
1.5 1.127780e+03 1.109943e+03 1.119956e+03 1.137793e+03
2.5 1.149811e+03 1.121991e+03 1.130603e+03 1.158423e+03
3.5 1.120441e+03 1.121940e+03 1.129859e+03 1.128359e+03
4.5 1.122345e+03 1.115392e+03 1.123021e+03 1.129974e+03
5.5 1.090146e+03 1.110937e+03 1.117800e+03 1.097009e+03
6.5 1.130383e+03 1.109540e+03 1.115055e+03 1.135898e+03
7.5 1.082966e+03 1.108263e+03 1.114004e+03 1.088706e+03
8.5 1.120002e+03 1.110828e+03 1.117448e+03 1.126623e+03
9.5 1.129980e+03 1.124555e+03 1.131763e+03 1.137188e+03
10.5 1.172403e+03 1.128081e+03 1.135546e+03 1.179868e+03
11.5 1.124237e+03 1.120361e+03 1.127690e+03 1.131567e+03
12.5 1.093211e+03 1.114283e+03 1.120135e+03 1.099064e+03
13.5 1.085426e+03 1.110502e+03 1.115735e+03 1.090658e+03
14.5 1.114118e+03 1.109009e+03 1.113834e+03 1.118943e+03
15.5 1.099429e+03 1.124238e+03 1.113350e+03 1.088541e+03
16.5 1.095121e+03 1.144003e+03 1.113633e+03 1.064751e+03
17.5 1.113700e+03 1.137580e+03 1.114156e+03 1.090275e+03
0.4 1.082966e+03 1.108263e+03 1.114004e+03 1.088706e+03
1.4 1.120002e+03 1.110828e+03 1.117448e+03 1.126623e+03
2.4 1.129980e+03 1.124555e+03 1.131763e+03 1.137188e+03
3.4 1.172403e+03 1.128081e+03 1.135546e+03 1.179868e+03
4.4 1.124237e+03 1.120361e+03 1.127690e+03 1.131567e+03
5.4 1.093211e+03 1.114283e+03 1.120135e+03 1.099064e+03
6.4 1.085426e+03 1.110502e+03 1.115735e+03 1.090658e+03
7.4 1.114118e+03 1.109009e+03 1.113834e+03 1.118943e+03
8.4 1.099429e+03 1.124238e+03 1.113350e+03 1.088541e+03
9.4 1.095121e+03 1.144003e+03 1.113633e+03 1.064751e+03
10.4 1.113700e+03 1.137580e+03 1.114156e+03 1.090275e+03
11.4 1.090471e+03 1.120534e+03 1.114636e+03 1.084573e+03
12.4 1.157849e+03 1.112335e+03 1.117179e+03 1.162693e+03
13.4 1.155660e+03 1.122913e+03 1.132127e+03 1.164874e+03
14.4 1.154142e+03 1.131035e+03 1.141422e+03 1.164529e+03
15.4 1.123111e+03 1.123948e+03 1.133823e+03 1.132987e+03
16.4 1.117909e+03 1.115829e+03 1.123330e+03 1.125410e+03
17.4 1.072700e+03 1.111168e+03 1.116942e+03 1.078474e+03
0.2 1.090471e+03 1.120534e+03 1.114636e+03 1.084573e+03
1.2 1.157849e+03 1.112335e+03 1.117179e+03 1.162693e+03
2.2 1.155660e+03 1.122913e+03 1.132127e+03 1.164874e+03
3.2 1.154142e+03 1.131035e+03 1.141422e+03 1.164529e+03
4.2 1.123111e+03 1.123948e+03 1.133823e+03 1.132987e+03
5.2 1.117909e+03 1.115829e+03 1.123330e+03 1.125410e+03
6.2 1.072700e+03 1.111168e+03 1.116942e+03 1.078474e+03
7.2 1.087638e+03 1.108432e+03 1.114171e+03 1.093377e+03
8.2 1.075119e+03 1.116033e+03 1.122210e+03 1.081296e+03
9.2 1.138952e+03 1.129025e+03 1.135507e+03 1.145433e+03
10.2 1.076027e+03 1.125808e+03 1.133301e+03 1.083520e+03
11.2 1.146221e+03 1.113381e+03 1.124450e+03 1.157290e+03
12.2 1.011450e+03 1.107405e+03 1.117950e+03 1.021996e+03
13.2 1.092301e+03 1.114261e+03 1.114573e+03 1.092613e+03
14.2 1.150397e+03 1.122220e+03 1.113339e+03 1.141516e+03
15.2 1.096240e+03 1.119527e+03 1.113290e+03 1.090003e+03
16.2 1.162506e+03 1.108474e+03 1.113796e+03 1.167829e+03
17.2 1.092743e+03 1.101370e+03 1.114400e+03 1.105773e+03
0.8 1.087638e+03 1.108432e+03 1.114171e+03 1.093377e+03
1.8 1.075119e+03 1.116033e+03 1.122210e+03 1.081296e+03
2.8 1.138952e+03 1.129025e+03 1.135507e+03 1.145433e+03
3.8 1.076027e+03 1.125808e+03 1.133301e+03 1.083520e+03
4.8 1.146221e+03 1.113381e+03 1.124450e+03 1.157290e+03
5.8 1.011450e+03 1.107405e+03 1.117950e+03 1.021996e+03
6.8 1.092301e+03 1.114261e+03 1.114573e+03 1.092613e+03
7.8 1.150397e+03 1.122220e+03 1.113339e+03 1.141516e+03
8.8 1.096240e+03 1.119527e+03 1.113290e+03 1.090003e+03
9.8 1.162506e+03 1.108474e+03 1.113796e+03 1.167829e+03
10.8 1.092743e+03 1.101370e+03 1.114400e+03 1.105773e+03
11.8 1.151146e+03 1.107618e+03 1.114886e+03 1.158414e+03
12.8 1.113038e+03 1.117964e+03 1.115186e+03 1.110261e+03
13.8 1.097971e+03 1.120869e+03 1.115357e+03 1.092459e+03
14.8 1.129077e+03 1.124190e+03 1.115446e+03 1.120333e+03
15.8 1.174715e+03 1.124018e+03 1.115496e+03 1.166192e+03
16.8 1.130510e+03 1.138196e+03 1.115529e+03 1.107843e+03
17.8 1.119825e+03 1.145487e+03 1.115555e+03 1.089893e+03
0.8 1.108103e+03 1.106520e+03 1.116147e+03 1.117731e+03
1.8 1.102634e+03 1.115571e+03 1.125761e+03 1.112825e+03
2.8 1.132643e+03 1.134741e+03 1.144130e+03 1.142032e+03
3.8 1.135841e+03 1.136722e+03 1.144865e+03 1.143985e+03
4.8 1.133095e+03 1.125466e+03 1.132570e+03 1.140199e+03
5.8 1.137176e+03 1.115303e+03 1.121711e+03 1.143585e+03
6.8 1.107701e+03 1.111452e+03 1.117484e+03 1.113732e+03
7.8 1.137108e+03 1.122267e+03 1.128103e+03 1.142944e+03
8.8 1.114972e+03 1.130524e+03 1.136256e+03 1.120705e+03
9.8 1.109534e+03 1.124448e+03 1.130118e+03 1.115205e+03
10.8 1.126051e+03 1.115511e+03 1.121633e+03 1.132173e+03
11.8 1.109473e+03 1.107117e+03 1.116653e+03 1.119008e+03
12.8 1.102728e+03 1.104379e+03 1.114401e+03 1.112750e+03
13.8 1.139062e+03 1.112446e+03 1.113767e+03 1.140383e+03
14.8 1.110941e+03 1.120016e+03 1.114040e+03 1.104965e+03
15.8 1.058843e+03 1.118420e+03 1.114665e+03 1.055088e+03
16.8 1.117072e+03 1.109924e+03 1.115252e+03 1.122400e+03
17.8 1.083701e+03 1.102848e+03 1.115672e+03 1.096525e+03
0.1 1.137176e+03 1.115303e+03 1.121711e+03 1.143585e+03
1.1 1.107701e+03 1.111452e+03 1.117484e+03 1.113732e+03
2.1 1.137108e+03 1.122267e+03 1.128103e+03 1.142944e+03
3.1 1.114972e+03 1.130524e+03 1.136256e+03 1.120705e+03
4.1 1.109534e+03 1.124448e+03 1.130118e+03 1.115205e+03
5.1 1.126051e+03 1.115511e+03 1.121633e+03 1.132173e+03
6.1 1.109473e+03 1.107117e+03 1.116653e+03 1.119008e+03
7.1 1.102728e+03 1.104379e+03 1.114401e+03 1.112750e+03
8.1 1.139062e+03 1.112446e+03 1.113767e+03 1.140383e+03
9.1 1.110941e+03 1.120016e+03 1.114040e+03 1.104965e+03
10.1 1.058843e+03 1.118420e+03 1.114665e+03 1.055088e+03
11.1 1.117072e+03 1.109924e+03 1.115252e+03 1.122400e+03
12.1 1.083701e+03 1.102848e+03 1.115672e+03 1.096525e+03
13.1 1.111571e+03 1.107858e+03 1.115933e+03 1.119645e+03
14.1 1.124750e+03 1.120827e+03 1.116071e+03 1.119994e+03
15.1 1.142902e+03 1.124815e+03 1.116145e+03 1.134232e+03
16.1 1.127588e+03 1.120024e+03 1.116187e+03 1.123751e+03
17.1 1.168375e+03 1.115724e+03 1.116215e+03 1.168866e+03
0.2 1.137969e+03 1.113448e+03 1.116451e+03 1.140972e+03
1.2 1.165279e+03 1.112676e+03 1.118905e+03 1.171508e+03
2.2 1.129839e+03 1.125552e+03 1.132854e+03 1.137141e+03
3.2 1.128651e+03 1.131757e+03 1.138945e+03 1.135839e+03
4.2 1.114659e+03 1.124778e+03 1.131362e+03 1.121243e+03
5.2 1.116013e+03 1.117122e+03 1.122798e+03 1.121689e+03
6.2 1.057903e+03 1.113867e+03 1.117589e+03 1.061625e+03
7.2 1.191093e+03 1.112122e+03 1.115278e+03 1.194249e+03
8.2 1.171131e+03 1.112039e+03 1.115880e+03 1.174972e+03
9.2 1.156236e+03 1.124021e+03 1.128541e+03 1.160756e+03
10.2 1.123297e+03 1.133258e+03 1.138160e+03 1.128199e+03
11.2 1.076915e+03 1.127342e+03 1.132498e+03 1.082071e+03
12.2 1.120403e+03 1.116038e+03 1.123889e+03 1.128253e+03
13.2 1.108023e+03 1.108152e+03 1.118276e+03 1.118146e+03
14.2 1.113300e+03 1.116488e+03 1.115680e+03 1.112492e+03
15.2 1.122709e+03 1.142104e+03 1.114838e+03 1.095442e+03
16.2 1.153301e+03 1.146591e+03 1.114995e+03 1.121705e+03
17.2 1.106045e+03 1.132164e+03 1.115556e+03 1.089437e+03
0.1 1.191093e+03 1.112122e+03 1.115278e+03 1.194249e+03
1.1 1.171131e+03 1.112039e+03 1.115880e+03 1.174972e+03
2.1 1.156236e+03 1.124021e+03 1.128541e+03 1.160756e+03
3.1 1.123297e+03 1.133258e+03 1.138160e+03 1.128199e+03
4.1 1.076915e+03 1.127342e+03 1.132498e+03 1.082071e+03
5.1 1.120403e+03 1.116038e+03 1.123889e+03 1.128253e+03
6.1 1.108023e+03 1.108152e+03 1.118276e+03 1.118146e+03
7.1 1.113300e+03 1.116488e+03 1.115680e+03 1.112492e+03
8.1 1.122709e+03 1.142104e+03 1.114838e+03 1.095442e+03
9.1 1.153301e+03 1.146591e+03 1.114995e+03 1.121705e+03
10.1 1.106045e+03 1.132164e+03 1.115556e+03 1.089437e+03
11.1 1.058328e+03 1.117356e+03 1.116145e+03 1.057117e+03
12.1 1.098589e+03 1.110258e+03 1.116569e+03 1.104899e+03
13.1 1.082016e+03 1.109596e+03 1.116832e+03 1.089253e+03
14.1 1.101929e+03 1.114098e+03 1.116986e+03 1.104816e+03
15.1 1.098079e+03 1.115419e+03 1.117073e+03 1.099734e+03
16.1 1.077765e+03 1.119753e+03 1.117131e+03 1.075143e+03
17.1 1.118916e+03 1.123813e+03 1.117175e+03 1.112278e+03
0.9 1.104484e+03 1.111837e+03 1.118236e+03 1.110883e+03
1.9 1.139080e+03 1.121843e+03 1.128145e+03 1.145381e+03
2.9 1.180592e+03 1.129937e+03 1.135561e+03 1.186216e+03
3.9 1.135602e+03 1.125841e+03 1.130612e+03 1.140372e+03
4.9 1.144288e+03 1.120379e+03 1.123533e+03 1.147442e+03
5.9 1.172006e+03 1.117481e+03 1.118978e+03 1.173503e+03
6.9 1.130980e+03 1.115247e+03 1.116878e+03 1.132612e+03
7.9 1.147462e+03 1.113877e+03 1.116194e+03 1.149780e+03
8.9 1.099192e+03 1.113557e+03 1.116314e+03 1.101949e+03
