0.4 9.154326e+03 9.168648e+03 9.174353e+03 9.160031e+03
1.4 9.168048e+03 9.172971e+03 9.177979e+03 9.173056e+03
2.4 9.175226e+03 9.182535e+03 9.186725e+03 9.179416e+03
3.4 9.175051e+03 9.182823e+03 9.186254e+03 9.178482e+03
4.4 9.187896e+03 9.178050e+03 9.180663e+03 9.190509e+03
5.4 9.186308e+03 9.174454e+03 9.176425e+03 9.188279e+03
6.4 9.205039e+03 9.183844e+03 9.174147e+03 9.195342e+03
7.4 9.166872e+03 9.195043e+03 9.173239e+03 9.145069e+03
8.4 9.129514e+03 9.189586e+03 9.173093e+03 9.113021e+03
9.4 9.152229e+03 9.179889e+03 9.173331e+03 9.145670e+03
10.4 9.175969e+03 9.174028e+03 9.173655e+03 9.175596e+03
11.4 9.205397e+03 9.171086e+03 9.173924e+03 9.208236e+03
12.4 9.217657e+03 9.169996e+03 9.174087e+03 9.221748e+03
13.4 9.181411e+03 9.163363e+03 9.174170e+03 9.192218e+03
14.4 9.185928e+03 9.150801e+03 9.174205e+03 9.209332e+03
15.4 9.124562e+03 9.153520e+03 9.174216e+03 9.145258e+03
16.4 9.164445e+03 9.162770e+03 9.174217e+03 9.175893e+03
17.4 9.136648e+03 9.169563e+03 9.174214e+03 9.141299e+03
0.8 9.173277e+03 9.170329e+03 9.174552e+03 9.177500e+03
1.8 9.172729e+03 9.177277e+03 9.182401e+03 9.177853e+03
2.8 9.243545e+03 9.182586e+03 9.187430e+03 9.248389e+03
3.8 9.135629e+03 9.178196e+03 9.183320e+03 9.140753e+03
4.8 9.146095e+03 9.172257e+03 9.178088e+03 9.151925e+03
5.8 9.161806e+03 9.173124e+03 9.174810e+03 9.163492e+03
6.8 9.211583e+03 9.183724e+03 9.173304e+03 9.201163e+03
7.8 9.170000e+03 9.186018e+03 9.172809e+03 9.156792e+03
8.8 9.173191e+03 9.190028e+03 9.172887e+03 9.156050e+03
9.8 9.104512e+03 9.190900e+03 9.173188e+03 9.086799e+03
10.8 9.172825e+03 9.183016e+03 9.173496e+03 9.163305e+03
11.8 9.180028e+03 9.175269e+03 9.173706e+03 9.178465e+03
12.8 9.181949e+03 9.170916e+03 9.173824e+03 9.184857e+03
13.8 9.190997e+03 9.169183e+03 9.173878e+03 9.195693e+03
14.8 9.151479e+03 9.172460e+03 9.173896e+03 9.152914e+03
15.8 9.157511e+03 9.185943e+03 9.173897e+03 9.145465e+03
16.8 9.191439e+03 9.191058e+03 9.173891e+03 9.174273e+03
17.8 9.195179e+03 9.181149e+03 9.173882e+03 9.187912e+03
0.7 9.191266e+03 9.170335e+03 9.173969e+03 9.194899e+03
1.7 9.184709e+03 9.175736e+03 9.180625e+03 9.189598e+03
2.7 9.168868e+03 9.182294e+03 9.187148e+03 9.173722e+03
3.7 9.136493e+03 9.178905e+03 9.183935e+03 9.141523e+03
4.7 9.134184e+03 9.172365e+03 9.178539e+03 9.140357e+03
5.7 9.156688e+03 9.169066e+03 9.174958e+03 9.162579e+03
6.7 9.142892e+03 9.168898e+03 9.173268e+03 9.147261e+03
7.7 9.200354e+03 9.169435e+03 9.172673e+03 9.203592e+03
8.7 9.172141e+03 9.168859e+03 9.172710e+03 9.175992e+03
9.7 9.143630e+03 9.168703e+03 9.173058e+03 9.147985e+03
10.7 9.179190e+03 9.175101e+03 9.178672e+03 9.182761e+03
11.7 9.181808e+03 9.183999e+03 9.186682e+03 9.184490e+03
12.7 9.184386e+03 9.183801e+03 9.184852e+03 9.185436e+03
13.7 9.214734e+03 9.183482e+03 9.179317e+03 9.210569e+03
14.7 9.176738e+03 9.182353e+03 9.175521e+03 9.169906e+03
15.7 9.186653e+03 9.177731e+03 9.173570e+03 9.182492e+03
16.7 9.144189e+03 9.173593e+03 9.172863e+03 9.143460e+03
17.7 9.181166e+03 9.171409e+03 9.172841e+03 9.182598e+03
0.5 9.143630e+03 9.168703e+03 9.173058e+03 9.147985e+03
1.5 9.179190e+03 9.175101e+03 9.178672e+03 9.182761e+03
2.5 9.181808e+03 9.183999e+03 9.186682e+03 9.184490e+03
3.5 9.184386e+03 9.183801e+03 9.184852e+03 9.185436e+03
4.5 9.214734e+03 9.183482e+03 9.179317e+03 9.210569e+03
5.5 9.176738e+03 9.182353e+03 9.175521e+03 9.169906e+03
6.5 9.186653e+03 9.177731e+03 9.173570e+03 9.182492e+03
7.5 9.144189e+03 9.173593e+03 9.172863e+03 9.143460e+03
8.5 9.181166e+03 9.171409e+03 9.172841e+03 9.182598e+03
9.5 9.119926e+03 9.170727e+03 9.173146e+03 9.122345e+03
10.5 9.118241e+03 9.171078e+03 9.173499e+03 9.120662e+03
11.5 9.180699e+03 9.171578e+03 9.173785e+03 9.182906e+03
12.5 9.172543e+03 9.171828e+03 9.173968e+03 9.174682e+03
13.5 9.209126e+03 9.169327e+03 9.174078e+03 9.213877e+03
14.5 9.135932e+03 9.155146e+03 9.174147e+03 9.154933e+03
15.5 9.146969e+03 9.152458e+03 9.174195e+03 9.168706e+03
16.5 9.172974e+03 9.160660e+03 9.174234e+03 9.186548e+03
17.5 9.158995e+03 9.168283e+03 9.174270e+03 9.164982e+03
