0.4 1.022546e+04 1.023713e+04 1.023391e+04 1.022224e+04
1.4 1.015455e+04 1.023117e+04 1.023242e+04 1.015579e+04
2.4 1.021519e+04 1.022472e+04 1.022901e+04 1.021948e+04
3.4 1.028197e+04 1.022368e+04 1.022937e+04 1.028766e+04
4.4 1.022669e+04 1.022532e+04 1.023151e+04 1.023288e+04
5.4 1.028177e+04 1.022702e+04 1.023317e+04 1.028793e+04
6.4 1.019140e+04 1.023044e+04 1.023401e+04 1.019497e+04
7.4 1.022825e+04 1.024044e+04 1.023436e+04 1.022217e+04
8.4 1.026184e+04 1.024247e+04 1.023440e+04 1.025378e+04
9.4 1.019581e+04 1.023684e+04 1.023390e+04 1.019287e+04
10.4 1.017289e+04 1.022824e+04 1.023028e+04 1.017494e+04
11.4 1.021829e+04 1.022470e+04 1.022894e+04 1.022253e+04
12.4 1.024703e+04 1.023197e+04 1.023077e+04 1.024583e+04
13.4 1.018803e+04 1.024009e+04 1.023265e+04 1.018060e+04
14.4 1.027295e+04 1.023868e+04 1.023375e+04 1.026802e+04
15.4 1.022172e+04 1.023381e+04 1.023425e+04 1.022216e+04
16.4 1.021690e+04 1.023042e+04 1.023439e+04 1.022087e+04
17.4 1.027705e+04 1.022861e+04 1.023432e+04 1.028276e+04
1.0 1.019581e+04 1.023684e+04 1.023390e+04 1.019287e+04
2.0 1.017289e+04 1.022824e+04 1.023028e+04 1.017494e+04
3.0 1.021829e+04 1.022470e+04 1.022894e+04 1.022253e+04
4.0 1.024703e+04 1.023197e+04 1.023077e+04 1.024583e+04
5.0 1.018803e+04 1.024009e+04 1.023265e+04 1.018060e+04
6.0 1.027295e+04 1.023868e+04 1.023375e+04 1.026802e+04
7.0 1.022172e+04 1.023381e+04 1.023425e+04 1.022216e+04
8.0 1.021690e+04 1.023042e+04 1.023439e+04 1.022087e+04
9.0 1.027705e+04 1.022861e+04 1.023432e+04 1.028276e+04
10.0 1.030190e+04 1.023019e+04 1.023419e+04 1.030589e+04
11.0 1.017369e+04 1.023841e+04 1.023406e+04 1.016934e+04
12.0 1.025135e+04 1.023975e+04 1.023387e+04 1.024547e+04
13.0 1.022361e+04 1.023243e+04 1.023105e+04 1.022223e+04
14.0 1.024685e+04 1.022603e+04 1.022866e+04 1.024949e+04
15.0 1.023772e+04 1.022965e+04 1.023003e+04 1.023809e+04
16.0 1.024359e+04 1.023786e+04 1.023210e+04 1.023783e+04
17.0 1.024850e+04 1.023371e+04 1.023344e+04 1.024824e+04
18.0 1.019542e+04 1.020971e+04 1.023407e+04 1.021977e+04
0.7 1.025135e+04 1.023975e+04 1.023387e+04 1.024547e+04
1.7 1.022361e+04 1.023243e+04 1.023105e+04 1.022223e+04
2.7 1.024685e+04 1.022603e+04 1.022866e+04 1.024949e+04
3.7 1.023772e+04 1.022965e+04 1.023003e+04 1.023809e+04
4.7 1.024359e+04 1.023786e+04 1.023210e+04 1.023783e+04
5.7 1.024850e+04 1.023371e+04 1.023344e+04 1.024824e+04
6.7 1.019542e+04 1.020971e+04 1.023407e+04 1.021977e+04
7.7 1.020678e+04 1.020265e+04 1.023428e+04 1.023840e+04
8.7 1.021432e+04 1.021216e+04 1.023425e+04 1.023641e+04
9.7 1.029484e+04 1.022299e+04 1.023412e+04 1.030597e+04
10.7 1.018766e+04 1.024016e+04 1.023398e+04 1.018148e+04
11.7 1.024004e+04 1.024806e+04 1.023388e+04 1.022586e+04
12.7 1.023549e+04 1.024275e+04 1.023382e+04 1.022656e+04
13.7 1.023629e+04 1.023719e+04 1.023378e+04 1.023289e+04
14.7 1.025111e+04 1.024666e+04 1.023376e+04 1.023821e+04
15.7 1.021562e+04 1.025016e+04 1.023374e+04 1.019920e+04
16.7 1.029420e+04 1.024191e+04 1.023373e+04 1.028602e+04
17.7 1.026028e+04 1.024069e+04 1.023372e+04 1.025331e+04
0.3 1.022499e+04 1.024480e+04 1.023371e+04 1.021390e+04
1.3 1.021407e+04 1.023915e+04 1.023261e+04 1.020753e+04
2.3 1.025368e+04 1.022826e+04 1.022901e+04 1.025443e+04
3.3 1.025309e+04 1.022378e+04 1.022890e+04 1.025821e+04
4.3 1.024440e+04 1.022549e+04 1.023103e+04 1.024993e+04
5.3 1.023401e+04 1.023649e+04 1.023273e+04 1.023026e+04
6.3 1.021680e+04 1.024324e+04 1.023364e+04 1.020720e+04
7.3 1.033381e+04 1.025294e+04 1.023402e+04 1.031489e+04
8.3 1.026530e+04 1.026499e+04 1.023408e+04 1.023440e+04
9.3 1.024858e+04 1.025849e+04 1.023398e+04 1.022408e+04
10.3 1.027172e+04 1.025053e+04 1.023385e+04 1.025504e+04
11.3 1.029085e+04 1.023858e+04 1.023373e+04 1.028600e+04
12.3 1.018829e+04 1.021007e+04 1.023365e+04 1.021187e+04
13.3 1.022281e+04 1.019800e+04 1.023360e+04 1.025841e+04
14.3 1.018443e+04 1.021290e+04 1.023357e+04 1.020510e+04
15.3 1.018945e+04 1.022928e+04 1.023355e+04 1.019372e+04
16.3 1.021683e+04 1.022515e+04 1.023354e+04 1.022522e+04
17.3 1.020125e+04 1.020480e+04 1.023353e+04 1.022997e+04
0.4 1.028316e+04 1.023802e+04 1.023342e+04 1.027855e+04
1.4 1.029956e+04 1.023041e+04 1.023182e+04 1.030097e+04
2.4 1.022592e+04 1.022279e+04 1.022844e+04 1.023157e+04
3.4 1.021056e+04 1.022338e+04 1.022888e+04 1.021606e+04
4.4 1.020953e+04 1.023306e+04 1.023101e+04 1.020748e+04
5.4 1.023382e+04 1.023703e+04 1.023264e+04 1.022943e+04
6.4 1.025709e+04 1.023315e+04 1.023345e+04 1.025739e+04
7.4 1.024560e+04 1.022630e+04 1.023378e+04 1.025308e+04
8.4 1.027746e+04 1.021800e+04 1.023381e+04 1.029327e+04
9.4 1.018815e+04 1.021946e+04 1.023370e+04 1.020239e+04
10.4 1.021316e+04 1.023699e+04 1.023356e+04 1.020972e+04
11.4 1.023457e+04 1.024486e+04 1.023345e+04 1.022315e+04
12.4 1.025690e+04 1.023591e+04 1.023337e+04 1.025436e+04
13.4 1.023442e+04 1.022557e+04 1.023333e+04 1.024217e+04
14.4 1.022853e+04 1.022193e+04 1.023330e+04 1.023990e+04
15.4 1.016233e+04 1.022725e+04 1.023329e+04 1.016837e+04
16.4 1.020671e+04 1.023954e+04 1.023327e+04 1.020045e+04
17.4 1.024970e+04 1.023923e+04 1.023327e+04 1.024373e+04
