9.763997e+03 9.754141e+03 9.746378e+03 9.771760e+03
9.742399e+03 9.754067e+03 9.746251e+03 9.750216e+03
9.754511e+03 9.753976e+03 9.746138e+03 9.762348e+03
9.777986e+03 9.753877e+03 9.756125e+03 9.775738e+03
9.831553e+03 9.753780e+03 9.786569e+03 9.798764e+03
9.824557e+03 9.753687e+03 9.790226e+03 9.788018e+03
9.797323e+03 9.753602e+03 9.777057e+03 9.773868e+03
9.787364e+03 9.754129e+03 9.764408e+03 9.777084e+03
9.771718e+03 9.772497e+03 9.771036e+03 9.773180e+03
9.755345e+03 9.795514e+03 9.786550e+03 9.764309e+03
9.736612e+03 9.787908e+03 9.775763e+03 9.748757e+03
9.714421e+03 9.770347e+03 9.754128e+03 9.730640e+03
9.723712e+03 9.757914e+03 9.734097e+03 9.747528e+03
9.717624e+03 9.751838e+03 9.729869e+03 9.739593e+03
9.728790e+03 9.749526e+03 9.733557e+03 9.744759e+03
9.751849e+03 9.749409e+03 9.737966e+03 9.763291e+03
9.755546e+03 9.757726e+03 9.748535e+03 9.764738e+03
9.797836e+03 9.788922e+03 9.780614e+03 9.806144e+03
9.778907e+03 9.795320e+03 9.787056e+03 9.787172e+03
9.746355e+03 9.778717e+03 9.769102e+03 9.755970e+03
9.752189e+03 9.762576e+03 9.743961e+03 9.770805e+03
9.740133e+03 9.753730e+03 9.734076e+03 9.759788e+03
9.773747e+03 9.749758e+03 9.764573e+03 9.758932e+03
9.784916e+03 9.748846e+03 9.797559e+03 9.736203e+03
9.763389e+03 9.749467e+03 9.788502e+03 9.724354e+03
9.762465e+03 9.750608e+03 9.764812e+03 9.748261e+03
9.767237e+03 9.751591e+03 9.748628e+03 9.770200e+03
9.716261e+03 9.752269e+03 9.740167e+03 9.728363e+03
9.730358e+03 9.760014e+03 9.744326e+03 9.746046e+03
9.775537e+03 9.786986e+03 9.770816e+03 9.791707e+03
9.771113e+03 9.790959e+03 9.775541e+03 9.786531e+03
9.728983e+03 9.775322e+03 9.754372e+03 9.749932e+03
9.739056e+03 9.761064e+03 9.735897e+03 9.764223e+03
9.780048e+03 9.753422e+03 9.752356e+03 9.781113e+03
9.758538e+03 9.750104e+03 9.786386e+03 9.722257e+03
9.808555e+03 9.749365e+03 9.786321e+03 9.771599e+03
9.772168e+03 9.749988e+03 9.779383e+03 9.742772e+03
9.756850e+03 9.751036e+03 9.766119e+03 9.741767e+03
9.753558e+03 9.751927e+03 9.750398e+03 9.755087e+03
9.761475e+03 9.752526e+03 9.742821e+03 9.771179e+03
9.787144e+03 9.752878e+03 9.762319e+03 9.777703e+03
9.751929e+03 9.753061e+03 9.772441e+03 9.732549e+03
9.717617e+03 9.753164e+03 9.760326e+03 9.710455e+03
9.718396e+03 9.753230e+03 9.746830e+03 9.724796e+03
9.757352e+03 9.753282e+03 9.736942e+03 9.773692e+03
9.707215e+03 9.753332e+03 9.732561e+03 9.727985e+03
9.731572e+03 9.754479e+03 9.734013e+03 9.752039e+03
9.775722e+03 9.778149e+03 9.759428e+03 9.794443e+03
9.803704e+03 9.806025e+03 9.788890e+03 9.820840e+03
9.760920e+03 9.797350e+03 9.778626e+03 9.779644e+03
9.750432e+03 9.775099e+03 9.748136e+03 9.777395e+03
9.724878e+03 9.759867e+03 9.732779e+03 9.751967e+03
9.708060e+03 9.756661e+03 9.734735e+03 9.729986e+03
9.763136e+03 9.785150e+03 9.767229e+03 9.781057e+03
9.788849e+03 9.802528e+03 9.786693e+03 9.804684e+03
9.785465e+03 9.787100e+03 9.775122e+03 9.797443e+03
9.794847e+03 9.767781e+03 9.759917e+03 9.802711e+03
9.775278e+03 9.755883e+03 9.761567e+03 9.769593e+03
9.805485e+03 9.750644e+03 9.785124e+03 9.771005e+03
9.801951e+03 9.749175e+03 9.781680e+03 9.769446e+03
9.747829e+03 9.749807e+03 9.772828e+03 9.724808e+03
9.726870e+03 9.751215e+03 9.764184e+03 9.713901e+03
9.755859e+03 9.752598e+03 9.777542e+03 9.730915e+03
9.772036e+03 9.753559e+03 9.792212e+03 9.733383e+03
9.753864e+03 9.754143e+03 9.781019e+03 9.726988e+03
9.776547e+03 9.754475e+03 9.770494e+03 9.760528e+03
9.777805e+03 9.754662e+03 9.755241e+03 9.777226e+03
9.779704e+03 9.754784e+03 9.740848e+03 9.793639e+03
9.737838e+03 9.754876e+03 9.742143e+03 9.750571e+03
9.816698e+03 9.754958e+03 9.775947e+03 9.795709e+03
9.799926e+03 9.755034e+03 9.795374e+03 9.759586e+03
9.779315e+03 9.755106e+03 9.777343e+03 9.757078e+03
9.741823e+03 9.755781e+03 9.753973e+03 9.743630e+03
9.746157e+03 9.774622e+03 9.758440e+03 9.762338e+03
9.781607e+03 9.799557e+03 9.776735e+03 9.804429e+03
9.764345e+03 9.792394e+03 9.767586e+03 9.789153e+03
9.751560e+03 9.773947e+03 9.745847e+03 9.779660e+03
9.729176e+03 9.760701e+03 9.725973e+03 9.763904e+03
9.748580e+03 9.754230e+03 9.732318e+03 9.770493e+03
9.798957e+03 9.751793e+03 9.774163e+03 9.776587e+03
9.806388e+03 9.751700e+03 9.789939e+03 9.768150e+03
9.792069e+03 9.752681e+03 9.771229e+03 9.773521e+03
9.736774e+03 9.753858e+03 9.752589e+03 9.738043e+03
9.779020e+03 9.754750e+03 9.745955e+03 9.787814e+03
9.763236e+03 9.755311e+03 9.745462e+03 9.773085e+03
9.786838e+03 9.755622e+03 9.770777e+03 9.771683e+03
9.780770e+03 9.755772e+03 9.779891e+03 9.756650e+03
9.766706e+03 9.755844e+03 9.767574e+03 9.754976e+03
9.748728e+03 9.755877e+03 9.755339e+03 9.749266e+03
9.750832e+03 9.755894e+03 9.743841e+03 9.762885e+03
9.753823e+03 9.755903e+03 9.747610e+03 9.762116e+03
9.785336e+03 9.755907e+03 9.768955e+03 9.772288e+03
9.784068e+03 9.755911e+03 9.766445e+03 9.773534e+03
9.740143e+03 9.755912e+03 9.751277e+03 9.744777e+03
9.775490e+03 9.755905e+03 9.738858e+03 9.792537e+03
9.744829e+03 9.755892e+03 9.730891e+03 9.769830e+03
9.751653e+03 9.755874e+03 9.729213e+03 9.778314e+03
9.751722e+03 9.755852e+03 9.738420e+03 9.769154e+03
9.802239e+03 9.755828e+03 9.770885e+03 9.787181e+03
9.780920e+03 9.755800e+03 9.779757e+03 9.756963e+03
9.780714e+03 9.755770e+03 9.762512e+03 9.773972e+03
9.768016e+03 9.755738e+03 9.743677e+03 9.780077e+03
9.746629e+03 9.755704e+03 9.733138e+03 9.769195e+03
9.696498e+03 9.757292e+03 9.731749e+03 9.722042e+03
9.770505e+03 9.782824e+03 9.757445e+03 9.795884e+03
9.809723e+03 9.813765e+03 9.789708e+03 9.833780e+03
9.771166e+03 9.804041e+03 9.783130e+03 9.792077e+03
9.720067e+03 9.779359e+03 9.764402e+03 9.735023e+03
9.698692e+03 9.762353e+03 9.752751e+03 9.708294e+03
9.728887e+03 9.753694e+03 9.773729e+03 9.708852e+03
9.793343e+03 9.750346e+03 9.788200e+03 9.755488e+03
9.748546e+03 9.750164e+03 9.769924e+03 9.728785e+03
9.734705e+03 9.751398e+03 9.745418e+03 9.740684e+03
9.699773e+03 9.752820e+03 9.731510e+03 9.721084e+03
9.697916e+03 9.753905e+03 9.727680e+03 9.724141e+03
9.762347e+03 9.754564e+03 9.747400e+03 9.769512e+03
9.823992e+03 9.754877e+03 9.777651e+03 9.801218e+03
9.753245e+03 9.755007e+03 9.774878e+03 9.733374e+03
9.735019e+03 9.755044e+03 9.761905e+03 9.728158e+03
9.718391e+03 9.755044e+03 9.752842e+03 9.720593e+03
9.795389e+03 9.755032e+03 9.777607e+03 9.772813e+03
9.784582e+03 9.755018e+03 9.804229e+03 9.735371e+03
9.763609e+03 9.755008e+03 9.787502e+03 9.731115e+03
9.751458e+03 9.755007e+03 9.762698e+03 9.743767e+03
9.716900e+03 9.755007e+03 9.747117e+03 9.724789e+03
9.760126e+03 9.755007e+03 9.759218e+03 9.755914e+03
9.800570e+03 9.755009e+03 9.786246e+03 9.769333e+03
9.771315e+03 9.755016e+03 9.781455e+03 9.744875e+03
9.769941e+03 9.755030e+03 9.771390e+03 9.753581e+03
9.749212e+03 9.759262e+03 9.759921e+03 9.748553e+03
9.805440e+03 9.791290e+03 9.775722e+03 9.821008e+03
9.781513e+03 9.809616e+03 9.784803e+03 9.806326e+03
9.760007e+03 9.792948e+03 9.764737e+03 9.788217e+03
9.772100e+03 9.771750e+03 9.743519e+03 9.800331e+03
9.736738e+03 9.758605e+03 9.731666e+03 9.763677e+03
9.746563e+03 9.752346e+03 9.726939e+03 9.771970e+03
9.728509e+03 9.761651e+03 9.737419e+03 9.752740e+03
9.804575e+03 9.803570e+03 9.780100e+03 9.828046e+03
9.792699e+03 9.820082e+03 9.797346e+03 9.815436e+03
9.760324e+03 9.798464e+03 9.780279e+03 9.778509e+03
9.740938e+03 9.772896e+03 9.757155e+03 9.756678e+03
9.756889e+03 9.758003e+03 9.739930e+03 9.774962e+03
9.724375e+03 9.751108e+03 9.730980e+03 9.744503e+03
9.757951e+03 9.749328e+03 9.748480e+03 9.758799e+03
9.808128e+03 9.750167e+03 9.788617e+03 9.769678e+03
9.766634e+03 9.751994e+03 9.791729e+03 9.726899e+03
9.732564e+03 9.753672e+03 9.766508e+03 9.719728e+03
9.728142e+03 9.754880e+03 9.744077e+03 9.738946e+03
9.728709e+03 9.755588e+03 9.735635e+03 9.748662e+03
9.756349e+03 9.755986e+03 9.759291e+03 9.753044e+03
9.772053e+03 9.756212e+03 9.777346e+03 9.750918e+03
9.727583e+03 9.756348e+03 9.764044e+03 9.719888e+03
9.727464e+03 9.756448e+03 9.746452e+03 9.737460e+03
9.749476e+03 9.756532e+03 9.741738e+03 9.764270e+03
9.735895e+03 9.756610e+03 9.741528e+03 9.750977e+03
9.781577e+03 9.756682e+03 9.766844e+03 9.771416e+03
9.774974e+03 9.756753e+03 9.788026e+03 9.743701e+03
9.754594e+03 9.756821e+03 9.773209e+03 9.738206e+03
9.740849e+03 9.756887e+03 9.755089e+03 9.742647e+03
9.712963e+03 9.756949e+03 9.745392e+03 9.724520e+03
9.757209e+03 9.757007e+03 9.755785e+03 9.758431e+03
9.782159e+03 9.757062e+03 9.794380e+03 9.744841e+03
9.788367e+03 9.757112e+03 9.799678e+03 9.745800e+03
9.767494e+03 9.757158e+03 9.772582e+03 9.752070e+03
9.762922e+03 9.757199e+03 9.751464e+03 9.768656e+03
9.798250e+03 9.757235e+03 9.769086e+03 9.786399e+03
9.806125e+03 9.757266e+03 9.782907e+03 9.780484e+03
9.792246e+03 9.757292e+03 9.769135e+03 9.780402e+03
9.743769e+03 9.757313e+03 9.754201e+03 9.746881e+03
9.762654e+03 9.757328e+03 9.750191e+03 9.769791e+03
9.807886e+03 9.757339e+03 9.779009e+03 9.786216e+03
9.794052e+03 9.757344e+03 9.795141e+03 9.756255e+03
9.723726e+03 9.757344e+03 9.775607e+03 9.705463e+03
9.708502e+03 9.757339e+03 9.752012e+03 9.713830e+03
9.738737e+03 9.757330e+03 9.737969e+03 9.758098e+03
9.744167e+03 9.757315e+03 9.737131e+03 9.764352e+03
9.745318e+03 9.757296e+03 9.766283e+03 9.736331e+03
9.786543e+03 9.757273e+03 9.780729e+03 9.763087e+03
9.753194e+03 9.757246e+03 9.766115e+03 9.744324e+03
9.723774e+03 9.757218e+03 9.748785e+03 9.732207e+03
9.721511e+03 9.757187e+03 9.736327e+03 9.742372e+03
9.801902e+03 9.757152e+03 9.731669e+03 9.827386e+03
9.735530e+03 9.757112e+03 9.734931e+03 9.757711e+03
9.705978e+03 9.757068e+03 9.764230e+03 9.698816e+03
9.790718e+03 9.757022e+03 9.786257e+03 9.761484e+03
9.790044e+03 9.756975e+03 9.774620e+03 9.772399e+03
9.767040e+03 9.756928e+03 9.760865e+03 9.763103e+03
9.786519e+03 9.757078e+03 9.753344e+03 9.790253e+03
9.737388e+03 9.771920e+03 9.760411e+03 9.748896e+03
9.804150e+03 9.809799e+03 9.793004e+03 9.820945e+03
9.780759e+03 9.814285e+03 9.795688e+03 9.799357e+03
9.767311e+03 9.790621e+03 9.773914e+03 9.784018e+03
9.765760e+03 9.768916e+03 9.758354e+03 9.776323e+03
9.783429e+03 9.757192e+03 9.748073e+03 9.792549e+03
9.769157e+03 9.752105e+03 9.747277e+03 9.773985e+03
9.799119e+03 9.750966e+03 9.763656e+03 9.786429e+03
9.794275e+03 9.751886e+03 9.764601e+03 9.781560e+03
9.783715e+03 9.753439e+03 9.765036e+03 9.772118e+03
9.797971e+03 9.754747e+03 9.767062e+03 9.785656e+03
9.792268e+03 9.755609e+03 9.758805e+03 9.789072e+03
9.786070e+03 9.756097e+03 9.749606e+03 9.792562e+03
9.765540e+03 9.756530e+03 9.745076e+03 9.776993e+03
9.771767e+03 9.770078e+03 9.757066e+03 9.784779e+03
9.809840e+03 9.787801e+03 9.775099e+03 9.822541e+03
9.829764e+03 9.782526e+03 9.771479e+03 9.840811e+03
9.788373e+03 9.769208e+03 9.764249e+03 9.793332e+03
9.753227e+03 9.760230e+03 9.758107e+03 9.755350e+03
9.740937e+03 9.755655e+03 9.753425e+03 9.743166e+03
9.788184e+03 9.754035e+03 9.771451e+03 9.770769e+03
9.767624e+03 9.754039e+03 9.786638e+03 9.735026e+03
9.736704e+03 9.754814e+03 9.776301e+03 9.715217e+03
9.720689e+03 9.755693e+03 9.760407e+03 9.715975e+03
9.727682e+03 9.756379e+03 9.749645e+03 9.734416e+03
9.709194e+03 9.756809e+03 9.746727e+03 9.719276e+03
9.723588e+03 9.757099e+03 9.747516e+03 9.733172e+03
9.731309e+03 9.757330e+03 9.749511e+03 9.739128e+03
9.727805e+03 9.757540e+03 9.751632e+03 9.733713e+03
