1.0 1.988260e+03 1.961795e+03 1.952835e+03 1.979300e+03
2.0 2.085854e+03 1.966071e+03 1.954433e+03 2.074216e+03
3.0 2.071417e+03 1.972662e+03 1.957267e+03 2.056022e+03
4.0 1.979215e+03 1.972005e+03 1.959322e+03 1.966532e+03
5.0 2.024606e+03 1.975990e+03 1.960291e+03 2.008907e+03
6.0 1.932608e+03 1.980925e+03 1.960523e+03 1.912206e+03
7.0 1.872291e+03 1.971307e+03 1.960415e+03 1.861398e+03
8.0 2.005859e+03 1.972393e+03 1.960183e+03 1.993649e+03
9.0 1.967782e+03 1.972364e+03 1.959968e+03 1.955386e+03
10.0 1.971975e+03 1.969545e+03 1.959812e+03 1.962242e+03
11.0 2.012969e+03 1.973382e+03 1.959728e+03 1.999315e+03
12.0 1.996397e+03 1.970553e+03 1.959692e+03 1.985536e+03
13.0 1.961056e+03 1.969491e+03 1.959684e+03 1.951249e+03
14.0 1.979605e+03 1.968521e+03 1.959692e+03 1.970777e+03
15.0 1.893151e+03 1.971064e+03 1.959707e+03 1.881794e+03
16.0 1.976136e+03 1.967629e+03 1.959725e+03 1.968232e+03
17.0 1.987612e+03 1.969296e+03 1.959742e+03 1.978059e+03
18.0 1.956489e+03 1.969251e+03 1.959217e+03 1.946454e+03
19.0 1.963046e+03 1.970533e+03 1.956915e+03 1.949427e+03
20.0 1.961515e+03 1.963946e+03 1.954261e+03 1.951830e+03
21.0 1.953749e+03 1.944421e+03 1.952735e+03 1.962063e+03
22.0 2.005312e+03 1.979013e+03 1.952171e+03 1.978470e+03
23.0 1.936381e+03 1.943403e+03 1.952149e+03 1.945127e+03
24.0 1.993891e+03 1.964829e+03 1.952365e+03 1.981428e+03
25.0 2.011408e+03 1.959779e+03 1.952641e+03 2.004270e+03
26.0 1.937475e+03 1.943353e+03 1.952870e+03 1.946992e+03
27.0 1.950583e+03 1.958822e+03 1.953032e+03 1.944792e+03
28.0 1.987528e+03 1.977206e+03 1.953134e+03 1.963455e+03
29.0 2.013253e+03 1.982635e+03 1.953195e+03 1.983813e+03
30.0 1.975593e+03 1.948305e+03 1.953234e+03 1.980523e+03
31.0 1.981816e+03 1.959472e+03 1.953262e+03 1.975606e+03
32.0 1.930460e+03 1.968937e+03 1.953286e+03 1.914810e+03
33.0 1.918387e+03 1.922273e+03 1.953308e+03 1.949422e+03
34.0 1.971691e+03 1.913938e+03 1.953329e+03 2.011083e+03
