1.0 9.619442e+03 9.627918e+03 9.616527e+03 9.608050e+03
2.0 9.613197e+03 9.622919e+03 9.612295e+03 9.602572e+03
3.0 9.604170e+03 9.605047e+03 9.604793e+03 9.603917e+03
4.0 9.601755e+03 9.580721e+03 9.599351e+03 9.620385e+03
5.0 9.608501e+03 9.599863e+03 9.596786e+03 9.605423e+03
6.0 9.623708e+03 9.614184e+03 9.596172e+03 9.605697e+03
7.0 9.610683e+03 9.587906e+03 9.596460e+03 9.619237e+03
8.0 9.589462e+03 9.593513e+03 9.597073e+03 9.593022e+03
9.0 9.578426e+03 9.595599e+03 9.597643e+03 9.580470e+03
10.0 9.593436e+03 9.582998e+03 9.598055e+03 9.608493e+03
11.0 9.614671e+03 9.604717e+03 9.598278e+03 9.608232e+03
12.0 9.584081e+03 9.588843e+03 9.598373e+03 9.593611e+03
13.0 9.568161e+03 9.582407e+03 9.598393e+03 9.584147e+03
14.0 9.577816e+03 9.576318e+03 9.598372e+03 9.599870e+03
15.0 9.587961e+03 9.592261e+03 9.598333e+03 9.594034e+03
16.0 9.567111e+03 9.570635e+03 9.598286e+03 9.594763e+03
17.0 9.574178e+03 9.581094e+03 9.598240e+03 9.591324e+03
18.0 9.554740e+03 9.574462e+03 9.599630e+03 9.579907e+03
19.0 9.583637e+03 9.590282e+03 9.605724e+03 9.599078e+03
20.0 9.592992e+03 9.611734e+03 9.612750e+03 9.594007e+03
21.0 9.632685e+03 9.650398e+03 9.616790e+03 9.599077e+03
22.0 9.584052e+03 9.584059e+03 9.618284e+03 9.618276e+03
23.0 9.633685e+03 9.650187e+03 9.618341e+03 9.601839e+03
24.0 9.610958e+03 9.608080e+03 9.617769e+03 9.620647e+03
25.0 9.601440e+03 9.610122e+03 9.617039e+03 9.608357e+03
26.0 9.619684e+03 9.626680e+03 9.616432e+03 9.609436e+03
27.0 9.600287e+03 9.606764e+03 9.616005e+03 9.609528e+03
28.0 9.581046e+03 9.587429e+03 9.615734e+03 9.609350e+03
29.0 9.571513e+03 9.581566e+03 9.615573e+03 9.605520e+03
30.0 9.579660e+03 9.617201e+03 9.615469e+03 9.577928e+03
31.0 9.568823e+03 9.605196e+03 9.615394e+03 9.579021e+03
32.0 9.557282e+03 9.594603e+03 9.615331e+03 9.578011e+03
33.0 9.623496e+03 9.646520e+03 9.615273e+03 9.592250e+03
34.0 9.659279e+03 9.656071e+03 9.615217e+03 9.618425e+03
