0.4 8.039186e+03 8.055951e+03 8.058197e+03 8.041431e+03
1.4 8.060815e+03 8.059965e+03 8.056330e+03 8.057179e+03
2.4 8.060358e+03 8.045331e+03 8.045143e+03 8.060170e+03
3.4 8.053034e+03 8.013734e+03 8.031802e+03 8.071101e+03
4.4 8.076432e+03 8.064067e+03 8.023440e+03 8.035805e+03
5.4 8.025948e+03 8.035413e+03 8.020418e+03 8.010953e+03
6.4 8.116875e+03 8.114120e+03 8.020293e+03 8.023048e+03
7.4 8.042234e+03 8.055873e+03 8.021500e+03 8.007860e+03
8.4 8.002085e+03 8.050014e+03 8.023021e+03 7.975093e+03
9.4 8.078856e+03 7.999724e+03 8.024392e+03 8.103525e+03
10.4 8.050220e+03 8.004432e+03 8.025390e+03 8.071178e+03
11.4 7.995588e+03 8.002274e+03 8.026078e+03 8.019392e+03
12.4 8.081461e+03 8.011710e+03 8.026562e+03 8.096313e+03
13.4 8.017878e+03 7.995418e+03 8.026924e+03 8.049384e+03
14.4 8.116296e+03 8.086241e+03 8.027233e+03 8.057287e+03
15.4 7.933028e+03 8.053189e+03 8.027517e+03 7.907356e+03
16.4 7.847165e+03 7.949560e+03 8.027794e+03 7.925398e+03
17.4 7.933618e+03 7.978110e+03 8.028239e+03 7.983747e+03
18.4 7.971179e+03 7.992530e+03 8.034093e+03 8.012743e+03
19.4 8.061915e+03 8.029172e+03 8.048273e+03 8.081016e+03
20.4 8.031670e+03 8.059191e+03 8.060345e+03 8.032824e+03
21.4 8.010725e+03 8.048423e+03 8.066683e+03 8.028984e+03
22.4 8.062882e+03 8.068011e+03 8.068845e+03 8.063716e+03
23.4 8.055725e+03 8.113712e+03 8.068798e+03 8.010811e+03
24.4 7.943231e+03 8.031172e+03 8.067892e+03 7.979951e+03
25.4 8.046023e+03 8.058212e+03 8.066947e+03 8.054757e+03
