0.9 8.097003e+02 9.939024e+02 9.710419e+02 7.868398e+02
1.9 1.010791e+03 1.076111e+03 1.052012e+03 9.866919e+02
2.9 1.384889e+03 1.251738e+03 1.225847e+03 1.358998e+03
3.9 1.578504e+03 1.391910e+03 1.364050e+03 1.550645e+03
4.9 1.633208e+03 1.463290e+03 1.433478e+03 1.603396e+03
5.9 1.613102e+03 1.484394e+03 1.452742e+03 1.581450e+03
6.9 1.710107e+03 1.481482e+03 1.448095e+03 1.676720e+03
7.9 1.056288e+03 1.469183e+03 1.434141e+03 1.021247e+03
8.9 1.453378e+03 1.456984e+03 1.420350e+03 1.416745e+03
9.9 1.514152e+03 1.448183e+03 1.409999e+03 1.475968e+03
10.9 1.248830e+03 1.443889e+03 1.404186e+03 1.209127e+03
11.9 1.520520e+03 1.442770e+03 1.401573e+03 1.479323e+03
12.9 1.043220e+03 1.443557e+03 1.400888e+03 1.000552e+03
13.9 1.241015e+03 1.445395e+03 1.401277e+03 1.196898e+03
14.9 1.793170e+03 1.447681e+03 1.402135e+03 1.747624e+03
15.9 1.435836e+03 1.450159e+03 1.403207e+03 1.388884e+03
16.9 1.956996e+03 1.452698e+03 1.404361e+03 1.908659e+03
17.9 1.067267e+03 1.433235e+03 1.383534e+03 1.017567e+03
18.9 1.462358e+03 1.305835e+03 1.254793e+03 1.411315e+03
19.9 8.378551e+02 1.136725e+03 1.084364e+03 7.854933e+02
20.9 1.247848e+03 1.032339e+03 9.786796e+02 1.194188e+03
21.9 1.097262e+03 9.913122e+02 9.363773e+02 1.042327e+03
22.9 8.496743e+02 9.875213e+02 9.313666e+02 7.935195e+02
23.9 1.497988e+03 9.928465e+02 9.434848e+02 1.448627e+03
24.9 1.465899e+03 9.776169e+02 9.606070e+02 1.448889e+03
25.9 1.572450e+03 9.578729e+02 9.754155e+02 1.589992e+03
26.9 1.264620e+03 9.486870e+02 9.860552e+02 1.301988e+03
27.9 1.391373e+03 9.487847e+02 9.929199e+02 1.435508e+03
28.9 1.238710e+03 9.535800e+02 9.969745e+02 1.282104e+03
29.9 1.436547e+03 9.600871e+02 9.995581e+02 1.476018e+03
30.9 1.043641e+03 9.664121e+02 1.001374e+03 1.078603e+03
31.9 1.109430e+03 9.718160e+02 1.002872e+03 1.140486e+03
32.9 1.416523e+03 9.761615e+02 1.004242e+03 1.444604e+03
33.9 8.621007e+02 9.795606e+02 1.005563e+03 8.881030e+02
