0.2 1.253930e+04 1.248244e+04 1.242545e+04 1.248231e+04
1.2 1.233812e+04 1.248267e+04 1.242487e+04 1.228032e+04
2.2 1.250812e+04 1.247713e+04 1.242095e+04 1.245193e+04
3.2 1.260943e+04 1.246934e+04 1.241562e+04 1.255571e+04
4.2 1.240194e+04 1.246324e+04 1.241202e+04 1.235072e+04
5.2 1.251015e+04 1.245972e+04 1.241058e+04 1.246102e+04
6.2 1.246456e+04 1.245782e+04 1.241035e+04 1.241710e+04
7.2 1.232570e+04 1.245684e+04 1.241070e+04 1.227956e+04
8.2 1.250743e+04 1.245621e+04 1.241120e+04 1.246241e+04
9.2 1.239327e+04 1.245565e+04 1.241166e+04 1.234927e+04
10.2 1.249078e+04 1.245501e+04 1.241197e+04 1.244774e+04
11.2 1.250215e+04 1.245428e+04 1.241217e+04 1.246004e+04
12.2 1.232345e+04 1.245347e+04 1.241227e+04 1.228225e+04
13.2 1.230181e+04 1.245263e+04 1.241232e+04 1.226151e+04
14.2 1.245738e+04 1.245177e+04 1.241235e+04 1.241795e+04
15.2 1.240263e+04 1.245092e+04 1.241237e+04 1.236408e+04
16.2 1.243923e+04 1.245007e+04 1.241238e+04 1.240154e+04
17.2 1.254930e+04 1.244926e+04 1.241242e+04 1.251245e+04
18.2 1.244489e+04 1.245013e+04 1.241412e+04 1.240888e+04
19.2 1.244844e+04 1.245448e+04 1.241930e+04 1.241325e+04
20.2 1.244174e+04 1.245847e+04 1.242409e+04 1.240737e+04
21.2 1.271963e+04 1.246032e+04 1.242674e+04 1.268605e+04
22.2 1.250353e+04 1.246038e+04 1.242759e+04 1.247074e+04
23.2 1.227956e+04 1.245953e+04 1.242754e+04 1.224756e+04
24.2 1.256775e+04 1.245403e+04 1.242711e+04 1.254082e+04
25.2 1.228782e+04 1.243767e+04 1.242663e+04 1.227678e+04
26.2 1.235560e+04 1.242050e+04 1.242624e+04 1.236134e+04
27.2 1.245141e+04 1.241069e+04 1.242600e+04 1.246673e+04
28.2 1.248796e+04 1.240668e+04 1.242587e+04 1.250715e+04
29.2 1.243532e+04 1.240588e+04 1.242581e+04 1.245525e+04
30.2 1.229025e+04 1.240646e+04 1.242579e+04 1.230958e+04
31.2 1.248640e+04 1.240735e+04 1.242578e+04 1.250483e+04
32.2 1.239091e+04 1.240794e+04 1.242578e+04 1.240875e+04
33.2 1.246197e+04 1.240812e+04 1.242579e+04 1.247963e+04
0.6 1.243588e+04 1.243313e+04 1.242634e+04 1.242909e+04
1.6 1.234125e+04 1.243401e+04 1.242499e+04 1.233223e+04
2.6 1.243010e+04 1.243117e+04 1.242005e+04 1.241897e+04
3.6 1.248434e+04 1.242779e+04 1.241510e+04 1.247165e+04
4.6 1.232195e+04 1.242605e+04 1.241226e+04 1.230815e+04
5.6 1.238624e+04 1.242585e+04 1.241130e+04 1.237168e+04
6.6 1.260224e+04 1.242646e+04 1.241131e+04 1.258709e+04
7.6 1.223524e+04 1.242741e+04 1.241175e+04 1.221958e+04
8.6 1.251064e+04 1.242840e+04 1.241225e+04 1.249449e+04
9.6 1.256835e+04 1.242932e+04 1.241267e+04 1.255170e+04
10.6 1.252624e+04 1.243011e+04 1.241294e+04 1.250908e+04
11.6 1.235566e+04 1.243080e+04 1.241310e+04 1.233796e+04
12.6 1.261010e+04 1.243143e+04 1.241319e+04 1.259186e+04
13.6 1.244376e+04 1.243204e+04 1.241323e+04 1.242495e+04
14.6 1.242184e+04 1.243265e+04 1.241326e+04 1.240245e+04
15.6 1.247915e+04 1.243328e+04 1.241328e+04 1.245914e+04
16.6 1.243090e+04 1.243396e+04 1.241329e+04 1.241023e+04
17.6 1.223936e+04 1.243486e+04 1.241350e+04 1.221800e+04
18.6 1.242813e+04 1.243853e+04 1.241643e+04 1.240604e+04
19.6 1.251194e+04 1.244483e+04 1.242197e+04 1.248908e+04
20.6 1.234316e+04 1.244975e+04 1.242610e+04 1.231952e+04
21.6 1.272966e+04 1.245251e+04 1.242805e+04 1.270519e+04
22.6 1.259414e+04 1.245228e+04 1.242856e+04 1.257043e+04
23.6 1.246808e+04 1.242964e+04 1.242834e+04 1.246677e+04
24.6 1.230893e+04 1.238600e+04 1.242786e+04 1.235079e+04
25.6 1.238271e+04 1.235361e+04 1.242741e+04 1.245650e+04
26.6 1.255532e+04 1.233874e+04 1.242707e+04 1.264366e+04
27.6 1.221761e+04 1.233551e+04 1.242687e+04 1.230896e+04
28.6 1.228084e+04 1.233819e+04 1.242676e+04 1.236941e+04
29.6 1.232585e+04 1.234302e+04 1.242671e+04 1.240953e+04
30.6 1.219953e+04 1.234773e+04 1.242669e+04 1.227849e+04
31.6 1.222748e+04 1.235151e+04 1.242668e+04 1.230265e+04
32.6 1.232530e+04 1.235428e+04 1.242667e+04 1.239770e+04
33.6 1.242237e+04 1.235621e+04 1.242667e+04 1.249283e+04
