0.6 9.365352e+03 9.191826e+03 9.232749e+03 9.406275e+03
1.6 9.246233e+03 9.142781e+03 9.184819e+03 9.288271e+03
2.6 9.202897e+03 8.990914e+03 9.034048e+03 9.246031e+03
3.6 8.945737e+03 8.833443e+03 8.877660e+03 8.989953e+03
4.6 8.777199e+03 8.745152e+03 8.790440e+03 8.822487e+03
5.6 8.511950e+03 8.710372e+03 8.756718e+03 8.558296e+03
6.6 8.402436e+03 8.705536e+03 8.752923e+03 8.449823e+03
7.6 8.524031e+03 8.712792e+03 8.761202e+03 8.572442e+03
8.6 8.471836e+03 8.722699e+03 8.772114e+03 8.521251e+03
9.6 8.489742e+03 8.729549e+03 8.779947e+03 8.540140e+03
10.6 8.363041e+03 8.732579e+03 8.783930e+03 8.414392e+03
11.6 8.645800e+03 8.732080e+03 8.784356e+03 8.698076e+03
12.6 8.313512e+03 8.729484e+03 8.782665e+03 8.366692e+03
13.6 8.454666e+03 8.725793e+03 8.779863e+03 8.508735e+03
14.6 8.577505e+03 8.721584e+03 8.776529e+03 8.632450e+03
15.6 8.465152e+03 8.717207e+03 8.773016e+03 8.520961e+03
16.6 8.603960e+03 8.712800e+03 8.769461e+03 8.660622e+03
17.6 8.723294e+03 8.714386e+03 8.771890e+03 8.780798e+03
18.6 8.520096e+03 8.801448e+03 8.859784e+03 8.578432e+03
19.6 8.382859e+03 8.959558e+03 9.018716e+03 8.442016e+03
20.6 8.471855e+03 9.081386e+03 9.141354e+03 8.531823e+03
21.6 8.493859e+03 9.135788e+03 9.194965e+03 8.553037e+03
22.6 8.638856e+03 9.179877e+03 9.205925e+03 8.664903e+03
23.6 9.084162e+03 9.242064e+03 9.195674e+03 9.037772e+03
24.6 9.021353e+03 9.282022e+03 9.178283e+03 8.917614e+03
25.6 9.226200e+03 9.292993e+03 9.161025e+03 9.094232e+03
26.6 9.034832e+03 9.286803e+03 9.147851e+03 8.895880e+03
27.6 9.137175e+03 9.274452e+03 9.138647e+03 9.001370e+03
28.6 8.908064e+03 9.261048e+03 9.132338e+03 8.779354e+03
29.6 9.232131e+03 9.249582e+03 9.127902e+03 9.110451e+03
30.6 9.220150e+03 9.240485e+03 9.124382e+03 9.104047e+03
31.6 9.728445e+03 9.233763e+03 9.121317e+03 9.616000e+03
32.6 9.539313e+03 9.228587e+03 9.118446e+03 9.429172e+03
33.6 9.098376e+03 9.224326e+03 9.115676e+03 8.989726e+03
1.0 9.051809e+03 9.101836e+03 9.156428e+03 9.106401e+03
2.0 9.016675e+03 9.020834e+03 9.072276e+03 9.068117e+03
3.0 8.904910e+03 8.863229e+03 8.909907e+03 8.951588e+03
4.0 8.931805e+03 8.747757e+03 8.789793e+03 8.973841e+03
5.0 8.681917e+03 8.697096e+03 8.735214e+03 8.720035e+03
6.0 8.991968e+03 8.689051e+03 8.724014e+03 9.026931e+03
7.0 8.907887e+03 8.702202e+03 8.734630e+03 8.940314e+03
8.0 8.899332e+03 8.722887e+03 8.753112e+03 8.929556e+03
9.0 8.270511e+03 8.742767e+03 8.770964e+03 8.298708e+03
10.0 8.835503e+03 8.759024e+03 8.785257e+03 8.861736e+03
11.0 8.744166e+03 8.771528e+03 8.795793e+03 8.768431e+03
12.0 8.829650e+03 8.781028e+03 8.803292e+03 8.851914e+03
13.0 8.969917e+03 8.788914e+03 8.809145e+03 8.990148e+03
14.0 8.560544e+03 8.795954e+03 8.814129e+03 8.578718e+03
15.0 8.655317e+03 8.802676e+03 8.818777e+03 8.671419e+03
16.0 8.821234e+03 8.809308e+03 8.823325e+03 8.835251e+03
17.0 8.848777e+03 8.815971e+03 8.827905e+03 8.860711e+03
18.0 9.452736e+03 8.850729e+03 8.860584e+03 9.462591e+03
19.0 8.976781e+03 8.990221e+03 8.997996e+03 8.984556e+03
20.0 9.062754e+03 9.153523e+03 9.159211e+03 9.068442e+03
21.0 8.871081e+03 9.258333e+03 9.261923e+03 8.874672e+03
