0.6 1.225085e+03 1.413937e+03 1.404358e+03 1.215505e+03
1.6 1.337733e+03 1.413084e+03 1.402830e+03 1.327478e+03
2.6 1.322061e+03 1.408939e+03 1.398024e+03 1.311146e+03
3.6 1.280836e+03 1.404594e+03 1.393039e+03 1.269281e+03
4.6 1.239996e+03 1.402432e+03 1.390259e+03 1.227823e+03
5.6 1.314334e+03 1.401956e+03 1.389184e+03 1.301562e+03
6.6 1.322751e+03 1.402419e+03 1.389063e+03 1.309395e+03
7.6 1.365856e+03 1.403253e+03 1.389327e+03 1.351930e+03
8.6 1.444973e+03 1.404157e+03 1.389675e+03 1.430491e+03
9.6 1.521383e+03 1.404950e+03 1.389925e+03 1.506357e+03
10.6 1.553928e+03 1.405607e+03 1.390052e+03 1.538373e+03
11.6 1.347602e+03 1.406136e+03 1.390065e+03 1.331531e+03
12.6 1.358296e+03 1.406584e+03 1.390011e+03 1.341723e+03
13.6 1.284231e+03 1.406983e+03 1.389922e+03 1.267170e+03
14.6 1.395135e+03 1.407351e+03 1.389816e+03 1.377599e+03
15.6 1.519070e+03 1.407700e+03 1.389704e+03 1.501074e+03
16.6 1.601295e+03 1.408034e+03 1.389590e+03 1.582851e+03
17.6 1.488772e+03 1.408544e+03 1.389668e+03 1.469896e+03
18.6 1.464707e+03 1.411765e+03 1.392469e+03 1.445412e+03
19.6 1.458909e+03 1.417236e+03 1.397535e+03 1.439209e+03
20.6 1.506212e+03 1.421536e+03 1.401444e+03 1.486120e+03
21.6 1.524844e+03 1.423408e+03 1.403153e+03 1.504589e+03
22.6 1.543140e+03 1.419559e+03 1.403503e+03 1.527084e+03
23.6 1.546502e+03 1.409733e+03 1.403176e+03 1.539944e+03
24.6 1.463387e+03 1.401697e+03 1.402621e+03 1.464311e+03
25.6 1.556742e+03 1.397568e+03 1.402071e+03 1.561245e+03
26.6 1.491210e+03 1.396414e+03 1.401651e+03 1.496447e+03
27.6 1.492187e+03 1.396736e+03 1.401358e+03 1.496809e+03
28.6 1.493722e+03 1.397668e+03 1.401157e+03 1.497210e+03
29.6 1.223382e+03 1.398638e+03 1.401016e+03 1.225759e+03
30.6 1.264554e+03 1.399429e+03 1.400903e+03 1.266028e+03
31.6 1.397480e+03 1.399963e+03 1.400806e+03 1.398322e+03
32.6 1.268489e+03 1.400309e+03 1.400714e+03 1.268894e+03
33.6 1.379538e+03 1.400535e+03 1.400626e+03 1.379628e+03
1.0 1.421953e+03 1.396414e+03 1.401925e+03 1.427463e+03
2.0 1.379558e+03 1.393757e+03 1.399243e+03 1.385044e+03
3.0 1.320604e+03 1.388542e+03 1.394067e+03 1.326129e+03
4.0 1.396556e+03 1.384691e+03 1.390239e+03 1.402103e+03
5.0 1.328068e+03 1.382974e+03 1.388499e+03 1.333592e+03
6.0 1.313687e+03 1.382686e+03 1.388142e+03 1.319143e+03
7.0 1.430146e+03 1.383133e+03 1.388480e+03 1.435494e+03
8.0 1.303994e+03 1.383856e+03 1.389069e+03 1.309207e+03
9.0 1.346446e+03 1.384579e+03 1.389638e+03 1.351505e+03
10.0 1.600303e+03 1.385201e+03 1.390094e+03 1.605195e+03
11.0 1.496916e+03 1.385712e+03 1.390430e+03 1.501633e+03
12.0 1.459096e+03 1.386132e+03 1.390669e+03 1.463632e+03
13.0 1.395828e+03 1.386507e+03 1.390855e+03 1.400176e+03
14.0 1.406350e+03 1.386861e+03 1.391014e+03 1.410503e+03
15.0 1.288944e+03 1.387214e+03 1.391162e+03 1.292892e+03
16.0 1.290036e+03 1.387576e+03 1.391307e+03 1.293767e+03
17.0 1.466429e+03 1.387967e+03 1.391453e+03 1.469916e+03
18.0 1.219129e+03 1.389282e+03 1.392495e+03 1.222342e+03
19.0 1.180185e+03 1.393958e+03 1.396875e+03 1.183101e+03
20.0 1.255661e+03 1.399408e+03 1.402014e+03 1.258266e+03
21.0 1.353907e+03 1.403005e+03 1.405287e+03 1.356189e+03
