0.8 9.608741e+03 9.638980e+03 9.654796e+03 9.624557e+03
1.8 9.572067e+03 9.636328e+03 9.651275e+03 9.587014e+03
2.8 9.562106e+03 9.628714e+03 9.642783e+03 9.576175e+03
3.8 9.546158e+03 9.622541e+03 9.635704e+03 9.559321e+03
4.8 9.580349e+03 9.619892e+03 9.632116e+03 9.592573e+03
5.8 9.576211e+03 9.619781e+03 9.631038e+03 9.587467e+03
6.8 9.574330e+03 9.621015e+03 9.631277e+03 9.584592e+03
7.8 9.585307e+03 9.622778e+03 9.632025e+03 9.594554e+03
8.8 9.591404e+03 9.624577e+03 9.632788e+03 9.599615e+03
9.8 9.593259e+03 9.626219e+03 9.633375e+03 9.600415e+03
10.8 9.592798e+03 9.627674e+03 9.633757e+03 9.598882e+03
11.8 9.613448e+03 9.628970e+03 9.633962e+03 9.618440e+03
12.8 9.612668e+03 9.630184e+03 9.634066e+03 9.616550e+03
13.8 9.555423e+03 9.631359e+03 9.634112e+03 9.558176e+03
14.8 9.545164e+03 9.632529e+03 9.634133e+03 9.546769e+03
15.8 9.628890e+03 9.633706e+03 9.634142e+03 9.629326e+03
16.8 9.698667e+03 9.634897e+03 9.634145e+03 9.697914e+03
17.8 9.828143e+03 9.636966e+03 9.635004e+03 9.826182e+03
18.8 9.765868e+03 9.644279e+03 9.641085e+03 9.762674e+03
19.8 9.869713e+03 9.654002e+03 9.649554e+03 9.865264e+03
20.8 9.737623e+03 9.661070e+03 9.655343e+03 9.731896e+03
21.8 9.652986e+03 9.664728e+03 9.657700e+03 9.645958e+03
22.8 9.680036e+03 9.666454e+03 9.658102e+03 9.671684e+03
23.8 9.659635e+03 9.667327e+03 9.657585e+03 9.649894e+03
24.8 9.705485e+03 9.673455e+03 9.656802e+03 9.688831e+03
25.8 9.773014e+03 9.694215e+03 9.656077e+03 9.734877e+03
26.8 9.793926e+03 9.715250e+03 9.655575e+03 9.734252e+03
27.8 9.719141e+03 9.727967e+03 9.655263e+03 9.646436e+03
28.8 9.695514e+03 9.733203e+03 9.655094e+03 9.617405e+03
29.8 9.748621e+03 9.734606e+03 9.655000e+03 9.669015e+03
30.8 9.687251e+03 9.734356e+03 9.654943e+03 9.607839e+03
31.8 9.724867e+03 9.733871e+03 9.654902e+03 9.645898e+03
32.8 9.747508e+03 9.733746e+03 9.654865e+03 9.668627e+03
33.8 9.667451e+03 9.734238e+03 9.654829e+03 9.588041e+03
