9.752082e+03 8.893174e+03 9.203610e+03 9.441646e+03
9.720504e+03 8.896275e+03 9.197884e+03 9.418894e+03
9.365352e+03 8.899617e+03 9.191826e+03 9.073143e+03
9.246233e+03 8.933363e+03 9.142781e+03 9.036814e+03
9.202897e+03 9.039820e+03 8.990914e+03 9.251803e+03
8.945737e+03 9.150240e+03 8.833443e+03 9.262533e+03
8.777199e+03 9.211741e+03 8.745152e+03 9.243788e+03
8.511950e+03 9.235406e+03 8.710372e+03 9.036984e+03
8.402436e+03 9.237899e+03 8.705536e+03 8.934799e+03
8.524031e+03 9.231846e+03 8.712792e+03 9.043085e+03
8.471836e+03 9.223922e+03 8.722699e+03 8.973059e+03
8.489742e+03 9.218166e+03 8.729549e+03 8.978359e+03
8.363041e+03 9.215122e+03 8.732579e+03 8.845584e+03
8.645800e+03 9.214585e+03 8.732080e+03 9.128305e+03
8.313512e+03 9.215535e+03 8.729484e+03 8.799563e+03
8.454666e+03 9.217261e+03 8.725793e+03 8.946133e+03
8.577505e+03 9.219353e+03 8.721584e+03 9.075274e+03
8.465152e+03 9.221563e+03 8.717207e+03 8.969508e+03
8.603960e+03 9.223791e+03 8.712800e+03 9.114952e+03
8.723294e+03 9.221780e+03 8.714386e+03 9.230687e+03
8.520096e+03 9.159326e+03 8.801448e+03 8.877974e+03
8.382859e+03 9.046630e+03 8.959558e+03 8.469930e+03
8.471855e+03 8.959588e+03 9.081386e+03 8.350056e+03
8.493859e+03 8.921345e+03 9.135788e+03 8.279416e+03
8.638856e+03 8.913252e+03 9.179877e+03 8.372230e+03
9.084162e+03 8.920148e+03 9.242064e+03 8.762245e+03
9.021353e+03 8.932082e+03 9.282022e+03 8.671414e+03
9.226200e+03 8.943913e+03 9.292993e+03 8.877120e+03
9.034832e+03 8.952846e+03 9.286803e+03 8.700875e+03
9.137175e+03 8.958962e+03 9.274452e+03 8.821685e+03
8.908064e+03 8.963022e+03 9.261048e+03 8.610038e+03
9.232131e+03 8.965748e+03 9.249582e+03 8.948297e+03
9.220150e+03 8.967817e+03 9.240485e+03 8.947482e+03
9.728445e+03 8.969554e+03 9.233763e+03 9.464237e+03
9.539313e+03 8.971146e+03 9.228587e+03 9.281872e+03
9.098376e+03 8.972657e+03 9.224326e+03 8.846707e+03
9.418109e+03 8.974109e+03 9.220591e+03 9.171626e+03
9.408813e+03 8.975507e+03 9.217117e+03 9.167203e+03
9.317345e+03 8.976858e+03 9.213787e+03 9.080415e+03
9.652810e+03 8.978160e+03 9.210547e+03 9.420423e+03
8.821383e+03 8.979416e+03 9.198057e+03 8.602742e+03
9.542007e+03 8.980626e+03 9.139937e+03 9.382695e+03
9.354351e+03 8.981789e+03 9.064222e+03 9.271918e+03
9.439558e+03 8.982908e+03 9.015969e+03 9.406497e+03
9.457342e+03 8.983982e+03 8.994602e+03 9.446722e+03
9.387505e+03 8.985013e+03 8.989099e+03 9.383419e+03
8.679499e+03 8.986000e+03 8.996578e+03 8.668921e+03
8.714943e+03 8.986944e+03 9.024375e+03 8.677512e+03
8.868130e+03 8.987846e+03 9.052794e+03 8.803183e+03
9.170140e+03 8.988705e+03 9.069020e+03 9.089825e+03
9.301271e+03 8.989521e+03 9.074409e+03 9.216383e+03
9.038627e+03 8.990296e+03 9.073312e+03 8.955611e+03
9.215211e+03 8.991031e+03 9.069366e+03 9.136875e+03
8.993809e+03 8.991728e+03 9.064713e+03 8.920824e+03
9.238675e+03 8.992390e+03 9.060388e+03 9.170677e+03
8.877423e+03 8.993015e+03 9.056703e+03 8.813735e+03
9.067244e+03 8.993605e+03 9.053665e+03 9.007184e+03
8.879772e+03 8.994160e+03 9.051042e+03 8.822891e+03
9.048727e+03 8.994681e+03 9.048683e+03 8.994724e+03
9.114226e+03 8.995168e+03 9.046471e+03 9.062923e+03
9.296148e+03 8.995622e+03 9.044347e+03 9.247423e+03
9.107776e+03 8.996043e+03 9.042288e+03 9.061532e+03
9.114139e+03 8.996433e+03 9.039599e+03 9.070973e+03
9.087371e+03 8.996791e+03 9.024490e+03 9.059672e+03
9.148696e+03 8.997118e+03 8.995805e+03 9.150009e+03
9.157567e+03 8.997414e+03 8.971838e+03 9.183144e+03
9.212583e+03 8.997682e+03 8.959583e+03 9.250681e+03
9.286651e+03 8.997920e+03 8.958542e+03 9.326029e+03
9.423248e+03 8.998129e+03 8.981969e+03 9.439409e+03
9.508622e+03 8.998311e+03 9.015475e+03 9.491458e+03
9.542873e+03 8.998466e+03 9.038421e+03 9.502918e+03
9.635533e+03 8.998594e+03 9.047531e+03 9.586596e+03
9.145292e+03 8.998697e+03 9.048564e+03 9.095425e+03
9.075327e+03 8.998773e+03 9.045623e+03 9.028478e+03
9.381768e+03 8.998825e+03 9.041440e+03 9.339153e+03
9.143780e+03 8.998853e+03 9.037408e+03 9.105225e+03
9.119009e+03 8.998857e+03 9.034223e+03 9.083643e+03
9.027219e+03 8.998839e+03 9.031797e+03 8.994261e+03
9.107398e+03 8.998798e+03 9.029963e+03 9.076232e+03
9.136560e+03 8.998735e+03 9.028470e+03 9.106825e+03
8.934493e+03 8.998650e+03 9.027168e+03 8.905976e+03
9.219273e+03 8.998546e+03 9.025979e+03 9.191839e+03
8.921770e+03 8.998421e+03 9.024862e+03 8.895329e+03
9.136493e+03 8.998276e+03 9.023639e+03 9.111130e+03
8.927487e+03 8.998113e+03 9.012187e+03 8.913413e+03
8.482764e+03 8.997931e+03 8.979488e+03 8.501207e+03
9.131652e+03 8.997731e+03 8.949142e+03 9.180241e+03
8.631814e+03 8.997514e+03 8.932067e+03 8.697261e+03
9.325032e+03 8.997280e+03 8.926067e+03 9.396245e+03
8.802174e+03 8.997030e+03 8.925688e+03 8.873516e+03
9.037346e+03 8.996764e+03 8.934507e+03 9.099604e+03
9.027529e+03 8.996483e+03 8.960872e+03 9.063140e+03
9.081443e+03 8.996187e+03 8.988162e+03 9.089468e+03
9.047396e+03 8.995877e+03 9.003167e+03 9.040106e+03
9.242290e+03 8.995553e+03 9.008503e+03 9.229339e+03
9.082390e+03 8.995215e+03 9.008498e+03 9.069107e+03
8.989589e+03 8.994865e+03 9.006201e+03 8.978254e+03
9.095114e+03 8.994502e+03 9.003388e+03 9.086228e+03
9.097532e+03 8.994127e+03 9.001088e+03 9.090571e+03
8.829323e+03 8.993741e+03 8.999495e+03 8.823568e+03
8.816520e+03 8.993343e+03 8.998504e+03 8.811359e+03
8.885537e+03 8.992934e+03 8.997953e+03 8.880518e+03
9.011711e+03 8.992515e+03 8.997650e+03 9.006577e+03
8.996909e+03 8.992086e+03 8.997499e+03 8.991497e+03
9.111944e+03 8.991648e+03 8.997440e+03 9.106152e+03
8.953392e+03 8.991200e+03 8.997450e+03 8.947141e+03
9.062365e+03 8.990743e+03 8.996640e+03 9.056467e+03
9.008495e+03 8.990277e+03 8.982048e+03 9.016724e+03
9.042442e+03 8.989802e+03 8.955243e+03 9.077002e+03
8.750414e+03 8.989320e+03 8.934590e+03 8.805144e+03
8.939641e+03 8.988830e+03 8.924793e+03 9.003677e+03
8.829018e+03 8.988332e+03 8.922642e+03 8.894709e+03
9.104848e+03 8.987827e+03 8.924158e+03 9.168517e+03
8.362084e+03 8.996291e+03 8.939668e+03 8.418708e+03
8.837762e+03 9.073135e+03 9.051905e+03 8.858991e+03
9.098572e+03 9.191821e+03 9.222822e+03 9.067571e+03
9.253984e+03 9.271677e+03 9.338185e+03 9.187476e+03
9.824050e+03 9.306670e+03 9.389692e+03 9.741027e+03
9.434680e+03 9.312770e+03 9.400100e+03 9.347350e+03
9.485399e+03 9.305890e+03 9.392070e+03 9.399219e+03
9.359480e+03 9.294630e+03 9.377847e+03 9.276262e+03
9.405808e+03 9.284486e+03 9.365244e+03 9.325050e+03
9.338186e+03 9.276962e+03 9.356405e+03 9.258743e+03
9.457479e+03 9.272363e+03 9.351766e+03 9.378076e+03
9.251656e+03 9.269685e+03 9.349915e+03 9.171426e+03
9.378293e+03 9.268105e+03 9.349688e+03 9.296710e+03
9.219128e+03 9.267107e+03 9.350355e+03 9.135881e+03
9.254623e+03 9.266349e+03 9.351432e+03 9.169540e+03
9.413018e+03 9.265689e+03 9.352722e+03 9.325985e+03
9.392640e+03 9.264829e+03 9.353802e+03 9.303667e+03
9.159364e+03 9.232914e+03 9.311037e+03 9.081241e+03
9.128134e+03 9.127145e+03 9.163902e+03 9.091377e+03
9.172139e+03 9.017294e+03 9.011069e+03 9.178364e+03
9.129128e+03 8.957084e+03 8.928514e+03 9.157698e+03
8.997771e+03 8.935449e+03 8.900590e+03 9.032630e+03
9.060634e+03 8.934878e+03 8.902760e+03 9.092752e+03
9.236468e+03 8.943125e+03 8.923944e+03 9.255650e+03
9.172776e+03 8.953217e+03 8.957190e+03 9.168804e+03
9.039538e+03 8.961049e+03 8.984652e+03 9.015935e+03
8.990046e+03 8.965962e+03 9.001475e+03 8.954533e+03
8.813388e+03 8.968481e+03 9.010256e+03 8.771613e+03
8.906875e+03 8.969326e+03 9.014261e+03 8.861940e+03
8.757012e+03 8.969325e+03 9.016191e+03 8.710146e+03
8.884889e+03 8.968892e+03 9.017563e+03 8.836218e+03
8.921930e+03 8.968280e+03 9.019095e+03 8.871116e+03
8.948351e+03 8.967592e+03 9.020990e+03 8.894953e+03
9.225485e+03 8.966870e+03 9.023253e+03 9.169102e+03
8.909531e+03 8.966126e+03 9.025762e+03 8.849895e+03
9.326218e+03 8.965371e+03 9.028447e+03 9.263141e+03
9.264290e+03 8.964604e+03 9.031257e+03 9.197637e+03
9.009238e+03 8.963826e+03 9.034163e+03 8.938902e+03
8.924481e+03 8.963036e+03 9.037154e+03 8.850364e+03
9.173612e+03 8.962233e+03 9.038604e+03 9.097241e+03
9.241794e+03 8.961413e+03 9.030279e+03 9.172929e+03
9.554838e+03 8.960575e+03 9.017531e+03 9.497882e+03
9.343990e+03 8.959719e+03 9.009922e+03 9.293787e+03
8.652226e+03 8.958844e+03 9.008869e+03 8.602202e+03
9.185710e+03 8.957952e+03 9.011585e+03 9.132077e+03
9.081483e+03 8.957042e+03 9.016179e+03 9.022345e+03
8.839128e+03 8.956114e+03 9.029690e+03 8.765552e+03
9.269411e+03 8.955168e+03 9.065213e+03 9.159365e+03
8.753244e+03 8.954202e+03 9.100441e+03 8.607004e+03
8.769528e+03 8.953216e+03 9.122466e+03 8.600277e+03
8.779142e+03 8.952209e+03 9.132711e+03 8.598639e+03
8.740054e+03 8.951180e+03 9.136937e+03 8.554298e+03
8.627196e+03 8.950130e+03 9.138575e+03 8.438751e+03
8.414957e+03 8.949057e+03 9.139850e+03 8.224164e+03
9.125696e+03 8.947960e+03 9.141697e+03 8.931958e+03
9.048195e+03 8.946839e+03 9.144522e+03 8.850511e+03
9.050477e+03 8.945702e+03 9.148112e+03 8.848066e+03
9.303548e+03 8.944556e+03 9.152205e+03 9.095898e+03
9.184168e+03 8.943399e+03 9.156619e+03 8.970948e+03
9.179766e+03 8.942225e+03 9.161217e+03 8.960774e+03
9.333120e+03 8.941027e+03 9.165938e+03 9.108209e+03
9.175278e+03 8.939804e+03 9.170746e+03 8.944336e+03
9.249322e+03 8.938553e+03 9.174412e+03 9.013463e+03
9.237475e+03 8.937272e+03 9.161431e+03 9.013316e+03
8.717697e+03 8.935963e+03 9.132521e+03 8.521139e+03
8.751793e+03 8.934623e+03 9.112320e+03 8.574096e+03
8.738092e+03 8.933254e+03 9.105589e+03 8.565757e+03
9.051809e+03 8.936068e+03 9.101836e+03 8.886041e+03
9.016675e+03 8.996677e+03 9.020834e+03 8.992519e+03
8.904910e+03 9.112604e+03 8.863229e+03 9.154285e+03
8.931805e+03 9.198662e+03 8.747757e+03 9.382710e+03
8.681917e+03 9.238390e+03 8.697096e+03 9.223211e+03
8.991968e+03 9.247451e+03 8.689051e+03 9.550368e+03
8.907887e+03 9.241096e+03 8.702202e+03 9.446780e+03
8.899332e+03 9.229186e+03 8.722887e+03 9.405630e+03
8.270511e+03 9.217728e+03 8.742767e+03 8.745472e+03
8.835503e+03 9.208794e+03 8.759024e+03 9.285273e+03
8.744166e+03 9.202522e+03 8.771528e+03 9.175160e+03
8.829650e+03 9.198403e+03 8.781028e+03 9.247025e+03
8.969917e+03 9.195453e+03 8.788914e+03 9.376456e+03
8.560544e+03 9.193122e+03 8.795954e+03 8.957712e+03
8.655317e+03 9.191033e+03 8.802676e+03 9.043674e+03
8.821234e+03 9.189018e+03 8.809308e+03 9.200944e+03
8.848777e+03 9.186982e+03 8.815971e+03 9.219788e+03
9.452736e+03 9.165080e+03 8.850729e+03 9.767087e+03
8.976781e+03 9.069123e+03 8.990221e+03 9.055683e+03
9.062754e+03 8.956335e+03 9.153523e+03 8.865566e+03
8.871081e+03 8.884916e+03 9.258333e+03 8.497664e+03
9.120420e+03 8.856747e+03 9.301990e+03 8.675177e+03
