0.4 8.468904e+03 8.376961e+03 8.167209e+03 8.259152e+03
1.4 8.407550e+03 8.341984e+03 8.371008e+03 8.436573e+03
2.4 8.553687e+03 8.663901e+03 8.827631e+03 8.717416e+03
3.4 7.940416e+03 8.627250e+03 8.791374e+03 8.104540e+03
4.4 7.710051e+03 8.587693e+03 8.496436e+03 7.618794e+03
5.4 8.252685e+03 8.443586e+03 8.285045e+03 8.094145e+03
6.4 8.168187e+03 8.545026e+03 8.521020e+03 8.144182e+03
7.4 8.652733e+03 8.720049e+03 8.819680e+03 8.752365e+03
8.4 8.778870e+03 8.516343e+03 8.651484e+03 8.914011e+03
9.4 8.075196e+03 8.306123e+03 8.373388e+03 8.142462e+03
10.4 8.243440e+03 8.166862e+03 8.205937e+03 8.282515e+03
11.4 8.113610e+03 8.155209e+03 8.128692e+03 8.087093e+03
12.4 8.284905e+03 8.135567e+03 8.106947e+03 8.256285e+03
13.4 7.721043e+03 8.075356e+03 8.114147e+03 7.759834e+03
14.4 7.808080e+03 8.213549e+03 8.133733e+03 7.728264e+03
15.4 7.839074e+03 8.364072e+03 8.153084e+03 7.628087e+03
16.4 8.276648e+03 8.276830e+03 8.167818e+03 8.167636e+03
17.4 7.993478e+03 8.137191e+03 8.176960e+03 8.033246e+03
0.7 8.252685e+03 8.443586e+03 8.285045e+03 8.094145e+03
1.7 8.168187e+03 8.545026e+03 8.521020e+03 8.144182e+03
2.7 8.652733e+03 8.720049e+03 8.819680e+03 8.752365e+03
3.7 8.778870e+03 8.516343e+03 8.651484e+03 8.914011e+03
4.7 8.075196e+03 8.306123e+03 8.373388e+03 8.142462e+03
5.7 8.243440e+03 8.166862e+03 8.205937e+03 8.282515e+03
6.7 8.113610e+03 8.155209e+03 8.128692e+03 8.087093e+03
7.7 8.284905e+03 8.135567e+03 8.106947e+03 8.256285e+03
8.7 7.721043e+03 8.075356e+03 8.114147e+03 7.759834e+03
9.7 7.808080e+03 8.213549e+03 8.133733e+03 7.728264e+03
10.7 7.839074e+03 8.364072e+03 8.153084e+03 7.628087e+03
11.7 8.276648e+03 8.276830e+03 8.167818e+03 8.167636e+03
12.7 7.993478e+03 8.137191e+03 8.176960e+03 8.033246e+03
13.7 8.464441e+03 8.050732e+03 8.182456e+03 8.596164e+03
14.7 6.648723e+03 8.014856e+03 8.185873e+03 6.819740e+03
15.7 6.701790e+03 8.058386e+03 8.188253e+03 6.831656e+03
16.7 7.199374e+03 8.164323e+03 8.190218e+03 7.225270e+03
17.7 6.916723e+03 8.178135e+03 8.192017e+03 6.930604e+03
0.1 7.742224e+03 8.424236e+03 8.203509e+03 7.521497e+03
1.1 7.782883e+03 8.286315e+03 8.278166e+03 7.774734e+03
2.1 8.150973e+03 8.583492e+03 8.751078e+03 8.318559e+03
3.1 8.078150e+03 8.629426e+03 8.885139e+03 8.333864e+03
4.1 8.037720e+03 8.362754e+03 8.623127e+03 8.298093e+03
5.1 7.765036e+03 8.314501e+03 8.366826e+03 7.817361e+03
6.1 7.321363e+03 8.316999e+03 8.217662e+03 7.222026e+03
7.1 7.802784e+03 8.264803e+03 8.152596e+03 7.690577e+03
8.1 6.973037e+03 8.300529e+03 8.134900e+03 6.807408e+03
9.1 7.014837e+03 8.233709e+03 8.143067e+03 6.924194e+03
10.1 7.212283e+03 8.271001e+03 8.159643e+03 7.100925e+03
11.1 7.776937e+03 8.293063e+03 8.174988e+03 7.658861e+03
12.1 7.823602e+03 8.169666e+03 8.184853e+03 7.838788e+03
13.1 7.056900e+03 8.036713e+03 8.190233e+03 7.210420e+03
14.1 7.208231e+03 7.966750e+03 8.192451e+03 7.433932e+03
15.1 7.403437e+03 7.942311e+03 8.193092e+03 7.654219e+03
16.1 7.375863e+03 7.963118e+03 8.193009e+03 7.605754e+03
17.1 7.244980e+03 8.190564e+03 8.192610e+03 7.247027e+03
0.4 8.493323e+03 8.157082e+03 8.182858e+03 8.519100e+03
1.4 8.794908e+03 8.240358e+03 8.386124e+03 8.940674e+03
2.4 8.648429e+03 8.638110e+03 8.842239e+03 8.852557e+03
3.4 8.832279e+03 8.574953e+03 8.799206e+03 9.056531e+03
4.4 8.276106e+03 8.350005e+03 8.509716e+03 8.435817e+03
5.4 8.197918e+03 8.464234e+03 8.285282e+03 8.018966e+03
6.4 8.673346e+03 8.476503e+03 8.171643e+03 8.368486e+03
7.4 8.875372e+03 8.257139e+03 8.125392e+03 8.743625e+03
8.4 8.073738e+03 8.030258e+03 8.118899e+03 8.162378e+03
9.4 8.378677e+03 7.920622e+03 8.131989e+03 8.590043e+03
10.4 8.686703e+03 7.901251e+03 8.149912e+03 8.935364e+03
11.4 7.962967e+03 7.927491e+03 8.164047e+03 8.199523e+03
12.4 8.466802e+03 8.170685e+03 8.173075e+03 8.469191e+03
13.4 8.326419e+03 8.449096e+03 8.178137e+03 8.055460e+03
14.4 8.373685e+03 8.370568e+03 8.180649e+03 8.183765e+03
15.4 8.304170e+03 8.171172e+03 8.181992e+03 8.314990e+03
16.4 9.151368e+03 8.012317e+03 8.182822e+03 9.321873e+03
17.4 7.259733e+03 7.928543e+03 8.183503e+03 7.514694e+03
0.1 8.681259e+03 8.383283e+03 8.184909e+03 8.482885e+03
1.1 8.455056e+03 8.436792e+03 8.261081e+03 8.279345e+03
2.1 8.947123e+03 8.729060e+03 8.735579e+03 8.953642e+03
3.1 9.485940e+03 8.727912e+03 8.874871e+03 9.632899e+03
4.1 8.535818e+03 8.392554e+03 8.611019e+03 8.754283e+03
5.1 7.893344e+03 8.170663e+03 8.356525e+03 8.079206e+03
6.1 8.047453e+03 8.084653e+03 8.209247e+03 8.172046e+03
7.1 8.295102e+03 8.050354e+03 8.146143e+03 8.390891e+03
8.1 7.772058e+03 8.099790e+03 8.130511e+03 7.802779e+03
9.1 8.013162e+03 8.129925e+03 8.140782e+03 8.024020e+03
10.1 8.109097e+03 8.417444e+03 8.159565e+03 7.851218e+03
11.1 8.953293e+03 8.589728e+03 8.177197e+03 8.540763e+03
12.1 8.281492e+03 8.384085e+03 8.189434e+03 8.086841e+03
13.1 8.205446e+03 8.102554e+03 8.197168e+03 8.300060e+03
14.1 8.074014e+03 7.940665e+03 8.202043e+03 8.335392e+03
15.1 7.768279e+03 8.082276e+03 8.205325e+03 7.891329e+03
16.1 8.328133e+03 8.271114e+03 8.207968e+03 8.264987e+03
17.1 7.815227e+03 8.184613e+03 8.210379e+03 7.840993e+03
