0.8 1.034928e+04 1.033780e+04 1.027800e+04 1.028948e+04
1.8 1.030236e+04 1.031293e+04 1.030706e+04 1.029649e+04
2.8 1.023284e+04 1.028659e+04 1.032856e+04 1.027481e+04
3.8 1.021010e+04 1.024935e+04 1.031357e+04 1.027432e+04
4.8 1.027844e+04 1.028021e+04 1.029288e+04 1.029112e+04
5.8 1.042675e+04 1.036600e+04 1.027967e+04 1.034042e+04
6.8 1.033406e+04 1.034842e+04 1.027350e+04 1.025913e+04
7.8 1.032871e+04 1.029115e+04 1.027137e+04 1.030892e+04
8.8 1.034721e+04 1.026247e+04 1.027157e+04 1.035631e+04
9.8 1.024625e+04 1.023329e+04 1.027269e+04 1.028565e+04
10.8 1.028443e+04 1.023041e+04 1.027387e+04 1.032789e+04
11.8 1.042534e+04 1.029420e+04 1.027468e+04 1.040583e+04
12.8 1.028084e+04 1.030721e+04 1.027514e+04 1.024878e+04
13.8 1.025509e+04 1.027743e+04 1.027534e+04 1.025300e+04
14.8 1.025591e+04 1.024853e+04 1.027540e+04 1.028277e+04
15.8 1.023143e+04 1.022301e+04 1.027539e+04 1.028381e+04
16.8 1.016992e+04 1.024620e+04 1.027536e+04 1.019909e+04
17.8 1.032886e+04 1.032711e+04 1.027533e+04 1.027708e+04
0.8 1.029798e+04 1.036512e+04 1.027690e+04 1.020976e+04
1.8 1.027706e+04 1.033327e+04 1.030682e+04 1.025061e+04
2.8 1.032094e+04 1.029501e+04 1.032744e+04 1.035337e+04
3.8 1.025603e+04 1.030948e+04 1.031206e+04 1.025862e+04
4.8 1.043683e+04 1.035925e+04 1.029121e+04 1.036879e+04
5.8 1.032801e+04 1.032178e+04 1.027887e+04 1.028510e+04
6.8 1.026890e+04 1.027520e+04 1.029161e+04 1.028531e+04
7.8 1.041407e+04 1.026426e+04 1.032155e+04 1.047136e+04
8.8 1.028234e+04 1.023926e+04 1.031498e+04 1.035806e+04
9.8 1.017307e+04 1.023277e+04 1.029436e+04 1.023466e+04
10.8 1.036605e+04 1.029258e+04 1.028046e+04 1.035393e+04
11.8 1.027402e+04 1.030650e+04 1.027365e+04 1.024116e+04
12.8 1.022782e+04 1.026960e+04 1.027117e+04 1.022939e+04
13.8 1.021427e+04 1.025919e+04 1.027128e+04 1.022636e+04
14.8 1.022210e+04 1.024661e+04 1.027255e+04 1.024804e+04
15.8 1.011741e+04 1.023329e+04 1.027397e+04 1.015809e+04
16.8 1.026455e+04 1.029881e+04 1.027508e+04 1.024082e+04
17.8 1.024686e+04 1.034623e+04 1.027581e+04 1.017644e+04
0.5 1.032801e+04 1.032178e+04 1.027887e+04 1.028510e+04
1.5 1.026890e+04 1.027520e+04 1.029161e+04 1.028531e+04
2.5 1.041407e+04 1.026426e+04 1.032155e+04 1.047136e+04
3.5 1.028234e+04 1.023926e+04 1.031498e+04 1.035806e+04
4.5 1.017307e+04 1.023277e+04 1.029436e+04 1.023466e+04
5.5 1.036605e+04 1.029258e+04 1.028046e+04 1.035393e+04
6.5 1.027402e+04 1.030650e+04 1.027365e+04 1.024116e+04
7.5 1.022782e+04 1.026960e+04 1.027117e+04 1.022939e+04
8.5 1.021427e+04 1.025919e+04 1.027128e+04 1.022636e+04
9.5 1.022210e+04 1.024661e+04 1.027255e+04 1.024804e+04
10.5 1.011741e+04 1.023329e+04 1.027397e+04 1.015809e+04
11.5 1.026455e+04 1.029881e+04 1.027508e+04 1.024082e+04
12.5 1.024686e+04 1.034623e+04 1.027581e+04 1.017644e+04
13.5 1.025516e+04 1.031666e+04 1.027624e+04 1.021474e+04
14.5 1.018116e+04 1.028350e+04 1.027649e+04 1.017415e+04
15.5 1.018450e+04 1.026413e+04 1.027666e+04 1.019704e+04
16.5 1.022625e+04 1.031343e+04 1.027680e+04 1.018962e+04
17.5 1.039113e+04 1.034582e+04 1.027691e+04 1.032222e+04
0.6 1.024660e+04 1.028242e+04 1.027233e+04 1.023650e+04
1.6 1.022421e+04 1.024433e+04 1.029418e+04 1.027406e+04
2.6 1.021197e+04 1.024132e+04 1.032262e+04 1.029327e+04
