0.8 9.568233e+03 9.524263e+03 9.648296e+03 9.692266e+03
1.8 9.675231e+03 9.535290e+03 9.613699e+03 9.753641e+03
2.8 9.796418e+03 9.553661e+03 9.588100e+03 9.830857e+03
3.8 9.461177e+03 9.594540e+03 9.605945e+03 9.472582e+03
4.8 9.496467e+03 9.581349e+03 9.630574e+03 9.545692e+03
5.8 9.499717e+03 9.519657e+03 9.646311e+03 9.626371e+03
6.8 9.412208e+03 9.537643e+03 9.653650e+03 9.528216e+03
7.8 9.807999e+03 9.646373e+03 9.656191e+03 9.817817e+03
8.8 9.815390e+03 9.773138e+03 9.655949e+03 9.698201e+03
9.8 9.778790e+03 9.776388e+03 9.654616e+03 9.657019e+03
10.8 9.886936e+03 9.752608e+03 9.653208e+03 9.787537e+03
11.8 9.725155e+03 9.811460e+03 9.652243e+03 9.565937e+03
12.8 9.612049e+03 9.805605e+03 9.651695e+03 9.458139e+03
13.8 9.741662e+03 9.739642e+03 9.651462e+03 9.653482e+03
14.8 9.777855e+03 9.684914e+03 9.651391e+03 9.744332e+03
15.8 9.678217e+03 9.651985e+03 9.651395e+03 9.677628e+03
16.8 9.456225e+03 9.632204e+03 9.651430e+03 9.475451e+03
17.8 9.662860e+03 9.616740e+03 9.651473e+03 9.697592e+03
0.8 9.698558e+03 9.502300e+03 9.649601e+03 9.845859e+03
1.8 9.479656e+03 9.517356e+03 9.613982e+03 9.576282e+03
2.8 9.533701e+03 9.547262e+03 9.589444e+03 9.575884e+03
3.8 9.729540e+03 9.549017e+03 9.607745e+03 9.788268e+03
4.8 9.531625e+03 9.522681e+03 9.632565e+03 9.641510e+03
5.8 9.458616e+03 9.560909e+03 9.647255e+03 9.544962e+03
6.8 9.380374e+03 9.595247e+03 9.632094e+03 9.417220e+03
7.8 9.451082e+03 9.593401e+03 9.596451e+03 9.454132e+03
8.8 9.578500e+03 9.616506e+03 9.604272e+03 9.566265e+03
9.8 9.516970e+03 9.643118e+03 9.628817e+03 9.502670e+03
10.8 9.587154e+03 9.648320e+03 9.645370e+03 9.584203e+03
11.8 9.639851e+03 9.650845e+03 9.653478e+03 9.642483e+03
12.8 9.682612e+03 9.641287e+03 9.656419e+03 9.697745e+03
13.8 9.486101e+03 9.548275e+03 9.656297e+03 9.594123e+03
14.8 9.655268e+03 9.521193e+03 9.654779e+03 9.788854e+03
15.8 9.424825e+03 9.565942e+03 9.653094e+03 9.511977e+03
16.8 9.569284e+03 9.551442e+03 9.651772e+03 9.669613e+03
17.8 9.486061e+03 9.537701e+03 9.650898e+03 9.599258e+03
0.5 9.458616e+03 9.560909e+03 9.647255e+03 9.544962e+03
1.5 9.380374e+03 9.595247e+03 9.632094e+03 9.417220e+03
2.5 9.451082e+03 9.593401e+03 9.596451e+03 9.454132e+03
3.5 9.578500e+03 9.616506e+03 9.604272e+03 9.566265e+03
4.5 9.516970e+03 9.643118e+03 9.628817e+03 9.502670e+03
5.5 9.587154e+03 9.648320e+03 9.645370e+03 9.584203e+03
6.5 9.639851e+03 9.650845e+03 9.653478e+03 9.642483e+03
7.5 9.682612e+03 9.641287e+03 9.656419e+03 9.697745e+03
8.5 9.486101e+03 9.548275e+03 9.656297e+03 9.594123e+03
9.5 9.655268e+03 9.521193e+03 9.654779e+03 9.788854e+03
10.5 9.424825e+03 9.565942e+03 9.653094e+03 9.511977e+03
11.5 9.569284e+03 9.551442e+03 9.651772e+03 9.669613e+03
12.5 9.486061e+03 9.537701e+03 9.650898e+03 9.599258e+03
13.5 9.717430e+03 9.631388e+03 9.650391e+03 9.736433e+03
14.5 9.576828e+03 9.768818e+03 9.650086e+03 9.458096e+03
15.5 1.013855e+04 9.761772e+03 9.649884e+03 1.002667e+04
16.5 9.890926e+03 9.639948e+03 9.649725e+03 9.900702e+03
17.5 9.507233e+03 9.553653e+03 9.649587e+03 9.603166e+03
0.6 9.597492e+03 9.603255e+03 9.655048e+03 9.649285e+03
1.6 9.586642e+03 9.617868e+03 9.629031e+03 9.597806e+03
2.6 9.664283e+03 9.609968e+03 9.595177e+03 9.649491e+03
