0.8 8.079830e+03 8.544339e+03 8.244212e+03 7.779702e+03
1.8 8.130198e+03 8.309356e+03 8.219012e+03 8.039854e+03
2.8 8.244629e+03 8.078132e+03 8.202838e+03 8.369335e+03
3.8 7.648713e+03 7.969968e+03 8.215608e+03 7.894353e+03
4.8 8.067242e+03 7.931472e+03 8.232007e+03 8.367777e+03
5.8 7.741380e+03 7.935716e+03 8.242195e+03 8.047858e+03
6.8 7.876832e+03 8.123869e+03 8.246757e+03 7.999721e+03
7.8 8.474838e+03 8.436964e+03 8.248119e+03 8.285993e+03
8.8 8.752271e+03 8.431779e+03 8.247646e+03 8.568139e+03
9.8 8.863718e+03 8.349778e+03 8.246478e+03 8.760418e+03
10.8 8.965731e+03 8.354817e+03 8.245292e+03 8.856205e+03
11.8 9.055802e+03 8.218515e+03 8.244423e+03 9.081710e+03
12.8 8.434829e+03 8.058305e+03 8.243847e+03 8.620371e+03
13.8 7.691524e+03 8.074078e+03 8.243489e+03 7.860934e+03
14.8 8.835126e+03 8.433591e+03 8.243248e+03 8.644783e+03
15.8 8.763520e+03 8.586372e+03 8.243064e+03 8.420213e+03
16.8 8.468904e+03 8.376961e+03 8.242910e+03 8.334853e+03
17.8 8.407550e+03 8.341984e+03 8.242769e+03 8.308335e+03
0.1 9.343828e+03 8.578576e+03 8.241951e+03 9.007203e+03
1.1 8.736889e+03 8.577100e+03 8.236483e+03 8.396272e+03
2.1 7.989506e+03 8.291422e+03 8.207631e+03 7.905715e+03
3.1 8.075031e+03 8.061654e+03 8.201270e+03 8.214646e+03
4.1 8.289553e+03 7.966084e+03 8.217444e+03 8.540913e+03
5.1 7.767673e+03 7.999506e+03 8.232830e+03 8.000998e+03
6.1 7.730915e+03 8.066884e+03 8.241184e+03 7.905215e+03
7.1 8.305630e+03 8.053583e+03 8.244882e+03 8.496929e+03
8.1 8.075469e+03 8.010212e+03 8.245800e+03 8.311056e+03
9.1 7.850833e+03 8.050896e+03 8.245220e+03 8.045157e+03
10.1 7.952076e+03 8.311456e+03 8.244147e+03 7.884767e+03
11.1 8.685339e+03 8.408063e+03 8.243219e+03 8.520495e+03
12.1 9.199111e+03 8.588307e+03 8.242597e+03 8.853401e+03
13.1 8.708786e+03 8.663565e+03 8.242241e+03 8.287463e+03
14.1 8.578229e+03 8.563167e+03 8.242070e+03 8.257131e+03
15.1 8.587590e+03 8.505992e+03 8.241989e+03 8.323587e+03
16.1 8.743403e+03 8.300389e+03 8.241953e+03 8.684967e+03
17.1 9.125285e+03 8.286804e+03 8.241935e+03 9.080416e+03
1.0 8.875372e+03 8.257139e+03 8.243147e+03 8.861380e+03
2.0 8.073738e+03 8.030258e+03 8.215624e+03 8.259104e+03
3.0 8.378677e+03 7.920622e+03 8.203992e+03 8.662046e+03
4.0 8.686703e+03 7.901251e+03 8.218982e+03 9.004434e+03
5.0 7.962967e+03 7.927491e+03 8.235104e+03 8.270580e+03
6.0 8.466802e+03 8.170685e+03 8.244661e+03 8.540777e+03
7.0 8.326419e+03 8.449096e+03 8.249221e+03 8.126544e+03
8.0 8.373685e+03 8.370568e+03 8.250607e+03 8.253724e+03
9.0 8.304170e+03 8.171172e+03 8.249146e+03 8.382145e+03
10.0 9.151368e+03 8.012317e+03 8.224457e+03 9.363508e+03
11.0 7.259733e+03 7.928543e+03 8.205974e+03 7.537164e+03
12.0 8.221009e+03 8.081154e+03 8.217594e+03 8.357448e+03
13.0 8.681259e+03 8.383283e+03 8.234156e+03 8.532132e+03
14.0 8.455056e+03 8.436792e+03 8.244804e+03 8.263067e+03
15.0 8.947123e+03 8.729060e+03 8.249799e+03 8.467862e+03
16.0 9.485940e+03 8.727912e+03 8.251536e+03 9.009564e+03
17.0 8.535818e+03 8.392554e+03 8.251405e+03 8.394669e+03
18.0 7.893344e+03 8.170663e+03 8.250518e+03 7.973199e+03
0.8 8.304170e+03 8.171172e+03 8.249146e+03 8.382145e+03
1.8 9.151368e+03 8.012317e+03 8.224457e+03 9.363508e+03
2.8 7.259733e+03 7.928543e+03 8.205974e+03 7.537164e+03
3.8 8.221009e+03 8.081154e+03 8.217594e+03 8.357448e+03
4.8 8.681259e+03 8.383283e+03 8.234156e+03 8.532132e+03
5.8 8.455056e+03 8.436792e+03 8.244804e+03 8.263067e+03
6.8 8.947123e+03 8.729060e+03 8.249799e+03 8.467862e+03
7.8 9.485940e+03 8.727912e+03 8.251536e+03 9.009564e+03
8.8 8.535818e+03 8.392554e+03 8.251405e+03 8.394669e+03
9.8 7.893344e+03 8.170663e+03 8.250518e+03 7.973199e+03
10.8 8.047453e+03 8.084653e+03 8.249577e+03 8.212377e+03
11.8 8.295102e+03 8.050354e+03 8.248938e+03 8.493686e+03
12.8 7.772058e+03 8.099790e+03 8.248587e+03 7.920855e+03
13.8 8.013162e+03 8.129925e+03 8.248433e+03 8.131671e+03
14.8 8.109097e+03 8.417444e+03 8.248393e+03 7.940046e+03
15.8 8.953293e+03 8.589728e+03 8.248398e+03 8.611964e+03
16.8 8.281492e+03 8.384085e+03 8.245773e+03 8.143179e+03
17.8 8.205446e+03 8.102554e+03 8.218848e+03 8.321740e+03
1.0 8.281492e+03 8.384085e+03 8.245773e+03 8.143179e+03
2.0 8.205446e+03 8.102554e+03 8.218848e+03 8.321740e+03
3.0 8.074014e+03 7.940665e+03 8.206352e+03 8.339702e+03
4.0 7.768279e+03 8.082276e+03 8.220745e+03 7.906749e+03
5.0 8.328133e+03 8.271114e+03 8.237168e+03 8.294187e+03
6.0 7.815227e+03 8.184613e+03 8.237694e+03 7.868307e+03
7.0 8.321017e+03 8.013978e+03 8.213246e+03 8.520285e+03
8.0 7.380871e+03 7.963128e+03 8.213200e+03 7.630942e+03
9.0 8.037932e+03 8.174515e+03 8.229809e+03 8.093226e+03
10.0 8.667527e+03 8.280988e+03 8.243085e+03 8.629624e+03
11.0 8.659030e+03 8.301317e+03 8.249547e+03 8.607260e+03
12.0 7.746691e+03 8.315233e+03 8.251971e+03 7.683428e+03
13.0 7.673737e+03 8.291904e+03 8.252097e+03 7.633930e+03
14.0 7.897167e+03 8.416554e+03 8.251094e+03 7.731707e+03
15.0 7.974046e+03 8.342701e+03 8.249802e+03 7.881147e+03
16.0 8.106954e+03 8.128851e+03 8.248743e+03 8.226847e+03
17.0 8.195932e+03 8.211308e+03 8.248001e+03 8.232625e+03
18.0 8.304046e+03 8.449528e+03 8.247504e+03 8.102021e+03
0.3 8.328133e+03 8.271114e+03 8.237168e+03 8.294187e+03
1.3 7.815227e+03 8.184613e+03 8.237694e+03 7.868307e+03
2.3 8.321017e+03 8.013978e+03 8.213246e+03 8.520285e+03
3.3 7.380871e+03 7.963128e+03 8.213200e+03 7.630942e+03
4.3 8.037932e+03 8.174515e+03 8.229809e+03 8.093226e+03
5.3 8.667527e+03 8.280988e+03 8.243085e+03 8.629624e+03
6.3 8.659030e+03 8.301317e+03 8.249547e+03 8.607260e+03
7.3 7.746691e+03 8.315233e+03 8.251971e+03 7.683428e+03
8.3 7.673737e+03 8.291904e+03 8.252097e+03 7.633930e+03
9.3 7.897167e+03 8.416554e+03 8.251094e+03 7.731707e+03
10.3 7.974046e+03 8.342701e+03 8.249802e+03 7.881147e+03
11.3 8.106954e+03 8.128851e+03 8.248743e+03 8.226847e+03
12.3 8.195932e+03 8.211308e+03 8.248001e+03 8.232625e+03
13.3 8.304046e+03 8.449528e+03 8.247504e+03 8.102021e+03
