0.8 9.203794e+03 9.158403e+03 9.145928e+03 9.191319e+03
1.8 9.315961e+03 9.260356e+03 9.237786e+03 9.293391e+03
2.8 9.367944e+03 9.329648e+03 9.296747e+03 9.335043e+03
3.8 9.279809e+03 9.286945e+03 9.250196e+03 9.243060e+03
4.8 8.815733e+03 9.226473e+03 9.190418e+03 8.779678e+03
5.8 9.782229e+03 9.184168e+03 9.153281e+03 9.751342e+03
6.8 9.144120e+03 9.128212e+03 9.136649e+03 9.152557e+03
7.8 8.931884e+03 9.059961e+03 9.131684e+03 9.003607e+03
8.8 9.124596e+03 9.059101e+03 9.133409e+03 9.198904e+03
9.8 8.954940e+03 8.990706e+03 9.137665e+03 9.101900e+03
10.8 8.406576e+03 8.863335e+03 9.141991e+03 8.685232e+03
11.8 8.969048e+03 8.924044e+03 9.145157e+03 9.190161e+03
12.8 8.945368e+03 9.043832e+03 9.147259e+03 9.048795e+03
13.8 8.927636e+03 9.112083e+03 9.148564e+03 8.964116e+03
14.8 9.093363e+03 9.119030e+03 9.149443e+03 9.123776e+03
15.8 9.146967e+03 9.117081e+03 9.150111e+03 9.179996e+03
16.8 9.077737e+03 9.126687e+03 9.150673e+03 9.101724e+03
17.8 9.024790e+03 9.149244e+03 9.151185e+03 9.026732e+03
0.1 8.777901e+03 9.076995e+03 9.154168e+03 8.855074e+03
1.1 8.935320e+03 9.099086e+03 9.174102e+03 9.010336e+03
2.1 9.619953e+03 9.227877e+03 9.279272e+03 9.671348e+03
3.1 9.703533e+03 9.272672e+03 9.302462e+03 9.733323e+03
4.1 9.512274e+03 9.235273e+03 9.243501e+03 9.520503e+03
5.1 9.155926e+03 9.303429e+03 9.187416e+03 9.039913e+03
6.1 1.040644e+04 9.394652e+03 9.156965e+03 1.016875e+04
7.1 9.357443e+03 9.532863e+03 9.143484e+03 8.968064e+03
8.1 1.006258e+04 9.875503e+03 9.140138e+03 9.327212e+03
9.1 9.755395e+03 9.749805e+03 9.142253e+03 9.147843e+03
10.1 1.047240e+04 9.380432e+03 9.146165e+03 1.023813e+04
11.1 8.191820e+03 9.127516e+03 9.149547e+03 8.213852e+03
12.1 7.107429e+03 8.708628e+03 9.151813e+03 7.550614e+03
13.1 8.908588e+03 8.466342e+03 9.153110e+03 9.595356e+03
14.1 8.431165e+03 8.631844e+03 9.153735e+03 8.953056e+03
15.1 8.812891e+03 8.856596e+03 9.154029e+03 9.110323e+03
16.1 7.857354e+03 9.032618e+03 9.154162e+03 7.978897e+03
17.1 8.783617e+03 8.933488e+03 9.154229e+03 9.004358e+03
1.0 9.060562e+03 9.119909e+03 9.149810e+03 9.090463e+03
2.0 8.793741e+03 9.233519e+03 9.250137e+03 8.810359e+03
3.0 8.233625e+03 9.285333e+03 9.292539e+03 8.240831e+03
4.0 8.847387e+03 9.236580e+03 9.237895e+03 8.848702e+03
5.0 8.944926e+03 9.180202e+03 9.179127e+03 8.943851e+03
6.0 8.410200e+03 9.131883e+03 9.144291e+03 8.422609e+03
7.0 8.369751e+03 9.098555e+03 9.127668e+03 8.398865e+03
8.0 9.115981e+03 9.100600e+03 9.122615e+03 9.137997e+03
9.0 8.190019e+03 9.121000e+03 9.127941e+03 8.196960e+03
10.0 7.619795e+03 9.221782e+03 9.217940e+03 7.615953e+03
11.0 9.569714e+03 9.295361e+03 9.285315e+03 9.559668e+03
12.0 9.215128e+03 9.245306e+03 9.242957e+03 9.212779e+03
13.0 8.689082e+03 9.167540e+03 9.182585e+03 8.704127e+03
14.0 9.070787e+03 9.139271e+03 9.143769e+03 9.075285e+03
15.0 8.744436e+03 9.174689e+03 9.125560e+03 8.695306e+03
16.0 8.651376e+03 9.191742e+03 9.119230e+03 8.578864e+03
17.0 9.378135e+03 9.186950e+03 9.119705e+03 9.310890e+03
18.0 9.236493e+03 9.286547e+03 9.122939e+03 9.072885e+03
0.8 8.190019e+03 9.121000e+03 9.127941e+03 8.196960e+03
1.8 7.619795e+03 9.221782e+03 9.217940e+03 7.615953e+03
2.8 9.569714e+03 9.295361e+03 9.285315e+03 9.559668e+03
3.8 9.215128e+03 9.245306e+03 9.242957e+03 9.212779e+03
4.8 8.689082e+03 9.167540e+03 9.182585e+03 8.704127e+03
5.8 9.070787e+03 9.139271e+03 9.143769e+03 9.075285e+03
6.8 8.744436e+03 9.174689e+03 9.125560e+03 8.695306e+03
7.8 8.651376e+03 9.191742e+03 9.119230e+03 8.578864e+03
8.8 9.378135e+03 9.186950e+03 9.119705e+03 9.310890e+03
9.8 9.236493e+03 9.286547e+03 9.122939e+03 9.072885e+03
10.8 9.461241e+03 9.399478e+03 9.126369e+03 9.188131e+03
11.8 9.357449e+03 9.348128e+03 9.128700e+03 9.138021e+03
12.8 9.953194e+03 9.245479e+03 9.129978e+03 9.837694e+03
13.8 9.515404e+03 9.177452e+03 9.130541e+03 9.468493e+03
14.8 1.006363e+04 9.129651e+03 9.130688e+03 1.006467e+04
15.8 8.632989e+03 9.111308e+03 9.130667e+03 8.652348e+03
16.8 9.456867e+03 9.140379e+03 9.140237e+03 9.456726e+03
17.8 9.419490e+03 9.266576e+03 9.238385e+03 9.391300e+03
1.0 9.456867e+03 9.140379e+03 9.140237e+03 9.456726e+03
2.0 9.419490e+03 9.266576e+03 9.238385e+03 9.391300e+03
3.0 9.733006e+03 9.333776e+03 9.283934e+03 9.683164e+03
4.0 9.738246e+03 9.282468e+03 9.231470e+03 9.687249e+03
5.0 9.500626e+03 9.218982e+03 9.171604e+03 9.453248e+03
6.0 9.634913e+03 9.229812e+03 9.169688e+03 9.574789e+03
7.0 9.526052e+03 9.335116e+03 9.258804e+03 9.449739e+03
8.0 9.419652e+03 9.339336e+03 9.258975e+03 9.339291e+03
9.0 8.630083e+03 9.241562e+03 9.198431e+03 8.586951e+03
10.0 9.210802e+03 9.176947e+03 9.150035e+03 9.183889e+03
11.0 8.373807e+03 9.053372e+03 9.126480e+03 8.446915e+03
12.0 8.840505e+03 8.940950e+03 9.117645e+03 9.017199e+03
13.0 9.204682e+03 9.002607e+03 9.117183e+03 9.319258e+03
14.0 9.118685e+03 9.077745e+03 9.120841e+03 9.161781e+03
15.0 8.818215e+03 9.163719e+03 9.125549e+03 8.780045e+03
16.0 9.138098e+03 9.242207e+03 9.129409e+03 9.025300e+03
17.0 9.309316e+03 9.039477e+03 9.132117e+03 9.401956e+03
18.0 9.346871e+03 8.733867e+03 9.133928e+03 9.746933e+03
0.3 9.500626e+03 9.218982e+03 9.171604e+03 9.453248e+03
1.3 9.634913e+03 9.229812e+03 9.169688e+03 9.574789e+03
2.3 9.526052e+03 9.335116e+03 9.258804e+03 9.449739e+03
3.3 9.419652e+03 9.339336e+03 9.258975e+03 9.339291e+03
4.3 8.630083e+03 9.241562e+03 9.198431e+03 8.586951e+03
5.3 9.210802e+03 9.176947e+03 9.150035e+03 9.183889e+03
6.3 8.373807e+03 9.053372e+03 9.126480e+03 8.446915e+03
7.3 8.840505e+03 8.940950e+03 9.117645e+03 9.017199e+03
8.3 9.204682e+03 9.002607e+03 9.117183e+03 9.319258e+03
9.3 9.118685e+03 9.077745e+03 9.120841e+03 9.161781e+03
10.3 8.818215e+03 9.163719e+03 9.125549e+03 8.780045e+03
11.3 9.138098e+03 9.242207e+03 9.129409e+03 9.025300e+03
12.3 9.309316e+03 9.039477e+03 9.132117e+03 9.401956e+03
13.3 9.346871e+03 8.733867e+03 9.133928e+03 9.746933e+03
