0.5 2.444813e+03 2.058377e+03 1.832031e+03 2.218467e+03
1.5 2.046705e+03 1.945003e+03 1.866184e+03 1.967886e+03
2.5 2.472929e+03 1.883462e+03 1.933708e+03 2.523175e+03
3.5 2.222303e+03 1.804100e+03 1.922506e+03 2.340710e+03
4.5 1.678073e+03 1.730197e+03 1.877259e+03 1.825135e+03
5.5 2.525761e+03 1.740898e+03 1.844936e+03 2.629800e+03
6.5 1.688739e+03 1.943178e+03 1.828113e+03 1.573673e+03
7.5 1.653896e+03 2.051224e+03 1.821154e+03 1.423827e+03
8.5 8.899666e+02 1.921075e+03 1.820198e+03 7.890898e+02
9.5 2.001645e+03 1.767182e+03 1.822055e+03 2.056518e+03
10.5 1.171571e+03 1.701036e+03 1.824428e+03 1.294963e+03
11.5 1.709531e+03 1.764409e+03 1.826262e+03 1.771384e+03
12.5 2.793458e+03 1.930413e+03 1.827349e+03 2.690394e+03
13.5 1.943335e+03 1.945481e+03 1.827800e+03 1.825654e+03
14.5 2.099945e+03 1.844128e+03 1.827906e+03 2.083723e+03
15.5 1.644164e+03 1.771058e+03 1.827832e+03 1.700938e+03
16.5 1.183755e+03 1.800923e+03 1.827689e+03 1.210521e+03
17.5 1.460637e+03 1.809673e+03 1.827526e+03 1.478489e+03
0.4 1.700883e+03 1.864684e+03 1.826794e+03 1.662993e+03
1.4 1.930599e+03 1.797667e+03 1.861207e+03 1.994139e+03
2.4 1.541811e+03 1.811276e+03 1.928187e+03 1.658722e+03
3.4 1.926498e+03 1.820789e+03 1.918965e+03 2.024674e+03
4.4 1.661379e+03 1.960234e+03 1.874010e+03 1.575155e+03
5.4 2.130475e+03 1.991966e+03 1.843302e+03 1.981810e+03
6.4 2.491214e+03 1.932116e+03 1.883054e+03 2.442153e+03
7.4 1.924805e+03 1.872098e+03 1.924715e+03 1.977421e+03
8.4 1.702896e+03 1.785306e+03 1.896797e+03 1.814387e+03
9.4 1.416452e+03 1.716599e+03 1.855035e+03 1.554888e+03
10.4 1.322916e+03 1.686061e+03 1.830377e+03 1.467232e+03
11.4 1.835464e+03 1.743045e+03 1.819063e+03 1.911482e+03
12.4 1.627870e+03 1.913492e+03 1.815909e+03 1.530287e+03
13.4 1.424103e+03 1.960988e+03 1.816991e+03 1.280106e+03
14.4 2.361401e+03 1.864084e+03 1.819840e+03 2.317158e+03
15.4 2.162508e+03 1.766850e+03 1.822595e+03 2.218253e+03
16.4 1.496129e+03 1.709415e+03 1.824638e+03 1.611353e+03
17.4 1.115396e+03 1.696068e+03 1.825849e+03 1.245178e+03
0.7 2.130475e+03 1.991966e+03 1.843302e+03 1.981810e+03
1.7 2.491214e+03 1.932116e+03 1.883054e+03 2.442153e+03
2.7 1.924805e+03 1.872098e+03 1.924715e+03 1.977421e+03
3.7 1.702896e+03 1.785306e+03 1.896797e+03 1.814387e+03
4.7 1.416452e+03 1.716599e+03 1.855035e+03 1.554888e+03
5.7 1.322916e+03 1.686061e+03 1.830377e+03 1.467232e+03
6.7 1.835464e+03 1.743045e+03 1.819063e+03 1.911482e+03
7.7 1.627870e+03 1.913492e+03 1.815909e+03 1.530287e+03
8.7 1.424103e+03 1.960988e+03 1.816991e+03 1.280106e+03
9.7 2.361401e+03 1.864084e+03 1.819840e+03 2.317158e+03
10.7 2.162508e+03 1.766850e+03 1.822595e+03 2.218253e+03
11.7 1.496129e+03 1.709415e+03 1.824638e+03 1.611353e+03
12.7 1.115396e+03 1.696068e+03 1.825849e+03 1.245178e+03
13.7 2.058749e+03 1.820126e+03 1.826527e+03 2.065150e+03
14.7 2.192516e+03 1.911558e+03 1.826950e+03 2.107909e+03
15.7 1.666821e+03 1.880321e+03 1.856206e+03 1.642706e+03
16.7 1.076823e+03 1.865244e+03 1.927259e+03 1.138838e+03
17.7 1.449098e+03 1.831123e+03 1.921879e+03 1.539855e+03
0.4 2.192516e+03 1.911558e+03 1.826950e+03 2.107909e+03
1.4 1.666821e+03 1.880321e+03 1.856206e+03 1.642706e+03
2.4 1.076823e+03 1.865244e+03 1.927259e+03 1.138838e+03
3.4 1.449098e+03 1.831123e+03 1.921879e+03 1.539855e+03
4.4 1.458681e+03 1.846342e+03 1.878384e+03 1.490724e+03
5.4 2.377628e+03 1.822119e+03 1.844170e+03 2.399679e+03
6.4 2.296939e+03 1.814210e+03 1.826837e+03 2.309566e+03
7.4 2.212556e+03 1.808277e+03 1.819745e+03 2.224024e+03
8.4 2.070109e+03 1.760347e+03 1.818927e+03 2.128689e+03
9.4 1.662937e+03 1.772339e+03 1.821054e+03 1.711652e+03
10.4 1.734782e+03 1.843341e+03 1.823953e+03 1.715394e+03
11.4 1.859279e+03 1.823327e+03 1.826291e+03 1.862243e+03
12.4 1.668966e+03 1.847127e+03 1.827875e+03 1.649713e+03
13.4 2.389997e+03 1.953625e+03 1.828798e+03 2.265169e+03
14.4 2.127618e+03 1.901809e+03 1.829347e+03 2.055156e+03
15.4 2.263299e+03 1.838984e+03 1.829708e+03 2.254023e+03
16.4 1.761933e+03 1.942606e+03 1.829982e+03 1.649309e+03
17.4 1.444629e+03 1.940027e+03 1.830223e+03 1.334825e+03
0.4 2.662307e+03 2.014406e+03 1.832804e+03 2.480705e+03
1.4 1.923671e+03 1.937775e+03 1.863838e+03 1.849734e+03
2.4 1.749210e+03 1.864979e+03 1.934023e+03 1.818254e+03
3.4 1.936585e+03 1.803041e+03 1.926880e+03 2.060424e+03
4.4 2.369057e+03 1.829083e+03 1.882283e+03 2.422257e+03
5.4 1.927727e+03 1.826695e+03 1.849608e+03 1.950640e+03
6.4 1.903425e+03 1.820480e+03 1.832655e+03 1.915601e+03
7.4 1.514788e+03 1.808400e+03 1.825818e+03 1.532206e+03
8.4 2.213271e+03 1.812867e+03 1.825153e+03 2.225558e+03
9.4 2.274417e+03 1.845249e+03 1.827413e+03 2.256580e+03
10.4 1.888070e+03 1.802460e+03 1.830259e+03 1.915868e+03
11.4 1.119502e+03 1.774775e+03 1.832582e+03 1.177309e+03
12.4 1.886247e+03 1.796692e+03 1.834145e+03 1.923700e+03
13.4 8.948192e+02 1.767403e+03 1.835047e+03 9.624640e+02
14.4 1.149344e+03 1.745995e+03 1.835581e+03 1.238930e+03
15.4 1.363807e+03 1.807127e+03 1.835916e+03 1.392596e+03
16.4 1.704472e+03 1.817772e+03 1.836164e+03 1.722864e+03
17.4 2.020167e+03 1.776118e+03 1.836377e+03 2.080426e+03
