0.6 1.132772e+04 1.126856e+04 1.131343e+04 1.137259e+04
1.6 1.140533e+04 1.129547e+04 1.133449e+04 1.144435e+04
2.6 1.136025e+04 1.137542e+04 1.139904e+04 1.138387e+04
3.6 1.141205e+04 1.140874e+04 1.141194e+04 1.141525e+04
4.6 1.124828e+04 1.146635e+04 1.137217e+04 1.115410e+04
5.6 1.144395e+04 1.146762e+04 1.133461e+04 1.131093e+04
6.6 1.138652e+04 1.140010e+04 1.131296e+04 1.129939e+04
7.6 1.135808e+04 1.133970e+04 1.130303e+04 1.132141e+04
8.6 1.099893e+04 1.130904e+04 1.130045e+04 1.099034e+04
9.6 1.120821e+04 1.129602e+04 1.130159e+04 1.121379e+04
10.6 1.116052e+04 1.129401e+04 1.130389e+04 1.117040e+04
11.6 1.107604e+04 1.129760e+04 1.130591e+04 1.108436e+04
12.6 1.139006e+04 1.130435e+04 1.130855e+04 1.139427e+04
13.6 1.159290e+04 1.134395e+04 1.134397e+04 1.159293e+04
14.6 1.124027e+04 1.141431e+04 1.141091e+04 1.123687e+04
15.6 1.154149e+04 1.141684e+04 1.141127e+04 1.153592e+04
16.6 1.105000e+04 1.129149e+04 1.136689e+04 1.112540e+04
17.6 1.098872e+04 1.109125e+04 1.132814e+04 1.122562e+04
0.8 1.139006e+04 1.130435e+04 1.130855e+04 1.139427e+04
1.8 1.159290e+04 1.134395e+04 1.134397e+04 1.159293e+04
2.8 1.124027e+04 1.141431e+04 1.141091e+04 1.123687e+04
3.8 1.154149e+04 1.141684e+04 1.141127e+04 1.153592e+04
4.8 1.105000e+04 1.129149e+04 1.136689e+04 1.112540e+04
5.8 1.098872e+04 1.109125e+04 1.132814e+04 1.122562e+04
6.8 1.102912e+04 1.109815e+04 1.130753e+04 1.123849e+04
7.8 1.104556e+04 1.119857e+04 1.129869e+04 1.114568e+04
8.8 1.093237e+04 1.128899e+04 1.131097e+04 1.095435e+04
9.8 1.160929e+04 1.139371e+04 1.137483e+04 1.159041e+04
10.8 1.191990e+04 1.144844e+04 1.140861e+04 1.188008e+04
11.8 1.181970e+04 1.149698e+04 1.137727e+04 1.169998e+04
12.8 1.153050e+04 1.150930e+04 1.133647e+04 1.135766e+04
13.8 1.179774e+04 1.143997e+04 1.131202e+04 1.166979e+04
14.8 1.109888e+04 1.136568e+04 1.130056e+04 1.103376e+04
15.8 1.119472e+04 1.131674e+04 1.129707e+04 1.117505e+04
16.8 1.168760e+04 1.130059e+04 1.129806e+04 1.168507e+04
17.8 1.140005e+04 1.130368e+04 1.130076e+04 1.139713e+04
0.4 1.104556e+04 1.119857e+04 1.129869e+04 1.114568e+04
1.4 1.093237e+04 1.128899e+04 1.131097e+04 1.095435e+04
2.4 1.160929e+04 1.139371e+04 1.137483e+04 1.159041e+04
3.4 1.191990e+04 1.144844e+04 1.140861e+04 1.188008e+04
4.4 1.181970e+04 1.149698e+04 1.137727e+04 1.169998e+04
5.4 1.153050e+04 1.150930e+04 1.133647e+04 1.135766e+04
6.4 1.179774e+04 1.143997e+04 1.131202e+04 1.166979e+04
7.4 1.109888e+04 1.136568e+04 1.130056e+04 1.103376e+04
8.4 1.119472e+04 1.131674e+04 1.129707e+04 1.117505e+04
9.4 1.168760e+04 1.130059e+04 1.129806e+04 1.168507e+04
10.4 1.140005e+04 1.130368e+04 1.130076e+04 1.139713e+04
11.4 1.140500e+04 1.131268e+04 1.130333e+04 1.139565e+04
12.4 1.123181e+04 1.132284e+04 1.130515e+04 1.121412e+04
13.4 1.132972e+04 1.132982e+04 1.130625e+04 1.130615e+04
14.4 1.119603e+04 1.133264e+04 1.130683e+04 1.117021e+04
15.4 1.135646e+04 1.133384e+04 1.130730e+04 1.132991e+04
16.4 1.151701e+04 1.135461e+04 1.132776e+04 1.149016e+04
17.4 1.110384e+04 1.141076e+04 1.138363e+04 1.107670e+04
0.5 1.135646e+04 1.133384e+04 1.130730e+04 1.132991e+04
1.5 1.151701e+04 1.135461e+04 1.132776e+04 1.149016e+04
2.5 1.110384e+04 1.141076e+04 1.138363e+04 1.107670e+04
3.5 1.074468e+04 1.141724e+04 1.138972e+04 1.071716e+04
4.5 1.113077e+04 1.138342e+04 1.135565e+04 1.110300e+04
5.5 1.107669e+04 1.127033e+04 1.132497e+04 1.113134e+04
6.5 1.089898e+04 1.109329e+04 1.130862e+04 1.111431e+04
7.5 1.096421e+04 1.112079e+04 1.131369e+04 1.115712e+04
8.5 1.114921e+04 1.128288e+04 1.136750e+04 1.123383e+04
9.5 1.121251e+04 1.137523e+04 1.138583e+04 1.122312e+04
10.5 1.149805e+04 1.125093e+04 1.135687e+04 1.160399e+04
11.5 1.152705e+04 1.112148e+04 1.132736e+04 1.173293e+04
12.5 1.183812e+04 1.117178e+04 1.131041e+04 1.197675e+04
13.5 1.180765e+04 1.126467e+04 1.130282e+04 1.184580e+04
14.5 1.165837e+04 1.132228e+04 1.130111e+04 1.163721e+04
15.5 1.133156e+04 1.134763e+04 1.130246e+04 1.128638e+04
16.5 1.129950e+04 1.134917e+04 1.130478e+04 1.125510e+04
17.5 1.110077e+04 1.134676e+04 1.130689e+04 1.106091e+04
0.4 1.089898e+04 1.109329e+04 1.130862e+04 1.111431e+04
1.4 1.096421e+04 1.112079e+04 1.131369e+04 1.115712e+04
2.4 1.114921e+04 1.128288e+04 1.136750e+04 1.123383e+04
3.4 1.121251e+04 1.137523e+04 1.138583e+04 1.122312e+04
4.4 1.149805e+04 1.125093e+04 1.135687e+04 1.160399e+04
5.4 1.152705e+04 1.112148e+04 1.132736e+04 1.173293e+04
6.4 1.183812e+04 1.117178e+04 1.131041e+04 1.197675e+04
7.4 1.180765e+04 1.126467e+04 1.130282e+04 1.184580e+04
8.4 1.165837e+04 1.132228e+04 1.130111e+04 1.163721e+04
9.4 1.133156e+04 1.134763e+04 1.130246e+04 1.128638e+04
10.4 1.129950e+04 1.134917e+04 1.130478e+04 1.125510e+04
11.4 1.110077e+04 1.134676e+04 1.130689e+04 1.106091e+04
12.4 1.144744e+04 1.134681e+04 1.130842e+04 1.140905e+04
13.4 1.140599e+04 1.134636e+04 1.130933e+04 1.136896e+04
14.4 1.136267e+04 1.134512e+04 1.130987e+04 1.132742e+04
15.4 1.163819e+04 1.134724e+04 1.131352e+04 1.160446e+04
16.4 1.144126e+04 1.138435e+04 1.135186e+04 1.140877e+04
17.4 1.138907e+04 1.140906e+04 1.137772e+04 1.135774e+04
1.0 1.163819e+04 1.134724e+04 1.131352e+04 1.160446e+04
2.0 1.144126e+04 1.138435e+04 1.135186e+04 1.140877e+04
3.0 1.138907e+04 1.140906e+04 1.137772e+04 1.135774e+04
4.0 1.139644e+04 1.131904e+04 1.135832e+04 1.143572e+04
5.0 1.090573e+04 1.112125e+04 1.133157e+04 1.111606e+04
6.0 1.123404e+04 1.111846e+04 1.131549e+04 1.143107e+04
7.0 1.100343e+04 1.121728e+04 1.130792e+04 1.109406e+04
8.0 1.121084e+04 1.129179e+04 1.130552e+04 1.122457e+04
9.0 1.122675e+04 1.121791e+04 1.130610e+04 1.131493e+04
10.0 1.142397e+04 1.115049e+04 1.130786e+04 1.158135e+04
11.0 1.103736e+04 1.121239e+04 1.130961e+04 1.113458e+04
12.0 1.144393e+04 1.129089e+04 1.131090e+04 1.146395e+04
13.0 1.108479e+04 1.133870e+04 1.131174e+04 1.105783e+04
14.0 1.142749e+04 1.135769e+04 1.131223e+04 1.138203e+04
15.0 1.147149e+04 1.145192e+04 1.131254e+04 1.133210e+04
16.0 1.136559e+04 1.160171e+04 1.131276e+04 1.107664e+04
17.0 1.158158e+04 1.156524e+04 1.131296e+04 1.132930e+04
18.0 1.146884e+04 1.146704e+04 1.132799e+04 1.132979e+04
0.4 1.158158e+04 1.156524e+04 1.131296e+04 1.132930e+04
1.4 1.146884e+04 1.146704e+04 1.132799e+04 1.132979e+04
2.4 1.125951e+04 1.143968e+04 1.138009e+04 1.119992e+04
3.4 1.112626e+04 1.141149e+04 1.138999e+04 1.110477e+04
4.4 1.141895e+04 1.144186e+04 1.135961e+04 1.133670e+04
5.4 1.134434e+04 1.146838e+04 1.133134e+04 1.120730e+04
6.4 1.146200e+04 1.141743e+04 1.131519e+04 1.135977e+04
7.4 1.124245e+04 1.137585e+04 1.130841e+04 1.117501e+04
8.4 1.143787e+04 1.137535e+04 1.130690e+04 1.136942e+04
9.4 1.134762e+04 1.136387e+04 1.130818e+04 1.129194e+04
10.4 1.173172e+04 1.133813e+04 1.131030e+04 1.170389e+04
11.4 1.142256e+04 1.132218e+04 1.131223e+04 1.141261e+04
12.4 1.143347e+04 1.132183e+04 1.131684e+04 1.142848e+04
13.4 1.136095e+04 1.136832e+04 1.136301e+04 1.135564e+04
14.4 1.152605e+04 1.141603e+04 1.140912e+04 1.151914e+04
15.4 1.117965e+04 1.132593e+04 1.139122e+04 1.124494e+04
16.4 1.142597e+04 1.111971e+04 1.135181e+04 1.165808e+04
17.4 1.079093e+04 1.111207e+04 1.132538e+04 1.100424e+04
1.0 1.143347e+04 1.132183e+04 1.131684e+04 1.142848e+04
2.0 1.136095e+04 1.136832e+04 1.136301e+04 1.135564e+04
3.0 1.152605e+04 1.141603e+04 1.140912e+04 1.151914e+04
4.0 1.117965e+04 1.132593e+04 1.139122e+04 1.124494e+04
5.0 1.142597e+04 1.111971e+04 1.135181e+04 1.165808e+04
6.0 1.079093e+04 1.111207e+04 1.132538e+04 1.100424e+04
7.0 1.134767e+04 1.120861e+04 1.131196e+04 1.145101e+04
8.0 1.126780e+04 1.127656e+04 1.130727e+04 1.129850e+04
9.0 1.112119e+04 1.119790e+04 1.130730e+04 1.123058e+04
10.0 1.097693e+04 1.113366e+04 1.130949e+04 1.115275e+04
11.0 1.153022e+04 1.119862e+04 1.131190e+04 1.164351e+04
12.0 1.165356e+04 1.127850e+04 1.131379e+04 1.168884e+04
13.0 1.142881e+04 1.132059e+04 1.131492e+04 1.142314e+04
14.0 1.083244e+04 1.126381e+04 1.131555e+04 1.088418e+04
15.0 1.134663e+04 1.114117e+04 1.131589e+04 1.152135e+04
16.0 1.130000e+04 1.116444e+04 1.131606e+04 1.145162e+04
17.0 1.068312e+04 1.125140e+04 1.131615e+04 1.074787e+04
18.0 1.112878e+04 1.133140e+04 1.131621e+04 1.111359e+04
0.4 1.143862e+04 1.154243e+04 1.131634e+04 1.121253e+04
1.4 1.149753e+04 1.152547e+04 1.132930e+04 1.130135e+04
2.4 1.156961e+04 1.147621e+04 1.138583e+04 1.147923e+04
3.4 1.153875e+04 1.141800e+04 1.140605e+04 1.152680e+04
4.4 1.146706e+04 1.135896e+04 1.137417e+04 1.148227e+04
5.4 1.143311e+04 1.139998e+04 1.134006e+04 1.137319e+04
6.4 1.078044e+04 1.140955e+04 1.131956e+04 1.069045e+04
7.4 1.139201e+04 1.135570e+04 1.131052e+04 1.134683e+04
8.4 1.127842e+04 1.130736e+04 1.130799e+04 1.127905e+04
9.4 1.195491e+04 1.128659e+04 1.131165e+04 1.197996e+04
10.4 1.169206e+04 1.131960e+04 1.135509e+04 1.172756e+04
11.4 1.145574e+04 1.136935e+04 1.140716e+04 1.149355e+04
12.4 1.105087e+04 1.135811e+04 1.139302e+04 1.108577e+04
13.4 1.179408e+04 1.138448e+04 1.135418e+04 1.176378e+04
14.4 1.134789e+04 1.143454e+04 1.132728e+04 1.124063e+04
15.4 1.109211e+04 1.140431e+04 1.131362e+04 1.100142e+04
16.4 1.117417e+04 1.136138e+04 1.130841e+04 1.112120e+04
17.4 1.112176e+04 1.132268e+04 1.130826e+04 1.110734e+04
1.0 1.195491e+04 1.128659e+04 1.131165e+04 1.197996e+04
2.0 1.169206e+04 1.131960e+04 1.135509e+04 1.172756e+04
3.0 1.145574e+04 1.136935e+04 1.140716e+04 1.149355e+04
4.0 1.105087e+04 1.135811e+04 1.139302e+04 1.108577e+04
5.0 1.179408e+04 1.138448e+04 1.135418e+04 1.176378e+04
6.0 1.134789e+04 1.143454e+04 1.132728e+04 1.124063e+04
7.0 1.109211e+04 1.140431e+04 1.131362e+04 1.100142e+04
8.0 1.117417e+04 1.136138e+04 1.130841e+04 1.112120e+04
9.0 1.112176e+04 1.132268e+04 1.130826e+04 1.110734e+04
10.0 1.091227e+04 1.129375e+04 1.131038e+04 1.092890e+04
11.0 1.076132e+04 1.126827e+04 1.131280e+04 1.080585e+04
12.0 1.113121e+04 1.123835e+04 1.131468e+04 1.120754e+04
13.0 1.108489e+04 1.124313e+04 1.131589e+04 1.115765e+04
14.0 1.147786e+04 1.126899e+04 1.131654e+04 1.152541e+04
15.0 1.101561e+04 1.131178e+04 1.131690e+04 1.102073e+04
16.0 1.141669e+04 1.133017e+04 1.131710e+04 1.140362e+04
17.0 1.136025e+04 1.132015e+04 1.131724e+04 1.135734e+04
18.0 1.139098e+04 1.130274e+04 1.131735e+04 1.140560e+04
1.0 1.111937e+04 1.127586e+04 1.132271e+04 1.116623e+04
2.0 1.146379e+04 1.133265e+04 1.136644e+04 1.149758e+04
3.0 1.150907e+04 1.138754e+04 1.141248e+04 1.153400e+04
4.0 1.130927e+04 1.141375e+04 1.139413e+04 1.128965e+04
5.0 1.197631e+04 1.146736e+04 1.135637e+04 1.186532e+04
6.0 1.139111e+04 1.143814e+04 1.132989e+04 1.128286e+04
7.0 1.187354e+04 1.139697e+04 1.131717e+04 1.179373e+04
8.0 1.186739e+04 1.136547e+04 1.131256e+04 1.181448e+04
9.0 1.151900e+04 1.132846e+04 1.131275e+04 1.150329e+04
10.0 1.108020e+04 1.129886e+04 1.131498e+04 1.109632e+04
11.0 1.130763e+04 1.128700e+04 1.131754e+04 1.133817e+04
12.0 1.093853e+04 1.130329e+04 1.131949e+04 1.095473e+04
13.0 1.104048e+04 1.132376e+04 1.132079e+04 1.103751e+04
14.0 1.126710e+04 1.132079e+04 1.132156e+04 1.126787e+04
15.0 1.133974e+04 1.130913e+04 1.132205e+04 1.135266e+04
16.0 1.111865e+04 1.130401e+04 1.132240e+04 1.113704e+04
17.0 1.132798e+04 1.130615e+04 1.132269e+04 1.134452e+04
18.0 1.136929e+04 1.131177e+04 1.132297e+04 1.138049e+04
