0.4 9.911301e+03 1.000048e+04 1.000136e+04 9.912183e+03
1.4 9.931163e+03 9.987228e+03 1.001095e+04 9.954881e+03
2.4 9.989711e+03 9.999192e+03 1.003242e+04 1.002294e+04
3.4 1.003701e+04 1.000246e+04 1.003071e+04 1.006527e+04
4.4 1.001576e+04 1.002166e+04 1.001685e+04 1.001095e+04
5.4 9.978785e+03 1.002160e+04 1.000690e+04 9.964088e+03
6.4 9.853350e+03 1.001841e+04 1.001800e+04 9.852939e+03
7.4 9.841284e+03 1.001911e+04 1.003205e+04 9.854216e+03
8.4 9.915932e+03 1.001510e+04 1.002414e+04 9.924964e+03
9.4 1.004615e+04 1.003248e+04 1.001106e+04 1.002472e+04
10.4 1.005692e+04 1.003272e+04 1.000318e+04 1.002739e+04
11.4 9.967863e+03 1.002082e+04 9.999552e+03 9.946593e+03
12.4 9.839221e+03 1.000694e+04 9.998530e+03 9.830813e+03
13.4 1.003916e+04 9.993019e+03 9.998868e+03 1.004501e+04
14.4 9.863093e+03 9.982562e+03 9.999789e+03 9.880321e+03
15.4 9.860411e+03 9.978281e+03 1.000070e+04 9.882830e+03
16.4 9.914088e+03 9.980309e+03 1.000139e+04 9.935171e+03
17.4 9.899765e+03 9.984367e+03 1.000182e+04 9.917220e+03
0.7 9.978785e+03 1.002160e+04 1.000690e+04 9.964088e+03
1.7 9.853350e+03 1.001841e+04 1.001800e+04 9.852939e+03
2.7 9.841284e+03 1.001911e+04 1.003205e+04 9.854216e+03
3.7 9.915932e+03 1.001510e+04 1.002414e+04 9.924964e+03
4.7 1.004615e+04 1.003248e+04 1.001106e+04 1.002472e+04
5.7 1.005692e+04 1.003272e+04 1.000318e+04 1.002739e+04
6.7 9.967863e+03 1.002082e+04 9.999552e+03 9.946593e+03
7.7 9.839221e+03 1.000694e+04 9.998530e+03 9.830813e+03
8.7 1.003916e+04 9.993019e+03 9.998868e+03 1.004501e+04
9.7 9.863093e+03 9.982562e+03 9.999789e+03 9.880321e+03
10.7 9.860411e+03 9.978281e+03 1.000070e+04 9.882830e+03
11.7 9.914088e+03 9.980309e+03 1.000139e+04 9.935171e+03
12.7 9.899765e+03 9.984367e+03 1.000182e+04 9.917220e+03
13.7 9.795772e+03 9.988008e+03 1.000208e+04 9.809844e+03
14.7 9.776106e+03 9.991452e+03 1.000224e+04 9.786895e+03
15.7 9.744700e+03 1.001103e+04 1.000235e+04 9.736024e+03
16.7 9.944396e+03 1.004623e+04 1.000245e+04 9.900612e+03
17.7 1.000196e+04 1.004723e+04 1.000253e+04 9.957261e+03
0.1 1.001170e+04 1.002926e+04 1.000307e+04 9.985508e+03
1.1 1.001762e+04 1.000676e+04 1.000658e+04 1.001744e+04
2.1 1.001225e+04 1.000712e+04 1.002882e+04 1.003395e+04
3.1 9.959580e+03 1.000189e+04 1.003512e+04 9.992813e+03
4.1 9.880843e+03 9.985058e+03 1.002280e+04 9.918589e+03
5.1 9.839281e+03 9.969974e+03 1.001075e+04 9.880057e+03
6.1 9.809256e+03 9.962986e+03 1.000374e+04 9.850006e+03
7.1 9.905111e+03 1.005770e+04 1.000068e+04 9.848087e+03
8.1 9.957178e+03 1.023403e+04 9.999844e+03 9.722990e+03
9.1 1.036035e+04 1.020634e+04 1.000023e+04 1.015424e+04
10.1 1.002618e+04 1.010703e+04 1.000101e+04 9.920154e+03
11.1 9.904138e+03 1.003118e+04 1.000173e+04 9.874682e+03
12.1 9.916948e+03 9.981988e+03 1.000219e+04 9.937153e+03
13.1 9.820826e+03 9.954938e+03 1.000245e+04 9.868335e+03
14.1 9.891503e+03 9.947045e+03 1.000255e+04 9.947009e+03
15.1 9.895553e+03 9.949400e+03 1.000258e+04 9.948734e+03
16.1 1.007140e+04 9.955121e+03 1.000258e+04 1.011886e+04
17.1 1.007965e+04 9.958037e+03 1.000256e+04 1.012417e+04
0.4 9.952628e+03 9.989732e+03 1.000210e+04 9.964995e+03
1.4 9.892871e+03 9.986689e+03 1.001166e+04 9.917840e+03
2.4 9.944665e+03 1.000226e+04 1.003311e+04 9.975509e+03
3.4 9.993002e+03 9.998461e+03 1.003108e+04 1.002562e+04
4.4 1.006412e+04 9.992700e+03 1.001747e+04 1.008889e+04
5.4 9.995617e+03 1.002176e+04 1.000692e+04 9.980774e+03
6.4 1.002183e+04 1.003133e+04 1.000157e+04 9.992072e+03
7.4 1.012780e+04 1.000743e+04 9.999397e+03 1.011977e+04
8.4 1.013038e+04 9.961714e+03 9.999092e+03 1.016775e+04
9.4 1.013469e+04 9.939793e+03 9.999707e+03 1.019461e+04
10.4 1.003406e+04 9.947348e+03 1.000055e+04 1.008726e+04
11.4 1.003275e+04 9.961271e+03 1.000121e+04 1.007269e+04
12.4 1.021735e+04 9.995952e+03 1.000164e+04 1.022303e+04
13.4 1.004049e+04 1.003135e+04 1.000188e+04 1.001101e+04
14.4 1.003732e+04 1.002318e+04 1.000200e+04 1.001614e+04
15.4 1.013091e+04 9.998978e+03 1.000206e+04 1.013399e+04
16.4 1.005586e+04 9.962626e+03 1.000210e+04 1.009533e+04
17.4 1.008117e+04 9.939495e+03 1.000213e+04 1.014381e+04
0.1 1.011380e+04 1.001275e+04 1.000220e+04 1.010324e+04
1.1 1.023880e+04 1.002145e+04 1.000578e+04 1.022312e+04
2.1 1.019363e+04 1.002624e+04 1.002809e+04 1.019547e+04
3.1 1.022998e+04 1.001773e+04 1.003464e+04 1.024688e+04
4.1 1.025489e+04 9.998011e+03 1.002223e+04 1.027911e+04
5.1 1.012773e+04 1.000378e+04 1.001027e+04 1.013422e+04
6.1 1.011896e+04 1.001864e+04 1.000334e+04 1.010367e+04
7.1 1.019127e+04 1.001078e+04 1.000037e+04 1.018086e+04
8.1 1.013582e+04 1.000121e+04 9.999638e+03 1.013425e+04
9.1 1.004642e+04 9.995093e+03 1.000012e+04 1.005144e+04
10.1 1.008577e+04 1.002472e+04 1.000100e+04 1.006206e+04
11.1 1.007581e+04 1.004332e+04 1.000183e+04 1.003432e+04
12.1 9.917448e+03 1.001732e+04 1.000241e+04 9.902537e+03
13.1 9.785940e+03 9.965343e+03 1.000277e+04 9.823369e+03
14.1 9.832201e+03 9.937741e+03 1.000300e+04 9.897462e+03
15.1 9.816020e+03 9.964646e+03 1.000316e+04 9.854529e+03
16.1 9.894579e+03 9.998278e+03 1.000328e+04 9.899582e+03
17.1 9.956224e+03 9.988243e+03 1.000339e+04 9.971374e+03
