0.6 1.420305e+03 1.705480e+03 1.653665e+03 1.368491e+03
1.6 1.852184e+03 1.627799e+03 1.601108e+03 1.825492e+03
2.6 1.737757e+03 1.528446e+03 1.523019e+03 1.732330e+03
3.6 1.645513e+03 1.538425e+03 1.544520e+03 1.651608e+03
4.6 1.603663e+03 1.588831e+03 1.600194e+03 1.615026e+03
5.6 1.367146e+03 1.623377e+03 1.637697e+03 1.381465e+03
6.6 1.419758e+03 1.636771e+03 1.656514e+03 1.439501e+03
7.6 1.600317e+03 1.642507e+03 1.663645e+03 1.621454e+03
8.6 1.880568e+03 1.646542e+03 1.663749e+03 1.897775e+03
9.6 1.882580e+03 1.666966e+03 1.660677e+03 1.876291e+03
10.6 1.953522e+03 1.709220e+03 1.657171e+03 1.901473e+03
11.6 1.735958e+03 1.702655e+03 1.654412e+03 1.687715e+03
12.6 1.583909e+03 1.668240e+03 1.652596e+03 1.568265e+03
13.6 1.584169e+03 1.645307e+03 1.651557e+03 1.590419e+03
14.6 1.682746e+03 1.668652e+03 1.650939e+03 1.665034e+03
15.6 1.495917e+03 1.697927e+03 1.650546e+03 1.448535e+03
16.6 1.621104e+03 1.669310e+03 1.650247e+03 1.602041e+03
17.6 1.575351e+03 1.604432e+03 1.649988e+03 1.620907e+03
0.5 1.792997e+03 1.651020e+03 1.650771e+03 1.792749e+03
1.5 1.741012e+03 1.586098e+03 1.603228e+03 1.758142e+03
2.5 1.600474e+03 1.492944e+03 1.522783e+03 1.630313e+03
3.5 1.596279e+03 1.502722e+03 1.538627e+03 1.632185e+03
4.5 1.606293e+03 1.548459e+03 1.594801e+03 1.652635e+03
5.5 1.510534e+03 1.558506e+03 1.634309e+03 1.586337e+03
6.5 1.787709e+03 1.574938e+03 1.654986e+03 1.867756e+03
7.5 1.640908e+03 1.596452e+03 1.662885e+03 1.707341e+03
8.5 1.742526e+03 1.610865e+03 1.663749e+03 1.795410e+03
9.5 1.472118e+03 1.621719e+03 1.661198e+03 1.511597e+03
10.5 1.447912e+03 1.624766e+03 1.658066e+03 1.481212e+03
11.5 1.572910e+03 1.620488e+03 1.655582e+03 1.608004e+03
12.5 1.628470e+03 1.615467e+03 1.654141e+03 1.667145e+03
13.5 1.579955e+03 1.595740e+03 1.653444e+03 1.637659e+03
14.5 1.672127e+03 1.593167e+03 1.653181e+03 1.732141e+03
15.5 1.731248e+03 1.605042e+03 1.653151e+03 1.779357e+03
16.5 1.600048e+03 1.591307e+03 1.653215e+03 1.661956e+03
17.5 1.639165e+03 1.571776e+03 1.653319e+03 1.720709e+03
0.5 1.573957e+03 1.680436e+03 1.655005e+03 1.548526e+03
1.5 1.591592e+03 1.617320e+03 1.609768e+03 1.584039e+03
2.5 1.402493e+03 1.516299e+03 1.526769e+03 1.412963e+03
3.5 1.321425e+03 1.536917e+03 1.542469e+03 1.326977e+03
4.5 1.421369e+03 1.652394e+03 1.597225e+03 1.366199e+03
5.5 1.907705e+03 1.731543e+03 1.637831e+03 1.813994e+03
6.5 1.876570e+03 1.720614e+03 1.658011e+03 1.813968e+03
7.5 1.609976e+03 1.684409e+03 1.666051e+03 1.591618e+03
8.5 1.748762e+03 1.658303e+03 1.666728e+03 1.757187e+03
9.5 1.635935e+03 1.643366e+03 1.664062e+03 1.656632e+03
10.5 1.603513e+03 1.638897e+03 1.660641e+03 1.625257e+03
11.5 1.443033e+03 1.662664e+03 1.657993e+03 1.438362e+03
12.5 1.444562e+03 1.688129e+03 1.656052e+03 1.412485e+03
13.5 1.815906e+03 1.634367e+03 1.609851e+03 1.791391e+03
14.5 1.589591e+03 1.533501e+03 1.527227e+03 1.583317e+03
15.5 1.285757e+03 1.527820e+03 1.541756e+03 1.299693e+03
16.5 1.686545e+03 1.543846e+03 1.596335e+03 1.739034e+03
17.5 1.712063e+03 1.570870e+03 1.636806e+03 1.777999e+03
0.5 1.444562e+03 1.688129e+03 1.656052e+03 1.412485e+03
1.5 1.815906e+03 1.634367e+03 1.609851e+03 1.791391e+03
2.5 1.589591e+03 1.533501e+03 1.527227e+03 1.583317e+03
3.5 1.285757e+03 1.527820e+03 1.541756e+03 1.299693e+03
4.5 1.686545e+03 1.543846e+03 1.596335e+03 1.739034e+03
5.5 1.712063e+03 1.570870e+03 1.636806e+03 1.777999e+03
6.5 1.574953e+03 1.609167e+03 1.656865e+03 1.622652e+03
7.5 1.625894e+03 1.631577e+03 1.664707e+03 1.659024e+03
8.5 1.884865e+03 1.643516e+03 1.665369e+03 1.906717e+03
9.5 1.925735e+03 1.651195e+03 1.662602e+03 1.937142e+03
10.5 1.774804e+03 1.654169e+03 1.659086e+03 1.779721e+03
11.5 1.599334e+03 1.652309e+03 1.656349e+03 1.603374e+03
12.5 1.356787e+03 1.627026e+03 1.654579e+03 1.384341e+03
13.5 1.674010e+03 1.596686e+03 1.653545e+03 1.730870e+03
14.5 1.801680e+03 1.604638e+03 1.652982e+03 1.850023e+03
15.5 1.479237e+03 1.622347e+03 1.652638e+03 1.509528e+03
16.5 1.749597e+03 1.632323e+03 1.652399e+03 1.769673e+03
17.5 1.511792e+03 1.640867e+03 1.652200e+03 1.523126e+03
0.7 1.743669e+03 1.691071e+03 1.656342e+03 1.708940e+03
1.7 1.781585e+03 1.617063e+03 1.592962e+03 1.757484e+03
2.7 1.421584e+03 1.534884e+03 1.526455e+03 1.413155e+03
3.7 1.504682e+03 1.569280e+03 1.557426e+03 1.492829e+03
4.7 1.566676e+03 1.650041e+03 1.612070e+03 1.528705e+03
5.7 1.685039e+03 1.686003e+03 1.649072e+03 1.648108e+03
6.7 1.671454e+03 1.682173e+03 1.667098e+03 1.656380e+03
7.7 1.683383e+03 1.679345e+03 1.674063e+03 1.678101e+03
8.7 1.629370e+03 1.680716e+03 1.674628e+03 1.623283e+03
