0.4 1.452310e+04 1.447041e+04 1.448941e+04 1.454211e+04
1.4 1.435766e+04 1.447074e+04 1.449005e+04 1.437697e+04
2.4 1.445072e+04 1.447271e+04 1.449235e+04 1.447035e+04
3.4 1.443756e+04 1.447556e+04 1.449300e+04 1.445499e+04
4.4 1.434819e+04 1.451356e+04 1.449169e+04 1.432632e+04
5.4 1.459186e+04 1.453731e+04 1.449034e+04 1.454489e+04
6.4 1.462005e+04 1.451592e+04 1.448960e+04 1.459372e+04
7.4 1.457269e+04 1.448926e+04 1.448927e+04 1.457270e+04
8.4 1.452678e+04 1.447320e+04 1.448920e+04 1.454277e+04
9.4 1.434052e+04 1.447472e+04 1.448926e+04 1.435505e+04
10.4 1.443993e+04 1.448748e+04 1.448937e+04 1.444182e+04
11.4 1.438430e+04 1.448731e+04 1.448947e+04 1.438646e+04
12.4 1.447659e+04 1.449562e+04 1.448954e+04 1.447050e+04
13.4 1.470834e+04 1.451401e+04 1.448959e+04 1.468392e+04
14.4 1.446593e+04 1.450367e+04 1.448962e+04 1.445189e+04
15.4 1.440013e+04 1.448446e+04 1.448965e+04 1.440532e+04
16.4 1.427619e+04 1.447316e+04 1.449033e+04 1.429336e+04
17.4 1.456168e+04 1.447035e+04 1.449285e+04 1.458418e+04
0.5 1.440013e+04 1.448446e+04 1.448965e+04 1.440532e+04
1.5 1.427619e+04 1.447316e+04 1.449033e+04 1.429336e+04
2.5 1.456168e+04 1.447035e+04 1.449285e+04 1.458418e+04
3.5 1.436607e+04 1.446996e+04 1.449386e+04 1.438996e+04
4.5 1.437946e+04 1.446932e+04 1.449246e+04 1.440260e+04
5.5 1.449401e+04 1.449007e+04 1.449086e+04 1.449479e+04
6.5 1.450684e+04 1.453727e+04 1.448993e+04 1.445950e+04
7.5 1.455834e+04 1.453473e+04 1.448989e+04 1.451350e+04
8.5 1.463586e+04 1.450710e+04 1.449150e+04 1.462026e+04
9.5 1.458317e+04 1.448653e+04 1.449192e+04 1.458856e+04
10.5 1.439534e+04 1.451017e+04 1.449106e+04 1.437623e+04
11.5 1.441631e+04 1.454034e+04 1.449027e+04 1.436624e+04
12.5 1.436346e+04 1.453742e+04 1.448985e+04 1.431589e+04
13.5 1.439502e+04 1.455245e+04 1.448967e+04 1.433224e+04
14.5 1.448838e+04 1.454418e+04 1.448966e+04 1.443386e+04
15.5 1.461082e+04 1.450714e+04 1.448972e+04 1.459339e+04
16.5 1.449562e+04 1.447928e+04 1.448980e+04 1.450614e+04
17.5 1.445571e+04 1.446866e+04 1.448987e+04 1.447692e+04
0.3 1.450684e+04 1.453727e+04 1.448993e+04 1.445950e+04
1.3 1.455834e+04 1.453473e+04 1.448989e+04 1.451350e+04
2.3 1.463586e+04 1.450710e+04 1.449150e+04 1.462026e+04
3.3 1.458317e+04 1.448653e+04 1.449192e+04 1.458856e+04
4.3 1.439534e+04 1.451017e+04 1.449106e+04 1.437623e+04
5.3 1.441631e+04 1.454034e+04 1.449027e+04 1.436624e+04
6.3 1.436346e+04 1.453742e+04 1.448985e+04 1.431589e+04
7.3 1.439502e+04 1.455245e+04 1.448967e+04 1.433224e+04
8.3 1.448838e+04 1.454418e+04 1.448966e+04 1.443386e+04
9.3 1.461082e+04 1.450714e+04 1.448972e+04 1.459339e+04
10.3 1.449562e+04 1.447928e+04 1.448980e+04 1.450614e+04
11.3 1.445571e+04 1.446866e+04 1.448987e+04 1.447692e+04
12.3 1.417267e+04 1.447626e+04 1.448993e+04 1.418633e+04
13.3 1.438545e+04 1.448664e+04 1.448996e+04 1.438877e+04
14.3 1.441376e+04 1.448540e+04 1.448999e+04 1.441835e+04
15.3 1.462488e+04 1.448090e+04 1.449001e+04 1.463399e+04
16.3 1.468341e+04 1.447822e+04 1.449002e+04 1.469521e+04
17.3 1.444545e+04 1.447815e+04 1.449004e+04 1.445734e+04
0.7 1.445158e+04 1.444965e+04 1.449011e+04 1.449205e+04
1.7 1.434583e+04 1.444896e+04 1.449125e+04 1.438812e+04
2.7 1.461115e+04 1.445212e+04 1.449379e+04 1.465282e+04
3.7 1.433165e+04 1.446236e+04 1.449391e+04 1.436320e+04
4.7 1.480681e+04 1.450778e+04 1.449230e+04 1.479132e+04
5.7 1.471839e+04 1.451733e+04 1.449085e+04 1.469191e+04
6.7 1.449002e+04 1.449354e+04 1.449007e+04 1.448655e+04
7.7 1.468303e+04 1.449911e+04 1.448974e+04 1.467365e+04
8.7 1.450584e+04 1.451605e+04 1.448967e+04 1.447946e+04
9.7 1.445100e+04 1.447927e+04 1.448973e+04 1.446146e+04
10.7 1.439651e+04 1.440890e+04 1.448984e+04 1.447744e+04
11.7 1.426133e+04 1.439997e+04 1.448992e+04 1.435129e+04
12.7 1.424097e+04 1.443361e+04 1.448998e+04 1.429735e+04
13.7 1.464893e+04 1.446569e+04 1.449001e+04 1.467326e+04
14.7 1.486539e+04 1.464355e+04 1.449002e+04 1.471186e+04
15.7 1.460798e+04 1.476185e+04 1.449003e+04 1.433615e+04
16.7 1.462595e+04 1.467788e+04 1.449003e+04 1.443810e+04
17.7 1.444280e+04 1.456504e+04 1.449003e+04 1.436778e+04
0.4 1.467042e+04 1.468112e+04 1.449002e+04 1.447932e+04
1.4 1.421802e+04 1.456044e+04 1.449060e+04 1.414818e+04
2.4 1.460250e+04 1.448144e+04 1.449271e+04 1.461377e+04
3.4 1.414352e+04 1.444256e+04 1.449319e+04 1.419415e+04
4.4 1.437264e+04 1.443496e+04 1.449194e+04 1.442962e+04
5.4 1.442018e+04 1.448292e+04 1.449076e+04 1.442801e+04
6.4 1.434202e+04 1.450350e+04 1.449007e+04 1.432859e+04
7.4 1.447199e+04 1.448594e+04 1.448977e+04 1.447582e+04
8.4 1.450509e+04 1.447659e+04 1.448970e+04 1.451819e+04
9.4 1.433584e+04 1.447257e+04 1.448974e+04 1.435301e+04
10.4 1.442136e+04 1.447780e+04 1.448982e+04 1.443338e+04
11.4 1.444675e+04 1.449708e+04 1.448989e+04 1.443956e+04
12.4 1.439281e+04 1.447730e+04 1.448993e+04 1.440544e+04
13.4 1.408236e+04 1.440492e+04 1.448996e+04 1.416740e+04
14.4 1.424852e+04 1.436021e+04 1.448997e+04 1.437827e+04
15.4 1.439055e+04 1.438365e+04 1.448997e+04 1.449687e+04
16.4 1.437442e+04 1.442252e+04 1.448996e+04 1.444187e+04
17.4 1.430431e+04 1.444816e+04 1.448996e+04 1.434611e+04
0.5 1.440770e+04 1.446733e+04 1.448978e+04 1.443015e+04
1.5 1.446993e+04 1.445975e+04 1.449040e+04 1.450058e+04
2.5 1.457556e+04 1.445983e+04 1.449191e+04 1.460764e+04
3.5 1.445092e+04 1.446097e+04 1.449181e+04 1.448177e+04
4.5 1.447221e+04 1.446208e+04 1.449084e+04 1.450098e+04
5.5 1.448988e+04 1.448384e+04 1.449009e+04 1.449614e+04
6.5 1.465279e+04 1.453108e+04 1.448969e+04 1.461141e+04
7.5 1.455702e+04 1.452701e+04 1.448952e+04 1.451953e+04
8.5 1.445379e+04 1.449793e+04 1.448989e+04 1.444575e+04
9.5 1.448992e+04 1.447703e+04 1.449202e+04 1.450491e+04
10.5 1.443269e+04 1.446598e+04 1.449280e+04 1.445951e+04
11.5 1.444981e+04 1.446406e+04 1.449170e+04 1.447746e+04
12.5 1.441407e+04 1.450562e+04 1.449047e+04 1.439892e+04
13.5 1.463610e+04 1.452452e+04 1.448975e+04 1.460134e+04
14.5 1.450390e+04 1.450212e+04 1.448942e+04 1.449119e+04
15.5 1.457964e+04 1.447782e+04 1.448939e+04 1.459121e+04
16.5 1.460174e+04 1.446480e+04 1.449083e+04 1.462778e+04
17.5 1.435433e+04 1.445951e+04 1.449255e+04 1.438736e+04
0.3 1.455702e+04 1.452701e+04 1.448952e+04 1.451953e+04
1.3 1.445379e+04 1.449793e+04 1.448989e+04 1.444575e+04
2.3 1.448992e+04 1.447703e+04 1.449202e+04 1.450491e+04
3.3 1.443269e+04 1.446598e+04 1.449280e+04 1.445951e+04
4.3 1.444981e+04 1.446406e+04 1.449170e+04 1.447746e+04
5.3 1.441407e+04 1.450562e+04 1.449047e+04 1.439892e+04
6.3 1.463610e+04 1.452452e+04 1.448975e+04 1.460134e+04
7.3 1.450390e+04 1.450212e+04 1.448942e+04 1.449119e+04
8.3 1.457964e+04 1.447782e+04 1.448939e+04 1.459121e+04
9.3 1.460174e+04 1.446480e+04 1.449083e+04 1.462778e+04
10.3 1.435433e+04 1.445951e+04 1.449255e+04 1.438736e+04
11.3 1.444881e+04 1.445671e+04 1.449202e+04 1.448413e+04
12.3 1.449006e+04 1.445750e+04 1.449076e+04 1.452332e+04
13.3 1.445870e+04 1.449535e+04 1.448990e+04 1.445325e+04
14.3 1.429483e+04 1.452376e+04 1.448949e+04 1.426056e+04
15.3 1.440924e+04 1.450581e+04 1.449040e+04 1.439383e+04
16.3 1.433485e+04 1.448091e+04 1.449223e+04 1.434617e+04
17.3 1.443108e+04 1.447099e+04 1.449203e+04 1.445212e+04
0.9 1.457964e+04 1.447782e+04 1.448939e+04 1.459121e+04
1.9 1.460174e+04 1.446480e+04 1.449083e+04 1.462778e+04
2.9 1.435433e+04 1.445951e+04 1.449255e+04 1.438736e+04
3.9 1.444881e+04 1.445671e+04 1.449202e+04 1.448413e+04
4.9 1.449006e+04 1.445750e+04 1.449076e+04 1.452332e+04
5.9 1.445870e+04 1.449535e+04 1.448990e+04 1.445325e+04
6.9 1.429483e+04 1.452376e+04 1.448949e+04 1.426056e+04
7.9 1.440924e+04 1.450581e+04 1.449040e+04 1.439383e+04
8.9 1.433485e+04 1.448091e+04 1.449223e+04 1.434617e+04
9.9 1.443108e+04 1.447099e+04 1.449203e+04 1.445212e+04
10.9 1.471887e+04 1.450960e+04 1.449085e+04 1.470012e+04
11.9 1.458245e+04 1.451940e+04 1.448996e+04 1.455301e+04
12.9 1.455060e+04 1.449360e+04 1.448949e+04 1.454649e+04
13.9 1.434286e+04 1.449698e+04 1.448932e+04 1.433520e+04
14.9 1.444244e+04 1.451300e+04 1.448930e+04 1.441875e+04
15.9 1.449571e+04 1.449283e+04 1.448937e+04 1.449224e+04
16.9 1.453998e+04 1.446225e+04 1.448945e+04 1.456718e+04
17.9 1.439463e+04 1.444538e+04 1.448993e+04 1.443917e+04
0.7 1.429483e+04 1.452376e+04 1.448949e+04 1.426056e+04
1.7 1.440924e+04 1.450581e+04 1.449040e+04 1.439383e+04
2.7 1.433485e+04 1.448091e+04 1.449223e+04 1.434617e+04
3.7 1.443108e+04 1.447099e+04 1.449203e+04 1.445212e+04
4.7 1.471887e+04 1.450960e+04 1.449085e+04 1.470012e+04
5.7 1.458245e+04 1.451940e+04 1.448996e+04 1.455301e+04
6.7 1.455060e+04 1.449360e+04 1.448949e+04 1.454649e+04
7.7 1.434286e+04 1.449698e+04 1.448932e+04 1.433520e+04
8.7 1.444244e+04 1.451300e+04 1.448930e+04 1.441875e+04
9.7 1.449571e+04 1.449283e+04 1.448937e+04 1.449224e+04
10.7 1.453998e+04 1.446225e+04 1.448945e+04 1.456718e+04
11.7 1.439463e+04 1.444538e+04 1.448993e+04 1.443917e+04
12.7 1.429766e+04 1.444189e+04 1.449225e+04 1.434803e+04
13.7 1.457108e+04 1.444217e+04 1.449367e+04 1.462258e+04
14.7 1.462862e+04 1.444582e+04 1.449251e+04 1.467532e+04
15.7 1.450531e+04 1.448780e+04 1.449093e+04 1.450843e+04
16.7 1.430920e+04 1.450710e+04 1.448997e+04 1.429207e+04
17.7 1.456753e+04 1.448481e+04 1.449076e+04 1.457349e+04
0.3 1.453998e+04 1.446225e+04 1.448945e+04 1.456718e+04
1.3 1.439463e+04 1.444538e+04 1.448993e+04 1.443917e+04
2.3 1.429766e+04 1.444189e+04 1.449225e+04 1.434803e+04
3.3 1.457108e+04 1.444217e+04 1.449367e+04 1.462258e+04
4.3 1.462862e+04 1.444582e+04 1.449251e+04 1.467532e+04
5.3 1.450531e+04 1.448780e+04 1.449093e+04 1.450843e+04
6.3 1.430920e+04 1.450710e+04 1.448997e+04 1.429207e+04
7.3 1.456753e+04 1.448481e+04 1.449076e+04 1.457349e+04
8.3 1.454249e+04 1.445900e+04 1.449185e+04 1.457534e+04
9.3 1.456696e+04 1.445629e+04 1.449130e+04 1.460197e+04
10.3 1.452886e+04 1.449249e+04 1.449038e+04 1.452675e+04
11.3 1.432660e+04 1.449247e+04 1.448981e+04 1.432394e+04
12.3 1.446078e+04 1.447612e+04 1.448956e+04 1.447422e+04
13.3 1.480107e+04 1.445887e+04 1.448951e+04 1.483171e+04
14.3 1.427492e+04 1.446088e+04 1.448956e+04 1.430359e+04
15.3 1.441415e+04 1.446946e+04 1.448965e+04 1.443434e+04
16.3 1.442978e+04 1.445905e+04 1.448974e+04 1.446048e+04
17.3 1.447676e+04 1.445297e+04 1.448982e+04 1.451360e+04
0.8 1.430920e+04 1.450710e+04 1.448997e+04 1.429207e+04
1.8 1.456753e+04 1.448481e+04 1.449076e+04 1.457349e+04
2.8 1.454249e+04 1.445900e+04 1.449185e+04 1.457534e+04
3.8 1.456696e+04 1.445629e+04 1.449130e+04 1.460197e+04
4.8 1.452886e+04 1.449249e+04 1.449038e+04 1.452675e+04
5.8 1.432660e+04 1.449247e+04 1.448981e+04 1.432394e+04
6.8 1.446078e+04 1.447612e+04 1.448956e+04 1.447422e+04
7.8 1.480107e+04 1.445887e+04 1.448951e+04 1.483171e+04
8.8 1.427492e+04 1.446088e+04 1.448956e+04 1.430359e+04
9.8 1.441415e+04 1.446946e+04 1.448965e+04 1.443434e+04
10.8 1.442978e+04 1.445905e+04 1.448974e+04 1.446048e+04
11.8 1.447676e+04 1.445297e+04 1.448982e+04 1.451360e+04
12.8 1.442830e+04 1.444109e+04 1.448987e+04 1.447708e+04
13.8 1.436678e+04 1.442750e+04 1.448992e+04 1.442920e+04
14.8 1.452292e+04 1.454663e+04 1.448996e+04 1.446625e+04
15.8 1.458090e+04 1.470935e+04 1.448999e+04 1.436154e+04
