0.8 1.070790e+04 1.082542e+04 1.073676e+04 1.061925e+04
1.8 1.069562e+04 1.080404e+04 1.077645e+04 1.066803e+04
2.8 1.066675e+04 1.076685e+04 1.080192e+04 1.070182e+04
3.8 1.071258e+04 1.071094e+04 1.078181e+04 1.078346e+04
4.8 1.061852e+04 1.066815e+04 1.075598e+04 1.070635e+04
5.8 1.066689e+04 1.065255e+04 1.073994e+04 1.075428e+04
6.8 1.083416e+04 1.076212e+04 1.073276e+04 1.080480e+04
7.8 1.110333e+04 1.095794e+04 1.073061e+04 1.087600e+04
8.8 1.098375e+04 1.094877e+04 1.073136e+04 1.076634e+04
9.8 1.095680e+04 1.081734e+04 1.073320e+04 1.087265e+04
10.8 1.086371e+04 1.070744e+04 1.073506e+04 1.089133e+04
11.8 1.063343e+04 1.064866e+04 1.073643e+04 1.072120e+04
12.8 1.041617e+04 1.062301e+04 1.073734e+04 1.053050e+04
13.8 1.063690e+04 1.064788e+04 1.073790e+04 1.072692e+04
14.8 1.061773e+04 1.076484e+04 1.073828e+04 1.059117e+04
15.8 1.075270e+04 1.081683e+04 1.073857e+04 1.067445e+04
16.8 1.067706e+04 1.075973e+04 1.073881e+04 1.065615e+04
17.8 1.073314e+04 1.070373e+04 1.073904e+04 1.076845e+04
0.1 1.069551e+04 1.077907e+04 1.074032e+04 1.065677e+04
1.1 1.093556e+04 1.079401e+04 1.074894e+04 1.089048e+04
2.1 1.082698e+04 1.077144e+04 1.079437e+04 1.084991e+04
3.1 1.077370e+04 1.072175e+04 1.080439e+04 1.085634e+04
4.1 1.069255e+04 1.067401e+04 1.077892e+04 1.079746e+04
5.1 1.080555e+04 1.075466e+04 1.075469e+04 1.080557e+04
6.1 1.096193e+04 1.085818e+04 1.074153e+04 1.084529e+04
7.1 1.080467e+04 1.082295e+04 1.073571e+04 1.071743e+04
8.1 1.091802e+04 1.075582e+04 1.073426e+04 1.089646e+04
9.1 1.078301e+04 1.073315e+04 1.073518e+04 1.078504e+04
10.1 1.102852e+04 1.086108e+04 1.073687e+04 1.090430e+04
11.1 1.084532e+04 1.089133e+04 1.073833e+04 1.069233e+04
12.1 1.047286e+04 1.080338e+04 1.073931e+04 1.040878e+04
13.1 1.074308e+04 1.071681e+04 1.073987e+04 1.076614e+04
14.1 1.070334e+04 1.075815e+04 1.074014e+04 1.068532e+04
15.1 1.101153e+04 1.086480e+04 1.074026e+04 1.088700e+04
16.1 1.084222e+04 1.081629e+04 1.074032e+04 1.076626e+04
17.1 1.053201e+04 1.072536e+04 1.074035e+04 1.054700e+04
1.0 1.067123e+04 1.074209e+04 1.073844e+04 1.066758e+04
2.0 1.061574e+04 1.073012e+04 1.078178e+04 1.066741e+04
3.0 1.058852e+04 1.071777e+04 1.080010e+04 1.067085e+04
4.0 1.064446e+04 1.068062e+04 1.077649e+04 1.074033e+04
5.0 1.061174e+04 1.065525e+04 1.075111e+04 1.070759e+04
6.0 1.064592e+04 1.070530e+04 1.073606e+04 1.067668e+04
7.0 1.080997e+04 1.077559e+04 1.072888e+04 1.076326e+04
8.0 1.073160e+04 1.075022e+04 1.072669e+04 1.070807e+04
9.0 1.052468e+04 1.069582e+04 1.072899e+04 1.055786e+04
10.0 1.062589e+04 1.069635e+04 1.076787e+04 1.069741e+04
11.0 1.085381e+04 1.070682e+04 1.079698e+04 1.094396e+04
12.0 1.076125e+04 1.072891e+04 1.077868e+04 1.081102e+04
13.0 1.071253e+04 1.078456e+04 1.075260e+04 1.068057e+04
14.0 1.069597e+04 1.076322e+04 1.073583e+04 1.066858e+04
15.0 1.063895e+04 1.073176e+04 1.072797e+04 1.063516e+04
16.0 1.057006e+04 1.069724e+04 1.072523e+04 1.059805e+04
17.0 1.056520e+04 1.066776e+04 1.072544e+04 1.062288e+04
18.0 1.080122e+04 1.075720e+04 1.072683e+04 1.077085e+04
0.8 1.052468e+04 1.069582e+04 1.072899e+04 1.055786e+04
1.8 1.062589e+04 1.069635e+04 1.076787e+04 1.069741e+04
2.8 1.085381e+04 1.070682e+04 1.079698e+04 1.094396e+04
3.8 1.076125e+04 1.072891e+04 1.077868e+04 1.081102e+04
4.8 1.071253e+04 1.078456e+04 1.075260e+04 1.068057e+04
5.8 1.069597e+04 1.076322e+04 1.073583e+04 1.066858e+04
6.8 1.063895e+04 1.073176e+04 1.072797e+04 1.063516e+04
7.8 1.057006e+04 1.069724e+04 1.072523e+04 1.059805e+04
8.8 1.056520e+04 1.066776e+04 1.072544e+04 1.062288e+04
9.8 1.080122e+04 1.075720e+04 1.072683e+04 1.077085e+04
10.8 1.073878e+04 1.086665e+04 1.072832e+04 1.060044e+04
11.8 1.080951e+04 1.082514e+04 1.072932e+04 1.071370e+04
12.8 1.056296e+04 1.074574e+04 1.072987e+04 1.054710e+04
13.8 1.068943e+04 1.069619e+04 1.073012e+04 1.072336e+04
14.8 1.090664e+04 1.075636e+04 1.073018e+04 1.088047e+04
15.8 1.080573e+04 1.079905e+04 1.073017e+04 1.073685e+04
16.8 1.075241e+04 1.074630e+04 1.073431e+04 1.074042e+04
17.8 1.066117e+04 1.072017e+04 1.077671e+04 1.071771e+04
1.0 1.075241e+04 1.074630e+04 1.073431e+04 1.074042e+04
2.0 1.066117e+04 1.072017e+04 1.077671e+04 1.071771e+04
3.0 1.083191e+04 1.070144e+04 1.079638e+04 1.092686e+04
4.0 1.087923e+04 1.071787e+04 1.077372e+04 1.093508e+04
5.0 1.088416e+04 1.074257e+04 1.074786e+04 1.088945e+04
6.0 1.083729e+04 1.071711e+04 1.074703e+04 1.086721e+04
7.0 1.069259e+04 1.071361e+04 1.078553e+04 1.076451e+04
8.0 1.068702e+04 1.071484e+04 1.078560e+04 1.075779e+04
9.0 1.085156e+04 1.083199e+04 1.075945e+04 1.077902e+04
10.0 1.078311e+04 1.087508e+04 1.073854e+04 1.064657e+04
11.0 1.101288e+04 1.078082e+04 1.072836e+04 1.096042e+04
12.0 1.078275e+04 1.068445e+04 1.072455e+04 1.082285e+04
13.0 1.067781e+04 1.070930e+04 1.072435e+04 1.069286e+04
14.0 1.074805e+04 1.086904e+04 1.072593e+04 1.060493e+04
15.0 1.098165e+04 1.087482e+04 1.072796e+04 1.083479e+04
16.0 1.084928e+04 1.075952e+04 1.072963e+04 1.081940e+04
17.0 1.049970e+04 1.067561e+04 1.073080e+04 1.055489e+04
18.0 1.059470e+04 1.064026e+04 1.073158e+04 1.068601e+04
0.3 1.088416e+04 1.074257e+04 1.074786e+04 1.088945e+04
1.3 1.083729e+04 1.071711e+04 1.074703e+04 1.086721e+04
2.3 1.069259e+04 1.071361e+04 1.078553e+04 1.076451e+04
3.3 1.068702e+04 1.071484e+04 1.078560e+04 1.075779e+04
4.3 1.085156e+04 1.083199e+04 1.075945e+04 1.077902e+04
5.3 1.078311e+04 1.087508e+04 1.073854e+04 1.064657e+04
6.3 1.101288e+04 1.078082e+04 1.072836e+04 1.096042e+04
7.3 1.078275e+04 1.068445e+04 1.072455e+04 1.082285e+04
8.3 1.067781e+04 1.070930e+04 1.072435e+04 1.069286e+04
9.3 1.074805e+04 1.086904e+04 1.072593e+04 1.060493e+04
10.3 1.098165e+04 1.087482e+04 1.072796e+04 1.083479e+04
11.3 1.084928e+04 1.075952e+04 1.072963e+04 1.081940e+04
12.3 1.049970e+04 1.067561e+04 1.073080e+04 1.055489e+04
13.3 1.059470e+04 1.064026e+04 1.073158e+04 1.068601e+04
