0.4 9.025026e+03 9.007922e+03 9.017581e+03 9.034685e+03
1.4 8.842995e+03 9.032421e+03 9.042903e+03 8.853477e+03
2.4 8.971246e+03 9.123017e+03 9.134284e+03 8.982514e+03
3.4 9.077149e+03 9.149900e+03 9.160169e+03 9.087418e+03
4.4 9.077116e+03 9.124697e+03 9.108078e+03 9.060497e+03
5.4 9.350677e+03 9.088200e+03 9.054598e+03 9.317074e+03
6.4 8.943312e+03 9.043644e+03 9.024953e+03 8.924621e+03
7.4 9.078517e+03 9.011833e+03 9.012007e+03 9.078690e+03
8.4 9.106389e+03 8.994414e+03 9.009082e+03 9.121056e+03
9.4 9.133489e+03 8.942097e+03 9.011581e+03 9.202973e+03
10.4 8.777068e+03 8.861755e+03 9.015937e+03 8.931251e+03
11.4 8.808458e+03 8.871322e+03 9.019870e+03 8.957006e+03
12.4 9.067162e+03 8.985434e+03 9.022762e+03 9.104491e+03
13.4 9.187974e+03 9.115296e+03 9.024722e+03 9.097400e+03
14.4 9.284354e+03 9.120040e+03 9.026024e+03 9.190338e+03
15.4 9.138102e+03 9.074988e+03 9.027108e+03 9.090222e+03
16.4 9.220650e+03 9.065471e+03 9.054347e+03 9.209526e+03
17.4 9.176406e+03 9.143564e+03 9.154439e+03 9.187282e+03
0.5 9.138102e+03 9.074988e+03 9.027108e+03 9.090222e+03
1.5 9.220650e+03 9.065471e+03 9.054347e+03 9.209526e+03
2.5 9.176406e+03 9.143564e+03 9.154439e+03 9.187282e+03
3.5 9.307064e+03 9.172179e+03 9.194336e+03 9.329222e+03
4.5 9.251120e+03 9.113322e+03 9.138827e+03 9.276626e+03
5.5 9.114997e+03 9.088529e+03 9.075066e+03 9.101534e+03
6.5 9.102385e+03 9.139409e+03 9.038335e+03 9.001311e+03
7.5 9.016937e+03 9.132947e+03 9.036616e+03 8.920606e+03
8.5 9.122247e+03 9.143178e+03 9.100625e+03 9.079694e+03
9.5 8.977625e+03 9.121163e+03 9.117420e+03 8.973882e+03
10.5 9.109655e+03 9.131433e+03 9.083242e+03 9.061465e+03
11.5 8.802708e+03 9.156137e+03 9.051891e+03 8.698462e+03
12.5 9.036566e+03 9.117627e+03 9.034996e+03 8.953936e+03
13.5 8.857522e+03 9.088284e+03 9.028111e+03 8.797350e+03
14.5 9.177616e+03 9.064771e+03 9.027385e+03 9.140230e+03
15.5 9.154834e+03 9.057989e+03 9.029794e+03 9.126639e+03
16.5 9.166242e+03 9.049335e+03 9.033070e+03 9.149977e+03
17.5 9.019049e+03 9.028134e+03 9.035968e+03 9.026882e+03
0.3 9.102385e+03 9.139409e+03 9.038335e+03 9.001311e+03
1.3 9.016937e+03 9.132947e+03 9.036616e+03 8.920606e+03
2.3 9.122247e+03 9.143178e+03 9.100625e+03 9.079694e+03
3.3 8.977625e+03 9.121163e+03 9.117420e+03 8.973882e+03
4.3 9.109655e+03 9.131433e+03 9.083242e+03 9.061465e+03
5.3 8.802708e+03 9.156137e+03 9.051891e+03 8.698462e+03
6.3 9.036566e+03 9.117627e+03 9.034996e+03 8.953936e+03
7.3 8.857522e+03 9.088284e+03 9.028111e+03 8.797350e+03
8.3 9.177616e+03 9.064771e+03 9.027385e+03 9.140230e+03
9.3 9.154834e+03 9.057989e+03 9.029794e+03 9.126639e+03
10.3 9.166242e+03 9.049335e+03 9.033070e+03 9.149977e+03
11.3 9.019049e+03 9.028134e+03 9.035968e+03 9.026882e+03
12.3 8.551214e+03 8.963028e+03 9.038120e+03 8.626306e+03
13.3 8.784024e+03 8.912999e+03 9.039552e+03 8.910577e+03
14.3 8.800301e+03 8.938784e+03 9.040553e+03 8.902070e+03
15.3 9.188429e+03 8.983107e+03 9.041308e+03 9.246629e+03
16.3 8.830978e+03 9.013664e+03 9.041946e+03 8.859259e+03
17.3 8.803677e+03 9.030828e+03 9.042526e+03 8.815375e+03
0.7 8.937877e+03 9.057859e+03 9.045414e+03 8.925431e+03
1.7 9.267684e+03 9.088594e+03 9.090761e+03 9.269851e+03
2.7 9.140166e+03 9.181932e+03 9.191548e+03 9.149782e+03
3.7 9.139215e+03 9.190813e+03 9.196664e+03 9.145065e+03
4.7 9.166119e+03 9.158462e+03 9.132304e+03 9.139962e+03
5.7 8.926061e+03 9.109188e+03 9.074808e+03 8.891681e+03
6.7 8.956350e+03 9.063326e+03 9.043996e+03 8.937020e+03
7.7 8.727742e+03 9.054557e+03 9.030586e+03 8.703771e+03
8.7 8.969023e+03 9.063993e+03 9.027943e+03 8.932974e+03
9.7 9.073991e+03 9.054664e+03 9.030490e+03 9.049818e+03
10.7 8.721466e+03 9.040278e+03 9.034622e+03 8.715810e+03
11.7 8.775471e+03 9.013379e+03 9.038037e+03 8.800128e+03
12.7 8.580494e+03 8.934622e+03 9.040283e+03 8.686155e+03
13.7 9.240127e+03 8.913047e+03 9.041435e+03 9.368515e+03
14.7 9.318653e+03 8.981978e+03 9.041946e+03 9.378621e+03
15.7 8.910526e+03 9.044282e+03 9.042127e+03 8.908371e+03
16.7 9.174979e+03 9.013191e+03 9.042147e+03 9.203935e+03
17.7 8.898623e+03 8.947832e+03 9.042090e+03 8.992882e+03
0.4 9.083016e+03 9.072595e+03 9.041786e+03 9.052207e+03
1.4 9.231836e+03 9.081833e+03 9.064880e+03 9.214883e+03
2.4 9.115432e+03 9.152571e+03 9.148694e+03 9.111554e+03
3.4 9.090103e+03 9.162807e+03 9.167936e+03 9.095231e+03
4.4 8.909860e+03 9.121560e+03 9.118103e+03 8.906403e+03
5.4 9.204648e+03 9.160633e+03 9.071111e+03 9.115127e+03
6.4 9.040675e+03 9.157913e+03 9.043826e+03 8.926588e+03
7.4 9.020678e+03 9.091061e+03 9.032075e+03 8.961692e+03
8.4 8.890576e+03 8.983319e+03 9.029061e+03 8.936318e+03
9.4 8.756004e+03 8.919916e+03 9.030725e+03 8.866813e+03
10.4 9.021952e+03 8.986216e+03 9.033838e+03 9.069574e+03
11.4 8.887574e+03 9.110582e+03 9.036657e+03 8.813649e+03
12.4 9.015314e+03 9.120177e+03 9.038433e+03 8.933571e+03
13.4 8.875490e+03 9.070002e+03 9.039347e+03 8.844835e+03
14.4 8.841662e+03 9.029543e+03 9.039705e+03 8.851824e+03
15.4 9.098394e+03 9.015218e+03 9.039743e+03 9.122918e+03
16.4 8.818520e+03 9.012566e+03 9.039634e+03 8.845588e+03
17.4 9.075655e+03 9.013946e+03 9.039448e+03 9.101157e+03
0.5 9.242764e+03 9.048540e+03 9.032390e+03 9.226613e+03
1.5 9.501470e+03 9.060614e+03 9.057072e+03 9.497928e+03
2.5 9.450148e+03 9.103634e+03 9.117033e+03 9.463547e+03
3.5 9.196089e+03 9.089967e+03 9.113156e+03 9.219278e+03
4.5 8.991793e+03 9.047155e+03 9.074328e+03 9.018967e+03
5.5 9.003387e+03 9.054759e+03 9.044684e+03 8.993312e+03
6.5 9.287877e+03 9.124832e+03 9.028785e+03 9.191830e+03
7.5 8.986254e+03 9.111082e+03 9.021887e+03 8.897060e+03
8.5 9.144217e+03 9.072749e+03 9.036632e+03 9.108100e+03
9.5 8.999825e+03 9.116284e+03 9.121387e+03 9.004928e+03
10.5 9.003942e+03 9.126631e+03 9.152559e+03 9.029870e+03
11.5 9.099859e+03 9.077340e+03 9.108777e+03 9.131297e+03
12.5 9.006416e+03 9.057537e+03 9.059539e+03 9.008418e+03
13.5 9.369373e+03 9.044692e+03 9.031186e+03 9.355868e+03
14.5 9.426204e+03 9.018363e+03 9.017848e+03 9.425689e+03
15.5 9.143585e+03 9.002398e+03 9.016828e+03 9.158015e+03
16.5 9.319775e+03 9.050847e+03 9.073919e+03 9.342848e+03
17.5 9.283102e+03 9.115356e+03 9.142289e+03 9.310035e+03
0.3 8.986254e+03 9.111082e+03 9.021887e+03 8.897060e+03
1.3 9.144217e+03 9.072749e+03 9.036632e+03 9.108100e+03
2.3 8.999825e+03 9.116284e+03 9.121387e+03 9.004928e+03
3.3 9.003942e+03 9.126631e+03 9.152559e+03 9.029870e+03
4.3 9.099859e+03 9.077340e+03 9.108777e+03 9.131297e+03
5.3 9.006416e+03 9.057537e+03 9.059539e+03 9.008418e+03
6.3 9.369373e+03 9.044692e+03 9.031186e+03 9.355868e+03
7.3 9.426204e+03 9.018363e+03 9.017848e+03 9.425689e+03
8.3 9.143585e+03 9.002398e+03 9.016828e+03 9.158015e+03
9.3 9.319775e+03 9.050847e+03 9.073919e+03 9.342848e+03
10.3 9.283102e+03 9.115356e+03 9.142289e+03 9.310035e+03
11.3 9.060559e+03 9.093777e+03 9.121532e+03 9.088314e+03
12.3 9.057285e+03 9.045520e+03 9.071161e+03 9.082926e+03
13.3 9.269405e+03 9.039203e+03 9.037173e+03 9.267375e+03
14.3 9.025057e+03 9.043609e+03 9.020774e+03 9.002222e+03
15.3 9.147721e+03 9.067244e+03 9.056817e+03 9.137294e+03
16.3 9.308164e+03 9.122212e+03 9.129633e+03 9.315585e+03
17.3 9.226958e+03 9.117099e+03 9.121721e+03 9.231581e+03
0.9 9.143585e+03 9.002398e+03 9.016828e+03 9.158015e+03
1.9 9.319775e+03 9.050847e+03 9.073919e+03 9.342848e+03
2.9 9.283102e+03 9.115356e+03 9.142289e+03 9.310035e+03
3.9 9.060559e+03 9.093777e+03 9.121532e+03 9.088314e+03
4.9 9.057285e+03 9.045520e+03 9.071161e+03 9.082926e+03
5.9 9.269405e+03 9.039203e+03 9.037173e+03 9.267375e+03
6.9 9.025057e+03 9.043609e+03 9.020774e+03 9.002222e+03
7.9 9.147721e+03 9.067244e+03 9.056817e+03 9.137294e+03
8.9 9.308164e+03 9.122212e+03 9.129633e+03 9.315585e+03
9.9 9.226958e+03 9.117099e+03 9.121721e+03 9.231581e+03
10.9 9.530787e+03 9.153682e+03 9.074794e+03 9.451899e+03
11.9 9.441970e+03 9.142721e+03 9.039377e+03 9.338625e+03
12.9 9.132453e+03 9.076784e+03 9.020769e+03 9.076438e+03
13.9 9.156585e+03 9.043359e+03 9.013809e+03 9.127035e+03
14.9 9.217898e+03 9.037601e+03 9.013328e+03 9.193625e+03
15.9 9.085908e+03 9.031234e+03 9.015975e+03 9.070649e+03
16.9 9.150491e+03 9.037809e+03 9.019276e+03 9.131958e+03
17.9 8.988734e+03 9.044965e+03 9.038166e+03 8.981936e+03
0.7 9.025057e+03 9.043609e+03 9.020774e+03 9.002222e+03
1.7 9.147721e+03 9.067244e+03 9.056817e+03 9.137294e+03
2.7 9.308164e+03 9.122212e+03 9.129633e+03 9.315585e+03
3.7 9.226958e+03 9.117099e+03 9.121721e+03 9.231581e+03
4.7 9.530787e+03 9.153682e+03 9.074794e+03 9.451899e+03
5.7 9.441970e+03 9.142721e+03 9.039377e+03 9.338625e+03
6.7 9.132453e+03 9.076784e+03 9.020769e+03 9.076438e+03
7.7 9.156585e+03 9.043359e+03 9.013809e+03 9.127035e+03
8.7 9.217898e+03 9.037601e+03 9.013328e+03 9.193625e+03
9.7 9.085908e+03 9.031234e+03 9.015975e+03 9.070649e+03
10.7 9.150491e+03 9.037809e+03 9.019276e+03 9.131958e+03
11.7 8.988734e+03 9.044965e+03 9.038166e+03 8.981936e+03
12.7 9.106468e+03 9.121152e+03 9.130595e+03 9.115911e+03
13.7 9.186854e+03 9.167996e+03 9.187019e+03 9.205877e+03
14.7 9.104739e+03 9.121834e+03 9.140859e+03 9.123764e+03
15.7 8.996871e+03 9.089065e+03 9.077848e+03 8.985655e+03
16.7 8.846183e+03 9.066881e+03 9.039770e+03 8.819072e+03
17.7 8.907048e+03 9.085147e+03 9.071424e+03 8.893326e+03
0.3 9.150491e+03 9.037809e+03 9.019276e+03 9.131958e+03
1.3 8.988734e+03 9.044965e+03 9.038166e+03 8.981936e+03
2.3 9.106468e+03 9.121152e+03 9.130595e+03 9.115911e+03
3.3 9.186854e+03 9.167996e+03 9.187019e+03 9.205877e+03
4.3 9.104739e+03 9.121834e+03 9.140859e+03 9.123764e+03
5.3 8.996871e+03 9.089065e+03 9.077848e+03 8.985655e+03
6.3 8.846183e+03 9.066881e+03 9.039770e+03 8.819072e+03
7.3 8.907048e+03 9.085147e+03 9.071424e+03 8.893326e+03
8.3 8.888032e+03 9.112655e+03 9.114733e+03 8.890110e+03
9.3 8.906584e+03 9.091938e+03 9.092731e+03 8.907377e+03
10.3 9.055069e+03 9.083895e+03 9.056218e+03 9.027392e+03
11.3 8.893537e+03 9.050249e+03 9.033310e+03 8.876599e+03
12.3 9.005919e+03 8.957461e+03 9.023744e+03 9.072202e+03
13.3 8.792453e+03 8.914175e+03 9.021519e+03 8.899798e+03
14.3 8.925001e+03 9.011087e+03 9.023452e+03 8.937366e+03
15.3 9.096038e+03 9.121716e+03 9.027044e+03 9.001367e+03
16.3 9.209386e+03 9.085476e+03 9.030747e+03 9.154657e+03
17.3 8.869018e+03 8.968863e+03 9.033716e+03 8.933870e+03
0.8 8.846183e+03 9.066881e+03 9.039770e+03 8.819072e+03
1.8 8.907048e+03 9.085147e+03 9.071424e+03 8.893326e+03
2.8 8.888032e+03 9.112655e+03 9.114733e+03 8.890110e+03
3.8 8.906584e+03 9.091938e+03 9.092731e+03 8.907377e+03
4.8 9.055069e+03 9.083895e+03 9.056218e+03 9.027392e+03
5.8 8.893537e+03 9.050249e+03 9.033310e+03 8.876599e+03
6.8 9.005919e+03 8.957461e+03 9.023744e+03 9.072202e+03
7.8 8.792453e+03 8.914175e+03 9.021519e+03 8.899798e+03
8.8 8.925001e+03 9.011087e+03 9.023452e+03 8.937366e+03
9.8 9.096038e+03 9.121716e+03 9.027044e+03 9.001367e+03
10.8 9.209386e+03 9.085476e+03 9.030747e+03 9.154657e+03
11.8 8.869018e+03 8.968863e+03 9.033716e+03 8.933870e+03
12.8 8.846386e+03 8.934967e+03 9.036003e+03 8.947421e+03
13.8 8.994675e+03 8.970921e+03 9.037779e+03 9.061533e+03
14.8 9.027139e+03 9.028599e+03 9.039310e+03 9.037849e+03
15.8 9.081800e+03 9.079098e+03 9.040757e+03 9.043459e+03
