0.9 5.961738e+03 6.023511e+03 5.929549e+03 5.867776e+03
1.9 5.659251e+03 5.993730e+03 5.952074e+03 5.617595e+03
2.9 6.367133e+03 6.004991e+03 5.989922e+03 6.352064e+03
3.9 6.031068e+03 5.992985e+03 5.987601e+03 6.025685e+03
4.9 5.779725e+03 5.894647e+03 5.961431e+03 5.846509e+03
5.9 5.012016e+03 5.767516e+03 5.939536e+03 5.184036e+03
6.9 5.053326e+03 5.784805e+03 5.928135e+03 5.196656e+03
7.9 5.782948e+03 5.852945e+03 5.923405e+03 5.853408e+03
8.9 6.413640e+03 5.848950e+03 5.922747e+03 6.487437e+03
9.9 5.693949e+03 5.682838e+03 5.923990e+03 5.935101e+03
10.9 5.695863e+03 5.614394e+03 5.925751e+03 6.007220e+03
11.9 5.523505e+03 5.715700e+03 5.927180e+03 5.734985e+03
12.9 4.866181e+03 5.744610e+03 5.928133e+03 5.049704e+03
13.9 5.275998e+03 5.618276e+03 5.928658e+03 5.586380e+03
14.9 5.907150e+03 5.627854e+03 5.928936e+03 6.208232e+03
15.9 5.974798e+03 5.620192e+03 5.929087e+03 6.283694e+03
16.9 5.346890e+03 5.668560e+03 5.929179e+03 5.607509e+03
17.9 5.650329e+03 5.631089e+03 5.929247e+03 5.948486e+03
1.0 6.278331e+03 5.950539e+03 5.931318e+03 6.259109e+03
2.0 6.289658e+03 5.853861e+03 5.955713e+03 6.391510e+03
3.0 6.870993e+03 5.818889e+03 5.977030e+03 7.029134e+03
4.0 5.944108e+03 5.790280e+03 5.965676e+03 6.119503e+03
5.0 6.211967e+03 5.772932e+03 5.946656e+03 6.385691e+03
6.0 4.811766e+03 5.767257e+03 5.934124e+03 4.978632e+03
7.0 6.708843e+03 5.774238e+03 5.927876e+03 6.862481e+03
8.0 6.393189e+03 5.971257e+03 5.925776e+03 6.347708e+03
9.0 6.823696e+03 6.348438e+03 5.925920e+03 6.401178e+03
10.0 6.476027e+03 6.349476e+03 5.927008e+03 6.053560e+03
11.0 6.553781e+03 6.315201e+03 5.928177e+03 6.166756e+03
12.0 6.704570e+03 6.524774e+03 5.929066e+03 6.108861e+03
13.0 6.661479e+03 6.335575e+03 5.929589e+03 6.255493e+03
14.0 7.236103e+03 5.996157e+03 5.929868e+03 7.169814e+03
15.0 6.568733e+03 5.858502e+03 5.929993e+03 6.640224e+03
16.0 5.287776e+03 6.111702e+03 5.930048e+03 5.106122e+03
17.0 6.752572e+03 6.260969e+03 5.930073e+03 6.421675e+03
18.0 5.214325e+03 6.149295e+03 5.930084e+03 4.995113e+03
0.2 5.940779e+03 5.880824e+03 5.930050e+03 5.990005e+03
1.2 5.760170e+03 5.764706e+03 5.934689e+03 5.930153e+03
2.2 5.059657e+03 5.728693e+03 5.961228e+03 5.292192e+03
3.2 5.922780e+03 5.714441e+03 5.971118e+03 6.179458e+03
4.2 6.506919e+03 5.697906e+03 5.956419e+03 6.765432e+03
5.2 6.047639e+03 5.691476e+03 5.940453e+03 6.296616e+03
6.2 5.322550e+03 5.808044e+03 5.931377e+03 5.445882e+03
7.2 6.188633e+03 6.128354e+03 5.927208e+03 5.987486e+03
8.2 5.228004e+03 6.166701e+03 5.925988e+03 4.987291e+03
9.2 6.119916e+03 5.977138e+03 5.926398e+03 6.069176e+03
10.2 5.911000e+03 6.025014e+03 5.927388e+03 5.813374e+03
11.2 5.650696e+03 6.360494e+03 5.928278e+03 5.218480e+03
12.2 5.969545e+03 6.331790e+03 5.928867e+03 5.566622e+03
13.2 6.499068e+03 6.351406e+03 5.929180e+03 6.076842e+03
14.2 6.379053e+03 6.260530e+03 5.929292e+03 6.047815e+03
15.2 6.661214e+03 6.350165e+03 5.929297e+03 6.240347e+03
16.2 5.994136e+03 6.448865e+03 5.929245e+03 5.474516e+03
17.2 6.429094e+03 6.175882e+03 5.929172e+03 6.182384e+03
0.4 6.058646e+03 6.492479e+03 5.928004e+03 5.494171e+03
1.4 6.357458e+03 6.382560e+03 5.935885e+03 5.910783e+03
2.4 6.164289e+03 6.096276e+03 5.964476e+03 6.032488e+03
3.4 6.026182e+03 5.862499e+03 5.969660e+03 6.133343e+03
4.4 6.046700e+03 5.521678e+03 5.952758e+03 6.477780e+03
5.4 6.124579e+03 5.310146e+03 5.936805e+03 6.751238e+03
6.4 4.688398e+03 5.420537e+03 5.928857e+03 5.196718e+03
7.4 5.831662e+03 5.613854e+03 5.944871e+03 6.162679e+03
8.4 6.447711e+03 5.768895e+03 5.976436e+03 6.655252e+03
9.4 5.885259e+03 5.829512e+03 5.972414e+03 6.028161e+03
10.4 6.429791e+03 5.771182e+03 5.950255e+03 6.608864e+03
11.4 6.211954e+03 5.651454e+03 5.933840e+03 6.494339e+03
12.4 5.376201e+03 5.661534e+03 5.925310e+03 5.639977e+03
13.4 5.411745e+03 5.813966e+03 5.921889e+03 5.519668e+03
14.4 5.863922e+03 6.158986e+03 5.921546e+03 5.626483e+03
15.4 6.633752e+03 6.246739e+03 5.922641e+03 6.309654e+03
16.4 5.921172e+03 6.160702e+03 5.923991e+03 5.684462e+03
17.4 6.018654e+03 6.058845e+03 5.925050e+03 5.884859e+03
0.8 4.688398e+03 5.420537e+03 5.928857e+03 5.196718e+03
1.8 5.831662e+03 5.613854e+03 5.944871e+03 6.162679e+03
2.8 6.447711e+03 5.768895e+03 5.976436e+03 6.655252e+03
3.8 5.885259e+03 5.829512e+03 5.972414e+03 6.028161e+03
4.8 6.429791e+03 5.771182e+03 5.950255e+03 6.608864e+03
5.8 6.211954e+03 5.651454e+03 5.933840e+03 6.494339e+03
6.8 5.376201e+03 5.661534e+03 5.925310e+03 5.639977e+03
7.8 5.411745e+03 5.813966e+03 5.921889e+03 5.519668e+03
8.8 5.863922e+03 6.158986e+03 5.921546e+03 5.626483e+03
9.8 6.633752e+03 6.246739e+03 5.922641e+03 6.309654e+03
10.8 5.921172e+03 6.160702e+03 5.923991e+03 5.684462e+03
11.8 6.018654e+03 6.058845e+03 5.925050e+03 5.884859e+03
12.8 5.191323e+03 5.927148e+03 5.925706e+03 5.189881e+03
13.8 5.230983e+03 5.749473e+03 5.926015e+03 5.407524e+03
14.8 5.050871e+03 5.516534e+03 5.926133e+03 5.460470e+03
15.8 5.322771e+03 5.549174e+03 5.926151e+03 5.699747e+03
16.8 6.515767e+03 5.942971e+03 5.926129e+03 6.498925e+03
17.8 6.478265e+03 6.123014e+03 5.926099e+03 6.281349e+03
0.4 6.663636e+03 6.677195e+03 5.925987e+03 5.912427e+03
1.4 6.721300e+03 6.490111e+03 5.934539e+03 6.165728e+03
2.4 7.367320e+03 6.170833e+03 5.969112e+03 7.165599e+03
3.4 4.749372e+03 5.940713e+03 5.979445e+03 4.788103e+03
4.4 4.601859e+03 5.593892e+03 5.960132e+03 4.968099e+03
5.4 6.125421e+03 5.391334e+03 5.940354e+03 6.674442e+03
6.4 5.056789e+03 5.526788e+03 5.948951e+03 5.478951e+03
7.4 5.588242e+03 5.731645e+03 5.970884e+03 5.827481e+03
8.4 4.509548e+03 5.840987e+03 5.962130e+03 4.630691e+03
9.4 5.383227e+03 5.744688e+03 5.942569e+03 5.581107e+03
10.4 4.698288e+03 5.518568e+03 5.929153e+03 5.108873e+03
11.4 5.249155e+03 5.568934e+03 5.923106e+03 5.603327e+03
12.4 6.242362e+03 5.682572e+03 5.921172e+03 6.480962e+03
13.4 5.375203e+03 5.631973e+03 5.921542e+03 5.664771e+03
14.4 5.695418e+03 5.650217e+03 5.922862e+03 5.968064e+03
15.4 5.346473e+03 5.735201e+03 5.924300e+03 5.535571e+03
16.4 5.740262e+03 5.632382e+03 5.925372e+03 6.033252e+03
17.4 5.195099e+03 5.621383e+03 5.926068e+03 5.499784e+03
0.8 6.125421e+03 5.391334e+03 5.940354e+03 6.674442e+03
1.8 5.056789e+03 5.526788e+03 5.948951e+03 5.478951e+03
2.8 5.588242e+03 5.731645e+03 5.970884e+03 5.827481e+03
3.8 4.509548e+03 5.840987e+03 5.962130e+03 4.630691e+03
4.8 5.383227e+03 5.744688e+03 5.942569e+03 5.581107e+03
5.8 4.698288e+03 5.518568e+03 5.929153e+03 5.108873e+03
6.8 5.249155e+03 5.568934e+03 5.923106e+03 5.603327e+03
7.8 6.242362e+03 5.682572e+03 5.921172e+03 6.480962e+03
8.8 5.375203e+03 5.631973e+03 5.921542e+03 5.664771e+03
9.8 5.695418e+03 5.650217e+03 5.922862e+03 5.968064e+03
10.8 5.346473e+03 5.735201e+03 5.924300e+03 5.535571e+03
11.8 5.740262e+03 5.632382e+03 5.925372e+03 6.033252e+03
12.8 5.195099e+03 5.621383e+03 5.926068e+03 5.499784e+03
13.8 5.900525e+03 5.744259e+03 5.929398e+03 6.085664e+03
14.8 6.490231e+03 5.873639e+03 5.955813e+03 6.572406e+03
15.8 6.465086e+03 5.943883e+03 5.973191e+03 6.494395e+03
16.8 6.224763e+03 5.887230e+03 5.959889e+03 6.297422e+03
17.8 7.033653e+03 5.756456e+03 5.941423e+03 7.218620e+03
0.1 5.195099e+03 5.621383e+03 5.926068e+03 5.499784e+03
1.1 5.900525e+03 5.744259e+03 5.929398e+03 6.085664e+03
2.1 6.490231e+03 5.873639e+03 5.955813e+03 6.572406e+03
3.1 6.465086e+03 5.943883e+03 5.973191e+03 6.494395e+03
4.1 6.224763e+03 5.887230e+03 5.959889e+03 6.297422e+03
5.1 7.033653e+03 5.756456e+03 5.941423e+03 7.218620e+03
6.1 6.943533e+03 5.807351e+03 5.930267e+03 7.066449e+03
7.1 7.304243e+03 6.087445e+03 5.925008e+03 7.141806e+03
8.1 6.475944e+03 6.265830e+03 5.923354e+03 6.133468e+03
9.1 5.203370e+03 6.175700e+03 5.923770e+03 4.951440e+03
10.1 6.493455e+03 6.025324e+03 5.925013e+03 6.393144e+03
11.1 6.213416e+03 5.927601e+03 5.926242e+03 6.212057e+03
12.1 6.048743e+03 5.877329e+03 5.927165e+03 6.098579e+03
13.1 6.739562e+03 5.860481e+03 5.930423e+03 6.809504e+03
14.1 6.267937e+03 5.887483e+03 5.958328e+03 6.338782e+03
15.1 6.008458e+03 5.921423e+03 5.985038e+03 6.072073e+03
16.1 4.733206e+03 5.856265e+03 5.973115e+03 4.850055e+03
17.1 4.422826e+03 5.727851e+03 5.950266e+03 4.645241e+03
0.1 6.048743e+03 5.877329e+03 5.927165e+03 6.098579e+03
1.1 6.739562e+03 5.860481e+03 5.930423e+03 6.809504e+03
2.1 6.267937e+03 5.887483e+03 5.958328e+03 6.338782e+03
3.1 6.008458e+03 5.921423e+03 5.985038e+03 6.072073e+03
4.1 4.733206e+03 5.856265e+03 5.973115e+03 4.850055e+03
5.1 4.422826e+03 5.727851e+03 5.950266e+03 4.645241e+03
6.1 5.266001e+03 5.809448e+03 5.934434e+03 5.390987e+03
7.1 5.836801e+03 6.198693e+03 5.926889e+03 5.564997e+03
8.1 6.862782e+03 6.366810e+03 5.924223e+03 6.420194e+03
9.1 5.921667e+03 6.225662e+03 5.924423e+03 5.620427e+03
10.1 5.833288e+03 6.131112e+03 5.925819e+03 5.627996e+03
11.1 5.774089e+03 6.048012e+03 5.927389e+03 5.653466e+03
12.1 5.131166e+03 5.947369e+03 5.928571e+03 5.112368e+03
13.1 5.684215e+03 5.879801e+03 5.929348e+03 5.733762e+03
14.1 6.552293e+03 5.869761e+03 5.929801e+03 6.612333e+03
15.1 5.419167e+03 6.101344e+03 5.930077e+03 5.247900e+03
16.1 6.545593e+03 6.391702e+03 5.930262e+03 6.084153e+03
17.1 6.144287e+03 6.313359e+03 5.930402e+03 5.761330e+03
0.3 5.760278e+03 6.192718e+03 5.924073e+03 5.491633e+03
1.3 7.115816e+03 6.246643e+03 5.929076e+03 6.798249e+03
2.3 5.415594e+03 6.146911e+03 5.958747e+03 5.227430e+03
3.3 6.055537e+03 6.044634e+03 5.971472e+03 5.982375e+03
4.3 5.146953e+03 5.882025e+03 5.954392e+03 5.219320e+03
5.3 6.098979e+03 5.747014e+03 5.935297e+03 6.287262e+03
6.3 6.086926e+03 5.788910e+03 5.939301e+03 6.237317e+03
7.3 5.308150e+03 5.900969e+03 5.969328e+03 5.376509e+03
8.3 5.525230e+03 5.963260e+03 5.969530e+03 5.531500e+03
9.3 5.581844e+03 5.972857e+03 5.946363e+03 5.555351e+03
10.3 6.482409e+03 5.803201e+03 5.926868e+03 6.606076e+03
11.3 5.834366e+03 5.581840e+03 5.916103e+03 6.168628e+03
0.7 6.098979e+03 5.747014e+03 5.935297e+03 6.287262e+03
1.7 6.086926e+03 5.788910e+03 5.939301e+03 6.237317e+03
2.7 5.308150e+03 5.900969e+03 5.969328e+03 5.376509e+03
3.7 5.525230e+03 5.963260e+03 5.969530e+03 5.531500e+03
4.7 5.581844e+03 5.972857e+03 5.946363e+03 5.555351e+03
5.7 6.482409e+03 5.803201e+03 5.926868e+03 6.606076e+03
6.7 5.834366e+03 5.581840e+03 5.916103e+03 6.168628e+03
