5.403367e+03 5.619625e+03 5.744530e+03 5.278462e+03
5.645185e+03 5.619095e+03 5.743930e+03 5.520349e+03
5.895056e+03 5.618620e+03 5.742973e+03 5.770703e+03
6.154293e+03 5.618197e+03 5.706286e+03 6.066205e+03
5.893960e+03 5.617826e+03 5.574392e+03 5.937394e+03
5.526329e+03 5.617503e+03 5.536168e+03 5.607663e+03
5.470435e+03 5.617226e+03 5.603437e+03 5.484224e+03
5.614909e+03 5.616994e+03 5.675212e+03 5.556691e+03
5.739223e+03 5.616804e+03 5.720835e+03 5.635192e+03
5.998373e+03 5.616656e+03 5.743389e+03 5.871640e+03
6.055192e+03 5.616546e+03 5.748759e+03 5.922979e+03
5.843648e+03 5.616473e+03 5.728053e+03 5.732069e+03
5.463850e+03 5.616436e+03 5.691837e+03 5.388448e+03
4.861535e+03 5.617561e+03 5.685399e+03 4.793697e+03
5.369594e+03 5.732365e+03 5.538021e+03 5.563938e+03
4.958836e+03 5.903171e+03 5.309390e+03 5.552617e+03
5.396671e+03 5.855594e+03 5.382424e+03 5.869841e+03
5.602238e+03 5.733091e+03 5.556580e+03 5.778749e+03
5.205475e+03 5.650450e+03 5.633611e+03 5.222314e+03
5.423369e+03 5.608801e+03 5.546433e+03 5.485737e+03
5.587727e+03 5.592794e+03 5.509212e+03 5.671308e+03
5.963776e+03 5.592211e+03 5.587668e+03 5.968320e+03
5.927239e+03 5.598610e+03 5.646223e+03 5.879626e+03
5.617911e+03 5.605978e+03 5.637195e+03 5.586694e+03
5.576606e+03 5.611724e+03 5.634283e+03 5.554047e+03
5.580579e+03 5.615419e+03 5.568173e+03 5.627825e+03
5.664339e+03 5.617426e+03 5.563288e+03 5.718477e+03
5.971432e+03 5.618527e+03 5.584064e+03 6.005895e+03
5.986041e+03 5.619155e+03 5.594361e+03 6.010835e+03
5.600299e+03 5.619591e+03 5.608732e+03 5.611157e+03
5.408300e+03 5.619952e+03 5.566729e+03 5.461523e+03
5.500769e+03 5.629876e+03 5.581691e+03 5.548954e+03
5.815425e+03 5.720568e+03 5.762170e+03 5.773823e+03
6.183711e+03 5.756070e+03 5.854569e+03 6.085213e+03
5.887542e+03 5.709084e+03 5.806586e+03 5.790040e+03
5.815029e+03 5.656951e+03 5.718891e+03 5.753089e+03
5.842288e+03 5.627477e+03 5.657595e+03 5.812170e+03
5.615884e+03 5.613905e+03 5.640743e+03 5.589046e+03
5.574492e+03 5.610406e+03 5.643695e+03 5.541203e+03
5.690844e+03 5.612122e+03 5.649942e+03 5.653023e+03
6.089377e+03 5.615818e+03 5.653696e+03 6.051500e+03
6.072035e+03 5.619231e+03 5.613202e+03 6.078064e+03
5.628204e+03 5.621720e+03 5.530556e+03 5.719369e+03
5.408316e+03 5.623226e+03 5.529240e+03 5.502302e+03
5.858531e+03 5.624119e+03 5.692757e+03 5.789893e+03
5.847448e+03 5.624678e+03 5.955947e+03 5.516179e+03
6.152475e+03 5.625066e+03 5.944646e+03 5.832895e+03
5.994311e+03 5.625380e+03 5.809851e+03 5.809841e+03
5.732904e+03 5.625659e+03 5.690297e+03 5.668266e+03
4.888797e+03 5.625917e+03 5.556245e+03 4.958470e+03
5.407760e+03 5.629936e+03 5.496670e+03 5.541026e+03
5.864598e+03 5.706827e+03 5.640581e+03 5.930843e+03
6.010112e+03 5.763825e+03 5.777234e+03 5.996703e+03
5.877014e+03 5.724848e+03 5.758297e+03 5.843565e+03
5.873434e+03 5.670867e+03 5.668792e+03 5.875509e+03
5.476801e+03 5.636506e+03 5.563003e+03 5.550303e+03
5.170196e+03 5.620668e+03 5.538011e+03 5.252853e+03
5.195428e+03 5.615408e+03 5.570905e+03 5.239931e+03
5.447306e+03 5.616268e+03 5.601818e+03 5.461755e+03
5.793820e+03 5.619512e+03 5.603315e+03 5.810016e+03
5.831859e+03 5.622898e+03 5.607282e+03 5.847474e+03
5.980475e+03 5.625278e+03 5.622551e+03 5.983202e+03
5.490183e+03 5.626692e+03 5.634229e+03 5.482646e+03
5.430804e+03 5.627349e+03 5.613890e+03 5.444262e+03
5.124596e+03 5.627617e+03 5.545647e+03 5.206565e+03
5.625761e+03 5.627706e+03 5.537709e+03 5.715758e+03
5.624404e+03 5.627710e+03 5.579519e+03 5.672595e+03
6.042582e+03 5.627674e+03 5.727282e+03 5.942974e+03
5.990622e+03 5.627615e+03 5.961813e+03 5.656424e+03
6.018909e+03 5.627532e+03 5.926048e+03 5.720393e+03
5.876382e+03 5.627431e+03 5.715494e+03 5.788320e+03
5.563279e+03 5.627313e+03 5.594942e+03 5.595650e+03
5.841782e+03 5.627179e+03 5.758989e+03 5.709972e+03
6.143261e+03 5.627029e+03 5.929906e+03 5.840384e+03
5.939928e+03 5.626847e+03 5.862503e+03 5.704272e+03
5.365250e+03 5.626615e+03 5.739199e+03 5.252666e+03
5.319509e+03 5.626370e+03 5.662974e+03 5.282905e+03
5.446108e+03 5.626130e+03 5.600929e+03 5.471309e+03
5.471472e+03 5.625891e+03 5.524222e+03 5.573141e+03
5.199632e+03 5.625646e+03 5.510400e+03 5.314878e+03
5.281272e+03 5.625377e+03 5.558891e+03 5.347757e+03
5.652359e+03 5.625091e+03 5.607150e+03 5.670301e+03
5.551769e+03 5.624802e+03 5.637417e+03 5.539153e+03
5.567602e+03 5.624511e+03 5.647850e+03 5.544263e+03
5.456808e+03 5.624216e+03 5.605872e+03 5.475153e+03
5.214221e+03 5.623917e+03 5.574627e+03 5.263511e+03
5.465619e+03 5.623613e+03 5.690791e+03 5.398440e+03
5.701596e+03 5.623304e+03 5.950136e+03 5.374764e+03
5.687095e+03 5.622979e+03 5.946144e+03 5.363930e+03
5.647815e+03 5.622655e+03 5.794099e+03 5.476371e+03
5.401305e+03 5.622356e+03 5.679658e+03 5.344003e+03
5.390122e+03 5.622050e+03 5.550059e+03 5.462114e+03
5.696520e+03 5.621725e+03 5.473814e+03 5.844430e+03
5.852795e+03 5.621387e+03 5.520787e+03 5.953395e+03
5.820778e+03 5.621044e+03 5.576167e+03 5.865655e+03
5.860332e+03 5.620699e+03 5.600133e+03 5.880898e+03
5.706145e+03 5.620852e+03 5.628612e+03 5.698386e+03
5.565594e+03 5.725100e+03 5.509736e+03 5.780957e+03
5.074768e+03 5.901497e+03 5.275375e+03 5.700890e+03
5.331174e+03 5.866735e+03 5.329587e+03 5.868322e+03
5.304644e+03 5.743530e+03 5.485632e+03 5.562542e+03
5.651668e+03 5.656870e+03 5.542256e+03 5.766283e+03
5.942372e+03 5.615284e+03 5.598186e+03 5.959470e+03
5.737890e+03 5.674602e+03 5.768300e+03 5.644192e+03
5.553515e+03 5.729514e+03 5.886522e+03 5.396507e+03
5.472357e+03 5.695860e+03 5.842199e+03 5.326018e+03
5.661532e+03 5.648538e+03 5.699657e+03 5.610413e+03
5.242943e+03 5.619444e+03 5.500783e+03 5.361605e+03
5.386457e+03 5.606604e+03 5.464049e+03 5.529012e+03
5.777290e+03 5.602755e+03 5.536937e+03 5.843109e+03
5.935860e+03 5.603996e+03 5.616466e+03 5.923390e+03
5.887036e+03 5.607164e+03 5.664810e+03 5.829390e+03
5.290057e+03 5.610277e+03 5.636635e+03 5.263699e+03
6.006319e+03 5.612313e+03 5.589988e+03 6.028643e+03
6.046978e+03 5.613370e+03 5.711335e+03 5.949013e+03
6.126933e+03 5.613749e+03 5.980814e+03 5.759868e+03
5.743040e+03 5.613734e+03 5.979934e+03 5.376840e+03
5.732045e+03 5.613544e+03 5.823966e+03 5.521622e+03
5.490075e+03 5.613275e+03 5.710617e+03 5.392733e+03
5.533686e+03 5.612971e+03 5.581214e+03 5.565444e+03
5.309087e+03 5.612644e+03 5.510244e+03 5.411487e+03
5.364090e+03 5.612310e+03 5.544670e+03 5.431730e+03
5.363349e+03 5.611986e+03 5.595280e+03 5.380055e+03
5.820216e+03 5.611671e+03 5.647133e+03 5.784754e+03
5.662708e+03 5.611364e+03 5.631274e+03 5.642798e+03
5.328250e+03 5.611063e+03 5.557028e+03 5.382285e+03
5.875277e+03 5.610781e+03 5.584381e+03 5.901676e+03
6.245097e+03 5.610512e+03 5.616221e+03 6.239389e+03
5.603704e+03 5.610242e+03 5.538176e+03 5.675770e+03
5.332408e+03 5.609970e+03 5.530738e+03 5.411640e+03
5.622897e+03 5.609701e+03 5.601176e+03 5.631422e+03
5.513127e+03 5.609441e+03 5.616417e+03 5.506150e+03
5.809201e+03 5.609193e+03 5.637142e+03 5.781252e+03
5.702016e+03 5.608959e+03 5.676391e+03 5.634584e+03
5.951448e+03 5.608715e+03 5.685398e+03 5.874765e+03
5.965021e+03 5.608953e+03 5.683401e+03 5.890573e+03
5.716940e+03 5.707995e+03 5.555149e+03 5.869787e+03
5.527843e+03 5.889842e+03 5.309503e+03 6.108182e+03
5.446192e+03 5.855246e+03 5.350100e+03 5.951338e+03
5.892083e+03 5.735000e+03 5.460692e+03 6.166391e+03
5.956354e+03 5.645782e+03 5.549540e+03 6.052596e+03
6.086144e+03 5.601357e+03 5.641679e+03 6.045823e+03
6.133604e+03 5.583554e+03 5.708988e+03 6.008171e+03
5.783173e+03 5.581896e+03 5.737147e+03 5.627923e+03
5.639284e+03 5.587569e+03 5.741237e+03 5.485616e+03
5.392191e+03 5.594897e+03 5.732525e+03 5.254563e+03
5.964656e+03 5.600533e+03 5.702122e+03 5.863067e+03
5.622241e+03 5.604623e+03 5.672939e+03 5.553925e+03
5.638046e+03 5.705774e+03 5.536634e+03 5.807186e+03
5.399382e+03 5.886807e+03 5.296586e+03 5.989603e+03
4.879049e+03 5.854789e+03 5.337000e+03 5.396838e+03
5.431201e+03 5.734952e+03 5.441480e+03 5.724673e+03
5.569088e+03 5.646057e+03 5.543933e+03 5.671213e+03
5.508126e+03 5.613870e+03 5.662785e+03 5.459211e+03
6.011046e+03 5.686797e+03 5.856430e+03 5.841413e+03
5.994756e+03 5.717027e+03 5.928124e+03 5.783660e+03
5.580124e+03 5.673860e+03 5.860803e+03 5.393181e+03
5.793400e+03 5.629932e+03 5.779999e+03 5.643333e+03
6.088495e+03 5.607019e+03 5.726301e+03 5.969213e+03
5.333195e+03 5.597718e+03 5.648454e+03 5.282459e+03
6.055114e+03 5.596246e+03 5.575586e+03 6.075775e+03
5.495321e+03 5.599820e+03 5.595280e+03 5.499862e+03
5.300761e+03 5.665232e+03 5.734597e+03 5.231397e+03
5.578239e+03 5.742234e+03 5.875927e+03 5.444546e+03
5.690505e+03 5.718504e+03 5.822557e+03 5.586451e+03
5.366782e+03 5.662789e+03 5.662746e+03 5.366824e+03
5.687022e+03 5.625983e+03 5.615294e+03 5.697711e+03
5.886201e+03 5.607451e+03 5.641119e+03 5.852533e+03
5.837696e+03 5.601075e+03 5.648365e+03 5.790406e+03
5.629899e+03 5.601343e+03 5.618283e+03 5.612960e+03
5.426063e+03 5.604690e+03 5.635176e+03 5.395577e+03
5.503588e+03 5.608361e+03 5.649151e+03 5.462798e+03
5.651243e+03 5.611278e+03 5.554641e+03 5.707880e+03
5.754773e+03 5.613141e+03 5.523819e+03 5.844095e+03
5.251201e+03 5.614254e+03 5.591830e+03 5.273625e+03
5.198306e+03 5.614916e+03 5.655783e+03 5.157439e+03
5.470650e+03 5.615329e+03 5.691837e+03 5.394142e+03
5.741420e+03 5.615629e+03 5.713275e+03 5.643774e+03
5.729102e+03 5.615874e+03 5.717773e+03 5.627204e+03
5.156426e+03 5.616089e+03 5.637450e+03 5.135065e+03
5.709015e+03 5.616262e+03 5.539988e+03 5.785289e+03
5.509070e+03 5.616402e+03 5.570201e+03 5.555271e+03
5.171017e+03 5.616508e+03 5.642426e+03 5.145099e+03
5.539589e+03 5.616582e+03 5.684652e+03 5.471519e+03
5.404516e+03 5.616623e+03 5.703452e+03 5.317687e+03
5.481904e+03 5.616628e+03 5.655445e+03 5.443086e+03
5.554021e+03 5.616597e+03 5.556044e+03 5.614574e+03
5.329803e+03 5.616528e+03 5.562943e+03 5.383388e+03
5.639067e+03 5.616420e+03 5.580856e+03 5.674631e+03
5.505669e+03 5.616272e+03 5.618114e+03 5.503826e+03
5.212813e+03 5.616082e+03 5.670791e+03 5.158104e+03
5.786270e+03 5.615850e+03 5.655465e+03 5.746655e+03
5.639631e+03 5.615661e+03 5.616427e+03 5.638864e+03
5.370346e+03 5.654839e+03 5.699808e+03 5.325377e+03
5.981093e+03 5.743023e+03 5.870814e+03 5.853302e+03
6.066990e+03 5.734316e+03 5.865741e+03 5.935565e+03
5.947369e+03 5.677743e+03 5.669356e+03 5.955756e+03
5.518936e+03 5.633740e+03 5.532766e+03 5.619909e+03
5.623071e+03 5.611181e+03 5.568132e+03 5.666119e+03
6.017598e+03 5.601646e+03 5.637427e+03 5.981816e+03
6.020788e+03 5.599773e+03 5.685896e+03 5.934665e+03
5.634871e+03 5.601648e+03 5.648102e+03 5.588417e+03
5.221928e+03 5.604410e+03 5.596436e+03 5.229902e+03
5.426056e+03 5.606388e+03 5.633969e+03 5.398475e+03
5.360018e+03 5.607326e+03 5.684368e+03 5.282976e+03
5.458532e+03 5.607446e+03 5.717026e+03 5.348953e+03
5.844429e+03 5.607024e+03 5.715522e+03 5.735931e+03
5.958912e+03 5.609726e+03 5.710705e+03 5.857932e+03
5.756725e+03 5.749153e+03 5.527546e+03 5.978333e+03
5.573268e+03 5.895407e+03 5.332710e+03 6.135965e+03
5.608494e+03 5.827897e+03 5.421430e+03 6.014960e+03
5.705070e+03 5.708477e+03 5.564093e+03 5.849453e+03
5.765401e+03 5.627756e+03 5.676206e+03 5.716951e+03
5.879775e+03 5.588664e+03 5.747550e+03 5.720888e+03
5.757862e+03 5.573845e+03 5.716434e+03 5.615273e+03
5.621007e+03 5.573073e+03 5.639213e+03 5.554867e+03
5.472574e+03 5.578401e+03 5.665109e+03 5.385866e+03
