0.1 9.066988e+03 9.068503e+03 9.075240e+03 9.073726e+03
1.1 9.063229e+03 9.071938e+03 9.075320e+03 9.066612e+03
2.1 9.047728e+03 9.077339e+03 9.075782e+03 9.046170e+03
3.1 9.062548e+03 9.081757e+03 9.075887e+03 9.056678e+03
4.1 9.079489e+03 9.080240e+03 9.075639e+03 9.074888e+03
5.1 9.076276e+03 9.080377e+03 9.075397e+03 9.071296e+03
6.1 9.062600e+03 9.079844e+03 9.075265e+03 9.058021e+03
7.1 9.078114e+03 9.072101e+03 9.075206e+03 9.081220e+03
8.1 9.065290e+03 9.074845e+03 9.075193e+03 9.065638e+03
9.1 9.053652e+03 9.075432e+03 9.075203e+03 9.053423e+03
10.1 9.054472e+03 9.077823e+03 9.075221e+03 9.051869e+03
11.1 9.101950e+03 9.076250e+03 9.075236e+03 9.100936e+03
12.1 9.087527e+03 9.073850e+03 9.075247e+03 9.088924e+03
13.1 9.064561e+03 9.075945e+03 9.075254e+03 9.063869e+03
14.1 9.064969e+03 9.078773e+03 9.075257e+03 9.061452e+03
15.1 9.098969e+03 9.079713e+03 9.075259e+03 9.094514e+03
16.1 9.086776e+03 9.079552e+03 9.075260e+03 9.082484e+03
17.1 9.096041e+03 9.074149e+03 9.075261e+03 9.097153e+03
0.5 9.089593e+03 9.075420e+03 9.075265e+03 9.089438e+03
1.5 9.108296e+03 9.076828e+03 9.075492e+03 9.106960e+03
2.5 9.066980e+03 9.078673e+03 9.075908e+03 9.064215e+03
3.5 9.060767e+03 9.079808e+03 9.075829e+03 9.056787e+03
4.5 9.075309e+03 9.071473e+03 9.075548e+03 9.079384e+03
5.5 9.072164e+03 9.068973e+03 9.075351e+03 9.078543e+03
6.5 9.049743e+03 9.072301e+03 9.075250e+03 9.052693e+03
7.5 9.098211e+03 9.091568e+03 9.075210e+03 9.081853e+03
8.5 9.051315e+03 9.069143e+03 9.075206e+03 9.057379e+03
9.5 9.040908e+03 9.065741e+03 9.075220e+03 9.050387e+03
10.5 9.029536e+03 9.065275e+03 9.075236e+03 9.039497e+03
11.5 9.074086e+03 9.071167e+03 9.075249e+03 9.078168e+03
12.5 9.078417e+03 9.081216e+03 9.075258e+03 9.072459e+03
13.5 9.101917e+03 9.076511e+03 9.075262e+03 9.100668e+03
14.5 9.090066e+03 9.079291e+03 9.075264e+03 9.086040e+03
15.5 9.098715e+03 9.084935e+03 9.075265e+03 9.089045e+03
16.5 9.107061e+03 9.078307e+03 9.075266e+03 9.104020e+03
17.5 9.096660e+03 9.078320e+03 9.075267e+03 9.093607e+03
0.7 9.046857e+03 9.069090e+03 9.075279e+03 9.053046e+03
1.7 9.074310e+03 9.074521e+03 9.075613e+03 9.075401e+03
2.7 9.080461e+03 9.076711e+03 9.075939e+03 9.079689e+03
3.7 9.072113e+03 9.080467e+03 9.075779e+03 9.067425e+03
4.7 9.069350e+03 9.079500e+03 9.075511e+03 9.065360e+03
5.7 9.109927e+03 9.076760e+03 9.075336e+03 9.108502e+03
6.7 9.072053e+03 9.075857e+03 9.075249e+03 9.071445e+03
7.7 9.072539e+03 9.077704e+03 9.075220e+03 9.070055e+03
8.7 9.055434e+03 9.079732e+03 9.075222e+03 9.050923e+03
9.7 9.090999e+03 9.076756e+03 9.075238e+03 9.089480e+03
10.7 9.067289e+03 9.074420e+03 9.075255e+03 9.068123e+03
11.7 9.068530e+03 9.077949e+03 9.075268e+03 9.065849e+03
12.7 9.069742e+03 9.085274e+03 9.075276e+03 9.059743e+03
13.7 9.093433e+03 9.078810e+03 9.075280e+03 9.089903e+03
14.7 9.081047e+03 9.079928e+03 9.075283e+03 9.076402e+03
15.7 9.084908e+03 9.071123e+03 9.075285e+03 9.089069e+03
16.7 9.081387e+03 9.073193e+03 9.075286e+03 9.083480e+03
17.7 9.036968e+03 9.059331e+03 9.075287e+03 9.052923e+03
0.9 9.062834e+03 9.071957e+03 9.075305e+03 9.066182e+03
1.9 9.087832e+03 9.081133e+03 9.075719e+03 9.082418e+03
2.9 9.094640e+03 9.087891e+03 9.075928e+03 9.082676e+03
3.9 9.101886e+03 9.085464e+03 9.075706e+03 9.092128e+03
4.9 9.079297e+03 9.082112e+03 9.075445e+03 9.072630e+03
5.9 9.084985e+03 9.075003e+03 9.075294e+03 9.085276e+03
6.9 9.074736e+03 9.068676e+03 9.075223e+03 9.081284e+03
7.9 9.062408e+03 9.073885e+03 9.075201e+03 9.063724e+03
8.9 9.058561e+03 9.078895e+03 9.075206e+03 9.054871e+03
9.9 9.046119e+03 9.046217e+03 9.075221e+03 9.075123e+03
10.9 9.079236e+03 9.061904e+03 9.075235e+03 9.092567e+03
11.9 9.069416e+03 9.057829e+03 9.075244e+03 9.086832e+03
12.9 9.093690e+03 9.085440e+03 9.075250e+03 9.083500e+03
13.9 9.060204e+03 9.076069e+03 9.075251e+03 9.059387e+03
14.9 9.090527e+03 9.077776e+03 9.075252e+03 9.088003e+03
15.9 9.063461e+03 9.079269e+03 9.075251e+03 9.059443e+03
16.9 9.122220e+03 9.083633e+03 9.075251e+03 9.113837e+03
17.9 9.095895e+03 9.083678e+03 9.075250e+03 9.087466e+03
0.6 9.061593e+03 9.070416e+03 9.075246e+03 9.066422e+03
1.6 9.080383e+03 9.076387e+03 9.075520e+03 9.079516e+03
2.6 9.108950e+03 9.080576e+03 9.075897e+03 9.104270e+03
3.6 9.093089e+03 9.076444e+03 9.075781e+03 9.092425e+03
4.6 9.076864e+03 9.074262e+03 9.075507e+03 9.078109e+03
5.6 9.072453e+03 9.073435e+03 9.075318e+03 9.074336e+03
6.6 9.064091e+03 9.075900e+03 9.075220e+03 9.063411e+03
7.6 9.071914e+03 9.078592e+03 9.075185e+03 9.068507e+03
8.6 9.070102e+03 9.070553e+03 9.075183e+03 9.074732e+03
9.6 9.083865e+03 9.056246e+03 9.075197e+03 9.102816e+03
10.6 9.037533e+03 9.058143e+03 9.075213e+03 9.054603e+03
11.6 9.067013e+03 9.076642e+03 9.075226e+03 9.065597e+03
12.6 9.094013e+03 9.095371e+03 9.075234e+03 9.073876e+03
13.6 9.068411e+03 9.069361e+03 9.075238e+03 9.074288e+03
14.6 9.060838e+03 9.063619e+03 9.075240e+03 9.072459e+03
15.6 9.060127e+03 9.067681e+03 9.075260e+03 9.067706e+03
16.6 9.094331e+03 9.078604e+03 9.075646e+03 9.091373e+03
17.6 9.091328e+03 9.084106e+03 9.075911e+03 9.083133e+03
0.8 9.060127e+03 9.067681e+03 9.075260e+03 9.067706e+03
1.8 9.094331e+03 9.078604e+03 9.075646e+03 9.091373e+03
2.8 9.091328e+03 9.084106e+03 9.075911e+03 9.083133e+03
3.8 9.064633e+03 9.084476e+03 9.075714e+03 9.055870e+03
4.8 9.087332e+03 9.081709e+03 9.075453e+03 9.081076e+03
5.8 9.080086e+03 9.079678e+03 9.075291e+03 9.075699e+03
6.8 9.072593e+03 9.076844e+03 9.075213e+03 9.070962e+03
7.8 9.056240e+03 9.071649e+03 9.075189e+03 9.059781e+03
8.8 9.074008e+03 9.066816e+03 9.075195e+03 9.082387e+03
9.8 9.069983e+03 9.078371e+03 9.075212e+03 9.066824e+03
10.8 9.066280e+03 9.061877e+03 9.075229e+03 9.079632e+03
11.8 9.083416e+03 9.068000e+03 9.075242e+03 9.090658e+03
12.8 9.098850e+03 9.077947e+03 9.075251e+03 9.096153e+03
13.8 9.074897e+03 9.078197e+03 9.075256e+03 9.071956e+03
14.8 9.064666e+03 9.076589e+03 9.075260e+03 9.063337e+03
15.8 9.102039e+03 9.077247e+03 9.075263e+03 9.100055e+03
16.8 9.063893e+03 9.074364e+03 9.075265e+03 9.064794e+03
