0.2 1.384721e+03 1.379974e+03 1.381841e+03 1.386587e+03
1.2 1.378707e+03 1.384489e+03 1.381589e+03 1.375807e+03
2.2 1.398236e+03 1.379267e+03 1.379812e+03 1.398781e+03
3.2 1.385203e+03 1.380801e+03 1.379125e+03 1.383527e+03
4.2 1.390508e+03 1.381605e+03 1.380069e+03 1.388972e+03
5.2 1.391811e+03 1.384907e+03 1.381130e+03 1.388034e+03
6.2 1.380975e+03 1.381445e+03 1.381737e+03 1.381268e+03
7.2 1.386158e+03 1.379211e+03 1.382021e+03 1.388968e+03
8.2 1.392664e+03 1.381689e+03 1.382099e+03 1.393074e+03
9.2 1.395156e+03 1.380304e+03 1.382071e+03 1.396924e+03
10.2 1.378298e+03 1.378626e+03 1.382003e+03 1.381675e+03
11.2 1.390028e+03 1.379887e+03 1.381868e+03 1.392009e+03
12.2 1.385425e+03 1.379885e+03 1.380374e+03 1.385914e+03
13.2 1.377784e+03 1.378476e+03 1.379037e+03 1.378345e+03
14.2 1.369409e+03 1.380098e+03 1.379683e+03 1.368993e+03
15.2 1.368334e+03 1.380578e+03 1.380850e+03 1.368606e+03
16.2 1.354696e+03 1.380980e+03 1.381597e+03 1.355313e+03
17.2 1.365480e+03 1.378396e+03 1.381971e+03 1.369054e+03
0.9 1.390028e+03 1.379887e+03 1.381868e+03 1.392009e+03
1.9 1.385425e+03 1.379885e+03 1.380374e+03 1.385914e+03
2.9 1.377784e+03 1.378476e+03 1.379037e+03 1.378345e+03
3.9 1.369409e+03 1.380098e+03 1.379683e+03 1.368993e+03
4.9 1.368334e+03 1.380578e+03 1.380850e+03 1.368606e+03
5.9 1.354696e+03 1.380980e+03 1.381597e+03 1.355313e+03
6.9 1.365480e+03 1.378396e+03 1.381971e+03 1.369054e+03
7.9 1.391790e+03 1.378952e+03 1.382098e+03 1.394936e+03
8.9 1.378201e+03 1.382886e+03 1.382093e+03 1.377408e+03
9.9 1.384295e+03 1.381508e+03 1.382028e+03 1.384815e+03
10.9 1.383037e+03 1.378587e+03 1.381960e+03 1.386410e+03
11.9 1.382297e+03 1.378951e+03 1.381908e+03 1.385254e+03
12.9 1.371504e+03 1.379544e+03 1.381878e+03 1.373838e+03
13.9 1.368008e+03 1.379190e+03 1.381863e+03 1.370680e+03
14.9 1.396198e+03 1.378555e+03 1.381856e+03 1.399498e+03
15.9 1.379997e+03 1.384695e+03 1.381853e+03 1.377155e+03
16.9 1.376333e+03 1.369811e+03 1.381852e+03 1.388374e+03
17.9 1.368587e+03 1.371627e+03 1.381852e+03 1.378812e+03
1.0 1.369500e+03 1.377239e+03 1.381708e+03 1.373969e+03
2.0 1.378835e+03 1.376649e+03 1.380032e+03 1.382217e+03
3.0 1.371153e+03 1.377207e+03 1.379024e+03 1.372970e+03
4.0 1.379764e+03 1.379435e+03 1.379865e+03 1.380194e+03
5.0 1.396805e+03 1.382501e+03 1.381002e+03 1.395306e+03
6.0 1.386580e+03 1.382695e+03 1.381663e+03 1.385548e+03
7.0 1.379368e+03 1.383884e+03 1.380833e+03 1.376317e+03
8.0 1.384423e+03 1.385425e+03 1.379156e+03 1.378154e+03
9.0 1.362920e+03 1.381921e+03 1.379483e+03 1.360482e+03
10.0 1.379220e+03 1.383052e+03 1.380706e+03 1.376873e+03
11.0 1.384868e+03 1.381107e+03 1.381562e+03 1.385323e+03
12.0 1.386513e+03 1.380817e+03 1.382000e+03 1.387696e+03
13.0 1.385310e+03 1.382772e+03 1.382158e+03 1.384695e+03
14.0 1.369395e+03 1.384068e+03 1.382164e+03 1.367491e+03
15.0 1.382282e+03 1.381694e+03 1.382098e+03 1.382687e+03
16.0 1.380450e+03 1.378487e+03 1.382023e+03 1.383986e+03
17.0 1.375981e+03 1.373973e+03 1.381964e+03 1.383972e+03
18.0 1.392828e+03 1.381470e+03 1.381930e+03 1.393288e+03
0.7 1.386580e+03 1.382695e+03 1.381663e+03 1.385548e+03
1.7 1.379368e+03 1.383884e+03 1.380833e+03 1.376317e+03
2.7 1.384423e+03 1.385425e+03 1.379156e+03 1.378154e+03
3.7 1.362920e+03 1.381921e+03 1.379483e+03 1.360482e+03
4.7 1.379220e+03 1.383052e+03 1.380706e+03 1.376873e+03
5.7 1.384868e+03 1.381107e+03 1.381562e+03 1.385323e+03
6.7 1.386513e+03 1.380817e+03 1.382000e+03 1.387696e+03
7.7 1.385310e+03 1.382772e+03 1.382158e+03 1.384695e+03
8.7 1.369395e+03 1.384068e+03 1.382164e+03 1.367491e+03
9.7 1.382282e+03 1.381694e+03 1.382098e+03 1.382687e+03
10.7 1.380450e+03 1.378487e+03 1.382023e+03 1.383986e+03
11.7 1.375981e+03 1.373973e+03 1.381964e+03 1.383972e+03
12.7 1.392828e+03 1.381470e+03 1.381930e+03 1.393288e+03
13.7 1.364655e+03 1.386728e+03 1.381913e+03 1.359840e+03
14.7 1.368691e+03 1.382155e+03 1.381907e+03 1.368443e+03
15.7 1.379335e+03 1.399756e+03 1.381907e+03 1.361485e+03
16.7 1.388501e+03 1.390973e+03 1.381909e+03 1.379437e+03
17.7 1.379873e+03 1.384433e+03 1.381912e+03 1.377352e+03
0.7 1.373178e+03 1.381413e+03 1.381954e+03 1.373719e+03
1.7 1.383271e+03 1.378642e+03 1.380892e+03 1.385521e+03
2.7 1.383412e+03 1.380090e+03 1.378971e+03 1.382292e+03
3.7 1.385074e+03 1.381097e+03 1.379247e+03 1.383224e+03
4.7 1.373417e+03 1.383389e+03 1.380537e+03 1.370565e+03
5.7 1.397017e+03 1.384279e+03 1.381535e+03 1.394273e+03
6.7 1.382336e+03 1.380245e+03 1.382041e+03 1.384132e+03
7.7 1.385205e+03 1.385052e+03 1.382038e+03 1.382191e+03
8.7 1.381735e+03 1.381765e+03 1.380407e+03 1.380376e+03
9.7 1.383759e+03 1.380169e+03 1.379548e+03 1.383138e+03
10.7 1.378990e+03 1.382261e+03 1.380364e+03 1.377093e+03
11.7 1.394716e+03 1.382627e+03 1.381322e+03 1.393411e+03
12.7 1.384444e+03 1.381950e+03 1.381904e+03 1.384398e+03
13.7 1.372585e+03 1.380430e+03 1.382010e+03 1.374165e+03
14.7 1.382340e+03 1.378178e+03 1.380367e+03 1.384529e+03
15.7 1.383531e+03 1.376880e+03 1.379048e+03 1.385700e+03
16.7 1.387875e+03 1.379620e+03 1.379840e+03 1.388096e+03
17.7 1.381679e+03 1.383084e+03 1.381054e+03 1.379650e+03
0.1 1.382336e+03 1.380245e+03 1.382041e+03 1.384132e+03
1.1 1.385205e+03 1.385052e+03 1.382038e+03 1.382191e+03
2.1 1.381735e+03 1.381765e+03 1.380407e+03 1.380376e+03
3.1 1.383759e+03 1.380169e+03 1.379548e+03 1.383138e+03
4.1 1.378990e+03 1.382261e+03 1.380364e+03 1.377093e+03
5.1 1.394716e+03 1.382627e+03 1.381322e+03 1.393411e+03
6.1 1.384444e+03 1.381950e+03 1.381904e+03 1.384398e+03
7.1 1.372585e+03 1.380430e+03 1.382010e+03 1.374165e+03
8.1 1.382340e+03 1.378178e+03 1.380367e+03 1.384529e+03
9.1 1.383531e+03 1.376880e+03 1.379048e+03 1.385700e+03
10.1 1.387875e+03 1.379620e+03 1.379840e+03 1.388096e+03
11.1 1.381679e+03 1.383084e+03 1.381054e+03 1.379650e+03
12.1 1.376463e+03 1.380759e+03 1.381798e+03 1.377503e+03
13.1 1.383581e+03 1.382156e+03 1.382151e+03 1.383577e+03
14.1 1.398432e+03 1.379190e+03 1.382266e+03 1.401507e+03
15.1 1.371727e+03 1.376577e+03 1.382242e+03 1.377392e+03
16.1 1.404797e+03 1.387869e+03 1.382161e+03 1.399089e+03
17.1 1.385842e+03 1.396377e+03 1.382053e+03 1.371518e+03
1.0 1.372585e+03 1.380430e+03 1.382010e+03 1.374165e+03
2.0 1.382340e+03 1.378178e+03 1.380367e+03 1.384529e+03
3.0 1.383531e+03 1.376880e+03 1.379048e+03 1.385700e+03
4.0 1.387875e+03 1.379620e+03 1.379840e+03 1.388096e+03
5.0 1.381679e+03 1.383084e+03 1.381054e+03 1.379650e+03
6.0 1.376463e+03 1.380759e+03 1.381798e+03 1.377503e+03
7.0 1.383581e+03 1.382156e+03 1.382151e+03 1.383577e+03
8.0 1.398432e+03 1.379190e+03 1.382266e+03 1.401507e+03
9.0 1.371727e+03 1.376577e+03 1.382242e+03 1.377392e+03
10.0 1.404797e+03 1.387869e+03 1.382161e+03 1.399089e+03
11.0 1.385842e+03 1.396377e+03 1.382053e+03 1.371518e+03
12.0 1.361580e+03 1.381455e+03 1.380853e+03 1.360978e+03
13.0 1.371436e+03 1.377546e+03 1.379136e+03 1.373025e+03
14.0 1.377727e+03 1.380638e+03 1.379535e+03 1.376623e+03
15.0 1.385577e+03 1.381139e+03 1.380745e+03 1.385183e+03
16.0 1.380123e+03 1.381339e+03 1.381585e+03 1.380369e+03
17.0 1.366157e+03 1.381485e+03 1.382012e+03 1.366684e+03
18.0 1.383936e+03 1.379257e+03 1.382176e+03 1.386854e+03
0.7 1.385842e+03 1.396377e+03 1.382053e+03 1.371518e+03
1.7 1.361580e+03 1.381455e+03 1.380853e+03 1.360978e+03
2.7 1.371436e+03 1.377546e+03 1.379136e+03 1.373025e+03
3.7 1.377727e+03 1.380638e+03 1.379535e+03 1.376623e+03
4.7 1.385577e+03 1.381139e+03 1.380745e+03 1.385183e+03
5.7 1.380123e+03 1.381339e+03 1.381585e+03 1.380369e+03
6.7 1.366157e+03 1.381485e+03 1.382012e+03 1.366684e+03
7.7 1.383936e+03 1.379257e+03 1.382176e+03 1.386854e+03
8.7 1.364576e+03 1.375580e+03 1.382181e+03 1.371177e+03
9.7 1.372046e+03 1.378531e+03 1.382114e+03 1.375629e+03
10.7 1.384585e+03 1.379507e+03 1.382036e+03 1.387114e+03
11.7 1.396645e+03 1.380805e+03 1.381974e+03 1.397814e+03
12.7 1.383877e+03 1.380954e+03 1.381933e+03 1.384856e+03
13.7 1.371439e+03 1.383615e+03 1.381909e+03 1.369733e+03
14.7 1.367904e+03 1.383059e+03 1.381894e+03 1.366739e+03
15.7 1.370537e+03 1.374955e+03 1.381884e+03 1.377466e+03
16.7 1.382388e+03 1.377846e+03 1.381876e+03 1.386417e+03
17.7 1.404702e+03 1.382445e+03 1.381869e+03 1.404126e+03
0.1 1.374221e+03 1.378430e+03 1.381830e+03 1.377621e+03
1.1 1.396554e+03 1.382012e+03 1.381615e+03 1.396158e+03
2.1 1.391963e+03 1.380204e+03 1.379863e+03 1.391622e+03
3.1 1.375746e+03 1.378725e+03 1.378910e+03 1.375932e+03
4.1 1.370789e+03 1.380486e+03 1.379831e+03 1.370134e+03
5.1 1.361805e+03 1.377272e+03 1.380976e+03 1.365509e+03
6.1 1.392076e+03 1.380182e+03 1.381648e+03 1.393542e+03
7.1 1.409705e+03 1.381155e+03 1.381961e+03 1.410511e+03
8.1 1.416267e+03 1.390303e+03 1.382058e+03 1.408021e+03
9.1 1.401674e+03 1.382464e+03 1.382031e+03 1.401240e+03
10.1 1.391992e+03 1.384753e+03 1.381957e+03 1.389196e+03
11.1 1.384898e+03 1.382216e+03 1.381887e+03 1.384569e+03
12.1 1.386034e+03 1.378791e+03 1.381837e+03 1.389079e+03
13.1 1.368596e+03 1.379097e+03 1.381807e+03 1.371306e+03
14.1 1.369616e+03 1.379336e+03 1.381791e+03 1.372072e+03
15.1 1.375271e+03 1.380621e+03 1.381784e+03 1.376433e+03
16.1 1.363432e+03 1.372796e+03 1.381780e+03 1.372415e+03
17.1 1.392222e+03 1.386302e+03 1.381778e+03 1.387698e+03
0.8 1.371086e+03 1.375188e+03 1.381739e+03 1.377637e+03
1.8 1.387823e+03 1.374565e+03 1.380449e+03 1.393708e+03
2.8 1.388586e+03 1.381852e+03 1.378831e+03 1.385565e+03
3.8 1.379772e+03 1.379932e+03 1.379368e+03 1.379208e+03
4.8 1.395196e+03 1.380813e+03 1.380623e+03 1.395005e+03
5.8 1.367881e+03 1.381075e+03 1.381468e+03 1.368274e+03
6.8 1.369588e+03 1.380956e+03 1.381894e+03 1.370526e+03
7.8 1.386089e+03 1.385373e+03 1.382059e+03 1.382775e+03
8.8 1.384916e+03 1.394608e+03 1.382067e+03 1.372374e+03
9.8 1.391673e+03 1.389754e+03 1.382005e+03 1.383924e+03
10.8 1.372221e+03 1.384728e+03 1.381935e+03 1.369428e+03
11.8 1.388986e+03 1.379725e+03 1.381882e+03 1.391143e+03
12.8 1.375835e+03 1.379738e+03 1.381850e+03 1.377948e+03
13.8 1.386127e+03 1.380212e+03 1.381836e+03 1.387751e+03
14.8 1.376490e+03 1.382688e+03 1.381831e+03 1.375633e+03
15.8 1.372929e+03 1.384767e+03 1.381831e+03 1.369992e+03
16.8 1.376824e+03 1.384842e+03 1.381833e+03 1.373815e+03
17.8 1.379302e+03 1.378744e+03 1.381836e+03 1.382394e+03
0.9 1.365834e+03 1.376851e+03 1.381790e+03 1.370774e+03
1.9 1.351761e+03 1.374218e+03 1.380305e+03 1.357849e+03
2.9 1.371075e+03 1.371964e+03 1.378593e+03 1.377705e+03
3.9 1.376647e+03 1.374771e+03 1.379171e+03 1.381046e+03
4.9 1.394286e+03 1.383511e+03 1.380555e+03 1.391331e+03
5.9 1.395142e+03 1.392451e+03 1.381493e+03 1.384185e+03
6.9 1.396902e+03 1.389364e+03 1.381975e+03 1.389513e+03
7.9 1.377979e+03 1.387990e+03 1.382149e+03 1.372137e+03
8.9 1.393373e+03 1.383843e+03 1.382156e+03 1.391685e+03
9.9 1.382548e+03 1.374160e+03 1.382085e+03 1.390473e+03
10.9 1.381092e+03 1.376506e+03 1.382004e+03 1.386589e+03
11.9 1.374865e+03 1.371498e+03 1.381940e+03 1.385307e+03
12.9 1.362051e+03 1.377171e+03 1.381902e+03 1.366782e+03
13.9 1.382010e+03 1.378110e+03 1.381818e+03 1.385718e+03
14.9 1.377062e+03 1.379602e+03 1.380502e+03 1.377962e+03
15.9 1.371770e+03 1.379383e+03 1.379426e+03 1.371813e+03
16.9 1.374422e+03 1.377830e+03 1.380066e+03 1.376657e+03
17.9 1.383765e+03 1.384369e+03 1.381036e+03 1.380432e+03
0.9 1.382010e+03 1.378110e+03 1.381818e+03 1.385718e+03
1.9 1.377062e+03 1.379602e+03 1.380502e+03 1.377962e+03
2.9 1.371770e+03 1.379383e+03 1.379426e+03 1.371813e+03
3.9 1.374422e+03 1.377830e+03 1.380066e+03 1.376657e+03
4.9 1.383765e+03 1.384369e+03 1.381036e+03 1.380432e+03
5.9 1.365936e+03 1.376369e+03 1.381657e+03 1.371223e+03
6.9 1.400924e+03 1.379125e+03 1.381962e+03 1.403761e+03
7.9 1.397964e+03 1.383725e+03 1.382060e+03 1.396299e+03
8.9 1.390992e+03 1.385751e+03 1.382046e+03 1.387287e+03
9.9 1.386940e+03 1.384454e+03 1.381986e+03 1.384472e+03
10.9 1.371521e+03 1.381594e+03 1.381924e+03 1.371851e+03
11.9 1.367361e+03 1.373095e+03 1.381877e+03 1.376144e+03
