0.5 9.910553e+03 9.799642e+03 9.821697e+03 9.932607e+03
1.5 9.929671e+03 9.811445e+03 9.833466e+03 9.951692e+03
2.5 9.936693e+03 9.863718e+03 9.885548e+03 9.958524e+03
3.5 9.940109e+03 9.920634e+03 9.942216e+03 9.961691e+03
4.5 9.989281e+03 9.955068e+03 9.976403e+03 1.001062e+04
5.5 9.957936e+03 9.967565e+03 9.988689e+03 9.979060e+03
6.5 9.964542e+03 9.968472e+03 9.989429e+03 9.985499e+03
7.5 9.943350e+03 9.964171e+03 9.985001e+03 9.964180e+03
8.5 1.004768e+04 9.958812e+03 9.979551e+03 1.006841e+04
9.5 9.942222e+03 9.954222e+03 9.974897e+03 9.962897e+03
10.5 9.964818e+03 9.951239e+03 9.971875e+03 9.985454e+03
11.5 9.940915e+03 9.949539e+03 9.970158e+03 9.961535e+03
12.5 9.935169e+03 9.948671e+03 9.969294e+03 9.955792e+03
13.5 9.908497e+03 9.948290e+03 9.968938e+03 9.929145e+03
14.5 9.969713e+03 9.948121e+03 9.968814e+03 9.990405e+03
15.5 9.974989e+03 9.948045e+03 9.968802e+03 9.995746e+03
16.5 9.889024e+03 9.947997e+03 9.968839e+03 9.909866e+03
17.5 9.893578e+03 9.946634e+03 9.967580e+03 9.914523e+03
18.5 9.841024e+03 9.918482e+03 9.939550e+03 9.862092e+03
19.5 9.811875e+03 9.857761e+03 9.878971e+03 9.833084e+03
20.5 9.786674e+03 9.809541e+03 9.830910e+03 9.808044e+03
21.5 9.701300e+03 9.785779e+03 9.807327e+03 9.722848e+03
22.5 9.625053e+03 9.778947e+03 9.800691e+03 9.646797e+03
23.5 9.728666e+03 9.780119e+03 9.802795e+03 9.751341e+03
24.5 9.709424e+03 9.770806e+03 9.808181e+03 9.746800e+03
25.5 9.762765e+03 9.747602e+03 9.813529e+03 9.828692e+03
26.5 9.636589e+03 9.728829e+03 9.817609e+03 9.725370e+03
27.5 9.691425e+03 9.720063e+03 9.820272e+03 9.791634e+03
28.5 9.779608e+03 9.718337e+03 9.821749e+03 9.883021e+03
29.5 9.669768e+03 9.719895e+03 9.822567e+03 9.772440e+03
30.5 9.676179e+03 9.722482e+03 9.823023e+03 9.776720e+03
31.5 9.713959e+03 9.724905e+03 9.823328e+03 9.812382e+03
32.5 9.669499e+03 9.726680e+03 9.823576e+03 9.766395e+03
33.5 9.730921e+03 9.727672e+03 9.823805e+03 9.827054e+03
