0.5 9.365500e+03 9.486462e+03 9.903994e+03 9.783031e+03
1.5 9.124331e+03 9.513185e+03 9.932773e+03 9.543919e+03
2.5 9.543065e+03 9.642491e+03 1.004772e+04 9.948295e+03
3.5 9.898869e+03 9.779849e+03 1.016763e+04 1.028665e+04
4.5 9.679856e+03 9.863911e+03 1.023724e+04 1.005319e+04
5.5 9.546963e+03 9.899533e+03 1.026311e+04 9.910541e+03
6.5 9.505292e+03 9.905657e+03 1.026400e+04 9.863633e+03
7.5 9.228245e+03 9.898499e+03 1.025433e+04 9.584077e+03
8.5 9.735996e+03 9.887841e+03 1.024278e+04 1.009094e+04
9.5 9.646042e+03 9.878475e+03 1.023327e+04 1.000084e+04
10.5 9.791668e+03 9.871879e+03 1.022687e+04 1.014666e+04
11.5 9.697751e+03 9.868085e+03 1.022341e+04 1.005308e+04
12.5 1.008597e+04 9.866007e+03 1.022174e+04 1.044171e+04
13.5 9.827974e+03 9.864938e+03 1.022112e+04 1.018416e+04
14.5 1.002794e+04 9.864329e+03 1.022098e+04 1.038459e+04
15.5 1.015886e+04 9.863920e+03 1.022106e+04 1.051600e+04
16.5 1.013399e+04 9.863593e+03 1.022124e+04 1.049163e+04
17.5 1.020521e+04 9.859605e+03 1.021777e+04 1.056337e+04
18.5 1.000207e+04 9.794440e+03 1.015313e+04 1.036076e+04
19.5 1.013753e+04 9.666364e+03 1.002560e+04 1.049677e+04
20.5 9.282042e+03 9.562245e+03 9.922031e+03 9.641828e+03
21.5 8.964482e+03 9.513487e+03 9.873834e+03 9.324829e+03
22.5 9.457783e+03 9.500051e+03 9.860965e+03 9.818697e+03
23.5 9.805949e+03 9.514407e+03 9.866073e+03 1.015762e+04
24.5 9.689786e+03 9.658126e+03 9.877492e+03 9.909152e+03
25.5 9.781603e+03 9.912936e+03 9.889181e+03 9.757847e+03
26.5 9.973195e+03 1.010000e+04 9.897776e+03 9.770968e+03
27.5 9.938139e+03 1.018957e+04 9.903335e+03 9.651900e+03
28.5 1.015455e+04 1.021182e+04 9.906392e+03 9.849123e+03
29.5 1.042672e+04 1.020256e+04 9.908041e+03 1.013220e+04
30.5 9.934197e+03 1.018152e+04 9.908971e+03 9.661651e+03
31.5 1.040501e+04 1.016134e+04 9.909555e+03 1.015322e+04
32.5 1.027386e+04 1.014612e+04 9.910007e+03 1.003775e+04
33.5 1.040054e+04 1.013701e+04 9.910407e+03 1.017394e+04
0.3 9.379580e+03 9.579428e+03 9.854022e+03 9.654174e+03
1.3 9.408635e+03 9.592737e+03 9.869616e+03 9.685513e+03
2.3 9.716371e+03 9.710969e+03 9.970240e+03 9.975642e+03
3.3 9.893944e+03 9.856696e+03 1.009315e+04 1.013039e+04
4.3 9.929097e+03 9.954146e+03 1.016979e+04 1.014475e+04
5.3 1.002866e+04 1.000024e+04 1.019953e+04 1.022795e+04
6.3 9.748615e+03 1.001331e+04 1.020090e+04 9.936207e+03
7.3 9.979789e+03 1.001096e+04 1.018974e+04 1.015858e+04
8.3 9.867302e+03 1.000381e+04 1.017551e+04 1.003901e+04
9.3 1.045016e+04 9.997420e+03 1.016279e+04 1.061553e+04
10.3 1.051797e+04 9.993734e+03 1.015305e+04 1.067728e+04
11.3 1.009453e+04 9.993038e+03 1.014635e+04 1.024784e+04
12.3 1.056507e+04 9.994265e+03 1.014155e+04 1.071235e+04
13.3 1.019110e+04 9.996683e+03 1.013786e+04 1.033228e+04
14.3 1.006206e+04 9.999683e+03 1.013467e+04 1.019704e+04
15.3 9.935640e+03 1.000299e+04 1.013167e+04 1.006432e+04
16.3 9.719523e+03 1.000654e+04 1.012874e+04 9.841722e+03
17.3 9.895936e+03 1.000895e+04 1.012448e+04 1.001146e+04
18.3 9.918696e+03 9.963834e+03 1.007253e+04 1.002739e+04
19.3 9.870109e+03 9.844259e+03 9.945995e+03 9.971846e+03
20.3 1.005423e+04 9.735586e+03 9.830255e+03 1.014890e+04
21.3 9.653677e+03 9.682789e+03 9.770291e+03 9.741179e+03
22.3 9.891650e+03 9.668826e+03 9.749064e+03 9.971889e+03
23.3 9.866385e+03 9.675570e+03 9.748446e+03 9.939261e+03
