8.417211e+03 8.563653e+03 8.403044e+03 8.577820e+03
8.366899e+03 8.562575e+03 8.403409e+03 8.526065e+03
8.289131e+03 8.561499e+03 8.403987e+03 8.446643e+03
8.423068e+03 8.560424e+03 8.426493e+03 8.557000e+03
8.491565e+03 8.559353e+03 8.501387e+03 8.549531e+03
8.580060e+03 8.558284e+03 8.579141e+03 8.559204e+03
8.641929e+03 8.557219e+03 8.621670e+03 8.577477e+03
8.684763e+03 8.556157e+03 8.636997e+03 8.603923e+03
8.504916e+03 8.555100e+03 8.637158e+03 8.422858e+03
8.526931e+03 8.554048e+03 8.631242e+03 8.449737e+03
8.642350e+03 8.553001e+03 8.624038e+03 8.571314e+03
8.649176e+03 8.551960e+03 8.618441e+03 8.582694e+03
8.634806e+03 8.550925e+03 8.614839e+03 8.570893e+03
8.498855e+03 8.549897e+03 8.613079e+03 8.435673e+03
8.690466e+03 8.548875e+03 8.612426e+03 8.626915e+03
8.637053e+03 8.547862e+03 8.612369e+03 8.572545e+03
8.718917e+03 8.546856e+03 8.612614e+03 8.653159e+03
8.607425e+03 8.545859e+03 8.612980e+03 8.540304e+03
8.717677e+03 8.544871e+03 8.613397e+03 8.649150e+03
8.701511e+03 8.543892e+03 8.610797e+03 8.634606e+03
8.765675e+03 8.542923e+03 8.564678e+03 8.743920e+03
8.483116e+03 8.541964e+03 8.482391e+03 8.542689e+03
8.453772e+03 8.541017e+03 8.418628e+03 8.576161e+03
8.251629e+03 8.540080e+03 8.390063e+03 8.401645e+03
8.381886e+03 8.539155e+03 8.387882e+03 8.533159e+03
8.578298e+03 8.538242e+03 8.447440e+03 8.669100e+03
8.625803e+03 8.537342e+03 8.545283e+03 8.617862e+03
8.699965e+03 8.536454e+03 8.619891e+03 8.616528e+03
8.563549e+03 8.535580e+03 8.654739e+03 8.444389e+03
8.738112e+03 8.534719e+03 8.664983e+03 8.607848e+03
8.674951e+03 8.533872e+03 8.662698e+03 8.546125e+03
8.631159e+03 8.533040e+03 8.655937e+03 8.508263e+03
8.600575e+03 8.532223e+03 8.648996e+03 8.483802e+03
8.710451e+03 8.531420e+03 8.644133e+03 8.597738e+03
8.639731e+03 8.530634e+03 8.641333e+03 8.529031e+03
8.727742e+03 8.529863e+03 8.640029e+03 8.617575e+03
8.738979e+03 8.529108e+03 8.639678e+03 8.628409e+03
8.704254e+03 8.528370e+03 8.639777e+03 8.592847e+03
8.694207e+03 8.527648e+03 8.640092e+03 8.581764e+03
8.746897e+03 8.526944e+03 8.640490e+03 8.633351e+03
8.517132e+03 8.526257e+03 8.640842e+03 8.402547e+03
8.480961e+03 8.525587e+03 8.622295e+03 8.384253e+03
8.559727e+03 8.524936e+03 8.543318e+03 8.541344e+03
8.487623e+03 8.524302e+03 8.459186e+03 8.552739e+03
8.533715e+03 8.523687e+03 8.409961e+03 8.647441e+03
8.349438e+03 8.523090e+03 8.391737e+03 8.480791e+03
8.395521e+03 8.522512e+03 8.399537e+03 8.518496e+03
8.441018e+03 8.521953e+03 8.439520e+03 8.523451e+03
8.552337e+03 8.521413e+03 8.482352e+03 8.591398e+03
8.476327e+03 8.520892e+03 8.509446e+03 8.487773e+03
8.416005e+03 8.520391e+03 8.521889e+03 8.414507e+03
8.391241e+03 8.519909e+03 8.525120e+03 8.386029e+03
8.355895e+03 8.519447e+03 8.524083e+03 8.351259e+03
8.415351e+03 8.519005e+03 8.521766e+03 8.412590e+03
8.409541e+03 8.518581e+03 8.519692e+03 8.408430e+03
8.412437e+03 8.518177e+03 8.518353e+03 8.412261e+03
8.445686e+03 8.517792e+03 8.517791e+03 8.445687e+03
8.470013e+03 8.517427e+03 8.517709e+03 8.469731e+03
8.527596e+03 8.517081e+03 8.517911e+03 8.526765e+03
8.583800e+03 8.516754e+03 8.518241e+03 8.582312e+03
8.565839e+03 8.516447e+03 8.518626e+03 8.563660e+03
8.603809e+03 8.516159e+03 8.519031e+03 8.600937e+03
8.636175e+03 8.515891e+03 8.518387e+03 8.633679e+03
8.640342e+03 8.515642e+03 8.500272e+03 8.655713e+03
8.494802e+03 8.515413e+03 8.464189e+03 8.546026e+03
8.374299e+03 8.515203e+03 8.434942e+03 8.454560e+03
8.294885e+03 8.515012e+03 8.421499e+03 8.388398e+03
8.280410e+03 8.514841e+03 8.418137e+03 8.377114e+03
8.485199e+03 8.518818e+03 8.424031e+03 8.579987e+03
8.442040e+03 8.574569e+03 8.483474e+03 8.533136e+03
8.591155e+03 8.676948e+03 8.589596e+03 8.678507e+03
8.668849e+03 8.752156e+03 8.667640e+03 8.753365e+03
8.607218e+03 8.787656e+03 8.705083e+03 8.689791e+03
8.688810e+03 8.795910e+03 8.714541e+03 8.770179e+03
8.781469e+03 8.791525e+03 8.710933e+03 8.862061e+03
8.646832e+03 8.782503e+03 8.702459e+03 8.726876e+03
8.658864e+03 8.774008e+03 8.694389e+03 8.738483e+03
8.749964e+03 8.767663e+03 8.688407e+03 8.829220e+03
8.751092e+03 8.763927e+03 8.684997e+03 8.830023e+03
8.715476e+03 8.761977e+03 8.683344e+03 8.794109e+03
8.628843e+03 8.761082e+03 8.682721e+03 8.707204e+03
8.607001e+03 8.760768e+03 8.682657e+03 8.685112e+03
8.682013e+03 8.760709e+03 8.682826e+03 8.759896e+03
8.662505e+03 8.760770e+03 8.683093e+03 8.740181e+03
8.670447e+03 8.760852e+03 8.683359e+03 8.747940e+03
8.694205e+03 8.742451e+03 8.665120e+03 8.771536e+03
8.716262e+03 8.659423e+03 8.582233e+03 8.793452e+03
8.518750e+03 8.561688e+03 8.484617e+03 8.595821e+03
8.486790e+03 8.504564e+03 8.427624e+03 8.563730e+03
8.475324e+03 8.482830e+03 8.416345e+03 8.541808e+03
8.621190e+03 8.481186e+03 8.460393e+03 8.641984e+03
8.665664e+03 8.488423e+03 8.517304e+03 8.636783e+03
8.475226e+03 8.497964e+03 8.556822e+03 8.416368e+03
8.467196e+03 8.505876e+03 8.575525e+03 8.397548e+03
8.598942e+03 8.511322e+03 8.581631e+03 8.528632e+03
8.566835e+03 8.514638e+03 8.581059e+03 8.500415e+03
8.537927e+03 8.516421e+03 8.578031e+03 8.476317e+03
8.381250e+03 8.517421e+03 8.574889e+03 8.323781e+03
8.459701e+03 8.518025e+03 8.572752e+03 8.404974e+03
8.539453e+03 8.518474e+03 8.571573e+03 8.486354e+03
8.517919e+03 8.518868e+03 8.571059e+03 8.465727e+03
8.530216e+03 8.519248e+03 8.570949e+03 8.478515e+03
8.570026e+03 8.519629e+03 8.571017e+03 8.518637e+03
8.632763e+03 8.520018e+03 8.571166e+03 8.581615e+03
8.715090e+03 8.520417e+03 8.571341e+03 8.664166e+03
8.597600e+03 8.520826e+03 8.570368e+03 8.548058e+03
8.656037e+03 8.521244e+03 8.545961e+03 8.631321e+03
8.581734e+03 8.521672e+03 8.493064e+03 8.610342e+03
8.559264e+03 8.522108e+03 8.451104e+03 8.630268e+03
8.264428e+03 8.522553e+03 8.430541e+03 8.356440e+03
8.270276e+03 8.523006e+03 8.424790e+03 8.368492e+03
8.341290e+03 8.523466e+03 8.426996e+03 8.437761e+03
8.271707e+03 8.523934e+03 8.438295e+03 8.357345e+03
8.416452e+03 8.524408e+03 8.455822e+03 8.485039e+03
8.464310e+03 8.524889e+03 8.469633e+03 8.519566e+03
8.591132e+03 8.525376e+03 8.477001e+03 8.639507e+03
8.587918e+03 8.525869e+03 8.479582e+03 8.634205e+03
8.347198e+03 8.526368e+03 8.479776e+03 8.393790e+03
8.373463e+03 8.526871e+03 8.479003e+03 8.421332e+03
8.282964e+03 8.527379e+03 8.478083e+03 8.332260e+03
8.370311e+03 8.527892e+03 8.477362e+03 8.420841e+03
8.507393e+03 8.528408e+03 8.476953e+03 8.558848e+03
8.505732e+03 8.528928e+03 8.476764e+03 8.557896e+03
8.558828e+03 8.529451e+03 8.476718e+03 8.611561e+03
8.535013e+03 8.529977e+03 8.476741e+03 8.588249e+03
8.502290e+03 8.530506e+03 8.476793e+03 8.556003e+03
8.508081e+03 8.531037e+03 8.476856e+03 8.562262e+03
8.514998e+03 8.531569e+03 8.476919e+03 8.569648e+03
8.501939e+03 8.532103e+03 8.475184e+03 8.558857e+03
8.498799e+03 8.532638e+03 8.465231e+03 8.566206e+03
8.459329e+03 8.533173e+03 8.452374e+03 8.540128e+03
8.458578e+03 8.533709e+03 8.444485e+03 8.547802e+03
8.520572e+03 8.534245e+03 8.441303e+03 8.613514e+03
8.371084e+03 8.534781e+03 8.440989e+03 8.464876e+03
8.400118e+03 8.535316e+03 8.456180e+03 8.479255e+03
8.555285e+03 8.535850e+03 8.527204e+03 8.563931e+03
8.540523e+03 8.536383e+03 8.607549e+03 8.469358e+03
8.588782e+03 8.536914e+03 8.657322e+03 8.468375e+03
8.616671e+03 8.537444e+03 8.675903e+03 8.478211e+03
8.651397e+03 8.537971e+03 8.677778e+03 8.511590e+03
8.631996e+03 8.538495e+03 8.672050e+03 8.498441e+03
8.676908e+03 8.539017e+03 8.664636e+03 8.551289e+03
8.714203e+03 8.539536e+03 8.658196e+03 8.595543e+03
8.697070e+03 8.540051e+03 8.653979e+03 8.583142e+03
8.688424e+03 8.540562e+03 8.651572e+03 8.577414e+03
8.585005e+03 8.541070e+03 8.650359e+03 8.475716e+03
8.621856e+03 8.541573e+03 8.649857e+03 8.513572e+03
8.577406e+03 8.542071e+03 8.649678e+03 8.469799e+03
8.574323e+03 8.542565e+03 8.649649e+03 8.467239e+03
8.656754e+03 8.543056e+03 8.649682e+03 8.550128e+03
8.653776e+03 8.543542e+03 8.648374e+03 8.548944e+03
8.638012e+03 8.544024e+03 8.612613e+03 8.569422e+03
8.597929e+03 8.544500e+03 8.529714e+03 8.612715e+03
8.556114e+03 8.544971e+03 8.461745e+03 8.639340e+03
8.505008e+03 8.545436e+03 8.429347e+03 8.621097e+03
8.529712e+03 8.545895e+03 8.461694e+03 8.613913e+03
8.614007e+03 8.546349e+03 8.552976e+03 8.607380e+03
8.609467e+03 8.546796e+03 8.634739e+03 8.521523e+03
8.609163e+03 8.547237e+03 8.677644e+03 8.478756e+03
8.601638e+03 8.547671e+03 8.693376e+03 8.455933e+03
8.632257e+03 8.548098e+03 8.694126e+03 8.486229e+03
8.665581e+03 8.548518e+03 8.688456e+03 8.525644e+03
8.758738e+03 8.548931e+03 8.681504e+03 8.626165e+03
8.711172e+03 8.549337e+03 8.676157e+03 8.584352e+03
8.715989e+03 8.549735e+03 8.672802e+03 8.592922e+03
8.686826e+03 8.550126e+03 8.671020e+03 8.565932e+03
8.661901e+03 8.550509e+03 8.670300e+03 8.542111e+03
8.647336e+03 8.550885e+03 8.670105e+03 8.528115e+03
8.658390e+03 8.551252e+03 8.670174e+03 8.539468e+03
8.625186e+03 8.551611e+03 8.670366e+03 8.506431e+03
8.622540e+03 8.551962e+03 8.670623e+03 8.503880e+03
8.602464e+03 8.552305e+03 8.660216e+03 8.494553e+03
8.686801e+03 8.552640e+03 8.591241e+03 8.648200e+03
8.262960e+03 8.552966e+03 8.503123e+03 8.312803e+03
8.395603e+03 8.553284e+03 8.446235e+03 8.502652e+03
8.504782e+03 8.553594e+03 8.422723e+03 8.635653e+03
8.576776e+03 8.553895e+03 8.424831e+03 8.705840e+03
8.576832e+03 8.554188e+03 8.460386e+03 8.670635e+03
8.606288e+03 8.554472e+03 8.504698e+03 8.656062e+03
8.635179e+03 8.554748e+03 8.534862e+03 8.655065e+03
8.595495e+03 8.555015e+03 8.549573e+03 8.600937e+03
8.589942e+03 8.555274e+03 8.554028e+03 8.591188e+03
8.620744e+03 8.555525e+03 8.553565e+03 8.622704e+03
8.586695e+03 8.555767e+03 8.551424e+03 8.591038e+03
8.676589e+03 8.556000e+03 8.549361e+03 8.683229e+03
8.444326e+03 8.556225e+03 8.548015e+03 8.452536e+03
8.375874e+03 8.556442e+03 8.547507e+03 8.384809e+03
8.566214e+03 8.556651e+03 8.547550e+03 8.575315e+03
8.551460e+03 8.556851e+03 8.547941e+03 8.560371e+03
8.615468e+03 8.557043e+03 8.548509e+03 8.624002e+03
8.606244e+03 8.557228e+03 8.549181e+03 8.614291e+03
8.615644e+03 8.557404e+03 8.549949e+03 8.623099e+03
8.580559e+03 8.557572e+03 8.550424e+03 8.587707e+03
8.567980e+03 8.557733e+03 8.537353e+03 8.588359e+03
8.476839e+03 8.557885e+03 8.503041e+03 8.531683e+03
8.313255e+03 8.558030e+03 8.471860e+03 8.399426e+03
8.269534e+03 8.558168e+03 8.456650e+03 8.371052e+03
8.456986e+03 8.558298e+03 8.452544e+03 8.562740e+03
8.499794e+03 8.558421e+03 8.454368e+03 8.603847e+03
8.523830e+03 8.558536e+03 8.458457e+03 8.623909e+03
