9.121671e+03 9.240492e+03 9.048598e+03 9.313565e+03
9.037957e+03 9.239563e+03 9.049508e+03 9.228011e+03
9.080992e+03 9.238654e+03 9.050697e+03 9.268950e+03
9.120239e+03 9.237767e+03 9.080323e+03 9.277683e+03
9.168960e+03 9.236900e+03 9.177892e+03 9.227968e+03
9.284439e+03 9.236055e+03 9.279170e+03 9.241324e+03
9.319344e+03 9.235230e+03 9.334765e+03 9.219809e+03
9.331903e+03 9.234427e+03 9.355077e+03 9.211253e+03
9.332050e+03 9.233645e+03 9.355712e+03 9.209984e+03
9.274474e+03 9.232884e+03 9.348459e+03 9.158900e+03
9.267062e+03 9.232145e+03 9.339533e+03 9.159674e+03
9.281141e+03 9.231427e+03 9.332692e+03 9.179876e+03
9.335589e+03 9.230730e+03 9.328437e+03 9.237883e+03
9.221098e+03 9.230055e+03 9.326571e+03 9.124582e+03
9.298636e+03 9.229401e+03 9.326141e+03 9.201896e+03
9.314044e+03 9.228768e+03 9.326483e+03 9.216329e+03
9.382205e+03 9.228156e+03 9.327215e+03 9.283147e+03
9.289712e+03 9.227566e+03 9.328104e+03 9.189174e+03
9.343147e+03 9.226997e+03 9.329058e+03 9.241086e+03
9.451334e+03 9.226449e+03 9.326096e+03 9.351686e+03
9.454629e+03 9.225922e+03 9.266693e+03 9.413858e+03
9.221180e+03 9.225416e+03 9.160381e+03 9.286215e+03
9.132457e+03 9.224931e+03 9.078089e+03 9.279299e+03
9.018977e+03 9.224466e+03 9.041446e+03 9.201997e+03
9.137899e+03 9.224023e+03 9.038270e+03 9.323652e+03
9.191749e+03 9.223600e+03 9.106923e+03 9.308425e+03
9.238601e+03 9.223197e+03 9.219626e+03 9.242172e+03
9.355314e+03 9.222815e+03 9.305943e+03 9.272185e+03
9.333938e+03 9.222454e+03 9.346795e+03 9.209597e+03
9.372255e+03 9.222123e+03 9.359395e+03 9.234983e+03
9.314862e+03 9.221821e+03 9.357540e+03 9.179142e+03
9.285433e+03 9.221543e+03 9.350451e+03 9.156525e+03
9.278489e+03 9.221285e+03 9.343083e+03 9.156691e+03
9.372391e+03 9.221044e+03 9.338034e+03 9.255401e+03
9.304417e+03 9.220820e+03 9.335308e+03 9.189929e+03
9.408439e+03 9.220611e+03 9.334268e+03 9.294781e+03
9.427044e+03 9.220417e+03 9.334302e+03 9.313159e+03
9.352178e+03 9.220240e+03 9.334840e+03 9.237578e+03
9.350510e+03 9.220077e+03 9.335616e+03 9.234972e+03
9.392983e+03 9.219931e+03 9.336481e+03 9.276433e+03
9.187906e+03 9.219799e+03 9.337285e+03 9.070419e+03
9.203905e+03 9.219682e+03 9.316631e+03 9.106956e+03
9.188500e+03 9.219580e+03 9.227376e+03 9.180704e+03
9.166601e+03 9.219491e+03 9.132262e+03 9.253830e+03
9.170131e+03 9.219417e+03 9.076762e+03 9.312786e+03
9.152782e+03 9.219434e+03 9.056475e+03 9.315741e+03
9.097098e+03 9.234728e+03 9.071673e+03 9.260153e+03
9.189366e+03 9.295811e+03 9.141251e+03 9.343926e+03
9.270287e+03 9.359532e+03 9.215078e+03 9.414741e+03
9.267951e+03 9.396523e+03 9.260601e+03 9.403873e+03
9.224124e+03 9.410270e+03 9.280413e+03 9.353981e+03
9.208867e+03 9.410741e+03 9.284578e+03 9.335031e+03
9.162043e+03 9.405604e+03 9.281696e+03 9.285951e+03
9.161568e+03 9.399467e+03 9.276959e+03 9.284076e+03
9.173440e+03 9.394414e+03 9.272907e+03 9.294947e+03
9.169163e+03 9.391009e+03 9.270320e+03 9.289853e+03
9.246000e+03 9.389175e+03 9.269214e+03 9.365961e+03
9.181893e+03 9.388287e+03 9.269011e+03 9.301169e+03
9.320099e+03 9.387957e+03 9.269333e+03 9.438723e+03
9.303090e+03 9.387883e+03 9.269888e+03 9.421084e+03
9.289002e+03 9.387924e+03 9.270538e+03 9.406389e+03
9.292918e+03 9.388018e+03 9.271218e+03 9.409718e+03
9.289417e+03 9.386174e+03 9.269940e+03 9.405650e+03
9.290200e+03 9.351827e+03 9.236139e+03 9.405888e+03
9.198035e+03 9.284055e+03 9.168892e+03 9.313198e+03
9.155719e+03 9.229019e+03 9.114360e+03 9.270378e+03
8.974965e+03 9.203407e+03 9.089232e+03 9.089140e+03
9.004645e+03 9.196568e+03 9.082858e+03 9.118355e+03
9.186632e+03 9.199283e+03 9.088991e+03 9.296924e+03
9.163092e+03 9.205351e+03 9.135727e+03 9.232717e+03
9.243333e+03 9.211562e+03 9.216150e+03 9.238746e+03
9.287783e+03 9.216130e+03 9.275331e+03 9.228581e+03
9.244580e+03 9.219084e+03 9.304272e+03 9.159392e+03
9.299963e+03 9.220709e+03 9.312231e+03 9.208440e+03
9.308134e+03 9.221585e+03 9.310309e+03 9.219410e+03
9.246966e+03 9.222079e+03 9.304635e+03 9.164410e+03
9.313350e+03 9.222389e+03 9.299126e+03 9.236613e+03
9.325855e+03 9.222629e+03 9.295063e+03 9.253421e+03
9.368176e+03 9.222842e+03 9.292823e+03 9.298195e+03
9.314287e+03 9.223046e+03 9.291830e+03 9.245502e+03
9.226930e+03 9.223245e+03 9.291564e+03 9.158612e+03
9.127699e+03 9.223445e+03 9.291688e+03 9.059456e+03
9.274849e+03 9.223644e+03 9.291967e+03 9.206526e+03
9.336631e+03 9.223843e+03 9.292304e+03 9.268170e+03
9.298875e+03 9.224041e+03 9.292629e+03 9.230287e+03
9.292131e+03 9.224237e+03 9.279615e+03 9.236753e+03
9.356664e+03 9.224431e+03 9.220035e+03 9.361060e+03
9.196703e+03 9.224623e+03 9.149837e+03 9.271489e+03
9.084950e+03 9.224812e+03 9.108890e+03 9.200872e+03
9.093919e+03 9.224997e+03 9.104310e+03 9.214606e+03
9.288428e+03 9.225179e+03 9.151354e+03 9.362254e+03
9.342040e+03 9.225358e+03 9.208987e+03 9.358411e+03
9.266127e+03 9.225531e+03 9.247502e+03 9.244157e+03
9.209639e+03 9.225701e+03 9.264603e+03 9.170737e+03
9.257525e+03 9.225864e+03 9.269240e+03 9.214150e+03
9.257520e+03 9.226023e+03 9.267540e+03 9.216002e+03
9.283658e+03 9.226175e+03 9.263757e+03 9.246075e+03
9.154260e+03 9.226321e+03 9.260111e+03 9.120469e+03
9.185974e+03 9.226460e+03 9.257651e+03 9.154784e+03
9.221374e+03 9.226592e+03 9.256248e+03 9.191718e+03
9.217612e+03 9.226717e+03 9.255559e+03 9.188770e+03
9.179913e+03 9.226834e+03 9.255295e+03 9.151452e+03
9.273978e+03 9.226942e+03 9.255213e+03 9.245708e+03
9.278549e+03 9.227042e+03 9.255207e+03 9.250384e+03
9.273956e+03 9.227133e+03 9.255220e+03 9.245869e+03
9.235863e+03 9.227215e+03 9.254013e+03 9.209064e+03
9.269287e+03 9.227287e+03 9.228084e+03 9.268489e+03
9.226045e+03 9.227349e+03 9.172099e+03 9.281294e+03
9.132715e+03 9.227400e+03 9.127640e+03 9.232475e+03
8.915577e+03 9.227441e+03 9.105739e+03 9.037278e+03
8.997355e+03 9.227471e+03 9.099450e+03 9.125376e+03
9.010510e+03 9.227489e+03 9.101756e+03 9.136243e+03
9.023717e+03 9.227496e+03 9.117708e+03 9.133504e+03
9.098675e+03 9.227490e+03 9.144306e+03 9.181860e+03
9.140040e+03 9.227472e+03 9.165290e+03 9.202222e+03
9.227409e+03 9.227442e+03 9.176090e+03 9.278760e+03
9.292689e+03 9.227398e+03 9.179400e+03 9.340687e+03
9.078159e+03 9.227341e+03 9.179014e+03 9.126485e+03
9.141625e+03 9.227270e+03 9.177187e+03 9.191708e+03
9.148683e+03 9.227185e+03 9.175198e+03 9.200671e+03
9.092007e+03 9.227086e+03 9.173581e+03 9.145512e+03
9.240213e+03 9.226972e+03 9.172508e+03 9.294677e+03
9.229793e+03 9.226844e+03 9.171812e+03 9.284824e+03
9.157151e+03 9.226700e+03 9.171360e+03 9.212491e+03
9.158077e+03 9.226540e+03 9.171022e+03 9.213596e+03
9.179411e+03 9.226365e+03 9.170730e+03 9.235046e+03
9.186101e+03 9.226174e+03 9.170453e+03 9.241822e+03
9.178381e+03 9.225967e+03 9.170173e+03 9.234175e+03
9.176969e+03 9.225743e+03 9.166823e+03 9.235889e+03
9.154566e+03 9.225502e+03 9.149448e+03 9.230620e+03
9.129743e+03 9.225244e+03 9.127116e+03 9.227871e+03
9.091755e+03 9.224969e+03 9.113258e+03 9.203466e+03
9.195356e+03 9.224676e+03 9.107425e+03 9.312607e+03
9.005751e+03 9.224366e+03 9.106472e+03 9.123644e+03
8.963669e+03 9.224037e+03 9.126124e+03 9.061582e+03
9.197434e+03 9.223690e+03 9.218332e+03 9.202792e+03
9.388610e+03 9.223324e+03 9.322548e+03 9.289386e+03
9.387074e+03 9.222940e+03 9.386988e+03 9.223027e+03
9.430984e+03 9.222537e+03 9.410844e+03 9.242678e+03
9.477110e+03 9.222115e+03 9.412948e+03 9.286277e+03
9.475263e+03 9.221673e+03 9.405144e+03 9.291793e+03
9.494062e+03 9.221212e+03 9.395127e+03 9.320148e+03
9.521521e+03 9.220732e+03 9.386360e+03 9.355893e+03
9.534140e+03 9.220231e+03 9.380468e+03 9.373903e+03
9.445258e+03 9.219710e+03 9.376920e+03 9.288049e+03
9.316096e+03 9.219170e+03 9.374915e+03 9.160351e+03
9.307610e+03 9.218608e+03 9.373830e+03 9.152389e+03
9.228214e+03 9.218027e+03 9.373160e+03 9.073081e+03
9.193804e+03 9.217425e+03 9.372682e+03 9.038546e+03
9.319508e+03 9.216801e+03 9.372280e+03 9.164029e+03
9.336110e+03 9.216156e+03 9.370135e+03 9.182131e+03
9.312108e+03 9.215490e+03 9.323305e+03 9.204293e+03
9.245402e+03 9.214802e+03 9.215336e+03 9.244868e+03
9.191376e+03 9.214093e+03 9.126727e+03 9.278742e+03
9.086960e+03 9.213361e+03 9.083969e+03 9.216352e+03
9.110185e+03 9.212608e+03 9.118587e+03 9.204206e+03
9.241813e+03 9.211833e+03 9.222129e+03 9.231517e+03
9.261590e+03 9.211036e+03 9.315640e+03 9.156987e+03
9.222094e+03 9.210217e+03 9.365055e+03 9.067256e+03
9.227891e+03 9.209376e+03 9.383347e+03 9.053920e+03
9.250265e+03 9.208512e+03 9.384313e+03 9.074464e+03
9.320024e+03 9.207626e+03 9.377716e+03 9.149934e+03
9.434770e+03 9.206718e+03 9.369510e+03 9.271978e+03
9.423997e+03 9.205787e+03 9.363039e+03 9.266745e+03
9.491263e+03 9.204834e+03 9.358790e+03 9.337307e+03
9.438297e+03 9.203858e+03 9.356309e+03 9.285846e+03
9.414760e+03 9.202860e+03 9.355027e+03 9.262593e+03
9.440825e+03 9.201840e+03 9.354338e+03 9.288327e+03
9.413560e+03 9.200797e+03 9.353947e+03 9.260411e+03
9.418390e+03 9.199732e+03 9.353694e+03 9.264428e+03
9.385111e+03 9.198644e+03 9.353518e+03 9.230238e+03
9.366170e+03 9.197534e+03 9.341239e+03 9.222466e+03
9.419831e+03 9.196402e+03 9.262479e+03 9.353754e+03
9.102153e+03 9.195248e+03 9.161990e+03 9.135411e+03
9.068801e+03 9.194071e+03 9.096950e+03 9.165922e+03
9.116359e+03 9.192879e+03 9.069797e+03 9.239441e+03
9.239008e+03 9.201165e+03 9.075431e+03 9.364742e+03
9.232276e+03 9.254638e+03 9.136664e+03 9.350250e+03
9.261610e+03 9.319950e+03 9.212465e+03 9.369095e+03
9.332559e+03 9.360681e+03 9.262627e+03 9.430613e+03
9.308084e+03 9.376480e+03 9.285530e+03 9.399034e+03
9.314123e+03 9.377209e+03 9.290923e+03 9.400409e+03
9.382481e+03 9.371282e+03 9.288144e+03 9.465619e+03
9.296208e+03 9.363721e+03 9.282832e+03 9.377098e+03
9.325545e+03 9.356960e+03 9.277928e+03 9.404576e+03
9.147900e+03 9.351781e+03 9.274465e+03 9.225216e+03
9.227337e+03 9.348225e+03 9.272594e+03 9.302967e+03
9.252357e+03 9.345670e+03 9.271747e+03 9.326281e+03
9.257366e+03 9.343711e+03 9.271536e+03 9.329541e+03
9.347501e+03 9.342015e+03 9.271636e+03 9.417880e+03
9.341403e+03 9.340422e+03 9.271903e+03 9.409923e+03
9.363352e+03 9.338862e+03 9.272299e+03 9.429915e+03
9.305665e+03 9.336600e+03 9.272097e+03 9.370167e+03
9.258507e+03 9.308994e+03 9.246641e+03 9.320860e+03
9.175050e+03 9.241754e+03 9.181622e+03 9.235182e+03
8.988047e+03 9.180249e+03 9.122402e+03 9.045895e+03
8.883144e+03 9.148384e+03 9.092878e+03 8.938649e+03
8.922179e+03 9.137104e+03 9.083998e+03 8.975286e+03
9.033947e+03 9.136776e+03 9.086126e+03 9.084596e+03
9.066117e+03 9.140578e+03 9.092446e+03 9.114249e+03
