1.044660e+04 1.043095e+04 1.020439e+04 1.067315e+04
1.004768e+04 1.043049e+04 1.020638e+04 1.027179e+04
1.012832e+04 1.043009e+04 1.020883e+04 1.034958e+04
1.006972e+04 1.042977e+04 1.025947e+04 1.024003e+04
1.033704e+04 1.042952e+04 1.042523e+04 1.034132e+04
1.073825e+04 1.042932e+04 1.059727e+04 1.057031e+04
1.070219e+04 1.042920e+04 1.069189e+04 1.043950e+04
1.063011e+04 1.042918e+04 1.072671e+04 1.033258e+04
1.037382e+04 1.042931e+04 1.072818e+04 1.007495e+04
1.043003e+04 1.042956e+04 1.071627e+04 1.014331e+04
1.069318e+04 1.042989e+04 1.070153e+04 1.042154e+04
1.066676e+04 1.043027e+04 1.069030e+04 1.040673e+04
1.082011e+04 1.043069e+04 1.068345e+04 1.056735e+04
1.036434e+04 1.043116e+04 1.068065e+04 1.011485e+04
1.081258e+04 1.043166e+04 1.068026e+04 1.056397e+04
1.076125e+04 1.043219e+04 1.068118e+04 1.051225e+04
1.096132e+04 1.043276e+04 1.068275e+04 1.071132e+04
1.082043e+04 1.043337e+04 1.068458e+04 1.056921e+04
1.076659e+04 1.043401e+04 1.068652e+04 1.051408e+04
1.102035e+04 1.043469e+04 1.068180e+04 1.077323e+04
1.081421e+04 1.043540e+04 1.058144e+04 1.066817e+04
1.046627e+04 1.043614e+04 1.040158e+04 1.050084e+04
1.041857e+04 1.043692e+04 1.026241e+04 1.059307e+04
1.019187e+04 1.043771e+04 1.020059e+04 1.042899e+04
1.041794e+04 1.044753e+04 1.019558e+04 1.066988e+04
1.048816e+04 1.055639e+04 1.031340e+04 1.073115e+04
1.063143e+04 1.073264e+04 1.050662e+04 1.085744e+04
1.053584e+04 1.086378e+04 1.065461e+04 1.074500e+04
1.067839e+04 1.092158e+04 1.072472e+04 1.087525e+04
1.087358e+04 1.093541e+04 1.074645e+04 1.106254e+04
1.061063e+04 1.092769e+04 1.074342e+04 1.079489e+04
1.051921e+04 1.091307e+04 1.073144e+04 1.070084e+04
1.070329e+04 1.089898e+04 1.071898e+04 1.088329e+04
1.080121e+04 1.088936e+04 1.071050e+04 1.098007e+04
1.063364e+04 1.088393e+04 1.070600e+04 1.081157e+04
1.106148e+04 1.088149e+04 1.070439e+04 1.123858e+04
1.084786e+04 1.088094e+04 1.070460e+04 1.102419e+04
1.088266e+04 1.088128e+04 1.070568e+04 1.105826e+04
1.072912e+04 1.088206e+04 1.070716e+04 1.090402e+04
1.073566e+04 1.088301e+04 1.070879e+04 1.090988e+04
1.052082e+04 1.088388e+04 1.071031e+04 1.069438e+04
1.028745e+04 1.084798e+04 1.067505e+04 1.046038e+04
1.044401e+04 1.069454e+04 1.052221e+04 1.061634e+04
1.043795e+04 1.053106e+04 1.035932e+04 1.060969e+04
1.054290e+04 1.043551e+04 1.026432e+04 1.071409e+04
1.024225e+04 1.040018e+04 1.022963e+04 1.041280e+04
1.048056e+04 1.039954e+04 1.024752e+04 1.063258e+04
1.031323e+04 1.041365e+04 1.033392e+04 1.039296e+04
1.061624e+04 1.043056e+04 1.042618e+04 1.062062e+04
1.044495e+04 1.044481e+04 1.048435e+04 1.040541e+04
1.030758e+04 1.045487e+04 1.051100e+04 1.025146e+04
1.011608e+04 1.046089e+04 1.051799e+04 1.005899e+04
1.010919e+04 1.046448e+04 1.051593e+04 1.005774e+04
1.028045e+04 1.046663e+04 1.051123e+04 1.023585e+04
1.035078e+04 1.046813e+04 1.050712e+04 1.031179e+04
1.023588e+04 1.046935e+04 1.050464e+04 1.020059e+04
1.033649e+04 1.047044e+04 1.050386e+04 1.030308e+04
1.037406e+04 1.047148e+04 1.050411e+04 1.034143e+04
1.064051e+04 1.047249e+04 1.050496e+04 1.060804e+04
1.084081e+04 1.047348e+04 1.050608e+04 1.080822e+04
1.083591e+04 1.047447e+04 1.050730e+04 1.080308e+04
1.068256e+04 1.047544e+04 1.050854e+04 1.064946e+04
1.063375e+04 1.047639e+04 1.050748e+04 1.060266e+04
1.062076e+04 1.047733e+04 1.046821e+04 1.062988e+04
1.029331e+04 1.047825e+04 1.038964e+04 1.038191e+04
1.008228e+04 1.047915e+04 1.032600e+04 1.023543e+04
1.015257e+04 1.048004e+04 1.029689e+04 1.033572e+04
1.007126e+04 1.048090e+04 1.028979e+04 1.026238e+04
1.024949e+04 1.048175e+04 1.029917e+04 1.043207e+04
1.039087e+04 1.048258e+04 1.037863e+04 1.049481e+04
1.059115e+04 1.048338e+04 1.051784e+04 1.055670e+04
1.067284e+04 1.048416e+04 1.062031e+04 1.053669e+04
1.041382e+04 1.048492e+04 1.067005e+04 1.022869e+04
1.066146e+04 1.048566e+04 1.068333e+04 1.046379e+04
1.078404e+04 1.048638e+04 1.067952e+04 1.059089e+04
1.070489e+04 1.048707e+04 1.066928e+04 1.052268e+04
1.067749e+04 1.048773e+04 1.065943e+04 1.050579e+04
1.068690e+04 1.048837e+04 1.065221e+04 1.052307e+04
1.087866e+04 1.048899e+04 1.064823e+04 1.071941e+04
1.067379e+04 1.048957e+04 1.064648e+04 1.051689e+04
1.050839e+04 1.049014e+04 1.064602e+04 1.035251e+04
1.035764e+04 1.049067e+04 1.064626e+04 1.020205e+04
1.054795e+04 1.049118e+04 1.064677e+04 1.039236e+04
1.067179e+04 1.049166e+04 1.064738e+04 1.051607e+04
1.056836e+04 1.049211e+04 1.064798e+04 1.041249e+04
1.068448e+04 1.049254e+04 1.062489e+04 1.055213e+04
1.070444e+04 1.049293e+04 1.051910e+04 1.067827e+04
1.070410e+04 1.049330e+04 1.039445e+04 1.080294e+04
1.039082e+04 1.049364e+04 1.032176e+04 1.056269e+04
1.032317e+04 1.049394e+04 1.031295e+04 1.050417e+04
1.075230e+04 1.049422e+04 1.039345e+04 1.085307e+04
1.086122e+04 1.049447e+04 1.049249e+04 1.086320e+04
1.046175e+04 1.049469e+04 1.055891e+04 1.039753e+04
1.038093e+04 1.049488e+04 1.058858e+04 1.028723e+04
1.055146e+04 1.049504e+04 1.059680e+04 1.044969e+04
1.047407e+04 1.049517e+04 1.059408e+04 1.037517e+04
1.062953e+04 1.049527e+04 1.058771e+04 1.053708e+04
1.036925e+04 1.049534e+04 1.058155e+04 1.028304e+04
1.052642e+04 1.049538e+04 1.057740e+04 1.044440e+04
1.046840e+04 1.049539e+04 1.057505e+04 1.038873e+04
1.050951e+04 1.049536e+04 1.057393e+04 1.043095e+04
1.051703e+04 1.049531e+04 1.057353e+04 1.043882e+04
1.059254e+04 1.049523e+04 1.057344e+04 1.051433e+04
1.071331e+04 1.049512e+04 1.057349e+04 1.063494e+04
1.062575e+04 1.049498e+04 1.057357e+04 1.054716e+04
1.063035e+04 1.049481e+04 1.057156e+04 1.055360e+04
1.055262e+04 1.049461e+04 1.052723e+04 1.052000e+04
1.054773e+04 1.049438e+04 1.043144e+04 1.061068e+04
1.016350e+04 1.049412e+04 1.035538e+04 1.030225e+04
9.977804e+03 1.049384e+04 1.031795e+04 1.015369e+04
1.008259e+04 1.049352e+04 1.030725e+04 1.026886e+04
1.014096e+04 1.049318e+04 1.031054e+04 1.032360e+04
1.026636e+04 1.049281e+04 1.032320e+04 1.043597e+04
1.032846e+04 1.049241e+04 1.034001e+04 1.048086e+04
1.025811e+04 1.049198e+04 1.035303e+04 1.039706e+04
1.066631e+04 1.049153e+04 1.036026e+04 1.079758e+04
1.046155e+04 1.049105e+04 1.036305e+04 1.058955e+04
1.001293e+04 1.049055e+04 1.036355e+04 1.013993e+04
1.009685e+04 1.049001e+04 1.036301e+04 1.022385e+04
1.011120e+04 1.048946e+04 1.036220e+04 1.023846e+04
1.026813e+04 1.048888e+04 1.036144e+04 1.039557e+04
1.048806e+04 1.048827e+04 1.036085e+04 1.061548e+04
1.037354e+04 1.048765e+04 1.036039e+04 1.050080e+04
1.042501e+04 1.048700e+04 1.036001e+04 1.055199e+04
1.021528e+04 1.048632e+04 1.035967e+04 1.034193e+04
1.038605e+04 1.048563e+04 1.035933e+04 1.051235e+04
1.041322e+04 1.048491e+04 1.035898e+04 1.053915e+04
1.058581e+04 1.048418e+04 1.035863e+04 1.071136e+04
1.053696e+04 1.048342e+04 1.035705e+04 1.066334e+04
1.058061e+04 1.048264e+04 1.034989e+04 1.071336e+04
1.050462e+04 1.048185e+04 1.034076e+04 1.064572e+04
1.043625e+04 1.048104e+04 1.033498e+04 1.058231e+04
1.049812e+04 1.048021e+04 1.033238e+04 1.064595e+04
1.012799e+04 1.047937e+04 1.033176e+04 1.027560e+04
9.963302e+03 1.047851e+04 1.036334e+04 1.007847e+04
1.048598e+04 1.047764e+04 1.051709e+04 1.044653e+04
1.076910e+04 1.047675e+04 1.069159e+04 1.055427e+04
1.058336e+04 1.047585e+04 1.079936e+04 1.025986e+04
1.084532e+04 1.047494e+04 1.083905e+04 1.048121e+04
1.089108e+04 1.047402e+04 1.084232e+04 1.052278e+04
1.085264e+04 1.047309e+04 1.082904e+04 1.049669e+04
1.102626e+04 1.047215e+04 1.081215e+04 1.068626e+04
1.090561e+04 1.047120e+04 1.079743e+04 1.057938e+04
1.090394e+04 1.047025e+04 1.078761e+04 1.058658e+04
1.087624e+04 1.046929e+04 1.078177e+04 1.056376e+04
1.059443e+04 1.046832e+04 1.077856e+04 1.028419e+04
1.067880e+04 1.046736e+04 1.077691e+04 1.036925e+04
1.066746e+04 1.046639e+04 1.077597e+04 1.035788e+04
1.074427e+04 1.046541e+04 1.077536e+04 1.043432e+04
1.071613e+04 1.046444e+04 1.077488e+04 1.040569e+04
1.069450e+04 1.046347e+04 1.077146e+04 1.038651e+04
1.067521e+04 1.046250e+04 1.069231e+04 1.044540e+04
1.039806e+04 1.046153e+04 1.050957e+04 1.035003e+04
1.053476e+04 1.046057e+04 1.035964e+04 1.063569e+04
1.041850e+04 1.046296e+04 1.028746e+04 1.059401e+04
1.033801e+04 1.054459e+04 1.034729e+04 1.053531e+04
1.061492e+04 1.071647e+04 1.052495e+04 1.080644e+04
1.083564e+04 1.086049e+04 1.068530e+04 1.101083e+04
1.069138e+04 1.092875e+04 1.077007e+04 1.085006e+04
1.067880e+04 1.094747e+04 1.080155e+04 1.082471e+04
1.075774e+04 1.094089e+04 1.080340e+04 1.089523e+04
1.062648e+04 1.092508e+04 1.079233e+04 1.075923e+04
1.089653e+04 1.090862e+04 1.077853e+04 1.102662e+04
1.069998e+04 1.089631e+04 1.076773e+04 1.082856e+04
1.065857e+04 1.088831e+04 1.076074e+04 1.078614e+04
1.097885e+04 1.088357e+04 1.075680e+04 1.110562e+04
1.074354e+04 1.088095e+04 1.075492e+04 1.086958e+04
1.080998e+04 1.087939e+04 1.075406e+04 1.093530e+04
1.076528e+04 1.087834e+04 1.075372e+04 1.088990e+04
1.067684e+04 1.087752e+04 1.075363e+04 1.080073e+04
1.080146e+04 1.087679e+04 1.075367e+04 1.092459e+04
1.073188e+04 1.085530e+04 1.073298e+04 1.085420e+04
1.081542e+04 1.071984e+04 1.059835e+04 1.093691e+04
1.047673e+04 1.054714e+04 1.042649e+04 1.059738e+04
1.023513e+04 1.043518e+04 1.031539e+04 1.035492e+04
1.037978e+04 1.038814e+04 1.026923e+04 1.049870e+04
1.032497e+04 1.038102e+04 1.027415e+04 1.043184e+04
1.066584e+04 1.039170e+04 1.034998e+04 1.070756e+04
1.034432e+04 1.040701e+04 1.044440e+04 1.030694e+04
1.051626e+04 1.042047e+04 1.050812e+04 1.042861e+04
1.045951e+04 1.042990e+04 1.053857e+04 1.035085e+04
1.048380e+04 1.043511e+04 1.054713e+04 1.037178e+04
1.072416e+04 1.043767e+04 1.054527e+04 1.061656e+04
1.058498e+04 1.043866e+04 1.053995e+04 1.048369e+04
1.061983e+04 1.043893e+04 1.053490e+04 1.052386e+04
1.023953e+04 1.043892e+04 1.053146e+04 1.014699e+04
1.052905e+04 1.043882e+04 1.052987e+04 1.043800e+04
1.076248e+04 1.043871e+04 1.052949e+04 1.067170e+04
1.050986e+04 1.043863e+04 1.052987e+04 1.041862e+04
1.087025e+04 1.043860e+04 1.053065e+04 1.077821e+04
1.075533e+04 1.043864e+04 1.053165e+04 1.066232e+04
1.065550e+04 1.043881e+04 1.053286e+04 1.056145e+04
1.054387e+04 1.043911e+04 1.053342e+04 1.044956e+04
1.054958e+04 1.043953e+04 1.050436e+04 1.048476e+04
1.058447e+04 1.044004e+04 1.042887e+04 1.059564e+04
1.009076e+04 1.044062e+04 1.036022e+04 1.017116e+04
9.953649e+03 1.044126e+04 1.032649e+04 1.006842e+04
1.015583e+04 1.044196e+04 1.031703e+04 1.028076e+04
1.014861e+04 1.044273e+04 1.032052e+04 1.027081e+04
1.022995e+04 1.044356e+04 1.032898e+04 1.034453e+04
