0.5 1.058664e+03 1.076584e+03 1.075452e+03 1.057532e+03
1.5 1.069570e+03 1.075263e+03 1.076039e+03 1.070346e+03
2.5 1.067630e+03 1.080161e+03 1.078277e+03 1.065746e+03
3.5 1.077456e+03 1.083114e+03 1.080564e+03 1.074905e+03
4.5 1.056668e+03 1.081968e+03 1.081876e+03 1.056576e+03
5.5 1.094862e+03 1.081943e+03 1.082356e+03 1.095274e+03
6.5 1.084095e+03 1.084618e+03 1.082364e+03 1.081841e+03
7.5 1.056370e+03 1.085310e+03 1.082173e+03 1.053233e+03
8.5 1.089532e+03 1.087616e+03 1.081950e+03 1.083866e+03
9.5 1.116651e+03 1.088241e+03 1.081767e+03 1.110177e+03
10.5 1.080247e+03 1.085243e+03 1.081643e+03 1.076647e+03
11.5 1.072632e+03 1.078089e+03 1.081576e+03 1.076119e+03
12.5 1.074935e+03 1.079899e+03 1.081543e+03 1.076579e+03
13.5 1.080398e+03 1.075820e+03 1.081529e+03 1.086107e+03
14.5 1.078391e+03 1.069431e+03 1.081524e+03 1.090484e+03
15.5 1.082799e+03 1.076043e+03 1.081524e+03 1.088280e+03
16.5 1.066432e+03 1.079824e+03 1.081525e+03 1.068133e+03
17.5 1.063859e+03 1.079266e+03 1.081447e+03 1.066040e+03
18.5 1.087808e+03 1.077723e+03 1.080157e+03 1.090242e+03
19.5 1.089448e+03 1.077750e+03 1.077695e+03 1.089393e+03
20.5 1.065657e+03 1.073787e+03 1.075726e+03 1.067597e+03
21.5 1.086546e+03 1.073451e+03 1.074819e+03 1.087914e+03
22.5 1.071339e+03 1.072626e+03 1.074581e+03 1.073294e+03
23.5 1.068287e+03 1.072279e+03 1.074682e+03 1.070690e+03
24.5 1.074453e+03 1.073300e+03 1.074900e+03 1.076053e+03
25.5 1.094025e+03 1.074337e+03 1.075121e+03 1.094809e+03
26.5 1.100125e+03 1.072259e+03 1.075282e+03 1.103149e+03
27.5 1.076076e+03 1.076460e+03 1.075385e+03 1.075000e+03
28.5 1.070306e+03 1.075321e+03 1.075440e+03 1.070425e+03
29.5 1.105518e+03 1.093489e+03 1.075469e+03 1.087498e+03
30.5 1.043655e+03 1.084477e+03 1.075483e+03 1.034662e+03
31.5 1.089602e+03 1.093061e+03 1.075492e+03 1.072033e+03
32.5 1.071223e+03 1.081180e+03 1.075497e+03 1.065541e+03
33.5 1.093541e+03 1.089582e+03 1.075502e+03 1.079462e+03
0.4 1.076476e+03 1.072060e+03 1.075213e+03 1.079628e+03
1.4 1.082272e+03 1.073249e+03 1.075629e+03 1.084652e+03
2.4 1.070380e+03 1.071370e+03 1.077640e+03 1.076649e+03
3.4 1.072107e+03 1.071661e+03 1.080062e+03 1.080508e+03
4.4 1.082833e+03 1.077738e+03 1.081493e+03 1.086588e+03
5.4 1.079480e+03 1.081367e+03 1.082047e+03 1.080160e+03
6.4 1.064908e+03 1.079849e+03 1.082084e+03 1.067144e+03
7.4 1.086731e+03 1.084286e+03 1.081903e+03 1.084348e+03
8.4 1.098660e+03 1.081869e+03 1.081663e+03 1.098454e+03
9.4 1.072908e+03 1.086632e+03 1.081461e+03 1.067737e+03
10.4 1.093171e+03 1.076952e+03 1.081319e+03 1.097538e+03
11.4 1.089322e+03 1.080434e+03 1.081235e+03 1.090123e+03
12.4 1.068637e+03 1.075789e+03 1.081187e+03 1.074035e+03
13.4 1.093492e+03 1.082561e+03 1.081160e+03 1.092091e+03
14.4 1.082744e+03 1.076600e+03 1.081143e+03 1.087287e+03
15.4 1.080865e+03 1.074645e+03 1.081131e+03 1.087351e+03
16.4 1.077070e+03 1.075980e+03 1.081121e+03 1.082211e+03
17.4 1.076224e+03 1.074245e+03 1.081076e+03 1.083055e+03
18.4 1.095935e+03 1.077200e+03 1.079990e+03 1.098725e+03
19.4 1.042254e+03 1.072304e+03 1.077563e+03 1.047513e+03
20.4 1.069960e+03 1.070456e+03 1.075458e+03 1.074962e+03
21.4 1.063343e+03 1.069023e+03 1.074428e+03 1.068748e+03
22.4 1.080005e+03 1.068730e+03 1.074118e+03 1.085393e+03
23.4 1.069357e+03 1.068704e+03 1.074180e+03 1.074832e+03
24.4 1.065381e+03 1.069229e+03 1.074382e+03 1.070534e+03
25.4 1.095949e+03 1.073175e+03 1.074598e+03 1.097372e+03
26.4 1.105607e+03 1.081605e+03 1.074758e+03 1.098760e+03
27.4 1.094739e+03 1.088458e+03 1.074857e+03 1.081138e+03
28.4 1.085775e+03 1.092752e+03 1.074911e+03 1.067934e+03
29.4 1.083778e+03 1.088956e+03 1.074934e+03 1.069757e+03
30.4 1.071404e+03 1.088959e+03 1.074943e+03 1.057388e+03
31.4 1.105459e+03 1.084682e+03 1.074946e+03 1.095723e+03
32.4 1.095075e+03 1.084579e+03 1.074946e+03 1.085441e+03
33.4 1.095812e+03 1.088401e+03 1.074945e+03 1.082356e+03
