0.7 9.748148e+03 9.775690e+03 9.790902e+03 9.763360e+03
1.7 9.779807e+03 9.775736e+03 9.790164e+03 9.794235e+03
2.7 9.822344e+03 9.797987e+03 9.788218e+03 9.812575e+03
3.7 9.814815e+03 9.785851e+03 9.786412e+03 9.815377e+03
4.7 9.791786e+03 9.766727e+03 9.785495e+03 9.810555e+03
5.7 9.782007e+03 9.784916e+03 9.785205e+03 9.782296e+03
6.7 9.786088e+03 9.783503e+03 9.785250e+03 9.787835e+03
7.7 9.724705e+03 9.785391e+03 9.785424e+03 9.724738e+03
8.7 9.766562e+03 9.787905e+03 9.785617e+03 9.764274e+03
9.7 9.784180e+03 9.786994e+03 9.785766e+03 9.782952e+03
10.7 9.791929e+03 9.778881e+03 9.785865e+03 9.798913e+03
11.7 9.807031e+03 9.816565e+03 9.785921e+03 9.776387e+03
12.7 9.793797e+03 9.790805e+03 9.785952e+03 9.788944e+03
13.7 9.810555e+03 9.801275e+03 9.785969e+03 9.795249e+03
14.7 9.779551e+03 9.780426e+03 9.785979e+03 9.785104e+03
15.7 9.792778e+03 9.787582e+03 9.785987e+03 9.791183e+03
16.7 9.759470e+03 9.767429e+03 9.785994e+03 9.778034e+03
17.7 9.745628e+03 9.764394e+03 9.786143e+03 9.767378e+03
18.7 9.819258e+03 9.797053e+03 9.787522e+03 9.809727e+03
19.7 9.793578e+03 9.798524e+03 9.789575e+03 9.784630e+03
20.7 9.792273e+03 9.803197e+03 9.791039e+03 9.780116e+03
21.7 9.770237e+03 9.802611e+03 9.791661e+03 9.759287e+03
22.7 9.738572e+03 9.784280e+03 9.791792e+03 9.746084e+03
23.7 9.792820e+03 9.804084e+03 9.791686e+03 9.780422e+03
24.7 9.780600e+03 9.805656e+03 9.791509e+03 9.766452e+03
25.7 9.853454e+03 9.803202e+03 9.791341e+03 9.841594e+03
26.7 9.806475e+03 9.786656e+03 9.791227e+03 9.811046e+03
27.7 9.795180e+03 9.784447e+03 9.791161e+03 9.801894e+03
28.7 9.773767e+03 9.789818e+03 9.791129e+03 9.775077e+03
29.7 9.758355e+03 9.791255e+03 9.791117e+03 9.758218e+03
30.7 9.773912e+03 9.790796e+03 9.791116e+03 9.774232e+03
31.7 9.822589e+03 9.802246e+03 9.791119e+03 9.811461e+03
32.7 9.792352e+03 9.796840e+03 9.791123e+03 9.786635e+03
33.7 9.790741e+03 9.813661e+03 9.791129e+03 9.768209e+03
1.0 9.761026e+03 9.800175e+03 9.791948e+03 9.752799e+03
2.0 9.803381e+03 9.787401e+03 9.790793e+03 9.806773e+03
3.0 9.770446e+03 9.777288e+03 9.788778e+03 9.781937e+03
4.0 9.768553e+03 9.770396e+03 9.787275e+03 9.785431e+03
5.0 9.777044e+03 9.764153e+03 9.786585e+03 9.799476e+03
6.0 9.780549e+03 9.776748e+03 9.786454e+03 9.790255e+03
7.0 9.800140e+03 9.775625e+03 9.786587e+03 9.811102e+03
8.0 9.812051e+03 9.786820e+03 9.786809e+03 9.812039e+03
9.0 9.759083e+03 9.785451e+03 9.787025e+03 9.760657e+03
10.0 9.740667e+03 9.771781e+03 9.787199e+03 9.756085e+03
11.0 9.759259e+03 9.777567e+03 9.787320e+03 9.769012e+03
12.0 9.821001e+03 9.815564e+03 9.787407e+03 9.792845e+03
13.0 9.822045e+03 9.809262e+03 9.787473e+03 9.800256e+03
14.0 9.804500e+03 9.812326e+03 9.787529e+03 9.779703e+03
15.0 9.789067e+03 9.786356e+03 9.787581e+03 9.790292e+03
16.0 9.813303e+03 9.795721e+03 9.787632e+03 9.805214e+03
17.0 9.826464e+03 9.790372e+03 9.787685e+03 9.823776e+03
18.0 9.785751e+03 9.803414e+03 9.788116e+03 9.770453e+03
19.0 9.758685e+03 9.751132e+03 9.789872e+03 9.797425e+03
20.0 9.802391e+03 9.795954e+03 9.791930e+03 9.798367e+03
