0.6 1.100991e+03 1.083127e+03 1.083026e+03 1.100890e+03
1.6 1.076014e+03 1.082305e+03 1.081511e+03 1.075221e+03
2.6 1.087031e+03 1.078711e+03 1.076748e+03 1.085068e+03
3.6 1.077583e+03 1.075729e+03 1.071806e+03 1.073661e+03
4.6 1.071760e+03 1.068097e+03 1.069050e+03 1.072714e+03
5.6 1.072731e+03 1.073262e+03 1.067985e+03 1.067454e+03
6.6 1.045880e+03 1.064556e+03 1.067865e+03 1.049189e+03
7.6 1.062459e+03 1.071079e+03 1.068127e+03 1.059506e+03
8.6 1.083095e+03 1.071390e+03 1.068471e+03 1.080176e+03
9.6 1.076372e+03 1.072109e+03 1.068719e+03 1.072982e+03
10.6 1.072163e+03 1.073284e+03 1.068845e+03 1.067723e+03
11.6 1.070100e+03 1.068557e+03 1.068858e+03 1.070401e+03
12.6 1.073960e+03 1.071589e+03 1.068805e+03 1.071176e+03
13.6 1.078760e+03 1.066170e+03 1.068716e+03 1.081306e+03
14.6 1.064837e+03 1.064055e+03 1.068611e+03 1.069394e+03
15.6 1.055544e+03 1.064361e+03 1.068500e+03 1.059683e+03
16.6 1.051283e+03 1.066708e+03 1.068388e+03 1.052963e+03
17.6 1.080746e+03 1.062272e+03 1.068464e+03 1.086938e+03
18.6 1.065288e+03 1.065181e+03 1.071241e+03 1.071349e+03
19.6 1.080283e+03 1.071122e+03 1.076263e+03 1.085424e+03
20.6 1.058889e+03 1.077205e+03 1.080138e+03 1.061822e+03
21.6 1.065745e+03 1.078959e+03 1.081832e+03 1.068617e+03
22.6 1.058097e+03 1.080597e+03 1.082178e+03 1.059678e+03
23.6 1.099064e+03 1.078946e+03 1.081854e+03 1.101972e+03
24.6 1.118060e+03 1.083479e+03 1.081305e+03 1.115885e+03
25.6 1.088248e+03 1.086039e+03 1.080760e+03 1.082969e+03
26.6 1.103590e+03 1.086136e+03 1.080343e+03 1.097798e+03
27.6 1.075401e+03 1.079960e+03 1.080053e+03 1.075494e+03
28.6 1.075016e+03 1.085748e+03 1.079853e+03 1.069122e+03
29.6 1.080482e+03 1.079674e+03 1.079713e+03 1.080521e+03
30.6 1.087358e+03 1.079978e+03 1.079602e+03 1.086983e+03
31.6 1.078140e+03 1.076850e+03 1.079505e+03 1.080795e+03
32.6 1.071539e+03 1.078625e+03 1.079416e+03 1.072330e+03
33.6 1.090528e+03 1.076989e+03 1.079329e+03 1.092868e+03
