0.1 9.732682e+03 9.749624e+03 9.757450e+03 9.740508e+03
1.1 9.738567e+03 9.757763e+03 9.757743e+03 9.738548e+03
2.1 9.778845e+03 9.778346e+03 9.760783e+03 9.761282e+03
3.1 9.744946e+03 9.774194e+03 9.765632e+03 9.736384e+03
4.1 9.764447e+03 9.771064e+03 9.769181e+03 9.762564e+03
5.1 9.757851e+03 9.772318e+03 9.770708e+03 9.756241e+03
6.1 9.761969e+03 9.758865e+03 9.771034e+03 9.774138e+03
7.1 9.777414e+03 9.772852e+03 9.770777e+03 9.775339e+03
8.1 9.759569e+03 9.764459e+03 9.770336e+03 9.765446e+03
9.1 9.807172e+03 9.777114e+03 9.769913e+03 9.799971e+03
10.1 9.783574e+03 9.773464e+03 9.769615e+03 9.779725e+03
11.1 9.781555e+03 9.771939e+03 9.769430e+03 9.779046e+03
12.1 9.796413e+03 9.772977e+03 9.769334e+03 9.792770e+03
13.1 9.752715e+03 9.772952e+03 9.769286e+03 9.749049e+03
14.1 9.766675e+03 9.771533e+03 9.769264e+03 9.764406e+03
15.1 9.759355e+03 9.763683e+03 9.769254e+03 9.764926e+03
16.1 9.778869e+03 9.769229e+03 9.769250e+03 9.778890e+03
17.1 9.743184e+03 9.763748e+03 9.769242e+03 9.748678e+03
18.1 9.774211e+03 9.765269e+03 9.768152e+03 9.777094e+03
19.1 9.726275e+03 9.772494e+03 9.763811e+03 9.717593e+03
20.1 9.736193e+03 9.755407e+03 9.759284e+03 9.740071e+03
21.1 9.826958e+03 9.766131e+03 9.756618e+03 9.817445e+03
22.1 9.766466e+03 9.768180e+03 9.755687e+03 9.753973e+03
23.1 9.730653e+03 9.732479e+03 9.755660e+03 9.753835e+03
24.1 9.749884e+03 9.730127e+03 9.756034e+03 9.775790e+03
25.1 9.781889e+03 9.752672e+03 9.756480e+03 9.785697e+03
26.1 9.717993e+03 9.764563e+03 9.756860e+03 9.710291e+03
27.1 9.775739e+03 9.759639e+03 9.757109e+03 9.773209e+03
28.1 9.767123e+03 9.777179e+03 9.757256e+03 9.747200e+03
29.1 9.744254e+03 9.770157e+03 9.757338e+03 9.731435e+03
30.1 9.807717e+03 9.789960e+03 9.757383e+03 9.775139e+03
31.1 9.764239e+03 9.753724e+03 9.757411e+03 9.767927e+03
32.1 9.725062e+03 9.768057e+03 9.757433e+03 9.714439e+03
33.1 9.778813e+03 9.750246e+03 9.757453e+03 9.786021e+03
