0.9 6.711305e+03 6.705953e+03 6.674599e+03 6.679951e+03
1.9 6.713499e+03 6.690585e+03 6.673750e+03 6.696664e+03
2.9 6.692935e+03 6.692951e+03 6.671921e+03 6.671905e+03
3.9 6.659039e+03 6.663547e+03 6.670469e+03 6.665961e+03
4.9 6.641042e+03 6.641330e+03 6.669741e+03 6.669453e+03
5.9 6.647150e+03 6.635403e+03 6.669544e+03 6.681291e+03
6.9 6.660233e+03 6.671285e+03 6.669598e+03 6.658547e+03
7.9 6.625226e+03 6.631697e+03 6.669751e+03 6.663281e+03
8.9 6.694023e+03 6.669161e+03 6.669903e+03 6.694765e+03
9.9 6.656119e+03 6.665783e+03 6.670018e+03 6.660353e+03
10.9 6.658175e+03 6.684721e+03 6.670086e+03 6.643540e+03
11.9 6.690602e+03 6.672060e+03 6.670120e+03 6.688662e+03
12.9 6.722624e+03 6.681469e+03 6.670133e+03 6.711288e+03
13.9 6.739527e+03 6.668276e+03 6.670136e+03 6.741388e+03
14.9 6.687104e+03 6.664701e+03 6.670134e+03 6.692537e+03
15.9 6.660885e+03 6.634858e+03 6.670129e+03 6.696156e+03
16.9 6.602939e+03 6.631851e+03 6.670124e+03 6.641213e+03
17.9 6.652257e+03 6.635702e+03 6.670351e+03 6.686906e+03
18.9 6.625657e+03 6.658836e+03 6.671716e+03 6.638538e+03
19.9 6.616578e+03 6.681036e+03 6.673522e+03 6.609064e+03
20.9 6.753391e+03 6.675008e+03 6.674644e+03 6.753027e+03
21.9 6.639182e+03 6.680528e+03 6.675098e+03 6.633752e+03
22.9 6.646780e+03 6.671638e+03 6.675159e+03 6.650301e+03
23.9 6.631236e+03 6.683022e+03 6.675039e+03 6.623253e+03
24.9 6.670257e+03 6.677804e+03 6.674866e+03 6.667319e+03
25.9 6.661986e+03 6.680844e+03 6.674718e+03 6.655860e+03
26.9 6.679101e+03 6.672335e+03 6.674614e+03 6.681380e+03
27.9 6.630021e+03 6.669920e+03 6.674550e+03 6.634651e+03
28.9 6.740525e+03 6.680677e+03 6.674516e+03 6.734364e+03
29.9 6.650417e+03 6.684615e+03 6.674497e+03 6.640300e+03
30.9 6.648152e+03 6.694809e+03 6.674487e+03 6.627830e+03
31.9 6.686121e+03 6.698077e+03 6.674479e+03 6.662523e+03
32.9 6.714169e+03 6.687305e+03 6.674474e+03 6.701338e+03
33.9 6.656590e+03 6.660815e+03 6.674469e+03 6.670244e+03
0.4 6.658162e+03 6.683181e+03 6.674315e+03 6.649296e+03
1.4 6.648937e+03 6.668731e+03 6.674021e+03 6.654228e+03
2.4 6.638375e+03 6.680665e+03 6.672568e+03 6.630278e+03
3.4 6.699914e+03 6.695997e+03 6.670780e+03 6.674697e+03
4.4 6.680116e+03 6.666200e+03 6.669706e+03 6.683622e+03
5.4 6.612446e+03 6.660449e+03 6.669282e+03 6.621280e+03
6.4 6.626053e+03 6.675847e+03 6.669232e+03 6.619438e+03
7.4 6.705356e+03 6.679459e+03 6.669350e+03 6.695247e+03
8.4 6.666645e+03 6.677572e+03 6.669514e+03 6.658587e+03
9.4 6.746440e+03 6.706315e+03 6.669650e+03 6.709775e+03
10.4 6.648799e+03 6.691754e+03 6.669741e+03 6.626786e+03
11.4 6.737937e+03 6.732516e+03 6.669793e+03 6.675214e+03
12.4 6.723181e+03 6.697949e+03 6.669816e+03 6.695048e+03
13.4 6.703821e+03 6.722513e+03 6.669824e+03 6.651132e+03
14.4 6.710091e+03 6.681425e+03 6.669824e+03 6.698490e+03
15.4 6.685064e+03 6.657946e+03 6.669821e+03 6.696939e+03
16.4 6.585671e+03 6.656998e+03 6.669816e+03 6.598489e+03
17.4 6.638467e+03 6.631996e+03 6.669833e+03 6.676304e+03
18.4 6.673642e+03 6.670328e+03 6.670580e+03 6.673894e+03
19.4 6.651966e+03 6.666543e+03 6.672329e+03 6.657752e+03
20.4 6.639807e+03 6.678351e+03 6.673841e+03 6.635297e+03
21.4 6.648675e+03 6.671116e+03 6.674625e+03 6.652185e+03
22.4 6.635750e+03 6.679327e+03 6.674849e+03 6.631273e+03
23.4 6.670897e+03 6.673779e+03 6.674797e+03 6.671915e+03
24.4 6.684902e+03 6.663625e+03 6.674639e+03 6.695915e+03
25.4 6.685439e+03 6.665730e+03 6.674473e+03 6.694182e+03
26.4 6.652344e+03 6.660794e+03 6.674340e+03 6.665890e+03
27.4 6.632847e+03 6.659973e+03 6.674256e+03 6.647129e+03
28.4 6.652251e+03 6.629248e+03 6.674205e+03 6.697208e+03
29.4 6.694718e+03 6.660648e+03 6.674176e+03 6.708247e+03
30.4 6.648171e+03 6.645132e+03 6.674159e+03 6.677198e+03
31.4 6.648034e+03 6.669479e+03 6.674147e+03 6.652701e+03
32.4 6.715293e+03 6.663373e+03 6.674137e+03 6.726056e+03
33.4 6.627260e+03 6.661126e+03 6.674127e+03 6.640261e+03
