0.9 1.194131e+04 1.195323e+04 1.207582e+04 1.206390e+04
1.9 1.208703e+04 1.203991e+04 1.207598e+04 1.212310e+04
2.9 1.213341e+04 1.209319e+04 1.207632e+04 1.211654e+04
3.9 1.205242e+04 1.202288e+04 1.207660e+04 1.210614e+04
4.9 1.200645e+04 1.200083e+04 1.207673e+04 1.208235e+04
5.9 1.200072e+04 1.199918e+04 1.207677e+04 1.207831e+04
6.9 1.206516e+04 1.205624e+04 1.207676e+04 1.208569e+04
7.9 1.199700e+04 1.199274e+04 1.207673e+04 1.208099e+04
8.9 1.207537e+04 1.205319e+04 1.207670e+04 1.209888e+04
9.9 1.202163e+04 1.204723e+04 1.207668e+04 1.205108e+04
10.9 1.208173e+04 1.208103e+04 1.207667e+04 1.207737e+04
11.9 1.205189e+04 1.205887e+04 1.207666e+04 1.206968e+04
12.9 1.205367e+04 1.207647e+04 1.207666e+04 1.205387e+04
13.9 1.203843e+04 1.205307e+04 1.207666e+04 1.206202e+04
14.9 1.200920e+04 1.204714e+04 1.207666e+04 1.203872e+04
15.9 1.196068e+04 1.199335e+04 1.207666e+04 1.204400e+04
16.9 1.199937e+04 1.198844e+04 1.207666e+04 1.208760e+04
17.9 1.196345e+04 1.198961e+04 1.207662e+04 1.205046e+04
18.9 1.201745e+04 1.200202e+04 1.207636e+04 1.209180e+04
19.9 1.208816e+04 1.208667e+04 1.207602e+04 1.207751e+04
20.9 1.210238e+04 1.212298e+04 1.207581e+04 1.205522e+04
21.9 1.206475e+04 1.207988e+04 1.207573e+04 1.206061e+04
22.9 1.212702e+04 1.212373e+04 1.207572e+04 1.207900e+04
23.9 1.207426e+04 1.205630e+04 1.207574e+04 1.209370e+04
24.9 1.210523e+04 1.211753e+04 1.207577e+04 1.206347e+04
25.9 1.210334e+04 1.211500e+04 1.207580e+04 1.206414e+04
26.9 1.206378e+04 1.208327e+04 1.207582e+04 1.205633e+04
27.9 1.209496e+04 1.207899e+04 1.207583e+04 1.209181e+04
28.9 1.212142e+04 1.210856e+04 1.207584e+04 1.208869e+04
29.9 1.211289e+04 1.212026e+04 1.207584e+04 1.206848e+04
30.9 1.215940e+04 1.215132e+04 1.207584e+04 1.208393e+04
31.9 1.218045e+04 1.216382e+04 1.207584e+04 1.209247e+04
32.9 1.211200e+04 1.213275e+04 1.207585e+04 1.205509e+04
33.9 1.204783e+04 1.205027e+04 1.207585e+04 1.207340e+04
0.4 1.198870e+04 1.202562e+04 1.207588e+04 1.203896e+04
1.4 1.213794e+04 1.213561e+04 1.207593e+04 1.207827e+04
2.4 1.215248e+04 1.214857e+04 1.207620e+04 1.208012e+04
3.4 1.209607e+04 1.214174e+04 1.207654e+04 1.203087e+04
4.4 1.207909e+04 1.207024e+04 1.207674e+04 1.208558e+04
5.4 1.207121e+04 1.206289e+04 1.207682e+04 1.208514e+04
6.4 1.211562e+04 1.208654e+04 1.207683e+04 1.210590e+04
7.4 1.209213e+04 1.209213e+04 1.207681e+04 1.207680e+04
8.4 1.212210e+04 1.208925e+04 1.207678e+04 1.210963e+04
9.4 1.214152e+04 1.213864e+04 1.207675e+04 1.207962e+04
10.4 1.211118e+04 1.211443e+04 1.207673e+04 1.207348e+04
11.4 1.219575e+04 1.218806e+04 1.207672e+04 1.208441e+04
12.4 1.210924e+04 1.212631e+04 1.207672e+04 1.205965e+04
13.4 1.216839e+04 1.217109e+04 1.207672e+04 1.207402e+04
14.4 1.209775e+04 1.209638e+04 1.207672e+04 1.207809e+04
15.4 1.202655e+04 1.205358e+04 1.207672e+04 1.204969e+04
16.4 1.205870e+04 1.205181e+04 1.207672e+04 1.208361e+04
17.4 1.201934e+04 1.200566e+04 1.207672e+04 1.209040e+04
18.4 1.204482e+04 1.207299e+04 1.207658e+04 1.204840e+04
19.4 1.204667e+04 1.202367e+04 1.207625e+04 1.209924e+04
20.4 1.205444e+04 1.204657e+04 1.207596e+04 1.208384e+04
21.4 1.208550e+04 1.211329e+04 1.207582e+04 1.204802e+04
22.4 1.208389e+04 1.206818e+04 1.207578e+04 1.209148e+04
23.4 1.210225e+04 1.209385e+04 1.207579e+04 1.208418e+04
24.4 1.215503e+04 1.216120e+04 1.207581e+04 1.206965e+04
25.4 1.213960e+04 1.213813e+04 1.207585e+04 1.207732e+04
26.4 1.207825e+04 1.210916e+04 1.207587e+04 1.204496e+04
27.4 1.211035e+04 1.210996e+04 1.207589e+04 1.207628e+04
28.4 1.200036e+04 1.199645e+04 1.207590e+04 1.207981e+04
29.4 1.212495e+04 1.211177e+04 1.207590e+04 1.208908e+04
30.4 1.206139e+04 1.204909e+04 1.207590e+04 1.208820e+04
31.4 1.214114e+04 1.214542e+04 1.207591e+04 1.207162e+04
32.4 1.211229e+04 1.211945e+04 1.207591e+04 1.206875e+04
33.4 1.210338e+04 1.210914e+04 1.207591e+04 1.207014e+04
