0.9 9.567836e+03 9.542158e+03 9.556151e+03 9.581829e+03
1.9 9.553229e+03 9.555751e+03 9.556777e+03 9.554255e+03
2.9 9.578401e+03 9.565599e+03 9.558126e+03 9.570928e+03
3.9 9.561376e+03 9.553338e+03 9.559197e+03 9.567235e+03
4.9 9.557611e+03 9.548679e+03 9.559733e+03 9.568666e+03
5.9 9.546710e+03 9.547967e+03 9.559879e+03 9.558622e+03
6.9 9.531318e+03 9.559077e+03 9.559839e+03 9.532080e+03
7.9 9.530706e+03 9.546275e+03 9.559726e+03 9.544157e+03
8.9 9.562652e+03 9.558011e+03 9.559614e+03 9.564256e+03
9.9 9.559009e+03 9.556690e+03 9.559529e+03 9.561848e+03
10.9 9.564754e+03 9.563116e+03 9.559479e+03 9.561117e+03
11.9 9.569657e+03 9.558720e+03 9.559454e+03 9.570392e+03
12.9 9.578217e+03 9.562026e+03 9.559444e+03 9.575635e+03
13.9 9.579153e+03 9.557428e+03 9.559442e+03 9.581168e+03
14.9 9.597905e+03 9.556205e+03 9.559444e+03 9.601145e+03
15.9 9.527239e+03 9.545751e+03 9.559447e+03 9.540935e+03
16.9 9.530991e+03 9.544729e+03 9.559451e+03 9.545713e+03
17.9 9.549686e+03 9.544928e+03 9.559284e+03 9.564041e+03
18.9 9.529857e+03 9.547264e+03 9.558277e+03 9.540870e+03
19.9 9.554931e+03 9.560578e+03 9.556946e+03 9.551298e+03
20.9 9.597286e+03 9.564983e+03 9.556118e+03 9.588422e+03
21.9 9.598332e+03 9.558145e+03 9.555783e+03 9.595971e+03
22.9 9.567485e+03 9.564378e+03 9.555739e+03 9.558846e+03
23.9 9.530516e+03 9.554809e+03 9.555827e+03 9.531534e+03
24.9 9.555962e+03 9.566112e+03 9.555954e+03 9.545804e+03
25.9 9.563355e+03 9.567674e+03 9.556063e+03 9.551745e+03
26.9 9.584019e+03 9.562067e+03 9.556140e+03 9.578092e+03
27.9 9.561363e+03 9.561348e+03 9.556187e+03 9.556202e+03
28.9 9.549353e+03 9.567761e+03 9.556213e+03 9.537805e+03
29.9 9.580302e+03 9.570095e+03 9.556226e+03 9.566433e+03
30.9 9.575966e+03 9.576492e+03 9.556234e+03 9.555708e+03
31.9 9.559443e+03 9.578864e+03 9.556240e+03 9.536819e+03
32.9 9.594346e+03 9.572076e+03 9.556244e+03 9.578513e+03
33.9 9.571372e+03 9.554591e+03 9.556247e+03 9.573028e+03
0.4 9.556572e+03 9.546843e+03 9.556361e+03 9.566090e+03
1.4 9.549544e+03 9.561870e+03 9.556578e+03 9.544251e+03
2.4 9.564777e+03 9.566137e+03 9.557649e+03 9.556290e+03
3.4 9.567208e+03 9.567983e+03 9.558967e+03 9.558192e+03
4.4 9.560584e+03 9.556234e+03 9.559759e+03 9.564109e+03
5.4 9.558514e+03 9.555100e+03 9.560072e+03 9.563485e+03
6.4 9.520692e+03 9.559842e+03 9.560108e+03 9.520959e+03
7.4 9.556804e+03 9.560851e+03 9.560022e+03 9.555974e+03
8.4 9.521907e+03 9.560123e+03 9.559901e+03 9.521685e+03
9.4 9.583756e+03 9.569614e+03 9.559801e+03 9.573942e+03
10.4 9.592486e+03 9.564753e+03 9.559734e+03 9.587467e+03
11.4 9.582498e+03 9.578900e+03 9.559695e+03 9.563293e+03
12.4 9.594796e+03 9.566885e+03 9.559678e+03 9.587589e+03
13.4 9.546668e+03 9.575475e+03 9.559673e+03 9.530865e+03
14.4 9.571168e+03 9.561016e+03 9.559672e+03 9.569824e+03
15.4 9.568868e+03 9.552721e+03 9.559675e+03 9.575822e+03
16.4 9.527875e+03 9.552344e+03 9.559678e+03 9.535209e+03
17.4 9.538073e+03 9.543409e+03 9.559666e+03 9.554330e+03
18.4 9.555538e+03 9.555869e+03 9.559115e+03 9.558784e+03
19.4 9.540415e+03 9.546467e+03 9.557825e+03 9.551773e+03
20.4 9.526411e+03 9.549626e+03 9.556711e+03 9.533496e+03
21.4 9.560152e+03 9.559021e+03 9.556132e+03 9.557264e+03
22.4 9.554194e+03 9.552233e+03 9.555967e+03 9.557928e+03
23.4 9.558685e+03 9.556009e+03 9.556006e+03 9.558681e+03
24.4 9.555460e+03 9.561910e+03 9.556122e+03 9.549671e+03
25.4 9.564601e+03 9.556355e+03 9.556244e+03 9.564490e+03
26.4 9.526737e+03 9.556214e+03 9.556342e+03 9.526866e+03
27.4 9.539272e+03 9.555675e+03 9.556405e+03 9.540002e+03
28.4 9.580848e+03 9.571973e+03 9.556442e+03 9.565317e+03
29.4 9.531069e+03 9.555369e+03 9.556463e+03 9.532163e+03
30.4 9.561931e+03 9.563582e+03 9.556476e+03 9.554824e+03
31.4 9.573037e+03 9.551590e+03 9.556485e+03 9.577932e+03
32.4 9.579372e+03 9.554812e+03 9.556492e+03 9.581052e+03
33.4 9.578842e+03 9.555992e+03 9.556500e+03 9.579350e+03
