0.1 1.471090e+03 1.363967e+03 1.328205e+03 1.435328e+03
1.1 1.475829e+03 1.313258e+03 1.328704e+03 1.491276e+03
2.1 1.369993e+03 1.341606e+03 1.333590e+03 1.361977e+03
3.1 1.418618e+03 1.348946e+03 1.340882e+03 1.410553e+03
4.1 1.405848e+03 1.349018e+03 1.346074e+03 1.402904e+03
5.1 1.376813e+03 1.347621e+03 1.348265e+03 1.377457e+03
6.1 1.380499e+03 1.372600e+03 1.348708e+03 1.356606e+03
7.1 1.380267e+03 1.359715e+03 1.348306e+03 1.368858e+03
8.1 1.392077e+03 1.369480e+03 1.347651e+03 1.370248e+03
9.1 1.312228e+03 1.354378e+03 1.347034e+03 1.304884e+03
10.1 1.443598e+03 1.362919e+03 1.346608e+03 1.427287e+03
11.1 1.406842e+03 1.351337e+03 1.346355e+03 1.401860e+03
12.1 1.434910e+03 1.348995e+03 1.346223e+03 1.432138e+03
13.1 1.357169e+03 1.349795e+03 1.346166e+03 1.353541e+03
14.1 1.313599e+03 1.341754e+03 1.346146e+03 1.317991e+03
15.1 1.249039e+03 1.343952e+03 1.346143e+03 1.251231e+03
16.1 1.276768e+03 1.350396e+03 1.346148e+03 1.272521e+03
17.1 1.290709e+03 1.346900e+03 1.346142e+03 1.289952e+03
18.1 1.246055e+03 1.355004e+03 1.344306e+03 1.235357e+03
19.1 1.275172e+03 1.338960e+03 1.337621e+03 1.273834e+03
20.1 1.433796e+03 1.348611e+03 1.330928e+03 1.416114e+03
21.1 1.377894e+03 1.369247e+03 1.327138e+03 1.335785e+03
22.1 1.411775e+03 1.350395e+03 1.325780e+03 1.387160e+03
23.1 1.375783e+03 1.443778e+03 1.325792e+03 1.257797e+03
24.1 1.405911e+03 1.377520e+03 1.326376e+03 1.354767e+03
25.1 1.389444e+03 1.369796e+03 1.327052e+03 1.346699e+03
26.1 1.328336e+03 1.315359e+03 1.327608e+03 1.340586e+03
27.1 1.358145e+03 1.330706e+03 1.327990e+03 1.355429e+03
28.1 1.342419e+03 1.349348e+03 1.328208e+03 1.321279e+03
29.1 1.304717e+03 1.328880e+03 1.328330e+03 1.304167e+03
30.1 1.329484e+03 1.330589e+03 1.328396e+03 1.327291e+03
31.1 1.290183e+03 1.329191e+03 1.328438e+03 1.289430e+03
32.1 1.349431e+03 1.327057e+03 1.328470e+03 1.350844e+03
33.1 1.337385e+03 1.328505e+03 1.328498e+03 1.337378e+03
