0.9 9.717125e+03 9.714694e+03 9.755673e+03 9.758104e+03
1.9 9.728649e+03 9.743189e+03 9.758614e+03 9.744074e+03
2.9 9.750131e+03 9.766068e+03 9.764945e+03 9.749008e+03
3.9 9.787421e+03 9.749005e+03 9.769975e+03 9.808391e+03
4.9 9.734223e+03 9.744384e+03 9.772492e+03 9.762331e+03
5.9 9.790844e+03 9.744656e+03 9.773177e+03 9.819365e+03
6.9 9.755533e+03 9.763486e+03 9.772988e+03 9.765035e+03
7.9 9.736571e+03 9.742172e+03 9.772458e+03 9.766857e+03
8.9 9.784627e+03 9.761660e+03 9.771934e+03 9.794901e+03
9.9 9.791859e+03 9.759375e+03 9.771535e+03 9.804018e+03
10.9 9.826637e+03 9.770262e+03 9.771301e+03 9.827675e+03
11.9 9.797812e+03 9.762928e+03 9.771183e+03 9.806067e+03
12.9 9.731896e+03 9.768668e+03 9.771136e+03 9.734363e+03
13.9 9.747859e+03 9.761035e+03 9.771127e+03 9.757951e+03
14.9 9.746247e+03 9.759129e+03 9.771134e+03 9.758252e+03
15.9 9.713616e+03 9.741577e+03 9.771150e+03 9.743189e+03
16.9 9.703245e+03 9.740012e+03 9.771167e+03 9.734400e+03
17.9 9.726763e+03 9.739762e+03 9.770382e+03 9.757382e+03
18.9 9.760191e+03 9.739748e+03 9.765654e+03 9.786097e+03
19.9 9.740636e+03 9.760369e+03 9.759403e+03 9.739670e+03
20.9 9.743756e+03 9.767463e+03 9.755517e+03 9.731810e+03
21.9 9.775646e+03 9.752893e+03 9.753945e+03 9.776698e+03
22.9 9.801930e+03 9.765852e+03 9.753735e+03 9.789814e+03
23.9 9.732790e+03 9.745721e+03 9.754151e+03 9.741220e+03
24.9 9.767493e+03 9.764236e+03 9.754748e+03 9.758005e+03
25.9 9.744106e+03 9.763272e+03 9.755261e+03 9.736095e+03
26.9 9.769127e+03 9.752706e+03 9.755621e+03 9.772042e+03
27.9 9.727718e+03 9.751275e+03 9.755843e+03 9.732286e+03
28.9 9.781365e+03 9.761298e+03 9.755962e+03 9.776029e+03
29.9 9.753414e+03 9.765343e+03 9.756027e+03 9.744097e+03
30.9 9.792120e+03 9.775794e+03 9.756063e+03 9.772389e+03
31.9 9.777035e+03 9.780001e+03 9.756088e+03 9.753122e+03
32.9 9.802249e+03 9.769732e+03 9.756107e+03 9.788624e+03
33.9 9.757037e+03 9.742449e+03 9.756125e+03 9.770713e+03
0.4 9.672183e+03 9.739167e+03 9.756658e+03 9.689673e+03
1.4 9.782921e+03 9.771230e+03 9.757675e+03 9.769366e+03
2.4 9.792824e+03 9.780943e+03 9.762706e+03 9.774587e+03
3.4 9.765635e+03 9.786159e+03 9.768896e+03 9.748372e+03
4.4 9.749093e+03 9.767545e+03 9.772615e+03 9.754163e+03
5.4 9.780211e+03 9.766596e+03 9.774082e+03 9.787697e+03
6.4 9.766203e+03 9.774574e+03 9.774255e+03 9.765883e+03
7.4 9.742328e+03 9.776025e+03 9.773846e+03 9.740149e+03
8.4 9.795871e+03 9.774510e+03 9.773280e+03 9.794641e+03
9.4 9.802948e+03 9.790246e+03 9.772810e+03 9.785512e+03
10.4 9.782480e+03 9.781960e+03 9.772495e+03 9.773015e+03
11.4 9.842412e+03 9.805866e+03 9.772315e+03 9.808862e+03
12.4 9.759019e+03 9.785557e+03 9.772235e+03 9.745697e+03
13.4 9.801747e+03 9.800163e+03 9.772208e+03 9.773792e+03
14.4 9.720796e+03 9.775716e+03 9.772207e+03 9.717286e+03
15.4 9.773433e+03 9.761720e+03 9.772218e+03 9.783931e+03
16.4 9.760775e+03 9.761148e+03 9.772234e+03 9.771861e+03
17.4 9.740179e+03 9.746003e+03 9.772176e+03 9.766352e+03
18.4 9.739582e+03 9.765492e+03 9.769588e+03 9.743678e+03
19.4 9.762391e+03 9.744186e+03 9.763534e+03 9.781738e+03
20.4 9.766930e+03 9.746436e+03 9.758300e+03 9.778794e+03
21.4 9.778447e+03 9.763955e+03 9.755583e+03 9.770076e+03
22.4 9.732682e+03 9.749624e+03 9.754808e+03 9.737866e+03
23.4 9.738567e+03 9.757763e+03 9.754990e+03 9.735794e+03
24.4 9.778845e+03 9.778346e+03 9.755536e+03 9.756035e+03
25.4 9.744946e+03 9.774194e+03 9.756111e+03 9.726863e+03
26.4 9.764447e+03 9.771064e+03 9.756570e+03 9.749953e+03
27.4 9.757851e+03 9.772318e+03 9.756863e+03 9.742396e+03
28.4 9.761969e+03 9.758865e+03 9.757039e+03 9.760143e+03
29.4 9.777414e+03 9.772852e+03 9.757137e+03 9.761699e+03
30.4 9.759569e+03 9.764459e+03 9.757197e+03 9.752307e+03
31.4 9.807172e+03 9.777114e+03 9.757239e+03 9.787298e+03
32.4 9.783574e+03 9.773464e+03 9.757275e+03 9.767385e+03
33.4 9.781555e+03 9.771939e+03 9.757309e+03 9.766925e+03
