0.4 1.002903e+04 1.005750e+04 9.990596e+03 9.962132e+03
1.4 1.007340e+04 1.003855e+04 1.001298e+04 1.004784e+04
2.4 1.007191e+04 1.003982e+04 1.006718e+04 1.009927e+04
3.4 1.005970e+04 1.000454e+04 1.006415e+04 1.011931e+04
4.4 9.995959e+03 9.955143e+03 1.002932e+04 1.007014e+04
5.4 9.961931e+03 9.925041e+03 1.000292e+04 1.003981e+04
6.4 9.955347e+03 9.930611e+03 9.988688e+03 1.001342e+04
7.4 1.001206e+04 1.000939e+04 9.982980e+03 9.985649e+03
8.4 1.010917e+04 1.003309e+04 9.982005e+03 1.005809e+04
9.4 9.926785e+03 9.993495e+03 9.983431e+03 9.916722e+03
10.4 9.921020e+03 9.989677e+03 9.985398e+03 9.916741e+03
11.4 9.890580e+03 9.984856e+03 9.987034e+03 9.892758e+03
12.4 9.788000e+03 9.954694e+03 9.988023e+03 9.821329e+03
13.4 9.787991e+03 9.931427e+03 9.988535e+03 9.845099e+03
14.4 9.849673e+03 9.974751e+03 9.988763e+03 9.863684e+03
15.4 9.996844e+03 1.002356e+04 9.988842e+03 9.962123e+03
16.4 9.997438e+03 1.001398e+04 1.000498e+04 9.988442e+03
17.4 1.001246e+04 1.002803e+04 1.006146e+04 1.004589e+04
0.2 9.996844e+03 1.002356e+04 9.988842e+03 9.962123e+03
1.2 9.997438e+03 1.001398e+04 1.000498e+04 9.988442e+03
2.2 1.001246e+04 1.002803e+04 1.006146e+04 1.004589e+04
3.2 9.978104e+03 1.000580e+04 1.006624e+04 1.003855e+04
4.2 1.000910e+04 9.973424e+03 1.003252e+04 1.006819e+04
5.2 1.004672e+04 1.001418e+04 1.000462e+04 1.003716e+04
6.2 1.004990e+04 1.002523e+04 9.989183e+03 1.001385e+04
7.2 1.001369e+04 1.002542e+04 9.982828e+03 9.971096e+03
8.2 1.005446e+04 1.003519e+04 9.981548e+03 1.000082e+04
9.2 1.007718e+04 1.003408e+04 9.982928e+03 1.002602e+04
10.2 1.006973e+04 1.006841e+04 9.985022e+03 9.986339e+03
11.2 1.008703e+04 1.003708e+04 9.986844e+03 1.003680e+04
12.2 9.996989e+03 9.992477e+03 9.988015e+03 9.992527e+03
13.2 9.993546e+03 1.000233e+04 9.988683e+03 9.979898e+03
14.2 9.951922e+03 9.981095e+03 9.989043e+03 9.959869e+03
15.2 9.976786e+03 9.957891e+03 9.989233e+03 1.000813e+04
16.2 9.971289e+03 1.001287e+04 9.989352e+03 9.947773e+03
17.2 1.004802e+04 1.002545e+04 9.989443e+03 1.001201e+04
0.1 9.894036e+03 9.980347e+03 9.989526e+03 9.903216e+03
1.1 1.000091e+04 9.949457e+03 1.000130e+04 1.005275e+04
2.1 1.000924e+04 9.984373e+03 1.005796e+04 1.008283e+04
3.1 9.953467e+03 9.986793e+03 1.006881e+04 1.003548e+04
4.1 9.834913e+03 9.954066e+03 1.003694e+04 9.917786e+03
5.1 1.000172e+04 9.937720e+03 1.000784e+04 1.007184e+04
6.1 1.006700e+04 9.999244e+03 9.991329e+03 1.005909e+04
7.1 1.007635e+04 1.003349e+04 9.984357e+03 1.002722e+04
8.1 1.009029e+04 1.003551e+04 9.982743e+03 1.003753e+04
9.1 1.005848e+04 1.004368e+04 9.983993e+03 9.998791e+03
10.1 9.989266e+03 1.002936e+04 9.986114e+03 9.946015e+03
11.1 1.005678e+04 1.005484e+04 9.988032e+03 9.989967e+03
12.1 9.967944e+03 1.002533e+04 9.989296e+03 9.931906e+03
13.1 9.905257e+03 9.972941e+03 9.990041e+03 9.922357e+03
14.1 9.992331e+03 9.974154e+03 9.990429e+03 1.000861e+04
15.1 1.002555e+04 9.971553e+03 9.990637e+03 1.004463e+04
16.1 1.001278e+04 1.000226e+04 9.990763e+03 1.000129e+04
17.1 1.010461e+04 1.001427e+04 9.990852e+03 1.008119e+04
0.7 1.001020e+04 1.001894e+04 9.992673e+03 9.983931e+03
1.7 9.963600e+03 1.001427e+04 1.003423e+04 9.983556e+03
2.7 1.006120e+04 1.001796e+04 1.007474e+04 1.011798e+04
3.7 9.986962e+03 9.980010e+03 1.005478e+04 1.006173e+04
4.7 9.992514e+03 9.974857e+03 1.002125e+04 1.003891e+04
5.7 9.978936e+03 1.001271e+04 9.999386e+03 9.965613e+03
6.7 9.936640e+03 9.999107e+03 9.988481e+03 9.926014e+03
7.7 9.983043e+03 9.994119e+03 9.984757e+03 9.973681e+03
8.7 9.965190e+03 9.980509e+03 9.984953e+03 9.969634e+03
9.7 9.955375e+03 9.955129e+03 9.986832e+03 9.987078e+03
10.7 1.003606e+04 9.993956e+03 9.988866e+03 1.003097e+04
11.7 1.006300e+04 1.003008e+04 9.990411e+03 1.002334e+04
12.7 1.006785e+04 1.002152e+04 9.991318e+03 1.003765e+04
13.7 1.002104e+04 1.002928e+04 9.991805e+03 9.983562e+03
14.7 1.002665e+04 9.996591e+03 9.992039e+03 1.002210e+04
15.7 1.008691e+04 9.975319e+03 9.992157e+03 1.010375e+04
16.7 1.004218e+04 1.001365e+04 9.992228e+03 1.002076e+04
17.7 9.952846e+03 1.000451e+04 9.992280e+03 9.940615e+03
0.6 1.006855e+04 1.002705e+04 9.993531e+03 1.003503e+04
1.6 1.006798e+04 1.001816e+04 1.002934e+04 1.007916e+04
2.6 1.006063e+04 1.002440e+04 1.007526e+04 1.011148e+04
3.6 9.996347e+03 9.987628e+03 1.005976e+04 1.006848e+04
4.6 9.932140e+03 9.945800e+03 1.002584e+04 1.001218e+04
5.6 9.893971e+03 9.922134e+03 1.000270e+04 9.974539e+03
6.6 1.003057e+04 9.945640e+03 9.990945e+03 1.007588e+04
7.6 1.001714e+04 9.989168e+03 9.986760e+03 1.001473e+04
8.6 1.005712e+04 9.986170e+03 9.986738e+03 1.005768e+04
9.6 1.001685e+04 1.001121e+04 9.988595e+03 9.994239e+03
10.6 1.006463e+04 1.000899e+04 9.990719e+03 1.004636e+04
11.6 9.972547e+03 9.969119e+03 9.992400e+03 9.995828e+03
12.6 9.964808e+03 9.939982e+03 9.993446e+03 1.001827e+04
13.6 1.003365e+04 9.977912e+03 9.994057e+03 1.004979e+04
14.6 1.003153e+04 1.000886e+04 9.994390e+03 1.001706e+04
15.6 9.989173e+03 1.000535e+04 9.994591e+03 9.978417e+03
16.6 1.003313e+04 1.003180e+04 9.994736e+03 9.996066e+03
17.6 9.996777e+03 1.000778e+04 9.994856e+03 9.983855e+03
0.5 9.975074e+03 9.970564e+03 9.985483e+03 9.989993e+03
1.5 1.002465e+04 9.960222e+03 1.001156e+04 1.007599e+04
2.5 9.978694e+03 9.995040e+03 1.006356e+04 1.004722e+04
