0.6 1.126906e+04 1.121468e+04 1.119708e+04 1.125146e+04
1.6 1.125213e+04 1.119945e+04 1.119358e+04 1.124626e+04
2.6 1.120994e+04 1.118547e+04 1.118965e+04 1.121412e+04
3.6 1.123776e+04 1.119105e+04 1.119129e+04 1.123800e+04
4.6 1.120769e+04 1.121049e+04 1.119439e+04 1.119159e+04
5.6 1.125192e+04 1.121164e+04 1.119649e+04 1.123678e+04
6.6 1.110638e+04 1.119683e+04 1.119751e+04 1.110706e+04
7.6 1.117225e+04 1.117591e+04 1.119789e+04 1.119422e+04
8.6 1.116667e+04 1.117146e+04 1.119790e+04 1.119311e+04
9.6 1.123037e+04 1.117547e+04 1.119774e+04 1.125265e+04
10.6 1.113983e+04 1.117239e+04 1.119756e+04 1.116501e+04
11.6 1.117847e+04 1.117361e+04 1.119744e+04 1.120230e+04
12.6 1.119606e+04 1.118052e+04 1.119736e+04 1.121291e+04
13.6 1.118282e+04 1.119089e+04 1.119733e+04 1.118926e+04
14.6 1.122951e+04 1.121568e+04 1.119732e+04 1.121115e+04
15.6 1.130818e+04 1.122084e+04 1.119732e+04 1.128466e+04
16.6 1.117900e+04 1.120843e+04 1.119732e+04 1.116789e+04
17.6 1.119335e+04 1.119895e+04 1.119733e+04 1.119172e+04
0.6 1.127286e+04 1.121388e+04 1.119730e+04 1.125629e+04
1.6 1.120333e+04 1.120086e+04 1.119405e+04 1.119652e+04
2.6 1.119958e+04 1.118644e+04 1.118987e+04 1.120301e+04
3.6 1.122427e+04 1.117882e+04 1.119122e+04 1.123666e+04
4.6 1.119067e+04 1.117094e+04 1.119440e+04 1.121414e+04
5.6 1.115874e+04 1.117255e+04 1.119652e+04 1.118271e+04
6.6 1.114736e+04 1.118142e+04 1.119760e+04 1.116354e+04
7.6 1.111904e+04 1.119711e+04 1.119800e+04 1.111993e+04
8.6 1.119538e+04 1.120531e+04 1.119801e+04 1.118808e+04
9.6 1.121899e+04 1.123064e+04 1.119785e+04 1.118620e+04
10.6 1.127598e+04 1.124147e+04 1.119767e+04 1.123217e+04
11.6 1.131628e+04 1.121508e+04 1.119752e+04 1.129872e+04
12.6 1.120633e+04 1.117938e+04 1.119744e+04 1.122440e+04
13.6 1.125543e+04 1.116894e+04 1.119740e+04 1.128389e+04
14.6 1.110366e+04 1.117346e+04 1.119738e+04 1.112758e+04
15.6 1.115399e+04 1.118800e+04 1.119737e+04 1.116336e+04
16.6 1.127633e+04 1.122756e+04 1.119736e+04 1.124613e+04
17.6 1.129756e+04 1.123629e+04 1.119736e+04 1.125863e+04
0.4 1.120791e+04 1.120294e+04 1.119734e+04 1.120231e+04
1.4 1.120601e+04 1.119182e+04 1.119515e+04 1.120935e+04
2.4 1.120095e+04 1.118120e+04 1.119019e+04 1.120994e+04
3.4 1.113110e+04 1.117943e+04 1.119071e+04 1.114239e+04
4.4 1.113756e+04 1.117990e+04 1.119388e+04 1.115154e+04
5.4 1.121472e+04 1.117438e+04 1.119621e+04 1.123655e+04
6.4 1.121746e+04 1.117531e+04 1.119743e+04 1.123958e+04
7.4 1.120548e+04 1.119751e+04 1.119792e+04 1.120590e+04
8.4 1.126287e+04 1.121812e+04 1.119798e+04 1.124273e+04
9.4 1.129570e+04 1.121325e+04 1.119783e+04 1.128028e+04
10.4 1.118152e+04 1.121884e+04 1.119764e+04 1.116032e+04
11.4 1.129012e+04 1.124095e+04 1.119749e+04 1.124665e+04
12.4 1.117570e+04 1.123132e+04 1.119738e+04 1.114176e+04
13.4 1.115785e+04 1.120849e+04 1.119733e+04 1.114669e+04
14.4 1.123076e+04 1.119258e+04 1.119730e+04 1.123548e+04
15.4 1.111798e+04 1.118685e+04 1.119728e+04 1.112841e+04
16.4 1.117911e+04 1.119863e+04 1.119727e+04 1.117776e+04
17.4 1.121505e+04 1.120945e+04 1.119727e+04 1.120286e+04
0.4 1.124976e+04 1.120085e+04 1.119722e+04 1.124613e+04
1.4 1.118493e+04 1.119228e+04 1.119516e+04 1.118781e+04
2.4 1.120343e+04 1.118352e+04 1.119019e+04 1.121010e+04
3.4 1.110702e+04 1.118656e+04 1.119051e+04 1.111097e+04
4.4 1.123196e+04 1.120349e+04 1.119360e+04 1.122207e+04
5.4 1.118592e+04 1.120746e+04 1.119603e+04 1.117449e+04
6.4 1.114946e+04 1.120068e+04 1.119727e+04 1.114604e+04
7.4 1.124366e+04 1.119044e+04 1.119777e+04 1.125099e+04
8.4 1.118254e+04 1.117392e+04 1.119784e+04 1.120646e+04
9.4 1.115011e+04 1.117192e+04 1.119770e+04 1.117589e+04
10.4 1.118342e+04 1.117761e+04 1.119750e+04 1.120331e+04
11.4 1.120163e+04 1.117592e+04 1.119734e+04 1.122305e+04
12.4 1.117489e+04 1.117753e+04 1.119724e+04 1.119460e+04
13.4 1.116561e+04 1.119788e+04 1.119718e+04 1.116492e+04
14.4 1.117431e+04 1.122071e+04 1.119715e+04 1.115075e+04
15.4 1.117293e+04 1.121715e+04 1.119714e+04 1.115292e+04
16.4 1.121454e+04 1.120472e+04 1.119713e+04 1.120695e+04
17.4 1.118262e+04 1.119578e+04 1.119712e+04 1.118396e+04
0.1 1.123303e+04 1.122169e+04 1.119702e+04 1.120835e+04
1.1 1.124676e+04 1.121439e+04 1.119612e+04 1.122849e+04
2.1 1.125995e+04 1.119630e+04 1.119100e+04 1.125465e+04
3.1 1.121996e+04 1.118823e+04 1.118970e+04 1.122143e+04
4.1 1.129868e+04 1.121456e+04 1.119254e+04 1.127666e+04
5.1 1.126705e+04 1.123257e+04 1.119525e+04 1.122973e+04
6.1 1.122270e+04 1.121299e+04 1.119681e+04 1.120652e+04
7.1 1.116551e+04 1.118029e+04 1.119748e+04 1.118270e+04
8.1 1.116851e+04 1.116882e+04 1.119765e+04 1.119734e+04
9.1 1.116467e+04 1.116402e+04 1.119755e+04 1.119819e+04
10.1 1.123929e+04 1.116640e+04 1.119736e+04 1.127026e+04
11.1 1.117105e+04 1.117698e+04 1.119718e+04 1.119125e+04
12.1 1.126402e+04 1.119474e+04 1.119707e+04 1.126635e+04
13.1 1.126337e+04 1.120419e+04 1.119700e+04 1.125619e+04
14.1 1.119246e+04 1.120092e+04 1.119697e+04 1.118850e+04
15.1 1.115516e+04 1.119532e+04 1.119695e+04 1.115679e+04
16.1 1.107070e+04 1.119230e+04 1.119694e+04 1.107534e+04
17.1 1.115185e+04 1.121445e+04 1.119693e+04 1.113434e+04
0.1 1.127379e+04 1.120297e+04 1.119715e+04 1.126796e+04
1.1 1.097054e+04 1.120424e+04 1.119627e+04 1.096258e+04
2.1 1.104075e+04 1.119116e+04 1.119117e+04 1.104076e+04
3.1 1.114878e+04 1.118527e+04 1.118985e+04 1.115336e+04
4.1 1.117126e+04 1.121287e+04 1.119275e+04 1.115114e+04
5.1 1.122739e+04 1.123160e+04 1.119548e+04 1.119127e+04
6.1 1.121892e+04 1.121780e+04 1.119706e+04 1.119818e+04
7.1 1.122668e+04 1.119936e+04 1.119775e+04 1.122507e+04
8.1 1.123049e+04 1.118789e+04 1.119794e+04 1.124054e+04
9.1 1.130460e+04 1.117865e+04 1.119786e+04 1.132380e+04
10.1 1.113984e+04 1.116886e+04 1.119768e+04 1.116866e+04
11.1 1.120797e+04 1.117011e+04 1.119752e+04 1.123539e+04
12.1 1.120755e+04 1.117690e+04 1.119742e+04 1.122808e+04
13.1 1.123911e+04 1.119282e+04 1.119737e+04 1.124366e+04
14.1 1.122193e+04 1.121651e+04 1.119735e+04 1.120277e+04
