0.3 8.007529e+03 8.044804e+03 8.028545e+03 7.991269e+03
1.3 7.960426e+03 7.995259e+03 7.989554e+03 7.954721e+03
2.3 7.886006e+03 7.857917e+03 7.862067e+03 7.890156e+03
3.3 7.773224e+03 7.851589e+03 7.857866e+03 7.779502e+03
4.3 7.908693e+03 7.938426e+03 7.931383e+03 7.901651e+03
5.3 7.939759e+03 8.007572e+03 7.993235e+03 7.925422e+03
6.3 8.099210e+03 8.033648e+03 8.025212e+03 8.090774e+03
7.3 8.065863e+03 8.018298e+03 8.016905e+03 8.064470e+03
8.3 8.010549e+03 7.891826e+03 7.894115e+03 8.012838e+03
9.3 7.922279e+03 7.854014e+03 7.857999e+03 7.926265e+03
10.3 7.875405e+03 7.913261e+03 7.922987e+03 7.885131e+03
11.3 7.805607e+03 7.971166e+03 7.984716e+03 7.819158e+03
12.3 7.970775e+03 7.998817e+03 8.019720e+03 7.991678e+03
13.3 7.860420e+03 7.991493e+03 8.034196e+03 7.903124e+03
14.3 7.987924e+03 7.999388e+03 8.037154e+03 8.025690e+03
15.3 8.002729e+03 8.015260e+03 8.033853e+03 8.021321e+03
16.3 8.126281e+03 8.023972e+03 8.028623e+03 8.130931e+03
17.3 7.893245e+03 8.024975e+03 8.023835e+03 7.892105e+03
0.1 8.099210e+03 8.033648e+03 8.025212e+03 8.090774e+03
1.1 8.065863e+03 8.018298e+03 8.016905e+03 8.064470e+03
2.1 8.010549e+03 7.891826e+03 7.894115e+03 8.012838e+03
3.1 7.922279e+03 7.854014e+03 7.857999e+03 7.926265e+03
4.1 7.875405e+03 7.913261e+03 7.922987e+03 7.885131e+03
5.1 7.805607e+03 7.971166e+03 7.984716e+03 7.819158e+03
6.1 7.970775e+03 7.998817e+03 8.019720e+03 7.991678e+03
7.1 7.860420e+03 7.991493e+03 8.034196e+03 7.903124e+03
8.1 7.987924e+03 7.999388e+03 8.037154e+03 8.025690e+03
9.1 8.002729e+03 8.015260e+03 8.033853e+03 8.021321e+03
10.1 8.126281e+03 8.023972e+03 8.028623e+03 8.130931e+03
11.1 7.893245e+03 8.024975e+03 8.023835e+03 7.892105e+03
12.1 7.965803e+03 8.017640e+03 8.020520e+03 7.968684e+03
13.1 8.099462e+03 8.014175e+03 8.018428e+03 8.103715e+03
14.1 8.097869e+03 8.014582e+03 8.017112e+03 8.100399e+03
15.1 7.890875e+03 7.999414e+03 8.016246e+03 7.907707e+03
16.1 8.002195e+03 7.991573e+03 8.015585e+03 8.026207e+03
17.1 7.937458e+03 8.000699e+03 8.015025e+03 7.951784e+03
0.7 8.204034e+03 8.021283e+03 8.009565e+03 8.192317e+03
1.7 7.940894e+03 7.918099e+03 7.914855e+03 7.937650e+03
2.7 7.740716e+03 7.825515e+03 7.828009e+03 7.743209e+03
3.7 8.152340e+03 7.872496e+03 7.874978e+03 8.154823e+03
4.7 7.842312e+03 7.950955e+03 7.950837e+03 7.842193e+03
5.7 7.847710e+03 7.997881e+03 7.998096e+03 7.847925e+03
6.7 7.877709e+03 8.008162e+03 8.021104e+03 7.890651e+03
7.7 7.899899e+03 7.989672e+03 8.029263e+03 7.939491e+03
8.7 7.890499e+03 7.991489e+03 8.028696e+03 7.927706e+03
9.7 8.271292e+03 8.002020e+03 8.024434e+03 8.293706e+03
10.7 7.928900e+03 8.003498e+03 8.020006e+03 7.945409e+03
11.7 8.100226e+03 8.005078e+03 8.016747e+03 8.111895e+03
12.7 7.932704e+03 7.988727e+03 8.014755e+03 7.958732e+03
13.7 8.068381e+03 7.971110e+03 8.013737e+03 8.111008e+03
14.7 8.155401e+03 7.981621e+03 8.013218e+03 8.186998e+03
15.7 8.038868e+03 8.004652e+03 8.012927e+03 8.047142e+03
16.7 8.018268e+03 8.026637e+03 8.012723e+03 8.004354e+03
17.7 7.954829e+03 8.014622e+03 7.998109e+03 7.938316e+03
1.0 7.954829e+03 8.014622e+03 7.998109e+03 7.938316e+03
2.0 7.874562e+03 7.887200e+03 7.877676e+03 7.865037e+03
3.0 7.752828e+03 7.833593e+03 7.830832e+03 7.750067e+03
4.0 7.989052e+03 7.894356e+03 7.895700e+03 7.990396e+03
5.0 8.157116e+03 7.963385e+03 7.964265e+03 8.157996e+03
6.0 7.959070e+03 8.005224e+03 8.004930e+03 7.958776e+03
7.0 7.794425e+03 8.040906e+03 8.022779e+03 7.776297e+03
8.0 8.117984e+03 8.085064e+03 8.027733e+03 8.060653e+03
9.0 8.078930e+03 8.076113e+03 8.025512e+03 8.028329e+03
10.0 7.992387e+03 8.045602e+03 8.020811e+03 7.967596e+03
11.0 8.174832e+03 8.023885e+03 8.016292e+03 8.167239e+03
12.0 7.971624e+03 8.010671e+03 8.013180e+03 7.974133e+03
13.0 7.815286e+03 8.002654e+03 8.011259e+03 7.823891e+03
14.0 7.895143e+03 7.988817e+03 8.010190e+03 7.916516e+03
15.0 7.966659e+03 7.962691e+03 8.009551e+03 8.013519e+03
16.0 8.041984e+03 7.966049e+03 8.009110e+03 8.085045e+03
17.0 8.084682e+03 7.985881e+03 8.008755e+03 8.107556e+03
18.0 8.025498e+03 7.999221e+03 8.008427e+03 8.034705e+03
0.1 8.163577e+03 8.029131e+03 8.018053e+03 8.152499e+03
1.1 7.876427e+03 8.000899e+03 7.994908e+03 7.870436e+03
2.1 7.821663e+03 7.867547e+03 7.867619e+03 7.821735e+03
3.1 7.917017e+03 7.840541e+03 7.843212e+03 7.919688e+03
4.1 7.846673e+03 7.921923e+03 7.914037e+03 7.838787e+03
5.1 7.981468e+03 7.997490e+03 7.981459e+03 7.965437e+03
6.1 8.140830e+03 8.029132e+03 8.018367e+03 8.130064e+03
7.1 8.136258e+03 8.076895e+03 8.035295e+03 8.094659e+03
8.1 8.063389e+03 8.117510e+03 8.039720e+03 7.985599e+03
9.1 8.083125e+03 8.096207e+03 8.037867e+03 8.024785e+03
10.1 8.003661e+03 8.060291e+03 8.033876e+03 7.977246e+03
11.1 7.853504e+03 8.039265e+03 8.030517e+03 7.844756e+03
12.1 7.930391e+03 8.022332e+03 8.028435e+03 7.936494e+03
13.1 7.933685e+03 7.990058e+03 8.027606e+03 7.971233e+03
14.1 7.888186e+03 7.983376e+03 8.027523e+03 7.932333e+03
15.1 8.170562e+03 8.011902e+03 8.027827e+03 8.186487e+03
16.1 8.205413e+03 8.036012e+03 8.028315e+03 8.197717e+03
17.1 8.228671e+03 8.039260e+03 8.027107e+03 8.216518e+03
0.6 8.228671e+03 8.039260e+03 8.027107e+03 8.216518e+03
1.6 7.827821e+03 7.951918e+03 7.942107e+03 7.818011e+03
2.6 7.805291e+03 7.853904e+03 7.846569e+03 7.797956e+03
3.6 7.773365e+03 7.889331e+03 7.886821e+03 7.770854e+03
4.6 7.994963e+03 7.957836e+03 7.962499e+03 7.999626e+03
5.6 8.160761e+03 8.010005e+03 8.014044e+03 8.164800e+03
6.6 8.095886e+03 8.039800e+03 8.038973e+03 8.095059e+03
7.6 8.225193e+03 8.040160e+03 8.048391e+03 8.233425e+03
8.6 8.035490e+03 8.017194e+03 8.048817e+03 8.067113e+03
