0.9 8.958100e+03 8.994163e+03 8.988443e+03 8.952380e+03
1.9 9.014706e+03 9.011750e+03 9.038526e+03 9.041482e+03
2.9 9.019837e+03 9.043724e+03 9.087437e+03 9.063550e+03
3.9 9.016580e+03 9.024156e+03 9.064575e+03 9.056999e+03
4.9 8.984776e+03 9.012715e+03 9.023444e+03 8.995505e+03
5.9 8.952609e+03 8.999115e+03 9.007223e+03 8.960718e+03
6.9 8.983111e+03 9.036861e+03 9.060518e+03 9.006769e+03
7.9 9.027453e+03 9.048607e+03 9.085646e+03 9.064492e+03
8.9 8.990596e+03 9.006370e+03 9.050574e+03 9.034800e+03
9.9 8.977705e+03 8.969805e+03 9.012224e+03 9.020124e+03
10.9 9.039096e+03 8.977509e+03 8.991407e+03 9.052994e+03
11.9 9.021256e+03 8.980035e+03 8.982705e+03 9.023926e+03
12.9 9.000822e+03 9.013483e+03 8.980990e+03 8.968329e+03
13.9 9.040264e+03 9.040847e+03 8.983006e+03 8.982423e+03
14.9 9.047126e+03 9.031834e+03 8.986302e+03 9.001594e+03
15.9 9.070562e+03 9.045312e+03 8.989235e+03 9.014485e+03
16.9 9.070854e+03 9.018561e+03 8.991345e+03 9.043639e+03
17.9 9.030332e+03 8.974035e+03 8.992713e+03 9.049010e+03
0.2 8.984776e+03 9.012715e+03 9.023444e+03 8.995505e+03
1.2 8.952609e+03 8.999115e+03 9.007223e+03 8.960718e+03
2.2 8.983111e+03 9.036861e+03 9.060518e+03 9.006769e+03
3.2 9.027453e+03 9.048607e+03 9.085646e+03 9.064492e+03
4.2 8.990596e+03 9.006370e+03 9.050574e+03 9.034800e+03
5.2 8.977705e+03 8.969805e+03 9.012224e+03 9.020124e+03
6.2 9.039096e+03 8.977509e+03 8.991407e+03 9.052994e+03
7.2 9.021256e+03 8.980035e+03 8.982705e+03 9.023926e+03
8.2 9.000822e+03 9.013483e+03 8.980990e+03 8.968329e+03
9.2 9.040264e+03 9.040847e+03 8.983006e+03 8.982423e+03
10.2 9.047126e+03 9.031834e+03 8.986302e+03 9.001594e+03
11.2 9.070562e+03 9.045312e+03 8.989235e+03 9.014485e+03
12.2 9.070854e+03 9.018561e+03 8.991345e+03 9.043639e+03
13.2 9.030332e+03 8.974035e+03 8.992713e+03 9.049010e+03
14.2 8.976354e+03 8.945765e+03 8.993545e+03 9.024134e+03
15.2 8.980050e+03 8.946889e+03 8.994096e+03 9.027257e+03
16.2 9.004032e+03 9.004741e+03 8.994500e+03 8.993791e+03
17.2 9.112230e+03 9.022335e+03 8.994834e+03 9.084729e+03
1.0 8.987216e+03 8.976566e+03 9.000260e+03 9.010910e+03
2.0 8.990897e+03 9.012488e+03 9.056549e+03 9.034958e+03
3.0 9.119982e+03 9.028526e+03 9.086632e+03 9.178088e+03
4.0 9.082476e+03 9.018543e+03 9.056811e+03 9.120744e+03
5.0 9.130034e+03 9.035286e+03 9.021216e+03 9.115964e+03
6.0 9.078053e+03 9.009438e+03 8.999558e+03 9.068173e+03
7.0 9.001488e+03 8.966467e+03 8.989172e+03 9.024194e+03
8.0 9.009182e+03 8.955938e+03 9.002206e+03 9.055450e+03
9.0 9.069896e+03 9.010505e+03 9.068852e+03 9.128243e+03
10.0 9.082372e+03 9.020068e+03 9.082047e+03 9.144351e+03
11.0 8.985116e+03 9.007137e+03 9.046809e+03 9.024788e+03
12.0 8.999032e+03 8.997022e+03 9.013133e+03 9.015143e+03
13.0 9.014687e+03 9.007316e+03 8.994887e+03 9.002259e+03
14.0 8.988568e+03 9.034818e+03 8.986804e+03 8.940554e+03
15.0 8.902342e+03 9.008534e+03 8.985088e+03 8.878896e+03
16.0 8.943123e+03 8.991299e+03 8.986564e+03 8.938388e+03
17.0 8.963587e+03 9.019000e+03 8.989105e+03 8.933692e+03
18.0 8.961333e+03 9.002450e+03 8.991274e+03 8.950157e+03
0.3 9.001488e+03 8.966467e+03 8.989172e+03 9.024194e+03
1.3 9.009182e+03 8.955938e+03 9.002206e+03 9.055450e+03
2.3 9.069896e+03 9.010505e+03 9.068852e+03 9.128243e+03
3.3 9.082372e+03 9.020068e+03 9.082047e+03 9.144351e+03
4.3 8.985116e+03 9.007137e+03 9.046809e+03 9.024788e+03
5.3 8.999032e+03 8.997022e+03 9.013133e+03 9.015143e+03
6.3 9.014687e+03 9.007316e+03 8.994887e+03 9.002259e+03
7.3 8.988568e+03 9.034818e+03 8.986804e+03 8.940554e+03
8.3 8.902342e+03 9.008534e+03 8.985088e+03 8.878896e+03
9.3 8.943123e+03 8.991299e+03 8.986564e+03 8.938388e+03
10.3 8.963587e+03 9.019000e+03 8.989105e+03 8.933692e+03
11.3 8.961333e+03 9.002450e+03 8.991274e+03 8.950157e+03
12.3 8.953048e+03 8.979779e+03 8.992743e+03 8.966011e+03
13.3 9.012829e+03 9.011150e+03 8.993537e+03 8.995216e+03
14.3 9.027434e+03 9.011247e+03 8.993951e+03 9.010138e+03
15.3 8.996812e+03 9.016756e+03 8.994173e+03 8.974228e+03
16.3 9.083979e+03 9.028784e+03 8.994295e+03 9.049490e+03
17.3 8.988822e+03 8.996329e+03 8.994845e+03 8.987338e+03
0.6 8.988822e+03 8.996329e+03 8.994845e+03 8.987338e+03
1.6 9.016131e+03 8.992625e+03 9.028035e+03 9.051540e+03
2.6 9.039013e+03 9.029023e+03 9.085401e+03 9.095391e+03
3.6 8.977501e+03 9.014604e+03 9.075767e+03 9.038664e+03
4.6 8.977409e+03 9.003232e+03 9.036864e+03 9.011041e+03
5.6 8.995548e+03 8.987295e+03 9.007555e+03 9.015807e+03
6.6 8.960988e+03 8.965181e+03 8.992908e+03 8.988714e+03
7.6 9.069366e+03 8.999874e+03 8.987116e+03 9.056608e+03
8.6 9.064553e+03 9.032143e+03 8.986527e+03 9.018938e+03
9.6 9.073181e+03 9.024118e+03 8.988435e+03 9.037498e+03
10.6 9.036716e+03 9.028652e+03 8.990900e+03 8.998965e+03
11.6 9.054602e+03 9.000770e+03 8.992814e+03 9.046646e+03
12.6 9.105498e+03 8.983978e+03 8.994028e+03 9.115547e+03
13.6 9.058002e+03 9.018513e+03 8.994705e+03 9.034194e+03
14.6 8.970466e+03 9.011190e+03 8.995034e+03 8.954310e+03
15.6 8.851823e+03 8.974332e+03 8.995195e+03 8.872686e+03
16.6 8.900747e+03 8.970212e+03 8.995274e+03 8.925808e+03
17.6 8.980872e+03 9.011776e+03 8.995316e+03 8.964412e+03
1.0 9.014268e+03 8.954647e+03 8.997088e+03 9.056709e+03
2.0 9.028096e+03 8.993686e+03 9.049975e+03 9.084385e+03
3.0 9.063675e+03 9.024425e+03 9.085180e+03 9.124431e+03
4.0 8.993058e+03 9.019357e+03 9.058790e+03 9.032490e+03
5.0 9.043566e+03 9.039760e+03 9.021341e+03 9.025147e+03
6.0 8.982872e+03 9.016546e+03 8.998480e+03 8.964806e+03
7.0 8.977488e+03 8.972746e+03 8.987238e+03 8.991980e+03
8.0 8.902335e+03 8.956426e+03 8.983507e+03 8.929416e+03
9.0 8.969824e+03 8.995436e+03 8.983762e+03 8.958150e+03
10.0 9.011283e+03 9.002110e+03 8.985693e+03 8.994866e+03
11.0 9.063139e+03 8.995443e+03 8.987611e+03 9.055307e+03
12.0 9.053583e+03 8.994371e+03 8.988949e+03 9.048160e+03
13.0 9.013821e+03 9.006929e+03 8.989587e+03 8.996479e+03
14.0 9.016131e+03 9.044552e+03 8.989777e+03 8.961355e+03
15.0 9.046242e+03 9.032548e+03 8.989725e+03 9.003419e+03
16.0 9.069675e+03 9.042257e+03 8.989550e+03 9.016968e+03
17.0 9.057910e+03 9.029066e+03 8.994160e+03 9.023004e+03
18.0 8.997681e+03 9.036371e+03 9.046590e+03 9.007900e+03
1.0 9.057910e+03 9.029066e+03 8.994160e+03 9.023004e+03
2.0 8.997681e+03 9.036371e+03 9.046590e+03 9.007900e+03
3.0 9.022625e+03 9.034179e+03 9.078140e+03 9.066586e+03
4.0 8.986290e+03 9.012788e+03 9.050200e+03 9.023702e+03
5.0 8.981282e+03 9.027798e+03 9.015166e+03 8.968651e+03
6.0 8.969065e+03 9.016165e+03 8.993159e+03 8.946058e+03
7.0 8.959907e+03 9.040509e+03 8.982968e+03 8.902366e+03
8.0 8.998767e+03 9.038243e+03 8.979529e+03 8.940054e+03
9.0 8.936317e+03 8.993155e+03 8.979893e+03 8.923055e+03
10.0 8.995699e+03 8.981045e+03 8.981725e+03 8.996380e+03
11.0 8.957862e+03 8.974370e+03 8.983599e+03 8.967092e+03
12.0 8.940895e+03 8.952410e+03 8.984816e+03 8.973301e+03
13.0 8.954012e+03 8.935097e+03 8.985421e+03 9.004336e+03
14.0 8.941918e+03 8.929638e+03 8.987554e+03 8.999834e+03
15.0 9.010026e+03 8.974497e+03 9.033526e+03 9.069055e+03
16.0 9.048358e+03 9.025467e+03 9.082925e+03 9.105817e+03
17.0 9.078629e+03 9.006622e+03 9.061758e+03 9.133764e+03
18.0 8.941300e+03 8.970175e+03 9.021758e+03 8.992884e+03
0.8 8.941918e+03 8.929638e+03 8.987554e+03 8.999834e+03
1.8 9.010026e+03 8.974497e+03 9.033526e+03 9.069055e+03
2.8 9.048358e+03 9.025467e+03 9.082925e+03 9.105817e+03
3.8 9.078629e+03 9.006622e+03 9.061758e+03 9.133764e+03
4.8 8.941300e+03 8.970175e+03 9.021758e+03 8.992884e+03
5.8 8.963240e+03 8.988472e+03 8.994276e+03 8.969044e+03
6.8 8.936962e+03 9.014700e+03 8.980982e+03 8.903245e+03
7.8 8.954437e+03 9.025211e+03 8.975963e+03 8.905189e+03
8.8 8.990405e+03 9.032966e+03 8.975848e+03 8.933287e+03
9.8 8.946338e+03 9.007613e+03 8.977808e+03 8.916533e+03
10.8 8.968430e+03 9.012810e+03 8.980080e+03 8.935699e+03
11.8 8.982261e+03 9.003006e+03 8.987748e+03 8.967003e+03
12.8 9.003190e+03 9.038349e+03 9.060157e+03 9.024998e+03
13.8 9.039633e+03 9.088487e+03 9.135487e+03 9.086633e+03
14.8 9.018761e+03 9.052757e+03 9.109498e+03 9.075501e+03
15.8 8.972157e+03 9.028769e+03 9.045193e+03 8.988581e+03
16.8 9.053769e+03 9.024845e+03 9.000804e+03 9.029728e+03
17.8 8.966136e+03 8.984316e+03 8.977870e+03 8.959690e+03
0.1 8.968430e+03 9.012810e+03 8.980080e+03 8.935699e+03
1.1 8.982261e+03 9.003006e+03 8.987748e+03 8.967003e+03
2.1 9.003190e+03 9.038349e+03 9.060157e+03 9.024998e+03
3.1 9.039633e+03 9.088487e+03 9.135487e+03 9.086633e+03
4.1 9.018761e+03 9.052757e+03 9.109498e+03 9.075501e+03
5.1 8.972157e+03 9.028769e+03 9.045193e+03 8.988581e+03
6.1 9.053769e+03 9.024845e+03 9.000804e+03 9.029728e+03
7.1 8.966136e+03 8.984316e+03 8.977870e+03 8.959690e+03
8.1 8.995219e+03 8.975420e+03 8.969572e+03 8.989371e+03
9.1 9.043835e+03 9.008831e+03 8.969198e+03 9.004202e+03
10.1 8.984126e+03 8.998075e+03 8.972508e+03 8.958559e+03
11.1 8.963918e+03 8.992476e+03 8.976297e+03 8.947739e+03
12.1 8.947509e+03 8.983107e+03 8.979266e+03 8.943668e+03
13.1 9.012070e+03 9.007624e+03 8.981029e+03 8.985476e+03
14.1 9.040098e+03 9.041655e+03 8.981958e+03 8.980401e+03
15.1 9.030228e+03 9.011233e+03 8.982407e+03 9.001402e+03
16.1 9.021204e+03 8.984345e+03 8.982611e+03 9.019470e+03
17.1 9.073500e+03 8.981404e+03 8.982824e+03 9.074920e+03
0.5 9.073500e+03 8.981404e+03 8.982824e+03 9.074920e+03
1.5 9.056462e+03 8.985510e+03 9.007307e+03 9.078260e+03
2.5 9.092388e+03 9.031148e+03 9.074746e+03 9.135986e+03
3.5 9.036832e+03 9.023034e+03 9.078139e+03 9.091937e+03
4.5 8.966915e+03 8.984468e+03 9.037038e+03 9.019486e+03
5.5 9.031352e+03 8.980362e+03 9.001875e+03 9.052865e+03
6.5 8.989501e+03 8.975414e+03 8.988903e+03 9.002990e+03
7.5 9.058037e+03 9.012716e+03 9.040643e+03 9.085964e+03
8.5 9.103095e+03 9.038915e+03 9.080918e+03 9.145098e+03
9.5 9.088634e+03 9.003836e+03 9.052574e+03 9.137373e+03
10.5 9.081053e+03 9.000533e+03 9.012552e+03 9.093072e+03
11.5 9.080204e+03 9.017956e+03 8.988846e+03 9.051093e+03
12.5 9.041601e+03 8.990349e+03 8.978010e+03 9.029262e+03
13.5 9.020010e+03 8.989081e+03 8.974885e+03 9.005813e+03
14.5 9.070717e+03 9.027987e+03 8.976152e+03 9.018883e+03
15.5 8.969434e+03 9.020554e+03 8.979170e+03 8.928050e+03
16.5 8.941684e+03 9.034824e+03 8.982098e+03 8.888958e+03
17.5 8.959904e+03 9.025502e+03 8.988620e+03 8.923022e+03
1.0 8.989501e+03 8.975414e+03 8.988903e+03 9.002990e+03
2.0 9.058037e+03 9.012716e+03 9.040643e+03 9.085964e+03
3.0 9.103095e+03 9.038915e+03 9.080918e+03 9.145098e+03
4.0 9.088634e+03 9.003836e+03 9.052574e+03 9.137373e+03
5.0 9.081053e+03 9.000533e+03 9.012552e+03 9.093072e+03
6.0 9.080204e+03 9.017956e+03 8.988846e+03 9.051093e+03
7.0 9.041601e+03 8.990349e+03 8.978010e+03 9.029262e+03
8.0 9.020010e+03 8.989081e+03 8.974885e+03 9.005813e+03
9.0 9.070717e+03 9.027987e+03 8.976152e+03 9.018883e+03
10.0 8.969434e+03 9.020554e+03 8.979170e+03 8.928050e+03
11.0 8.941684e+03 9.034824e+03 8.982098e+03 8.888958e+03
12.0 8.959904e+03 9.025502e+03 8.988620e+03 8.923022e+03
13.0 8.936345e+03 9.035562e+03 9.044383e+03 8.945166e+03
14.0 8.945494e+03 9.036388e+03 9.079045e+03 8.988150e+03
15.0 8.935732e+03 8.993097e+03 9.051670e+03 8.994306e+03
16.0 8.912686e+03 8.973232e+03 9.016186e+03 8.955639e+03
17.0 8.952633e+03 8.975330e+03 8.994419e+03 8.971722e+03
18.0 8.981358e+03 8.986160e+03 8.984186e+03 8.979384e+03
1.0 8.959904e+03 9.025502e+03 8.988620e+03 8.923022e+03
2.0 8.936345e+03 9.035562e+03 9.044383e+03 8.945166e+03
3.0 8.945494e+03 9.036388e+03 9.079045e+03 8.988150e+03
4.0 8.935732e+03 8.993097e+03 9.051670e+03 8.994306e+03
5.0 8.912686e+03 8.973232e+03 9.016186e+03 8.955639e+03
6.0 8.952633e+03 8.975330e+03 8.994419e+03 8.971722e+03
7.0 8.981358e+03 8.986160e+03 8.984186e+03 8.979384e+03
8.0 9.048621e+03 9.025372e+03 8.981406e+03 9.004655e+03
9.0 9.064175e+03 9.012325e+03 8.982627e+03 9.034477e+03
10.0 8.989709e+03 8.973921e+03 8.985427e+03 9.001215e+03
11.0 9.046137e+03 8.972670e+03 8.988267e+03 9.061734e+03
12.0 9.010513e+03 9.011032e+03 8.990552e+03 8.990033e+03
