0.9 8.738107e+03 8.763014e+03 8.742738e+03 8.717832e+03
1.9 8.819330e+03 8.768652e+03 8.754443e+03 8.805121e+03
2.9 8.816759e+03 8.776275e+03 8.765874e+03 8.806358e+03
3.9 8.820630e+03 8.750486e+03 8.760531e+03 8.830676e+03
4.9 8.643389e+03 8.678915e+03 8.750918e+03 8.715393e+03
5.9 8.516413e+03 8.673117e+03 8.747127e+03 8.590423e+03
6.9 8.720466e+03 8.721191e+03 8.759583e+03 8.758858e+03
7.9 8.768650e+03 8.757061e+03 8.765456e+03 8.777044e+03
8.9 8.795702e+03 8.764377e+03 8.757259e+03 8.788584e+03
9.9 8.797603e+03 8.751446e+03 8.748296e+03 8.794454e+03
10.9 8.844747e+03 8.687435e+03 8.743431e+03 8.900742e+03
11.9 8.730918e+03 8.667836e+03 8.741397e+03 8.804479e+03
12.9 8.612878e+03 8.697158e+03 8.740996e+03 8.656715e+03
13.9 8.725875e+03 8.726089e+03 8.741467e+03 8.741253e+03
14.9 8.733225e+03 8.757389e+03 8.742238e+03 8.718074e+03
15.9 8.817727e+03 8.797514e+03 8.742923e+03 8.763136e+03
16.9 8.861265e+03 8.798354e+03 8.743416e+03 8.806327e+03
17.9 8.881912e+03 8.777231e+03 8.743736e+03 8.848417e+03
0.2 8.643389e+03 8.678915e+03 8.750918e+03 8.715393e+03
1.2 8.516413e+03 8.673117e+03 8.747127e+03 8.590423e+03
2.2 8.720466e+03 8.721191e+03 8.759583e+03 8.758858e+03
3.2 8.768650e+03 8.757061e+03 8.765456e+03 8.777044e+03
4.2 8.795702e+03 8.764377e+03 8.757259e+03 8.788584e+03
5.2 8.797603e+03 8.751446e+03 8.748296e+03 8.794454e+03
6.2 8.844747e+03 8.687435e+03 8.743431e+03 8.900742e+03
7.2 8.730918e+03 8.667836e+03 8.741397e+03 8.804479e+03
8.2 8.612878e+03 8.697158e+03 8.740996e+03 8.656715e+03
9.2 8.725875e+03 8.726089e+03 8.741467e+03 8.741253e+03
10.2 8.733225e+03 8.757389e+03 8.742238e+03 8.718074e+03
11.2 8.817727e+03 8.797514e+03 8.742923e+03 8.763136e+03
12.2 8.861265e+03 8.798354e+03 8.743416e+03 8.806327e+03
13.2 8.881912e+03 8.777231e+03 8.743736e+03 8.848417e+03
14.2 8.723102e+03 8.759698e+03 8.743931e+03 8.707334e+03
15.2 8.569659e+03 8.748853e+03 8.744059e+03 8.564865e+03
16.2 8.757495e+03 8.742233e+03 8.744154e+03 8.759415e+03
17.2 8.858600e+03 8.740180e+03 8.744232e+03 8.862652e+03
1.0 8.664452e+03 8.726251e+03 8.745500e+03 8.683701e+03
2.0 8.692198e+03 8.745896e+03 8.758655e+03 8.704958e+03
3.0 8.889315e+03 8.758834e+03 8.765686e+03 8.896167e+03
4.0 8.736256e+03 8.783993e+03 8.758717e+03 8.710979e+03
5.0 8.804529e+03 8.837161e+03 8.750397e+03 8.717766e+03
6.0 8.979234e+03 8.825995e+03 8.745336e+03 8.898575e+03
7.0 8.710959e+03 8.783891e+03 8.742909e+03 8.669976e+03
8.0 8.755357e+03 8.757600e+03 8.745955e+03 8.743712e+03
9.0 8.876996e+03 8.757476e+03 8.761531e+03 8.881051e+03
10.0 8.849443e+03 8.752886e+03 8.764614e+03 8.861172e+03
11.0 8.635943e+03 8.698137e+03 8.756379e+03 8.694185e+03
12.0 8.639976e+03 8.650189e+03 8.748508e+03 8.738296e+03
13.0 8.822100e+03 8.670514e+03 8.744244e+03 8.895830e+03
14.0 8.622983e+03 8.706600e+03 8.742355e+03 8.658738e+03
15.0 8.643564e+03 8.730231e+03 8.741954e+03 8.655287e+03
16.0 8.573260e+03 8.744216e+03 8.742299e+03 8.571344e+03
17.0 8.738244e+03 8.752967e+03 8.742893e+03 8.728170e+03
18.0 8.768859e+03 8.753041e+03 8.743400e+03 8.759218e+03
0.3 8.710959e+03 8.783891e+03 8.742909e+03 8.669976e+03
1.3 8.755357e+03 8.757600e+03 8.745955e+03 8.743712e+03
2.3 8.876996e+03 8.757476e+03 8.761531e+03 8.881051e+03
3.3 8.849443e+03 8.752886e+03 8.764614e+03 8.861172e+03
4.3 8.635943e+03 8.698137e+03 8.756379e+03 8.694185e+03
5.3 8.639976e+03 8.650189e+03 8.748508e+03 8.738296e+03
6.3 8.822100e+03 8.670514e+03 8.744244e+03 8.895830e+03
7.3 8.622983e+03 8.706600e+03 8.742355e+03 8.658738e+03
8.3 8.643564e+03 8.730231e+03 8.741954e+03 8.655287e+03
9.3 8.573260e+03 8.744216e+03 8.742299e+03 8.571344e+03
10.3 8.738244e+03 8.752967e+03 8.742893e+03 8.728170e+03
11.3 8.768859e+03 8.753041e+03 8.743400e+03 8.759218e+03
12.3 8.831020e+03 8.748636e+03 8.743743e+03 8.826127e+03
13.3 8.689292e+03 8.743406e+03 8.743929e+03 8.689814e+03
14.3 8.657701e+03 8.741311e+03 8.744026e+03 8.660415e+03
15.3 8.686854e+03 8.764981e+03 8.744077e+03 8.665951e+03
16.3 8.869038e+03 8.788713e+03 8.744106e+03 8.824431e+03
17.3 8.879050e+03 8.777543e+03 8.744234e+03 8.845741e+03
0.6 8.879050e+03 8.777543e+03 8.744234e+03 8.845741e+03
1.6 8.893015e+03 8.766024e+03 8.751991e+03 8.878982e+03
2.6 8.712360e+03 8.766779e+03 8.765398e+03 8.710979e+03
3.6 8.591177e+03 8.751174e+03 8.763147e+03 8.603150e+03
4.6 8.683933e+03 8.681896e+03 8.754055e+03 8.756091e+03
5.6 8.744252e+03 8.652535e+03 8.747205e+03 8.838921e+03
6.6 8.805222e+03 8.681309e+03 8.743782e+03 8.867694e+03
7.6 8.882781e+03 8.713618e+03 8.742428e+03 8.911591e+03
8.6 8.775202e+03 8.733561e+03 8.742290e+03 8.783931e+03
9.6 8.694882e+03 8.747977e+03 8.742736e+03 8.689641e+03
10.6 8.677941e+03 8.761403e+03 8.743312e+03 8.659850e+03
11.6 8.686039e+03 8.759722e+03 8.743760e+03 8.670077e+03
12.6 8.820679e+03 8.751343e+03 8.744043e+03 8.813379e+03
13.6 8.823399e+03 8.744010e+03 8.744202e+03 8.823590e+03
14.6 8.640568e+03 8.740085e+03 8.744278e+03 8.644761e+03
15.6 8.572687e+03 8.738425e+03 8.744316e+03 8.578578e+03
16.6 8.609937e+03 8.739507e+03 8.744335e+03 8.614765e+03
17.6 8.694547e+03 8.743251e+03 8.744344e+03 8.695640e+03
1.0 8.840088e+03 8.737616e+03 8.744759e+03 8.847231e+03
2.0 8.889471e+03 8.746781e+03 8.757119e+03 8.899809e+03
3.0 8.695951e+03 8.753529e+03 8.765347e+03 8.707769e+03
4.0 8.622828e+03 8.770879e+03 8.759179e+03 8.611128e+03
5.0 8.859177e+03 8.825356e+03 8.750427e+03 8.784248e+03
6.0 8.804428e+03 8.816994e+03 8.745084e+03 8.732517e+03
7.0 8.837962e+03 8.775285e+03 8.742457e+03 8.805134e+03
8.0 8.665909e+03 8.744397e+03 8.741585e+03 8.663097e+03
9.0 8.591316e+03 8.727270e+03 8.741644e+03 8.605690e+03
10.0 8.785899e+03 8.720619e+03 8.742095e+03 8.807375e+03
11.0 8.827482e+03 8.713241e+03 8.742544e+03 8.856785e+03
12.0 8.855661e+03 8.707958e+03 8.742856e+03 8.890559e+03
13.0 8.769577e+03 8.714114e+03 8.743006e+03 8.798468e+03
14.0 8.665767e+03 8.722067e+03 8.743050e+03 8.686751e+03
15.0 8.644614e+03 8.728304e+03 8.743038e+03 8.659347e+03
16.0 8.793590e+03 8.735036e+03 8.742997e+03 8.801551e+03
17.0 8.685790e+03 8.738302e+03 8.744074e+03 8.691562e+03
18.0 8.659134e+03 8.748600e+03 8.756328e+03 8.666862e+03
1.0 8.685790e+03 8.738302e+03 8.744074e+03 8.691562e+03
2.0 8.659134e+03 8.748600e+03 8.756328e+03 8.666862e+03
3.0 8.602011e+03 8.753685e+03 8.763701e+03 8.612027e+03
4.0 8.744825e+03 8.771194e+03 8.757171e+03 8.730803e+03
5.0 8.767076e+03 8.823842e+03 8.748984e+03 8.692218e+03
6.0 8.802557e+03 8.813983e+03 8.743840e+03 8.732414e+03
7.0 8.789422e+03 8.771274e+03 8.741459e+03 8.759607e+03
8.0 8.761416e+03 8.740153e+03 8.740655e+03 8.761918e+03
9.0 8.836925e+03 8.724563e+03 8.740740e+03 8.853102e+03
10.0 8.690651e+03 8.710017e+03 8.741168e+03 8.721801e+03
11.0 8.637304e+03 8.705287e+03 8.741606e+03 8.673622e+03
12.0 8.605088e+03 8.712904e+03 8.741890e+03 8.634074e+03
13.0 8.732552e+03 8.721607e+03 8.742032e+03 8.752977e+03
14.0 8.731654e+03 8.727816e+03 8.742530e+03 8.746369e+03
15.0 8.797630e+03 8.741474e+03 8.753275e+03 8.809431e+03
16.0 8.847694e+03 8.754259e+03 8.764820e+03 8.858255e+03
17.0 8.795424e+03 8.749582e+03 8.759873e+03 8.805714e+03
18.0 8.664397e+03 8.741716e+03 8.750524e+03 8.673205e+03
0.8 8.731654e+03 8.727816e+03 8.742530e+03 8.746369e+03
1.8 8.797630e+03 8.741474e+03 8.753275e+03 8.809431e+03
2.8 8.847694e+03 8.754259e+03 8.764820e+03 8.858255e+03
3.8 8.795424e+03 8.749582e+03 8.759873e+03 8.805714e+03
4.8 8.664397e+03 8.741716e+03 8.750524e+03 8.673205e+03
5.8 8.609823e+03 8.785314e+03 8.744101e+03 8.568610e+03
6.8 8.642362e+03 8.824722e+03 8.740995e+03 8.558635e+03
7.8 8.805211e+03 8.798412e+03 8.739821e+03 8.746620e+03
8.8 8.817254e+03 8.760530e+03 8.739795e+03 8.796519e+03
9.8 8.812420e+03 8.739410e+03 8.740253e+03 8.813263e+03
10.8 8.778141e+03 8.739247e+03 8.740784e+03 8.779678e+03
11.8 8.813720e+03 8.739281e+03 8.742576e+03 8.817015e+03
12.8 8.678516e+03 8.750810e+03 8.759499e+03 8.687205e+03
13.8 8.604499e+03 8.765499e+03 8.777104e+03 8.616104e+03
14.8 8.613318e+03 8.760310e+03 8.771030e+03 8.624038e+03
15.8 8.743504e+03 8.794554e+03 8.756001e+03 8.704951e+03
16.8 8.799885e+03 8.829387e+03 8.745627e+03 8.716125e+03
17.8 8.849287e+03 8.801248e+03 8.740267e+03 8.788306e+03
0.1 8.778141e+03 8.739247e+03 8.740784e+03 8.779678e+03
1.1 8.813720e+03 8.739281e+03 8.742576e+03 8.817015e+03
2.1 8.678516e+03 8.750810e+03 8.759499e+03 8.687205e+03
3.1 8.604499e+03 8.765499e+03 8.777104e+03 8.616104e+03
4.1 8.613318e+03 8.760310e+03 8.771030e+03 8.624038e+03
5.1 8.743504e+03 8.794554e+03 8.756001e+03 8.704951e+03
6.1 8.799885e+03 8.829387e+03 8.745627e+03 8.716125e+03
7.1 8.849287e+03 8.801248e+03 8.740267e+03 8.788306e+03
8.1 8.835672e+03 8.761528e+03 8.738328e+03 8.812472e+03
9.1 8.872610e+03 8.736247e+03 8.738240e+03 8.874603e+03
10.1 8.694479e+03 8.724479e+03 8.739014e+03 8.709014e+03
11.1 8.723195e+03 8.712461e+03 8.739899e+03 8.750633e+03
12.1 8.656632e+03 8.710532e+03 8.740593e+03 8.686694e+03
13.1 8.582774e+03 8.717968e+03 8.741006e+03 8.605811e+03
14.1 8.641508e+03 8.725348e+03 8.741222e+03 8.657382e+03
15.1 8.672036e+03 8.731585e+03 8.741328e+03 8.681779e+03
16.1 8.759098e+03 8.729234e+03 8.741375e+03 8.771239e+03
17.1 8.796871e+03 8.722400e+03 8.741425e+03 8.815896e+03
0.5 8.796871e+03 8.722400e+03 8.741425e+03 8.815896e+03
1.5 8.904227e+03 8.731736e+03 8.747147e+03 8.919637e+03
2.5 8.914210e+03 8.754206e+03 8.762908e+03 8.922912e+03
3.5 8.900960e+03 8.759609e+03 8.763701e+03 8.905052e+03
4.5 8.696070e+03 8.740867e+03 8.754095e+03 8.709298e+03
5.5 8.663126e+03 8.672106e+03 8.745877e+03 8.736898e+03
6.5 8.600601e+03 8.657315e+03 8.742846e+03 8.686131e+03
7.5 8.708250e+03 8.703183e+03 8.754938e+03 8.760004e+03
8.5 8.818268e+03 8.744697e+03 8.764351e+03 8.837922e+03
9.5 8.882806e+03 8.756495e+03 8.757726e+03 8.884037e+03
10.5 8.937511e+03 8.800616e+03 8.748373e+03 8.885268e+03
11.5 8.901551e+03 8.844652e+03 8.742832e+03 8.799732e+03
12.5 8.910744e+03 8.820728e+03 8.740300e+03 8.830316e+03
13.5 8.751449e+03 8.778661e+03 8.739569e+03 8.712357e+03
14.5 8.640533e+03 8.751694e+03 8.739866e+03 8.628704e+03
15.5 8.626249e+03 8.739531e+03 8.740571e+03 8.627289e+03
16.5 8.620151e+03 8.739606e+03 8.741255e+03 8.621800e+03
17.5 8.678790e+03 8.742428e+03 8.742780e+03 8.679142e+03
1.0 8.600601e+03 8.657315e+03 8.742846e+03 8.686131e+03
2.0 8.708250e+03 8.703183e+03 8.754938e+03 8.760004e+03
3.0 8.818268e+03 8.744697e+03 8.764351e+03 8.837922e+03
4.0 8.882806e+03 8.756495e+03 8.757726e+03 8.884037e+03
5.0 8.937511e+03 8.800616e+03 8.748373e+03 8.885268e+03
6.0 8.901551e+03 8.844652e+03 8.742832e+03 8.799732e+03
7.0 8.910744e+03 8.820728e+03 8.740300e+03 8.830316e+03
8.0 8.751449e+03 8.778661e+03 8.739569e+03 8.712357e+03
9.0 8.640533e+03 8.751694e+03 8.739866e+03 8.628704e+03
10.0 8.626249e+03 8.739531e+03 8.740571e+03 8.627289e+03
11.0 8.620151e+03 8.739606e+03 8.741255e+03 8.621800e+03
12.0 8.678790e+03 8.742428e+03 8.742780e+03 8.679142e+03
13.0 8.728520e+03 8.755692e+03 8.755812e+03 8.728640e+03
14.0 8.755960e+03 8.764322e+03 8.763913e+03 8.755551e+03
15.0 8.786926e+03 8.757905e+03 8.757515e+03 8.786536e+03
16.0 8.615648e+03 8.709177e+03 8.749222e+03 8.655693e+03
17.0 8.537658e+03 8.658435e+03 8.744135e+03 8.623357e+03
18.0 8.583212e+03 8.674851e+03 8.741743e+03 8.650104e+03
1.0 8.678790e+03 8.742428e+03 8.742780e+03 8.679142e+03
2.0 8.728520e+03 8.755692e+03 8.755812e+03 8.728640e+03
3.0 8.755960e+03 8.764322e+03 8.763913e+03 8.755551e+03
4.0 8.786926e+03 8.757905e+03 8.757515e+03 8.786536e+03
5.0 8.615648e+03 8.709177e+03 8.749222e+03 8.655693e+03
6.0 8.537658e+03 8.658435e+03 8.744135e+03 8.623357e+03
7.0 8.583212e+03 8.674851e+03 8.741743e+03 8.650104e+03
8.0 8.708727e+03 8.709146e+03 8.741094e+03 8.740674e+03
9.0 8.813240e+03 8.734443e+03 8.741379e+03 8.820176e+03
10.0 8.864412e+03 8.748222e+03 8.742033e+03 8.858223e+03
11.0 8.866910e+03 8.769752e+03 8.742697e+03 8.839855e+03
12.0 8.875637e+03 8.801456e+03 8.743231e+03 8.817413e+03
