0.4 9.960916e+03 9.919763e+03 9.902348e+03 9.943501e+03
1.4 9.930016e+03 9.914940e+03 9.902902e+03 9.917977e+03
2.4 9.907527e+03 9.908481e+03 9.904058e+03 9.903105e+03
3.4 9.876022e+03 9.903481e+03 9.903933e+03 9.876474e+03
4.4 9.898902e+03 9.900196e+03 9.903172e+03 9.901878e+03
5.4 9.914944e+03 9.902494e+03 9.902613e+03 9.915063e+03
6.4 9.899605e+03 9.917606e+03 9.902316e+03 9.884315e+03
7.4 9.887238e+03 9.920737e+03 9.902200e+03 9.868702e+03
8.4 9.885135e+03 9.921097e+03 9.902185e+03 9.866223e+03
9.4 9.919466e+03 9.921003e+03 9.902220e+03 9.900682e+03
10.4 9.895608e+03 9.906220e+03 9.902265e+03 9.891653e+03
11.4 9.866691e+03 9.888779e+03 9.902302e+03 9.880214e+03
12.4 9.828318e+03 9.886490e+03 9.902324e+03 9.844153e+03
13.4 9.877801e+03 9.893333e+03 9.902336e+03 9.886804e+03
14.4 9.901532e+03 9.902995e+03 9.902342e+03 9.900880e+03
15.4 9.901507e+03 9.905220e+03 9.902345e+03 9.898632e+03
16.4 9.867981e+03 9.903549e+03 9.902346e+03 9.866778e+03
17.4 9.893011e+03 9.902169e+03 9.902347e+03 9.893189e+03
0.4 9.986727e+03 9.921981e+03 9.902246e+03 9.966991e+03
1.4 9.949603e+03 9.915759e+03 9.902704e+03 9.936548e+03
2.4 9.975146e+03 9.908135e+03 9.903917e+03 9.970928e+03
3.4 9.931310e+03 9.902857e+03 9.903851e+03 9.932303e+03
4.4 9.896318e+03 9.899651e+03 9.903089e+03 9.899757e+03
5.4 9.916015e+03 9.898452e+03 9.902512e+03 9.920075e+03
6.4 9.869417e+03 9.898749e+03 9.902205e+03 9.872873e+03
7.4 9.903876e+03 9.899123e+03 9.902074e+03 9.906826e+03
8.4 9.844750e+03 9.895696e+03 9.902051e+03 9.851105e+03
9.4 9.888818e+03 9.891869e+03 9.902081e+03 9.899030e+03
10.4 9.890249e+03 9.887807e+03 9.902122e+03 9.904564e+03
11.4 9.853229e+03 9.880787e+03 9.902154e+03 9.874597e+03
12.4 9.895371e+03 9.885271e+03 9.902175e+03 9.912275e+03
13.4 9.916396e+03 9.898618e+03 9.902183e+03 9.919961e+03
14.4 9.905546e+03 9.906787e+03 9.902186e+03 9.900945e+03
15.4 9.905854e+03 9.918721e+03 9.902186e+03 9.889319e+03
16.4 9.909165e+03 9.924132e+03 9.902184e+03 9.887217e+03
17.4 9.917482e+03 9.916372e+03 9.902675e+03 9.903786e+03
0.4 9.909165e+03 9.924132e+03 9.902184e+03 9.887217e+03
1.4 9.917482e+03 9.916372e+03 9.902675e+03 9.903786e+03
2.4 9.887823e+03 9.908187e+03 9.903860e+03 9.883496e+03
3.4 9.909834e+03 9.902370e+03 9.903779e+03 9.911244e+03
4.4 9.889338e+03 9.899532e+03 9.903035e+03 9.892841e+03
5.4 9.909701e+03 9.898325e+03 9.902460e+03 9.913836e+03
6.4 9.907732e+03 9.897423e+03 9.902150e+03 9.912459e+03
7.4 9.920984e+03 9.892743e+03 9.902026e+03 9.930267e+03
8.4 9.908831e+03 9.890617e+03 9.902005e+03 9.920219e+03
9.4 9.859189e+03 9.893352e+03 9.902037e+03 9.867874e+03
10.4 9.892448e+03 9.896394e+03 9.902080e+03 9.898135e+03
11.4 9.845699e+03 9.898685e+03 9.902116e+03 9.849131e+03
12.4 9.911571e+03 9.910257e+03 9.902139e+03 9.903453e+03
13.4 9.912566e+03 9.922068e+03 9.902150e+03 9.892649e+03
14.4 9.950092e+03 9.917046e+03 9.902155e+03 9.935201e+03
15.4 9.889640e+03 9.907526e+03 9.902188e+03 9.884302e+03
16.4 9.874856e+03 9.901864e+03 9.903155e+03 9.876148e+03
17.4 9.817801e+03 9.899248e+03 9.903976e+03 9.822528e+03
0.7 9.889640e+03 9.907526e+03 9.902188e+03 9.884302e+03
1.7 9.874856e+03 9.901864e+03 9.903155e+03 9.876148e+03
2.7 9.817801e+03 9.899248e+03 9.903976e+03 9.822528e+03
3.7 9.841962e+03 9.891348e+03 9.903496e+03 9.854110e+03
4.7 9.832183e+03 9.883740e+03 9.902771e+03 9.851214e+03
5.7 9.845583e+03 9.887728e+03 9.902308e+03 9.860163e+03
6.7 9.873473e+03 9.900581e+03 9.902080e+03 9.874972e+03
7.7 9.884874e+03 9.907066e+03 9.902005e+03 9.879812e+03
8.7 9.911095e+03 9.921780e+03 9.902012e+03 9.891327e+03
9.7 9.891423e+03 9.936507e+03 9.902055e+03 9.856971e+03
10.7 9.968341e+03 9.928487e+03 9.902125e+03 9.941979e+03
11.7 9.910044e+03 9.913196e+03 9.903096e+03 9.899944e+03
12.7 9.958879e+03 9.903114e+03 9.903969e+03 9.959733e+03
13.7 9.943617e+03 9.897154e+03 9.903522e+03 9.949986e+03
14.7 9.868139e+03 9.894798e+03 9.902799e+03 9.876139e+03
15.7 9.924805e+03 9.894790e+03 9.902333e+03 9.932347e+03
16.7 9.902304e+03 9.894722e+03 9.902102e+03 9.909684e+03
17.7 9.892993e+03 9.890298e+03 9.902026e+03 9.904721e+03
0.7 9.968341e+03 9.928487e+03 9.902125e+03 9.941979e+03
1.7 9.910044e+03 9.913196e+03 9.903096e+03 9.899944e+03
2.7 9.958879e+03 9.903114e+03 9.903969e+03 9.959733e+03
3.7 9.943617e+03 9.897154e+03 9.903522e+03 9.949986e+03
4.7 9.868139e+03 9.894798e+03 9.902799e+03 9.876139e+03
5.7 9.924805e+03 9.894790e+03 9.902333e+03 9.932347e+03
6.7 9.902304e+03 9.894722e+03 9.902102e+03 9.909684e+03
7.7 9.892993e+03 9.890298e+03 9.902026e+03 9.904721e+03
8.7 9.903922e+03 9.888846e+03 9.902034e+03 9.917110e+03
9.7 9.904879e+03 9.892228e+03 9.902078e+03 9.914729e+03
10.7 9.964060e+03 9.895655e+03 9.902125e+03 9.970529e+03
11.7 9.921176e+03 9.897165e+03 9.902161e+03 9.926171e+03
12.7 9.886064e+03 9.894429e+03 9.902183e+03 9.893819e+03
13.7 9.912310e+03 9.890071e+03 9.902197e+03 9.924436e+03
14.7 9.951227e+03 9.896873e+03 9.902205e+03 9.956559e+03
15.7 9.954627e+03 9.915450e+03 9.902211e+03 9.941388e+03
16.7 9.872532e+03 9.918174e+03 9.902217e+03 9.856575e+03
17.7 9.916099e+03 9.911624e+03 9.902221e+03 9.906696e+03
0.7 9.938516e+03 9.912830e+03 9.902264e+03 9.927950e+03
1.7 9.871014e+03 9.902663e+03 9.903145e+03 9.871496e+03
2.7 9.892478e+03 9.897539e+03 9.904065e+03 9.899004e+03
3.7 9.945181e+03 9.894610e+03 9.903676e+03 9.954247e+03
4.7 9.843482e+03 9.887561e+03 9.902928e+03 9.858849e+03
5.7 9.896133e+03 9.877807e+03 9.902448e+03 9.920774e+03
6.7 9.893325e+03 9.880944e+03 9.902211e+03 9.914592e+03
7.7 9.841488e+03 9.893781e+03 9.902133e+03 9.849840e+03
8.7 9.947742e+03 9.901736e+03 9.902140e+03 9.948147e+03
9.7 9.902454e+03 9.914336e+03 9.902188e+03 9.890306e+03
10.7 9.901542e+03 9.920510e+03 9.902238e+03 9.883270e+03
11.7 9.884135e+03 9.912625e+03 9.902278e+03 9.873789e+03
12.7 9.882915e+03 9.911021e+03 9.902305e+03 9.874199e+03
13.7 9.925369e+03 9.914026e+03 9.902322e+03 9.913665e+03
14.7 9.881247e+03 9.907865e+03 9.902333e+03 9.875715e+03
15.7 9.912011e+03 9.900669e+03 9.902341e+03 9.913684e+03
16.7 9.904049e+03 9.896163e+03 9.902349e+03 9.910235e+03
17.7 9.919051e+03 9.894189e+03 9.902358e+03 9.927219e+03
