0.6 1.007183e+04 1.009509e+04 1.007851e+04 1.005525e+04
1.6 1.014597e+04 1.008430e+04 1.009165e+04 1.015332e+04
2.6 1.006928e+04 1.007819e+04 1.010643e+04 1.009751e+04
3.6 1.012157e+04 1.008213e+04 1.010025e+04 1.013969e+04
4.6 1.007986e+04 1.010818e+04 1.008861e+04 1.006030e+04
5.6 1.012396e+04 1.009825e+04 1.008070e+04 1.010641e+04
6.6 1.005024e+04 1.007516e+04 1.007689e+04 1.005196e+04
7.6 1.010281e+04 1.007182e+04 1.007547e+04 1.010646e+04
8.6 1.003458e+04 1.006123e+04 1.007543e+04 1.004879e+04
9.6 1.007669e+04 1.005306e+04 1.007601e+04 1.009964e+04
10.6 1.005191e+04 1.007601e+04 1.007668e+04 1.005258e+04
11.6 1.010775e+04 1.008196e+04 1.007715e+04 1.010294e+04
12.6 1.007128e+04 1.006493e+04 1.007743e+04 1.008378e+04
13.6 1.006937e+04 1.005701e+04 1.007756e+04 1.008992e+04
14.6 1.012705e+04 1.008949e+04 1.007760e+04 1.011516e+04
15.6 1.005510e+04 1.009399e+04 1.007761e+04 1.003871e+04
16.6 1.001969e+04 1.007058e+04 1.007759e+04 1.002670e+04
17.6 1.008707e+04 1.005567e+04 1.007757e+04 1.010897e+04
0.6 1.012672e+04 1.009833e+04 1.007767e+04 1.010606e+04
1.6 1.012572e+04 1.009004e+04 1.008990e+04 1.012559e+04
2.6 1.010443e+04 1.008311e+04 1.010559e+04 1.012691e+04
3.6 1.014129e+04 1.007653e+04 1.010052e+04 1.016529e+04
4.6 1.005108e+04 1.008949e+04 1.008857e+04 1.005016e+04
5.6 1.010034e+04 1.008045e+04 1.008060e+04 1.010049e+04
6.6 1.000814e+04 1.006679e+04 1.007653e+04 1.001788e+04
7.6 1.004263e+04 1.009575e+04 1.007505e+04 1.002193e+04
8.6 1.013707e+04 1.010255e+04 1.007500e+04 1.010951e+04
9.6 1.007515e+04 1.011048e+04 1.007560e+04 1.004028e+04
10.6 1.015767e+04 1.010686e+04 1.007629e+04 1.012711e+04
11.6 1.014014e+04 1.008718e+04 1.007683e+04 1.012979e+04
12.6 1.012675e+04 1.008211e+04 1.007714e+04 1.012179e+04
13.6 1.014758e+04 1.006654e+04 1.007731e+04 1.015835e+04
14.6 1.005014e+04 1.004837e+04 1.007738e+04 1.007916e+04
15.6 1.006160e+04 1.004845e+04 1.007742e+04 1.009058e+04
16.6 1.007948e+04 1.008561e+04 1.007744e+04 1.007130e+04
17.6 1.012450e+04 1.009324e+04 1.007745e+04 1.010871e+04
0.4 1.004724e+04 1.008383e+04 1.007751e+04 1.004092e+04
1.4 1.004894e+04 1.006747e+04 1.008574e+04 1.006720e+04
2.4 1.005183e+04 1.007063e+04 1.010440e+04 1.008559e+04
3.4 1.002486e+04 1.006241e+04 1.010245e+04 1.006490e+04
4.4 1.004792e+04 1.005671e+04 1.009051e+04 1.008172e+04
5.4 1.011119e+04 1.007794e+04 1.008176e+04 1.011501e+04
6.4 1.008131e+04 1.008088e+04 1.007720e+04 1.007763e+04
7.4 1.002778e+04 1.009382e+04 1.007533e+04 1.000928e+04
8.4 1.012319e+04 1.010903e+04 1.007511e+04 1.008926e+04
9.4 1.008952e+04 1.008767e+04 1.007567e+04 1.007752e+04
10.4 1.009800e+04 1.008121e+04 1.007639e+04 1.009318e+04
11.4 1.014271e+04 1.010039e+04 1.007697e+04 1.011929e+04
12.4 1.004339e+04 1.009011e+04 1.007736e+04 1.003064e+04
13.4 1.004198e+04 1.008472e+04 1.007756e+04 1.003482e+04
14.4 1.003254e+04 1.007572e+04 1.007767e+04 1.003449e+04
15.4 1.005565e+04 1.006094e+04 1.007773e+04 1.007244e+04
16.4 1.014226e+04 1.007956e+04 1.007777e+04 1.014047e+04
17.4 1.015121e+04 1.009756e+04 1.007779e+04 1.013144e+04
0.4 1.001350e+04 1.006512e+04 1.007797e+04 1.002635e+04
1.4 1.001938e+04 1.005749e+04 1.008573e+04 1.004762e+04
2.4 1.004712e+04 1.006870e+04 1.010439e+04 1.008281e+04
3.4 1.006636e+04 1.007527e+04 1.010319e+04 1.009428e+04
4.4 1.013527e+04 1.009638e+04 1.009157e+04 1.013047e+04
5.4 1.010609e+04 1.009143e+04 1.008243e+04 1.009709e+04
6.4 1.001651e+04 1.006881e+04 1.007779e+04 1.002549e+04
7.4 9.999068e+03 1.005700e+04 1.007590e+04 1.001796e+04
8.4 1.007400e+04 1.006680e+04 1.007563e+04 1.008283e+04
9.4 1.006888e+04 1.006436e+04 1.007617e+04 1.008069e+04
10.4 1.008142e+04 1.005880e+04 1.007691e+04 1.009953e+04
11.4 1.015102e+04 1.007977e+04 1.007751e+04 1.014876e+04
12.4 1.007102e+04 1.008509e+04 1.007789e+04 1.006383e+04
13.4 1.010999e+04 1.009390e+04 1.007812e+04 1.009421e+04
14.4 1.012053e+04 1.011162e+04 1.007823e+04 1.008714e+04
15.4 1.011230e+04 1.009200e+04 1.007829e+04 1.009859e+04
16.4 1.008999e+04 1.006424e+04 1.007832e+04 1.010408e+04
17.4 1.004610e+04 1.004722e+04 1.007835e+04 1.007723e+04
0.1 1.009850e+04 1.011847e+04 1.007874e+04 1.005877e+04
1.1 1.007015e+04 1.009869e+04 1.008210e+04 1.005356e+04
2.1 1.009581e+04 1.008596e+04 1.010135e+04 1.011121e+04
3.1 1.009560e+04 1.007302e+04 1.010622e+04 1.012880e+04
4.1 1.010475e+04 1.008595e+04 1.009555e+04 1.011435e+04
5.1 1.004943e+04 1.009326e+04 1.008536e+04 1.004153e+04
6.1 1.006434e+04 1.008052e+04 1.007950e+04 1.006331e+04
7.1 1.001644e+04 1.008013e+04 1.007698e+04 1.001329e+04
8.1 1.007017e+04 1.007349e+04 1.007634e+04 1.007303e+04
9.1 1.004957e+04 1.009002e+04 1.007673e+04 1.003628e+04
10.1 1.011829e+04 1.009184e+04 1.007745e+04 1.010390e+04
11.1 1.008723e+04 1.007209e+04 1.007811e+04 1.009325e+04
12.1 1.011722e+04 1.009171e+04 1.007854e+04 1.010405e+04
13.1 1.012676e+04 1.010110e+04 1.007880e+04 1.010446e+04
14.1 1.002665e+04 1.007599e+04 1.007892e+04 1.002958e+04
15.1 1.002905e+04 1.005114e+04 1.007899e+04 1.005690e+04
16.1 9.998987e+03 1.003875e+04 1.007903e+04 1.003927e+04
17.1 1.003797e+04 1.006182e+04 1.007906e+04 1.005520e+04
0.1 1.014206e+04 1.009122e+04 1.007824e+04 1.012908e+04
1.1 1.001189e+04 1.008695e+04 1.008154e+04 1.000648e+04
2.1 9.974066e+03 1.008295e+04 1.010071e+04 9.991828e+03
3.1 1.003593e+04 1.007429e+04 1.010566e+04 1.006730e+04
4.1 1.005322e+04 1.008885e+04 1.009476e+04 1.005913e+04
5.1 1.008084e+04 1.009698e+04 1.008450e+04 1.006836e+04
6.1 1.007286e+04 1.007483e+04 1.007856e+04 1.007659e+04
7.1 1.007261e+04 1.006612e+04 1.007597e+04 1.008246e+04
8.1 1.005645e+04 1.006965e+04 1.007527e+04 1.006206e+04
9.1 1.004842e+04 1.007280e+04 1.007559e+04 1.005120e+04
10.1 1.007913e+04 1.008986e+04 1.007623e+04 1.006551e+04
11.1 1.007849e+04 1.008084e+04 1.007683e+04 1.007448e+04
12.1 1.005170e+04 1.005985e+04 1.007720e+04 1.006906e+04
13.1 1.009705e+04 1.006470e+04 1.007740e+04 1.010975e+04
14.1 1.009927e+04 1.009618e+04 1.007747e+04 1.008056e+04
