1.008848e+04 9.986582e+03 9.939810e+03 1.013526e+04
9.979002e+03 9.986957e+03 9.938983e+03 1.002698e+04
9.950566e+03 9.987319e+03 9.938478e+03 9.999407e+03
1.002209e+04 9.987670e+03 9.969189e+03 1.004057e+04
1.001676e+04 9.988008e+03 1.003704e+04 9.967735e+03
9.960736e+03 9.994035e+03 1.003876e+04 9.916011e+03
1.000311e+04 1.004676e+04 1.004649e+04 1.000337e+04
1.004681e+04 1.006935e+04 1.003261e+04 1.008355e+04
9.979075e+03 1.004148e+04 9.988282e+03 1.003227e+04
9.995041e+03 1.001114e+04 1.000110e+04 1.000508e+04
9.987779e+03 9.993053e+03 1.003131e+04 9.949520e+03
9.994252e+03 9.985144e+03 1.001176e+04 9.967640e+03
9.969648e+03 9.982982e+03 1.000607e+04 9.946565e+03
9.984414e+03 9.984031e+03 9.992316e+03 9.976129e+03
9.977621e+03 9.986198e+03 1.002808e+04 9.935743e+03
1.004751e+04 9.988290e+03 1.003735e+04 9.998451e+03
9.997932e+03 9.989749e+03 9.991912e+03 9.995769e+03
9.990464e+03 9.990664e+03 9.954312e+03 1.002682e+04
1.005473e+04 9.991184e+03 9.968441e+03 1.007747e+04
9.978423e+03 9.991499e+03 9.973785e+03 9.996136e+03
1.000083e+04 9.991712e+03 1.002028e+04 9.972256e+03
1.002903e+04 9.991875e+03 1.005750e+04 9.963411e+03
1.007340e+04 9.992016e+03 1.003855e+04 1.002687e+04
1.007191e+04 9.992142e+03 1.003982e+04 1.002424e+04
1.005970e+04 9.992258e+03 1.000454e+04 1.004742e+04
9.995959e+03 9.992367e+03 9.955143e+03 1.003318e+04
9.961931e+03 9.992468e+03 9.925041e+03 1.002936e+04
9.955347e+03 9.992564e+03 9.930611e+03 1.001730e+04
1.001206e+04 9.992652e+03 1.000939e+04 9.995321e+03
1.010917e+04 9.992732e+03 1.003309e+04 1.006882e+04
9.926785e+03 9.992807e+03 9.993495e+03 9.926097e+03
9.921020e+03 9.992876e+03 9.989677e+03 9.924219e+03
9.890580e+03 9.992941e+03 9.984856e+03 9.898664e+03
9.788000e+03 9.993002e+03 9.954694e+03 9.826308e+03
9.787991e+03 9.993060e+03 9.931427e+03 9.849625e+03
9.849673e+03 9.993114e+03 9.974751e+03 9.868036e+03
9.996844e+03 9.993166e+03 1.002356e+04 9.966447e+03
9.997438e+03 9.993215e+03 1.001398e+04 9.976677e+03
1.001246e+04 9.993261e+03 1.002803e+04 9.977691e+03
9.978104e+03 9.993306e+03 1.000580e+04 9.965614e+03
1.000910e+04 9.993346e+03 9.973424e+03 1.002902e+04
1.004672e+04 9.993378e+03 1.001418e+04 1.002592e+04
1.004990e+04 9.993406e+03 1.002523e+04 1.001808e+04
1.001369e+04 9.993436e+03 1.002542e+04 9.981703e+03
1.005446e+04 9.993467e+03 1.003519e+04 1.001274e+04
1.007718e+04 9.993498e+03 1.003408e+04 1.003659e+04
1.006973e+04 9.993529e+03 1.006841e+04 9.994846e+03
1.008703e+04 9.993573e+03 1.003708e+04 1.004353e+04
9.996989e+03 1.001310e+04 9.992477e+03 1.001762e+04
9.993546e+03 1.006754e+04 1.000233e+04 1.005876e+04
9.951922e+03 1.006703e+04 9.981095e+03 1.003785e+04
9.976786e+03 1.003400e+04 9.957891e+03 1.005289e+04
9.971289e+03 1.000712e+04 1.001287e+04 9.965542e+03
1.004802e+04 9.993280e+03 1.002545e+04 1.001585e+04
9.894036e+03 9.987503e+03 9.980347e+03 9.901193e+03
1.000091e+04 9.986500e+03 9.949457e+03 1.003795e+04
1.000924e+04 9.987916e+03 9.984373e+03 1.001279e+04
9.953467e+03 9.989986e+03 9.986793e+03 9.956659e+03
9.834913e+03 9.991650e+03 9.954066e+03 9.872497e+03
1.000172e+04 9.992715e+03 9.937720e+03 1.005672e+04
1.006700e+04 9.993300e+03 9.999244e+03 1.006106e+04
1.007635e+04 9.993565e+03 1.003349e+04 1.003643e+04
1.009029e+04 9.993675e+03 1.003551e+04 1.004846e+04
1.005848e+04 9.993709e+03 1.004368e+04 1.000851e+04
9.989266e+03 9.993711e+03 1.002936e+04 9.953613e+03
1.005678e+04 9.993701e+03 1.005484e+04 9.995636e+03
9.967944e+03 9.993678e+03 1.002533e+04 9.936289e+03
9.905257e+03 9.993650e+03 9.972941e+03 9.925966e+03
9.992331e+03 9.993617e+03 9.974154e+03 1.001179e+04
1.002555e+04 9.993579e+03 9.971553e+03 1.004757e+04
1.001278e+04 9.993536e+03 1.000226e+04 1.000406e+04
1.010461e+04 9.993487e+03 1.001427e+04 1.008383e+04
1.006211e+04 9.993432e+03 1.000421e+04 1.005134e+04
1.011933e+04 9.993372e+03 1.002600e+04 1.008670e+04
1.009520e+04 9.993306e+03 9.998985e+03 1.008952e+04
9.971090e+03 9.993235e+03 9.951824e+03 1.001250e+04
9.980409e+03 9.993157e+03 9.939157e+03 1.003441e+04
1.006634e+04 9.993074e+03 9.995061e+03 1.006435e+04
1.010521e+04 9.992986e+03 1.000495e+04 1.009325e+04
1.002192e+04 9.992892e+03 9.996403e+03 1.001841e+04
9.967829e+03 9.992793e+03 9.990646e+03 9.969977e+03
9.978264e+03 9.992698e+03 1.000341e+04 9.967552e+03
9.998304e+03 9.992601e+03 1.003415e+04 9.956753e+03
9.894010e+03 9.992493e+03 1.000294e+04 9.883560e+03
9.938666e+03 9.992374e+03 9.982774e+03 9.948266e+03
9.953283e+03 9.992249e+03 1.001508e+04 9.930451e+03
9.953574e+03 9.992119e+03 9.995717e+03 9.949977e+03
9.957487e+03 9.991986e+03 9.971640e+03 9.977833e+03
1.001715e+04 9.991851e+03 1.001743e+04 9.991562e+03
1.001020e+04 9.991714e+03 1.001894e+04 9.982972e+03
9.963600e+03 9.991576e+03 1.001427e+04 9.940905e+03
1.006120e+04 9.991437e+03 1.001796e+04 1.003467e+04
9.986962e+03 9.991298e+03 9.980010e+03 9.998250e+03
9.992514e+03 9.991159e+03 9.974857e+03 1.000882e+04
9.978936e+03 9.991021e+03 1.001271e+04 9.957248e+03
9.936640e+03 9.990882e+03 9.999107e+03 9.928415e+03
9.983043e+03 9.990734e+03 9.994119e+03 9.979659e+03
9.965190e+03 9.990586e+03 9.980509e+03 9.975267e+03
9.955375e+03 9.990444e+03 9.955129e+03 9.990690e+03
1.003606e+04 9.990310e+03 9.993956e+03 1.003242e+04
1.006300e+04 9.990255e+03 1.003008e+04 1.002318e+04
1.006785e+04 1.001502e+04 1.002152e+04 1.006135e+04
1.002104e+04 1.006750e+04 1.002928e+04 1.005926e+04
1.002665e+04 1.006041e+04 9.996591e+03 1.009046e+04
1.008691e+04 1.002683e+04 9.975319e+03 1.013842e+04
1.004218e+04 1.000118e+04 1.001365e+04 1.002971e+04
9.952846e+03 9.988225e+03 1.000451e+04 9.936559e+03
9.851492e+03 9.982893e+03 9.961788e+03 9.872597e+03
9.941033e+03 9.982212e+03 9.957376e+03 9.965869e+03
9.965742e+03 9.983679e+03 1.000619e+04 9.943227e+03
1.002008e+04 9.985673e+03 1.001812e+04 9.987636e+03
1.004053e+04 9.987219e+03 1.004386e+04 9.983884e+03
9.960445e+03 9.988196e+03 1.002156e+04 9.927078e+03
9.923382e+03 9.988689e+03 9.970604e+03 9.941467e+03
9.890323e+03 1.000591e+04 9.950573e+03 9.945658e+03
9.945922e+03 1.006205e+04 9.988753e+03 1.001922e+04
1.001631e+04 1.006370e+04 9.985262e+03 1.009474e+04
9.980852e+03 1.003018e+04 9.967024e+03 1.004401e+04
1.004498e+04 1.000346e+04 1.001638e+04 1.003206e+04
1.006855e+04 9.989099e+03 1.002705e+04 1.003060e+04
1.006798e+04 9.982946e+03 1.001816e+04 1.003277e+04
1.006063e+04 9.981871e+03 1.002440e+04 1.001810e+04
9.996347e+03 9.983302e+03 9.987628e+03 9.992020e+03
9.932140e+03 9.985369e+03 9.945800e+03 9.971709e+03
9.893971e+03 9.987124e+03 9.922134e+03 9.958960e+03
1.003057e+04 9.988308e+03 9.945640e+03 1.007324e+04
1.001714e+04 9.988965e+03 9.989168e+03 1.001693e+04
1.005712e+04 9.997202e+03 9.986170e+03 1.006815e+04
1.001685e+04 1.005163e+04 1.001121e+04 1.005728e+04
1.006463e+04 1.006939e+04 1.000899e+04 1.012502e+04
9.972547e+03 1.003939e+04 9.969119e+03 1.004282e+04
9.964808e+03 1.000970e+04 9.939982e+03 1.003452e+04
1.003365e+04 9.992358e+03 9.977912e+03 1.004809e+04
1.003153e+04 9.984848e+03 1.000886e+04 1.000752e+04
9.989173e+03 9.982885e+03 1.000535e+04 9.966711e+03
1.003313e+04 9.983961e+03 1.003180e+04 9.985291e+03
9.996777e+03 9.986052e+03 1.000778e+04 9.975050e+03
9.934312e+03 9.988021e+03 9.959471e+03 9.962861e+03
9.906082e+03 9.989360e+03 9.943985e+03 9.951457e+03
9.998673e+03 9.990165e+03 9.998669e+03 9.990169e+03
9.997601e+03 9.990625e+03 1.000811e+04 9.980117e+03
1.007167e+04 9.990888e+03 9.998731e+03 1.006383e+04
1.000705e+04 9.991064e+03 9.996370e+03 1.000174e+04
1.004057e+04 9.991203e+03 1.000604e+04 1.002574e+04
1.003293e+04 9.991327e+03 1.004472e+04 9.979534e+03
1.003649e+04 9.991445e+03 1.002848e+04 9.999456e+03
1.006514e+04 9.991559e+03 1.003968e+04 1.001703e+04
1.006092e+04 9.991671e+03 1.002413e+04 1.002846e+04
1.002866e+04 9.991781e+03 1.002642e+04 9.994019e+03
1.000758e+04 9.991890e+03 1.002022e+04 9.979248e+03
9.999378e+03 9.991997e+03 9.998219e+03 9.993155e+03
1.000107e+04 9.992101e+03 1.001825e+04 9.974921e+03
9.980184e+03 9.992203e+03 1.000975e+04 9.962634e+03
9.985534e+03 9.992303e+03 1.005161e+04 9.926228e+03
1.001423e+04 9.992401e+03 1.005438e+04 9.952254e+03
9.935370e+03 9.992497e+03 9.996532e+03 9.931336e+03
9.971801e+03 9.992591e+03 9.980635e+03 9.983757e+03
9.912094e+03 9.992683e+03 9.971147e+03 9.933629e+03
9.918970e+03 9.992773e+03 9.941107e+03 9.970636e+03
9.974100e+03 9.992862e+03 9.917374e+03 1.004959e+04
9.951257e+03 9.992949e+03 9.909082e+03 1.003512e+04
1.000460e+04 9.993035e+03 9.955113e+03 1.004252e+04
1.004868e+04 9.993119e+03 1.000838e+04 1.003341e+04
1.001354e+04 9.993203e+03 9.989402e+03 1.001734e+04
9.888553e+03 9.993286e+03 9.952241e+03 9.929598e+03
9.945739e+03 9.993369e+03 9.975644e+03 9.963464e+03
9.959918e+03 9.993451e+03 1.000663e+04 9.946742e+03
9.920809e+03 9.993534e+03 1.001987e+04 9.894474e+03
9.995945e+03 9.993617e+03 1.002959e+04 9.959969e+03
9.978038e+03 1.000517e+04 1.000132e+04 9.981885e+03
9.991606e+03 1.006188e+04 1.001050e+04 1.004299e+04
9.985000e+03 1.007140e+04 9.998953e+03 1.005745e+04
9.981953e+03 1.003930e+04 1.002966e+04 9.991585e+03
1.004621e+04 1.001107e+04 1.007727e+04 9.980017e+03
1.003240e+04 9.995430e+03 1.003808e+04 9.989752e+03
9.972644e+03 9.988509e+03 1.001628e+04 9.944877e+03
1.004079e+04 9.987036e+03 1.001575e+04 1.001208e+04
9.916424e+03 9.988332e+03 9.972273e+03 9.932482e+03
1.000029e+04 9.990440e+03 9.969314e+03 1.002141e+04
1.002382e+04 9.992295e+03 1.001816e+04 9.997956e+03
9.977773e+03 9.993582e+03 1.000487e+04 9.966489e+03
9.938595e+03 9.994320e+03 9.996902e+03 9.936012e+03
9.932896e+03 9.994738e+03 9.983433e+03 9.944202e+03
1.002244e+04 9.994979e+03 1.001526e+04 1.000215e+04
1.008092e+04 9.995144e+03 1.006002e+04 1.001604e+04
1.001145e+04 9.995280e+03 1.001903e+04 9.987705e+03
1.003237e+04 9.995409e+03 9.982919e+03 1.004486e+04
1.009084e+04 9.995534e+03 9.978825e+03 1.010755e+04
1.005879e+04 9.995660e+03 9.977079e+03 1.007737e+04
1.002806e+04 9.995789e+03 1.001811e+04 1.000574e+04
1.001563e+04 9.995919e+03 1.000633e+04 1.000521e+04
9.941239e+03 9.996050e+03 9.966601e+03 9.970688e+03
1.000415e+04 9.996182e+03 9.969079e+03 1.003125e+04
9.980898e+03 9.996318e+03 9.965871e+03 1.001135e+04
1.004565e+04 9.996457e+03 1.000177e+04 1.004034e+04
1.007980e+04 9.996600e+03 1.002618e+04 1.005022e+04
1.006247e+04 9.996744e+03 9.988344e+03 1.007087e+04
1.006851e+04 9.996890e+03 9.987907e+03 1.007749e+04
1.003337e+04 9.997037e+03 1.000970e+04 1.002070e+04
9.963999e+03 9.997185e+03 9.979690e+03 9.981494e+03
9.990063e+03 9.997334e+03 9.979554e+03 1.000784e+04
1.006680e+04 9.997483e+03 1.002488e+04 1.003940e+04
9.959519e+03 9.997630e+03 1.001653e+04 9.940619e+03
1.001726e+04 9.997757e+03 1.003374e+04 9.981279e+03
9.973832e+03 9.997873e+03 1.002260e+04 9.949110e+03
9.961283e+03 9.997999e+03 1.002744e+04 9.931845e+03
9.955837e+03 9.998136e+03 1.002405e+04 9.929928e+03
9.908801e+03 9.998280e+03 9.977090e+03 9.929991e+03
9.921525e+03 9.998428e+03 9.960208e+03 9.959746e+03
9.970889e+03 9.998577e+03 9.967463e+03 1.000200e+04
9.985365e+03 9.998723e+03 9.985241e+03 9.998847e+03
1.006166e+04 9.998866e+03 1.003938e+04 1.002114e+04
1.007383e+04 9.999006e+03 1.002230e+04 1.005053e+04
9.975074e+03 9.999142e+03 9.970564e+03 1.000365e+04
1.002465e+04 9.999274e+03 9.960222e+03 1.006370e+04
9.978694e+03 9.999404e+03 9.995040e+03 9.983058e+03
9.942884e+03 9.999529e+03 9.981284e+03 9.961129e+03
