0.2 8.114225e+03 8.261228e+03 8.271345e+03 8.124341e+03
1.2 8.368732e+03 8.262674e+03 8.274166e+03 8.380225e+03
2.2 8.347672e+03 8.277338e+03 8.289908e+03 8.360242e+03
3.2 8.253991e+03 8.282070e+03 8.294523e+03 8.266444e+03
4.2 8.402827e+03 8.279853e+03 8.285628e+03 8.408603e+03
5.2 8.279508e+03 8.328346e+03 8.276601e+03 8.227762e+03
6.2 8.296973e+03 8.306289e+03 8.271612e+03 8.262295e+03
7.2 8.256021e+03 8.284755e+03 8.276871e+03 8.248138e+03
8.2 8.264412e+03 8.300824e+03 8.299073e+03 8.262661e+03
9.2 8.153187e+03 8.289575e+03 8.302319e+03 8.165930e+03
10.2 8.409961e+03 8.326853e+03 8.288964e+03 8.372071e+03
11.2 8.319079e+03 8.342982e+03 8.277204e+03 8.253301e+03
12.2 8.319738e+03 8.302639e+03 8.270692e+03 8.287792e+03
13.2 8.234078e+03 8.260704e+03 8.267845e+03 8.241219e+03
14.2 8.223376e+03 8.270183e+03 8.267270e+03 8.220463e+03
15.2 8.339561e+03 8.285757e+03 8.267832e+03 8.321635e+03
16.2 8.319342e+03 8.271337e+03 8.268705e+03 8.316710e+03
17.2 8.414894e+03 8.428630e+03 8.269453e+03 8.255716e+03
0.5 8.296973e+03 8.306289e+03 8.271612e+03 8.262295e+03
1.5 8.256021e+03 8.284755e+03 8.276871e+03 8.248138e+03
2.5 8.264412e+03 8.300824e+03 8.299073e+03 8.262661e+03
3.5 8.153187e+03 8.289575e+03 8.302319e+03 8.165930e+03
4.5 8.409961e+03 8.326853e+03 8.288964e+03 8.372071e+03
5.5 8.319079e+03 8.342982e+03 8.277204e+03 8.253301e+03
6.5 8.319738e+03 8.302639e+03 8.270692e+03 8.287792e+03
7.5 8.234078e+03 8.260704e+03 8.267845e+03 8.241219e+03
8.5 8.223376e+03 8.270183e+03 8.267270e+03 8.220463e+03
9.5 8.339561e+03 8.285757e+03 8.267832e+03 8.321635e+03
10.5 8.319342e+03 8.271337e+03 8.268705e+03 8.316710e+03
11.5 8.414894e+03 8.428630e+03 8.269453e+03 8.255716e+03
12.5 8.408994e+03 8.331231e+03 8.272391e+03 8.350153e+03
13.5 8.370768e+03 8.376232e+03 8.289602e+03 8.284138e+03
14.5 8.283225e+03 8.314725e+03 8.297228e+03 8.265728e+03
15.5 8.447068e+03 8.297831e+03 8.288091e+03 8.437329e+03
16.5 8.124277e+03 8.265736e+03 8.277807e+03 8.136348e+03
17.5 8.213961e+03 8.258907e+03 8.271559e+03 8.226613e+03
0.1 8.414894e+03 8.428630e+03 8.269453e+03 8.255716e+03
1.1 8.408994e+03 8.331231e+03 8.272391e+03 8.350153e+03
2.1 8.370768e+03 8.376232e+03 8.289602e+03 8.284138e+03
3.1 8.283225e+03 8.314725e+03 8.297228e+03 8.265728e+03
4.1 8.447068e+03 8.297831e+03 8.288091e+03 8.437329e+03
5.1 8.124277e+03 8.265736e+03 8.277807e+03 8.136348e+03
6.1 8.213961e+03 8.258907e+03 8.271559e+03 8.226613e+03
7.1 8.348018e+03 8.278289e+03 8.268762e+03 8.338490e+03
8.1 8.200944e+03 8.285851e+03 8.267923e+03 8.183016e+03
9.1 8.370122e+03 8.280955e+03 8.268180e+03 8.357347e+03
10.1 8.308119e+03 8.248369e+03 8.268826e+03 8.328576e+03
11.1 8.375247e+03 8.256913e+03 8.269456e+03 8.387790e+03
12.1 8.162926e+03 8.253353e+03 8.269878e+03 8.179451e+03
13.1 8.204775e+03 8.255760e+03 8.270120e+03 8.219136e+03
14.1 8.259748e+03 8.297344e+03 8.270232e+03 8.232636e+03
15.1 8.280267e+03 8.285187e+03 8.270277e+03 8.265356e+03
16.1 8.292871e+03 8.282772e+03 8.270290e+03 8.280390e+03
17.1 8.293235e+03 8.323098e+03 8.270289e+03 8.240426e+03
0.2 8.349604e+03 8.310545e+03 8.270158e+03 8.309218e+03
1.2 8.219763e+03 8.302961e+03 8.272809e+03 8.189611e+03
2.2 8.224804e+03 8.290903e+03 8.289602e+03 8.223502e+03
3.2 8.322409e+03 8.275896e+03 8.296177e+03 8.342690e+03
4.2 8.255729e+03 8.306164e+03 8.286836e+03 8.236400e+03
5.2 8.354300e+03 8.302461e+03 8.276954e+03 8.328794e+03
6.2 8.414219e+03 8.326698e+03 8.277072e+03 8.364593e+03
7.2 8.180193e+03 8.299313e+03 8.290195e+03 8.171075e+03
8.2 8.266532e+03 8.281349e+03 8.289617e+03 8.274800e+03
9.2 8.316923e+03 8.274488e+03 8.279957e+03 8.322391e+03
10.2 8.243437e+03 8.252663e+03 8.272688e+03 8.263462e+03
11.2 8.291163e+03 8.271898e+03 8.268968e+03 8.288234e+03
12.2 8.266255e+03 8.254104e+03 8.267614e+03 8.279765e+03
13.2 8.333409e+03 8.261688e+03 8.267511e+03 8.339233e+03
14.2 8.177443e+03 8.263618e+03 8.268027e+03 8.181852e+03
15.2 8.327418e+03 8.279601e+03 8.268656e+03 8.316473e+03
16.2 8.147590e+03 8.245912e+03 8.269167e+03 8.170845e+03
17.2 8.294297e+03 8.250225e+03 8.269475e+03 8.313547e+03
0.4 8.354300e+03 8.302461e+03 8.276954e+03 8.328794e+03
1.4 8.414219e+03 8.326698e+03 8.277072e+03 8.364593e+03
2.4 8.180193e+03 8.299313e+03 8.290195e+03 8.171075e+03
3.4 8.266532e+03 8.281349e+03 8.289617e+03 8.274800e+03
4.4 8.316923e+03 8.274488e+03 8.279957e+03 8.322391e+03
5.4 8.243437e+03 8.252663e+03 8.272688e+03 8.263462e+03
6.4 8.291163e+03 8.271898e+03 8.268968e+03 8.288234e+03
7.4 8.266255e+03 8.254104e+03 8.267614e+03 8.279765e+03
8.4 8.333409e+03 8.261688e+03 8.267511e+03 8.339233e+03
9.4 8.177443e+03 8.263618e+03 8.268027e+03 8.181852e+03
10.4 8.327418e+03 8.279601e+03 8.268656e+03 8.316473e+03
11.4 8.147590e+03 8.245912e+03 8.269167e+03 8.170845e+03
12.4 8.294297e+03 8.250225e+03 8.269475e+03 8.313547e+03
13.4 8.357452e+03 8.247282e+03 8.269634e+03 8.379804e+03
14.4 8.360138e+03 8.260910e+03 8.269704e+03 8.368931e+03
15.4 8.171928e+03 8.258844e+03 8.269725e+03 8.182808e+03
16.4 8.298580e+03 8.272598e+03 8.269728e+03 8.295710e+03
17.4 8.167357e+03 8.257378e+03 8.269723e+03 8.179702e+03
0.4 8.337589e+03 8.363814e+03 8.269717e+03 8.243492e+03
1.4 8.307229e+03 8.311760e+03 8.274830e+03 8.270299e+03
2.4 8.341698e+03 8.321363e+03 8.296856e+03 8.317192e+03
3.4 8.306879e+03 8.297725e+03 8.304331e+03 8.313485e+03
4.4 8.222381e+03 8.291880e+03 8.291876e+03 8.222376e+03
5.4 8.359913e+03 8.315521e+03 8.278513e+03 8.322905e+03
6.4 8.364135e+03 8.270181e+03 8.270946e+03 8.364899e+03
7.4 8.339198e+03 8.261773e+03 8.267522e+03 8.344947e+03
8.4 8.211391e+03 8.259533e+03 8.266865e+03 8.218722e+03
9.4 8.194889e+03 8.259835e+03 8.278514e+03 8.213568e+03
10.4 8.190844e+03 8.238954e+03 8.297802e+03 8.249692e+03
11.4 8.187267e+03 8.281648e+03 8.295236e+03 8.200855e+03
12.4 8.296264e+03 8.278854e+03 8.283139e+03 8.300548e+03
13.4 8.206331e+03 8.280120e+03 8.273882e+03 8.200093e+03
14.4 8.256017e+03 8.301604e+03 8.269251e+03 8.223664e+03
15.4 8.356220e+03 8.316785e+03 8.267426e+03 8.306860e+03
16.4 8.299200e+03 8.311265e+03 8.267307e+03 8.255242e+03
17.4 8.278228e+03 8.287519e+03 8.267964e+03 8.258672e+03
0.7 8.211391e+03 8.259533e+03 8.266865e+03 8.218722e+03
1.7 8.194889e+03 8.259835e+03 8.278514e+03 8.213568e+03
2.7 8.190844e+03 8.238954e+03 8.297802e+03 8.249692e+03
3.7 8.187267e+03 8.281648e+03 8.295236e+03 8.200855e+03
4.7 8.296264e+03 8.278854e+03 8.283139e+03 8.300548e+03
5.7 8.206331e+03 8.280120e+03 8.273882e+03 8.200093e+03
6.7 8.256017e+03 8.301604e+03 8.269251e+03 8.223664e+03
7.7 8.356220e+03 8.316785e+03 8.267426e+03 8.306860e+03
8.7 8.299200e+03 8.311265e+03 8.267307e+03 8.255242e+03
9.7 8.278228e+03 8.287519e+03 8.267964e+03 8.258672e+03
10.7 8.266142e+03 8.252677e+03 8.268818e+03 8.282282e+03
11.7 8.213736e+03 8.260114e+03 8.275681e+03 8.229304e+03
12.7 8.234035e+03 8.279613e+03 8.295192e+03 8.249614e+03
13.7 8.252018e+03 8.292420e+03 8.296852e+03 8.256450e+03
14.7 8.352576e+03 8.309859e+03 8.285698e+03 8.328415e+03
15.7 8.267891e+03 8.334653e+03 8.275815e+03 8.209052e+03
16.7 8.393745e+03 8.291351e+03 8.270588e+03 8.372982e+03
17.7 8.292523e+03 8.311894e+03 8.268345e+03 8.248975e+03
0.5 8.266142e+03 8.252677e+03 8.268818e+03 8.282282e+03
1.5 8.213736e+03 8.260114e+03 8.275681e+03 8.229304e+03
2.5 8.234035e+03 8.279613e+03 8.295192e+03 8.249614e+03
3.5 8.252018e+03 8.292420e+03 8.296852e+03 8.256450e+03
4.5 8.352576e+03 8.309859e+03 8.285698e+03 8.328415e+03
5.5 8.267891e+03 8.334653e+03 8.275815e+03 8.209052e+03
6.5 8.393745e+03 8.291351e+03 8.270588e+03 8.372982e+03
7.5 8.292523e+03 8.311894e+03 8.268345e+03 8.248975e+03
8.5 8.292249e+03 8.342637e+03 8.267953e+03 8.217566e+03
9.5 8.303215e+03 8.282655e+03 8.268461e+03 8.289021e+03
10.5 8.233275e+03 8.265237e+03 8.269246e+03 8.237285e+03
11.5 8.320216e+03 8.257552e+03 8.269905e+03 8.332569e+03
12.5 8.180859e+03 8.256638e+03 8.270359e+03 8.194580e+03
13.5 8.201019e+03 8.259732e+03 8.270623e+03 8.211910e+03
14.5 8.242657e+03 8.226260e+03 8.270777e+03 8.287175e+03
15.5 8.037364e+03 8.224532e+03 8.270875e+03 8.083707e+03
16.5 8.273688e+03 8.255311e+03 8.270944e+03 8.289321e+03
17.5 8.290418e+03 8.262000e+03 8.271002e+03 8.299421e+03
0.4 8.262519e+03 8.260513e+03 8.271528e+03 8.273534e+03
1.4 8.076203e+03 8.112088e+03 8.277835e+03 8.241949e+03
2.4 8.331392e+03 8.328250e+03 8.300219e+03 8.303361e+03
3.4 8.321490e+03 8.263842e+03 8.305680e+03 8.363329e+03
4.4 8.386923e+03 8.284276e+03 8.292640e+03 8.395287e+03
5.4 8.374741e+03 8.322152e+03 8.279902e+03 8.332491e+03
6.4 8.264653e+03 8.340337e+03 8.272467e+03 8.196783e+03
7.4 8.260968e+03 8.298172e+03 8.269272e+03 8.232067e+03
8.4 8.316312e+03 8.278734e+03 8.268466e+03 8.306045e+03
9.4 8.340527e+03 8.289835e+03 8.268945e+03 8.319637e+03
10.4 8.447652e+03 8.267761e+03 8.269827e+03 8.449719e+03
11.4 8.302578e+03 8.270260e+03 8.270635e+03 8.302953e+03
12.4 8.276762e+03 8.256039e+03 8.271160e+03 8.291883e+03
13.4 8.215475e+03 8.259121e+03 8.271455e+03 8.227809e+03
14.4 8.273049e+03 8.277249e+03 8.271589e+03 8.267389e+03
15.4 8.164871e+03 8.264266e+03 8.271640e+03 8.172245e+03
16.4 8.366003e+03 8.249927e+03 8.271652e+03 8.387728e+03
17.4 8.134060e+03 8.260528e+03 8.271645e+03 8.145178e+03
0.7 8.189917e+03 8.206375e+03 8.271111e+03 8.254654e+03
1.7 8.144700e+03 8.238086e+03 8.281732e+03 8.188345e+03
2.7 8.327563e+03 8.284778e+03 8.299076e+03 8.341862e+03
3.7 8.325192e+03 8.305964e+03 8.296202e+03 8.315430e+03
4.7 8.418952e+03 8.343211e+03 8.283824e+03 8.359565e+03
5.7 8.377334e+03 8.354945e+03 8.274833e+03 8.297221e+03
6.7 8.282774e+03 8.291369e+03 8.270067e+03 8.261473e+03
7.7 8.250897e+03 8.248906e+03 8.268225e+03 8.270216e+03
8.7 8.160308e+03 8.213382e+03 8.267992e+03 8.214918e+03
9.7 8.283454e+03 8.239504e+03 8.268549e+03 8.312499e+03
10.7 8.278458e+03 8.247635e+03 8.269317e+03 8.300140e+03
11.7 8.285832e+03 8.258676e+03 8.278071e+03 8.305227e+03
12.7 8.277950e+03 8.276648e+03 8.294923e+03 8.296226e+03
13.7 8.324244e+03 8.262876e+03 8.293756e+03 8.355124e+03
14.7 8.233338e+03 8.258873e+03 8.282825e+03 8.257290e+03
15.7 8.267931e+03 8.229428e+03 8.274557e+03 8.313060e+03
16.7 8.161543e+03 8.299339e+03 8.270125e+03 8.132330e+03
17.7 8.313634e+03 8.251687e+03 8.268393e+03 8.330340e+03
0.6 8.278458e+03 8.247635e+03 8.269317e+03 8.300140e+03
1.6 8.285832e+03 8.258676e+03 8.278071e+03 8.305227e+03
2.6 8.277950e+03 8.276648e+03 8.294923e+03 8.296226e+03
3.6 8.324244e+03 8.262876e+03 8.293756e+03 8.355124e+03
4.6 8.233338e+03 8.258873e+03 8.282825e+03 8.257290e+03
5.6 8.267931e+03 8.229428e+03 8.274557e+03 8.313060e+03
6.6 8.161543e+03 8.299339e+03 8.270125e+03 8.132330e+03
7.6 8.313634e+03 8.251687e+03 8.268393e+03 8.330340e+03
8.6 8.212971e+03 8.262747e+03 8.270378e+03 8.220602e+03
9.6 8.399075e+03 8.268522e+03 8.288074e+03 8.418627e+03
10.6 8.289552e+03 8.278085e+03 8.296354e+03 8.307821e+03
11.6 8.213737e+03 8.283536e+03 8.287670e+03 8.217871e+03
12.6 8.263972e+03 8.336750e+03 8.277756e+03 8.204978e+03
13.6 8.303156e+03 8.280958e+03 8.271849e+03 8.294047e+03
14.6 8.294104e+03 8.299636e+03 8.269103e+03 8.263570e+03
15.6 8.287232e+03 8.282588e+03 8.268385e+03 8.273030e+03
16.6 8.249115e+03 8.322692e+03 8.268743e+03 8.195167e+03
17.6 8.327525e+03 8.329084e+03 8.269495e+03 8.267936e+03
0.1 8.313634e+03 8.251687e+03 8.268393e+03 8.330340e+03
1.1 8.212971e+03 8.262747e+03 8.270378e+03 8.220602e+03
2.1 8.399075e+03 8.268522e+03 8.288074e+03 8.418627e+03
3.1 8.289552e+03 8.278085e+03 8.296354e+03 8.307821e+03
4.1 8.213737e+03 8.283536e+03 8.287670e+03 8.217871e+03
5.1 8.263972e+03 8.336750e+03 8.277756e+03 8.204978e+03
6.1 8.303156e+03 8.280958e+03 8.271849e+03 8.294047e+03
7.1 8.294104e+03 8.299636e+03 8.269103e+03 8.263570e+03
8.1 8.287232e+03 8.282588e+03 8.268385e+03 8.273030e+03
9.1 8.249115e+03 8.322692e+03 8.268743e+03 8.195167e+03
10.1 8.327525e+03 8.329084e+03 8.269495e+03 8.267936e+03
11.1 8.188691e+03 8.277790e+03 8.270223e+03 8.181124e+03
12.1 8.363679e+03 8.272065e+03 8.270780e+03 8.362393e+03
13.1 8.205468e+03 8.258304e+03 8.271149e+03 8.218312e+03
14.1 8.241107e+03 8.265544e+03 8.271407e+03 8.246971e+03
15.1 8.144028e+03 8.202826e+03 8.271605e+03 8.212808e+03
16.1 8.292307e+03 8.263757e+03 8.271783e+03 8.300334e+03
17.1 8.305794e+03 8.276273e+03 8.271960e+03 8.301480e+03
