0.9 1.244846e+04 1.242929e+04 1.245228e+04 1.247146e+04
1.9 1.265040e+04 1.242855e+04 1.244685e+04 1.266871e+04
2.9 1.247027e+04 1.243202e+04 1.244412e+04 1.248237e+04
3.9 1.230170e+04 1.247017e+04 1.244691e+04 1.227845e+04
4.9 1.254994e+04 1.257978e+04 1.245031e+04 1.242047e+04
5.9 1.245715e+04 1.246973e+04 1.245229e+04 1.243971e+04
6.9 1.243747e+04 1.244118e+04 1.245323e+04 1.244952e+04
7.9 1.252640e+04 1.246867e+04 1.245351e+04 1.251123e+04
8.9 1.252015e+04 1.252322e+04 1.245344e+04 1.245037e+04
9.9 1.237665e+04 1.244447e+04 1.245323e+04 1.238541e+04
10.9 1.258862e+04 1.254368e+04 1.245303e+04 1.249797e+04
11.9 1.246866e+04 1.252662e+04 1.245289e+04 1.239492e+04
12.9 1.260347e+04 1.268738e+04 1.245257e+04 1.236866e+04
13.9 1.247492e+04 1.263683e+04 1.244770e+04 1.228579e+04
14.9 1.260626e+04 1.261767e+04 1.244409e+04 1.243268e+04
15.9 1.269770e+04 1.255467e+04 1.244655e+04 1.258959e+04
16.9 1.249330e+04 1.247010e+04 1.245003e+04 1.247323e+04
17.9 1.261146e+04 1.245395e+04 1.245213e+04 1.260964e+04
0.8 1.260347e+04 1.268738e+04 1.245257e+04 1.236866e+04
1.8 1.247492e+04 1.263683e+04 1.244770e+04 1.228579e+04
2.8 1.260626e+04 1.261767e+04 1.244409e+04 1.243268e+04
3.8 1.269770e+04 1.255467e+04 1.244655e+04 1.258959e+04
4.8 1.249330e+04 1.247010e+04 1.245003e+04 1.247323e+04
5.8 1.261146e+04 1.245395e+04 1.245213e+04 1.260964e+04
6.8 1.257845e+04 1.254966e+04 1.245314e+04 1.248193e+04
7.8 1.242910e+04 1.243248e+04 1.245347e+04 1.245009e+04
8.8 1.237621e+04 1.249467e+04 1.245342e+04 1.233496e+04
9.8 1.261515e+04 1.248272e+04 1.245321e+04 1.258563e+04
10.8 1.230347e+04 1.235540e+04 1.245300e+04 1.240107e+04
11.8 1.251138e+04 1.244417e+04 1.245285e+04 1.252006e+04
12.8 1.248649e+04 1.245557e+04 1.245275e+04 1.248367e+04
13.8 1.246417e+04 1.243042e+04 1.245270e+04 1.248645e+04
14.8 1.230203e+04 1.239298e+04 1.245268e+04 1.236173e+04
15.8 1.227932e+04 1.234077e+04 1.245266e+04 1.239121e+04
16.8 1.241392e+04 1.235607e+04 1.245265e+04 1.251050e+04
17.8 1.239491e+04 1.241555e+04 1.245264e+04 1.243200e+04
0.8 1.264523e+04 1.248538e+04 1.245252e+04 1.261237e+04
1.8 1.275144e+04 1.261882e+04 1.244782e+04 1.258044e+04
2.8 1.254604e+04 1.250203e+04 1.244408e+04 1.248809e+04
3.8 1.244491e+04 1.258735e+04 1.244647e+04 1.230403e+04
4.8 1.260025e+04 1.257290e+04 1.244991e+04 1.247727e+04
5.8 1.255926e+04 1.247441e+04 1.245213e+04 1.253698e+04
6.8 1.226532e+04 1.237516e+04 1.245317e+04 1.234333e+04
7.8 1.224049e+04 1.221068e+04 1.245353e+04 1.248334e+04
8.8 1.231779e+04 1.244483e+04 1.245349e+04 1.232645e+04
9.8 1.225813e+04 1.240528e+04 1.245330e+04 1.230616e+04
10.8 1.242793e+04 1.240874e+04 1.245310e+04 1.247229e+04
11.8 1.259405e+04 1.246793e+04 1.245295e+04 1.257907e+04
12.8 1.238530e+04 1.240092e+04 1.245287e+04 1.243725e+04
13.8 1.234553e+04 1.233486e+04 1.245283e+04 1.246350e+04
14.8 1.223216e+04 1.227180e+04 1.245281e+04 1.241317e+04
15.8 1.240927e+04 1.245810e+04 1.245280e+04 1.240398e+04
16.8 1.252064e+04 1.248635e+04 1.245280e+04 1.248709e+04
17.8 1.240710e+04 1.245134e+04 1.245280e+04 1.240857e+04
0.9 1.250087e+04 1.251678e+04 1.245248e+04 1.243657e+04
1.9 1.237623e+04 1.250578e+04 1.244741e+04 1.231786e+04
2.9 1.234786e+04 1.246238e+04 1.244417e+04 1.232965e+04
3.9 1.274431e+04 1.253334e+04 1.244680e+04 1.265778e+04
4.9 1.241105e+04 1.236912e+04 1.245024e+04 1.249218e+04
5.9 1.228435e+04 1.230374e+04 1.245228e+04 1.243289e+04
6.9 1.246337e+04 1.241971e+04 1.245324e+04 1.249690e+04
7.9 1.228925e+04 1.242213e+04 1.245355e+04 1.232068e+04
8.9 1.235835e+04 1.241357e+04 1.245349e+04 1.239826e+04
9.9 1.248660e+04 1.249294e+04 1.245328e+04 1.244694e+04
10.9 1.249197e+04 1.247880e+04 1.245308e+04 1.246625e+04
11.9 1.260418e+04 1.252300e+04 1.245293e+04 1.253411e+04
12.9 1.268529e+04 1.256532e+04 1.245284e+04 1.257281e+04
13.9 1.269262e+04 1.254594e+04 1.245280e+04 1.259948e+04
14.9 1.259492e+04 1.251162e+04 1.245277e+04 1.253607e+04
15.9 1.256386e+04 1.253593e+04 1.245276e+04 1.248069e+04
16.9 1.264172e+04 1.257683e+04 1.245275e+04 1.251763e+04
17.9 1.252064e+04 1.249850e+04 1.245274e+04 1.247488e+04
0.1 1.236105e+04 1.235873e+04 1.245264e+04 1.245497e+04
1.1 1.241481e+04 1.238567e+04 1.245162e+04 1.248075e+04
2.1 1.235872e+04 1.247020e+04 1.244578e+04 1.233430e+04
3.1 1.242872e+04 1.244655e+04 1.244430e+04 1.242646e+04
4.1 1.256401e+04 1.248258e+04 1.244753e+04 1.252897e+04
5.1 1.238597e+04 1.247325e+04 1.245068e+04 1.236340e+04
6.1 1.257302e+04 1.244281e+04 1.245240e+04 1.258260e+04
7.1 1.258531e+04 1.246243e+04 1.245316e+04 1.257604e+04
8.1 1.235105e+04 1.233082e+04 1.245335e+04 1.247357e+04
9.1 1.255416e+04 1.244198e+04 1.245322e+04 1.256540e+04
10.1 1.249946e+04 1.249095e+04 1.245300e+04 1.246151e+04
11.1 1.248938e+04 1.245789e+04 1.245280e+04 1.248430e+04
12.1 1.245089e+04 1.248937e+04 1.245267e+04 1.241420e+04
13.1 1.229621e+04 1.257010e+04 1.245259e+04 1.217870e+04
14.1 1.259231e+04 1.253502e+04 1.245255e+04 1.250984e+04
15.1 1.223319e+04 1.239257e+04 1.245253e+04 1.229315e+04
16.1 1.245670e+04 1.241359e+04 1.245251e+04 1.249562e+04
17.1 1.244170e+04 1.246330e+04 1.245250e+04 1.243091e+04
0.5 1.240043e+04 1.248091e+04 1.245266e+04 1.237218e+04
1.5 1.264165e+04 1.255432e+04 1.244927e+04 1.253660e+04
2.5 1.242686e+04 1.242194e+04 1.244428e+04 1.244919e+04
3.5 1.249509e+04 1.253113e+04 1.244557e+04 1.240953e+04
4.5 1.229709e+04 1.244647e+04 1.244922e+04 1.229985e+04
5.5 1.259116e+04 1.244227e+04 1.245172e+04 1.260061e+04
6.5 1.252423e+04 1.251460e+04 1.245301e+04 1.246264e+04
7.5 1.262452e+04 1.247085e+04 1.245350e+04 1.260717e+04
8.5 1.247311e+04 1.242760e+04 1.245355e+04 1.249905e+04
9.5 1.251454e+04 1.245706e+04 1.245338e+04 1.251086e+04
10.5 1.252143e+04 1.248226e+04 1.245318e+04 1.249234e+04
11.5 1.238629e+04 1.242325e+04 1.245302e+04 1.241606e+04
12.5 1.235803e+04 1.231230e+04 1.245294e+04 1.249867e+04
13.5 1.230074e+04 1.240565e+04 1.245289e+04 1.234798e+04
14.5 1.255518e+04 1.251595e+04 1.245288e+04 1.249210e+04
