0.3 8.856517e+03 8.868534e+03 8.893496e+03 8.881479e+03
1.3 8.793525e+03 8.879365e+03 8.898125e+03 8.812285e+03
2.3 8.883423e+03 8.906179e+03 8.910086e+03 8.887331e+03
3.3 8.896692e+03 8.910396e+03 8.909807e+03 8.896103e+03
4.3 8.961571e+03 8.922362e+03 8.902327e+03 8.941536e+03
5.3 8.921574e+03 8.916843e+03 8.896573e+03 8.901305e+03
6.3 8.945620e+03 8.898149e+03 8.893478e+03 8.940949e+03
7.3 8.952174e+03 8.908475e+03 8.892256e+03 8.935954e+03
8.3 8.930083e+03 8.917493e+03 8.892075e+03 8.904665e+03
9.3 8.949070e+03 8.902949e+03 8.892425e+03 8.938546e+03
10.3 8.899446e+03 8.901990e+03 8.892899e+03 8.890356e+03
11.3 8.881031e+03 8.960965e+03 8.893302e+03 8.813368e+03
12.3 8.926757e+03 8.923382e+03 8.893562e+03 8.896937e+03
13.3 8.899062e+03 8.881518e+03 8.893715e+03 8.911259e+03
14.3 8.924690e+03 8.875544e+03 8.893804e+03 8.942951e+03
15.3 8.852392e+03 8.869252e+03 8.893858e+03 8.876997e+03
16.3 8.883510e+03 8.882236e+03 8.893896e+03 8.895170e+03
17.3 9.038431e+03 8.888035e+03 8.893928e+03 9.044324e+03
0.3 8.950423e+03 8.905099e+03 8.893053e+03 8.938377e+03
1.3 8.984923e+03 8.884643e+03 8.897323e+03 8.997602e+03
2.3 8.928166e+03 8.910407e+03 8.909505e+03 8.927265e+03
3.3 8.946773e+03 8.910603e+03 8.909155e+03 8.945325e+03
4.3 8.977073e+03 8.898318e+03 8.901784e+03 8.980539e+03
5.3 8.782730e+03 8.921262e+03 8.895777e+03 8.757245e+03
6.3 8.990637e+03 8.929088e+03 8.892659e+03 8.954207e+03
7.3 8.900883e+03 8.911405e+03 8.891313e+03 8.880791e+03
8.3 8.876081e+03 8.921320e+03 8.891059e+03 8.845820e+03
9.3 8.924549e+03 8.917245e+03 8.891326e+03 8.898629e+03
10.3 8.854608e+03 8.897008e+03 8.891737e+03 8.849338e+03
11.3 8.825887e+03 8.844694e+03 8.892060e+03 8.873253e+03
12.3 8.811976e+03 8.845341e+03 8.892256e+03 8.858891e+03
13.3 8.757236e+03 8.867216e+03 8.892338e+03 8.782358e+03
14.3 8.963099e+03 8.899263e+03 8.892356e+03 8.956191e+03
15.3 8.932803e+03 8.921472e+03 8.892341e+03 8.903672e+03
16.3 8.915447e+03 8.901410e+03 8.892312e+03 8.906349e+03
17.3 8.680787e+03 8.840066e+03 8.892278e+03 8.732999e+03
0.4 8.885189e+03 8.864756e+03 8.892130e+03 8.912563e+03
1.4 8.879508e+03 8.866777e+03 8.897309e+03 8.910040e+03
2.4 8.903689e+03 8.905024e+03 8.908955e+03 8.907620e+03
3.4 8.877448e+03 8.929264e+03 8.907839e+03 8.856023e+03
4.4 8.974140e+03 8.922443e+03 8.900421e+03 8.952117e+03
5.4 8.929046e+03 8.899770e+03 8.894668e+03 8.923944e+03
6.4 8.904459e+03 8.866409e+03 8.891750e+03 8.929800e+03
7.4 8.920555e+03 8.871253e+03 8.890556e+03 8.939858e+03
8.4 8.858634e+03 8.878622e+03 8.890381e+03 8.870392e+03
9.4 8.922318e+03 8.886720e+03 8.893953e+03 8.929552e+03
10.4 8.939042e+03 8.924914e+03 8.906928e+03 8.921056e+03
11.4 8.923085e+03 8.930012e+03 8.908321e+03 8.901394e+03
12.4 8.971188e+03 8.928350e+03 8.901405e+03 8.944242e+03
13.4 8.921574e+03 8.920367e+03 8.895281e+03 8.896488e+03
14.4 8.948313e+03 8.896403e+03 8.892039e+03 8.943949e+03
15.4 8.860405e+03 8.867442e+03 8.890630e+03 8.883593e+03
16.4 8.817738e+03 8.851105e+03 8.890364e+03 8.856997e+03
17.4 8.896064e+03 8.803142e+03 8.890661e+03 8.983583e+03
0.2 8.858634e+03 8.878622e+03 8.890381e+03 8.870392e+03
1.2 8.922318e+03 8.886720e+03 8.893953e+03 8.929552e+03
2.2 8.939042e+03 8.924914e+03 8.906928e+03 8.921056e+03
3.2 8.923085e+03 8.930012e+03 8.908321e+03 8.901394e+03
4.2 8.971188e+03 8.928350e+03 8.901405e+03 8.944242e+03
5.2 8.921574e+03 8.920367e+03 8.895281e+03 8.896488e+03
6.2 8.948313e+03 8.896403e+03 8.892039e+03 8.943949e+03
7.2 8.860405e+03 8.867442e+03 8.890630e+03 8.883593e+03
8.2 8.817738e+03 8.851105e+03 8.890364e+03 8.856997e+03
9.2 8.896064e+03 8.803142e+03 8.890661e+03 8.983583e+03
10.2 8.922602e+03 8.890698e+03 8.892258e+03 8.924162e+03
11.2 8.931528e+03 8.904297e+03 8.904095e+03 8.931327e+03
12.2 8.905336e+03 8.916149e+03 8.909679e+03 8.898866e+03
13.2 8.937535e+03 8.902206e+03 8.903730e+03 8.939059e+03
14.2 8.777637e+03 8.796869e+03 8.896982e+03 8.877750e+03
15.2 8.851633e+03 8.881266e+03 8.892908e+03 8.863275e+03
16.2 8.907340e+03 8.892646e+03 8.891103e+03 8.905797e+03
17.2 8.806878e+03 8.854813e+03 8.890585e+03 8.842651e+03
0.9 8.922602e+03 8.890698e+03 8.892258e+03 8.924162e+03
1.9 8.931528e+03 8.904297e+03 8.904095e+03 8.931327e+03
2.9 8.905336e+03 8.916149e+03 8.909679e+03 8.898866e+03
3.9 8.937535e+03 8.902206e+03 8.903730e+03 8.939059e+03
4.9 8.777637e+03 8.796869e+03 8.896982e+03 8.877750e+03
5.9 8.851633e+03 8.881266e+03 8.892908e+03 8.863275e+03
6.9 8.907340e+03 8.892646e+03 8.891103e+03 8.905797e+03
7.9 8.806878e+03 8.854813e+03 8.890585e+03 8.842651e+03
8.9 8.887239e+03 8.866780e+03 8.890796e+03 8.911255e+03
9.9 8.932820e+03 8.917081e+03 8.891266e+03 8.907005e+03
10.9 8.939557e+03 8.934954e+03 8.891730e+03 8.896333e+03
11.9 8.910582e+03 8.937157e+03 8.892059e+03 8.865484e+03
12.9 8.978167e+03 8.910539e+03 8.892272e+03 8.959900e+03
13.9 8.898703e+03 8.885737e+03 8.892401e+03 8.905367e+03
14.9 8.844715e+03 8.922636e+03 8.892488e+03 8.814567e+03
15.9 8.882867e+03 8.904081e+03 8.892557e+03 8.871344e+03
16.9 8.859082e+03 8.895067e+03 8.892619e+03 8.856635e+03
17.9 8.925482e+03 8.904507e+03 8.892680e+03 8.913656e+03
0.6 8.805785e+03 8.893079e+03 8.892945e+03 8.805652e+03
1.6 8.965349e+03 8.894598e+03 8.901410e+03 8.972161e+03
2.6 8.845373e+03 8.916829e+03 8.910875e+03 8.839419e+03
3.6 8.840918e+03 8.918355e+03 8.907063e+03 8.829626e+03
4.6 8.862443e+03 8.894397e+03 8.899788e+03 8.867834e+03
5.6 8.926244e+03 8.870005e+03 8.894960e+03 8.951199e+03
6.6 8.931642e+03 8.892301e+03 8.892561e+03 8.931901e+03
7.6 8.924055e+03 8.887223e+03 8.891765e+03 8.928597e+03
8.6 8.939458e+03 8.887723e+03 8.891848e+03 8.943583e+03
9.6 8.848349e+03 8.929190e+03 8.892318e+03 8.811477e+03
10.6 8.860838e+03 8.904461e+03 8.892836e+03 8.849213e+03
11.6 8.926221e+03 8.881473e+03 8.893253e+03 8.938001e+03
12.6 8.953920e+03 8.885624e+03 8.893533e+03 8.961829e+03
13.6 8.921941e+03 8.899020e+03 8.893722e+03 8.916643e+03
14.6 8.830419e+03 8.882432e+03 8.893854e+03 8.841841e+03
15.6 8.917438e+03 8.896714e+03 8.893962e+03 8.914687e+03
16.6 8.895673e+03 8.908253e+03 8.894059e+03 8.881479e+03
17.6 8.884189e+03 8.910973e+03 8.894150e+03 8.867367e+03
