0.4 5.899749e+03 5.838699e+03 5.831822e+03 5.892872e+03
1.4 5.892394e+03 5.820942e+03 5.831960e+03 5.903413e+03
2.4 5.826691e+03 5.825284e+03 5.832318e+03 5.833725e+03
3.4 5.901663e+03 5.824638e+03 5.832320e+03 5.909345e+03
4.4 5.893346e+03 5.853601e+03 5.832103e+03 5.871847e+03
5.4 5.965251e+03 5.910877e+03 5.831924e+03 5.886299e+03
6.4 5.940647e+03 5.878746e+03 5.831833e+03 5.893734e+03
7.4 5.897686e+03 5.880555e+03 5.831795e+03 5.848927e+03
8.4 5.734257e+03 5.836086e+03 5.831790e+03 5.729961e+03
9.4 5.787260e+03 5.837405e+03 5.831801e+03 5.781657e+03
10.4 5.757748e+03 5.794386e+03 5.831817e+03 5.795178e+03
11.4 5.748974e+03 5.809562e+03 5.831834e+03 5.771245e+03
12.4 5.724927e+03 5.841171e+03 5.832061e+03 5.715817e+03
13.4 5.680685e+03 5.816852e+03 5.832392e+03 5.696225e+03
14.4 5.758289e+03 5.826221e+03 5.832312e+03 5.764380e+03
15.4 5.761129e+03 5.804365e+03 5.832079e+03 5.788844e+03
16.4 5.869454e+03 5.852359e+03 5.831918e+03 5.849013e+03
17.4 5.887031e+03 5.854521e+03 5.831837e+03 5.864347e+03
0.7 5.748974e+03 5.809562e+03 5.831834e+03 5.771245e+03
1.7 5.724927e+03 5.841171e+03 5.832061e+03 5.715817e+03
2.7 5.680685e+03 5.816852e+03 5.832392e+03 5.696225e+03
3.7 5.758289e+03 5.826221e+03 5.832312e+03 5.764380e+03
4.7 5.761129e+03 5.804365e+03 5.832079e+03 5.788844e+03
5.7 5.869454e+03 5.852359e+03 5.831918e+03 5.849013e+03
6.7 5.887031e+03 5.854521e+03 5.831837e+03 5.864347e+03
7.7 5.808299e+03 5.825443e+03 5.831805e+03 5.814661e+03
8.7 5.936681e+03 5.822162e+03 5.831804e+03 5.946324e+03
9.7 5.846039e+03 5.799770e+03 5.831817e+03 5.878085e+03
10.7 5.886091e+03 5.840088e+03 5.831831e+03 5.877834e+03
11.7 5.821995e+03 5.808070e+03 5.831843e+03 5.845768e+03
12.7 5.850962e+03 5.803441e+03 5.831850e+03 5.879371e+03
13.7 5.878797e+03 5.822451e+03 5.831854e+03 5.888200e+03
14.7 5.889891e+03 5.960471e+03 5.831856e+03 5.761276e+03
15.7 5.854824e+03 5.909147e+03 5.831857e+03 5.777534e+03
16.7 5.867191e+03 5.850841e+03 5.831858e+03 5.848207e+03
17.7 5.957972e+03 5.847761e+03 5.831858e+03 5.942068e+03
0.8 5.808437e+03 5.788833e+03 5.831874e+03 5.851477e+03
1.8 5.803462e+03 5.833385e+03 5.832163e+03 5.802240e+03
2.8 5.822844e+03 5.848178e+03 5.832455e+03 5.807120e+03
3.8 5.888946e+03 5.843706e+03 5.832320e+03 5.877560e+03
4.8 5.845428e+03 5.845843e+03 5.832079e+03 5.831664e+03
5.8 5.808972e+03 5.857248e+03 5.831916e+03 5.783639e+03
6.8 5.820699e+03 5.845385e+03 5.831838e+03 5.807152e+03
7.8 5.774372e+03 5.837072e+03 5.831810e+03 5.769110e+03
8.8 5.709303e+03 5.774140e+03 5.831811e+03 5.766974e+03
9.8 5.848971e+03 5.847922e+03 5.831825e+03 5.832874e+03
10.8 5.886029e+03 5.894884e+03 5.831840e+03 5.822985e+03
11.8 5.878857e+03 5.809669e+03 5.831851e+03 5.901040e+03
12.8 5.764210e+03 5.803318e+03 5.831858e+03 5.792751e+03
13.8 5.807034e+03 5.821120e+03 5.831862e+03 5.817776e+03
14.8 5.883017e+03 5.801507e+03 5.831864e+03 5.913374e+03
15.8 5.838838e+03 5.808767e+03 5.831866e+03 5.861936e+03
16.8 5.825059e+03 5.809747e+03 5.831866e+03 5.847178e+03
17.8 5.844138e+03 5.813584e+03 5.831922e+03 5.862476e+03
0.1 5.825059e+03 5.809747e+03 5.831866e+03 5.847178e+03
1.1 5.844138e+03 5.813584e+03 5.831922e+03 5.862476e+03
2.1 5.753859e+03 5.850583e+03 5.832290e+03 5.735566e+03
3.1 5.788552e+03 5.842997e+03 5.832440e+03 5.777996e+03
4.1 5.918868e+03 5.849194e+03 5.832239e+03 5.901913e+03
5.1 5.908376e+03 5.863997e+03 5.832024e+03 5.876402e+03
6.1 5.872744e+03 5.865313e+03 5.832033e+03 5.839463e+03
7.1 5.786894e+03 5.840011e+03 5.832354e+03 5.779237e+03
8.1 5.923732e+03 5.851760e+03 5.832355e+03 5.904327e+03
9.1 5.891400e+03 5.855141e+03 5.832126e+03 5.868385e+03
10.1 5.775330e+03 5.869378e+03 5.831950e+03 5.737902e+03
11.1 5.725459e+03 5.862579e+03 5.831859e+03 5.694739e+03
12.1 5.962376e+03 5.859860e+03 5.831826e+03 5.934341e+03
13.1 5.773626e+03 5.848681e+03 5.831824e+03 5.756769e+03
14.1 5.901539e+03 5.775902e+03 5.831837e+03 5.957474e+03
15.1 5.805049e+03 5.793245e+03 5.831854e+03 5.843658e+03
16.1 5.841607e+03 5.795093e+03 5.831868e+03 5.878382e+03
17.1 5.772564e+03 5.822775e+03 5.831877e+03 5.781666e+03
0.4 5.908376e+03 5.863997e+03 5.832024e+03 5.876402e+03
1.4 5.872744e+03 5.865313e+03 5.832033e+03 5.839463e+03
2.4 5.786894e+03 5.840011e+03 5.832354e+03 5.779237e+03
3.4 5.923732e+03 5.851760e+03 5.832355e+03 5.904327e+03
4.4 5.891400e+03 5.855141e+03 5.832126e+03 5.868385e+03
5.4 5.775330e+03 5.869378e+03 5.831950e+03 5.737902e+03
6.4 5.725459e+03 5.862579e+03 5.831859e+03 5.694739e+03
7.4 5.962376e+03 5.859860e+03 5.831826e+03 5.934341e+03
8.4 5.773626e+03 5.848681e+03 5.831824e+03 5.756769e+03
9.4 5.901539e+03 5.775902e+03 5.831837e+03 5.957474e+03
10.4 5.805049e+03 5.793245e+03 5.831854e+03 5.843658e+03
11.4 5.841607e+03 5.795093e+03 5.831868e+03 5.878382e+03
12.4 5.772564e+03 5.822775e+03 5.831877e+03 5.781666e+03
13.4 5.712747e+03 5.850632e+03 5.831883e+03 5.693997e+03
14.4 5.881029e+03 5.845298e+03 5.831886e+03 5.867617e+03
15.4 5.745980e+03 5.817436e+03 5.831888e+03 5.760432e+03
16.4 5.774899e+03 5.865487e+03 5.831890e+03 5.741303e+03
17.4 5.809186e+03 5.840929e+03 5.831891e+03 5.800149e+03
0.7 5.830645e+03 5.814429e+03 5.831857e+03 5.848073e+03
1.7 5.846780e+03 5.826229e+03 5.832084e+03 5.852635e+03
2.7 5.892125e+03 5.882663e+03 5.832479e+03 5.841941e+03
3.7 5.853566e+03 5.843570e+03 5.832418e+03 5.842414e+03
4.7 5.854435e+03 5.826409e+03 5.832144e+03 5.860169e+03
5.7 5.970668e+03 5.854816e+03 5.831933e+03 5.947785e+03
6.7 5.785159e+03 5.847319e+03 5.831826e+03 5.769665e+03
7.7 5.857714e+03 5.813525e+03 5.831782e+03 5.875970e+03
8.7 5.827680e+03 5.824599e+03 5.831774e+03 5.834855e+03
9.7 5.799126e+03 5.813512e+03 5.831784e+03 5.817398e+03
10.7 5.841147e+03 5.825580e+03 5.831799e+03 5.847366e+03
11.7 5.865582e+03 5.869578e+03 5.831810e+03 5.827814e+03
12.7 5.880846e+03 5.803926e+03 5.831815e+03 5.908736e+03
13.7 5.879288e+03 5.806713e+03 5.831878e+03 5.904453e+03
14.7 5.800304e+03 5.802360e+03 5.832256e+03 5.830200e+03
15.7 5.873239e+03 5.832635e+03 5.832401e+03 5.873005e+03
16.7 5.811355e+03 5.857111e+03 5.832192e+03 5.786436e+03
17.7 5.905314e+03 5.869848e+03 5.831967e+03 5.867434e+03
0.2 5.880846e+03 5.803926e+03 5.831815e+03 5.908736e+03
1.2 5.879288e+03 5.806713e+03 5.831878e+03 5.904453e+03
2.2 5.800304e+03 5.802360e+03 5.832256e+03 5.830200e+03
3.2 5.873239e+03 5.832635e+03 5.832401e+03 5.873005e+03
4.2 5.811355e+03 5.857111e+03 5.832192e+03 5.786436e+03
5.2 5.905314e+03 5.869848e+03 5.831967e+03 5.867434e+03
6.2 5.926065e+03 5.895431e+03 5.831832e+03 5.862466e+03
7.2 5.859880e+03 5.854588e+03 5.831771e+03 5.837064e+03
8.2 5.714446e+03 5.845568e+03 5.831753e+03 5.700631e+03
9.2 5.859112e+03 5.839332e+03 5.831757e+03 5.851538e+03
10.2 5.777804e+03 5.768201e+03 5.831770e+03 5.841373e+03
11.2 5.713014e+03 5.727829e+03 5.831812e+03 5.816997e+03
12.2 5.747059e+03 5.807252e+03 5.832173e+03 5.771979e+03
13.2 5.869173e+03 5.834285e+03 5.832442e+03 5.867330e+03
14.2 5.795096e+03 5.830278e+03 5.832266e+03 5.797084e+03
15.2 5.681998e+03 5.836858e+03 5.832009e+03 5.677149e+03
16.2 5.782896e+03 5.832618e+03 5.831842e+03 5.782120e+03
17.2 5.909498e+03 5.854209e+03 5.831763e+03 5.887053e+03
1.0 5.713014e+03 5.727829e+03 5.831812e+03 5.816997e+03
2.0 5.747059e+03 5.807252e+03 5.832173e+03 5.771979e+03
3.0 5.869173e+03 5.834285e+03 5.832442e+03 5.867330e+03
4.0 5.795096e+03 5.830278e+03 5.832266e+03 5.797084e+03
5.0 5.681998e+03 5.836858e+03 5.832009e+03 5.677149e+03
6.0 5.782896e+03 5.832618e+03 5.831842e+03 5.782120e+03
7.0 5.909498e+03 5.854209e+03 5.831763e+03 5.887053e+03
8.0 5.890041e+03 5.831399e+03 5.831835e+03 5.890477e+03
9.0 5.827364e+03 5.841156e+03 5.832259e+03 5.818466e+03
10.0 5.825222e+03 5.835114e+03 5.832379e+03 5.822487e+03
11.0 5.757711e+03 5.794602e+03 5.832150e+03 5.795259e+03
12.0 5.822468e+03 5.809153e+03 5.831928e+03 5.845243e+03
13.0 5.769492e+03 5.818885e+03 5.831800e+03 5.782407e+03
14.0 5.954242e+03 5.814091e+03 5.831746e+03 5.971897e+03
15.0 5.845215e+03 5.821627e+03 5.831732e+03 5.855320e+03
16.0 5.896529e+03 5.818930e+03 5.831742e+03 5.909341e+03
17.0 5.817737e+03 5.793189e+03 5.831759e+03 5.856306e+03
18.0 5.689262e+03 5.744674e+03 5.831775e+03 5.776364e+03
0.3 5.909498e+03 5.854209e+03 5.831763e+03 5.887053e+03
1.3 5.890041e+03 5.831399e+03 5.831835e+03 5.890477e+03
2.3 5.827364e+03 5.841156e+03 5.832259e+03 5.818466e+03
3.3 5.825222e+03 5.835114e+03 5.832379e+03 5.822487e+03
4.3 5.757711e+03 5.794602e+03 5.832150e+03 5.795259e+03
5.3 5.822468e+03 5.809153e+03 5.831928e+03 5.845243e+03
6.3 5.769492e+03 5.818885e+03 5.831800e+03 5.782407e+03
7.3 5.954242e+03 5.814091e+03 5.831746e+03 5.971897e+03
8.3 5.845215e+03 5.821627e+03 5.831732e+03 5.855320e+03
9.3 5.896529e+03 5.818930e+03 5.831742e+03 5.909341e+03
10.3 5.817737e+03 5.793189e+03 5.831759e+03 5.856306e+03
11.3 5.689262e+03 5.744674e+03 5.831775e+03 5.776364e+03
12.3 5.705375e+03 5.770253e+03 5.831965e+03 5.767086e+03
13.3 5.959891e+03 5.787298e+03 5.832416e+03 6.005008e+03
14.3 5.905795e+03 5.849110e+03 5.832432e+03 5.889116e+03
15.3 5.840472e+03 5.864383e+03 5.832156e+03 5.808245e+03
16.3 5.900857e+03 5.889910e+03 5.831921e+03 5.842869e+03
17.3 5.763057e+03 5.824145e+03 5.831799e+03 5.770711e+03
0.5 5.689262e+03 5.744674e+03 5.831775e+03 5.776364e+03
1.5 5.705375e+03 5.770253e+03 5.831965e+03 5.767086e+03
2.5 5.959891e+03 5.787298e+03 5.832416e+03 6.005008e+03
3.5 5.905795e+03 5.849110e+03 5.832432e+03 5.889116e+03
4.5 5.840472e+03 5.864383e+03 5.832156e+03 5.808245e+03
5.5 5.900857e+03 5.889910e+03 5.831921e+03 5.842869e+03
6.5 5.763057e+03 5.824145e+03 5.831799e+03 5.770711e+03
7.5 5.449294e+03 5.624550e+03 5.831763e+03 5.656507e+03
8.5 5.912249e+03 5.814412e+03 5.832088e+03 5.929925e+03
9.5 5.854096e+03 5.858753e+03 5.832582e+03 5.827925e+03
10.5 5.781779e+03 5.840300e+03 5.832511e+03 5.773989e+03
11.5 5.964344e+03 5.884062e+03 5.832176e+03 5.912458e+03
12.5 5.891372e+03 5.884874e+03 5.831925e+03 5.838423e+03
13.5 5.897994e+03 5.879437e+03 5.831793e+03 5.850351e+03
14.5 5.849986e+03 5.882705e+03 5.831745e+03 5.799026e+03
15.5 5.869002e+03 5.872338e+03 5.831743e+03 5.828407e+03
16.5 5.858895e+03 5.840110e+03 5.831764e+03 5.850549e+03
17.5 5.880550e+03 5.824600e+03 5.831789e+03 5.887738e+03
0.9 5.449294e+03 5.624550e+03 5.831763e+03 5.656507e+03
1.9 5.912249e+03 5.814412e+03 5.832088e+03 5.929925e+03
2.9 5.854096e+03 5.858753e+03 5.832582e+03 5.827925e+03
3.9 5.781779e+03 5.840300e+03 5.832511e+03 5.773989e+03
4.9 5.964344e+03 5.884062e+03 5.832176e+03 5.912458e+03
5.9 5.891372e+03 5.884874e+03 5.831925e+03 5.838423e+03
6.9 5.897994e+03 5.879437e+03 5.831793e+03 5.850351e+03
7.9 5.849986e+03 5.882705e+03 5.831745e+03 5.799026e+03
8.9 5.869002e+03 5.872338e+03 5.831743e+03 5.828407e+03
9.9 5.858895e+03 5.840110e+03 5.831764e+03 5.850549e+03
10.9 5.880550e+03 5.824600e+03 5.831789e+03 5.887738e+03
11.9 5.912584e+03 5.889899e+03 5.831810e+03 5.854494e+03
12.9 5.885637e+03 5.919119e+03 5.831853e+03 5.798371e+03
13.9 5.875054e+03 5.916148e+03 5.832227e+03 5.791134e+03
14.9 5.871909e+03 5.879040e+03 5.832487e+03 5.825356e+03
15.9 5.825399e+03 5.808429e+03 5.832315e+03 5.849285e+03
16.9 5.821126e+03 5.825520e+03 5.832057e+03 5.827663e+03
17.9 5.843398e+03 5.847392e+03 5.831900e+03 5.827906e+03
1.0 5.885637e+03 5.919119e+03 5.831853e+03 5.798371e+03
2.0 5.875054e+03 5.916148e+03 5.832227e+03 5.791134e+03
3.0 5.871909e+03 5.879040e+03 5.832487e+03 5.825356e+03
4.0 5.825399e+03 5.808429e+03 5.832315e+03 5.849285e+03
5.0 5.821126e+03 5.825520e+03 5.832057e+03 5.827663e+03
6.0 5.843398e+03 5.847392e+03 5.831900e+03 5.827906e+03
7.0 5.889396e+03 5.849608e+03 5.831825e+03 5.871614e+03
8.0 5.938508e+03 5.839711e+03 5.831804e+03 5.930601e+03
9.0 5.759229e+03 5.859664e+03 5.831812e+03 5.731377e+03
10.0 5.837520e+03 5.876003e+03 5.831832e+03 5.793349e+03
11.0 5.704976e+03 5.762481e+03 5.831852e+03 5.774346e+03
12.0 5.751253e+03 5.832379e+03 5.831868e+03 5.750742e+03
13.0 5.855400e+03 5.864527e+03 5.831879e+03 5.822752e+03
14.0 5.915265e+03 5.857922e+03 5.831887e+03 5.889230e+03
15.0 5.813465e+03 5.856421e+03 5.831893e+03 5.788938e+03
16.0 5.746216e+03 5.840830e+03 5.831899e+03 5.737285e+03
17.0 5.812830e+03 5.837487e+03 5.831904e+03 5.807248e+03
18.0 5.825980e+03 5.724140e+03 5.831910e+03 5.933750e+03
