0.2 1.135732e+03 1.092621e+03 1.109648e+03 1.152759e+03
1.2 1.026600e+03 1.091248e+03 1.113544e+03 1.048897e+03
2.2 1.088637e+03 1.117334e+03 1.135285e+03 1.106588e+03
3.2 1.112278e+03 1.124153e+03 1.141659e+03 1.129783e+03
4.2 1.087703e+03 1.111840e+03 1.129375e+03 1.105237e+03
5.2 1.134552e+03 1.135265e+03 1.116906e+03 1.116194e+03
6.2 1.079575e+03 1.119148e+03 1.110017e+03 1.070444e+03
7.2 1.052208e+03 1.111848e+03 1.117280e+03 1.057640e+03
8.2 1.067734e+03 1.141230e+03 1.147943e+03 1.074447e+03
9.2 1.153757e+03 1.139604e+03 1.152426e+03 1.166579e+03
10.2 1.187474e+03 1.163375e+03 1.133981e+03 1.158080e+03
11.2 1.172162e+03 1.169280e+03 1.117740e+03 1.120622e+03
12.2 1.118306e+03 1.128214e+03 1.108746e+03 1.098838e+03
13.2 1.136420e+03 1.096979e+03 1.104815e+03 1.144256e+03
14.2 1.067769e+03 1.109060e+03 1.104020e+03 1.062729e+03
15.2 1.252094e+03 1.117631e+03 1.104796e+03 1.239259e+03
16.2 1.067865e+03 1.115227e+03 1.106002e+03 1.058640e+03
17.2 1.162326e+03 1.155711e+03 1.107035e+03 1.113650e+03
0.5 1.079575e+03 1.119148e+03 1.110017e+03 1.070444e+03
1.5 1.052208e+03 1.111848e+03 1.117280e+03 1.057640e+03
2.5 1.067734e+03 1.141230e+03 1.147943e+03 1.074447e+03
3.5 1.153757e+03 1.139604e+03 1.152426e+03 1.166579e+03
4.5 1.187474e+03 1.163375e+03 1.133981e+03 1.158080e+03
5.5 1.172162e+03 1.169280e+03 1.117740e+03 1.120622e+03
6.5 1.118306e+03 1.128214e+03 1.108746e+03 1.098838e+03
7.5 1.136420e+03 1.096979e+03 1.104815e+03 1.144256e+03
8.5 1.067769e+03 1.109060e+03 1.104020e+03 1.062729e+03
9.5 1.252094e+03 1.117631e+03 1.104796e+03 1.239259e+03
10.5 1.067865e+03 1.115227e+03 1.106002e+03 1.058640e+03
11.5 1.162326e+03 1.155711e+03 1.107035e+03 1.113650e+03
12.5 1.095992e+03 1.109029e+03 1.111092e+03 1.098055e+03
13.5 1.217800e+03 1.145995e+03 1.134863e+03 1.206668e+03
14.5 1.182341e+03 1.137796e+03 1.145395e+03 1.189939e+03
15.5 1.104233e+03 1.130599e+03 1.132776e+03 1.106410e+03
16.5 1.033330e+03 1.093779e+03 1.118573e+03 1.058124e+03
17.5 1.051145e+03 1.075920e+03 1.109943e+03 1.085168e+03
0.1 1.162326e+03 1.155711e+03 1.107035e+03 1.113650e+03
1.1 1.095992e+03 1.109029e+03 1.111092e+03 1.098055e+03
2.1 1.217800e+03 1.145995e+03 1.134863e+03 1.206668e+03
3.1 1.182341e+03 1.137796e+03 1.145395e+03 1.189939e+03
4.1 1.104233e+03 1.130599e+03 1.132776e+03 1.106410e+03
5.1 1.033330e+03 1.093779e+03 1.118573e+03 1.058124e+03
6.1 1.051145e+03 1.075920e+03 1.109943e+03 1.085168e+03
7.1 1.114853e+03 1.105169e+03 1.106080e+03 1.115764e+03
8.1 1.104032e+03 1.126745e+03 1.104922e+03 1.082209e+03
9.1 1.166833e+03 1.134399e+03 1.105277e+03 1.137711e+03
10.1 1.204362e+03 1.111298e+03 1.106169e+03 1.199233e+03
11.1 1.122146e+03 1.120948e+03 1.107039e+03 1.108237e+03
12.1 1.107305e+03 1.104019e+03 1.107622e+03 1.110908e+03
13.1 1.075089e+03 1.104364e+03 1.107957e+03 1.078682e+03
14.1 1.111117e+03 1.113105e+03 1.108111e+03 1.106123e+03
15.1 1.179160e+03 1.119578e+03 1.108173e+03 1.167755e+03
16.1 1.113404e+03 1.110982e+03 1.108191e+03 1.110613e+03
17.1 1.134104e+03 1.106290e+03 1.108189e+03 1.136003e+03
0.2 1.082568e+03 1.106781e+03 1.108009e+03 1.083796e+03
1.2 1.142855e+03 1.108657e+03 1.111670e+03 1.145869e+03
2.2 1.081137e+03 1.124129e+03 1.134863e+03 1.091871e+03
3.2 1.104751e+03 1.123023e+03 1.143943e+03 1.125671e+03
4.2 1.055522e+03 1.137500e+03 1.131042e+03 1.049064e+03
5.2 1.166537e+03 1.119918e+03 1.117395e+03 1.164014e+03
6.2 1.107475e+03 1.140431e+03 1.117558e+03 1.084602e+03
7.2 1.177446e+03 1.132945e+03 1.135681e+03 1.180182e+03
8.2 1.121073e+03 1.122559e+03 1.134883e+03 1.133397e+03
9.2 1.092306e+03 1.112371e+03 1.121541e+03 1.101477e+03
10.2 1.104856e+03 1.081474e+03 1.111502e+03 1.134884e+03
11.2 1.042086e+03 1.091491e+03 1.106366e+03 1.056960e+03
12.2 1.078887e+03 1.075380e+03 1.104495e+03 1.108002e+03
13.2 1.056358e+03 1.085051e+03 1.104354e+03 1.075661e+03
14.2 1.105506e+03 1.087251e+03 1.105066e+03 1.123321e+03
15.2 1.108556e+03 1.121373e+03 1.105935e+03 1.093118e+03
16.2 1.111277e+03 1.110586e+03 1.106641e+03 1.107332e+03
17.2 1.098137e+03 1.106207e+03 1.107066e+03 1.098996e+03
0.4 1.166537e+03 1.119918e+03 1.117395e+03 1.164014e+03
1.4 1.107475e+03 1.140431e+03 1.117558e+03 1.084602e+03
2.4 1.177446e+03 1.132945e+03 1.135681e+03 1.180182e+03
3.4 1.121073e+03 1.122559e+03 1.134883e+03 1.133397e+03
4.4 1.092306e+03 1.112371e+03 1.121541e+03 1.101477e+03
5.4 1.104856e+03 1.081474e+03 1.111502e+03 1.134884e+03
6.4 1.042086e+03 1.091491e+03 1.106366e+03 1.056960e+03
7.4 1.078887e+03 1.075380e+03 1.104495e+03 1.108002e+03
8.4 1.056358e+03 1.085051e+03 1.104354e+03 1.075661e+03
9.4 1.105506e+03 1.087251e+03 1.105066e+03 1.123321e+03
10.4 1.108556e+03 1.121373e+03 1.105935e+03 1.093118e+03
11.4 1.111277e+03 1.110586e+03 1.106641e+03 1.107332e+03
12.4 1.098137e+03 1.106207e+03 1.107066e+03 1.098996e+03
13.4 1.124281e+03 1.093146e+03 1.107285e+03 1.138419e+03
14.4 1.179350e+03 1.132249e+03 1.107381e+03 1.154482e+03
15.4 1.100776e+03 1.117456e+03 1.107411e+03 1.090731e+03
16.4 1.122619e+03 1.122847e+03 1.107414e+03 1.107185e+03
17.4 1.056611e+03 1.117466e+03 1.107408e+03 1.046553e+03
0.4 1.151644e+03 1.115665e+03 1.107400e+03 1.143379e+03
1.4 1.132080e+03 1.110607e+03 1.114461e+03 1.135935e+03
2.4 1.146302e+03 1.140587e+03 1.144881e+03 1.150596e+03
3.4 1.182033e+03 1.139817e+03 1.155205e+03 1.197422e+03
4.4 1.141474e+03 1.111181e+03 1.138003e+03 1.168296e+03
5.4 1.146271e+03 1.132897e+03 1.119548e+03 1.132922e+03
6.4 1.070649e+03 1.091237e+03 1.109097e+03 1.088508e+03
7.4 1.097181e+03 1.093768e+03 1.104368e+03 1.107781e+03
8.4 1.147609e+03 1.089980e+03 1.103460e+03 1.161090e+03
9.4 1.009000e+03 1.092642e+03 1.119549e+03 1.035908e+03
10.4 1.092988e+03 1.094744e+03 1.146188e+03 1.144431e+03
11.4 1.158686e+03 1.122176e+03 1.142644e+03 1.179154e+03
12.4 1.113988e+03 1.105699e+03 1.125937e+03 1.134226e+03
13.4 1.098811e+03 1.099993e+03 1.113152e+03 1.111970e+03
14.4 1.039793e+03 1.134392e+03 1.106756e+03 1.012158e+03
15.4 1.158542e+03 1.166598e+03 1.104235e+03 1.096179e+03
16.4 1.189089e+03 1.175080e+03 1.104071e+03 1.118080e+03
17.4 1.145566e+03 1.175559e+03 1.104978e+03 1.074985e+03
0.7 1.147609e+03 1.089980e+03 1.103460e+03 1.161090e+03
1.7 1.009000e+03 1.092642e+03 1.119549e+03 1.035908e+03
2.7 1.092988e+03 1.094744e+03 1.146188e+03 1.144431e+03
3.7 1.158686e+03 1.122176e+03 1.142644e+03 1.179154e+03
4.7 1.113988e+03 1.105699e+03 1.125937e+03 1.134226e+03
5.7 1.098811e+03 1.099993e+03 1.113152e+03 1.111970e+03
6.7 1.039793e+03 1.134392e+03 1.106756e+03 1.012158e+03
7.7 1.158542e+03 1.166598e+03 1.104235e+03 1.096179e+03
8.7 1.189089e+03 1.175080e+03 1.104071e+03 1.118080e+03
9.7 1.145566e+03 1.175559e+03 1.104978e+03 1.074985e+03
10.7 1.106599e+03 1.103458e+03 1.106158e+03 1.109299e+03
11.7 1.060818e+03 1.101532e+03 1.115637e+03 1.074923e+03
12.7 1.163505e+03 1.121185e+03 1.142583e+03 1.184903e+03
13.7 1.120948e+03 1.127058e+03 1.144876e+03 1.138766e+03
14.7 1.163641e+03 1.128331e+03 1.129471e+03 1.164781e+03
15.7 1.106807e+03 1.146836e+03 1.115821e+03 1.075791e+03
16.7 1.106453e+03 1.106619e+03 1.108602e+03 1.108436e+03
17.7 1.179275e+03 1.140739e+03 1.105505e+03 1.144041e+03
0.5 1.106599e+03 1.103458e+03 1.106158e+03 1.109299e+03
1.5 1.060818e+03 1.101532e+03 1.115637e+03 1.074923e+03
2.5 1.163505e+03 1.121185e+03 1.142583e+03 1.184903e+03
3.5 1.120948e+03 1.127058e+03 1.144876e+03 1.138766e+03
4.5 1.163641e+03 1.128331e+03 1.129471e+03 1.164781e+03
5.5 1.106807e+03 1.146836e+03 1.115821e+03 1.075791e+03
6.5 1.106453e+03 1.106619e+03 1.108602e+03 1.108436e+03
7.5 1.179275e+03 1.140739e+03 1.105505e+03 1.144041e+03
8.5 1.137734e+03 1.177167e+03 1.104964e+03 1.065531e+03
9.5 1.188014e+03 1.129545e+03 1.105665e+03 1.164134e+03
10.5 1.083441e+03 1.103872e+03 1.106750e+03 1.086319e+03
11.5 1.135267e+03 1.106524e+03 1.107659e+03 1.136403e+03
12.5 1.116353e+03 1.097086e+03 1.108286e+03 1.127553e+03
13.5 1.075538e+03 1.107682e+03 1.108651e+03 1.076507e+03
14.5 1.119071e+03 1.123544e+03 1.108864e+03 1.104392e+03
15.5 1.098558e+03 1.128449e+03 1.108999e+03 1.079107e+03
16.5 1.082980e+03 1.110360e+03 1.109094e+03 1.081715e+03
17.5 1.212441e+03 1.098801e+03 1.109175e+03 1.222815e+03
0.4 1.099855e+03 1.078931e+03 1.109901e+03 1.130825e+03
1.4 1.017570e+03 1.029152e+03 1.118611e+03 1.107029e+03
2.4 1.102139e+03 1.135991e+03 1.149526e+03 1.115674e+03
3.4 1.148510e+03 1.121966e+03 1.157068e+03 1.183613e+03
4.4 1.192759e+03 1.123840e+03 1.139059e+03 1.207978e+03
5.4 1.100001e+03 1.144031e+03 1.121466e+03 1.077436e+03
6.4 1.151030e+03 1.157384e+03 1.111197e+03 1.104843e+03
7.4 1.140601e+03 1.131707e+03 1.106785e+03 1.115679e+03
8.4 1.129918e+03 1.130717e+03 1.105672e+03 1.104873e+03
9.4 1.056499e+03 1.119324e+03 1.106333e+03 1.043508e+03
10.4 1.092309e+03 1.109243e+03 1.107552e+03 1.090618e+03
11.4 1.099677e+03 1.106953e+03 1.108667e+03 1.101392e+03
12.4 1.128595e+03 1.091502e+03 1.109392e+03 1.146485e+03
13.4 1.080128e+03 1.095487e+03 1.109800e+03 1.094441e+03
14.4 1.137192e+03 1.116259e+03 1.109985e+03 1.130918e+03
15.4 1.155641e+03 1.126795e+03 1.110056e+03 1.138902e+03
16.4 1.094812e+03 1.120122e+03 1.110072e+03 1.084762e+03
17.4 1.114362e+03 1.104883e+03 1.110063e+03 1.119542e+03
0.7 1.051493e+03 1.062429e+03 1.109325e+03 1.098389e+03
1.7 1.152516e+03 1.089467e+03 1.123994e+03 1.187042e+03
2.7 1.142000e+03 1.129310e+03 1.147947e+03 1.160637e+03
3.7 1.136677e+03 1.142816e+03 1.143978e+03 1.137839e+03
4.7 1.176953e+03 1.156835e+03 1.126882e+03 1.147001e+03
5.7 1.235265e+03 1.162719e+03 1.114465e+03 1.187010e+03
6.7 1.215340e+03 1.155922e+03 1.107883e+03 1.167300e+03
7.7 1.114558e+03 1.141447e+03 1.105339e+03 1.078449e+03
8.7 1.184755e+03 1.125563e+03 1.105018e+03 1.164209e+03
9.7 1.141517e+03 1.101213e+03 1.105786e+03 1.146091e+03
10.7 1.079128e+03 1.095120e+03 1.106847e+03 1.090855e+03
11.7 1.084884e+03 1.098702e+03 1.118938e+03 1.105121e+03
12.7 1.054135e+03 1.127129e+03 1.142212e+03 1.069218e+03
13.7 1.092556e+03 1.117997e+03 1.140600e+03 1.115159e+03
14.7 1.071763e+03 1.100529e+03 1.125503e+03 1.096737e+03
15.7 1.136547e+03 1.067990e+03 1.114085e+03 1.182641e+03
16.7 1.087896e+03 1.113432e+03 1.107963e+03 1.082427e+03
17.7 1.110152e+03 1.075884e+03 1.105571e+03 1.139839e+03
0.6 1.079128e+03 1.095120e+03 1.106847e+03 1.090855e+03
1.6 1.084884e+03 1.098702e+03 1.118938e+03 1.105121e+03
2.6 1.054135e+03 1.127129e+03 1.142212e+03 1.069218e+03
3.6 1.092556e+03 1.117997e+03 1.140600e+03 1.115159e+03
4.6 1.071763e+03 1.100529e+03 1.125503e+03 1.096737e+03
5.6 1.136547e+03 1.067990e+03 1.114085e+03 1.182641e+03
6.6 1.087896e+03 1.113432e+03 1.107963e+03 1.082427e+03
7.6 1.110152e+03 1.075884e+03 1.105571e+03 1.139839e+03
8.6 1.077820e+03 1.095201e+03 1.108313e+03 1.090933e+03
9.6 1.087671e+03 1.115023e+03 1.132752e+03 1.105401e+03
10.6 1.125599e+03 1.128711e+03 1.144188e+03 1.141075e+03
11.6 1.156183e+03 1.120060e+03 1.132194e+03 1.168317e+03
12.6 1.154115e+03 1.168407e+03 1.118502e+03 1.104211e+03
13.6 1.176753e+03 1.110696e+03 1.110344e+03 1.176401e+03
14.6 1.179898e+03 1.155825e+03 1.106552e+03 1.130624e+03
15.6 1.098001e+03 1.141912e+03 1.105560e+03 1.061648e+03
16.6 1.133156e+03 1.117871e+03 1.106055e+03 1.121340e+03
17.6 1.099775e+03 1.113566e+03 1.107093e+03 1.093302e+03
0.1 1.110152e+03 1.075884e+03 1.105571e+03 1.139839e+03
1.1 1.077820e+03 1.095201e+03 1.108313e+03 1.090933e+03
2.1 1.087671e+03 1.115023e+03 1.132752e+03 1.105401e+03
3.1 1.125599e+03 1.128711e+03 1.144188e+03 1.141075e+03
4.1 1.156183e+03 1.120060e+03 1.132194e+03 1.168317e+03
5.1 1.154115e+03 1.168407e+03 1.118502e+03 1.104211e+03
6.1 1.176753e+03 1.110696e+03 1.110344e+03 1.176401e+03
7.1 1.179898e+03 1.155825e+03 1.106552e+03 1.130624e+03
8.1 1.098001e+03 1.141912e+03 1.105560e+03 1.061648e+03
9.1 1.133156e+03 1.117871e+03 1.106055e+03 1.121340e+03
10.1 1.099775e+03 1.113566e+03 1.107093e+03 1.093302e+03
11.1 1.164207e+03 1.114345e+03 1.108099e+03 1.157961e+03
12.1 1.145892e+03 1.124678e+03 1.108867e+03 1.130081e+03
13.1 1.073263e+03 1.113796e+03 1.109377e+03 1.068845e+03
14.1 9.913932e+02 1.103197e+03 1.109734e+03 9.979306e+02
15.1 1.110418e+03 1.080464e+03 1.110008e+03 1.139962e+03
16.1 1.122839e+03 1.092067e+03 1.110254e+03 1.141025e+03
17.1 1.106145e+03 1.099837e+03 1.110497e+03 1.116805e+03
