0.9 1.036173e+04 1.048568e+04 1.054532e+04 1.042137e+04
1.9 1.048238e+04 1.044017e+04 1.050756e+04 1.054978e+04
2.9 1.043952e+04 1.042791e+04 1.048857e+04 1.050018e+04
3.9 1.061047e+04 1.051377e+04 1.050798e+04 1.060469e+04
4.9 1.068269e+04 1.062213e+04 1.053159e+04 1.059216e+04
5.9 1.051985e+04 1.055737e+04 1.054536e+04 1.050784e+04
6.9 1.045910e+04 1.055381e+04 1.055190e+04 1.045719e+04
7.9 1.043057e+04 1.055483e+04 1.055384e+04 1.042958e+04
8.9 1.055637e+04 1.061342e+04 1.055336e+04 1.049630e+04
9.9 1.068970e+04 1.052772e+04 1.055191e+04 1.071389e+04
10.9 1.064657e+04 1.057521e+04 1.055054e+04 1.062189e+04
11.9 1.061200e+04 1.054498e+04 1.054955e+04 1.061657e+04
12.9 1.078722e+04 1.063929e+04 1.054733e+04 1.069527e+04
13.9 1.055477e+04 1.069642e+04 1.051344e+04 1.037179e+04
14.9 1.066017e+04 1.073919e+04 1.048840e+04 1.040938e+04
15.9 1.066710e+04 1.062354e+04 1.050549e+04 1.054905e+04
16.9 1.075903e+04 1.055026e+04 1.052968e+04 1.073845e+04
17.9 1.089398e+04 1.055268e+04 1.054428e+04 1.088558e+04
0.8 1.078722e+04 1.063929e+04 1.054733e+04 1.069527e+04
1.8 1.055477e+04 1.069642e+04 1.051344e+04 1.037179e+04
2.8 1.066017e+04 1.073919e+04 1.048840e+04 1.040938e+04
3.8 1.066710e+04 1.062354e+04 1.050549e+04 1.054905e+04
4.8 1.075903e+04 1.055026e+04 1.052968e+04 1.073845e+04
5.8 1.089398e+04 1.055268e+04 1.054428e+04 1.088558e+04
6.8 1.102978e+04 1.066415e+04 1.055125e+04 1.091688e+04
7.8 1.096298e+04 1.060519e+04 1.055357e+04 1.091137e+04
8.8 1.075884e+04 1.064109e+04 1.055320e+04 1.067095e+04
9.8 1.061609e+04 1.059746e+04 1.055174e+04 1.057037e+04
10.8 1.058613e+04 1.052515e+04 1.055029e+04 1.061127e+04
11.8 1.046520e+04 1.054723e+04 1.054923e+04 1.046719e+04
12.8 1.057168e+04 1.053026e+04 1.054857e+04 1.058999e+04
13.8 1.055377e+04 1.050827e+04 1.054823e+04 1.059373e+04
14.8 1.055658e+04 1.046841e+04 1.054805e+04 1.063622e+04
15.8 1.046832e+04 1.044036e+04 1.054795e+04 1.057591e+04
16.8 1.072752e+04 1.048493e+04 1.054788e+04 1.079046e+04
17.8 1.036012e+04 1.049911e+04 1.054783e+04 1.040884e+04
0.8 1.063919e+04 1.050441e+04 1.054697e+04 1.068174e+04
1.8 1.083477e+04 1.067952e+04 1.051431e+04 1.066956e+04
2.8 1.075377e+04 1.054904e+04 1.048832e+04 1.069305e+04
3.8 1.079440e+04 1.066970e+04 1.050492e+04 1.062962e+04
4.8 1.063043e+04 1.062073e+04 1.052885e+04 1.053855e+04
5.8 1.062903e+04 1.055130e+04 1.054427e+04 1.062200e+04
6.8 1.069252e+04 1.049808e+04 1.055147e+04 1.074591e+04
7.8 1.056028e+04 1.041599e+04 1.055397e+04 1.069826e+04
8.8 1.056248e+04 1.051756e+04 1.055373e+04 1.059866e+04
9.8 1.069700e+04 1.054404e+04 1.055240e+04 1.070536e+04
10.8 1.076713e+04 1.055302e+04 1.055098e+04 1.076509e+04
11.8 1.071716e+04 1.061614e+04 1.054998e+04 1.065100e+04
12.8 1.035727e+04 1.045863e+04 1.054938e+04 1.044802e+04
13.8 1.037447e+04 1.042241e+04 1.054910e+04 1.050116e+04
14.8 1.030466e+04 1.044589e+04 1.054897e+04 1.040775e+04
15.8 1.046096e+04 1.059433e+04 1.054893e+04 1.041557e+04
16.8 1.044178e+04 1.056496e+04 1.054893e+04 1.042575e+04
17.8 1.045696e+04 1.050455e+04 1.054893e+04 1.050133e+04
0.9 1.054296e+04 1.052131e+04 1.054671e+04 1.056835e+04
1.9 1.023099e+04 1.052795e+04 1.051144e+04 1.021448e+04
2.9 1.051612e+04 1.046830e+04 1.048891e+04 1.053673e+04
3.9 1.054148e+04 1.058382e+04 1.050723e+04 1.046489e+04
4.9 1.047989e+04 1.042300e+04 1.053113e+04 1.058803e+04
5.9 1.044742e+04 1.031919e+04 1.054530e+04 1.067353e+04
6.9 1.041061e+04 1.051528e+04 1.055199e+04 1.044732e+04
7.9 1.056346e+04 1.053283e+04 1.055415e+04 1.058478e+04
8.9 1.053978e+04 1.056080e+04 1.055371e+04 1.053270e+04
9.9 1.044095e+04 1.062966e+04 1.055225e+04 1.036354e+04
10.9 1.047218e+04 1.059744e+04 1.055083e+04 1.042556e+04
11.9 1.059518e+04 1.058091e+04 1.054982e+04 1.056409e+04
12.9 1.061031e+04 1.058031e+04 1.054921e+04 1.057921e+04
13.9 1.052160e+04 1.058708e+04 1.054889e+04 1.048341e+04
14.9 1.051965e+04 1.061097e+04 1.054873e+04 1.045740e+04
15.9 1.049608e+04 1.062193e+04 1.054864e+04 1.042278e+04
16.9 1.077230e+04 1.063540e+04 1.054857e+04 1.068548e+04
17.9 1.069267e+04 1.060670e+04 1.054852e+04 1.063449e+04
0.1 1.048933e+04 1.043530e+04 1.054783e+04 1.060185e+04
1.1 1.038486e+04 1.046361e+04 1.054071e+04 1.046196e+04
2.1 1.043375e+04 1.049436e+04 1.050011e+04 1.043949e+04
3.1 1.044730e+04 1.045634e+04 1.048982e+04 1.048078e+04
4.1 1.046999e+04 1.054678e+04 1.051229e+04 1.043551e+04
5.1 1.032163e+04 1.055239e+04 1.053417e+04 1.030341e+04
6.1 1.059592e+04 1.055756e+04 1.054610e+04 1.058446e+04
7.1 1.049641e+04 1.060745e+04 1.055139e+04 1.044035e+04
8.1 1.061866e+04 1.057258e+04 1.055270e+04 1.059878e+04
9.1 1.064382e+04 1.057142e+04 1.055186e+04 1.062427e+04
10.1 1.046175e+04 1.056918e+04 1.055030e+04 1.044287e+04
11.1 1.047964e+04 1.054400e+04 1.054893e+04 1.048457e+04
12.1 1.047021e+04 1.055097e+04 1.054800e+04 1.046723e+04
13.1 1.060710e+04 1.058773e+04 1.054744e+04 1.056681e+04
14.1 1.074217e+04 1.058462e+04 1.054716e+04 1.070471e+04
15.1 1.072717e+04 1.056528e+04 1.054700e+04 1.070890e+04
16.1 1.047151e+04 1.057449e+04 1.054692e+04 1.044394e+04
17.1 1.036386e+04 1.058845e+04 1.054686e+04 1.032227e+04
0.5 1.053914e+04 1.050983e+04 1.054793e+04 1.057724e+04
1.5 1.064250e+04 1.057486e+04 1.052437e+04 1.059201e+04
2.5 1.034269e+04 1.041452e+04 1.048965e+04 1.041782e+04
3.5 1.060711e+04 1.062326e+04 1.049868e+04 1.048253e+04
4.5 1.045205e+04 1.051733e+04 1.052403e+04 1.045874e+04
5.5 1.053161e+04 1.053765e+04 1.054139e+04 1.053535e+04
6.5 1.061638e+04 1.053087e+04 1.055040e+04 1.063590e+04
7.5 1.052375e+04 1.049569e+04 1.055379e+04 1.058185e+04
8.5 1.052350e+04 1.056322e+04 1.055410e+04 1.051438e+04
9.5 1.048403e+04 1.056890e+04 1.055293e+04 1.046806e+04
10.5 1.075210e+04 1.057710e+04 1.055155e+04 1.072655e+04
11.5 1.076339e+04 1.055057e+04 1.055047e+04 1.076329e+04
12.5 1.070867e+04 1.067329e+04 1.054985e+04 1.058524e+04
13.5 1.046007e+04 1.056734e+04 1.054956e+04 1.044228e+04
14.5 1.037887e+04 1.054915e+04 1.054945e+04 1.037916e+04
