3.647999e+03 3.403935e+03 3.391904e+03 3.660030e+03
3.338150e+03 3.403935e+03 3.385820e+03 3.356265e+03
3.321856e+03 3.403934e+03 3.398775e+03 3.327015e+03
3.433698e+03 3.404671e+03 3.396829e+03 3.441540e+03
3.296413e+03 3.413517e+03 3.413139e+03 3.296791e+03
3.333048e+03 3.415033e+03 3.415297e+03 3.332783e+03
3.350191e+03 3.399554e+03 3.397437e+03 3.352308e+03
3.362735e+03 3.399786e+03 3.390631e+03 3.371890e+03
3.320624e+03 3.403997e+03 3.361114e+03 3.363508e+03
3.317835e+03 3.397712e+03 3.363879e+03 3.351669e+03
3.427297e+03 3.395205e+03 3.407201e+03 3.415301e+03
3.541295e+03 3.379324e+03 3.440294e+03 3.480325e+03
3.408451e+03 3.402125e+03 3.424663e+03 3.385913e+03
3.511166e+03 3.408318e+03 3.468738e+03 3.450746e+03
3.338320e+03 3.414775e+03 3.495506e+03 3.257588e+03
3.454865e+03 3.402964e+03 3.413366e+03 3.444463e+03
3.390380e+03 3.408880e+03 3.415248e+03 3.384012e+03
3.425242e+03 3.409247e+03 3.404314e+03 3.430176e+03
3.543870e+03 3.404469e+03 3.401706e+03 3.546633e+03
3.502292e+03 3.408670e+03 3.390110e+03 3.520851e+03
3.431070e+03 3.403271e+03 3.394706e+03 3.439635e+03
3.349582e+03 3.407851e+03 3.389680e+03 3.367752e+03
3.395970e+03 3.411173e+03 3.378373e+03 3.428771e+03
3.282267e+03 3.403023e+03 3.407389e+03 3.277901e+03
3.367446e+03 3.404083e+03 3.399722e+03 3.371807e+03
3.406500e+03 3.404359e+03 3.410707e+03 3.400152e+03
3.423264e+03 3.404192e+03 3.407874e+03 3.419583e+03
3.389607e+03 3.407902e+03 3.418956e+03 3.378553e+03
3.489531e+03 3.402775e+03 3.409604e+03 3.482703e+03
3.342614e+03 3.400248e+03 3.394951e+03 3.347912e+03
3.448405e+03 3.399773e+03 3.393386e+03 3.454791e+03
3.328836e+03 3.394213e+03 3.354435e+03 3.368614e+03
3.262843e+03 3.404626e+03 3.382117e+03 3.285352e+03
3.372864e+03 3.403933e+03 3.378159e+03 3.398639e+03
3.348042e+03 3.402841e+03 3.385016e+03 3.365868e+03
3.497313e+03 3.410990e+03 3.413257e+03 3.495047e+03
3.511258e+03 3.396822e+03 3.389519e+03 3.518561e+03
3.356550e+03 3.399274e+03 3.388206e+03 3.367617e+03
3.341836e+03 3.402249e+03 3.390112e+03 3.353973e+03
3.363879e+03 3.403935e+03 3.396941e+03 3.370874e+03
3.406372e+03 3.402359e+03 3.385706e+03 3.423025e+03
3.467503e+03 3.404065e+03 3.402981e+03 3.468587e+03
3.530080e+03 3.399401e+03 3.399904e+03 3.529577e+03
3.531550e+03 3.407350e+03 3.409933e+03 3.528967e+03
3.517117e+03 3.412783e+03 3.463495e+03 3.466405e+03
3.340861e+03 3.405572e+03 3.418318e+03 3.328115e+03
3.446926e+03 3.421809e+03 3.456076e+03 3.412659e+03
3.362389e+03 3.418373e+03 3.431688e+03 3.349074e+03
3.464861e+03 3.427309e+03 3.431281e+03 3.460889e+03
3.466597e+03 3.411006e+03 3.405773e+03 3.471830e+03
3.424143e+03 3.404341e+03 3.398545e+03 3.429939e+03
3.450434e+03 3.403160e+03 3.390177e+03 3.463417e+03
3.417530e+03 3.403246e+03 3.401152e+03 3.419623e+03
3.455591e+03 3.398821e+03 3.412772e+03 3.441639e+03
3.340916e+03 3.420881e+03 3.371065e+03 3.390732e+03
3.341587e+03 3.404875e+03 3.415438e+03 3.331024e+03
3.387173e+03 3.405449e+03 3.424516e+03 3.368106e+03
3.372452e+03 3.404057e+03 3.412468e+03 3.364040e+03
3.287587e+03 3.392041e+03 3.378464e+03 3.301164e+03
3.492308e+03 3.400628e+03 3.398360e+03 3.494575e+03
3.383489e+03 3.405976e+03 3.407474e+03 3.381991e+03
3.362156e+03 3.405313e+03 3.414681e+03 3.352787e+03
3.337843e+03 3.403217e+03 3.391844e+03 3.349217e+03
3.368074e+03 3.382233e+03 3.341816e+03 3.408491e+03
3.362963e+03 3.383853e+03 3.366327e+03 3.380489e+03
3.464990e+03 3.403564e+03 3.398632e+03 3.469922e+03
3.386260e+03 3.402166e+03 3.374726e+03 3.413700e+03
3.425537e+03 3.393276e+03 3.401231e+03 3.417582e+03
3.369798e+03 3.378183e+03 3.443952e+03 3.304028e+03
3.453384e+03 3.387869e+03 3.438708e+03 3.402546e+03
3.376946e+03 3.400698e+03 3.428330e+03 3.349314e+03
3.482096e+03 3.404215e+03 3.449143e+03 3.437168e+03
3.411510e+03 3.404517e+03 3.437402e+03 3.378624e+03
3.390232e+03 3.409356e+03 3.422692e+03 3.376897e+03
3.513286e+03 3.392563e+03 3.379607e+03 3.526243e+03
3.391365e+03 3.412867e+03 3.416922e+03 3.387310e+03
3.395512e+03 3.402173e+03 3.347868e+03 3.449817e+03
3.230856e+03 3.407365e+03 3.407457e+03 3.230764e+03
3.359675e+03 3.404276e+03 3.388874e+03 3.375077e+03
3.404670e+03 3.401771e+03 3.392561e+03 3.413880e+03
3.319117e+03 3.406249e+03 3.400504e+03 3.324862e+03
3.348336e+03 3.400057e+03 3.315193e+03 3.433200e+03
3.285091e+03 3.404760e+03 3.331221e+03 3.358630e+03
3.262909e+03 3.407209e+03 3.359097e+03 3.311021e+03
3.437558e+03 3.405852e+03 3.402915e+03 3.440494e+03
3.438301e+03 3.402586e+03 3.431541e+03 3.409345e+03
3.426437e+03 3.388621e+03 3.443402e+03 3.371656e+03
3.336951e+03 3.422311e+03 3.364269e+03 3.394993e+03
3.213896e+03 3.414362e+03 3.377761e+03 3.250497e+03
3.346723e+03 3.411876e+03 3.404179e+03 3.354421e+03
3.406195e+03 3.403344e+03 3.405316e+03 3.404223e+03
3.416392e+03 3.404714e+03 3.403964e+03 3.417142e+03
3.563087e+03 3.395072e+03 3.420530e+03 3.537629e+03
3.416095e+03 3.420186e+03 3.374983e+03 3.461298e+03
3.333464e+03 3.396949e+03 3.415201e+03 3.315211e+03
3.440848e+03 3.396442e+03 3.422437e+03 3.414852e+03
3.563347e+03 3.405373e+03 3.459319e+03 3.509401e+03
3.508632e+03 3.402515e+03 3.478910e+03 3.432237e+03
3.486860e+03 3.405445e+03 3.439777e+03 3.452528e+03
3.471602e+03 3.427424e+03 3.465587e+03 3.433439e+03
3.462353e+03 3.411192e+03 3.415187e+03 3.458358e+03
3.420546e+03 3.430259e+03 3.452481e+03 3.398324e+03
3.395179e+03 3.406510e+03 3.396572e+03 3.405117e+03
3.320155e+03 3.404649e+03 3.391441e+03 3.333364e+03
3.421767e+03 3.402332e+03 3.383542e+03 3.440557e+03
3.452988e+03 3.403939e+03 3.398747e+03 3.458179e+03
3.307207e+03 3.398605e+03 3.400793e+03 3.305019e+03
3.268770e+03 3.353083e+03 3.317816e+03 3.304037e+03
3.388556e+03 3.400802e+03 3.392408e+03 3.396950e+03
3.334847e+03 3.394844e+03 3.326127e+03 3.403564e+03
3.354394e+03 3.398612e+03 3.323833e+03 3.429173e+03
3.393354e+03 3.402774e+03 3.386018e+03 3.410110e+03
3.417658e+03 3.365640e+03 3.451830e+03 3.331467e+03
3.429435e+03 3.365598e+03 3.464925e+03 3.330108e+03
3.463593e+03 3.385842e+03 3.427607e+03 3.421828e+03
3.570918e+03 3.404853e+03 3.416260e+03 3.559511e+03
3.509112e+03 3.404877e+03 3.411560e+03 3.502429e+03
3.430296e+03 3.403682e+03 3.403651e+03 3.430327e+03
3.292491e+03 3.412627e+03 3.420294e+03 3.284824e+03
3.472715e+03 3.407694e+03 3.405678e+03 3.474731e+03
3.434664e+03 3.403778e+03 3.389814e+03 3.448628e+03
3.421286e+03 3.403853e+03 3.392858e+03 3.432281e+03
3.520316e+03 3.390900e+03 3.430616e+03 3.480600e+03
3.556549e+03 3.342267e+03 3.520723e+03 3.378093e+03
3.474417e+03 3.389358e+03 3.432611e+03 3.431165e+03
3.346669e+03 3.397988e+03 3.418787e+03 3.325870e+03
3.308173e+03 3.403149e+03 3.410807e+03 3.300515e+03
3.378262e+03 3.403169e+03 3.430352e+03 3.351079e+03
3.486849e+03 3.406007e+03 3.430963e+03 3.461894e+03
3.504844e+03 3.429816e+03 3.486377e+03 3.448283e+03
3.447373e+03 3.430490e+03 3.461927e+03 3.415935e+03
3.338662e+03 3.411058e+03 3.412558e+03 3.337162e+03
3.314493e+03 3.405094e+03 3.402622e+03 3.316966e+03
3.395161e+03 3.403352e+03 3.398527e+03 3.399987e+03
3.377525e+03 3.407046e+03 3.383230e+03 3.401341e+03
3.461066e+03 3.411740e+03 3.384731e+03 3.488075e+03
3.443643e+03 3.438722e+03 3.337796e+03 3.544568e+03
3.252935e+03 3.406909e+03 3.395705e+03 3.264138e+03
3.392761e+03 3.396093e+03 3.425489e+03 3.363365e+03
3.443097e+03 3.402473e+03 3.399211e+03 3.446359e+03
3.444396e+03 3.403999e+03 3.412893e+03 3.435503e+03
3.296402e+03 3.394735e+03 3.373886e+03 3.317251e+03
3.396479e+03 3.399874e+03 3.396620e+03 3.399734e+03
3.354218e+03 3.395792e+03 3.370266e+03 3.379744e+03
3.473369e+03 3.403362e+03 3.389695e+03 3.487035e+03
3.324040e+03 3.395396e+03 3.337011e+03 3.382426e+03
3.435431e+03 3.415259e+03 3.427849e+03 3.422840e+03
3.387107e+03 3.381269e+03 3.354815e+03 3.413561e+03
3.338994e+03 3.392881e+03 3.383369e+03 3.348505e+03
3.388690e+03 3.403841e+03 3.393742e+03 3.398789e+03
3.406266e+03 3.403690e+03 3.391374e+03 3.418583e+03
3.360151e+03 3.406310e+03 3.402567e+03 3.363894e+03
3.364117e+03 3.409800e+03 3.412678e+03 3.361239e+03
3.404460e+03 3.400374e+03 3.394543e+03 3.410292e+03
3.319320e+03 3.403800e+03 3.393674e+03 3.329446e+03
3.353519e+03 3.403062e+03 3.373974e+03 3.382607e+03
3.354841e+03 3.404320e+03 3.398904e+03 3.360257e+03
3.344207e+03 3.404098e+03 3.398574e+03 3.349731e+03
3.406571e+03 3.403747e+03 3.403971e+03 3.406347e+03
3.402768e+03 3.413423e+03 3.418129e+03 3.398062e+03
3.314074e+03 3.416260e+03 3.411616e+03 3.318719e+03
3.439865e+03 3.406422e+03 3.399019e+03 3.447268e+03
3.378039e+03 3.403696e+03 3.382857e+03 3.398878e+03
3.520892e+03 3.402345e+03 3.388878e+03 3.534359e+03
3.491176e+03 3.403199e+03 3.398342e+03 3.496033e+03
3.447845e+03 3.387129e+03 3.429982e+03 3.404992e+03
3.412471e+03 3.386622e+03 3.435352e+03 3.363741e+03
3.357891e+03 3.396347e+03 3.415249e+03 3.338990e+03
3.313502e+03 3.397711e+03 3.397157e+03 3.314057e+03
3.374049e+03 3.389551e+03 3.375737e+03 3.387863e+03
3.445088e+03 3.419996e+03 3.449922e+03 3.415162e+03
3.335316e+03 3.410646e+03 3.423264e+03 3.322699e+03
3.391273e+03 3.407021e+03 3.426054e+03 3.372240e+03
3.272341e+03 3.403111e+03 3.392100e+03 3.283353e+03
3.401841e+03 3.397703e+03 3.345954e+03 3.453590e+03
3.320606e+03 3.409322e+03 3.403121e+03 3.326807e+03
3.416908e+03 3.428252e+03 3.444814e+03 3.400346e+03
3.392927e+03 3.408113e+03 3.412171e+03 3.388868e+03
3.405692e+03 3.389549e+03 3.392367e+03 3.402873e+03
3.600413e+03 3.400627e+03 3.380958e+03 3.620082e+03
3.311202e+03 3.404407e+03 3.373992e+03 3.341616e+03
3.437848e+03 3.405167e+03 3.388364e+03 3.454651e+03
3.352682e+03 3.399616e+03 3.389048e+03 3.363250e+03
3.446823e+03 3.404333e+03 3.401736e+03 3.449420e+03
3.547636e+03 3.430624e+03 3.448957e+03 3.529303e+03
3.390292e+03 3.415153e+03 3.444525e+03 3.360921e+03
3.584956e+03 3.409665e+03 3.455803e+03 3.538818e+03
3.436559e+03 3.421886e+03 3.466679e+03 3.391766e+03
3.701022e+03 3.425355e+03 3.448075e+03 3.678302e+03
3.492052e+03 3.426931e+03 3.428758e+03 3.490225e+03
3.366916e+03 3.408534e+03 3.403964e+03 3.371485e+03
3.424981e+03 3.404149e+03 3.400123e+03 3.429007e+03
3.344729e+03 3.410785e+03 3.416258e+03 3.339256e+03
3.351972e+03 3.404440e+03 3.398948e+03 3.357464e+03
3.367426e+03 3.388651e+03 3.374949e+03 3.381127e+03
3.422892e+03 3.394258e+03 3.377352e+03 3.439798e+03
3.302071e+03 3.398331e+03 3.277993e+03 3.422409e+03
3.434733e+03 3.404041e+03 3.366379e+03 3.472395e+03
3.492540e+03 3.406928e+03 3.361417e+03 3.538051e+03
3.503064e+03 3.403985e+03 3.393953e+03 3.513096e+03
3.321892e+03 3.399358e+03 3.391983e+03 3.329267e+03
3.392988e+03 3.408728e+03 3.406954e+03 3.394761e+03
3.336758e+03 3.416411e+03 3.415693e+03 3.337476e+03
3.361560e+03 3.401910e+03 3.384496e+03 3.378974e+03
3.363762e+03 3.410744e+03 3.385379e+03 3.389127e+03
3.301952e+03 3.399718e+03 3.401492e+03 3.300178e+03
3.382875e+03 3.398204e+03 3.409183e+03 3.371897e+03
3.386767e+03 3.421793e+03 3.426514e+03 3.382047e+03
3.527237e+03 3.407809e+03 3.455588e+03 3.479458e+03
3.415711e+03 3.401295e+03 3.423328e+03 3.393679e+03
3.424406e+03 3.405211e+03 3.404665e+03 3.424951e+03
3.368719e+03 3.407101e+03 3.389311e+03 3.386509e+03
3.377261e+03 3.402040e+03 3.409383e+03 3.369918e+03
3.441176e+03 3.403341e+03 3.371977e+03 3.472540e+03
3.361552e+03 3.404816e+03 3.409344e+03 3.357025e+03
3.378325e+03 3.402423e+03 3.407237e+03 3.373511e+03
3.391791e+03 3.407246e+03 3.402359e+03 3.396677e+03
