0.8 8.045335e+03 8.276307e+03 8.348207e+03 8.117235e+03
1.8 8.275390e+03 8.347315e+03 8.360009e+03 8.288084e+03
2.8 8.027103e+03 8.408613e+03 8.374798e+03 7.993288e+03
3.8 8.273133e+03 8.426347e+03 8.369911e+03 8.216696e+03
4.8 8.030508e+03 8.400227e+03 8.358628e+03 7.988909e+03
5.8 8.158313e+03 8.343423e+03 8.350639e+03 8.165529e+03
6.8 8.062111e+03 8.339021e+03 8.346734e+03 8.069825e+03
7.8 8.373889e+03 8.361128e+03 8.345249e+03 8.358010e+03
8.8 8.512555e+03 8.379279e+03 8.345174e+03 8.478449e+03
9.8 8.148871e+03 8.393182e+03 8.350518e+03 8.106207e+03
10.8 8.498845e+03 8.416042e+03 8.370563e+03 8.453365e+03
11.8 8.461753e+03 8.419508e+03 8.374674e+03 8.416919e+03
12.8 8.351709e+03 8.401087e+03 8.364005e+03 8.314627e+03
13.8 8.511800e+03 8.341008e+03 8.353635e+03 8.524426e+03
14.8 8.293832e+03 8.314672e+03 8.347951e+03 8.327111e+03
15.8 8.161306e+03 8.312911e+03 8.345398e+03 8.193793e+03
16.8 8.246388e+03 8.314561e+03 8.344813e+03 8.276639e+03
17.8 8.832576e+03 8.338621e+03 8.345211e+03 8.839166e+03
0.4 8.512555e+03 8.379279e+03 8.345174e+03 8.478449e+03
1.4 8.148871e+03 8.393182e+03 8.350518e+03 8.106207e+03
2.4 8.498845e+03 8.416042e+03 8.370563e+03 8.453365e+03
3.4 8.461753e+03 8.419508e+03 8.374674e+03 8.416919e+03
4.4 8.351709e+03 8.401087e+03 8.364005e+03 8.314627e+03
5.4 8.511800e+03 8.341008e+03 8.353635e+03 8.524426e+03
6.4 8.293832e+03 8.314672e+03 8.347951e+03 8.327111e+03
7.4 8.161306e+03 8.312911e+03 8.345398e+03 8.193793e+03
8.4 8.246388e+03 8.314561e+03 8.344813e+03 8.276639e+03
9.4 8.832576e+03 8.338621e+03 8.345211e+03 8.839166e+03
10.4 8.645042e+03 8.365622e+03 8.345945e+03 8.625365e+03
11.4 8.772972e+03 8.380852e+03 8.346576e+03 8.738696e+03
12.4 8.808596e+03 8.386681e+03 8.347011e+03 8.768927e+03
13.4 8.421585e+03 8.391749e+03 8.351988e+03 8.381824e+03
14.4 8.503484e+03 8.406937e+03 8.369319e+03 8.465866e+03
15.4 8.202613e+03 8.405342e+03 8.371871e+03 8.169143e+03
16.4 8.397004e+03 8.355581e+03 8.361824e+03 8.403247e+03
17.4 8.513443e+03 8.312240e+03 8.352663e+03 8.553866e+03
0.3 8.808596e+03 8.386681e+03 8.347011e+03 8.768927e+03
1.3 8.421585e+03 8.391749e+03 8.351988e+03 8.381824e+03
2.3 8.503484e+03 8.406937e+03 8.369319e+03 8.465866e+03
3.3 8.202613e+03 8.405342e+03 8.371871e+03 8.169143e+03
4.3 8.397004e+03 8.355581e+03 8.361824e+03 8.403247e+03
5.3 8.513443e+03 8.312240e+03 8.352663e+03 8.553866e+03
6.3 8.241126e+03 8.309250e+03 8.347752e+03 8.279628e+03
7.3 8.206374e+03 8.309777e+03 8.345621e+03 8.242218e+03
8.3 8.119950e+03 8.339758e+03 8.345146e+03 8.125339e+03
9.3 8.195194e+03 8.406996e+03 8.345546e+03 8.133744e+03
10.3 8.601340e+03 8.431390e+03 8.346219e+03 8.516169e+03
11.3 8.115492e+03 8.414627e+03 8.346792e+03 8.047657e+03
12.3 8.099521e+03 8.383472e+03 8.347177e+03 8.063226e+03
13.3 8.153335e+03 8.275257e+03 8.347403e+03 8.225481e+03
14.3 8.048397e+03 8.224660e+03 8.347521e+03 8.171259e+03
15.3 8.066194e+03 8.272071e+03 8.347587e+03 8.141710e+03
16.3 8.124624e+03 8.319095e+03 8.347629e+03 8.153158e+03
17.3 8.256376e+03 8.269611e+03 8.347663e+03 8.334427e+03
0.9 8.268445e+03 8.301645e+03 8.348432e+03 8.315232e+03
1.9 8.719616e+03 8.365704e+03 8.363641e+03 8.717553e+03
2.9 8.541488e+03 8.408494e+03 8.381552e+03 8.514546e+03
3.9 8.519080e+03 8.397793e+03 8.375978e+03 8.497265e+03
4.9 8.423978e+03 8.336273e+03 8.361681e+03 8.449386e+03
5.9 8.498082e+03 8.322355e+03 8.351894e+03 8.527621e+03
6.9 8.309150e+03 8.345424e+03 8.349834e+03 8.313560e+03
7.9 8.554915e+03 8.383666e+03 8.368139e+03 8.539388e+03
8.9 8.367531e+03 8.405516e+03 8.379305e+03 8.341320e+03
9.9 7.931640e+03 8.428338e+03 8.369392e+03 7.872694e+03
10.9 8.602771e+03 8.452900e+03 8.356979e+03 8.506850e+03
11.9 8.278589e+03 8.419739e+03 8.349334e+03 8.208183e+03
12.9 8.575337e+03 8.362750e+03 8.345968e+03 8.558555e+03
13.9 8.434722e+03 8.346993e+03 8.345024e+03 8.432753e+03
14.9 8.411595e+03 8.393738e+03 8.345430e+03 8.363287e+03
15.9 8.480431e+03 8.417869e+03 8.346334e+03 8.408896e+03
16.9 8.381097e+03 8.382291e+03 8.347223e+03 8.346029e+03
17.9 8.369455e+03 8.345746e+03 8.347841e+03 8.371550e+03
0.2 8.498082e+03 8.322355e+03 8.351894e+03 8.527621e+03
1.2 8.309150e+03 8.345424e+03 8.349834e+03 8.313560e+03
2.2 8.554915e+03 8.383666e+03 8.368139e+03 8.539388e+03
3.2 8.367531e+03 8.405516e+03 8.379305e+03 8.341320e+03
4.2 7.931640e+03 8.428338e+03 8.369392e+03 7.872694e+03
5.2 8.602771e+03 8.452900e+03 8.356979e+03 8.506850e+03
6.2 8.278589e+03 8.419739e+03 8.349334e+03 8.208183e+03
7.2 8.575337e+03 8.362750e+03 8.345968e+03 8.558555e+03
8.2 8.434722e+03 8.346993e+03 8.345024e+03 8.432753e+03
9.2 8.411595e+03 8.393738e+03 8.345430e+03 8.363287e+03
10.2 8.480431e+03 8.417869e+03 8.346334e+03 8.408896e+03
11.2 8.381097e+03 8.382291e+03 8.347223e+03 8.346029e+03
12.2 8.369455e+03 8.345746e+03 8.347841e+03 8.371550e+03
13.2 8.298142e+03 8.362628e+03 8.348216e+03 8.283729e+03
14.2 8.153997e+03 8.415038e+03 8.348429e+03 8.087388e+03
15.2 8.561846e+03 8.420888e+03 8.348549e+03 8.489507e+03
16.2 8.731668e+03 8.401946e+03 8.348628e+03 8.678350e+03
17.2 8.980950e+03 8.390874e+03 8.348687e+03 8.938763e+03
0.8 8.629733e+03 8.385524e+03 8.349268e+03 8.593477e+03
1.8 8.409672e+03 8.392624e+03 8.361374e+03 8.378422e+03
2.8 8.520975e+03 8.407152e+03 8.377396e+03 8.491219e+03
3.8 8.170407e+03 8.402917e+03 8.372793e+03 8.140284e+03
4.8 8.222928e+03 8.370898e+03 8.360940e+03 8.212970e+03
5.8 8.234548e+03 8.318500e+03 8.352430e+03 8.268477e+03
6.8 8.415430e+03 8.314049e+03 8.348272e+03 8.449652e+03
7.8 8.123240e+03 8.313463e+03 8.346706e+03 8.156483e+03
8.8 8.515975e+03 8.327935e+03 8.346646e+03 8.534685e+03
9.8 8.077244e+03 8.357626e+03 8.347276e+03 8.066894e+03
10.8 8.169571e+03 8.419623e+03 8.348033e+03 8.097981e+03
11.8 8.601578e+03 8.523378e+03 8.348606e+03 8.426805e+03
12.8 8.486729e+03 8.501959e+03 8.348966e+03 8.333736e+03
13.8 8.340182e+03 8.324582e+03 8.349166e+03 8.364766e+03
14.8 8.230829e+03 8.235124e+03 8.349263e+03 8.344968e+03
15.8 8.194913e+03 8.236229e+03 8.349309e+03 8.307993e+03
16.8 8.191578e+03 8.253632e+03 8.349330e+03 8.287276e+03
17.8 8.356003e+03 8.310327e+03 8.349341e+03 8.395017e+03
1.0 8.357533e+03 8.337852e+03 8.350239e+03 8.369921e+03
2.0 8.574607e+03 8.403936e+03 8.366644e+03 8.537315e+03
3.0 8.649675e+03 8.448066e+03 8.386525e+03 8.588133e+03
4.0 8.559855e+03 8.464702e+03 8.380277e+03 8.475431e+03
5.0 8.313148e+03 8.492601e+03 8.364418e+03 8.184965e+03
6.0 8.436627e+03 8.456866e+03 8.353491e+03 8.333252e+03
7.0 8.086831e+03 8.292395e+03 8.347927e+03 8.142364e+03
8.0 8.009500e+03 8.185159e+03 8.345776e+03 8.170117e+03
9.0 7.826476e+03 8.231335e+03 8.345659e+03 7.940799e+03
10.0 8.156344e+03 8.235524e+03 8.346452e+03 8.267272e+03
11.0 8.132525e+03 8.245788e+03 8.347366e+03 8.234103e+03
12.0 8.287159e+03 8.311963e+03 8.348063e+03 8.323259e+03
13.0 8.067271e+03 8.296163e+03 8.348487e+03 8.119594e+03
14.0 8.384256e+03 8.213347e+03 8.348688e+03 8.519597e+03
15.0 8.273194e+03 8.233714e+03 8.348771e+03 8.388252e+03
16.0 8.462187e+03 8.258016e+03 8.348795e+03 8.552965e+03
17.0 8.134814e+03 8.301470e+03 8.348795e+03 8.182138e+03
18.0 8.510950e+03 8.332231e+03 8.348787e+03 8.527506e+03
0.2 8.779223e+03 8.421712e+03 8.348786e+03 8.706296e+03
1.2 8.415092e+03 8.432785e+03 8.351505e+03 8.333811e+03
2.2 8.228511e+03 8.434782e+03 8.372084e+03 8.165813e+03
3.2 8.281658e+03 8.431104e+03 8.383859e+03 8.234413e+03
4.2 8.457271e+03 8.411963e+03 8.373149e+03 8.418457e+03
5.2 8.495738e+03 8.394481e+03 8.359529e+03 8.460786e+03
6.2 8.335255e+03 8.384760e+03 8.351083e+03 8.301578e+03
7.2 8.613764e+03 8.381009e+03 8.347062e+03 8.579817e+03
8.2 8.204367e+03 8.387755e+03 8.353040e+03 8.169652e+03
9.2 8.530765e+03 8.415348e+03 8.379975e+03 8.495391e+03
10.2 8.551949e+03 8.429461e+03 8.390584e+03 8.513072e+03
11.2 8.698815e+03 8.456156e+03 8.376694e+03 8.619353e+03
12.2 8.475631e+03 8.461744e+03 8.360265e+03 8.374152e+03
13.2 8.400569e+03 8.430454e+03 8.350696e+03 8.320811e+03
14.2 8.199882e+03 8.396474e+03 8.346266e+03 8.149674e+03
15.2 8.513203e+03 8.297271e+03 8.345122e+03 8.561054e+03
16.2 8.348152e+03 8.132535e+03 8.345661e+03 8.561279e+03
17.2 8.159121e+03 8.124983e+03 8.346835e+03 8.380973e+03
0.5 8.613764e+03 8.381009e+03 8.347062e+03 8.579817e+03
1.5 8.204367e+03 8.387755e+03 8.353040e+03 8.169652e+03
2.5 8.530765e+03 8.415348e+03 8.379975e+03 8.495391e+03
3.5 8.551949e+03 8.429461e+03 8.390584e+03 8.513072e+03
4.5 8.698815e+03 8.456156e+03 8.376694e+03 8.619353e+03
5.5 8.475631e+03 8.461744e+03 8.360265e+03 8.374152e+03
6.5 8.400569e+03 8.430454e+03 8.350696e+03 8.320811e+03
7.5 8.199882e+03 8.396474e+03 8.346266e+03 8.149674e+03
8.5 8.513203e+03 8.297271e+03 8.345122e+03 8.561054e+03
9.5 8.348152e+03 8.132535e+03 8.345661e+03 8.561279e+03
10.5 8.159121e+03 8.124983e+03 8.346835e+03 8.380973e+03
11.5 8.611488e+03 8.232205e+03 8.347913e+03 8.727196e+03
12.5 8.510778e+03 8.327836e+03 8.348690e+03 8.531632e+03
13.5 8.155850e+03 8.366041e+03 8.349144e+03 8.138953e+03
14.5 8.184479e+03 8.275921e+03 8.349400e+03 8.257958e+03
15.5 8.079627e+03 8.206462e+03 8.349545e+03 8.222710e+03
16.5 8.580418e+03 8.259558e+03 8.349633e+03 8.670493e+03
17.5 8.114697e+03 8.324683e+03 8.349697e+03 8.139711e+03
0.6 8.820738e+03 8.292653e+03 8.350102e+03 8.878187e+03
1.6 8.155007e+03 8.342457e+03 8.359638e+03 8.172188e+03
2.6 8.497497e+03 8.404587e+03 8.383977e+03 8.476887e+03
3.6 8.509532e+03 8.426202e+03 8.386859e+03 8.470189e+03
4.6 8.258711e+03 8.429452e+03 8.371655e+03 8.200914e+03
5.6 8.535584e+03 8.459412e+03 8.357708e+03 8.433880e+03
6.6 8.690834e+03 8.449307e+03 8.350175e+03 8.591702e+03
7.6 8.642473e+03 8.410814e+03 8.346906e+03 8.578565e+03
8.6 8.714163e+03 8.369860e+03 8.346175e+03 8.690477e+03
9.6 8.591833e+03 8.357428e+03 8.346766e+03 8.581171e+03
10.6 8.299916e+03 8.392494e+03 8.347764e+03 8.255186e+03
11.6 8.297250e+03 8.427404e+03 8.348604e+03 8.218449e+03
12.6 8.430257e+03 8.417830e+03 8.349158e+03 8.361585e+03
13.6 8.606842e+03 8.396280e+03 8.349472e+03 8.560034e+03
14.6 8.371331e+03 8.382433e+03 8.349750e+03 8.338647e+03
15.6 8.789395e+03 8.383867e+03 8.358455e+03 8.763982e+03
16.6 8.388220e+03 8.392581e+03 8.369842e+03 8.365481e+03
17.6 7.916149e+03 8.394363e+03 8.366453e+03 7.888239e+03
0.6 8.371331e+03 8.382433e+03 8.349750e+03 8.338647e+03
1.6 8.789395e+03 8.383867e+03 8.358455e+03 8.763982e+03
2.6 8.388220e+03 8.392581e+03 8.369842e+03 8.365481e+03
3.6 7.916149e+03 8.394363e+03 8.366453e+03 7.888239e+03
4.6 8.388010e+03 8.431377e+03 8.357896e+03 8.314528e+03
5.6 8.292476e+03 8.442746e+03 8.352127e+03 8.201856e+03
6.6 8.303173e+03 8.410709e+03 8.349187e+03 8.241651e+03
7.6 8.410513e+03 8.301070e+03 8.348147e+03 8.457590e+03
8.6 8.209521e+03 8.223932e+03 8.348149e+03 8.333739e+03
9.6 7.972122e+03 8.260317e+03 8.348647e+03 8.060452e+03
10.6 8.045349e+03 8.264708e+03 8.349212e+03 8.129853e+03
11.6 8.257207e+03 8.233231e+03 8.349652e+03 8.373628e+03
12.6 8.404782e+03 8.278849e+03 8.349929e+03 8.475863e+03
13.6 8.184747e+03 8.340534e+03 8.350115e+03 8.194328e+03
14.6 7.949108e+03 8.378534e+03 8.350263e+03 7.920837e+03
