0.1 4.982644e+03 5.329466e+03 5.151534e+03 4.804712e+03
1.1 5.395620e+03 5.325307e+03 5.155213e+03 5.225526e+03
2.1 5.203723e+03 5.215272e+03 5.173268e+03 5.161720e+03
3.1 5.071043e+03 5.117072e+03 5.176656e+03 5.130627e+03
4.1 5.370122e+03 5.053847e+03 5.166369e+03 5.482644e+03
5.1 5.153753e+03 5.042460e+03 5.156973e+03 5.268266e+03
6.1 5.360248e+03 5.214347e+03 5.151609e+03 5.297511e+03
7.1 5.330368e+03 5.299791e+03 5.149303e+03 5.179879e+03
8.1 5.202546e+03 5.208704e+03 5.148714e+03 5.142556e+03
9.1 5.086178e+03 5.111729e+03 5.149046e+03 5.123495e+03
10.1 5.131277e+03 5.109339e+03 5.149660e+03 5.171598e+03
11.1 5.128607e+03 5.105520e+03 5.150213e+03 5.173300e+03
12.1 5.044593e+03 5.070458e+03 5.150560e+03 5.124695e+03
13.1 5.185019e+03 5.147811e+03 5.150745e+03 5.187954e+03
14.1 5.214540e+03 5.263770e+03 5.150820e+03 5.101590e+03
15.1 5.088991e+03 5.195223e+03 5.150841e+03 5.044608e+03
16.1 5.003122e+03 5.011935e+03 5.150840e+03 5.142027e+03
17.1 4.822476e+03 4.940845e+03 5.150831e+03 5.032462e+03
1.0 5.491614e+03 5.298774e+03 5.152683e+03 5.345523e+03
2.0 5.080094e+03 5.183045e+03 5.170250e+03 5.067299e+03
3.0 4.806614e+03 5.102186e+03 5.177099e+03 4.881527e+03
4.0 4.983139e+03 5.220982e+03 5.167644e+03 4.929801e+03
5.0 5.093171e+03 5.349012e+03 5.157777e+03 4.901936e+03
6.0 5.327673e+03 5.267186e+03 5.159685e+03 5.220172e+03
7.0 5.297807e+03 5.141567e+03 5.174433e+03 5.330673e+03
8.0 5.075533e+03 5.052286e+03 5.171885e+03 5.195131e+03
9.0 5.093238e+03 5.000528e+03 5.161040e+03 5.253750e+03
10.0 5.379420e+03 5.032109e+03 5.153525e+03 5.500835e+03
11.0 5.531188e+03 5.242677e+03 5.149885e+03 5.438395e+03
12.0 5.492949e+03 5.361375e+03 5.148585e+03 5.280160e+03
13.0 5.232415e+03 5.255526e+03 5.148636e+03 5.125525e+03
14.0 4.789418e+03 5.115304e+03 5.149304e+03 4.823419e+03
15.0 4.778215e+03 5.116105e+03 5.150054e+03 4.812164e+03
16.0 5.103356e+03 5.191130e+03 5.150647e+03 5.062873e+03
17.0 5.287979e+03 5.144283e+03 5.151039e+03 5.294735e+03
18.0 5.072891e+03 5.024960e+03 5.151263e+03 5.199194e+03
0.4 5.093171e+03 5.349012e+03 5.157777e+03 4.901936e+03
1.4 5.327673e+03 5.267186e+03 5.159685e+03 5.220172e+03
2.4 5.297807e+03 5.141567e+03 5.174433e+03 5.330673e+03
3.4 5.075533e+03 5.052286e+03 5.171885e+03 5.195131e+03
4.4 5.093238e+03 5.000528e+03 5.161040e+03 5.253750e+03
5.4 5.379420e+03 5.032109e+03 5.153525e+03 5.500835e+03
6.4 5.531188e+03 5.242677e+03 5.149885e+03 5.438395e+03
7.4 5.492949e+03 5.361375e+03 5.148585e+03 5.280160e+03
8.4 5.232415e+03 5.255526e+03 5.148636e+03 5.125525e+03
9.4 4.789418e+03 5.115304e+03 5.149304e+03 4.823419e+03
10.4 4.778215e+03 5.116105e+03 5.150054e+03 4.812164e+03
11.4 5.103356e+03 5.191130e+03 5.150647e+03 5.062873e+03
12.4 5.287979e+03 5.144283e+03 5.151039e+03 5.294735e+03
13.4 5.072891e+03 5.024960e+03 5.151263e+03 5.199194e+03
14.4 5.174994e+03 4.896474e+03 5.151395e+03 5.429915e+03
15.4 5.282058e+03 4.949754e+03 5.151477e+03 5.483780e+03
16.4 5.398797e+03 5.234873e+03 5.151538e+03 5.315462e+03
17.4 5.577610e+03 5.345986e+03 5.151591e+03 5.383216e+03
0.3 5.142753e+03 5.315520e+03 5.152435e+03 4.979668e+03
1.3 5.516878e+03 5.264639e+03 5.157987e+03 5.410227e+03
2.3 4.979286e+03 5.132090e+03 5.175992e+03 5.023189e+03
3.3 4.972168e+03 5.047658e+03 5.177023e+03 5.101533e+03
4.3 5.342462e+03 5.134751e+03 5.166154e+03 5.373865e+03
5.3 5.194140e+03 5.194801e+03 5.157329e+03 5.156667e+03
6.3 5.171092e+03 5.113923e+03 5.152478e+03 5.209647e+03
7.3 5.313658e+03 5.022648e+03 5.150495e+03 5.441505e+03
8.3 5.093234e+03 4.971274e+03 5.150114e+03 5.272074e+03
9.3 5.170468e+03 4.950395e+03 5.150568e+03 5.370641e+03
10.3 4.966659e+03 4.999018e+03 5.151240e+03 5.118881e+03
11.3 5.276805e+03 5.197496e+03 5.151820e+03 5.231129e+03
12.3 5.249080e+03 5.274798e+03 5.152188e+03 5.126469e+03
13.3 4.837015e+03 5.161479e+03 5.152394e+03 4.827930e+03
14.3 4.880381e+03 5.035180e+03 5.152504e+03 4.997705e+03
15.3 5.221415e+03 4.972394e+03 5.152558e+03 5.401579e+03
16.3 4.904594e+03 4.954410e+03 5.152588e+03 5.102772e+03
17.3 4.954806e+03 5.109598e+03 5.152606e+03 4.997814e+03
0.7 5.276782e+03 5.187235e+03 5.152318e+03 5.241865e+03
1.7 5.217700e+03 5.139634e+03 5.166027e+03 5.244093e+03
2.7 5.373667e+03 5.103351e+03 5.178498e+03 5.448814e+03
3.7 5.103098e+03 5.072204e+03 5.172027e+03 5.202921e+03
4.7 5.159512e+03 5.052328e+03 5.161032e+03 5.268216e+03
5.7 5.175213e+03 5.047257e+03 5.154106e+03 5.282062e+03
6.7 4.997862e+03 5.112380e+03 5.150657e+03 5.036139e+03
7.7 5.153842e+03 5.200726e+03 5.149472e+03 5.102589e+03
8.7 5.223523e+03 5.180699e+03 5.149513e+03 5.192337e+03
9.7 5.436914e+03 5.110015e+03 5.150102e+03 5.477000e+03
10.7 5.287138e+03 5.067565e+03 5.150729e+03 5.370302e+03
11.7 5.252369e+03 5.069404e+03 5.151204e+03 5.334169e+03
12.7 5.408268e+03 5.236086e+03 5.151483e+03 5.323665e+03
13.7 5.119425e+03 5.365459e+03 5.151631e+03 4.905598e+03
14.7 5.294086e+03 5.291615e+03 5.151708e+03 5.154179e+03
15.7 5.108188e+03 5.220140e+03 5.151750e+03 5.039799e+03
16.7 5.231530e+03 5.200306e+03 5.151781e+03 5.183004e+03
17.7 5.143604e+03 5.151025e+03 5.151810e+03 5.144389e+03
