0.4 9.060388e+03 9.481320e+03 9.504796e+03 9.083864e+03
1.4 9.190993e+03 9.499521e+03 9.506503e+03 9.197975e+03
2.4 9.299919e+03 9.514970e+03 9.513508e+03 9.298457e+03
3.4 9.415306e+03 9.522209e+03 9.517198e+03 9.410295e+03
4.4 9.470894e+03 9.519110e+03 9.513433e+03 9.465216e+03
5.4 9.432612e+03 9.513891e+03 9.508497e+03 9.427218e+03
6.4 9.444752e+03 9.522544e+03 9.505510e+03 9.427718e+03
7.4 9.515483e+03 9.537149e+03 9.504103e+03 9.482437e+03
8.4 9.408835e+03 9.531749e+03 9.503663e+03 9.380748e+03
9.4 9.771458e+03 9.556565e+03 9.503766e+03 9.718659e+03
10.4 9.618725e+03 9.626440e+03 9.504079e+03 9.496364e+03
11.4 9.856528e+03 9.613478e+03 9.504381e+03 9.747431e+03
12.4 9.604813e+03 9.566800e+03 9.504597e+03 9.542611e+03
13.4 9.569664e+03 9.530506e+03 9.504730e+03 9.543888e+03
14.4 9.498117e+03 9.510084e+03 9.504798e+03 9.492832e+03
15.4 9.647794e+03 9.442433e+03 9.504835e+03 9.710196e+03
16.4 9.207491e+03 9.300054e+03 9.504855e+03 9.412293e+03
17.4 9.309314e+03 9.311564e+03 9.504870e+03 9.502620e+03
18.4 9.432595e+03 9.414448e+03 9.504882e+03 9.523029e+03
0.4 9.266521e+03 9.318399e+03 9.504777e+03 9.452899e+03
1.4 9.186139e+03 9.348286e+03 9.506374e+03 9.344226e+03
2.4 9.481375e+03 9.444097e+03 9.513489e+03 9.550767e+03
3.4 9.663086e+03 9.508889e+03 9.517201e+03 9.671397e+03
4.4 9.554665e+03 9.536645e+03 9.513414e+03 9.531434e+03
5.4 9.577513e+03 9.543370e+03 9.508578e+03 9.542721e+03
6.4 9.519206e+03 9.540850e+03 9.505543e+03 9.483900e+03
7.4 9.621308e+03 9.536233e+03 9.504084e+03 9.589158e+03
8.4 9.457503e+03 9.539645e+03 9.503647e+03 9.421505e+03
9.4 9.684530e+03 9.539285e+03 9.503749e+03 9.648994e+03
10.4 9.583634e+03 9.531441e+03 9.504055e+03 9.556248e+03
11.4 9.797886e+03 9.520478e+03 9.504360e+03 9.781768e+03
12.4 9.394695e+03 9.496620e+03 9.504585e+03 9.402661e+03
13.4 9.514987e+03 9.490555e+03 9.504718e+03 9.529150e+03
14.4 9.546498e+03 9.501253e+03 9.504792e+03 9.550036e+03
15.4 9.270094e+03 9.519082e+03 9.504831e+03 9.255843e+03
16.4 9.422899e+03 9.530489e+03 9.504856e+03 9.397266e+03
17.4 9.557154e+03 9.526834e+03 9.504874e+03 9.535194e+03
18.4 9.484962e+03 9.472022e+03 9.504891e+03 9.517831e+03
