0.1 9.101351e+03 9.095488e+03 9.144261e+03 9.150124e+03
1.1 9.122707e+03 9.119636e+03 9.158916e+03 9.161987e+03
2.1 9.123146e+03 9.215123e+03 9.230843e+03 9.138866e+03
3.1 9.195336e+03 9.246339e+03 9.244340e+03 9.193337e+03
4.1 8.856418e+03 9.214231e+03 9.203361e+03 8.845548e+03
5.1 9.087954e+03 9.174189e+03 9.165928e+03 9.079693e+03
6.1 9.133708e+03 9.101041e+03 9.144563e+03 9.177229e+03
7.1 9.022779e+03 9.066989e+03 9.135373e+03 9.091164e+03
8.1 8.928295e+03 9.091255e+03 9.133029e+03 8.970070e+03
9.1 8.967793e+03 9.114648e+03 9.134352e+03 8.987497e+03
10.1 9.083495e+03 9.059668e+03 9.136798e+03 9.160625e+03
11.1 8.740141e+03 9.038313e+03 9.139000e+03 8.840829e+03
12.1 9.228389e+03 9.084444e+03 9.140383e+03 9.284329e+03
13.1 9.347751e+03 9.165213e+03 9.141120e+03 9.323659e+03
14.1 9.330162e+03 9.231320e+03 9.141416e+03 9.240259e+03
15.1 9.308588e+03 9.223363e+03 9.141501e+03 9.226726e+03
16.1 9.286874e+03 9.175896e+03 9.141496e+03 9.252474e+03
17.1 9.175426e+03 9.150513e+03 9.141461e+03 9.166374e+03
1.0 9.276810e+03 9.115931e+03 9.148838e+03 9.309718e+03
2.0 9.160092e+03 9.202988e+03 9.218819e+03 9.175923e+03
3.0 9.184717e+03 9.244407e+03 9.246104e+03 9.186414e+03
4.0 9.202022e+03 9.192020e+03 9.208438e+03 9.218441e+03
5.0 9.132792e+03 9.136196e+03 9.169132e+03 9.165728e+03
6.0 9.055166e+03 9.157075e+03 9.176731e+03 9.074821e+03
7.0 9.091201e+03 9.236311e+03 9.235482e+03 9.090372e+03
8.0 9.299272e+03 9.238849e+03 9.225332e+03 9.285754e+03
9.0 9.394998e+03 9.201853e+03 9.182130e+03 9.375275e+03
10.0 9.138891e+03 9.173870e+03 9.152191e+03 9.117212e+03
11.0 8.853245e+03 9.158547e+03 9.137692e+03 8.832390e+03
12.0 9.130038e+03 9.152154e+03 9.132516e+03 9.110400e+03
13.0 9.173991e+03 9.152191e+03 9.132718e+03 9.154518e+03
14.0 9.209478e+03 9.156086e+03 9.135379e+03 9.188771e+03
15.0 9.185380e+03 9.187921e+03 9.138367e+03 9.135826e+03
16.0 9.225647e+03 9.228398e+03 9.140729e+03 9.137979e+03
17.0 9.099405e+03 9.219517e+03 9.142290e+03 9.022179e+03
18.0 9.031491e+03 9.185836e+03 9.143183e+03 8.988838e+03
0.4 9.132792e+03 9.136196e+03 9.169132e+03 9.165728e+03
1.4 9.055166e+03 9.157075e+03 9.176731e+03 9.074821e+03
2.4 9.091201e+03 9.236311e+03 9.235482e+03 9.090372e+03
3.4 9.299272e+03 9.238849e+03 9.225332e+03 9.285754e+03
4.4 9.394998e+03 9.201853e+03 9.182130e+03 9.375275e+03
5.4 9.138891e+03 9.173870e+03 9.152191e+03 9.117212e+03
6.4 8.853245e+03 9.158547e+03 9.137692e+03 8.832390e+03
7.4 9.130038e+03 9.152154e+03 9.132516e+03 9.110400e+03
8.4 9.173991e+03 9.152191e+03 9.132718e+03 9.154518e+03
9.4 9.209478e+03 9.156086e+03 9.135379e+03 9.188771e+03
10.4 9.185380e+03 9.187921e+03 9.138367e+03 9.135826e+03
11.4 9.225647e+03 9.228398e+03 9.140729e+03 9.137979e+03
12.4 9.099405e+03 9.219517e+03 9.142290e+03 9.022179e+03
13.4 9.031491e+03 9.185836e+03 9.143183e+03 8.988838e+03
14.4 9.064120e+03 9.151733e+03 9.143707e+03 9.056094e+03
15.4 9.068225e+03 9.135688e+03 9.144033e+03 9.076570e+03
16.4 9.054222e+03 9.108764e+03 9.144278e+03 9.089735e+03
17.4 9.246367e+03 9.106665e+03 9.144489e+03 9.284191e+03
0.3 9.170522e+03 9.155072e+03 9.147851e+03 9.163301e+03
1.3 9.268546e+03 9.163757e+03 9.169970e+03 9.274760e+03
2.3 9.372652e+03 9.246046e+03 9.241695e+03 9.368301e+03
3.3 9.224891e+03 9.267241e+03 9.245801e+03 9.203451e+03
4.3 9.090250e+03 9.279321e+03 9.202501e+03 9.013429e+03
5.3 9.056663e+03 9.275484e+03 9.167346e+03 8.948524e+03
6.3 9.219128e+03 9.232116e+03 9.148021e+03 9.135033e+03
7.3 9.154549e+03 9.191706e+03 9.140123e+03 9.102967e+03
8.3 9.180055e+03 9.169241e+03 9.138604e+03 9.149418e+03
9.3 9.203696e+03 9.160518e+03 9.140414e+03 9.183592e+03
10.3 9.054172e+03 9.176459e+03 9.143091e+03 9.020804e+03
11.3 9.209566e+03 9.241603e+03 9.145400e+03 9.113362e+03
12.3 9.230424e+03 9.268509e+03 9.146865e+03 9.108781e+03
13.3 9.294079e+03 9.247368e+03 9.147688e+03 9.194399e+03
14.3 9.263678e+03 9.214888e+03 9.148126e+03 9.196915e+03
15.3 9.062187e+03 9.186455e+03 9.148343e+03 9.024075e+03
16.3 9.028738e+03 9.167036e+03 9.148461e+03 9.010163e+03
17.3 9.177982e+03 9.114574e+03 9.148534e+03 9.211942e+03
0.7 9.375877e+03 9.139118e+03 9.147384e+03 9.384143e+03
1.7 9.393839e+03 9.203939e+03 9.201997e+03 9.391896e+03
2.7 9.395541e+03 9.262920e+03 9.251677e+03 9.384299e+03
3.7 9.415908e+03 9.242831e+03 9.225898e+03 9.398974e+03
4.7 9.519086e+03 9.201984e+03 9.182100e+03 9.499201e+03
5.7 9.393922e+03 9.175735e+03 9.154508e+03 9.372695e+03
6.7 9.438697e+03 9.182340e+03 9.140768e+03 9.397124e+03
7.7 9.229020e+03 9.203999e+03 9.136049e+03 9.161071e+03
8.7 8.923658e+03 9.197202e+03 9.136209e+03 8.862666e+03
9.7 9.123739e+03 9.191246e+03 9.138557e+03 9.071050e+03
10.7 8.863740e+03 9.184352e+03 9.141054e+03 8.820441e+03
11.7 9.040371e+03 9.169349e+03 9.142949e+03 9.013971e+03
12.7 9.051924e+03 9.114636e+03 9.144059e+03 9.081347e+03
13.7 8.941055e+03 9.076513e+03 9.144650e+03 9.009192e+03
14.7 8.747486e+03 9.099232e+03 9.144956e+03 8.793211e+03
15.7 8.769603e+03 9.083776e+03 9.145124e+03 8.830950e+03
16.7 8.889369e+03 9.041839e+03 9.145245e+03 8.992775e+03
17.7 8.998801e+03 9.075867e+03 9.145359e+03 9.068293e+03
