1.0 7.130839e+03 7.100302e+03 7.058539e+03 7.089077e+03
2.0 6.987022e+03 7.037095e+03 7.025136e+03 6.975063e+03
3.0 6.877358e+03 6.976477e+03 6.992533e+03 6.893414e+03
4.0 6.889414e+03 6.975024e+03 7.006306e+03 6.920697e+03
5.0 7.000539e+03 6.997811e+03 7.035340e+03 7.038068e+03
6.0 7.048954e+03 7.016290e+03 7.054799e+03 7.087464e+03
7.0 7.026017e+03 7.027842e+03 7.064767e+03 7.062942e+03
8.0 7.072379e+03 7.040248e+03 7.068357e+03 7.100488e+03
9.0 6.962561e+03 7.066107e+03 7.068503e+03 6.964957e+03
10.0 7.212397e+03 7.071018e+03 7.067078e+03 7.208457e+03
11.0 7.137034e+03 7.096269e+03 7.065485e+03 7.106251e+03
12.0 7.126617e+03 7.116306e+03 7.063579e+03 7.073890e+03
13.0 7.107193e+03 7.066621e+03 7.040374e+03 7.080945e+03
14.0 7.097001e+03 6.997692e+03 7.004341e+03 7.103650e+03
15.0 7.101860e+03 6.982602e+03 7.010301e+03 7.129558e+03
16.0 7.018154e+03 6.994741e+03 7.035483e+03 7.058896e+03
17.0 7.008304e+03 7.011029e+03 7.054777e+03 7.052053e+03
18.0 7.096414e+03 7.024557e+03 7.064526e+03 7.136382e+03
0.8 7.126617e+03 7.116306e+03 7.063579e+03 7.073890e+03
1.8 7.107193e+03 7.066621e+03 7.040374e+03 7.080945e+03
2.8 7.097001e+03 6.997692e+03 7.004341e+03 7.103650e+03
3.8 7.101860e+03 6.982602e+03 7.010301e+03 7.129558e+03
4.8 7.018154e+03 6.994741e+03 7.035483e+03 7.058896e+03
5.8 7.008304e+03 7.011029e+03 7.054777e+03 7.052053e+03
6.8 7.096414e+03 7.024557e+03 7.064526e+03 7.136382e+03
7.8 7.115201e+03 7.041206e+03 7.068435e+03 7.142430e+03
8.8 7.041955e+03 7.115018e+03 7.068926e+03 6.995863e+03
9.8 7.121624e+03 7.147854e+03 7.067778e+03 7.041548e+03
10.8 7.019035e+03 7.110043e+03 7.066258e+03 6.975250e+03
11.8 7.082594e+03 7.072584e+03 7.065090e+03 7.075100e+03
12.8 7.028815e+03 7.094040e+03 7.064371e+03 6.999146e+03
13.8 7.029711e+03 7.101929e+03 7.063996e+03 6.991777e+03
14.8 7.033846e+03 7.074174e+03 7.063846e+03 7.023518e+03
15.8 7.149366e+03 7.068184e+03 7.063804e+03 7.144986e+03
16.8 7.156651e+03 7.079683e+03 7.063806e+03 7.140774e+03
17.8 7.176102e+03 7.083017e+03 7.063819e+03 7.156904e+03
0.6 7.050141e+03 7.105410e+03 7.063665e+03 7.008396e+03
1.6 7.030650e+03 7.067204e+03 7.046625e+03 7.010070e+03
2.6 7.030385e+03 7.002296e+03 7.010720e+03 7.038809e+03
3.6 7.006849e+03 6.985153e+03 7.011750e+03 7.033446e+03
4.6 7.017314e+03 6.996829e+03 7.035470e+03 7.055955e+03
5.6 7.049296e+03 7.009692e+03 7.051675e+03 7.091278e+03
6.6 7.014607e+03 6.991804e+03 7.030149e+03 7.052952e+03
7.6 6.953892e+03 6.972854e+03 7.006556e+03 6.987594e+03
8.6 6.891431e+03 6.989014e+03 7.021245e+03 6.923661e+03
9.6 6.996001e+03 7.011012e+03 7.045614e+03 7.030602e+03
10.6 6.976786e+03 7.027267e+03 7.060556e+03 7.010076e+03
11.6 6.993991e+03 7.037183e+03 7.067518e+03 7.024327e+03
12.6 6.906547e+03 7.033934e+03 7.069510e+03 6.942124e+03
13.6 6.940629e+03 7.004885e+03 7.068932e+03 7.004677e+03
14.6 6.962368e+03 6.987920e+03 7.067266e+03 7.041714e+03
15.6 7.069689e+03 7.001732e+03 7.065625e+03 7.133581e+03
16.6 7.006685e+03 7.021215e+03 7.064391e+03 7.049861e+03
17.6 7.053664e+03 7.049121e+03 7.063653e+03 7.068195e+03
1.0 7.049296e+03 7.009692e+03 7.051675e+03 7.091278e+03
2.0 7.014607e+03 6.991804e+03 7.030149e+03 7.052952e+03
3.0 6.953892e+03 6.972854e+03 7.006556e+03 6.987594e+03
4.0 6.891431e+03 6.989014e+03 7.021245e+03 6.923661e+03
5.0 6.996001e+03 7.011012e+03 7.045614e+03 7.030602e+03
6.0 6.976786e+03 7.027267e+03 7.060556e+03 7.010076e+03
7.0 6.993991e+03 7.037183e+03 7.067518e+03 7.024327e+03
8.0 6.906547e+03 7.033934e+03 7.069510e+03 6.942124e+03
9.0 6.940629e+03 7.004885e+03 7.068932e+03 7.004677e+03
10.0 6.962368e+03 6.987920e+03 7.067266e+03 7.041714e+03
11.0 7.069689e+03 7.001732e+03 7.065625e+03 7.133581e+03
12.0 7.006685e+03 7.021215e+03 7.064391e+03 7.049861e+03
13.0 7.053664e+03 7.049121e+03 7.063653e+03 7.068195e+03
14.0 6.908008e+03 7.076189e+03 7.063239e+03 6.895059e+03
15.0 7.118437e+03 7.071060e+03 7.063012e+03 7.110389e+03
16.0 7.197067e+03 7.076733e+03 7.062879e+03 7.183213e+03
17.0 7.235120e+03 7.111787e+03 7.062747e+03 7.186081e+03
18.0 7.218956e+03 7.086454e+03 7.051265e+03 7.183767e+03
0.4 7.235120e+03 7.111787e+03 7.062747e+03 7.186081e+03
1.4 7.218956e+03 7.086454e+03 7.051265e+03 7.183767e+03
2.4 7.052576e+03 7.009652e+03 7.008857e+03 7.051780e+03
3.4 6.983452e+03 6.972380e+03 6.996230e+03 7.007301e+03
4.4 6.970559e+03 6.985058e+03 7.020635e+03 7.006137e+03
5.4 7.005174e+03 6.982646e+03 7.046102e+03 7.068630e+03
6.4 7.006844e+03 6.940067e+03 7.060406e+03 7.127183e+03
7.4 7.042749e+03 6.966335e+03 7.066819e+03 7.143233e+03
8.4 7.060739e+03 7.093761e+03 7.068494e+03 7.035472e+03
9.4 7.031817e+03 7.153017e+03 7.067604e+03 6.946404e+03
10.4 7.057010e+03 7.105678e+03 7.065840e+03 7.017172e+03
11.4 7.066678e+03 7.046306e+03 7.064275e+03 7.084647e+03
12.4 6.968568e+03 7.021652e+03 7.063202e+03 7.010117e+03
13.4 6.931978e+03 7.049828e+03 7.062573e+03 6.944723e+03
14.4 7.144199e+03 7.121707e+03 7.062267e+03 7.084758e+03
15.4 7.134524e+03 7.118462e+03 7.062126e+03 7.078188e+03
16.4 7.147022e+03 7.075217e+03 7.062066e+03 7.133871e+03
17.4 7.087994e+03 7.065073e+03 7.062040e+03 7.084960e+03
0.2 6.973406e+03 7.056252e+03 7.063314e+03 6.980467e+03
1.2 7.002256e+03 7.008833e+03 7.058544e+03 7.051966e+03
2.2 6.939909e+03 6.959519e+03 7.018520e+03 6.998910e+03
3.2 6.946541e+03 6.925990e+03 6.982206e+03 7.002758e+03
4.2 6.966147e+03 6.945579e+03 6.998976e+03 7.019545e+03
5.2 6.935844e+03 6.934194e+03 7.032219e+03 7.033869e+03
6.2 7.022236e+03 6.928476e+03 7.054186e+03 7.147946e+03
7.2 6.923724e+03 6.943199e+03 7.039241e+03 7.019765e+03
8.2 6.953857e+03 6.945949e+03 7.006565e+03 7.014473e+03
9.2 6.979810e+03 6.974936e+03 7.014955e+03 7.019829e+03
10.2 7.029682e+03 7.006219e+03 7.040555e+03 7.064018e+03
11.2 7.002941e+03 7.031443e+03 7.058735e+03 7.030233e+03
12.2 7.067446e+03 7.071499e+03 7.067843e+03 7.063790e+03
13.2 6.971666e+03 7.091505e+03 7.070993e+03 6.951153e+03
14.2 7.043230e+03 7.076262e+03 7.070939e+03 7.037906e+03
15.2 6.993837e+03 7.055480e+03 7.069446e+03 7.007803e+03
16.2 6.946798e+03 7.041824e+03 7.067760e+03 6.972733e+03
17.2 7.006648e+03 7.034839e+03 7.066457e+03 7.038265e+03
0.9 7.022236e+03 6.928476e+03 7.054186e+03 7.147946e+03
1.9 6.923724e+03 6.943199e+03 7.039241e+03 7.019765e+03
2.9 6.953857e+03 6.945949e+03 7.006565e+03 7.014473e+03
3.9 6.979810e+03 6.974936e+03 7.014955e+03 7.019829e+03
4.9 7.029682e+03 7.006219e+03 7.040555e+03 7.064018e+03
5.9 7.002941e+03 7.031443e+03 7.058735e+03 7.030233e+03
6.9 7.067446e+03 7.071499e+03 7.067843e+03 7.063790e+03
7.9 6.971666e+03 7.091505e+03 7.070993e+03 6.951153e+03
8.9 7.043230e+03 7.076262e+03 7.070939e+03 7.037906e+03
9.9 6.993837e+03 7.055480e+03 7.069446e+03 7.007803e+03
10.9 6.946798e+03 7.041824e+03 7.067760e+03 6.972733e+03
11.9 7.006648e+03 7.034839e+03 7.066457e+03 7.038265e+03
12.9 7.022336e+03 7.042383e+03 7.065707e+03 7.045660e+03
13.9 7.049135e+03 7.079325e+03 7.065332e+03 7.035142e+03
14.9 7.021083e+03 7.097194e+03 7.065193e+03 6.989082e+03
15.9 7.108514e+03 7.117556e+03 7.065167e+03 7.056125e+03
16.9 7.025653e+03 7.116742e+03 7.065190e+03 6.974101e+03
17.9 7.030215e+03 7.083285e+03 7.065232e+03 7.012163e+03
0.1 7.060611e+03 7.027549e+03 7.065425e+03 7.098487e+03
1.1 6.948589e+03 7.004976e+03 7.062418e+03 7.006030e+03
2.1 6.967445e+03 6.976856e+03 7.028909e+03 7.019498e+03
3.1 6.958729e+03 6.961228e+03 7.002255e+03 6.999756e+03
4.1 6.967005e+03 6.985408e+03 7.018241e+03 6.999838e+03
5.1 6.969799e+03 6.973633e+03 7.043388e+03 7.039554e+03
6.1 6.909487e+03 6.950757e+03 7.059352e+03 7.018082e+03
7.1 6.903742e+03 6.959956e+03 7.046387e+03 6.990173e+03
8.1 6.945091e+03 6.949115e+03 7.000366e+03 6.996342e+03
9.1 6.878181e+03 6.964284e+03 6.992486e+03 6.906383e+03
10.1 7.022173e+03 7.004390e+03 7.021803e+03 7.039586e+03
11.1 6.992893e+03 7.031448e+03 7.045092e+03 7.006537e+03
12.1 6.966907e+03 7.011693e+03 7.025591e+03 6.980805e+03
13.1 6.979679e+03 6.994384e+03 7.010504e+03 6.995800e+03
14.1 6.832546e+03 6.977277e+03 7.029677e+03 6.884946e+03
15.1 6.865330e+03 6.947559e+03 7.051767e+03 6.969538e+03
16.1 6.848084e+03 6.965194e+03 7.064234e+03 6.947124e+03
17.1 6.895877e+03 6.976376e+03 7.069340e+03 6.988840e+03
0.7 6.909487e+03 6.950757e+03 7.059352e+03 7.018082e+03
1.7 6.903742e+03 6.959956e+03 7.046387e+03 6.990173e+03
2.7 6.945091e+03 6.949115e+03 7.000366e+03 6.996342e+03
3.7 6.878181e+03 6.964284e+03 6.992486e+03 6.906383e+03
4.7 7.022173e+03 7.004390e+03 7.021803e+03 7.039586e+03
5.7 6.992893e+03 7.031448e+03 7.045092e+03 7.006537e+03
6.7 6.966907e+03 7.011693e+03 7.025591e+03 6.980805e+03
7.7 6.979679e+03 6.994384e+03 7.010504e+03 6.995800e+03
8.7 6.832546e+03 6.977277e+03 7.029677e+03 6.884946e+03
9.7 6.865330e+03 6.947559e+03 7.051767e+03 6.969538e+03
10.7 6.848084e+03 6.965194e+03 7.064234e+03 6.947124e+03
11.7 6.895877e+03 6.976376e+03 7.069340e+03 6.988840e+03
12.7 6.971413e+03 6.986249e+03 7.070185e+03 7.055349e+03
13.7 6.989585e+03 7.013378e+03 7.068924e+03 7.045131e+03
14.7 7.080248e+03 7.036172e+03 7.066995e+03 7.111071e+03
15.7 7.044997e+03 7.047168e+03 7.065230e+03 7.063058e+03
16.7 6.926521e+03 7.065322e+03 7.063923e+03 6.925122e+03
17.7 6.992039e+03 7.152277e+03 7.063098e+03 6.902860e+03
0.1 7.022173e+03 7.004390e+03 7.021803e+03 7.039586e+03
1.1 6.992893e+03 7.031448e+03 7.045092e+03 7.006537e+03
2.1 6.966907e+03 7.011693e+03 7.025591e+03 6.980805e+03
3.1 6.979679e+03 6.994384e+03 7.010504e+03 6.995800e+03
4.1 6.832546e+03 6.977277e+03 7.029677e+03 6.884946e+03
5.1 6.865330e+03 6.947559e+03 7.051767e+03 6.969538e+03
6.1 6.848084e+03 6.965194e+03 7.064234e+03 6.947124e+03
7.1 6.895877e+03 6.976376e+03 7.069340e+03 6.988840e+03
8.1 6.971413e+03 6.986249e+03 7.070185e+03 7.055349e+03
9.1 6.989585e+03 7.013378e+03 7.068924e+03 7.045131e+03
10.1 7.080248e+03 7.036172e+03 7.066995e+03 7.111071e+03
11.1 7.044997e+03 7.047168e+03 7.065230e+03 7.063058e+03
12.1 6.926521e+03 7.065322e+03 7.063923e+03 6.925122e+03
13.1 6.992039e+03 7.152277e+03 7.063098e+03 6.902860e+03
14.1 7.056902e+03 7.187858e+03 7.062565e+03 6.931610e+03
15.1 7.027135e+03 7.136654e+03 7.062205e+03 6.952685e+03
16.1 7.035535e+03 7.089185e+03 7.061918e+03 7.008268e+03
17.1 6.840914e+03 7.104850e+03 7.061658e+03 6.797722e+03
0.3 7.066378e+03 7.086340e+03 7.058252e+03 7.038290e+03
1.3 7.097586e+03 7.049577e+03 7.051258e+03 7.099267e+03
2.3 6.975018e+03 7.005091e+03 7.029794e+03 6.999721e+03
3.3 7.000224e+03 6.993296e+03 7.029195e+03 7.036123e+03
4.3 6.988092e+03 6.998248e+03 7.041719e+03 7.031563e+03
5.3 6.982755e+03 7.004662e+03 7.051574e+03 7.029667e+03
6.3 6.997071e+03 7.012719e+03 7.056742e+03 7.041094e+03
7.3 7.052704e+03 7.019069e+03 7.058815e+03 7.092450e+03
8.3 7.062685e+03 7.022147e+03 7.058985e+03 7.099522e+03
9.3 7.143310e+03 7.034580e+03 7.058217e+03 7.166947e+03
10.3 7.065439e+03 7.049490e+03 7.057214e+03 7.073163e+03
11.3 6.999176e+03 7.048614e+03 7.056335e+03 7.006897e+03
12.3 6.977037e+03 7.078337e+03 7.055674e+03 6.954374e+03
13.3 7.105393e+03 7.084404e+03 7.055215e+03 7.076203e+03
14.3 7.164586e+03 7.060674e+03 7.054872e+03 7.158784e+03
15.3 7.150887e+03 7.097331e+03 7.054595e+03 7.108152e+03
16.3 7.223531e+03 7.129604e+03 7.054349e+03 7.148276e+03
17.3 7.213514e+03 7.091958e+03 7.054119e+03 7.175675e+03
