0.4 1.016851e+04 1.010142e+04 1.011764e+04 1.018473e+04
1.4 1.018033e+04 1.009173e+04 1.012178e+04 1.021038e+04
2.4 1.019038e+04 1.010274e+04 1.013880e+04 1.022643e+04
3.4 1.004923e+04 1.011013e+04 1.014776e+04 1.008686e+04
4.4 1.005772e+04 1.010155e+04 1.013862e+04 1.009479e+04
5.4 1.001629e+04 1.009122e+04 1.012662e+04 1.005170e+04
6.4 1.005343e+04 1.009630e+04 1.011937e+04 1.007650e+04
7.4 1.002609e+04 1.010839e+04 1.011595e+04 1.003364e+04
8.4 1.007587e+04 1.010317e+04 1.011488e+04 1.008758e+04
9.4 1.000586e+04 1.007998e+04 1.011513e+04 1.004101e+04
10.4 1.001840e+04 1.004662e+04 1.011589e+04 1.008766e+04
11.4 9.950665e+03 1.005375e+04 1.011663e+04 1.001354e+04
12.4 1.016302e+04 1.009574e+04 1.011715e+04 1.018442e+04
13.4 1.009120e+04 1.011607e+04 1.011747e+04 1.009260e+04
14.4 1.016211e+04 1.010713e+04 1.011764e+04 1.017262e+04
15.4 1.003136e+04 1.012071e+04 1.011773e+04 1.002838e+04
16.4 1.030703e+04 1.017679e+04 1.011778e+04 1.024803e+04
17.4 1.018632e+04 1.017081e+04 1.011781e+04 1.013332e+04
18.4 1.019817e+04 1.014086e+04 1.011784e+04 1.017515e+04
0.4 1.014191e+04 1.018011e+04 1.011759e+04 1.007939e+04
1.4 1.018861e+04 1.016243e+04 1.012147e+04 1.014765e+04
2.4 1.011166e+04 1.013541e+04 1.013875e+04 1.011501e+04
3.4 1.017676e+04 1.011568e+04 1.014777e+04 1.020884e+04
4.4 1.005374e+04 1.009273e+04 1.013857e+04 1.009958e+04
5.4 1.004806e+04 1.007685e+04 1.012682e+04 1.009803e+04
6.4 1.010037e+04 1.007030e+04 1.011945e+04 1.014952e+04
7.4 1.005179e+04 1.007210e+04 1.011590e+04 1.009559e+04
8.4 1.009490e+04 1.008783e+04 1.011484e+04 1.012192e+04
9.4 1.006771e+04 1.009639e+04 1.011509e+04 1.008641e+04
10.4 1.006323e+04 1.009103e+04 1.011583e+04 1.008804e+04
11.4 1.002125e+04 1.009610e+04 1.011658e+04 1.004173e+04
12.4 1.022910e+04 1.015654e+04 1.011712e+04 1.018968e+04
13.4 1.019133e+04 1.016754e+04 1.011744e+04 1.014123e+04
14.4 1.029229e+04 1.013218e+04 1.011762e+04 1.027774e+04
15.4 9.913079e+03 1.011233e+04 1.011772e+04 9.918470e+03
16.4 9.963884e+03 1.010386e+04 1.011778e+04 9.977807e+03
17.4 1.011634e+04 1.009322e+04 1.011782e+04 1.014095e+04
18.4 1.017198e+04 1.017173e+04 1.011786e+04 1.011811e+04
