0.8 9.228369e+03 9.071320e+03 9.159087e+03 9.316136e+03
1.8 9.078564e+03 9.068067e+03 9.116305e+03 9.126802e+03
2.8 9.016583e+03 9.077006e+03 9.088845e+03 9.028421e+03
3.8 9.054879e+03 9.145396e+03 9.110525e+03 9.020008e+03
4.8 8.865577e+03 9.216109e+03 9.138366e+03 8.787834e+03
5.8 9.162406e+03 9.223436e+03 9.155662e+03 9.094633e+03
6.8 8.883100e+03 9.196037e+03 9.163409e+03 8.850472e+03
7.8 8.924194e+03 9.161403e+03 9.165721e+03 8.928511e+03
8.8 9.046655e+03 9.150516e+03 9.164903e+03 9.061042e+03
9.8 9.288506e+03 9.152820e+03 9.162897e+03 9.298583e+03
10.8 9.388390e+03 9.156921e+03 9.160866e+03 9.392335e+03
11.8 9.197145e+03 9.171119e+03 9.159387e+03 9.185413e+03
12.8 9.386638e+03 9.218435e+03 9.158409e+03 9.326612e+03
13.8 9.310213e+03 9.227369e+03 9.157806e+03 9.240650e+03
14.8 9.326284e+03 9.199304e+03 9.157402e+03 9.284383e+03
15.8 9.377722e+03 9.158198e+03 9.157098e+03 9.376622e+03
16.8 9.204045e+03 9.136222e+03 9.156843e+03 9.224666e+03
17.8 8.980270e+03 9.111288e+03 9.156612e+03 9.025594e+03
0.7 9.105040e+03 9.087045e+03 9.155786e+03 9.173781e+03
1.7 8.985116e+03 9.075636e+03 9.121019e+03 9.030500e+03
2.7 9.128545e+03 9.071906e+03 9.084694e+03 9.141332e+03
3.7 9.128661e+03 9.108879e+03 9.100486e+03 9.120268e+03
4.7 8.965963e+03 9.125186e+03 9.130572e+03 8.971349e+03
5.7 9.199092e+03 9.095845e+03 9.149952e+03 9.253200e+03
6.7 9.200513e+03 9.110689e+03 9.159711e+03 9.249536e+03
7.7 9.114209e+03 9.147405e+03 9.163146e+03 9.129950e+03
8.7 9.370613e+03 9.134847e+03 9.163150e+03 9.398916e+03
9.7 9.158375e+03 9.072045e+03 9.161597e+03 9.247928e+03
10.7 9.341926e+03 9.087505e+03 9.159911e+03 9.414332e+03
11.7 9.134714e+03 9.119439e+03 9.158634e+03 9.173908e+03
12.7 9.147659e+03 9.086172e+03 9.157909e+03 9.219396e+03
13.7 9.191861e+03 9.086113e+03 9.157554e+03 9.263302e+03
14.7 9.227362e+03 9.120299e+03 9.157409e+03 9.264472e+03
15.7 9.292297e+03 9.079387e+03 9.157371e+03 9.370281e+03
16.7 8.962233e+03 9.070600e+03 9.157375e+03 9.049009e+03
17.7 9.050791e+03 9.121269e+03 9.157395e+03 9.086917e+03
0.2 9.112383e+03 9.074348e+03 9.157587e+03 9.195622e+03
1.2 8.922013e+03 9.086050e+03 9.145587e+03 8.981550e+03
2.2 9.218457e+03 9.082586e+03 9.096315e+03 9.232186e+03
3.2 8.764656e+03 9.101512e+03 9.089368e+03 8.752513e+03
4.2 9.164643e+03 9.111513e+03 9.118172e+03 9.171301e+03
5.2 9.103646e+03 9.110403e+03 9.142978e+03 9.136221e+03
6.2 9.050553e+03 9.138153e+03 9.156890e+03 9.069290e+03
7.2 8.997789e+03 9.208124e+03 9.162719e+03 8.952384e+03
8.2 9.072884e+03 9.249776e+03 9.164021e+03 8.987129e+03
9.2 9.193039e+03 9.212232e+03 9.162923e+03 9.143730e+03
10.2 9.170522e+03 9.155072e+03 9.161139e+03 9.176588e+03
11.2 9.268546e+03 9.163757e+03 9.159559e+03 9.264349e+03
12.2 9.372652e+03 9.246046e+03 9.158549e+03 9.285155e+03
13.2 9.224891e+03 9.267241e+03 9.157991e+03 9.115641e+03
14.2 9.090250e+03 9.279321e+03 9.157714e+03 8.968643e+03
15.2 9.056663e+03 9.275484e+03 9.157595e+03 8.938773e+03
16.2 9.219128e+03 9.232116e+03 9.157544e+03 9.144556e+03
17.2 9.154549e+03 9.191706e+03 9.157522e+03 9.120366e+03
1.0 9.040151e+03 9.136557e+03 9.150460e+03 9.054054e+03
2.0 9.254162e+03 9.112248e+03 9.102414e+03 9.244328e+03
3.0 8.856821e+03 9.105081e+03 9.086801e+03 8.838541e+03
4.0 9.147549e+03 9.108406e+03 9.113460e+03 9.152603e+03
5.0 9.100882e+03 9.112592e+03 9.139853e+03 9.128143e+03
6.0 9.095029e+03 9.138893e+03 9.155298e+03 9.111433e+03
7.0 8.991290e+03 9.198208e+03 9.162038e+03 8.955120e+03
8.0 9.263195e+03 9.245428e+03 9.163866e+03 9.181632e+03
9.0 9.201839e+03 9.216207e+03 9.163005e+03 9.148637e+03
10.0 9.044126e+03 9.148947e+03 9.161245e+03 9.056424e+03
11.0 9.115442e+03 9.121878e+03 9.159590e+03 9.153154e+03
12.0 9.081783e+03 9.134953e+03 9.158488e+03 9.105318e+03
13.0 9.211956e+03 9.149602e+03 9.157862e+03 9.220216e+03
14.0 8.995509e+03 9.134085e+03 9.157546e+03 9.018970e+03
15.0 9.276957e+03 9.123879e+03 9.157407e+03 9.310485e+03
16.0 9.251768e+03 9.168760e+03 9.157344e+03 9.240352e+03
17.0 9.568888e+03 9.228683e+03 9.157313e+03 9.497519e+03
18.0 9.286066e+03 9.228587e+03 9.157292e+03 9.214771e+03
0.7 9.231278e+03 9.100132e+03 9.155481e+03 9.286627e+03
1.7 9.199100e+03 9.106141e+03 9.118331e+03 9.211291e+03
2.7 9.586532e+03 9.097275e+03 9.084257e+03 9.573515e+03
3.7 9.039906e+03 9.147451e+03 9.102514e+03 8.994968e+03
4.7 9.361031e+03 9.235212e+03 9.131454e+03 9.257274e+03
5.7 9.319463e+03 9.258579e+03 9.150438e+03 9.211322e+03
6.7 9.289814e+03 9.231929e+03 9.159326e+03 9.217211e+03
7.7 9.371702e+03 9.211465e+03 9.162408e+03 9.322646e+03
8.7 9.414337e+03 9.191658e+03 9.162085e+03 9.384764e+03
9.7 9.290357e+03 9.168454e+03 9.160375e+03 9.282278e+03
10.7 9.534848e+03 9.141349e+03 9.158506e+03 9.552006e+03
11.7 9.375877e+03 9.139118e+03 9.157134e+03 9.393892e+03
12.7 9.393839e+03 9.203939e+03 9.156250e+03 9.346150e+03
13.7 9.395541e+03 9.262920e+03 9.155746e+03 9.288367e+03
14.7 9.415908e+03 9.242831e+03 9.155439e+03 9.328515e+03
15.7 9.519086e+03 9.201984e+03 9.155224e+03 9.472326e+03
16.7 9.393922e+03 9.175735e+03 9.155048e+03 9.373235e+03
17.7 9.438697e+03 9.182340e+03 9.154882e+03 9.411239e+03
