0.1 1.057985e+04 1.060702e+04 1.055049e+04 1.052332e+04
1.1 1.067118e+04 1.059820e+04 1.055679e+04 1.062976e+04
2.1 1.055266e+04 1.057997e+04 1.058772e+04 1.056040e+04
3.1 1.052396e+04 1.054988e+04 1.059352e+04 1.056760e+04
4.1 1.050077e+04 1.051516e+04 1.057590e+04 1.056151e+04
5.1 1.053707e+04 1.050002e+04 1.055980e+04 1.059686e+04
6.1 1.063698e+04 1.055274e+04 1.055062e+04 1.063486e+04
7.1 1.053509e+04 1.057977e+04 1.054666e+04 1.050198e+04
8.1 1.046973e+04 1.054867e+04 1.054566e+04 1.046672e+04
9.1 1.045936e+04 1.051357e+04 1.054623e+04 1.049201e+04
10.1 1.051833e+04 1.048670e+04 1.054728e+04 1.057891e+04
11.1 1.039008e+04 1.047479e+04 1.054822e+04 1.046351e+04
12.1 1.051812e+04 1.047942e+04 1.054882e+04 1.058753e+04
13.1 1.060557e+04 1.055108e+04 1.054914e+04 1.060363e+04
14.1 1.067122e+04 1.063386e+04 1.054926e+04 1.058662e+04
15.1 1.057593e+04 1.061343e+04 1.054930e+04 1.051180e+04
16.1 1.056522e+04 1.055538e+04 1.054930e+04 1.055913e+04
17.1 1.052160e+04 1.051315e+04 1.054928e+04 1.055773e+04
1.0 1.065672e+04 1.058760e+04 1.055245e+04 1.062158e+04
2.0 1.054371e+04 1.056660e+04 1.058255e+04 1.055965e+04
3.0 1.049669e+04 1.054769e+04 1.059428e+04 1.054328e+04
4.0 1.056162e+04 1.057794e+04 1.057808e+04 1.056177e+04
5.0 1.057510e+04 1.061123e+04 1.056118e+04 1.052506e+04
6.0 1.055799e+04 1.058727e+04 1.056445e+04 1.053517e+04
7.0 1.056995e+04 1.056507e+04 1.058971e+04 1.059460e+04
8.0 1.058413e+04 1.053137e+04 1.058535e+04 1.063811e+04
9.0 1.056418e+04 1.049910e+04 1.056677e+04 1.063185e+04
10.0 1.039188e+04 1.050193e+04 1.055390e+04 1.044385e+04
11.0 1.067622e+04 1.057762e+04 1.054766e+04 1.064626e+04
12.0 1.063809e+04 1.062115e+04 1.054544e+04 1.056238e+04
13.0 1.059338e+04 1.058080e+04 1.054552e+04 1.055811e+04
14.0 1.050013e+04 1.052885e+04 1.054667e+04 1.051795e+04
15.0 1.053663e+04 1.054953e+04 1.054795e+04 1.053505e+04
16.0 1.058483e+04 1.060464e+04 1.054897e+04 1.052917e+04
17.0 1.056527e+04 1.058014e+04 1.054964e+04 1.053477e+04
18.0 1.054187e+04 1.053101e+04 1.055002e+04 1.056088e+04
0.4 1.057510e+04 1.061123e+04 1.056118e+04 1.052506e+04
1.4 1.055799e+04 1.058727e+04 1.056445e+04 1.053517e+04
2.4 1.056995e+04 1.056507e+04 1.058971e+04 1.059460e+04
3.4 1.058413e+04 1.053137e+04 1.058535e+04 1.063811e+04
4.4 1.056418e+04 1.049910e+04 1.056677e+04 1.063185e+04
5.4 1.039188e+04 1.050193e+04 1.055390e+04 1.044385e+04
6.4 1.067622e+04 1.057762e+04 1.054766e+04 1.064626e+04
7.4 1.063809e+04 1.062115e+04 1.054544e+04 1.056238e+04
8.4 1.059338e+04 1.058080e+04 1.054552e+04 1.055811e+04
9.4 1.050013e+04 1.052885e+04 1.054667e+04 1.051795e+04
10.4 1.053663e+04 1.054953e+04 1.054795e+04 1.053505e+04
11.4 1.058483e+04 1.060464e+04 1.054897e+04 1.052917e+04
12.4 1.056527e+04 1.058014e+04 1.054964e+04 1.053477e+04
13.4 1.054187e+04 1.053101e+04 1.055002e+04 1.056088e+04
14.4 1.049848e+04 1.050011e+04 1.055025e+04 1.054862e+04
15.4 1.051931e+04 1.050773e+04 1.055039e+04 1.056198e+04
16.4 1.062397e+04 1.058612e+04 1.055049e+04 1.058834e+04
17.4 1.066934e+04 1.061101e+04 1.055058e+04 1.060891e+04
0.3 1.064111e+04 1.059855e+04 1.055203e+04 1.059459e+04
1.3 1.056988e+04 1.059005e+04 1.056154e+04 1.054137e+04
2.3 1.056821e+04 1.056932e+04 1.059238e+04 1.059128e+04
3.3 1.052865e+04 1.054661e+04 1.059415e+04 1.057619e+04
4.3 1.065024e+04 1.059990e+04 1.057553e+04 1.062587e+04
5.3 1.061263e+04 1.063024e+04 1.056041e+04 1.054281e+04
6.3 1.053498e+04 1.057558e+04 1.055210e+04 1.051150e+04
7.3 1.057891e+04 1.051590e+04 1.054871e+04 1.061172e+04
8.3 1.050669e+04 1.048184e+04 1.054805e+04 1.057291e+04
9.3 1.050264e+04 1.046770e+04 1.054883e+04 1.058377e+04
10.3 1.047801e+04 1.049646e+04 1.054998e+04 1.053153e+04
11.3 1.065002e+04 1.061580e+04 1.055098e+04 1.058520e+04
12.3 1.064248e+04 1.066477e+04 1.055161e+04 1.052932e+04
13.3 1.056546e+04 1.062664e+04 1.055196e+04 1.049078e+04
14.3 1.053060e+04 1.056715e+04 1.055215e+04 1.051560e+04
15.3 1.050569e+04 1.051370e+04 1.055224e+04 1.054423e+04
16.3 1.050531e+04 1.048218e+04 1.055229e+04 1.057542e+04
17.3 1.054229e+04 1.052294e+04 1.055232e+04 1.057168e+04
0.7 1.059661e+04 1.055105e+04 1.055183e+04 1.059739e+04
1.7 1.058693e+04 1.055197e+04 1.057531e+04 1.061027e+04
2.7 1.061271e+04 1.055747e+04 1.059668e+04 1.065191e+04
3.7 1.060874e+04 1.053964e+04 1.058559e+04 1.065469e+04
4.7 1.058598e+04 1.051949e+04 1.056676e+04 1.063326e+04
5.7 1.056313e+04 1.050977e+04 1.055489e+04 1.060825e+04
6.7 1.057785e+04 1.054442e+04 1.054898e+04 1.058241e+04
7.7 1.063595e+04 1.059491e+04 1.054696e+04 1.058800e+04
8.7 1.068308e+04 1.058543e+04 1.054702e+04 1.064467e+04
9.7 1.064489e+04 1.057514e+04 1.054803e+04 1.061779e+04
10.7 1.056512e+04 1.056107e+04 1.054911e+04 1.055316e+04
11.7 1.053008e+04 1.054126e+04 1.054992e+04 1.053874e+04
12.7 1.061116e+04 1.058065e+04 1.055040e+04 1.058090e+04
13.7 1.056978e+04 1.061587e+04 1.055065e+04 1.050457e+04
14.7 1.051675e+04 1.058745e+04 1.055079e+04 1.048008e+04
15.7 1.049196e+04 1.054523e+04 1.055086e+04 1.049759e+04
16.7 1.050114e+04 1.051665e+04 1.055091e+04 1.053541e+04
17.7 1.044324e+04 1.050987e+04 1.055096e+04 1.048433e+04
