0.5 7.041616e+03 7.022999e+03 7.032960e+03 7.051577e+03
1.5 7.111258e+03 7.053055e+03 7.063209e+03 7.121413e+03
2.5 7.080851e+03 7.142412e+03 7.152772e+03 7.091211e+03
3.5 7.131607e+03 7.151909e+03 7.163462e+03 7.143160e+03
4.5 7.117059e+03 7.083969e+03 7.110573e+03 7.143663e+03
5.5 7.027940e+03 7.027365e+03 7.063118e+03 7.063693e+03
6.5 6.997038e+03 7.026059e+03 7.038023e+03 7.009003e+03
7.5 7.005406e+03 7.045580e+03 7.027507e+03 6.987332e+03
8.5 7.021993e+03 7.043028e+03 7.025657e+03 7.004622e+03
9.5 6.998208e+03 7.054598e+03 7.028354e+03 6.971965e+03
10.5 6.984454e+03 7.097822e+03 7.032410e+03 6.919042e+03
11.5 6.966348e+03 7.090417e+03 7.035844e+03 6.911775e+03
12.5 7.206122e+03 7.059199e+03 7.038226e+03 7.185149e+03
13.5 7.186448e+03 7.035987e+03 7.039728e+03 7.190189e+03
14.5 7.120290e+03 7.031679e+03 7.040637e+03 7.129248e+03
15.5 7.145496e+03 7.054668e+03 7.041260e+03 7.132088e+03
16.5 7.114430e+03 7.060020e+03 7.041722e+03 7.096131e+03
17.5 7.132656e+03 7.052913e+03 7.042099e+03 7.121842e+03
0.1 7.096414e+03 7.024557e+03 7.045354e+03 7.117211e+03
1.1 7.115201e+03 7.041206e+03 7.053414e+03 7.127409e+03
2.1 7.041955e+03 7.115018e+03 7.123141e+03 7.050078e+03
3.1 7.121624e+03 7.147854e+03 7.154963e+03 7.128733e+03
4.1 7.019035e+03 7.110043e+03 7.117517e+03 7.026510e+03
5.1 7.082594e+03 7.072584e+03 7.075609e+03 7.085618e+03
6.1 7.028815e+03 7.094040e+03 7.050553e+03 6.985328e+03
7.1 7.029711e+03 7.101929e+03 7.038674e+03 6.966456e+03
8.1 7.033846e+03 7.074174e+03 7.035192e+03 6.994863e+03
9.1 7.149366e+03 7.068184e+03 7.036130e+03 7.117312e+03
10.1 7.156651e+03 7.079683e+03 7.038659e+03 7.115627e+03
11.1 7.176102e+03 7.083017e+03 7.041061e+03 7.134147e+03
12.1 7.118802e+03 7.114881e+03 7.042717e+03 7.046638e+03
13.1 7.081747e+03 7.104692e+03 7.043554e+03 7.020609e+03
14.1 7.064906e+03 7.073200e+03 7.043880e+03 7.035586e+03
15.1 7.126195e+03 7.075615e+03 7.043900e+03 7.094480e+03
16.1 7.036436e+03 7.079265e+03 7.043775e+03 7.000946e+03
17.1 7.019298e+03 7.088104e+03 7.043579e+03 6.974773e+03
0.3 7.006844e+03 6.940067e+03 7.032166e+03 7.098943e+03
1.3 7.042749e+03 6.966335e+03 7.047106e+03 7.123520e+03
2.3 7.060739e+03 7.093761e+03 7.134554e+03 7.101531e+03
3.3 7.031817e+03 7.153017e+03 7.165953e+03 7.044753e+03
4.3 7.057010e+03 7.105678e+03 7.116798e+03 7.068130e+03
5.3 7.066678e+03 7.046306e+03 7.065316e+03 7.085688e+03
6.3 6.968568e+03 7.021652e+03 7.035100e+03 6.982016e+03
7.3 6.931978e+03 7.049828e+03 7.054919e+03 6.937069e+03
8.3 7.144199e+03 7.121707e+03 7.122467e+03 7.144958e+03
9.3 7.134524e+03 7.118462e+03 7.117741e+03 7.133804e+03
10.3 7.147022e+03 7.075217e+03 7.074365e+03 7.146170e+03
11.3 7.087994e+03 7.065073e+03 7.041245e+03 7.064166e+03
12.3 7.070713e+03 7.093251e+03 7.023831e+03 7.001293e+03
13.3 7.144893e+03 7.078434e+03 7.017162e+03 7.083621e+03
14.3 7.130085e+03 7.069050e+03 7.039013e+03 7.100048e+03
15.3 7.183524e+03 7.137685e+03 7.129824e+03 7.175663e+03
16.3 7.260831e+03 7.150252e+03 7.153821e+03 7.264400e+03
17.3 7.055795e+03 7.102202e+03 7.103986e+03 7.057580e+03
0.5 6.968568e+03 7.021652e+03 7.035100e+03 6.982016e+03
1.5 6.931978e+03 7.049828e+03 7.054919e+03 6.937069e+03
2.5 7.144199e+03 7.121707e+03 7.122467e+03 7.144958e+03
3.5 7.134524e+03 7.118462e+03 7.117741e+03 7.133804e+03
4.5 7.147022e+03 7.075217e+03 7.074365e+03 7.146170e+03
5.5 7.087994e+03 7.065073e+03 7.041245e+03 7.064166e+03
6.5 7.070713e+03 7.093251e+03 7.023831e+03 7.001293e+03
7.5 7.144893e+03 7.078434e+03 7.017162e+03 7.083621e+03
8.5 7.130085e+03 7.069050e+03 7.039013e+03 7.100048e+03
9.5 7.183524e+03 7.137685e+03 7.129824e+03 7.175663e+03
10.5 7.260831e+03 7.150252e+03 7.153821e+03 7.264400e+03
11.5 7.055795e+03 7.102202e+03 7.103986e+03 7.057580e+03
12.5 7.217634e+03 7.102013e+03 7.056060e+03 7.171680e+03
13.5 7.380708e+03 7.092589e+03 7.028143e+03 7.316263e+03
14.5 6.971730e+03 7.057641e+03 7.016087e+03 6.930176e+03
15.5 7.132741e+03 7.051774e+03 7.013016e+03 7.093982e+03
16.5 7.286147e+03 7.066137e+03 7.014806e+03 7.234816e+03
17.5 7.225398e+03 7.069811e+03 7.018126e+03 7.173712e+03
0.4 7.144893e+03 7.078434e+03 7.017162e+03 7.083621e+03
1.4 7.130085e+03 7.069050e+03 7.039013e+03 7.100048e+03
2.4 7.183524e+03 7.137685e+03 7.129824e+03 7.175663e+03
3.4 7.260831e+03 7.150252e+03 7.153821e+03 7.264400e+03
4.4 7.055795e+03 7.102202e+03 7.103986e+03 7.057580e+03
5.4 7.217634e+03 7.102013e+03 7.056060e+03 7.171680e+03
6.4 7.380708e+03 7.092589e+03 7.028143e+03 7.316263e+03
7.4 6.971730e+03 7.057641e+03 7.016087e+03 6.930176e+03
8.4 7.132741e+03 7.051774e+03 7.013016e+03 7.093982e+03
9.4 7.286147e+03 7.066137e+03 7.014806e+03 7.234816e+03
10.4 7.225398e+03 7.069811e+03 7.018126e+03 7.173712e+03
11.4 7.258796e+03 7.092844e+03 7.021169e+03 7.187122e+03
12.4 7.210676e+03 7.093956e+03 7.037305e+03 7.154025e+03
13.4 7.299491e+03 7.157137e+03 7.132133e+03 7.274487e+03
14.4 7.327046e+03 7.193900e+03 7.191100e+03 7.324245e+03
15.4 7.269195e+03 7.139100e+03 7.142893e+03 7.272988e+03
16.4 7.249203e+03 7.115108e+03 7.076325e+03 7.210421e+03
17.4 7.250885e+03 7.100348e+03 7.035804e+03 7.186341e+03
0.2 7.258796e+03 7.092844e+03 7.021169e+03 7.187122e+03
1.2 7.210676e+03 7.093956e+03 7.037305e+03 7.154025e+03
2.2 7.299491e+03 7.157137e+03 7.132133e+03 7.274487e+03
3.2 7.327046e+03 7.193900e+03 7.191100e+03 7.324245e+03
4.2 7.269195e+03 7.139100e+03 7.142893e+03 7.272988e+03
5.2 7.249203e+03 7.115108e+03 7.076325e+03 7.210421e+03
6.2 7.250885e+03 7.100348e+03 7.035804e+03 7.186341e+03
7.2 6.950714e+03 7.062297e+03 7.018222e+03 6.906639e+03
8.2 6.925016e+03 7.086942e+03 7.069220e+03 6.907295e+03
9.2 7.061456e+03 7.156211e+03 7.153572e+03 7.058817e+03
10.2 6.956541e+03 7.131215e+03 7.139582e+03 6.964908e+03
11.2 6.973406e+03 7.056252e+03 7.083427e+03 7.000581e+03
12.2 7.002256e+03 7.008833e+03 7.042198e+03 7.035620e+03
13.2 6.939909e+03 6.959519e+03 7.020775e+03 7.001165e+03
14.2 6.946541e+03 6.925990e+03 7.012942e+03 7.033493e+03
15.2 6.966147e+03 6.945579e+03 7.012633e+03 7.033201e+03
16.2 6.935844e+03 6.934194e+03 7.015845e+03 7.017495e+03
17.2 7.022236e+03 6.928476e+03 7.019673e+03 7.113433e+03
0.8 6.950714e+03 7.062297e+03 7.018222e+03 6.906639e+03
1.8 6.925016e+03 7.086942e+03 7.069220e+03 6.907295e+03
2.8 7.061456e+03 7.156211e+03 7.153572e+03 7.058817e+03
3.8 6.956541e+03 7.131215e+03 7.139582e+03 6.964908e+03
4.8 6.973406e+03 7.056252e+03 7.083427e+03 7.000581e+03
5.8 7.002256e+03 7.008833e+03 7.042198e+03 7.035620e+03
6.8 6.939909e+03 6.959519e+03 7.020775e+03 7.001165e+03
7.8 6.946541e+03 6.925990e+03 7.012942e+03 7.033493e+03
8.8 6.966147e+03 6.945579e+03 7.012633e+03 7.033201e+03
9.8 6.935844e+03 6.934194e+03 7.015845e+03 7.017495e+03
10.8 7.022236e+03 6.928476e+03 7.019673e+03 7.113433e+03
11.8 6.923724e+03 6.943199e+03 7.022756e+03 7.003281e+03
12.8 6.953857e+03 6.945949e+03 7.024663e+03 7.032571e+03
13.8 6.979810e+03 6.974936e+03 7.025747e+03 7.030621e+03
14.8 7.029682e+03 7.006219e+03 7.026310e+03 7.049773e+03
15.8 7.002941e+03 7.031443e+03 7.026627e+03 6.998125e+03
16.8 7.067446e+03 7.071499e+03 7.026835e+03 7.022783e+03
17.8 6.971666e+03 7.091505e+03 7.026999e+03 6.907159e+03
0.8 6.993504e+03 7.054752e+03 7.030759e+03 6.969511e+03
1.8 7.069004e+03 7.099785e+03 7.091750e+03 7.060970e+03
2.8 7.128815e+03 7.210450e+03 7.208278e+03 7.126643e+03
3.8 7.099172e+03 7.214816e+03 7.212944e+03 7.097299e+03
4.8 7.121306e+03 7.139041e+03 7.134940e+03 7.117204e+03
5.8 7.067248e+03 7.072982e+03 7.066057e+03 7.060323e+03
6.8 7.073204e+03 7.048448e+03 7.039241e+03 7.063997e+03
7.8 7.058663e+03 7.117357e+03 7.106602e+03 7.047908e+03
8.8 7.038610e+03 7.170029e+03 7.158328e+03 7.026909e+03
9.8 7.132384e+03 7.131623e+03 7.119388e+03 7.120149e+03
10.8 7.045341e+03 7.075684e+03 7.065559e+03 7.035216e+03
11.8 7.060611e+03 7.027549e+03 7.033964e+03 7.067026e+03
12.8 6.948589e+03 7.004976e+03 7.019678e+03 6.963291e+03
13.8 6.967445e+03 6.976856e+03 7.015656e+03 7.006245e+03
14.8 6.958729e+03 6.961228e+03 7.017392e+03 7.014893e+03
15.8 6.967005e+03 6.985408e+03 7.021356e+03 7.002953e+03
16.8 6.969799e+03 6.973633e+03 7.025079e+03 7.021245e+03
17.8 6.909487e+03 6.950757e+03 7.027747e+03 6.986477e+03
0.1 7.067248e+03 7.072982e+03 7.066057e+03 7.060323e+03
1.1 7.073204e+03 7.048448e+03 7.039241e+03 7.063997e+03
2.1 7.058663e+03 7.117357e+03 7.106602e+03 7.047908e+03
3.1 7.038610e+03 7.170029e+03 7.158328e+03 7.026909e+03
4.1 7.132384e+03 7.131623e+03 7.119388e+03 7.120149e+03
5.1 7.045341e+03 7.075684e+03 7.065559e+03 7.035216e+03
6.1 7.060611e+03 7.027549e+03 7.033964e+03 7.067026e+03
7.1 6.948589e+03 7.004976e+03 7.019678e+03 6.963291e+03
8.1 6.967445e+03 6.976856e+03 7.015656e+03 7.006245e+03
9.1 6.958729e+03 6.961228e+03 7.017392e+03 7.014893e+03
10.1 6.967005e+03 6.985408e+03 7.021356e+03 7.002953e+03
11.1 6.969799e+03 6.973633e+03 7.025079e+03 7.021245e+03
12.1 6.909487e+03 6.950757e+03 7.027747e+03 6.986477e+03
13.1 6.903742e+03 6.959956e+03 7.029397e+03 6.973182e+03
14.1 6.945091e+03 6.949115e+03 7.030275e+03 7.026251e+03
15.1 6.878181e+03 6.964284e+03 7.030746e+03 6.944643e+03
16.1 7.022173e+03 7.004390e+03 7.031009e+03 7.048792e+03
17.1 6.992893e+03 7.031448e+03 7.031188e+03 6.992633e+03
0.2 7.044997e+03 7.047168e+03 7.032685e+03 7.030513e+03
1.2 6.926521e+03 7.065322e+03 7.048257e+03 6.909455e+03
2.2 6.992039e+03 7.152277e+03 7.136742e+03 6.976504e+03
3.2 7.056902e+03 7.187858e+03 7.175387e+03 7.044431e+03
4.2 7.027135e+03 7.136654e+03 7.127277e+03 7.017757e+03
5.2 7.035535e+03 7.089185e+03 7.072953e+03 7.019303e+03
6.2 6.840914e+03 7.104850e+03 7.039908e+03 6.775972e+03
7.2 6.899998e+03 7.098682e+03 7.025242e+03 6.826557e+03
8.2 7.006835e+03 7.072816e+03 7.029064e+03 6.963084e+03
9.2 7.636578e+03 7.126478e+03 7.109382e+03 7.619482e+03
10.2 7.434003e+03 7.172212e+03 7.170408e+03 7.432200e+03
11.2 7.146740e+03 7.128497e+03 7.134486e+03 7.152728e+03
12.2 7.176054e+03 7.058535e+03 7.079870e+03 7.197390e+03
13.2 6.988823e+03 7.011341e+03 7.044261e+03 7.021744e+03
14.2 7.121316e+03 7.015289e+03 7.027795e+03 7.133821e+03
15.2 7.034346e+03 7.054268e+03 7.022450e+03 7.002528e+03
16.2 6.968575e+03 7.066018e+03 7.023448e+03 6.926005e+03
17.2 6.989952e+03 7.064722e+03 7.027008e+03 6.952238e+03
0.1 6.899998e+03 7.098682e+03 7.025242e+03 6.826557e+03
1.1 7.006835e+03 7.072816e+03 7.029064e+03 6.963084e+03
2.1 7.636578e+03 7.126478e+03 7.109382e+03 7.619482e+03
3.1 7.434003e+03 7.172212e+03 7.170408e+03 7.432200e+03
4.1 7.146740e+03 7.128497e+03 7.134486e+03 7.152728e+03
5.1 7.176054e+03 7.058535e+03 7.079870e+03 7.197390e+03
6.1 6.988823e+03 7.011341e+03 7.044261e+03 7.021744e+03
7.1 7.121316e+03 7.015289e+03 7.027795e+03 7.133821e+03
8.1 7.034346e+03 7.054268e+03 7.022450e+03 7.002528e+03
9.1 6.968575e+03 7.066018e+03 7.023448e+03 6.926005e+03
10.1 6.989952e+03 7.064722e+03 7.027008e+03 6.952238e+03
11.1 7.030416e+03 7.093708e+03 7.030742e+03 6.967450e+03
12.1 7.066378e+03 7.086340e+03 7.033431e+03 7.013469e+03
13.1 7.097586e+03 7.049577e+03 7.035105e+03 7.083114e+03
14.1 6.975018e+03 7.005091e+03 7.036080e+03 7.006007e+03
15.1 7.000224e+03 6.993296e+03 7.036633e+03 7.043562e+03
16.1 6.988092e+03 6.998248e+03 7.036999e+03 7.026843e+03
17.1 6.982755e+03 7.004662e+03 7.037279e+03 7.015373e+03
0.9 7.164586e+03 7.060674e+03 7.044009e+03 7.147921e+03
1.9 7.150887e+03 7.097331e+03 7.106868e+03 7.160425e+03
2.9 7.223531e+03 7.129604e+03 7.153917e+03 7.247844e+03
3.9 7.213514e+03 7.091958e+03 7.122520e+03 7.244077e+03
4.9 7.142241e+03 7.076438e+03 7.077614e+03 7.143417e+03
5.9 7.115031e+03 7.088467e+03 7.048716e+03 7.075279e+03
6.9 7.157249e+03 7.062086e+03 7.035397e+03 7.130560e+03
7.9 7.116019e+03 7.028476e+03 7.031055e+03 7.118598e+03
8.9 7.077579e+03 7.008583e+03 7.031816e+03 7.100812e+03
