1.0 6.771751e+03 6.743840e+03 6.760293e+03 6.788205e+03
2.0 6.758226e+03 6.730163e+03 6.759621e+03 6.787684e+03
3.0 6.779351e+03 6.720890e+03 6.758964e+03 6.817425e+03
4.0 6.831085e+03 6.718001e+03 6.759241e+03 6.872326e+03
5.0 6.801238e+03 6.718532e+03 6.759826e+03 6.842532e+03
6.0 6.562595e+03 6.720089e+03 6.760218e+03 6.602724e+03
7.0 6.619960e+03 6.721739e+03 6.760418e+03 6.658639e+03
8.0 6.746929e+03 6.734312e+03 6.760491e+03 6.773108e+03
9.0 6.970105e+03 6.776157e+03 6.760494e+03 6.954442e+03
10.0 6.557648e+03 6.783046e+03 6.760465e+03 6.535067e+03
11.0 6.905913e+03 6.770341e+03 6.760433e+03 6.896005e+03
12.0 6.819059e+03 6.758031e+03 6.760394e+03 6.821422e+03
13.0 6.857484e+03 6.740450e+03 6.759927e+03 6.876961e+03
14.0 6.553701e+03 6.726382e+03 6.759202e+03 6.586521e+03
15.0 6.865393e+03 6.735100e+03 6.759322e+03 6.889615e+03
16.0 6.774468e+03 6.807227e+03 6.759829e+03 6.727070e+03
17.0 6.935797e+03 6.822221e+03 6.760217e+03 6.873794e+03
18.0 6.823851e+03 6.782447e+03 6.760414e+03 6.801818e+03
0.8 6.819059e+03 6.758031e+03 6.760394e+03 6.821422e+03
1.8 6.857484e+03 6.740450e+03 6.759927e+03 6.876961e+03
2.8 6.553701e+03 6.726382e+03 6.759202e+03 6.586521e+03
3.8 6.865393e+03 6.735100e+03 6.759322e+03 6.889615e+03
4.8 6.774468e+03 6.807227e+03 6.759829e+03 6.727070e+03
5.8 6.935797e+03 6.822221e+03 6.760217e+03 6.873794e+03
6.8 6.823851e+03 6.782447e+03 6.760414e+03 6.801818e+03
7.8 6.911850e+03 6.749045e+03 6.760492e+03 6.923296e+03
8.8 6.878577e+03 6.754360e+03 6.760502e+03 6.884719e+03
9.8 6.818324e+03 6.757526e+03 6.760479e+03 6.821277e+03
10.8 6.785994e+03 6.741677e+03 6.760448e+03 6.804765e+03
11.8 6.915924e+03 6.727509e+03 6.760425e+03 6.948840e+03
12.8 6.826132e+03 6.718978e+03 6.760410e+03 6.867564e+03
13.8 6.952241e+03 6.716086e+03 6.760403e+03 6.996558e+03
14.8 6.930125e+03 6.718901e+03 6.760400e+03 6.971624e+03
15.8 6.629034e+03 6.757236e+03 6.760399e+03 6.632198e+03
16.8 6.718926e+03 6.801657e+03 6.760399e+03 6.677668e+03
17.8 6.871062e+03 6.793877e+03 6.760399e+03 6.837585e+03
0.6 6.806279e+03 6.789348e+03 6.760396e+03 6.777327e+03
1.6 6.717326e+03 6.761811e+03 6.760053e+03 6.715568e+03
2.6 6.806084e+03 6.733549e+03 6.759330e+03 6.831865e+03
3.6 6.878575e+03 6.725486e+03 6.759351e+03 6.912441e+03
4.6 6.792671e+03 6.790960e+03 6.759829e+03 6.761540e+03
5.6 6.732349e+03 6.818390e+03 6.760155e+03 6.674114e+03
6.6 6.695619e+03 6.781448e+03 6.759721e+03 6.673892e+03
7.6 6.834129e+03 6.743187e+03 6.759246e+03 6.850189e+03
8.6 6.711527e+03 6.752830e+03 6.759542e+03 6.718240e+03
9.6 6.800118e+03 6.813897e+03 6.760033e+03 6.746254e+03
10.6 6.791424e+03 6.804255e+03 6.760334e+03 6.747502e+03
11.6 6.721686e+03 6.760549e+03 6.760474e+03 6.721611e+03
12.6 6.595511e+03 6.726900e+03 6.760514e+03 6.629125e+03
13.6 6.761276e+03 6.699148e+03 6.760502e+03 6.822630e+03
14.6 6.479964e+03 6.686798e+03 6.760469e+03 6.553635e+03
15.6 6.593188e+03 6.693411e+03 6.760436e+03 6.660212e+03
16.6 6.525974e+03 6.705572e+03 6.760411e+03 6.580812e+03
17.6 6.683015e+03 6.742321e+03 6.760396e+03 6.701091e+03
1.0 6.732349e+03 6.818390e+03 6.760155e+03 6.674114e+03
2.0 6.695619e+03 6.781448e+03 6.759721e+03 6.673892e+03
3.0 6.834129e+03 6.743187e+03 6.759246e+03 6.850189e+03
4.0 6.711527e+03 6.752830e+03 6.759542e+03 6.718240e+03
5.0 6.800118e+03 6.813897e+03 6.760033e+03 6.746254e+03
6.0 6.791424e+03 6.804255e+03 6.760334e+03 6.747502e+03
7.0 6.721686e+03 6.760549e+03 6.760474e+03 6.721611e+03
8.0 6.595511e+03 6.726900e+03 6.760514e+03 6.629125e+03
9.0 6.761276e+03 6.699148e+03 6.760502e+03 6.822630e+03
10.0 6.479964e+03 6.686798e+03 6.760469e+03 6.553635e+03
11.0 6.593188e+03 6.693411e+03 6.760436e+03 6.660212e+03
12.0 6.525974e+03 6.705572e+03 6.760411e+03 6.580812e+03
13.0 6.683015e+03 6.742321e+03 6.760396e+03 6.701091e+03
14.0 6.760351e+03 6.784895e+03 6.760388e+03 6.735843e+03
15.0 6.755971e+03 6.775835e+03 6.760383e+03 6.740519e+03
16.0 6.725206e+03 6.754167e+03 6.760380e+03 6.731419e+03
17.0 6.547235e+03 6.746757e+03 6.760378e+03 6.560856e+03
18.0 6.607709e+03 6.734143e+03 6.760147e+03 6.633713e+03
0.4 6.547235e+03 6.746757e+03 6.760378e+03 6.560856e+03
1.4 6.607709e+03 6.734143e+03 6.760147e+03 6.633713e+03
2.4 6.634898e+03 6.720397e+03 6.759293e+03 6.673794e+03
3.4 6.606717e+03 6.712967e+03 6.759039e+03 6.652788e+03
4.4 6.737524e+03 6.711328e+03 6.759530e+03 6.785726e+03
5.4 6.793014e+03 6.747719e+03 6.760043e+03 6.805338e+03
6.4 6.964306e+03 6.834971e+03 6.760331e+03 6.889666e+03
7.4 6.854683e+03 6.837232e+03 6.760460e+03 6.777911e+03
8.4 7.105330e+03 6.815680e+03 6.760493e+03 7.050144e+03
9.4 6.655311e+03 6.788136e+03 6.760475e+03 6.627651e+03
10.4 6.822172e+03 6.842962e+03 6.760440e+03 6.739651e+03
11.4 6.834139e+03 6.914462e+03 6.760408e+03 6.680086e+03
12.4 6.917830e+03 6.858943e+03 6.760387e+03 6.819274e+03
13.4 6.870683e+03 6.786679e+03 6.760374e+03 6.844379e+03
14.4 6.658870e+03 6.762138e+03 6.760368e+03 6.657100e+03
15.4 6.804694e+03 6.736534e+03 6.760365e+03 6.828525e+03
16.4 6.779473e+03 6.712811e+03 6.760364e+03 6.827026e+03
17.4 6.846612e+03 6.700527e+03 6.760363e+03 6.906449e+03
0.2 7.007313e+03 6.898239e+03 6.760389e+03 6.869464e+03
1.2 6.901772e+03 6.901877e+03 6.760293e+03 6.760188e+03
2.2 6.877572e+03 6.814395e+03 6.759487e+03 6.822664e+03
3.2 6.777834e+03 6.742900e+03 6.758756e+03 6.793690e+03
4.2 6.670533e+03 6.709881e+03 6.759094e+03 6.719746e+03
5.2 6.831633e+03 6.772946e+03 6.759763e+03 6.818450e+03
6.2 6.849212e+03 6.820662e+03 6.760205e+03 6.788755e+03
7.2 6.519860e+03 6.784115e+03 6.759904e+03 6.495650e+03
8.2 6.812870e+03 6.737635e+03 6.759247e+03 6.834482e+03
9.2 6.856520e+03 6.732777e+03 6.759416e+03 6.883158e+03
10.2 6.788341e+03 6.794267e+03 6.759931e+03 6.754005e+03
11.2 6.868346e+03 6.802072e+03 6.760297e+03 6.826571e+03
12.2 7.023146e+03 6.808927e+03 6.760480e+03 6.974699e+03
13.2 6.831854e+03 6.804720e+03 6.760544e+03 6.787677e+03
14.2 6.681241e+03 6.762872e+03 6.760543e+03 6.678911e+03
15.2 6.844542e+03 6.724610e+03 6.760513e+03 6.880444e+03
16.2 6.701676e+03 6.704197e+03 6.760479e+03 6.757958e+03
17.2 6.813823e+03 6.697067e+03 6.760452e+03 6.877209e+03
0.9 6.849212e+03 6.820662e+03 6.760205e+03 6.788755e+03
1.9 6.519860e+03 6.784115e+03 6.759904e+03 6.495650e+03
2.9 6.812870e+03 6.737635e+03 6.759247e+03 6.834482e+03
3.9 6.856520e+03 6.732777e+03 6.759416e+03 6.883158e+03
4.9 6.788341e+03 6.794267e+03 6.759931e+03 6.754005e+03
5.9 6.868346e+03 6.802072e+03 6.760297e+03 6.826571e+03
6.9 7.023146e+03 6.808927e+03 6.760480e+03 6.974699e+03
7.9 6.831854e+03 6.804720e+03 6.760544e+03 6.787677e+03
8.9 6.681241e+03 6.762872e+03 6.760543e+03 6.678911e+03
9.9 6.844542e+03 6.724610e+03 6.760513e+03 6.880444e+03
10.9 6.701676e+03 6.704197e+03 6.760479e+03 6.757958e+03
11.9 6.813823e+03 6.697067e+03 6.760452e+03 6.877209e+03
12.9 6.766167e+03 6.714263e+03 6.760437e+03 6.812342e+03
13.9 6.779620e+03 6.780815e+03 6.760430e+03 6.759234e+03
14.9 6.871729e+03 6.809929e+03 6.760427e+03 6.822227e+03
15.9 6.865961e+03 6.807219e+03 6.760426e+03 6.819169e+03
16.9 6.671212e+03 6.784716e+03 6.760427e+03 6.646922e+03
17.9 6.555799e+03 6.746618e+03 6.760428e+03 6.569609e+03
0.1 6.732457e+03 6.864675e+03 6.760432e+03 6.628213e+03
1.1 6.842044e+03 6.902127e+03 6.760371e+03 6.700289e+03
2.1 6.756112e+03 6.827352e+03 6.759696e+03 6.688457e+03
3.1 6.766033e+03 6.755573e+03 6.759160e+03 6.769620e+03
4.1 6.855667e+03 6.717213e+03 6.759482e+03 6.897935e+03
5.1 6.827931e+03 6.766255e+03 6.759988e+03 6.821664e+03
6.1 6.772732e+03 6.826804e+03 6.760309e+03 6.706237e+03
7.1 6.822307e+03 6.798030e+03 6.760048e+03 6.784325e+03
8.1 6.699520e+03 6.749290e+03 6.759122e+03 6.709352e+03
9.1 6.722253e+03 6.718708e+03 6.758963e+03 6.762508e+03
10.1 6.718911e+03 6.705847e+03 6.759553e+03 6.772618e+03
11.1 6.622078e+03 6.702280e+03 6.760022e+03 6.679820e+03
12.1 6.812720e+03 6.703185e+03 6.759630e+03 6.869165e+03
13.1 6.556969e+03 6.706733e+03 6.759326e+03 6.609562e+03
14.1 6.711008e+03 6.762491e+03 6.759712e+03 6.708229e+03
15.1 6.721884e+03 6.841741e+03 6.760157e+03 6.640299e+03
16.1 6.704684e+03 6.821145e+03 6.760408e+03 6.643946e+03
17.1 6.882430e+03 6.753947e+03 6.760510e+03 6.888993e+03
0.7 6.772732e+03 6.826804e+03 6.760309e+03 6.706237e+03
1.7 6.822307e+03 6.798030e+03 6.760048e+03 6.784325e+03
2.7 6.699520e+03 6.749290e+03 6.759122e+03 6.709352e+03
3.7 6.722253e+03 6.718708e+03 6.758963e+03 6.762508e+03
4.7 6.718911e+03 6.705847e+03 6.759553e+03 6.772618e+03
5.7 6.622078e+03 6.702280e+03 6.760022e+03 6.679820e+03
6.7 6.812720e+03 6.703185e+03 6.759630e+03 6.869165e+03
7.7 6.556969e+03 6.706733e+03 6.759326e+03 6.609562e+03
8.7 6.711008e+03 6.762491e+03 6.759712e+03 6.708229e+03
9.7 6.721884e+03 6.841741e+03 6.760157e+03 6.640299e+03
10.7 6.704684e+03 6.821145e+03 6.760408e+03 6.643946e+03
11.7 6.882430e+03 6.753947e+03 6.760510e+03 6.888993e+03
12.7 6.795688e+03 6.709913e+03 6.760527e+03 6.846302e+03
13.7 6.759128e+03 6.697574e+03 6.760502e+03 6.822056e+03
14.7 6.852262e+03 6.699341e+03 6.760463e+03 6.913384e+03
15.7 6.626499e+03 6.704556e+03 6.760428e+03 6.682371e+03
16.7 6.699824e+03 6.715836e+03 6.760401e+03 6.744389e+03
17.7 6.769422e+03 6.752752e+03 6.760385e+03 6.777056e+03
0.1 6.718911e+03 6.705847e+03 6.759553e+03 6.772618e+03
1.1 6.622078e+03 6.702280e+03 6.760022e+03 6.679820e+03
2.1 6.812720e+03 6.703185e+03 6.759630e+03 6.869165e+03
3.1 6.556969e+03 6.706733e+03 6.759326e+03 6.609562e+03
4.1 6.711008e+03 6.762491e+03 6.759712e+03 6.708229e+03
5.1 6.721884e+03 6.841741e+03 6.760157e+03 6.640299e+03
6.1 6.704684e+03 6.821145e+03 6.760408e+03 6.643946e+03
7.1 6.882430e+03 6.753947e+03 6.760510e+03 6.888993e+03
8.1 6.795688e+03 6.709913e+03 6.760527e+03 6.846302e+03
9.1 6.759128e+03 6.697574e+03 6.760502e+03 6.822056e+03
10.1 6.852262e+03 6.699341e+03 6.760463e+03 6.913384e+03
11.1 6.626499e+03 6.704556e+03 6.760428e+03 6.682371e+03
12.1 6.699824e+03 6.715836e+03 6.760401e+03 6.744389e+03
13.1 6.769422e+03 6.752752e+03 6.760385e+03 6.777056e+03
14.1 6.735781e+03 6.769556e+03 6.760374e+03 6.726599e+03
15.1 6.833001e+03 6.752826e+03 6.760367e+03 6.840541e+03
16.1 6.696609e+03 6.732719e+03 6.760361e+03 6.724251e+03
17.1 6.843306e+03 6.718620e+03 6.760356e+03 6.885042e+03
0.3 6.922154e+03 6.749571e+03 6.760287e+03 6.932870e+03
1.3 6.735472e+03 6.727697e+03 6.760146e+03 6.767921e+03
2.3 6.562817e+03 6.714786e+03 6.759714e+03 6.607746e+03
3.3 6.595839e+03 6.713243e+03 6.759702e+03 6.642298e+03
4.3 6.699601e+03 6.770396e+03 6.759954e+03 6.689160e+03
5.3 6.650125e+03 6.824034e+03 6.760153e+03 6.586244e+03
6.3 6.964445e+03 6.801219e+03 6.760257e+03 6.923483e+03
7.3 6.813627e+03 6.759662e+03 6.760299e+03 6.814263e+03
8.3 6.829501e+03 6.734104e+03 6.760302e+03 6.855699e+03
9.3 6.938227e+03 6.742278e+03 6.760287e+03 6.956235e+03
10.3 6.581089e+03 6.765683e+03 6.760266e+03 6.575672e+03
11.3 6.973027e+03 6.762468e+03 6.760249e+03 6.970808e+03
12.3 6.545643e+03 6.777514e+03 6.760235e+03 6.528364e+03
13.3 6.880571e+03 6.778538e+03 6.760226e+03 6.862259e+03
14.3 6.817307e+03 6.758491e+03 6.760219e+03 6.819035e+03
15.3 6.586585e+03 6.763396e+03 6.760214e+03 6.583403e+03
16.3 6.736814e+03 6.771885e+03 6.760209e+03 6.725138e+03
17.3 6.709143e+03 6.757729e+03 6.760204e+03 6.711617e+03
