8.928564e+03 9.132639e+03 9.174228e+03 8.886975e+03
8.838625e+03 9.132995e+03 9.173385e+03 8.798236e+03
9.071234e+03 9.133381e+03 9.172432e+03 9.032183e+03
9.415964e+03 9.149249e+03 9.149532e+03 9.415681e+03
9.301355e+03 9.196441e+03 9.082322e+03 9.415474e+03
9.228369e+03 9.201988e+03 9.071320e+03 9.359037e+03
9.078564e+03 9.173967e+03 9.068067e+03 9.184464e+03
9.016583e+03 9.149470e+03 9.077006e+03 9.089047e+03
9.054879e+03 9.155870e+03 9.145396e+03 9.065353e+03
8.865577e+03 9.174942e+03 9.216109e+03 8.824410e+03
9.162406e+03 9.165827e+03 9.223436e+03 9.104798e+03
8.883100e+03 9.148464e+03 9.196037e+03 8.835528e+03
8.924194e+03 9.137304e+03 9.161403e+03 8.900094e+03
9.046655e+03 9.132616e+03 9.150516e+03 9.028755e+03
9.288506e+03 9.131400e+03 9.152820e+03 9.267086e+03
9.388390e+03 9.132068e+03 9.156921e+03 9.363537e+03
9.197145e+03 9.141448e+03 9.171119e+03 9.167474e+03
9.386638e+03 9.175152e+03 9.218435e+03 9.343356e+03
9.310213e+03 9.182242e+03 9.227369e+03 9.265086e+03
9.326284e+03 9.164677e+03 9.199304e+03 9.291657e+03
9.377722e+03 9.147584e+03 9.158198e+03 9.367109e+03
9.204045e+03 9.138280e+03 9.136222e+03 9.206103e+03
8.980270e+03 9.134178e+03 9.111288e+03 9.003160e+03
8.824023e+03 9.133343e+03 9.091928e+03 8.865437e+03
9.162469e+03 9.134141e+03 9.108061e+03 9.188550e+03
9.221517e+03 9.135486e+03 9.134442e+03 9.222562e+03
9.413823e+03 9.136651e+03 9.151367e+03 9.399108e+03
9.311266e+03 9.137480e+03 9.159467e+03 9.289279e+03
9.263084e+03 9.145862e+03 9.172940e+03 9.236006e+03
9.196475e+03 9.174807e+03 9.212842e+03 9.158440e+03
9.227293e+03 9.179137e+03 9.216411e+03 9.190018e+03
9.210144e+03 9.162480e+03 9.178523e+03 9.194100e+03
9.336928e+03 9.147292e+03 9.144378e+03 9.339841e+03
9.078036e+03 9.139174e+03 9.120144e+03 9.097066e+03
9.101351e+03 9.135676e+03 9.095488e+03 9.141539e+03
9.122707e+03 9.134925e+03 9.119636e+03 9.137997e+03
9.123146e+03 9.135620e+03 9.215123e+03 9.043643e+03
9.195336e+03 9.136763e+03 9.246339e+03 9.085760e+03
8.856418e+03 9.137734e+03 9.214231e+03 8.779921e+03
9.087954e+03 9.142631e+03 9.174189e+03 9.056396e+03
9.133708e+03 9.179828e+03 9.101041e+03 9.212495e+03
9.022779e+03 9.196830e+03 9.066989e+03 9.152620e+03
8.928295e+03 9.177166e+03 9.091255e+03 9.014206e+03
8.967793e+03 9.155104e+03 9.114648e+03 9.008249e+03
9.083495e+03 9.141929e+03 9.059668e+03 9.165756e+03
8.740141e+03 9.135709e+03 9.038313e+03 8.837537e+03
9.228389e+03 9.135098e+03 9.084444e+03 9.279043e+03
9.347751e+03 9.160918e+03 9.165213e+03 9.343456e+03
9.330162e+03 9.192077e+03 9.231320e+03 9.290919e+03
9.308588e+03 9.184065e+03 9.223363e+03 9.269290e+03
9.286874e+03 9.161133e+03 9.175896e+03 9.272110e+03
9.175426e+03 9.145279e+03 9.150513e+03 9.170191e+03
9.203040e+03 9.142020e+03 9.152034e+03 9.193027e+03
9.295819e+03 9.172511e+03 9.200050e+03 9.268280e+03
9.212543e+03 9.191037e+03 9.228755e+03 9.174825e+03
9.018019e+03 9.174428e+03 9.214015e+03 8.978432e+03
9.259215e+03 9.153636e+03 9.194605e+03 9.218246e+03
9.089780e+03 9.140770e+03 9.159332e+03 9.071218e+03
9.272025e+03 9.135019e+03 9.115202e+03 9.291842e+03
9.276810e+03 9.133292e+03 9.115931e+03 9.294171e+03
9.160092e+03 9.133806e+03 9.202988e+03 9.090910e+03
9.184717e+03 9.135141e+03 9.244407e+03 9.075450e+03
9.202022e+03 9.136442e+03 9.192020e+03 9.146445e+03
9.132792e+03 9.137285e+03 9.136196e+03 9.133881e+03
9.055166e+03 9.137716e+03 9.157075e+03 9.035806e+03
9.091201e+03 9.137871e+03 9.236311e+03 8.992761e+03
9.299272e+03 9.137865e+03 9.238849e+03 9.198287e+03
9.394998e+03 9.137783e+03 9.201853e+03 9.330928e+03
9.138891e+03 9.137664e+03 9.173870e+03 9.102685e+03
8.853245e+03 9.137523e+03 9.158547e+03 8.832221e+03
9.130038e+03 9.137359e+03 9.152154e+03 9.115243e+03
9.173991e+03 9.137184e+03 9.152191e+03 9.158984e+03
9.209478e+03 9.137656e+03 9.156086e+03 9.191048e+03
9.185380e+03 9.157566e+03 9.187921e+03 9.155024e+03
9.225647e+03 9.183995e+03 9.228398e+03 9.181244e+03
9.099405e+03 9.176076e+03 9.219517e+03 9.055964e+03
9.031491e+03 9.156077e+03 9.185836e+03 9.001732e+03
9.064120e+03 9.141644e+03 9.151733e+03 9.054031e+03
9.068225e+03 9.134465e+03 9.135688e+03 9.067003e+03
9.054222e+03 9.131612e+03 9.108764e+03 9.077070e+03
9.246367e+03 9.131270e+03 9.106665e+03 9.270973e+03
8.976162e+03 9.132072e+03 9.131869e+03 8.976365e+03
9.001070e+03 9.133083e+03 9.175291e+03 8.958861e+03
9.292686e+03 9.133789e+03 9.235277e+03 9.191199e+03
9.257847e+03 9.142280e+03 9.227525e+03 9.172602e+03
9.087334e+03 9.188792e+03 9.134187e+03 9.141938e+03
9.105040e+03 9.205534e+03 9.087045e+03 9.223528e+03
8.985116e+03 9.179653e+03 9.075636e+03 9.089133e+03
9.128545e+03 9.152502e+03 9.071906e+03 9.209141e+03
9.128661e+03 9.136563e+03 9.108879e+03 9.156345e+03
8.965963e+03 9.147039e+03 9.125186e+03 8.987816e+03
9.199092e+03 9.182713e+03 9.095845e+03 9.285961e+03
9.200513e+03 9.180222e+03 9.110689e+03 9.270047e+03
9.114209e+03 9.157317e+03 9.147405e+03 9.124122e+03
9.370613e+03 9.139820e+03 9.134847e+03 9.375587e+03
9.158375e+03 9.130610e+03 9.072045e+03 9.216941e+03
9.341926e+03 9.127069e+03 9.087505e+03 9.381491e+03
9.134714e+03 9.138585e+03 9.119439e+03 9.153859e+03
9.147659e+03 9.186514e+03 9.086172e+03 9.248001e+03
9.191861e+03 9.199157e+03 9.086113e+03 9.304905e+03
9.227362e+03 9.172808e+03 9.120299e+03 9.279871e+03
9.292297e+03 9.147464e+03 9.079387e+03 9.360374e+03
8.962233e+03 9.132686e+03 9.070600e+03 9.024319e+03
9.050791e+03 9.128019e+03 9.121269e+03 9.057541e+03
9.450824e+03 9.153713e+03 9.203260e+03 9.401277e+03
9.476919e+03 9.187761e+03 9.272841e+03 9.391839e+03
9.373110e+03 9.179111e+03 9.270446e+03 9.281774e+03
9.228538e+03 9.154311e+03 9.245844e+03 9.137005e+03
9.278422e+03 9.144637e+03 9.206219e+03 9.216840e+03
9.081700e+03 9.185451e+03 9.111961e+03 9.155189e+03
8.948508e+03 9.213007e+03 9.054056e+03 9.107459e+03
8.879630e+03 9.187356e+03 9.079794e+03 8.987192e+03
9.187854e+03 9.153523e+03 9.056299e+03 9.285078e+03
9.224477e+03 9.133646e+03 9.048255e+03 9.309868e+03
8.760060e+03 9.125522e+03 9.099862e+03 8.785720e+03
8.795335e+03 9.153159e+03 9.109425e+03 8.839069e+03
9.112383e+03 9.198038e+03 9.074348e+03 9.236074e+03
8.922013e+03 9.190789e+03 9.086050e+03 9.026752e+03
9.218457e+03 9.161174e+03 9.082586e+03 9.297045e+03
8.764656e+03 9.139401e+03 9.101512e+03 8.802546e+03
9.164643e+03 9.128075e+03 9.111513e+03 9.181205e+03
9.103646e+03 9.123925e+03 9.110403e+03 9.117168e+03
9.050553e+03 9.123751e+03 9.138153e+03 9.036151e+03
8.997789e+03 9.125445e+03 9.208124e+03 8.915110e+03
9.072884e+03 9.127467e+03 9.249776e+03 8.950575e+03
9.193039e+03 9.129095e+03 9.212232e+03 9.109902e+03
9.170522e+03 9.130105e+03 9.155072e+03 9.145555e+03
9.268546e+03 9.130684e+03 9.163757e+03 9.235474e+03
9.372652e+03 9.130996e+03 9.246046e+03 9.257602e+03
9.224891e+03 9.135692e+03 9.267241e+03 9.093342e+03
9.090250e+03 9.170068e+03 9.279321e+03 8.980997e+03
9.056663e+03 9.189762e+03 9.275484e+03 8.970940e+03
9.219128e+03 9.172008e+03 9.232116e+03 9.159020e+03
9.154549e+03 9.149403e+03 9.191706e+03 9.112247e+03
9.180055e+03 9.135407e+03 9.169241e+03 9.146221e+03
9.203696e+03 9.128773e+03 9.160518e+03 9.171951e+03
9.054172e+03 9.138791e+03 9.176459e+03 9.016504e+03
9.209566e+03 9.183707e+03 9.241603e+03 9.151670e+03
9.230424e+03 9.201442e+03 9.268509e+03 9.163357e+03
9.294079e+03 9.178383e+03 9.247368e+03 9.225093e+03
9.263678e+03 9.151097e+03 9.214888e+03 9.199886e+03
9.062187e+03 9.135232e+03 9.186455e+03 9.010964e+03
9.028738e+03 9.129150e+03 9.167036e+03 8.990852e+03
9.177982e+03 9.159454e+03 9.114574e+03 9.222861e+03
9.178323e+03 9.221888e+03 9.026801e+03 9.373411e+03
9.073342e+03 9.226306e+03 9.025395e+03 9.274253e+03
9.251292e+03 9.186909e+03 9.086270e+03 9.351932e+03
9.231987e+03 9.151826e+03 9.139924e+03 9.243890e+03
9.041084e+03 9.138422e+03 9.161392e+03 9.018114e+03
9.035701e+03 9.174420e+03 9.111946e+03 9.098175e+03
9.047363e+03 9.201977e+03 9.073805e+03 9.175535e+03
9.188095e+03 9.181560e+03 9.103158e+03 9.266498e+03
9.040151e+03 9.153240e+03 9.136557e+03 9.056835e+03
9.254162e+03 9.136646e+03 9.112248e+03 9.278561e+03
8.856821e+03 9.129185e+03 9.105081e+03 8.880925e+03
9.147549e+03 9.127139e+03 9.108406e+03 9.166281e+03
9.100882e+03 9.128131e+03 9.112592e+03 9.116421e+03
9.095029e+03 9.130297e+03 9.138893e+03 9.086433e+03
8.991290e+03 9.132333e+03 9.198208e+03 8.925415e+03
9.263195e+03 9.133809e+03 9.245428e+03 9.151575e+03
9.201839e+03 9.134742e+03 9.216207e+03 9.120374e+03
9.044126e+03 9.135264e+03 9.148947e+03 9.030443e+03
9.115442e+03 9.135567e+03 9.121878e+03 9.129131e+03
9.081783e+03 9.135755e+03 9.134953e+03 9.082584e+03
9.211956e+03 9.135893e+03 9.149602e+03 9.198247e+03
8.995509e+03 9.136013e+03 9.134085e+03 8.997436e+03
9.276957e+03 9.136127e+03 9.123879e+03 9.289205e+03
9.251768e+03 9.136232e+03 9.168760e+03 9.219239e+03
9.568888e+03 9.136329e+03 9.228683e+03 9.476534e+03
9.286066e+03 9.136419e+03 9.228587e+03 9.193899e+03
9.247232e+03 9.136505e+03 9.202249e+03 9.181488e+03
9.210772e+03 9.136586e+03 9.182223e+03 9.165135e+03
9.463412e+03 9.136665e+03 9.171339e+03 9.428737e+03
9.281114e+03 9.136745e+03 9.166650e+03 9.251209e+03
9.181163e+03 9.136824e+03 9.165455e+03 9.152532e+03
8.999225e+03 9.145031e+03 9.154626e+03 8.989630e+03
9.201066e+03 9.191739e+03 9.089819e+03 9.302985e+03
9.220173e+03 9.212121e+03 9.062021e+03 9.370273e+03
9.278157e+03 9.186686e+03 9.098568e+03 9.366276e+03
9.063360e+03 9.157968e+03 9.124299e+03 9.097030e+03
9.052210e+03 9.140486e+03 9.067677e+03 9.125019e+03
9.369152e+03 9.132703e+03 9.062682e+03 9.439173e+03
9.188553e+03 9.134679e+03 9.105660e+03 9.217572e+03
8.616812e+03 9.177046e+03 9.086852e+03 8.707007e+03
8.608069e+03 9.209224e+03 9.064259e+03 8.753034e+03
9.231278e+03 9.190203e+03 9.100132e+03 9.321349e+03
9.199100e+03 9.161311e+03 9.106141e+03 9.254271e+03
9.586532e+03 9.142668e+03 9.097275e+03 9.631925e+03
9.039906e+03 9.149851e+03 9.147451e+03 9.042305e+03
9.361031e+03 9.187555e+03 9.235212e+03 9.313375e+03
9.319463e+03 9.192882e+03 9.258579e+03 9.253766e+03
9.289814e+03 9.169444e+03 9.231929e+03 9.227329e+03
9.371702e+03 9.148194e+03 9.211465e+03 9.308431e+03
9.414337e+03 9.137070e+03 9.191658e+03 9.359749e+03
9.290357e+03 9.132512e+03 9.168454e+03 9.254416e+03
9.534848e+03 9.131809e+03 9.141349e+03 9.525308e+03
9.375877e+03 9.133085e+03 9.139118e+03 9.369843e+03
9.393839e+03 9.134939e+03 9.203939e+03 9.324839e+03
9.395541e+03 9.136486e+03 9.262920e+03 9.269108e+03
9.415908e+03 9.137542e+03 9.242831e+03 9.310619e+03
9.519086e+03 9.138192e+03 9.201984e+03 9.455294e+03
9.393922e+03 9.138779e+03 9.175735e+03 9.356966e+03
9.438697e+03 9.153399e+03 9.182340e+03 9.409756e+03
9.229020e+03 9.172487e+03 9.203999e+03 9.197508e+03
8.923658e+03 9.166969e+03 9.197202e+03 8.893425e+03
9.123739e+03 9.152846e+03 9.191246e+03 9.085339e+03
8.863740e+03 9.143367e+03 9.184352e+03 8.822754e+03
9.040371e+03 9.141012e+03 9.169349e+03 9.012033e+03
9.051924e+03 9.172474e+03 9.114636e+03 9.109763e+03
8.941055e+03 9.197324e+03 9.076513e+03 9.061866e+03
8.747486e+03 9.181573e+03 9.099232e+03 8.829827e+03
8.769603e+03 9.158799e+03 9.083776e+03 8.844626e+03
8.889369e+03 9.144272e+03 9.041839e+03 8.991801e+03
8.998801e+03 9.137699e+03 9.075867e+03 9.060633e+03
8.859091e+03 9.135716e+03 9.128574e+03 8.866232e+03
8.768616e+03 9.136365e+03 9.162631e+03 8.742350e+03
9.459647e+03 9.138085e+03 9.177788e+03 9.419943e+03
