0.6 9.591711e+03 9.646459e+03 9.588573e+03 9.533825e+03
1.6 9.638461e+03 9.607648e+03 9.609253e+03 9.640066e+03
2.6 9.547591e+03 9.594616e+03 9.635894e+03 9.588869e+03
3.6 9.597702e+03 9.565769e+03 9.626750e+03 9.658684e+03
4.6 9.523537e+03 9.539418e+03 9.606873e+03 9.590992e+03
5.6 9.578465e+03 9.560765e+03 9.593044e+03 9.610744e+03
6.6 9.636235e+03 9.639454e+03 9.586330e+03 9.583110e+03
7.6 9.639894e+03 9.640767e+03 9.583791e+03 9.582918e+03
8.6 9.616568e+03 9.606053e+03 9.583681e+03 9.594196e+03
9.6 9.574795e+03 9.575443e+03 9.584668e+03 9.584021e+03
10.6 9.561787e+03 9.546591e+03 9.585842e+03 9.601038e+03
11.6 9.587719e+03 9.532092e+03 9.586706e+03 9.642333e+03
12.6 9.606124e+03 9.577140e+03 9.587224e+03 9.616208e+03
13.6 9.592465e+03 9.632057e+03 9.587492e+03 9.547900e+03
14.6 9.661276e+03 9.621334e+03 9.587604e+03 9.627546e+03
15.6 9.661378e+03 9.605702e+03 9.587647e+03 9.643324e+03
16.6 9.577471e+03 9.576854e+03 9.587660e+03 9.588277e+03
17.6 9.532693e+03 9.546578e+03 9.587663e+03 9.573778e+03
0.9 9.613534e+03 9.597315e+03 9.589748e+03 9.605967e+03
1.9 9.611367e+03 9.586500e+03 9.619693e+03 9.644561e+03
2.9 9.612312e+03 9.582404e+03 9.636039e+03 9.665947e+03
3.9 9.639718e+03 9.617294e+03 9.620327e+03 9.642751e+03
4.9 9.691163e+03 9.682196e+03 9.601711e+03 9.610679e+03
5.9 9.616039e+03 9.657670e+03 9.590475e+03 9.548845e+03
6.9 9.595066e+03 9.608647e+03 9.585120e+03 9.571539e+03
7.9 9.540839e+03 9.572434e+03 9.583528e+03 9.551933e+03
8.9 9.627862e+03 9.597823e+03 9.583940e+03 9.613979e+03
9.9 9.698173e+03 9.615666e+03 9.585110e+03 9.667616e+03
10.9 9.612796e+03 9.585220e+03 9.586257e+03 9.613833e+03
11.9 9.591787e+03 9.553127e+03 9.587092e+03 9.625752e+03
12.9 9.588478e+03 9.533212e+03 9.587574e+03 9.642839e+03
13.9 9.600141e+03 9.547974e+03 9.587836e+03 9.640003e+03
14.9 9.601635e+03 9.604450e+03 9.587969e+03 9.585154e+03
15.9 9.602810e+03 9.604906e+03 9.588045e+03 9.585949e+03
16.9 9.481240e+03 9.575062e+03 9.588097e+03 9.494276e+03
17.9 9.534652e+03 9.575262e+03 9.588141e+03 9.547531e+03
0.8 9.665214e+03 9.628598e+03 9.589941e+03 9.626556e+03
1.8 9.622810e+03 9.598119e+03 9.617286e+03 9.641977e+03
2.8 9.560432e+03 9.584966e+03 9.637427e+03 9.612893e+03
3.8 9.577660e+03 9.590204e+03 9.624124e+03 9.611580e+03
4.8 9.540807e+03 9.638170e+03 9.604513e+03 9.507149e+03
5.8 9.555335e+03 9.626098e+03 9.592564e+03 9.521801e+03
6.8 9.561417e+03 9.581466e+03 9.586753e+03 9.566705e+03
7.8 9.552858e+03 9.547123e+03 9.584910e+03 9.590645e+03
8.8 9.481588e+03 9.527356e+03 9.585186e+03 9.539418e+03
9.8 9.535638e+03 9.526648e+03 9.586367e+03 9.595358e+03
10.8 9.574073e+03 9.591860e+03 9.587558e+03 9.569771e+03
11.8 9.626536e+03 9.644454e+03 9.588449e+03 9.570531e+03
12.8 9.623522e+03 9.615366e+03 9.588977e+03 9.597133e+03
13.8 9.552930e+03 9.569997e+03 9.589261e+03 9.572194e+03
14.8 9.643428e+03 9.547373e+03 9.589409e+03 9.685464e+03
15.8 9.536074e+03 9.538668e+03 9.589490e+03 9.586896e+03
16.8 9.576882e+03 9.581173e+03 9.589546e+03 9.585255e+03
17.8 9.577891e+03 9.639414e+03 9.589591e+03 9.528067e+03
0.3 9.582814e+03 9.608176e+03 9.588751e+03 9.563389e+03
1.3 9.551376e+03 9.571763e+03 9.598801e+03 9.578413e+03
2.3 9.572400e+03 9.578416e+03 9.632054e+03 9.626038e+03
3.3 9.574423e+03 9.576792e+03 9.632971e+03 9.630602e+03
4.3 9.560600e+03 9.611667e+03 9.613013e+03 9.561946e+03
5.3 9.592260e+03 9.619048e+03 9.597095e+03 9.570307e+03
6.3 9.560784e+03 9.586010e+03 9.588518e+03 9.563292e+03
7.3 9.591731e+03 9.555206e+03 9.584817e+03 9.621342e+03
8.3 9.554970e+03 9.536009e+03 9.584131e+03 9.603092e+03
9.3 9.596002e+03 9.556514e+03 9.584931e+03 9.624420e+03
10.3 9.670344e+03 9.632341e+03 9.586107e+03 9.624110e+03
11.3 9.579375e+03 9.642010e+03 9.587089e+03 9.524455e+03
12.3 9.644932e+03 9.602632e+03 9.587733e+03 9.630033e+03
13.3 9.581985e+03 9.589407e+03 9.588067e+03 9.580645e+03
14.3 9.525819e+03 9.568691e+03 9.588230e+03 9.545358e+03
15.3 9.582195e+03 9.543212e+03 9.588300e+03 9.627284e+03
16.3 9.520837e+03 9.527773e+03 9.588329e+03 9.581392e+03
17.3 9.590221e+03 9.534934e+03 9.588339e+03 9.643626e+03
0.8 9.614263e+03 9.632161e+03 9.590206e+03 9.572308e+03
1.8 9.564447e+03 9.609800e+03 9.618668e+03 9.573315e+03
2.8 9.559600e+03 9.591698e+03 9.636926e+03 9.604828e+03
3.8 9.598932e+03 9.612566e+03 9.622109e+03 9.608474e+03
4.8 9.644027e+03 9.663629e+03 9.603230e+03 9.583627e+03
5.8 9.603148e+03 9.635960e+03 9.591429e+03 9.558618e+03
6.8 9.668524e+03 9.595218e+03 9.586041e+03 9.659347e+03
7.8 9.572902e+03 9.569012e+03 9.584315e+03 9.588205e+03
8.8 9.587741e+03 9.599901e+03 9.584661e+03 9.572502e+03
9.8 9.596320e+03 9.608721e+03 9.585815e+03 9.573414e+03
10.8 9.529233e+03 9.574670e+03 9.586997e+03 9.541559e+03
11.8 9.549059e+03 9.566119e+03 9.587821e+03 9.570761e+03
12.8 9.620025e+03 9.566534e+03 9.588310e+03 9.641801e+03
13.8 9.585787e+03 9.584792e+03 9.588570e+03 9.589566e+03
14.8 9.688790e+03 9.624242e+03 9.588693e+03 9.653241e+03
15.8 9.645847e+03 9.604815e+03 9.588754e+03 9.629786e+03
16.8 9.579701e+03 9.565445e+03 9.588785e+03 9.603041e+03
17.8 9.580122e+03 9.541940e+03 9.588802e+03 9.626984e+03
0.3 9.680198e+03 9.644727e+03 9.584351e+03 9.619822e+03
1.3 9.630381e+03 9.620309e+03 9.594792e+03 9.604865e+03
2.3 9.672864e+03 9.602873e+03 9.626945e+03 9.696936e+03
3.3 9.638708e+03 9.573437e+03 9.627458e+03 9.692728e+03
4.3 9.537054e+03 9.539998e+03 9.607028e+03 9.604084e+03
