1.0 9.144048e+03 9.238367e+03 9.164333e+03 9.070013e+03
2.0 9.021662e+03 9.199760e+03 9.263807e+03 9.085710e+03
3.0 8.893999e+03 9.142889e+03 9.295704e+03 9.046815e+03
4.0 8.687266e+03 9.059049e+03 9.242922e+03 8.871139e+03
5.0 8.958514e+03 9.146432e+03 9.187537e+03 8.999619e+03
6.0 9.149254e+03 9.271184e+03 9.156571e+03 9.034641e+03
7.0 8.966424e+03 9.198774e+03 9.142308e+03 8.909958e+03
8.0 9.109607e+03 9.174630e+03 9.138582e+03 9.073558e+03
9.0 9.135584e+03 9.223771e+03 9.140257e+03 9.052070e+03
10.0 9.224582e+03 9.143076e+03 9.143911e+03 9.225417e+03
11.0 8.959341e+03 9.037221e+03 9.147185e+03 9.069305e+03
12.0 8.869675e+03 9.045668e+03 9.149449e+03 8.973455e+03
13.0 9.128826e+03 9.191503e+03 9.150667e+03 9.087991e+03
14.0 9.097327e+03 9.191766e+03 9.151241e+03 9.056802e+03
15.0 9.238420e+03 9.181676e+03 9.151467e+03 9.208211e+03
16.0 9.191412e+03 9.154561e+03 9.151514e+03 9.188365e+03
17.0 9.072420e+03 9.064650e+03 9.151483e+03 9.159254e+03
18.0 8.814259e+03 9.000416e+03 9.151410e+03 8.965253e+03
0.8 9.310634e+03 9.198668e+03 9.148488e+03 9.260453e+03
1.8 9.438994e+03 9.126408e+03 9.232757e+03 9.545343e+03
2.8 9.240081e+03 9.098213e+03 9.290697e+03 9.432565e+03
3.8 9.157047e+03 9.159608e+03 9.246886e+03 9.244325e+03
4.8 9.333429e+03 9.283565e+03 9.188775e+03 9.238639e+03
5.8 9.160720e+03 9.233196e+03 9.180572e+03 9.108096e+03
6.8 9.202389e+03 9.186762e+03 9.263627e+03 9.279254e+03
7.8 9.093129e+03 9.095400e+03 9.265240e+03 9.262969e+03
8.8 9.071357e+03 9.016998e+03 9.207250e+03 9.261609e+03
9.8 9.103959e+03 9.138804e+03 9.161009e+03 9.126163e+03
10.8 9.441463e+03 9.224261e+03 9.136985e+03 9.354187e+03
11.8 9.258193e+03 9.132376e+03 9.127978e+03 9.253795e+03
12.8 9.200226e+03 9.145321e+03 9.126986e+03 9.181890e+03
13.8 9.162029e+03 9.177691e+03 9.129925e+03 9.114263e+03
14.8 9.177923e+03 9.187616e+03 9.133766e+03 9.124073e+03
15.8 9.059046e+03 9.302830e+03 9.136956e+03 8.893172e+03
16.8 9.259252e+03 9.259120e+03 9.138910e+03 9.139042e+03
17.8 9.162344e+03 9.201810e+03 9.139959e+03 9.100494e+03
0.2 9.333429e+03 9.283565e+03 9.188775e+03 9.238639e+03
1.2 9.160720e+03 9.233196e+03 9.180572e+03 9.108096e+03
2.2 9.202389e+03 9.186762e+03 9.263627e+03 9.279254e+03
3.2 9.093129e+03 9.095400e+03 9.265240e+03 9.262969e+03
4.2 9.071357e+03 9.016998e+03 9.207250e+03 9.261609e+03
5.2 9.103959e+03 9.138804e+03 9.161009e+03 9.126163e+03
6.2 9.441463e+03 9.224261e+03 9.136985e+03 9.354187e+03
7.2 9.258193e+03 9.132376e+03 9.127978e+03 9.253795e+03
8.2 9.200226e+03 9.145321e+03 9.126986e+03 9.181890e+03
9.2 9.162029e+03 9.177691e+03 9.129925e+03 9.114263e+03
10.2 9.177923e+03 9.187616e+03 9.133766e+03 9.124073e+03
11.2 9.059046e+03 9.302830e+03 9.136956e+03 8.893172e+03
12.2 9.259252e+03 9.259120e+03 9.138910e+03 9.139042e+03
13.2 9.162344e+03 9.201810e+03 9.139959e+03 9.100494e+03
14.2 9.112257e+03 9.115392e+03 9.140416e+03 9.137280e+03
15.2 8.800550e+03 9.005720e+03 9.140586e+03 8.935416e+03
16.2 8.963416e+03 8.955669e+03 9.140637e+03 9.148384e+03
17.2 9.027822e+03 9.125003e+03 9.140644e+03 9.043463e+03
1.0 9.033304e+03 9.056718e+03 9.152189e+03 9.128774e+03
2.0 9.207030e+03 9.067371e+03 9.250575e+03 9.390234e+03
3.0 9.156642e+03 9.070702e+03 9.285447e+03 9.371386e+03
4.0 9.088904e+03 9.159115e+03 9.232058e+03 9.161846e+03
5.0 9.169924e+03 9.293022e+03 9.177788e+03 9.054690e+03
6.0 9.200555e+03 9.286814e+03 9.146349e+03 9.060090e+03
7.0 9.137951e+03 9.364703e+03 9.131814e+03 8.905062e+03
8.0 9.223760e+03 9.271722e+03 9.127973e+03 9.080011e+03
9.0 9.121701e+03 9.131427e+03 9.129726e+03 9.120000e+03
10.0 9.119071e+03 9.202567e+03 9.133396e+03 9.049900e+03
11.0 9.264825e+03 9.198802e+03 9.136818e+03 9.202842e+03
12.0 9.071666e+03 9.086908e+03 9.139256e+03 9.124014e+03
13.0 9.099374e+03 9.129132e+03 9.140662e+03 9.110904e+03
14.0 9.204406e+03 9.154411e+03 9.141447e+03 9.191442e+03
15.0 9.359521e+03 9.215458e+03 9.141878e+03 9.285941e+03
16.0 9.456326e+03 9.236716e+03 9.142158e+03 9.361768e+03
17.0 9.190686e+03 9.116904e+03 9.142381e+03 9.216163e+03
18.0 9.000829e+03 9.005121e+03 9.148850e+03 9.144558e+03
0.9 9.000829e+03 9.005121e+03 9.148850e+03 9.144558e+03
1.9 9.264619e+03 9.030538e+03 9.240104e+03 9.474185e+03
2.9 9.186580e+03 9.056719e+03 9.289989e+03 9.419850e+03
3.9 9.025142e+03 9.012492e+03 9.243941e+03 9.256591e+03
4.9 9.067637e+03 9.091176e+03 9.185911e+03 9.162373e+03
5.9 9.152600e+03 9.276944e+03 9.151905e+03 9.027562e+03
6.9 9.214402e+03 9.297761e+03 9.135792e+03 9.052433e+03
7.9 9.485101e+03 9.381227e+03 9.131125e+03 9.234999e+03
8.9 9.341660e+03 9.305532e+03 9.132489e+03 9.168617e+03
9.9 9.244355e+03 9.136654e+03 9.136299e+03 9.244000e+03
10.9 9.161734e+03 9.181744e+03 9.139973e+03 9.119963e+03
11.9 9.381724e+03 9.243760e+03 9.142700e+03 9.280664e+03
12.9 9.117277e+03 9.141773e+03 9.144356e+03 9.119859e+03
13.9 9.330475e+03 9.194788e+03 9.145332e+03 9.281019e+03
14.9 9.255830e+03 9.276421e+03 9.145941e+03 9.125350e+03
15.9 9.033537e+03 9.165595e+03 9.146366e+03 9.014308e+03
16.9 8.835110e+03 9.150822e+03 9.146722e+03 8.831010e+03
17.9 9.074700e+03 9.252874e+03 9.147052e+03 8.968879e+03
0.2 9.074700e+03 9.252874e+03 9.147052e+03 8.968879e+03
1.2 9.044123e+03 9.204428e+03 9.168099e+03 9.007794e+03
2.2 9.011034e+03 9.170053e+03 9.270744e+03 9.111725e+03
3.2 9.105122e+03 9.101388e+03 9.288133e+03 9.291866e+03
4.2 9.046791e+03 9.023791e+03 9.230287e+03 9.253287e+03
5.2 9.113926e+03 9.130203e+03 9.179451e+03 9.163175e+03
6.2 9.351472e+03 9.212403e+03 9.151364e+03 9.290433e+03
7.2 9.121769e+03 9.175816e+03 9.139027e+03 9.084980e+03
8.2 9.279951e+03 9.163633e+03 9.136528e+03 9.252846e+03
9.2 9.092196e+03 9.084688e+03 9.139021e+03 9.146529e+03
10.2 8.963876e+03 8.997387e+03 9.142983e+03 9.109472e+03
11.2 8.885623e+03 8.946831e+03 9.146489e+03 9.085281e+03
12.2 8.890553e+03 8.977909e+03 9.148968e+03 9.061612e+03
13.2 9.134264e+03 9.161125e+03 9.150451e+03 9.123589e+03
14.2 9.161666e+03 9.201305e+03 9.151348e+03 9.111709e+03
15.2 9.012959e+03 9.102388e+03 9.151915e+03 9.062487e+03
16.2 8.943246e+03 9.059004e+03 9.152338e+03 9.036580e+03
17.2 9.034195e+03 9.167208e+03 9.152700e+03 9.019686e+03
