0.7 9.859685e+03 9.864700e+03 9.765923e+03 9.760908e+03
1.7 9.888704e+03 9.852454e+03 9.815507e+03 9.851757e+03
2.7 9.815694e+03 9.870006e+03 9.906394e+03 9.852082e+03
3.7 9.761266e+03 9.821225e+03 9.892734e+03 9.832774e+03
4.7 9.674598e+03 9.791030e+03 9.830091e+03 9.713659e+03
5.7 9.629225e+03 9.758309e+03 9.784284e+03 9.655199e+03
6.7 9.488089e+03 9.716237e+03 9.760227e+03 9.532079e+03
7.7 9.749100e+03 9.764446e+03 9.750219e+03 9.734873e+03
8.7 9.719631e+03 9.831520e+03 9.748749e+03 9.636860e+03
9.7 9.609262e+03 9.795259e+03 9.751282e+03 9.565286e+03
10.7 9.683075e+03 9.783884e+03 9.754577e+03 9.653768e+03
11.7 9.696049e+03 9.810351e+03 9.757129e+03 9.642827e+03
12.7 9.810252e+03 9.768218e+03 9.758618e+03 9.800652e+03
13.7 9.715335e+03 9.712680e+03 9.759186e+03 9.761841e+03
14.7 9.662833e+03 9.716746e+03 9.759244e+03 9.705331e+03
15.7 9.726647e+03 9.792468e+03 9.759027e+03 9.693206e+03
16.7 9.773798e+03 9.795237e+03 9.758691e+03 9.737252e+03
17.7 9.862077e+03 9.828359e+03 9.758304e+03 9.792022e+03
0.9 9.647832e+03 9.711262e+03 9.761771e+03 9.698341e+03
1.9 9.679001e+03 9.756590e+03 9.840075e+03 9.762486e+03
2.9 9.779596e+03 9.827579e+03 9.923441e+03 9.875458e+03
3.9 9.971737e+03 9.815008e+03 9.888413e+03 1.004514e+04
4.9 9.882473e+03 9.815036e+03 9.818148e+03 9.885585e+03
5.9 9.746851e+03 9.772313e+03 9.771762e+03 9.746300e+03
6.9 9.683743e+03 9.713840e+03 9.748446e+03 9.718349e+03
7.9 9.668769e+03 9.675722e+03 9.739543e+03 9.732590e+03
8.9 9.703805e+03 9.677937e+03 9.739165e+03 9.765033e+03
9.9 9.765333e+03 9.760459e+03 9.742495e+03 9.747369e+03
10.9 9.816965e+03 9.782518e+03 9.746175e+03 9.780621e+03
11.9 9.777874e+03 9.745122e+03 9.748843e+03 9.781596e+03
12.9 9.861360e+03 9.778465e+03 9.750332e+03 9.833227e+03
13.9 9.882678e+03 9.798853e+03 9.750877e+03 9.834702e+03
14.9 9.879307e+03 9.814500e+03 9.750919e+03 9.815726e+03
15.9 9.863161e+03 9.857937e+03 9.750692e+03 9.755916e+03
16.9 9.786452e+03 9.832782e+03 9.750347e+03 9.704017e+03
17.9 9.825668e+03 9.851649e+03 9.749966e+03 9.723985e+03
0.5 9.841723e+03 9.699212e+03 9.748018e+03 9.890529e+03
1.5 9.864296e+03 9.708019e+03 9.785961e+03 9.942238e+03
2.5 9.824507e+03 9.785455e+03 9.875891e+03 9.914944e+03
3.5 9.743151e+03 9.782689e+03 9.874666e+03 9.835129e+03
4.5 9.571877e+03 9.741506e+03 9.816341e+03 9.646712e+03
5.5 9.743782e+03 9.766448e+03 9.770381e+03 9.747716e+03
6.5 9.760203e+03 9.771866e+03 9.759106e+03 9.747443e+03
7.5 9.770861e+03 9.831118e+03 9.853007e+03 9.792750e+03
8.5 9.901950e+03 9.865978e+03 9.920331e+03 9.956303e+03
9.5 9.813777e+03 9.798963e+03 9.869438e+03 9.884253e+03
10.5 9.938763e+03 9.762722e+03 9.799008e+03 9.975048e+03
11.5 9.834924e+03 9.748156e+03 9.757292e+03 9.844060e+03
12.5 9.752269e+03 9.779690e+03 9.808973e+03 9.781553e+03
13.5 9.866617e+03 9.842993e+03 9.898562e+03 9.922185e+03
14.5 9.767014e+03 9.817271e+03 9.874607e+03 9.824350e+03
15.5 9.773732e+03 9.792658e+03 9.807229e+03 9.788303e+03
16.5 9.696763e+03 9.746252e+03 9.759115e+03 9.709626e+03
17.5 9.751235e+03 9.707457e+03 9.736229e+03 9.780007e+03
0.2 9.743782e+03 9.766448e+03 9.770381e+03 9.747716e+03
1.2 9.760203e+03 9.771866e+03 9.759106e+03 9.747443e+03
2.2 9.770861e+03 9.831118e+03 9.853007e+03 9.792750e+03
3.2 9.901950e+03 9.865978e+03 9.920331e+03 9.956303e+03
4.2 9.813777e+03 9.798963e+03 9.869438e+03 9.884253e+03
5.2 9.938763e+03 9.762722e+03 9.799008e+03 9.975048e+03
6.2 9.834924e+03 9.748156e+03 9.757292e+03 9.844060e+03
7.2 9.752269e+03 9.779690e+03 9.808973e+03 9.781553e+03
8.2 9.866617e+03 9.842993e+03 9.898562e+03 9.922185e+03
9.2 9.767014e+03 9.817271e+03 9.874607e+03 9.824350e+03
10.2 9.773732e+03 9.792658e+03 9.807229e+03 9.788303e+03
11.2 9.696763e+03 9.746252e+03 9.759115e+03 9.709626e+03
12.2 9.751235e+03 9.707457e+03 9.736229e+03 9.780007e+03
13.2 9.769881e+03 9.772195e+03 9.728024e+03 9.725710e+03
14.2 9.898775e+03 9.817314e+03 9.728225e+03 9.809686e+03
15.2 9.792500e+03 9.769783e+03 9.732217e+03 9.754935e+03
16.2 9.759842e+03 9.777215e+03 9.736837e+03 9.719465e+03
17.2 9.755222e+03 9.794476e+03 9.740280e+03 9.701027e+03
0.8 9.834924e+03 9.748156e+03 9.757292e+03 9.844060e+03
1.8 9.752269e+03 9.779690e+03 9.808973e+03 9.781553e+03
2.8 9.866617e+03 9.842993e+03 9.898562e+03 9.922185e+03
3.8 9.767014e+03 9.817271e+03 9.874607e+03 9.824350e+03
4.8 9.773732e+03 9.792658e+03 9.807229e+03 9.788303e+03
5.8 9.696763e+03 9.746252e+03 9.759115e+03 9.709626e+03
6.8 9.751235e+03 9.707457e+03 9.736229e+03 9.780007e+03
7.8 9.769881e+03 9.772195e+03 9.728024e+03 9.725710e+03
8.8 9.898775e+03 9.817314e+03 9.728225e+03 9.809686e+03
9.8 9.792500e+03 9.769783e+03 9.732217e+03 9.754935e+03
10.8 9.759842e+03 9.777215e+03 9.736837e+03 9.719465e+03
11.8 9.755222e+03 9.794476e+03 9.740280e+03 9.701027e+03
12.8 9.773166e+03 9.797520e+03 9.742416e+03 9.718062e+03
13.8 9.726320e+03 9.853240e+03 9.743589e+03 9.616669e+03
14.8 9.825903e+03 9.826654e+03 9.744157e+03 9.743406e+03
15.8 9.771751e+03 9.775267e+03 9.744455e+03 9.740939e+03
16.8 9.731101e+03 9.726144e+03 9.744635e+03 9.749592e+03
17.8 9.577192e+03 9.683145e+03 9.744780e+03 9.638828e+03
0.1 9.577192e+03 9.683145e+03 9.744780e+03 9.638828e+03
1.1 9.661873e+03 9.670257e+03 9.756415e+03 9.748030e+03
2.1 9.678181e+03 9.763164e+03 9.856676e+03 9.771692e+03
3.1 9.841565e+03 9.840487e+03 9.932518e+03 9.933596e+03
4.1 9.933959e+03 9.795951e+03 9.883385e+03 1.002139e+04
5.1 9.676665e+03 9.732030e+03 9.809058e+03 9.753692e+03
6.1 9.788816e+03 9.735562e+03 9.760142e+03 9.813396e+03
7.1 9.726190e+03 9.736147e+03 9.737340e+03 9.727383e+03
8.1 9.734159e+03 9.780434e+03 9.729652e+03 9.683376e+03
9.1 9.792414e+03 9.847905e+03 9.730709e+03 9.675218e+03
10.1 9.803118e+03 9.843919e+03 9.735241e+03 9.694441e+03
11.1 9.718060e+03 9.879859e+03 9.740092e+03 9.578293e+03
12.1 9.766181e+03 9.833071e+03 9.743609e+03 9.676719e+03
13.1 9.772488e+03 9.764768e+03 9.768624e+03 9.776344e+03
14.1 9.738116e+03 9.803100e+03 9.868769e+03 9.803784e+03
15.1 9.818147e+03 9.802328e+03 9.895922e+03 9.911741e+03
16.1 9.694630e+03 9.744773e+03 9.839174e+03 9.789031e+03
17.1 9.767149e+03 9.755298e+03 9.784403e+03 9.796254e+03
0.3 9.766181e+03 9.833071e+03 9.743609e+03 9.676719e+03
1.3 9.772488e+03 9.764768e+03 9.768624e+03 9.776344e+03
2.3 9.738116e+03 9.803100e+03 9.868769e+03 9.803784e+03
3.3 9.818147e+03 9.802328e+03 9.895922e+03 9.911741e+03
4.3 9.694630e+03 9.744773e+03 9.839174e+03 9.789031e+03
5.3 9.767149e+03 9.755298e+03 9.784403e+03 9.796254e+03
6.3 9.793990e+03 9.763332e+03 9.759374e+03 9.790033e+03
7.3 9.859094e+03 9.800047e+03 9.823648e+03 9.882695e+03
8.3 9.936578e+03 9.817108e+03 9.872918e+03 9.992387e+03
9.3 9.782724e+03 9.760030e+03 9.835129e+03 9.857824e+03
10.3 9.674783e+03 9.704871e+03 9.785341e+03 9.755253e+03
11.3 9.840222e+03 9.717235e+03 9.754831e+03 9.877818e+03
12.3 9.810871e+03 9.729782e+03 9.741603e+03 9.822691e+03
13.3 9.694628e+03 9.707399e+03 9.738004e+03 9.725233e+03
14.3 9.737503e+03 9.746960e+03 9.739785e+03 9.730328e+03
15.3 9.779150e+03 9.840355e+03 9.743573e+03 9.682368e+03
16.3 9.812623e+03 9.849982e+03 9.747313e+03 9.709954e+03
17.3 9.940352e+03 9.888598e+03 9.749974e+03 9.801729e+03
1.0 9.793990e+03 9.763332e+03 9.759374e+03 9.790033e+03
2.0 9.859094e+03 9.800047e+03 9.823648e+03 9.882695e+03
3.0 9.936578e+03 9.817108e+03 9.872918e+03 9.992387e+03
4.0 9.782724e+03 9.760030e+03 9.835129e+03 9.857824e+03
5.0 9.674783e+03 9.704871e+03 9.785341e+03 9.755253e+03
6.0 9.840222e+03 9.717235e+03 9.754831e+03 9.877818e+03
7.0 9.810871e+03 9.729782e+03 9.741603e+03 9.822691e+03
8.0 9.694628e+03 9.707399e+03 9.738004e+03 9.725233e+03
9.0 9.737503e+03 9.746960e+03 9.739785e+03 9.730328e+03
10.0 9.779150e+03 9.840355e+03 9.743573e+03 9.682368e+03
11.0 9.812623e+03 9.849982e+03 9.747313e+03 9.709954e+03
12.0 9.940352e+03 9.888598e+03 9.749974e+03 9.801729e+03
13.0 9.900249e+03 9.850010e+03 9.751652e+03 9.801891e+03
14.0 9.828120e+03 9.766961e+03 9.752660e+03 9.813820e+03
15.0 9.769494e+03 9.791240e+03 9.753271e+03 9.731525e+03
16.0 9.912499e+03 9.823303e+03 9.753704e+03 9.842900e+03
17.0 9.771938e+03 9.772258e+03 9.754049e+03 9.753729e+03
18.0 9.865716e+03 9.796381e+03 9.754345e+03 9.823681e+03
0.8 9.727582e+03 9.780496e+03 9.756586e+03 9.703671e+03
1.8 9.652684e+03 9.775491e+03 9.820230e+03 9.697423e+03
2.8 9.733946e+03 9.828771e+03 9.911071e+03 9.816245e+03
3.8 9.746719e+03 9.804571e+03 9.891331e+03 9.833480e+03
4.8 9.716364e+03 9.786110e+03 9.824406e+03 9.754660e+03
5.8 9.793125e+03 9.750914e+03 9.777101e+03 9.819311e+03
6.8 9.781715e+03 9.711824e+03 9.752487e+03 9.822378e+03
7.8 9.797850e+03 9.765362e+03 9.743413e+03 9.775901e+03
8.8 9.912319e+03 9.806648e+03 9.742851e+03 9.848522e+03
9.8 9.756052e+03 9.777207e+03 9.746377e+03 9.725222e+03
10.8 9.790129e+03 9.751075e+03 9.750569e+03 9.789624e+03
11.8 9.705254e+03 9.714870e+03 9.753966e+03 9.744349e+03
12.8 9.642658e+03 9.684143e+03 9.756102e+03 9.714617e+03
13.8 9.664787e+03 9.668276e+03 9.757328e+03 9.753838e+03
14.8 9.629623e+03 9.689709e+03 9.758006e+03 9.697920e+03
15.8 9.777155e+03 9.786819e+03 9.758387e+03 9.748723e+03
16.8 9.821270e+03 9.807669e+03 9.758642e+03 9.772244e+03
17.8 9.664279e+03 9.755322e+03 9.758858e+03 9.667815e+03
0.6 9.714074e+03 9.705624e+03 9.760554e+03 9.769005e+03
1.6 9.804151e+03 9.723183e+03 9.807187e+03 9.888156e+03
2.6 9.946294e+03 9.829882e+03 9.926616e+03 1.004303e+04
3.6 9.821744e+03 9.840740e+03 9.939787e+03 9.920791e+03
4.6 9.833337e+03 9.786684e+03 9.864420e+03 9.911073e+03
5.6 9.801037e+03 9.791053e+03 9.799025e+03 9.809008e+03
6.6 9.672724e+03 9.762251e+03 9.762144e+03 9.672618e+03
7.6 9.729628e+03 9.710240e+03 9.746884e+03 9.766272e+03
8.6 9.658097e+03 9.675459e+03 9.743708e+03 9.726346e+03
9.6 9.758490e+03 9.674532e+03 9.746841e+03 9.830800e+03
10.6 9.882711e+03 9.763913e+03 9.751725e+03 9.870523e+03
11.6 9.926540e+03 9.810064e+03 9.756033e+03 9.872509e+03
12.6 9.723083e+03 9.822565e+03 9.758820e+03 9.659339e+03
13.6 9.829842e+03 9.849346e+03 9.760406e+03 9.740902e+03
14.6 9.798074e+03 9.825598e+03 9.761245e+03 9.733720e+03
15.6 9.776622e+03 9.838051e+03 9.761678e+03 9.700249e+03
16.6 9.752330e+03 9.797843e+03 9.761942e+03 9.716429e+03
17.6 9.781622e+03 9.798758e+03 9.762118e+03 9.744982e+03
0.2 9.973539e+03 9.830170e+03 9.762737e+03 9.906107e+03
1.2 9.800132e+03 9.819660e+03 9.775492e+03 9.755964e+03
2.2 9.774373e+03 9.834750e+03 9.863938e+03 9.803561e+03
3.2 9.795696e+03 9.815707e+03 9.898249e+03 9.878238e+03
4.2 9.680205e+03 9.745530e+03 9.850138e+03 9.784813e+03
5.2 9.705477e+03 9.743561e+03 9.799164e+03 9.761080e+03
6.2 9.837193e+03 9.755006e+03 9.769228e+03 9.851415e+03
7.2 9.774993e+03 9.772126e+03 9.755330e+03 9.758197e+03
8.2 9.976248e+03 9.819170e+03 9.751616e+03 9.908694e+03
9.2 9.919584e+03 9.782863e+03 9.753232e+03 9.889953e+03
10.2 9.793031e+03 9.729829e+03 9.756717e+03 9.819919e+03
11.2 9.775690e+03 9.715703e+03 9.760008e+03 9.819995e+03
12.2 9.608823e+03 9.694174e+03 9.762379e+03 9.677029e+03
13.2 9.603080e+03 9.689558e+03 9.763769e+03 9.677292e+03
14.2 9.719863e+03 9.766689e+03 9.764563e+03 9.717737e+03
15.2 9.819808e+03 9.785757e+03 9.765015e+03 9.799066e+03
16.2 9.895485e+03 9.737901e+03 9.765321e+03 9.922905e+03
17.2 9.727244e+03 9.718511e+03 9.765571e+03 9.774304e+03
0.5 9.875200e+03 9.851681e+03 9.767180e+03 9.790699e+03
1.5 9.981189e+03 9.831758e+03 9.803579e+03 9.953010e+03
2.5 9.882312e+03 9.843281e+03 9.894870e+03 9.933901e+03
3.5 9.875384e+03 9.795970e+03 9.896744e+03 9.976158e+03
4.5 9.689863e+03 9.717774e+03 9.839320e+03 9.811409e+03
5.5 9.718395e+03 9.695651e+03 9.793386e+03 9.816130e+03
6.5 9.708714e+03 9.737807e+03 9.768348e+03 9.739254e+03
7.5 9.647207e+03 9.726871e+03 9.758392e+03 9.678728e+03
8.5 9.639295e+03 9.690579e+03 9.756842e+03 9.705557e+03
9.5 9.566551e+03 9.687534e+03 9.759626e+03 9.638643e+03
10.5 9.697924e+03 9.765568e+03 9.763501e+03 9.695856e+03
11.5 9.749063e+03 9.784255e+03 9.766880e+03 9.731689e+03
12.5 9.786433e+03 9.819127e+03 9.769157e+03 9.736464e+03
13.5 9.914576e+03 9.851989e+03 9.770596e+03 9.833183e+03
14.5 9.805250e+03 9.832887e+03 9.771528e+03 9.743890e+03
15.5 9.846909e+03 9.844622e+03 9.772186e+03 9.774472e+03
16.5 9.794674e+03 9.800348e+03 9.772736e+03 9.767062e+03
17.5 9.743555e+03 9.816624e+03 9.773250e+03 9.700180e+03
