0.7 9.559857e+03 9.598478e+03 9.582840e+03 9.544219e+03
1.7 9.652411e+03 9.595696e+03 9.615525e+03 9.672239e+03
2.7 9.630490e+03 9.631212e+03 9.675434e+03 9.674711e+03
3.7 9.598809e+03 9.612778e+03 9.666429e+03 9.652461e+03
4.7 9.461176e+03 9.577640e+03 9.625138e+03 9.508673e+03
5.7 9.431578e+03 9.552254e+03 9.594943e+03 9.474267e+03
6.7 9.394657e+03 9.539698e+03 9.579086e+03 9.434045e+03
7.7 9.590593e+03 9.605767e+03 9.572489e+03 9.557315e+03
8.7 9.710920e+03 9.677570e+03 9.571520e+03 9.604870e+03
9.7 9.591711e+03 9.646459e+03 9.573190e+03 9.518442e+03
10.7 9.638461e+03 9.607648e+03 9.575361e+03 9.606174e+03
11.7 9.547591e+03 9.594616e+03 9.577043e+03 9.530019e+03
12.7 9.597702e+03 9.565769e+03 9.578025e+03 9.609958e+03
13.7 9.523537e+03 9.539418e+03 9.578400e+03 9.562519e+03
14.7 9.578465e+03 9.560765e+03 9.578438e+03 9.596138e+03
15.7 9.636235e+03 9.639454e+03 9.578294e+03 9.575075e+03
16.7 9.639894e+03 9.640767e+03 9.578073e+03 9.577200e+03
17.7 9.616568e+03 9.606053e+03 9.577818e+03 9.588333e+03
0.9 9.587719e+03 9.532092e+03 9.580104e+03 9.635731e+03
1.9 9.606124e+03 9.577140e+03 9.631719e+03 9.660702e+03
2.9 9.592465e+03 9.632057e+03 9.686670e+03 9.647079e+03
3.9 9.661276e+03 9.621334e+03 9.663582e+03 9.703523e+03
4.9 9.661378e+03 9.605702e+03 9.617266e+03 9.672942e+03
5.9 9.577471e+03 9.576854e+03 9.586689e+03 9.587307e+03
6.9 9.532693e+03 9.546578e+03 9.571320e+03 9.557435e+03
7.9 9.473190e+03 9.528259e+03 9.565452e+03 9.510383e+03
8.9 9.536435e+03 9.537876e+03 9.565202e+03 9.563761e+03
9.9 9.611943e+03 9.616505e+03 9.567398e+03 9.562836e+03
10.9 9.669418e+03 9.636335e+03 9.569823e+03 9.602906e+03
11.9 9.613534e+03 9.597315e+03 9.571582e+03 9.587801e+03
12.9 9.611367e+03 9.586500e+03 9.572563e+03 9.597431e+03
13.9 9.612312e+03 9.582404e+03 9.572922e+03 9.602830e+03
14.9 9.639718e+03 9.617294e+03 9.572950e+03 9.595374e+03
15.9 9.691163e+03 9.682196e+03 9.572801e+03 9.581768e+03
16.9 9.616039e+03 9.657670e+03 9.572573e+03 9.530943e+03
17.9 9.595066e+03 9.608647e+03 9.572322e+03 9.558741e+03
0.5 9.588478e+03 9.533212e+03 9.571038e+03 9.626303e+03
1.5 9.600141e+03 9.547974e+03 9.596049e+03 9.648216e+03
2.5 9.601635e+03 9.604450e+03 9.655327e+03 9.652512e+03
3.5 9.602810e+03 9.604906e+03 9.654520e+03 9.652424e+03
4.5 9.481240e+03 9.575062e+03 9.616074e+03 9.522253e+03
5.5 9.534652e+03 9.575262e+03 9.585779e+03 9.545169e+03
6.5 9.525615e+03 9.575190e+03 9.578347e+03 9.528772e+03
7.5 9.604104e+03 9.622701e+03 9.640243e+03 9.621647e+03
8.5 9.725912e+03 9.653520e+03 9.684620e+03 9.757012e+03
9.5 9.649978e+03 9.612640e+03 9.651074e+03 9.688411e+03
10.5 9.685149e+03 9.569718e+03 9.604649e+03 9.720080e+03
11.5 9.604414e+03 9.546175e+03 9.577151e+03 9.635390e+03
12.5 9.606171e+03 9.577467e+03 9.611218e+03 9.639922e+03
13.5 9.661171e+03 9.633014e+03 9.670271e+03 9.698428e+03
14.5 9.642115e+03 9.617575e+03 9.654481e+03 9.679021e+03
15.5 9.608046e+03 9.580443e+03 9.610068e+03 9.637671e+03
16.5 9.542014e+03 9.549277e+03 9.578353e+03 9.571090e+03
17.5 9.543432e+03 9.541313e+03 9.563267e+03 9.565385e+03
0.2 9.534652e+03 9.575262e+03 9.585779e+03 9.545169e+03
1.2 9.525615e+03 9.575190e+03 9.578347e+03 9.528772e+03
2.2 9.604104e+03 9.622701e+03 9.640243e+03 9.621647e+03
3.2 9.725912e+03 9.653520e+03 9.684620e+03 9.757012e+03
4.2 9.649978e+03 9.612640e+03 9.651074e+03 9.688411e+03
5.2 9.685149e+03 9.569718e+03 9.604649e+03 9.720080e+03
6.2 9.604414e+03 9.546175e+03 9.577151e+03 9.635390e+03
7.2 9.606171e+03 9.577467e+03 9.611218e+03 9.639922e+03
8.2 9.661171e+03 9.633014e+03 9.670271e+03 9.698428e+03
9.2 9.642115e+03 9.617575e+03 9.654481e+03 9.679021e+03
10.2 9.608046e+03 9.580443e+03 9.610068e+03 9.637671e+03
11.2 9.542014e+03 9.549277e+03 9.578353e+03 9.571090e+03
12.2 9.543432e+03 9.541313e+03 9.563267e+03 9.565385e+03
13.2 9.593941e+03 9.620959e+03 9.557859e+03 9.530841e+03
14.2 9.669886e+03 9.671794e+03 9.557991e+03 9.556083e+03
15.2 9.665214e+03 9.628598e+03 9.560623e+03 9.597238e+03
16.2 9.622810e+03 9.598119e+03 9.563668e+03 9.588359e+03
17.2 9.560432e+03 9.584966e+03 9.565938e+03 9.541404e+03
0.8 9.604414e+03 9.546175e+03 9.577151e+03 9.635390e+03
1.8 9.606171e+03 9.577467e+03 9.611218e+03 9.639922e+03
2.8 9.661171e+03 9.633014e+03 9.670271e+03 9.698428e+03
3.8 9.642115e+03 9.617575e+03 9.654481e+03 9.679021e+03
4.8 9.608046e+03 9.580443e+03 9.610068e+03 9.637671e+03
5.8 9.542014e+03 9.549277e+03 9.578353e+03 9.571090e+03
6.8 9.543432e+03 9.541313e+03 9.563267e+03 9.565385e+03
7.8 9.593941e+03 9.620959e+03 9.557859e+03 9.530841e+03
8.8 9.669886e+03 9.671794e+03 9.557991e+03 9.556083e+03
9.8 9.665214e+03 9.628598e+03 9.560623e+03 9.597238e+03
10.8 9.622810e+03 9.598119e+03 9.563668e+03 9.588359e+03
11.8 9.560432e+03 9.584966e+03 9.565938e+03 9.541404e+03
12.8 9.577660e+03 9.590204e+03 9.567345e+03 9.554801e+03
13.8 9.540807e+03 9.638170e+03 9.568119e+03 9.470755e+03
14.8 9.555335e+03 9.626098e+03 9.568493e+03 9.497730e+03
15.8 9.561417e+03 9.581466e+03 9.568690e+03 9.548641e+03
16.8 9.552858e+03 9.547123e+03 9.568808e+03 9.574543e+03
17.8 9.481588e+03 9.527356e+03 9.568904e+03 9.523136e+03
0.1 9.481588e+03 9.527356e+03 9.568904e+03 9.523136e+03
1.1 9.535638e+03 9.526648e+03 9.576573e+03 9.585563e+03
2.1 9.574073e+03 9.591860e+03 9.642661e+03 9.624873e+03
3.1 9.626536e+03 9.644454e+03 9.692654e+03 9.674736e+03
4.1 9.623522e+03 9.615366e+03 9.660267e+03 9.668424e+03
5.1 9.552930e+03 9.569997e+03 9.611273e+03 9.594206e+03
6.1 9.643428e+03 9.547373e+03 9.579030e+03 9.675085e+03
7.1 9.536074e+03 9.538668e+03 9.563999e+03 9.561405e+03
8.1 9.576882e+03 9.581173e+03 9.558932e+03 9.554641e+03
9.1 9.577891e+03 9.639414e+03 9.559628e+03 9.498105e+03
10.1 9.588647e+03 9.636945e+03 9.562616e+03 9.514318e+03
11.1 9.560789e+03 9.639308e+03 9.565814e+03 9.487294e+03
12.1 9.585514e+03 9.608484e+03 9.568132e+03 9.545162e+03
13.1 9.545118e+03 9.577622e+03 9.584621e+03 9.552117e+03
14.1 9.569421e+03 9.613676e+03 9.650633e+03 9.606377e+03
15.1 9.589952e+03 9.618645e+03 9.668531e+03 9.639838e+03
16.1 9.557001e+03 9.581214e+03 9.631125e+03 9.606912e+03
17.1 9.603183e+03 9.573240e+03 9.595022e+03 9.624965e+03
0.3 9.585514e+03 9.608484e+03 9.568132e+03 9.545162e+03
1.3 9.545118e+03 9.577622e+03 9.584621e+03 9.552117e+03
2.3 9.569421e+03 9.613676e+03 9.650633e+03 9.606377e+03
3.3 9.589952e+03 9.618645e+03 9.668531e+03 9.639838e+03
4.3 9.557001e+03 9.581214e+03 9.631125e+03 9.606912e+03
5.3 9.603183e+03 9.573240e+03 9.595022e+03 9.624965e+03
6.3 9.616024e+03 9.571355e+03 9.578524e+03 9.623193e+03
7.3 9.659871e+03 9.602719e+03 9.620891e+03 9.678042e+03
8.3 9.694392e+03 9.622012e+03 9.653367e+03 9.725748e+03
9.3 9.582503e+03 9.589153e+03 9.628459e+03 9.621808e+03
10.3 9.546931e+03 9.553299e+03 9.595640e+03 9.589271e+03
11.3 9.611802e+03 9.539415e+03 9.575529e+03 9.647916e+03
12.3 9.566280e+03 9.535048e+03 9.566809e+03 9.598041e+03
13.3 9.507603e+03 9.531146e+03 9.564437e+03 9.540894e+03
14.3 9.617796e+03 9.571390e+03 9.565611e+03 9.612016e+03
15.3 9.623259e+03 9.641553e+03 9.568108e+03 9.549814e+03
16.3 9.629338e+03 9.645684e+03 9.570573e+03 9.554228e+03
17.3 9.627674e+03 9.647458e+03 9.572328e+03 9.552544e+03
1.0 9.616024e+03 9.571355e+03 9.578524e+03 9.623193e+03
2.0 9.659871e+03 9.602719e+03 9.620891e+03 9.678042e+03
3.0 9.694392e+03 9.622012e+03 9.653367e+03 9.725748e+03
4.0 9.582503e+03 9.589153e+03 9.628459e+03 9.621808e+03
5.0 9.546931e+03 9.553299e+03 9.595640e+03 9.589271e+03
6.0 9.611802e+03 9.539415e+03 9.575529e+03 9.647916e+03
7.0 9.566280e+03 9.535048e+03 9.566809e+03 9.598041e+03
8.0 9.507603e+03 9.531146e+03 9.564437e+03 9.540894e+03
9.0 9.617796e+03 9.571390e+03 9.565611e+03 9.612016e+03
10.0 9.623259e+03 9.641553e+03 9.568108e+03 9.549814e+03
11.0 9.629338e+03 9.645684e+03 9.570573e+03 9.554228e+03
12.0 9.627674e+03 9.647458e+03 9.572328e+03 9.552544e+03
13.0 9.650091e+03 9.617926e+03 9.573434e+03 9.605598e+03
14.0 9.637223e+03 9.576374e+03 9.574098e+03 9.634947e+03
15.0 9.619050e+03 9.604137e+03 9.574501e+03 9.589414e+03
16.0 9.695192e+03 9.631804e+03 9.574786e+03 9.638174e+03
17.0 9.552828e+03 9.599718e+03 9.575014e+03 9.528123e+03
18.0 9.611479e+03 9.596813e+03 9.575209e+03 9.589875e+03
0.8 9.557121e+03 9.577683e+03 9.576685e+03 9.556124e+03
1.8 9.563074e+03 9.588076e+03 9.618638e+03 9.593636e+03
2.8 9.603650e+03 9.631625e+03 9.678517e+03 9.650542e+03
3.8 9.530662e+03 9.614562e+03 9.665505e+03 9.581606e+03
4.8 9.529175e+03 9.578355e+03 9.621390e+03 9.572210e+03
5.8 9.549376e+03 9.550660e+03 9.590209e+03 9.588924e+03
6.8 9.522682e+03 9.538433e+03 9.573984e+03 9.558233e+03
7.8 9.585610e+03 9.585898e+03 9.568003e+03 9.567714e+03
8.8 9.705277e+03 9.619705e+03 9.567632e+03 9.653204e+03
9.8 9.608020e+03 9.595276e+03 9.569956e+03 9.582701e+03
10.8 9.580790e+03 9.564617e+03 9.572720e+03 9.588893e+03
11.8 9.554327e+03 9.542334e+03 9.574958e+03 9.586951e+03
12.8 9.456996e+03 9.530065e+03 9.576367e+03 9.503297e+03
13.8 9.475475e+03 9.525338e+03 9.577175e+03 9.527312e+03
14.8 9.502951e+03 9.549255e+03 9.577622e+03 9.531318e+03
15.8 9.689510e+03 9.639788e+03 9.577873e+03 9.627595e+03
16.8 9.677512e+03 9.658102e+03 9.578041e+03 9.597451e+03
17.8 9.582814e+03 9.608176e+03 9.578183e+03 9.552821e+03
0.6 9.554970e+03 9.536009e+03 9.579301e+03 9.598263e+03
1.6 9.596002e+03 9.556514e+03 9.610040e+03 9.649529e+03
2.6 9.670344e+03 9.632341e+03 9.688763e+03 9.726767e+03
3.6 9.579375e+03 9.642010e+03 9.697446e+03 9.634811e+03
4.6 9.644932e+03 9.602632e+03 9.647766e+03 9.690066e+03
5.6 9.581985e+03 9.589407e+03 9.604660e+03 9.597238e+03
6.6 9.525819e+03 9.568691e+03 9.580349e+03 9.537477e+03
7.6 9.582195e+03 9.543212e+03 9.570291e+03 9.609274e+03
8.6 9.520837e+03 9.527773e+03 9.568197e+03 9.561261e+03
9.6 9.590221e+03 9.534934e+03 9.570262e+03 9.625549e+03
10.6 9.643118e+03 9.620115e+03 9.573481e+03 9.596484e+03
11.6 9.793975e+03 9.661997e+03 9.576321e+03 9.708300e+03
12.6 9.633493e+03 9.628569e+03 9.578158e+03 9.583083e+03
13.6 9.611448e+03 9.591835e+03 9.579204e+03 9.598817e+03
14.6 9.576040e+03 9.587068e+03 9.579756e+03 9.568729e+03
15.6 9.581184e+03 9.641470e+03 9.580042e+03 9.519756e+03
16.6 9.614263e+03 9.632161e+03 9.580216e+03 9.562319e+03
17.6 9.564447e+03 9.609800e+03 9.580332e+03 9.534979e+03
0.2 9.668524e+03 9.595218e+03 9.580741e+03 9.654047e+03
1.2 9.572902e+03 9.569012e+03 9.589148e+03 9.593038e+03
2.2 9.587741e+03 9.599901e+03 9.647449e+03 9.635289e+03
3.2 9.596320e+03 9.608721e+03 9.670065e+03 9.657664e+03
4.2 9.529233e+03 9.574670e+03 9.638352e+03 9.592914e+03
5.2 9.549059e+03 9.566119e+03 9.604751e+03 9.587691e+03
6.2 9.620025e+03 9.566534e+03 9.585019e+03 9.638510e+03
7.2 9.585787e+03 9.584792e+03 9.575858e+03 9.576853e+03
8.2 9.688790e+03 9.624242e+03 9.573410e+03 9.637957e+03
9.2 9.645847e+03 9.604815e+03 9.574475e+03 9.615506e+03
10.2 9.579701e+03 9.565445e+03 9.576772e+03 9.591028e+03
11.2 9.580122e+03 9.541940e+03 9.578941e+03 9.617123e+03
12.2 9.488693e+03 9.528256e+03 9.580505e+03 9.540941e+03
13.2 9.530803e+03 9.533681e+03 9.581421e+03 9.578542e+03
14.2 9.521724e+03 9.591511e+03 9.581944e+03 9.512157e+03
15.2 9.566390e+03 9.607459e+03 9.582242e+03 9.541174e+03
16.2 9.615648e+03 9.576977e+03 9.582444e+03 9.621114e+03
17.2 9.521802e+03 9.558177e+03 9.582608e+03 9.546234e+03
0.5 9.618417e+03 9.618216e+03 9.583669e+03 9.583870e+03
1.5 9.666731e+03 9.610101e+03 9.607662e+03 9.664292e+03
2.5 9.652433e+03 9.631782e+03 9.667838e+03 9.688489e+03
3.5 9.673047e+03 9.610259e+03 9.669073e+03 9.731860e+03
4.5 9.546918e+03 9.563441e+03 9.631221e+03 9.614698e+03
5.5 9.537402e+03 9.543688e+03 9.600943e+03 9.594657e+03
6.5 9.535443e+03 9.556015e+03 9.584439e+03 9.563867e+03
7.5 9.474766e+03 9.549582e+03 9.577876e+03 9.503061e+03
8.5 9.463288e+03 9.534335e+03 9.576854e+03 9.505806e+03
9.5 9.483578e+03 9.539155e+03 9.578690e+03 9.523112e+03
10.5 9.651897e+03 9.594360e+03 9.581244e+03 9.638781e+03
11.5 9.620167e+03 9.607462e+03 9.583471e+03 9.596176e+03
12.5 9.590332e+03 9.611902e+03 9.584972e+03 9.563403e+03
13.5 9.625055e+03 9.616155e+03 9.585921e+03 9.594821e+03
14.5 9.556031e+03 9.624231e+03 9.586535e+03 9.518335e+03
15.5 9.643919e+03 9.668988e+03 9.586968e+03 9.561900e+03
16.5 9.609435e+03 9.640698e+03 9.587331e+03 9.556068e+03
17.5 9.580489e+03 9.595685e+03 9.587670e+03 9.572474e+03
