0.4 1.005809e+04 9.563014e+03 9.670684e+03 1.016576e+04
1.4 9.800751e+03 9.619235e+03 9.730874e+03 9.912390e+03
2.4 9.989327e+03 9.789726e+03 9.905126e+03 1.010473e+04
3.4 9.918863e+03 9.801036e+03 9.920111e+03 1.003794e+04
4.4 9.606921e+03 9.694808e+03 9.817440e+03 9.729553e+03
5.4 9.518438e+03 9.643892e+03 9.727977e+03 9.602523e+03
6.4 9.662283e+03 9.702708e+03 9.681236e+03 9.640812e+03
7.4 9.336256e+03 9.712070e+03 9.661910e+03 9.286097e+03
8.4 9.617680e+03 9.846175e+03 9.658841e+03 9.430346e+03
9.4 9.913604e+03 9.875392e+03 9.664156e+03 9.702369e+03
10.4 1.001244e+04 9.775004e+03 9.671895e+03 9.909334e+03
11.4 9.631521e+03 9.689849e+03 9.678407e+03 9.620079e+03
12.4 9.670667e+03 9.700758e+03 9.682918e+03 9.652827e+03
13.4 9.566249e+03 9.817822e+03 9.685762e+03 9.434189e+03
14.4 9.774280e+03 9.780037e+03 9.687461e+03 9.681703e+03
15.4 9.584634e+03 9.775489e+03 9.688575e+03 9.497720e+03
16.4 9.389197e+03 9.730244e+03 9.689406e+03 9.348359e+03
17.4 9.322437e+03 9.634849e+03 9.690105e+03 9.377692e+03
0.1 9.834303e+03 9.694401e+03 9.686725e+03 9.826627e+03
1.1 9.670568e+03 9.612268e+03 9.703323e+03 9.761623e+03
2.1 9.968660e+03 9.695453e+03 9.867730e+03 1.014094e+04
3.1 9.867814e+03 9.750631e+03 9.963445e+03 1.008063e+04
4.1 9.825579e+03 9.709313e+03 9.879887e+03 9.996153e+03
5.1 9.787433e+03 9.706397e+03 9.767954e+03 9.848990e+03
6.1 9.649803e+03 9.631888e+03 9.700412e+03 9.718327e+03
7.1 9.692938e+03 9.614789e+03 9.667516e+03 9.745664e+03
8.1 9.708595e+03 9.740187e+03 9.656951e+03 9.625358e+03
9.1 9.783714e+03 9.718105e+03 9.658143e+03 9.723752e+03
10.1 9.359068e+03 9.634893e+03 9.664166e+03 9.388342e+03
11.1 9.618769e+03 9.713848e+03 9.670021e+03 9.574941e+03
12.1 9.622790e+03 9.730902e+03 9.674083e+03 9.565971e+03
13.1 9.795622e+03 9.831126e+03 9.676067e+03 9.640563e+03
14.1 9.983918e+03 9.884456e+03 9.676712e+03 9.776174e+03
15.1 9.909274e+03 9.743975e+03 9.676619e+03 9.841919e+03
16.1 1.007287e+04 9.690350e+03 9.676149e+03 1.005867e+04
17.1 9.753496e+03 9.675581e+03 9.675521e+03 9.753436e+03
0.7 9.732350e+03 9.726050e+03 9.669184e+03 9.675483e+03
1.7 9.604391e+03 9.727553e+03 9.766958e+03 9.643795e+03
2.7 9.484343e+03 9.831766e+03 9.974732e+03 9.627309e+03
3.7 9.680137e+03 9.788453e+03 9.966898e+03 9.858581e+03
4.7 9.758194e+03 9.744857e+03 9.828821e+03 9.842159e+03
5.7 9.729813e+03 9.665092e+03 9.720041e+03 9.784763e+03
6.7 9.414738e+03 9.553404e+03 9.661386e+03 9.522719e+03
7.7 9.423957e+03 9.500189e+03 9.636293e+03 9.560061e+03
8.7 9.459817e+03 9.668548e+03 9.631795e+03 9.423065e+03
9.7 9.795284e+03 9.814217e+03 9.637228e+03 9.618295e+03
10.7 9.843244e+03 9.723802e+03 9.644969e+03 9.764411e+03
11.7 9.680975e+03 9.600802e+03 9.651260e+03 9.731433e+03
12.7 1.004310e+04 9.635202e+03 9.655181e+03 1.006308e+04
13.7 9.727655e+03 9.646754e+03 9.664518e+03 9.745419e+03
14.7 9.708252e+03 9.716832e+03 9.813672e+03 9.805092e+03
15.7 9.854238e+03 9.831160e+03 9.992041e+03 1.001512e+04
16.7 9.738317e+03 9.822287e+03 9.939638e+03 9.855668e+03
17.7 9.815337e+03 9.911954e+03 9.796768e+03 9.700151e+03
0.9 9.727655e+03 9.646754e+03 9.664518e+03 9.745419e+03
1.9 9.708252e+03 9.716832e+03 9.813672e+03 9.805092e+03
2.9 9.854238e+03 9.831160e+03 9.992041e+03 1.001512e+04
3.9 9.738317e+03 9.822287e+03 9.939638e+03 9.855668e+03
4.9 9.815337e+03 9.911954e+03 9.796768e+03 9.700151e+03
5.9 9.831984e+03 9.821914e+03 9.697426e+03 9.707497e+03
6.9 9.585634e+03 9.678083e+03 9.645762e+03 9.553312e+03
7.9 9.662212e+03 9.747069e+03 9.626611e+03 9.541754e+03
8.9 9.736227e+03 9.741875e+03 9.625178e+03 9.619530e+03
9.9 9.714556e+03 9.629596e+03 9.632106e+03 9.717065e+03
10.9 9.716257e+03 9.680572e+03 9.640229e+03 9.675914e+03
11.9 9.753267e+03 9.709830e+03 9.646572e+03 9.690009e+03
12.9 9.746291e+03 9.766813e+03 9.650260e+03 9.629738e+03
13.9 9.869602e+03 9.783361e+03 9.652110e+03 9.738350e+03
14.9 9.626178e+03 9.660003e+03 9.652908e+03 9.619082e+03
15.9 9.559137e+03 9.547843e+03 9.653164e+03 9.664457e+03
16.9 9.719531e+03 9.594898e+03 9.653210e+03 9.777843e+03
17.9 9.752467e+03 9.633332e+03 9.653161e+03 9.772295e+03
0.8 9.499949e+03 9.578007e+03 9.656732e+03 9.578674e+03
1.8 9.627085e+03 9.638407e+03 9.780630e+03 9.769308e+03
2.8 9.795136e+03 9.808906e+03 9.982629e+03 9.968859e+03
3.8 9.633505e+03 9.829364e+03 9.955878e+03 9.760019e+03
4.8 9.852307e+03 9.926917e+03 9.814631e+03 9.740020e+03
5.8 9.955189e+03 9.856906e+03 9.706013e+03 9.804296e+03
6.8 9.865013e+03 9.684488e+03 9.666845e+03 9.847370e+03
7.8 9.672008e+03 9.720044e+03 9.817389e+03 9.769353e+03
8.8 1.002720e+04 9.775636e+03 9.936775e+03 1.018834e+04
9.8 9.425037e+03 9.676042e+03 9.856343e+03 9.605339e+03
10.8 9.831052e+03 9.740987e+03 9.741172e+03 9.831237e+03
11.8 9.792312e+03 9.832309e+03 9.668170e+03 9.628173e+03
12.8 9.593822e+03 9.719237e+03 9.635486e+03 9.510072e+03
13.8 9.507780e+03 9.699919e+03 9.625633e+03 9.433494e+03
14.8 9.660893e+03 9.799464e+03 9.628787e+03 9.490216e+03
15.8 9.523485e+03 9.754003e+03 9.636919e+03 9.406402e+03
16.8 9.531572e+03 9.743199e+03 9.645188e+03 9.433561e+03
17.8 9.667951e+03 9.678155e+03 9.651081e+03 9.640877e+03
0.1 9.955189e+03 9.856906e+03 9.706013e+03 9.804296e+03
1.1 9.865013e+03 9.684488e+03 9.666845e+03 9.847370e+03
2.1 9.672008e+03 9.720044e+03 9.817389e+03 9.769353e+03
3.1 1.002720e+04 9.775636e+03 9.936775e+03 1.018834e+04
4.1 9.425037e+03 9.676042e+03 9.856343e+03 9.605339e+03
5.1 9.831052e+03 9.740987e+03 9.741172e+03 9.831237e+03
6.1 9.792312e+03 9.832309e+03 9.668170e+03 9.628173e+03
7.1 9.593822e+03 9.719237e+03 9.635486e+03 9.510072e+03
8.1 9.507780e+03 9.699919e+03 9.625633e+03 9.433494e+03
9.1 9.660893e+03 9.799464e+03 9.628787e+03 9.490216e+03
10.1 9.523485e+03 9.754003e+03 9.636919e+03 9.406402e+03
11.1 9.531572e+03 9.743199e+03 9.645188e+03 9.433561e+03
12.1 9.667951e+03 9.678155e+03 9.651081e+03 9.640877e+03
13.1 9.657618e+03 9.585728e+03 9.671943e+03 9.743834e+03
14.1 9.621155e+03 9.674169e+03 9.834143e+03 9.781130e+03
15.1 9.936328e+03 9.746121e+03 9.936791e+03 1.012700e+04
16.1 9.616156e+03 9.714008e+03 9.854329e+03 9.756477e+03
17.1 9.911672e+03 9.713078e+03 9.745901e+03 9.944495e+03
0.1 9.667951e+03 9.678155e+03 9.651081e+03 9.640877e+03
1.1 9.657618e+03 9.585728e+03 9.671943e+03 9.743834e+03
2.1 9.621155e+03 9.674169e+03 9.834143e+03 9.781130e+03
3.1 9.936328e+03 9.746121e+03 9.936791e+03 1.012700e+04
4.1 9.616156e+03 9.714008e+03 9.854329e+03 9.756477e+03
5.1 9.911672e+03 9.713078e+03 9.745901e+03 9.944495e+03
6.1 9.739413e+03 9.635890e+03 9.677316e+03 9.780839e+03
7.1 9.478613e+03 9.545530e+03 9.646071e+03 9.579155e+03
8.1 9.316041e+03 9.492454e+03 9.636270e+03 9.459857e+03
9.1 9.393618e+03 9.527299e+03 9.638564e+03 9.504883e+03
10.1 9.769125e+03 9.729034e+03 9.645586e+03 9.685678e+03
11.1 9.926660e+03 9.772613e+03 9.652797e+03 9.806844e+03
12.1 9.680067e+03 9.662814e+03 9.657950e+03 9.675204e+03
13.1 9.500790e+03 9.611137e+03 9.661154e+03 9.550807e+03
14.1 9.537325e+03 9.719125e+03 9.663020e+03 9.481220e+03
15.1 9.710243e+03 9.725554e+03 9.689350e+03 9.674039e+03
16.1 9.700460e+03 9.788096e+03 9.856233e+03 9.768597e+03
17.1 9.780389e+03 9.776908e+03 9.918432e+03 9.921912e+03
0.2 9.537325e+03 9.719125e+03 9.663020e+03 9.481220e+03
1.2 9.710243e+03 9.725554e+03 9.689350e+03 9.674039e+03
2.2 9.700460e+03 9.788096e+03 9.856233e+03 9.768597e+03
3.2 9.780389e+03 9.776908e+03 9.918432e+03 9.921912e+03
4.2 9.794612e+03 9.721584e+03 9.830325e+03 9.903353e+03
5.2 9.863044e+03 9.705930e+03 9.732357e+03 9.889470e+03
6.2 9.648107e+03 9.622746e+03 9.676584e+03 9.701946e+03
7.2 9.822604e+03 9.626463e+03 9.650766e+03 9.846907e+03
8.2 1.001560e+04 9.816818e+03 9.643938e+03 9.842715e+03
9.2 9.853934e+03 9.827750e+03 9.646871e+03 9.673055e+03
10.2 1.001816e+04 9.725853e+03 9.653470e+03 9.945773e+03
11.2 9.783222e+03 9.766671e+03 9.659494e+03 9.676044e+03
12.2 9.728480e+03 9.713861e+03 9.663752e+03 9.678371e+03
13.2 9.889206e+03 9.594125e+03 9.666138e+03 9.961219e+03
14.2 9.498348e+03 9.511060e+03 9.667366e+03 9.654653e+03
15.2 9.672082e+03 9.503537e+03 9.667978e+03 9.836524e+03
16.2 9.810929e+03 9.690720e+03 9.668245e+03 9.788453e+03
17.2 1.028887e+04 9.786984e+03 9.668331e+03 1.017022e+04
0.7 9.962853e+03 9.729027e+03 9.666576e+03 9.900402e+03
1.7 9.763268e+03 9.743204e+03 9.771429e+03 9.791493e+03
2.7 9.941468e+03 9.808087e+03 9.932336e+03 1.006572e+04
3.7 9.859598e+03 9.721275e+03 9.898344e+03 1.003667e+04
4.7 9.608908e+03 9.632645e+03 9.783962e+03 9.760225e+03
5.7 9.690228e+03 9.654549e+03 9.700249e+03 9.735928e+03
6.7 9.548089e+03 9.609479e+03 9.656186e+03 9.594795e+03
7.7 9.395354e+03 9.568928e+03 9.674876e+03 9.501302e+03
8.7 9.486099e+03 9.692479e+03 9.844488e+03 9.638107e+03
9.7 9.598625e+03 9.716844e+03 9.891457e+03 9.773238e+03
10.7 9.747554e+03 9.620080e+03 9.803420e+03 9.930893e+03
11.7 9.454136e+03 9.588226e+03 9.714044e+03 9.579954e+03
12.7 9.730135e+03 9.781152e+03 9.664894e+03 9.613877e+03
13.7 9.875022e+03 9.813520e+03 9.661859e+03 9.723361e+03
14.7 9.935761e+03 9.835080e+03 9.817639e+03 9.918320e+03
15.7 9.713656e+03 9.812199e+03 9.912650e+03 9.814107e+03
16.7 9.756124e+03 9.792454e+03 9.834200e+03 9.797870e+03
17.7 9.830095e+03 9.877223e+03 9.734969e+03 9.687841e+03
0.3 9.548089e+03 9.609479e+03 9.656186e+03 9.594795e+03
1.3 9.395354e+03 9.568928e+03 9.674876e+03 9.501302e+03
2.3 9.486099e+03 9.692479e+03 9.844488e+03 9.638107e+03
3.3 9.598625e+03 9.716844e+03 9.891457e+03 9.773238e+03
4.3 9.747554e+03 9.620080e+03 9.803420e+03 9.930893e+03
5.3 9.454136e+03 9.588226e+03 9.714044e+03 9.579954e+03
6.3 9.730135e+03 9.781152e+03 9.664894e+03 9.613877e+03
7.3 9.875022e+03 9.813520e+03 9.661859e+03 9.723361e+03
8.3 9.935761e+03 9.835080e+03 9.817639e+03 9.918320e+03
9.3 9.713656e+03 9.812199e+03 9.912650e+03 9.814107e+03
10.3 9.756124e+03 9.792454e+03 9.834200e+03 9.797870e+03
11.3 9.830095e+03 9.877223e+03 9.734969e+03 9.687841e+03
12.3 1.001745e+04 9.836181e+03 9.673476e+03 9.854745e+03
13.3 9.893233e+03 9.849843e+03 9.646001e+03 9.689392e+03
14.3 9.995381e+03 9.749589e+03 9.637978e+03 9.883770e+03
15.3 9.608156e+03 9.591436e+03 9.640933e+03 9.657654e+03
16.3 9.504162e+03 9.560111e+03 9.648058e+03 9.592109e+03
17.3 9.630749e+03 9.674677e+03 9.655221e+03 9.611292e+03
0.1 9.730135e+03 9.781152e+03 9.664894e+03 9.613877e+03
1.1 9.875022e+03 9.813520e+03 9.661859e+03 9.723361e+03
2.1 9.935761e+03 9.835080e+03 9.817639e+03 9.918320e+03
3.1 9.713656e+03 9.812199e+03 9.912650e+03 9.814107e+03
4.1 9.756124e+03 9.792454e+03 9.834200e+03 9.797870e+03
5.1 9.830095e+03 9.877223e+03 9.734969e+03 9.687841e+03
6.1 1.001745e+04 9.836181e+03 9.673476e+03 9.854745e+03
7.1 9.893233e+03 9.849843e+03 9.646001e+03 9.689392e+03
8.1 9.995381e+03 9.749589e+03 9.637978e+03 9.883770e+03
9.1 9.608156e+03 9.591436e+03 9.640933e+03 9.657654e+03
10.1 9.504162e+03 9.560111e+03 9.648058e+03 9.592109e+03
11.1 9.630749e+03 9.674677e+03 9.655221e+03 9.611292e+03
12.1 9.523767e+03 9.650480e+03 9.660399e+03 9.533686e+03
13.1 9.359022e+03 9.560099e+03 9.663784e+03 9.462707e+03
14.1 9.323777e+03 9.538534e+03 9.707387e+03 9.492630e+03
15.1 9.724757e+03 9.680801e+03 9.877923e+03 9.921879e+03
16.1 9.728199e+03 9.714553e+03 9.914309e+03 9.927954e+03
17.1 9.751090e+03 9.800019e+03 9.818137e+03 9.769208e+03
0.3 9.359022e+03 9.560099e+03 9.663784e+03 9.462707e+03
1.3 9.323777e+03 9.538534e+03 9.707387e+03 9.492630e+03
2.3 9.724757e+03 9.680801e+03 9.877923e+03 9.921879e+03
3.3 9.728199e+03 9.714553e+03 9.914309e+03 9.927954e+03
4.3 9.751090e+03 9.800019e+03 9.818137e+03 9.769208e+03
5.3 9.846426e+03 9.881526e+03 9.728080e+03 9.692980e+03
6.3 9.811439e+03 9.847152e+03 9.676898e+03 9.641185e+03
7.3 9.853271e+03 9.874556e+03 9.655871e+03 9.634586e+03
8.3 9.795854e+03 9.764308e+03 9.651857e+03 9.683404e+03
9.3 9.742907e+03 9.656194e+03 9.656992e+03 9.743705e+03
10.3 9.634345e+03 9.583368e+03 9.665016e+03 9.715992e+03
11.3 9.612182e+03 9.662248e+03 9.672550e+03 9.622484e+03
12.3 9.804548e+03 9.760713e+03 9.678155e+03 9.721989e+03
13.3 9.851697e+03 9.734475e+03 9.682233e+03 9.799455e+03
14.3 9.933424e+03 9.783818e+03 9.685281e+03 9.834888e+03
15.3 9.973268e+03 9.721410e+03 9.687865e+03 9.939722e+03
16.3 9.527096e+03 9.593898e+03 9.690286e+03 9.623484e+03
