0.8 7.333659e+03 7.371447e+03 7.366751e+03 7.328964e+03
1.8 7.394941e+03 7.372502e+03 7.366791e+03 7.389230e+03
2.8 7.366785e+03 7.372728e+03 7.366886e+03 7.360943e+03
3.8 7.371442e+03 7.372609e+03 7.366969e+03 7.365803e+03
4.8 7.383509e+03 7.372450e+03 7.367009e+03 7.378068e+03
5.8 7.419265e+03 7.372387e+03 7.367019e+03 7.413897e+03
6.8 7.389232e+03 7.372449e+03 7.367015e+03 7.383798e+03
7.8 7.358020e+03 7.372618e+03 7.367004e+03 7.352406e+03
8.8 7.383677e+03 7.372847e+03 7.366993e+03 7.377823e+03
9.8 7.391425e+03 7.373107e+03 7.366984e+03 7.385302e+03
10.8 7.356962e+03 7.373377e+03 7.366977e+03 7.350562e+03
11.8 7.338405e+03 7.373644e+03 7.366972e+03 7.331733e+03
12.8 7.333699e+03 7.373901e+03 7.366969e+03 7.326766e+03
13.8 7.345098e+03 7.374149e+03 7.366966e+03 7.337915e+03
14.8 7.358899e+03 7.374387e+03 7.366963e+03 7.351475e+03
15.8 7.354305e+03 7.374615e+03 7.366960e+03 7.346651e+03
16.8 7.345029e+03 7.374835e+03 7.366958e+03 7.337152e+03
17.8 7.362435e+03 7.375049e+03 7.366946e+03 7.354332e+03
18.8 7.359725e+03 7.375208e+03 7.366872e+03 7.351389e+03
19.8 7.411681e+03 7.375342e+03 7.366770e+03 7.403109e+03
20.8 7.372225e+03 7.375504e+03 7.366701e+03 7.363422e+03
21.8 7.371311e+03 7.375696e+03 7.366669e+03 7.362284e+03
