0.8 1.079479e+03 1.041257e+03 1.043711e+03 1.081934e+03
1.8 1.032606e+03 1.041545e+03 1.044412e+03 1.035473e+03
2.8 1.089333e+03 1.043252e+03 1.046093e+03 1.092175e+03
3.8 1.033707e+03 1.044918e+03 1.047570e+03 1.036358e+03
4.8 1.042480e+03 1.045813e+03 1.048278e+03 1.044945e+03
5.8 1.018796e+03 1.046122e+03 1.048465e+03 1.021139e+03
6.8 1.058000e+03 1.046088e+03 1.048380e+03 1.060293e+03
7.8 1.023904e+03 1.045893e+03 1.048193e+03 1.026204e+03
8.8 1.029634e+03 1.045654e+03 1.047993e+03 1.031973e+03
9.8 1.051181e+03 1.045437e+03 1.047832e+03 1.053576e+03
10.8 1.070875e+03 1.045259e+03 1.047715e+03 1.073330e+03
11.8 1.106429e+03 1.045113e+03 1.047630e+03 1.108946e+03
12.8 1.055204e+03 1.044992e+03 1.047567e+03 1.057779e+03
13.8 1.057587e+03 1.044884e+03 1.047515e+03 1.060218e+03
14.8 1.033769e+03 1.044784e+03 1.047467e+03 1.036453e+03
15.8 1.053914e+03 1.044687e+03 1.047420e+03 1.056646e+03
16.8 1.054635e+03 1.044593e+03 1.047374e+03 1.057416e+03
17.8 1.033653e+03 1.044332e+03 1.047165e+03 1.036486e+03
18.8 1.039499e+03 1.042953e+03 1.045843e+03 1.042389e+03
19.8 1.038212e+03 1.041091e+03 1.044041e+03 1.041162e+03
20.8 1.045767e+03 1.039803e+03 1.042813e+03 1.048777e+03
21.8 1.034025e+03 1.039186e+03 1.042255e+03 1.037094e+03
