0.9 9.816693e+02 9.832702e+02 1.175121e+03 1.173520e+03
1.9 1.084877e+03 1.002246e+03 1.197367e+03 1.279998e+03
2.9 1.053277e+03 1.049718e+03 1.239554e+03 1.243112e+03
3.9 1.074736e+03 1.091889e+03 1.273298e+03 1.256146e+03
4.9 1.047005e+03 1.115718e+03 1.288858e+03 1.220145e+03
5.9 1.069710e+03 1.126708e+03 1.292935e+03 1.235937e+03
6.9 9.699886e+02 1.130435e+03 1.291237e+03 1.130791e+03
7.9 1.190849e+03 1.130905e+03 1.287527e+03 1.347471e+03
8.9 1.137857e+03 1.130613e+03 1.283774e+03 1.291019e+03
9.9 1.224849e+03 1.130940e+03 1.281062e+03 1.374971e+03
10.9 1.096040e+03 1.132091e+03 1.279388e+03 1.243337e+03
11.9 1.166971e+03 1.133886e+03 1.278480e+03 1.311565e+03
12.9 1.093091e+03 1.136096e+03 1.278068e+03 1.235063e+03
13.9 1.085432e+03 1.138483e+03 1.277899e+03 1.224847e+03
14.9 9.564919e+02 1.140931e+03 1.277851e+03 1.093412e+03
15.9 1.238428e+03 1.143373e+03 1.277854e+03 1.372909e+03
16.9 1.002837e+03 1.145777e+03 1.277875e+03 1.134935e+03
17.9 1.300816e+03 1.141789e+03 1.271560e+03 1.430588e+03
18.9 1.151115e+03 1.109536e+03 1.237038e+03 1.278617e+03
19.9 1.054644e+03 1.070707e+03 1.195995e+03 1.179932e+03
20.9 9.365524e+02 1.047310e+03 1.170440e+03 1.059683e+03
21.9 1.287033e+03 1.039184e+03 1.160212e+03 1.408062e+03
22.9 1.134937e+03 1.040211e+03 1.159170e+03 1.253895e+03
23.9 1.158012e+03 1.059113e+03 1.162159e+03 1.261058e+03
24.9 9.854335e+02 1.127444e+03 1.166101e+03 1.024091e+03
25.9 1.101578e+03 1.204755e+03 1.169518e+03 1.066341e+03
26.9 1.434627e+03 1.253529e+03 1.171943e+03 1.353042e+03
27.9 1.273631e+03 1.273195e+03 1.173364e+03 1.173801e+03
28.9 1.328084e+03 1.277117e+03 1.174167e+03 1.225134e+03
29.9 1.250412e+03 1.273962e+03 1.174602e+03 1.151052e+03
30.9 1.041555e+03 1.269033e+03 1.174872e+03 9.473943e+02
31.9 1.177098e+03 1.264891e+03 1.175075e+03 1.087283e+03
32.9 1.135871e+03 1.262698e+03 1.175255e+03 1.048428e+03
33.9 1.054566e+03 1.262057e+03 1.175431e+03 9.679401e+02
