4.390628e+03 4.346028e+03 4.400755e+03 4.335902e+03
4.417278e+03 4.346176e+03 4.400489e+03 4.362965e+03
4.397204e+03 4.346354e+03 4.400157e+03 4.343402e+03
4.444708e+03 4.349938e+03 4.393011e+03 4.401634e+03
4.416460e+03 4.361659e+03 4.369588e+03 4.408531e+03
4.293463e+03 4.373829e+03 4.345268e+03 4.322024e+03
4.299735e+03 4.380531e+03 4.331881e+03 4.348384e+03
4.332310e+03 4.383006e+03 4.326949e+03 4.388368e+03
4.312801e+03 4.383118e+03 4.326741e+03 4.369177e+03
4.344485e+03 4.382278e+03 4.328435e+03 4.398328e+03
4.258373e+03 4.381235e+03 4.330538e+03 4.309071e+03
4.302706e+03 4.380440e+03 4.332145e+03 4.351001e+03
4.301228e+03 4.379954e+03 4.333135e+03 4.348046e+03
4.326952e+03 4.379754e+03 4.333555e+03 4.373151e+03
4.276283e+03 4.379725e+03 4.333630e+03 4.322378e+03
4.334366e+03 4.379789e+03 4.333522e+03 4.380633e+03
4.305575e+03 4.379900e+03 4.333321e+03 4.352153e+03
4.283525e+03 4.380029e+03 4.333084e+03 4.330470e+03
4.313836e+03 4.380166e+03 4.332831e+03 4.361171e+03
4.290174e+03 4.379834e+03 4.333516e+03 4.336492e+03
4.239895e+03 4.372746e+03 4.347712e+03 4.264929e+03
4.348483e+03 4.360045e+03 4.373138e+03 4.335390e+03
4.309210e+03 4.350218e+03 4.392813e+03 4.266615e+03
4.445408e+03 4.345856e+03 4.401561e+03 4.389703e+03
4.461694e+03 4.344872e+03 4.403553e+03 4.403014e+03
4.416476e+03 4.345571e+03 4.402244e+03 4.359803e+03
4.422315e+03 4.346839e+03 4.400462e+03 4.368692e+03
4.412360e+03 4.348101e+03 4.399222e+03 4.361239e+03
4.375449e+03 4.349044e+03 4.398259e+03 4.326234e+03
4.366007e+03 4.349678e+03 4.397428e+03 4.318257e+03
4.397914e+03 4.350088e+03 4.396733e+03 4.351268e+03
4.372101e+03 4.350353e+03 4.396172e+03 4.326282e+03
4.373658e+03 4.350550e+03 4.395693e+03 4.328515e+03
4.419611e+03 4.350714e+03 4.395288e+03 4.375038e+03
4.371609e+03 4.350866e+03 4.394935e+03 4.327540e+03
4.391200e+03 4.351013e+03 4.394619e+03 4.347594e+03
4.397295e+03 4.351158e+03 4.394329e+03 4.354124e+03
4.402647e+03 4.351303e+03 4.394053e+03 4.359898e+03
4.372263e+03 4.351448e+03 4.393781e+03 4.329929e+03
4.427720e+03 4.351592e+03 4.393512e+03 4.385800e+03
4.413110e+03 4.351737e+03 4.393243e+03 4.371604e+03
4.432626e+03 4.351882e+03 4.392973e+03 4.391535e+03
4.423666e+03 4.352027e+03 4.392444e+03 4.383249e+03
4.413414e+03 4.352172e+03 4.391123e+03 4.374463e+03
4.425393e+03 4.352317e+03 4.389690e+03 4.388019e+03
4.437930e+03 4.352482e+03 4.388678e+03 4.401734e+03
4.370486e+03 4.355690e+03 4.382024e+03 4.344152e+03
4.358180e+03 4.367469e+03 4.358467e+03 4.367181e+03
4.355193e+03 4.379501e+03 4.334505e+03 4.400189e+03
4.372210e+03 4.386468e+03 4.320696e+03 4.437982e+03
4.353886e+03 4.389112e+03 4.315516e+03 4.427482e+03
4.317717e+03 4.389303e+03 4.315205e+03 4.391816e+03
4.331933e+03 4.388465e+03 4.316929e+03 4.403469e+03
4.378773e+03 4.387451e+03 4.318984e+03 4.447241e+03
4.350207e+03 4.386645e+03 4.320613e+03 4.416239e+03
4.348800e+03 4.386147e+03 4.321620e+03 4.413327e+03
4.344349e+03 4.385940e+03 4.322043e+03 4.408246e+03
4.347117e+03 4.385906e+03 4.322117e+03 4.410906e+03
4.342251e+03 4.385974e+03 4.321988e+03 4.406237e+03
4.336659e+03 4.386086e+03 4.321766e+03 4.400979e+03
4.363266e+03 4.386219e+03 4.321505e+03 4.427979e+03
4.361298e+03 4.386359e+03 4.321228e+03 4.426429e+03
4.366716e+03 4.386083e+03 4.321779e+03 4.431021e+03
4.366697e+03 4.379518e+03 4.334911e+03 4.411304e+03
4.382242e+03 4.366866e+03 4.360212e+03 4.388896e+03
4.376043e+03 4.356773e+03 4.380397e+03 4.352419e+03
4.396911e+03 4.352188e+03 4.389563e+03 4.359536e+03
4.365549e+03 4.351261e+03 4.391414e+03 4.325396e+03
4.375590e+03 4.354360e+03 4.385211e+03 4.344739e+03
4.363181e+03 4.360005e+03 4.373913e+03 4.349274e+03
4.364434e+03 4.364683e+03 4.364550e+03 4.364567e+03
4.378365e+03 4.367180e+03 4.359547e+03 4.385998e+03
4.376604e+03 4.368220e+03 4.357459e+03 4.387365e+03
4.380091e+03 4.368435e+03 4.357017e+03 4.391509e+03
4.355737e+03 4.368316e+03 4.357242e+03 4.366812e+03
4.356756e+03 4.368129e+03 4.357604e+03 4.367281e+03
4.360839e+03 4.368015e+03 4.357817e+03 4.371036e+03
4.354621e+03 4.367990e+03 4.357851e+03 4.364760e+03
4.368006e+03 4.368043e+03 4.357729e+03 4.378320e+03
4.360198e+03 4.368139e+03 4.357520e+03 4.370817e+03
4.331697e+03 4.368257e+03 4.357265e+03 4.342689e+03
4.354523e+03 4.368385e+03 4.356988e+03 4.365921e+03
4.360313e+03 4.368517e+03 4.356702e+03 4.372127e+03
4.367554e+03 4.368649e+03 4.356417e+03 4.379786e+03
4.343743e+03 4.368022e+03 4.357646e+03 4.354119e+03
4.361894e+03 4.364452e+03 4.364761e+03 4.361585e+03
4.354276e+03 4.360377e+03 4.372886e+03 4.341768e+03
4.355344e+03 4.357907e+03 4.377799e+03 4.335452e+03
4.364549e+03 4.357073e+03 4.379434e+03 4.342188e+03
4.383372e+03 4.356836e+03 4.378761e+03 4.361446e+03
4.393487e+03 4.356104e+03 4.375513e+03 4.374078e+03
4.379765e+03 4.355382e+03 4.371940e+03 4.363207e+03
4.399811e+03 4.355109e+03 4.369480e+03 4.385439e+03
4.371437e+03 4.355196e+03 4.368217e+03 4.358416e+03
4.383838e+03 4.355437e+03 4.367649e+03 4.371626e+03
4.388475e+03 4.355725e+03 4.367432e+03 4.376767e+03
4.383165e+03 4.355995e+03 4.367334e+03 4.371825e+03
4.348511e+03 4.356230e+03 4.367236e+03 4.337505e+03
4.364063e+03 4.356419e+03 4.367082e+03 4.353400e+03
4.346475e+03 4.356576e+03 4.366879e+03 4.336172e+03
4.337833e+03 4.356712e+03 4.366643e+03 4.327903e+03
4.329563e+03 4.356836e+03 4.366387e+03 4.320012e+03
4.349031e+03 4.356954e+03 4.366124e+03 4.339860e+03
4.323811e+03 4.357068e+03 4.365858e+03 4.315021e+03
4.375993e+03 4.357179e+03 4.365592e+03 4.367581e+03
4.372997e+03 4.357323e+03 4.365394e+03 4.364927e+03
4.369760e+03 4.358077e+03 4.366421e+03 4.361416e+03
4.360470e+03 4.359531e+03 4.368852e+03 4.351149e+03
4.379735e+03 4.360689e+03 4.370697e+03 4.369727e+03
4.374020e+03 4.361306e+03 4.371533e+03 4.363793e+03
4.371168e+03 4.361551e+03 4.372840e+03 4.359879e+03
4.377394e+03 4.361606e+03 4.374912e+03 4.364088e+03
4.373944e+03 4.361590e+03 4.376362e+03 4.359171e+03
4.352601e+03 4.361574e+03 4.376778e+03 4.337397e+03
4.389680e+03 4.361585e+03 4.376595e+03 4.374670e+03
4.389601e+03 4.361626e+03 4.376147e+03 4.375080e+03
4.409425e+03 4.361692e+03 4.375638e+03 4.395480e+03
4.407155e+03 4.361771e+03 4.375158e+03 4.393768e+03
4.377545e+03 4.361856e+03 4.374755e+03 4.364647e+03
4.378224e+03 4.361944e+03 4.374421e+03 4.365747e+03
4.368743e+03 4.362031e+03 4.374135e+03 4.356639e+03
4.365612e+03 4.362117e+03 4.373882e+03 4.353848e+03
4.350357e+03 4.362202e+03 4.373644e+03 4.338914e+03
4.377988e+03 4.362285e+03 4.373417e+03 4.366856e+03
4.364338e+03 4.362366e+03 4.373194e+03 4.353510e+03
4.364056e+03 4.362446e+03 4.372975e+03 4.353528e+03
4.349125e+03 4.362524e+03 4.372396e+03 4.339253e+03
4.384328e+03 4.362601e+03 4.370204e+03 4.376725e+03
4.343800e+03 4.362676e+03 4.367641e+03 4.338834e+03
4.357707e+03 4.362749e+03 4.365968e+03 4.354488e+03
4.337299e+03 4.362821e+03 4.365174e+03 4.334946e+03
4.359396e+03 4.362891e+03 4.364910e+03 4.357377e+03
4.363104e+03 4.363295e+03 4.365549e+03 4.360850e+03
4.363046e+03 4.364866e+03 4.368583e+03 4.359328e+03
4.362401e+03 4.366665e+03 4.372050e+03 4.357017e+03
4.415340e+03 4.367801e+03 4.374139e+03 4.409002e+03
4.412957e+03 4.368259e+03 4.374821e+03 4.406395e+03
4.369191e+03 4.368353e+03 4.374745e+03 4.362800e+03
4.372503e+03 4.368285e+03 4.374329e+03 4.366458e+03
4.366251e+03 4.368177e+03 4.373832e+03 4.360596e+03
4.395228e+03 4.368090e+03 4.373377e+03 4.389940e+03
4.357987e+03 4.368049e+03 4.373021e+03 4.353015e+03
4.409988e+03 4.368046e+03 4.372746e+03 4.405288e+03
4.382347e+03 4.368069e+03 4.372529e+03 4.377887e+03
4.349303e+03 4.368105e+03 4.372344e+03 4.345064e+03
4.375200e+03 4.368146e+03 4.372177e+03 4.371169e+03
4.404161e+03 4.368189e+03 4.372019e+03 4.400331e+03
4.367944e+03 4.368231e+03 4.371866e+03 4.364309e+03
4.381910e+03 4.368243e+03 4.371658e+03 4.378494e+03
4.363763e+03 4.367499e+03 4.369945e+03 4.361316e+03
4.339472e+03 4.365721e+03 4.366171e+03 4.339022e+03
4.341850e+03 4.364269e+03 4.363054e+03 4.343065e+03
4.358987e+03 4.363545e+03 4.361400e+03 4.361132e+03
4.349101e+03 4.363333e+03 4.360776e+03 4.351657e+03
4.331646e+03 4.362770e+03 4.359461e+03 4.334955e+03
4.338497e+03 4.361609e+03 4.356957e+03 4.343148e+03
4.350537e+03 4.360742e+03 4.355050e+03 4.356229e+03
4.339944e+03 4.360371e+03 4.354142e+03 4.346174e+03
4.333303e+03 4.360334e+03 4.353908e+03 4.339729e+03
4.345625e+03 4.360443e+03 4.353973e+03 4.352095e+03
4.394618e+03 4.360600e+03 4.354140e+03 4.401077e+03
4.395207e+03 4.360741e+03 4.354283e+03 4.401665e+03
4.362415e+03 4.360849e+03 4.354365e+03 4.368899e+03
4.384001e+03 4.360918e+03 4.354376e+03 4.390542e+03
4.351828e+03 4.360960e+03 4.354341e+03 4.358447e+03
4.330904e+03 4.360985e+03 4.354278e+03 4.337611e+03
4.353101e+03 4.361001e+03 4.354203e+03 4.359900e+03
4.345952e+03 4.361011e+03 4.354123e+03 4.352840e+03
4.347556e+03 4.361019e+03 4.354044e+03 4.354531e+03
4.337922e+03 4.361025e+03 4.353965e+03 4.344982e+03
4.357905e+03 4.361217e+03 4.354252e+03 4.364869e+03
4.388496e+03 4.362252e+03 4.356227e+03 4.394521e+03
4.380106e+03 4.363584e+03 4.358797e+03 4.384893e+03
4.376220e+03 4.364406e+03 4.360348e+03 4.380278e+03
4.328291e+03 4.364971e+03 4.361393e+03 4.331870e+03
4.307072e+03 4.366440e+03 4.364249e+03 4.309263e+03
4.322154e+03 4.368127e+03 4.367547e+03 4.322734e+03
4.346124e+03 4.369155e+03 4.369532e+03 4.345747e+03
4.338877e+03 4.369498e+03 4.370151e+03 4.338224e+03
4.354616e+03 4.369486e+03 4.370063e+03 4.354039e+03
4.344943e+03 4.369321e+03 4.369675e+03 4.344589e+03
4.347378e+03 4.369132e+03 4.369243e+03 4.347267e+03
4.375369e+03 4.368970e+03 4.368870e+03 4.375470e+03
4.339081e+03 4.368862e+03 4.368607e+03 4.339337e+03
4.359875e+03 4.368796e+03 4.368432e+03 4.360239e+03
4.373534e+03 4.368757e+03 4.368316e+03 4.373975e+03
4.362588e+03 4.368734e+03 4.368235e+03 4.363087e+03
4.357655e+03 4.368718e+03 4.368171e+03 4.358202e+03
4.374945e+03 4.368704e+03 4.368116e+03 4.375534e+03
4.371837e+03 4.368691e+03 4.368064e+03 4.372463e+03
4.373430e+03 4.368661e+03 4.367984e+03 4.374106e+03
4.383641e+03 4.367988e+03 4.366620e+03 4.385009e+03
4.364616e+03 4.366200e+03 4.363029e+03 4.367786e+03
4.391534e+03 4.364627e+03 4.359873e+03 4.396288e+03
4.376198e+03 4.363792e+03 4.358197e+03 4.381793e+03
4.343786e+03 4.363509e+03 4.357634e+03 4.349661e+03
4.345067e+03 4.363515e+03 4.357680e+03 4.350903e+03
4.356334e+03 4.363630e+03 4.357978e+03 4.361986e+03
4.373784e+03 4.363748e+03 4.358306e+03 4.379226e+03
4.384120e+03 4.363827e+03 4.358569e+03 4.389378e+03
