1.0 1.612401e+03 1.618782e+03 1.634053e+03 1.627672e+03
2.0 1.620629e+03 1.619460e+03 1.633109e+03 1.634278e+03
3.0 1.618998e+03 1.617657e+03 1.631483e+03 1.632824e+03
4.0 1.628010e+03 1.616445e+03 1.630321e+03 1.641885e+03
5.0 1.619458e+03 1.608285e+03 1.629787e+03 1.640960e+03
6.0 1.594528e+03 1.608537e+03 1.629655e+03 1.615647e+03
7.0 1.621195e+03 1.611765e+03 1.629722e+03 1.639152e+03
8.0 1.605882e+03 1.609715e+03 1.629857e+03 1.626023e+03
9.0 1.619292e+03 1.615292e+03 1.629981e+03 1.633981e+03
10.0 1.625092e+03 1.625974e+03 1.630069e+03 1.629186e+03
11.0 1.592036e+03 1.620651e+03 1.630119e+03 1.601504e+03
12.0 1.610044e+03 1.623870e+03 1.630140e+03 1.616315e+03
13.0 1.627052e+03 1.618121e+03 1.630146e+03 1.639077e+03
14.0 1.636102e+03 1.618291e+03 1.630142e+03 1.647953e+03
15.0 1.602640e+03 1.613879e+03 1.630135e+03 1.618896e+03
16.0 1.626801e+03 1.622931e+03 1.630126e+03 1.633995e+03
17.0 1.590774e+03 1.604195e+03 1.630117e+03 1.616696e+03
18.0 1.620042e+03 1.604267e+03 1.630440e+03 1.646216e+03
19.0 1.622125e+03 1.618784e+03 1.631782e+03 1.635123e+03
20.0 1.602279e+03 1.629378e+03 1.633266e+03 1.606168e+03
21.0 1.634391e+03 1.631817e+03 1.634157e+03 1.636730e+03
22.0 1.660308e+03 1.634308e+03 1.634471e+03 1.660471e+03
23.0 1.603225e+03 1.627895e+03 1.634479e+03 1.609809e+03
24.0 1.657670e+03 1.644848e+03 1.634355e+03 1.647176e+03
25.0 1.661447e+03 1.657533e+03 1.634201e+03 1.638115e+03
26.0 1.642398e+03 1.655486e+03 1.634067e+03 1.620979e+03
27.0 1.630828e+03 1.655565e+03 1.633977e+03 1.609239e+03
28.0 1.627196e+03 1.655540e+03 1.633919e+03 1.605576e+03
29.0 1.626762e+03 1.652540e+03 1.633886e+03 1.608108e+03
30.0 1.631297e+03 1.648336e+03 1.633864e+03 1.616825e+03
31.0 1.635542e+03 1.648751e+03 1.633849e+03 1.620639e+03
32.0 1.624161e+03 1.650148e+03 1.633836e+03 1.607849e+03
33.0 1.636191e+03 1.648038e+03 1.633824e+03 1.621977e+03
34.0 1.631242e+03 1.645150e+03 1.633813e+03 1.619905e+03
