0.5 5.565147e+03 5.566666e+03 5.553458e+03 5.551939e+03
1.5 5.502981e+03 5.549414e+03 5.542470e+03 5.496037e+03
2.5 5.518119e+03 5.514292e+03 5.522472e+03 5.526299e+03
3.5 5.536636e+03 5.563047e+03 5.526161e+03 5.499749e+03
4.5 5.585379e+03 5.582877e+03 5.539610e+03 5.542112e+03
5.5 5.592577e+03 5.563611e+03 5.549600e+03 5.578566e+03
6.5 5.624268e+03 5.577352e+03 5.554598e+03 5.601514e+03
7.5 5.603438e+03 5.552802e+03 5.556605e+03 5.607241e+03
8.5 5.528919e+03 5.538551e+03 5.556855e+03 5.547224e+03
9.5 5.546702e+03 5.551399e+03 5.556265e+03 5.551567e+03
10.5 5.562919e+03 5.549165e+03 5.555488e+03 5.569243e+03
11.5 5.535381e+03 5.554900e+03 5.554899e+03 5.535381e+03
12.5 5.523356e+03 5.552373e+03 5.554544e+03 5.525526e+03
13.5 5.573208e+03 5.533202e+03 5.554364e+03 5.594369e+03
14.5 5.487892e+03 5.564457e+03 5.554295e+03 5.477730e+03
15.5 5.597886e+03 5.555893e+03 5.554277e+03 5.596269e+03
16.5 5.553143e+03 5.539354e+03 5.554279e+03 5.568068e+03
17.5 5.511899e+03 5.548308e+03 5.554287e+03 5.517878e+03
0.2 5.503616e+03 5.560538e+03 5.554298e+03 5.497376e+03
1.2 5.556499e+03 5.533247e+03 5.548446e+03 5.571697e+03
2.2 5.500989e+03 5.517940e+03 5.526268e+03 5.509316e+03
3.2 5.527979e+03 5.542740e+03 5.523988e+03 5.509228e+03
4.2 5.552604e+03 5.555223e+03 5.536841e+03 5.534223e+03
5.2 5.561220e+03 5.571155e+03 5.548082e+03 5.538147e+03
6.2 5.559061e+03 5.564106e+03 5.554010e+03 5.548964e+03
7.2 5.574807e+03 5.569325e+03 5.556545e+03 5.562028e+03
8.2 5.523598e+03 5.559693e+03 5.557063e+03 5.520968e+03
9.2 5.520121e+03 5.543214e+03 5.556524e+03 5.533431e+03
10.2 5.551771e+03 5.542927e+03 5.555664e+03 5.564509e+03
11.2 5.588383e+03 5.555379e+03 5.554940e+03 5.587943e+03
12.2 5.632818e+03 5.585448e+03 5.554449e+03 5.601819e+03
13.2 5.570670e+03 5.579284e+03 5.553993e+03 5.545379e+03
14.2 5.618659e+03 5.569785e+03 5.540460e+03 5.589334e+03
15.2 5.512263e+03 5.549463e+03 5.521798e+03 5.484598e+03
16.2 5.626479e+03 5.570636e+03 5.527500e+03 5.583343e+03
17.2 5.623671e+03 5.584181e+03 5.540779e+03 5.580269e+03
0.6 5.570670e+03 5.579284e+03 5.553993e+03 5.545379e+03
1.6 5.618659e+03 5.569785e+03 5.540460e+03 5.589334e+03
2.6 5.512263e+03 5.549463e+03 5.521798e+03 5.484598e+03
3.6 5.626479e+03 5.570636e+03 5.527500e+03 5.583343e+03
4.6 5.623671e+03 5.584181e+03 5.540779e+03 5.580269e+03
5.6 5.558671e+03 5.570607e+03 5.550106e+03 5.538171e+03
6.6 5.525790e+03 5.558267e+03 5.554613e+03 5.522135e+03
7.6 5.534783e+03 5.526805e+03 5.556298e+03 5.564276e+03
8.6 5.527301e+03 5.536805e+03 5.556293e+03 5.546789e+03
9.6 5.586598e+03 5.546596e+03 5.555549e+03 5.595551e+03
10.6 5.565527e+03 5.534253e+03 5.554672e+03 5.585945e+03
11.6 5.547960e+03 5.533305e+03 5.554001e+03 5.568656e+03
12.6 5.554404e+03 5.543126e+03 5.553557e+03 5.564835e+03
13.6 5.536075e+03 5.505575e+03 5.553299e+03 5.583799e+03
14.6 5.511374e+03 5.540441e+03 5.553142e+03 5.524075e+03
15.6 5.556799e+03 5.554553e+03 5.553035e+03 5.555280e+03
16.6 5.565443e+03 5.555326e+03 5.552950e+03 5.563067e+03
17.6 5.566459e+03 5.563477e+03 5.552874e+03 5.555856e+03
0.3 5.572771e+03 5.571015e+03 5.554015e+03 5.555771e+03
1.3 5.583042e+03 5.580896e+03 5.546809e+03 5.548955e+03
2.3 5.515552e+03 5.540849e+03 5.524653e+03 5.499356e+03
3.3 5.513876e+03 5.546798e+03 5.524671e+03 5.491750e+03
4.3 5.578168e+03 5.557619e+03 5.537860e+03 5.558409e+03
5.3 5.595093e+03 5.581997e+03 5.548787e+03 5.561883e+03
6.3 5.546674e+03 5.552555e+03 5.554477e+03 5.548596e+03
7.3 5.482388e+03 5.554568e+03 5.556930e+03 5.484750e+03
8.3 5.536630e+03 5.544703e+03 5.557385e+03 5.549313e+03
9.3 5.541344e+03 5.544072e+03 5.556879e+03 5.554151e+03
10.3 5.594479e+03 5.550201e+03 5.556094e+03 5.600373e+03
11.3 5.521230e+03 5.555388e+03 5.555461e+03 5.521303e+03
12.3 5.504876e+03 5.550294e+03 5.555053e+03 5.509635e+03
13.3 5.600821e+03 5.553491e+03 5.554849e+03 5.602178e+03
14.3 5.523231e+03 5.549731e+03 5.554759e+03 5.528259e+03
15.3 5.540581e+03 5.576000e+03 5.554725e+03 5.519306e+03
16.3 5.586851e+03 5.571982e+03 5.554701e+03 5.569570e+03
17.3 5.585142e+03 5.555783e+03 5.545310e+03 5.574669e+03
0.4 5.586851e+03 5.571982e+03 5.554701e+03 5.569570e+03
1.4 5.585142e+03 5.555783e+03 5.545310e+03 5.574669e+03
2.4 5.571143e+03 5.533005e+03 5.524274e+03 5.562412e+03
3.4 5.573634e+03 5.544185e+03 5.525951e+03 5.555401e+03
4.4 5.503961e+03 5.562780e+03 5.539548e+03 5.480730e+03
5.4 5.584283e+03 5.577359e+03 5.549673e+03 5.556597e+03
6.4 5.558079e+03 5.569938e+03 5.555060e+03 5.543201e+03
7.4 5.558563e+03 5.588840e+03 5.557152e+03 5.526876e+03
8.4 5.572622e+03 5.588211e+03 5.556958e+03 5.541369e+03
9.4 5.526229e+03 5.574670e+03 5.539502e+03 5.491060e+03
10.4 5.550214e+03 5.532801e+03 5.523361e+03 5.540774e+03
11.4 5.511277e+03 5.521882e+03 5.530855e+03 5.520250e+03
12.4 5.558582e+03 5.533652e+03 5.543454e+03 5.568384e+03
13.4 5.525014e+03 5.524530e+03 5.551603e+03 5.552087e+03
14.4 5.547917e+03 5.538176e+03 5.555609e+03 5.565350e+03
15.4 5.559340e+03 5.549196e+03 5.556895e+03 5.567039e+03
16.4 5.594099e+03 5.540873e+03 5.556691e+03 5.609918e+03
17.4 5.599174e+03 5.556312e+03 5.555855e+03 5.598717e+03
0.7 5.572622e+03 5.588211e+03 5.556958e+03 5.541369e+03
1.7 5.526229e+03 5.574670e+03 5.539502e+03 5.491060e+03
2.7 5.550214e+03 5.532801e+03 5.523361e+03 5.540774e+03
3.7 5.511277e+03 5.521882e+03 5.530855e+03 5.520250e+03
4.7 5.558582e+03 5.533652e+03 5.543454e+03 5.568384e+03
5.7 5.525014e+03 5.524530e+03 5.551603e+03 5.552087e+03
6.7 5.547917e+03 5.538176e+03 5.555609e+03 5.565350e+03
7.7 5.559340e+03 5.549196e+03 5.556895e+03 5.567039e+03
8.7 5.594099e+03 5.540873e+03 5.556691e+03 5.609918e+03
9.7 5.599174e+03 5.556312e+03 5.555855e+03 5.598717e+03
10.7 5.583660e+03 5.560294e+03 5.554965e+03 5.578331e+03
11.7 5.577491e+03 5.593989e+03 5.554264e+03 5.537766e+03
12.7 5.588730e+03 5.590403e+03 5.553804e+03 5.552131e+03
13.7 5.546313e+03 5.564701e+03 5.553499e+03 5.535111e+03
14.7 5.547876e+03 5.575010e+03 5.553286e+03 5.526153e+03
15.7 5.506143e+03 5.556741e+03 5.553113e+03 5.502515e+03
16.7 5.583456e+03 5.573915e+03 5.552953e+03 5.562493e+03
17.7 5.574696e+03 5.552299e+03 5.552795e+03 5.575191e+03
