0.1 2.068519e+03 2.075082e+03 2.073042e+03 2.066479e+03
1.1 2.100157e+03 2.079085e+03 2.072347e+03 2.093419e+03
2.1 2.070458e+03 2.070264e+03 2.064937e+03 2.065131e+03
3.1 2.050943e+03 2.066658e+03 2.060109e+03 2.044393e+03
4.1 2.057718e+03 2.067070e+03 2.064054e+03 2.054701e+03
5.1 2.071889e+03 2.068284e+03 2.069322e+03 2.072927e+03
6.1 2.067340e+03 2.068375e+03 2.070630e+03 2.069595e+03
7.1 2.078217e+03 2.070006e+03 2.062160e+03 2.070370e+03
8.1 2.079271e+03 2.063573e+03 2.057988e+03 2.073687e+03
9.1 2.082475e+03 2.069958e+03 2.063460e+03 2.075977e+03
10.1 2.084295e+03 2.068620e+03 2.069721e+03 2.085396e+03
11.1 2.053025e+03 2.071877e+03 2.073146e+03 2.054294e+03
12.1 2.083356e+03 2.068118e+03 2.068081e+03 2.083319e+03
13.1 2.059610e+03 2.058006e+03 2.058403e+03 2.060008e+03
14.1 2.030504e+03 2.061827e+03 2.059858e+03 2.028535e+03
15.1 2.043051e+03 2.066903e+03 2.066717e+03 2.042865e+03
16.1 2.071477e+03 2.070295e+03 2.072020e+03 2.073202e+03
17.1 2.075213e+03 2.050482e+03 2.074653e+03 2.099384e+03
0.3 2.071889e+03 2.068284e+03 2.069322e+03 2.072927e+03
1.3 2.067340e+03 2.068375e+03 2.070630e+03 2.069595e+03
2.3 2.078217e+03 2.070006e+03 2.062160e+03 2.070370e+03
3.3 2.079271e+03 2.063573e+03 2.057988e+03 2.073687e+03
4.3 2.082475e+03 2.069958e+03 2.063460e+03 2.075977e+03
5.3 2.084295e+03 2.068620e+03 2.069721e+03 2.085396e+03
6.3 2.053025e+03 2.071877e+03 2.073146e+03 2.054294e+03
7.3 2.083356e+03 2.068118e+03 2.068081e+03 2.083319e+03
8.3 2.059610e+03 2.058006e+03 2.058403e+03 2.060008e+03
9.3 2.030504e+03 2.061827e+03 2.059858e+03 2.028535e+03
10.3 2.043051e+03 2.066903e+03 2.066717e+03 2.042865e+03
11.3 2.071477e+03 2.070295e+03 2.072020e+03 2.073202e+03
12.3 2.075213e+03 2.050482e+03 2.074653e+03 2.099384e+03
13.3 2.077368e+03 2.060353e+03 2.075673e+03 2.092688e+03
14.3 2.092909e+03 2.070317e+03 2.075730e+03 2.098322e+03
15.3 2.074974e+03 2.077452e+03 2.075316e+03 2.072838e+03
16.3 2.089951e+03 2.079791e+03 2.070911e+03 2.081070e+03
17.3 2.055955e+03 2.065174e+03 2.059190e+03 2.049972e+03
0.9 2.053025e+03 2.071877e+03 2.073146e+03 2.054294e+03
1.9 2.083356e+03 2.068118e+03 2.068081e+03 2.083319e+03
2.9 2.059610e+03 2.058006e+03 2.058403e+03 2.060008e+03
3.9 2.030504e+03 2.061827e+03 2.059858e+03 2.028535e+03
4.9 2.043051e+03 2.066903e+03 2.066717e+03 2.042865e+03
5.9 2.071477e+03 2.070295e+03 2.072020e+03 2.073202e+03
6.9 2.075213e+03 2.050482e+03 2.074653e+03 2.099384e+03
7.9 2.077368e+03 2.060353e+03 2.075673e+03 2.092688e+03
8.9 2.092909e+03 2.070317e+03 2.075730e+03 2.098322e+03
9.9 2.074974e+03 2.077452e+03 2.075316e+03 2.072838e+03
10.9 2.089951e+03 2.079791e+03 2.070911e+03 2.081070e+03
11.9 2.055955e+03 2.065174e+03 2.059190e+03 2.049972e+03
12.9 2.058560e+03 2.062885e+03 2.056080e+03 2.051754e+03
13.9 2.076484e+03 2.064062e+03 2.062771e+03 2.075193e+03
14.9 2.061816e+03 2.070504e+03 2.069547e+03 2.060858e+03
15.9 2.056469e+03 2.071350e+03 2.073552e+03 2.058671e+03
16.9 2.051752e+03 2.072358e+03 2.074299e+03 2.053693e+03
17.9 2.103201e+03 2.070308e+03 2.066399e+03 2.099292e+03
0.6 2.074974e+03 2.077452e+03 2.075316e+03 2.072838e+03
1.6 2.089951e+03 2.079791e+03 2.070911e+03 2.081070e+03
2.6 2.055955e+03 2.065174e+03 2.059190e+03 2.049972e+03
3.6 2.058560e+03 2.062885e+03 2.056080e+03 2.051754e+03
4.6 2.076484e+03 2.064062e+03 2.062771e+03 2.075193e+03
5.6 2.061816e+03 2.070504e+03 2.069547e+03 2.060858e+03
6.6 2.056469e+03 2.071350e+03 2.073552e+03 2.058671e+03
7.6 2.051752e+03 2.072358e+03 2.074299e+03 2.053693e+03
8.6 2.103201e+03 2.070308e+03 2.066399e+03 2.099292e+03
9.6 2.040010e+03 2.066428e+03 2.061225e+03 2.034807e+03
10.6 2.078322e+03 2.070497e+03 2.064893e+03 2.072718e+03
11.6 2.090845e+03 2.074916e+03 2.070103e+03 2.086033e+03
12.6 2.065366e+03 2.074326e+03 2.073214e+03 2.064255e+03
13.6 2.059917e+03 2.070327e+03 2.074218e+03 2.063808e+03
14.6 2.086283e+03 2.068275e+03 2.067398e+03 2.085407e+03
15.6 2.063212e+03 2.070085e+03 2.056927e+03 2.050053e+03
16.6 2.074092e+03 2.067842e+03 2.058186e+03 2.064436e+03
17.6 2.082105e+03 2.069672e+03 2.065423e+03 2.077856e+03
0.1 2.056469e+03 2.071350e+03 2.073552e+03 2.058671e+03
1.1 2.051752e+03 2.072358e+03 2.074299e+03 2.053693e+03
2.1 2.103201e+03 2.070308e+03 2.066399e+03 2.099292e+03
3.1 2.040010e+03 2.066428e+03 2.061225e+03 2.034807e+03
4.1 2.078322e+03 2.070497e+03 2.064893e+03 2.072718e+03
5.1 2.090845e+03 2.074916e+03 2.070103e+03 2.086033e+03
6.1 2.065366e+03 2.074326e+03 2.073214e+03 2.064255e+03
7.1 2.059917e+03 2.070327e+03 2.074218e+03 2.063808e+03
8.1 2.086283e+03 2.068275e+03 2.067398e+03 2.085407e+03
9.1 2.063212e+03 2.070085e+03 2.056927e+03 2.050053e+03
10.1 2.074092e+03 2.067842e+03 2.058186e+03 2.064436e+03
11.1 2.082105e+03 2.069672e+03 2.065423e+03 2.077856e+03
12.1 2.062130e+03 2.069646e+03 2.071110e+03 2.063594e+03
13.1 2.072229e+03 2.059605e+03 2.073962e+03 2.086587e+03
14.1 2.023508e+03 2.036776e+03 2.075053e+03 2.061786e+03
15.1 2.063997e+03 2.046505e+03 2.075113e+03 2.092605e+03
16.1 2.065742e+03 2.063302e+03 2.074681e+03 2.077121e+03
17.1 2.082252e+03 2.075437e+03 2.074139e+03 2.080953e+03
0.9 2.059917e+03 2.070327e+03 2.074218e+03 2.063808e+03
1.9 2.086283e+03 2.068275e+03 2.067398e+03 2.085407e+03
2.9 2.063212e+03 2.070085e+03 2.056927e+03 2.050053e+03
3.9 2.074092e+03 2.067842e+03 2.058186e+03 2.064436e+03
4.9 2.082105e+03 2.069672e+03 2.065423e+03 2.077856e+03
5.9 2.062130e+03 2.069646e+03 2.071110e+03 2.063594e+03
6.9 2.072229e+03 2.059605e+03 2.073962e+03 2.086587e+03
7.9 2.023508e+03 2.036776e+03 2.075053e+03 2.061786e+03
8.9 2.063997e+03 2.046505e+03 2.075113e+03 2.092605e+03
9.9 2.065742e+03 2.063302e+03 2.074681e+03 2.077121e+03
10.9 2.082252e+03 2.075437e+03 2.074139e+03 2.080953e+03
11.9 2.086745e+03 2.079856e+03 2.073706e+03 2.080595e+03
12.9 2.077923e+03 2.081760e+03 2.073415e+03 2.069578e+03
13.9 2.078935e+03 2.084822e+03 2.073233e+03 2.067346e+03
14.9 2.094042e+03 2.080734e+03 2.073122e+03 2.086430e+03
15.9 2.072575e+03 2.071276e+03 2.073044e+03 2.074344e+03
16.9 2.059970e+03 2.067088e+03 2.072982e+03 2.065864e+03
17.9 2.086839e+03 2.082994e+03 2.072927e+03 2.076772e+03
1.0 2.055065e+03 2.061490e+03 2.071596e+03 2.065172e+03
2.0 2.056075e+03 2.068884e+03 2.063967e+03 2.051158e+03
3.0 2.066631e+03 2.055105e+03 2.058028e+03 2.069554e+03
4.0 2.057711e+03 2.064553e+03 2.061728e+03 2.054886e+03
5.0 2.057008e+03 2.067160e+03 2.067345e+03 2.057193e+03
6.0 2.089199e+03 2.072810e+03 2.071023e+03 2.087412e+03
7.0 2.075810e+03 2.082238e+03 2.072727e+03 2.066299e+03
8.0 2.060612e+03 2.063714e+03 2.073285e+03 2.070183e+03
9.0 2.088597e+03 2.078156e+03 2.073192e+03 2.083634e+03
10.0 2.064793e+03 2.073723e+03 2.072834e+03 2.063904e+03
11.0 2.074376e+03 2.083320e+03 2.072453e+03 2.063510e+03
12.0 2.085047e+03 2.087248e+03 2.072032e+03 2.069832e+03
13.0 2.076029e+03 2.079567e+03 2.066603e+03 2.063064e+03
14.0 2.075311e+03 2.063069e+03 2.056550e+03 2.068792e+03
15.0 2.089159e+03 2.062885e+03 2.057186e+03 2.083459e+03
16.0 2.084071e+03 2.067431e+03 2.063905e+03 2.080545e+03
17.0 2.066509e+03 2.067855e+03 2.069102e+03 2.067756e+03
18.0 2.074445e+03 2.072871e+03 2.071862e+03 2.073435e+03
0.8 2.085047e+03 2.087248e+03 2.072032e+03 2.069832e+03
1.8 2.076029e+03 2.079567e+03 2.066603e+03 2.063064e+03
2.8 2.075311e+03 2.063069e+03 2.056550e+03 2.068792e+03
3.8 2.089159e+03 2.062885e+03 2.057186e+03 2.083459e+03
4.8 2.084071e+03 2.067431e+03 2.063905e+03 2.080545e+03
5.8 2.066509e+03 2.067855e+03 2.069102e+03 2.067756e+03
6.8 2.074445e+03 2.072871e+03 2.071862e+03 2.073435e+03
7.8 2.076161e+03 2.073783e+03 2.072997e+03 2.075376e+03
8.8 2.075744e+03 2.073642e+03 2.073138e+03 2.075240e+03
9.8 2.081776e+03 2.061087e+03 2.072805e+03 2.093494e+03
10.8 2.064024e+03 2.066519e+03 2.072370e+03 2.069875e+03
11.8 2.056473e+03 2.065369e+03 2.072013e+03 2.063117e+03
12.8 2.077272e+03 2.070851e+03 2.071775e+03 2.078196e+03
13.8 2.054536e+03 2.067800e+03 2.071642e+03 2.058378e+03
14.8 2.068011e+03 2.070883e+03 2.071568e+03 2.068696e+03
15.8 2.075277e+03 2.067579e+03 2.071528e+03 2.079226e+03
16.8 2.051704e+03 2.062622e+03 2.071505e+03 2.060587e+03
17.8 2.051720e+03 2.066309e+03 2.071490e+03 2.056902e+03
0.6 2.110446e+03 2.074421e+03 2.072233e+03 2.108258e+03
1.6 2.077429e+03 2.073405e+03 2.068078e+03 2.072101e+03
2.6 2.056680e+03 2.066467e+03 2.060740e+03 2.050953e+03
3.6 2.064733e+03 2.069613e+03 2.061883e+03 2.057003e+03
4.6 2.065750e+03 2.070006e+03 2.066913e+03 2.062657e+03
5.6 2.050770e+03 2.071025e+03 2.070757e+03 2.050502e+03
6.6 2.062273e+03 2.071073e+03 2.072702e+03 2.063902e+03
7.6 2.077769e+03 2.072124e+03 2.072212e+03 2.077857e+03
8.6 2.081807e+03 2.070182e+03 2.062521e+03 2.074145e+03
9.6 2.061773e+03 2.056063e+03 2.054299e+03 2.060009e+03
10.6 2.037655e+03 2.061701e+03 2.058419e+03 2.034373e+03
11.6 2.063785e+03 2.066158e+03 2.065877e+03 2.063505e+03
12.6 2.070181e+03 2.069255e+03 2.070914e+03 2.071839e+03
13.6 2.084049e+03 2.074144e+03 2.073444e+03 2.083348e+03
14.6 2.066242e+03 2.065599e+03 2.074295e+03 2.074938e+03
15.6 2.051756e+03 2.062623e+03 2.074237e+03 2.063370e+03
16.6 2.052673e+03 2.067198e+03 2.073794e+03 2.059269e+03
17.6 2.058983e+03 2.067643e+03 2.072742e+03 2.064082e+03
0.2 2.062273e+03 2.071073e+03 2.072702e+03 2.063902e+03
1.2 2.077769e+03 2.072124e+03 2.072212e+03 2.077857e+03
2.2 2.081807e+03 2.070182e+03 2.062521e+03 2.074145e+03
3.2 2.061773e+03 2.056063e+03 2.054299e+03 2.060009e+03
4.2 2.037655e+03 2.061701e+03 2.058419e+03 2.034373e+03
5.2 2.063785e+03 2.066158e+03 2.065877e+03 2.063505e+03
6.2 2.070181e+03 2.069255e+03 2.070914e+03 2.071839e+03
7.2 2.084049e+03 2.074144e+03 2.073444e+03 2.083348e+03
8.2 2.066242e+03 2.065599e+03 2.074295e+03 2.074938e+03
9.2 2.051756e+03 2.062623e+03 2.074237e+03 2.063370e+03
10.2 2.052673e+03 2.067198e+03 2.073794e+03 2.059269e+03
11.2 2.058983e+03 2.067643e+03 2.072742e+03 2.064082e+03
12.2 2.080615e+03 2.075184e+03 2.064667e+03 2.070098e+03
13.2 2.057918e+03 2.066509e+03 2.057311e+03 2.048721e+03
14.2 2.070458e+03 2.066668e+03 2.060639e+03 2.064429e+03
15.2 2.116919e+03 2.069200e+03 2.066814e+03 2.114534e+03
16.2 2.043461e+03 2.072330e+03 2.070963e+03 2.042093e+03
17.2 2.089727e+03 2.073005e+03 2.073038e+03 2.089759e+03
1.0 2.058983e+03 2.067643e+03 2.072742e+03 2.064082e+03
2.0 2.080615e+03 2.075184e+03 2.064667e+03 2.070098e+03
3.0 2.057918e+03 2.066509e+03 2.057311e+03 2.048721e+03
4.0 2.070458e+03 2.066668e+03 2.060639e+03 2.064429e+03
5.0 2.116919e+03 2.069200e+03 2.066814e+03 2.114534e+03
6.0 2.043461e+03 2.072330e+03 2.070963e+03 2.042093e+03
7.0 2.089727e+03 2.073005e+03 2.073038e+03 2.089759e+03
8.0 2.087889e+03 2.069234e+03 2.073729e+03 2.092384e+03
9.0 2.090215e+03 2.075307e+03 2.071740e+03 2.086647e+03
10.0 2.069157e+03 2.071617e+03 2.062396e+03 2.059936e+03
11.0 2.044225e+03 2.070532e+03 2.058941e+03 2.032634e+03
12.0 2.084543e+03 2.069756e+03 2.063705e+03 2.078492e+03
13.0 2.048784e+03 2.069713e+03 2.068719e+03 2.047789e+03
14.0 2.094574e+03 2.071373e+03 2.071686e+03 2.094887e+03
15.0 2.066517e+03 2.066459e+03 2.072948e+03 2.073007e+03
16.0 2.069480e+03 2.083097e+03 2.073240e+03 2.059623e+03
17.0 2.107520e+03 2.076535e+03 2.072998e+03 2.103983e+03
18.0 2.094856e+03 2.076658e+03 2.072575e+03 2.090772e+03
0.3 2.087889e+03 2.069234e+03 2.073729e+03 2.092384e+03
1.3 2.090215e+03 2.075307e+03 2.071740e+03 2.086647e+03
2.3 2.069157e+03 2.071617e+03 2.062396e+03 2.059936e+03
3.3 2.044225e+03 2.070532e+03 2.058941e+03 2.032634e+03
4.3 2.084543e+03 2.069756e+03 2.063705e+03 2.078492e+03
5.3 2.048784e+03 2.069713e+03 2.068719e+03 2.047789e+03
6.3 2.094574e+03 2.071373e+03 2.071686e+03 2.094887e+03
7.3 2.066517e+03 2.066459e+03 2.072948e+03 2.073007e+03
8.3 2.069480e+03 2.083097e+03 2.073240e+03 2.059623e+03
9.3 2.107520e+03 2.076535e+03 2.072998e+03 2.103983e+03
10.3 2.094856e+03 2.076658e+03 2.072575e+03 2.090772e+03
11.3 2.072568e+03 2.081052e+03 2.072168e+03 2.063684e+03
12.3 2.077366e+03 2.082522e+03 2.071870e+03 2.066715e+03
13.3 2.071477e+03 2.079280e+03 2.071663e+03 2.063861e+03
14.3 2.043883e+03 2.045765e+03 2.071515e+03 2.069634e+03
15.3 2.028445e+03 2.043779e+03 2.071400e+03 2.056066e+03
16.3 2.035628e+03 2.070791e+03 2.071297e+03 2.036134e+03
17.3 2.057290e+03 2.069832e+03 2.071199e+03 2.058658e+03
