0.2 7.334657e+03 7.237287e+03 7.247502e+03 7.344872e+03
1.2 7.269229e+03 7.220749e+03 7.269469e+03 7.317949e+03
2.2 7.369693e+03 7.259394e+03 7.361301e+03 7.471601e+03
3.2 7.250438e+03 7.259377e+03 7.371468e+03 7.362529e+03
4.2 7.090501e+03 7.318556e+03 7.319700e+03 7.091645e+03
5.2 7.203459e+03 7.334621e+03 7.273503e+03 7.142342e+03
6.2 7.318963e+03 7.248017e+03 7.248951e+03 7.319897e+03
7.2 7.293976e+03 7.161647e+03 7.238185e+03 7.370513e+03
8.2 7.236725e+03 7.173912e+03 7.235996e+03 7.298809e+03
9.2 7.376113e+03 7.282820e+03 7.238034e+03 7.331327e+03
10.2 7.522740e+03 7.297253e+03 7.241415e+03 7.466902e+03
11.2 7.324525e+03 7.336970e+03 7.244260e+03 7.231816e+03
12.2 7.601285e+03 7.313522e+03 7.246175e+03 7.533938e+03
13.2 7.247440e+03 7.221710e+03 7.247210e+03 7.272941e+03
14.2 7.304929e+03 7.159094e+03 7.247725e+03 7.393560e+03
15.2 7.275958e+03 7.226601e+03 7.247968e+03 7.297324e+03
16.2 7.509450e+03 7.279298e+03 7.248075e+03 7.478227e+03
17.2 6.943435e+03 7.289758e+03 7.248127e+03 6.901804e+03
0.5 7.448746e+03 7.294524e+03 7.245336e+03 7.399558e+03
1.5 7.379451e+03 7.282777e+03 7.297201e+03 7.393875e+03
2.5 7.359393e+03 7.309824e+03 7.374400e+03 7.423969e+03
3.5 7.386993e+03 7.262943e+03 7.352793e+03 7.476843e+03
4.5 7.275121e+03 7.198878e+03 7.298501e+03 7.374743e+03
5.5 7.368229e+03 7.185607e+03 7.259814e+03 7.442436e+03
6.5 7.044890e+03 7.237419e+03 7.240890e+03 7.048362e+03
7.5 7.184243e+03 7.234517e+03 7.233571e+03 7.183297e+03
8.5 7.258398e+03 7.195591e+03 7.233233e+03 7.296040e+03
9.5 7.028856e+03 7.166229e+03 7.235976e+03 7.098603e+03
10.5 7.276073e+03 7.157163e+03 7.239323e+03 7.358233e+03
11.5 7.178830e+03 7.223326e+03 7.241857e+03 7.197361e+03
12.5 7.490339e+03 7.312277e+03 7.243555e+03 7.421618e+03
13.5 7.621552e+03 7.328830e+03 7.282503e+03 7.575225e+03
14.5 7.486710e+03 7.348214e+03 7.368338e+03 7.506834e+03
15.5 7.575513e+03 7.325080e+03 7.360597e+03 7.611029e+03
16.5 7.315751e+03 7.356802e+03 7.306660e+03 7.265609e+03
17.5 7.384679e+03 7.318645e+03 7.264861e+03 7.330895e+03
0.4 7.490339e+03 7.312277e+03 7.243555e+03 7.421618e+03
1.4 7.621552e+03 7.328830e+03 7.282503e+03 7.575225e+03
2.4 7.486710e+03 7.348214e+03 7.368338e+03 7.506834e+03
3.4 7.575513e+03 7.325080e+03 7.360597e+03 7.611029e+03
4.4 7.315751e+03 7.356802e+03 7.306660e+03 7.265609e+03
5.4 7.384679e+03 7.318645e+03 7.264861e+03 7.330895e+03
6.4 7.263234e+03 7.230828e+03 7.243781e+03 7.276187e+03
7.4 7.360645e+03 7.192912e+03 7.235300e+03 7.403033e+03
8.4 7.383097e+03 7.235777e+03 7.234258e+03 7.381578e+03
9.4 7.253501e+03 7.237194e+03 7.236882e+03 7.253189e+03
10.4 7.372815e+03 7.267352e+03 7.240424e+03 7.345887e+03
11.4 7.165136e+03 7.264464e+03 7.243254e+03 7.143926e+03
12.4 7.427440e+03 7.212516e+03 7.245115e+03 7.460039e+03
13.4 7.485833e+03 7.171840e+03 7.246220e+03 7.560213e+03
14.4 7.307306e+03 7.180234e+03 7.246837e+03 7.373909e+03
15.4 7.330266e+03 7.178515e+03 7.247228e+03 7.398978e+03
16.4 7.163574e+03 7.165852e+03 7.247513e+03 7.245236e+03
17.4 7.097312e+03 7.220425e+03 7.247762e+03 7.124649e+03
0.7 7.315080e+03 7.270794e+03 7.246984e+03 7.291270e+03
1.7 7.053288e+03 7.294663e+03 7.317056e+03 7.075680e+03
2.7 7.142606e+03 7.299783e+03 7.376464e+03 7.219288e+03
3.7 7.091494e+03 7.323988e+03 7.342666e+03 7.110172e+03
4.7 7.564282e+03 7.482007e+03 7.288200e+03 7.370475e+03
5.7 7.638009e+03 7.467520e+03 7.254190e+03 7.424679e+03
6.7 7.517359e+03 7.330752e+03 7.237275e+03 7.423882e+03
7.7 7.061465e+03 7.221261e+03 7.231483e+03 7.071687e+03
8.7 7.349490e+03 7.294934e+03 7.231677e+03 7.286234e+03
9.7 7.390214e+03 7.444856e+03 7.234501e+03 7.179860e+03
10.7 7.406980e+03 7.391051e+03 7.237448e+03 7.253377e+03
11.7 7.300592e+03 7.272782e+03 7.239617e+03 7.267426e+03
12.7 7.286491e+03 7.180802e+03 7.240802e+03 7.346490e+03
13.7 7.216170e+03 7.125810e+03 7.241344e+03 7.331703e+03
14.7 7.195424e+03 7.102590e+03 7.241535e+03 7.334369e+03
