0.2 8.203531e+03 8.312471e+03 8.216382e+03 8.107442e+03
1.2 8.298438e+03 8.286695e+03 8.199626e+03 8.211368e+03
2.2 8.094893e+03 8.179551e+03 8.129580e+03 8.044922e+03
3.2 8.067482e+03 8.140673e+03 8.121825e+03 8.048634e+03
4.2 8.318915e+03 8.142862e+03 8.161312e+03 8.337365e+03
5.2 8.385173e+03 8.158689e+03 8.196549e+03 8.423032e+03
6.2 8.265422e+03 8.185466e+03 8.215277e+03 8.295234e+03
7.2 8.230423e+03 8.206997e+03 8.223489e+03 8.246915e+03
8.2 8.104025e+03 8.207119e+03 8.225159e+03 8.122065e+03
9.2 8.242609e+03 8.187668e+03 8.223604e+03 8.278545e+03
10.2 8.230587e+03 8.199000e+03 8.221025e+03 8.252612e+03
11.2 8.330137e+03 8.299969e+03 8.218855e+03 8.249023e+03
12.2 8.180416e+03 8.336824e+03 8.217394e+03 8.060986e+03
13.2 8.358371e+03 8.290337e+03 8.216604e+03 8.284638e+03
14.2 8.241245e+03 8.238929e+03 8.216212e+03 8.218527e+03
15.2 7.978749e+03 8.190439e+03 8.216027e+03 8.004337e+03
16.2 8.192585e+03 8.164857e+03 8.215945e+03 8.243673e+03
17.2 8.030400e+03 8.216952e+03 8.215905e+03 8.029353e+03
0.5 8.175118e+03 8.277932e+03 8.218034e+03 8.115220e+03
1.5 7.856341e+03 8.186573e+03 8.178473e+03 7.848241e+03
2.5 8.007751e+03 8.090066e+03 8.119588e+03 8.037274e+03
3.5 7.997447e+03 8.089239e+03 8.136069e+03 8.044278e+03
4.5 8.044563e+03 8.125058e+03 8.177482e+03 8.096986e+03
5.5 7.972828e+03 8.175990e+03 8.206991e+03 8.003829e+03
6.5 8.201823e+03 8.246960e+03 8.221425e+03 8.176288e+03
7.5 7.991105e+03 8.256764e+03 8.227008e+03 7.961350e+03
8.5 8.112002e+03 8.227410e+03 8.227266e+03 8.111858e+03
9.5 7.974479e+03 8.200811e+03 8.225174e+03 7.998842e+03
10.5 8.025497e+03 8.189228e+03 8.222621e+03 8.058889e+03
11.5 8.073585e+03 8.238024e+03 8.220688e+03 8.056249e+03
12.5 8.239280e+03 8.306050e+03 8.219392e+03 8.152622e+03
13.5 8.050263e+03 8.259639e+03 8.189685e+03 7.980309e+03
14.5 8.076432e+03 8.142922e+03 8.124212e+03 8.057722e+03
15.5 8.209125e+03 8.105055e+03 8.130117e+03 8.234188e+03
16.5 8.193052e+03 8.108928e+03 8.171258e+03 8.255382e+03
17.5 8.124059e+03 8.131987e+03 8.203141e+03 8.195213e+03
0.4 8.239280e+03 8.306050e+03 8.219392e+03 8.152622e+03
1.4 8.050263e+03 8.259639e+03 8.189685e+03 7.980309e+03
2.4 8.076432e+03 8.142922e+03 8.124212e+03 8.057722e+03
3.4 8.209125e+03 8.105055e+03 8.130117e+03 8.234188e+03
4.4 8.193052e+03 8.108928e+03 8.171258e+03 8.255382e+03
5.4 8.124059e+03 8.131987e+03 8.203141e+03 8.195213e+03
6.4 8.139011e+03 8.159887e+03 8.219220e+03 8.198344e+03
7.4 8.170372e+03 8.166059e+03 8.225689e+03 8.230002e+03
8.4 8.099533e+03 8.137326e+03 8.226484e+03 8.188691e+03
9.4 8.219226e+03 8.151317e+03 8.224482e+03 8.292392e+03
10.4 8.107555e+03 8.233248e+03 8.221781e+03 8.096088e+03
11.4 8.045824e+03 8.271352e+03 8.219622e+03 7.994094e+03
12.4 8.149240e+03 8.249452e+03 8.218203e+03 8.117990e+03
13.4 8.244601e+03 8.256435e+03 8.217360e+03 8.205526e+03
14.4 8.238674e+03 8.433757e+03 8.216889e+03 8.021806e+03
15.4 8.250711e+03 8.467401e+03 8.216591e+03 7.999901e+03
16.4 8.408730e+03 8.359049e+03 8.216374e+03 8.266054e+03
17.4 8.144947e+03 8.310866e+03 8.216184e+03 8.050265e+03
0.7 8.818559e+03 8.283293e+03 8.216777e+03 8.752043e+03
1.7 7.946632e+03 8.192680e+03 8.163329e+03 7.917281e+03
2.7 8.109759e+03 8.102058e+03 8.118013e+03 8.125714e+03
3.7 8.738487e+03 8.076093e+03 8.143794e+03 8.806189e+03
4.7 8.317734e+03 8.043991e+03 8.185339e+03 8.459082e+03
5.7 8.488057e+03 8.076426e+03 8.211280e+03 8.622912e+03
6.7 8.100948e+03 8.238875e+03 8.224183e+03 8.086256e+03
7.7 8.580721e+03 8.308344e+03 8.228601e+03 8.500978e+03
8.7 8.588982e+03 8.230496e+03 8.228453e+03 8.586939e+03
9.7 7.920147e+03 8.128604e+03 8.226299e+03 8.017841e+03
10.7 8.137804e+03 8.151210e+03 8.224051e+03 8.210645e+03
11.7 7.891077e+03 8.280388e+03 8.222397e+03 7.833086e+03
12.7 8.014672e+03 8.294655e+03 8.221493e+03 7.941510e+03
13.7 8.024901e+03 8.242003e+03 8.221079e+03 8.003978e+03
14.7 7.899415e+03 8.197133e+03 8.220934e+03 7.923215e+03
