0.2 1.767618e+03 1.728029e+03 2.094860e+03 2.134449e+03
1.2 1.472021e+03 1.963770e+03 2.133316e+03 1.641567e+03
2.2 2.192804e+03 2.315514e+03 2.324014e+03 2.201305e+03
3.2 2.003326e+03 2.430682e+03 2.355666e+03 1.928310e+03
4.2 2.686014e+03 2.357653e+03 2.246969e+03 2.575330e+03
5.2 3.040968e+03 2.268359e+03 2.151353e+03 2.923961e+03
6.2 1.296312e+03 2.222324e+03 2.098183e+03 1.172171e+03
7.2 2.100715e+03 2.337493e+03 2.074403e+03 1.837626e+03
8.2 2.836370e+03 2.428074e+03 2.068983e+03 2.477280e+03
9.2 2.536958e+03 2.351035e+03 2.072885e+03 2.258808e+03
10.2 2.525628e+03 2.253394e+03 2.079536e+03 2.351770e+03
11.2 2.399357e+03 2.238365e+03 2.085348e+03 2.246340e+03
12.2 2.368215e+03 2.229201e+03 2.089254e+03 2.228268e+03
13.2 1.799760e+03 2.194710e+03 2.091312e+03 1.696362e+03
14.2 2.191439e+03 2.153340e+03 2.092290e+03 2.130389e+03
15.2 1.488715e+03 1.851972e+03 2.092666e+03 1.729409e+03
16.2 1.508137e+03 1.415349e+03 2.092786e+03 2.185574e+03
17.2 1.174222e+03 1.485418e+03 2.092803e+03 1.781607e+03
0.1 1.792595e+03 1.795990e+03 2.094028e+03 2.090633e+03
1.1 3.221736e+03 2.022607e+03 2.129523e+03 3.328651e+03
2.1 2.740106e+03 2.321651e+03 2.316132e+03 2.734588e+03
3.1 3.236803e+03 2.417605e+03 2.357468e+03 3.176667e+03
4.1 2.740907e+03 2.301519e+03 2.253192e+03 2.692580e+03
5.1 2.974800e+03 1.876687e+03 2.155865e+03 3.253978e+03
6.1 1.337815e+03 1.539563e+03 2.100221e+03 1.898473e+03
7.1 9.320801e+01 1.658189e+03 2.076515e+03 5.115338e+02
8.1 1.449214e+03 1.893973e+03 2.070766e+03 1.626007e+03
9.1 2.331096e+03 2.049314e+03 2.074690e+03 2.356472e+03
10.1 2.541072e+03 2.143355e+03 2.081628e+03 2.479346e+03
11.1 2.876348e+03 2.227411e+03 2.087962e+03 2.736899e+03
12.1 2.843297e+03 2.241079e+03 2.092148e+03 2.694366e+03
13.1 2.009111e+03 2.292305e+03 2.094614e+03 1.811421e+03
14.1 2.035326e+03 2.308963e+03 2.095888e+03 1.822251e+03
15.1 2.274553e+03 2.229682e+03 2.096566e+03 2.141437e+03
16.1 1.780484e+03 2.146021e+03 2.096945e+03 1.731409e+03
17.1 3.135058e+03 2.100771e+03 2.097178e+03 3.131465e+03
0.2 1.621210e+03 1.527821e+03 2.087656e+03 2.181045e+03
1.2 2.439325e+03 1.856002e+03 2.140604e+03 2.723926e+03
2.2 1.679058e+03 2.213945e+03 2.327012e+03 1.792125e+03
3.2 1.728695e+03 2.334783e+03 2.342514e+03 1.736426e+03
4.2 2.135350e+03 2.428079e+03 2.230718e+03 1.937989e+03
5.2 2.713566e+03 2.513128e+03 2.138198e+03 2.338637e+03
6.2 1.831213e+03 2.386221e+03 2.086897e+03 1.531889e+03
7.2 3.060257e+03 2.224146e+03 2.065603e+03 2.901714e+03
8.2 2.486680e+03 2.280534e+03 2.061086e+03 2.267232e+03
9.2 2.328223e+03 2.286512e+03 2.065369e+03 2.107081e+03
10.2 3.149855e+03 2.178184e+03 2.072042e+03 3.043712e+03
11.2 2.933895e+03 2.131353e+03 2.077861e+03 2.880403e+03
12.2 3.457214e+03 2.145697e+03 2.081546e+03 3.393063e+03
13.2 1.814729e+03 2.171405e+03 2.083581e+03 1.726906e+03
14.2 1.856514e+03 2.231392e+03 2.084613e+03 1.709735e+03
15.2 1.566102e+03 2.099205e+03 2.085108e+03 1.552005e+03
16.2 2.575052e+03 1.682372e+03 2.085398e+03 2.978079e+03
17.2 1.942535e+03 1.592182e+03 2.091119e+03 2.441473e+03
0.8 1.942535e+03 1.592182e+03 2.091119e+03 2.441473e+03
1.8 2.115670e+03 1.910768e+03 2.236852e+03 2.441754e+03
2.8 2.175789e+03 2.209445e+03 2.361461e+03 2.327805e+03
3.8 2.570801e+03 2.236907e+03 2.288936e+03 2.622830e+03
4.8 2.569153e+03 2.174144e+03 2.177089e+03 2.572098e+03
5.8 1.857887e+03 2.113183e+03 2.108328e+03 1.853032e+03
6.8 2.627536e+03 2.061926e+03 2.075310e+03 2.640921e+03
7.8 3.073890e+03 2.039248e+03 2.064137e+03 3.098779e+03
8.8 1.773009e+03 2.041172e+03 2.065749e+03 1.797586e+03
9.8 1.848593e+03 2.050277e+03 2.072700e+03 1.871015e+03
10.8 3.266974e+03 2.058190e+03 2.079838e+03 3.288622e+03
11.8 1.680928e+03 1.973009e+03 2.085258e+03 1.793177e+03
12.8 2.188694e+03 1.522202e+03 2.088838e+03 2.755330e+03
13.8 1.573306e+03 1.323426e+03 2.091016e+03 2.340895e+03
14.8 1.587009e+03 1.754348e+03 2.092482e+03 1.925144e+03
15.8 2.559413e+03 2.198512e+03 2.093606e+03 2.454507e+03
16.8 1.645952e+03 2.366184e+03 2.094619e+03 1.374387e+03
17.8 2.212349e+03 2.508489e+03 2.095616e+03 1.799475e+03
