0.3 1.669449e+03 1.450657e+03 1.254168e+03 1.472960e+03
1.3 1.359421e+03 1.445106e+03 1.271840e+03 1.186155e+03
2.3 1.187783e+03 1.429239e+03 1.330043e+03 1.088588e+03
3.3 1.525395e+03 1.360552e+03 1.331761e+03 1.496604e+03
4.3 1.384518e+03 1.212622e+03 1.297869e+03 1.469765e+03
5.3 1.189152e+03 1.140850e+03 1.269315e+03 1.317617e+03
6.3 1.308661e+03 1.174866e+03 1.254442e+03 1.388236e+03
7.3 1.241224e+03 1.268087e+03 1.248082e+03 1.221219e+03
8.3 1.221505e+03 1.321271e+03 1.246987e+03 1.147221e+03
9.3 1.440318e+03 1.333120e+03 1.248437e+03 1.355635e+03
10.3 1.107327e+03 1.334828e+03 1.250638e+03 1.023137e+03
11.3 1.063918e+03 1.300887e+03 1.252450e+03 1.015482e+03
12.3 1.142981e+03 1.229905e+03 1.253668e+03 1.166744e+03
13.3 1.284951e+03 1.192730e+03 1.254341e+03 1.346562e+03
14.3 1.132628e+03 1.117828e+03 1.254701e+03 1.269501e+03
15.3 1.093950e+03 1.089760e+03 1.254900e+03 1.259089e+03
16.3 1.193403e+03 1.150197e+03 1.255023e+03 1.298229e+03
17.3 1.177301e+03 1.216211e+03 1.255120e+03 1.216209e+03
0.8 1.320909e+03 1.415505e+03 1.258173e+03 1.163577e+03
1.8 1.681645e+03 1.391921e+03 1.304674e+03 1.594398e+03
2.8 1.378789e+03 1.367052e+03 1.341461e+03 1.353198e+03
3.8 1.370792e+03 1.310608e+03 1.319159e+03 1.379343e+03
4.8 1.652348e+03 1.277417e+03 1.284742e+03 1.659674e+03
5.8 1.495593e+03 1.285863e+03 1.263570e+03 1.473300e+03
6.8 1.031717e+03 1.277528e+03 1.253222e+03 1.007411e+03
7.8 9.124287e+02 1.256709e+03 1.249896e+03 9.056158e+02
8.8 1.576151e+03 1.242821e+03 1.250339e+03 1.583669e+03
9.8 1.724438e+03 1.239053e+03 1.252414e+03 1.737798e+03
10.8 1.297240e+03 1.264688e+03 1.254533e+03 1.287085e+03
11.8 1.324152e+03 1.305074e+03 1.256138e+03 1.275217e+03
12.8 1.206979e+03 1.301666e+03 1.257106e+03 1.162419e+03
13.8 1.076999e+03 1.274789e+03 1.257654e+03 1.059864e+03
14.8 1.311139e+03 1.253026e+03 1.257968e+03 1.316081e+03
15.8 1.278967e+03 1.251870e+03 1.258161e+03 1.285258e+03
16.8 1.147902e+03 1.271713e+03 1.258305e+03 1.134494e+03
17.8 1.608168e+03 1.270251e+03 1.258426e+03 1.596343e+03
0.4 1.260842e+03 1.401178e+03 1.256855e+03 1.116519e+03
1.4 1.357615e+03 1.352665e+03 1.281131e+03 1.286080e+03
2.4 1.266655e+03 1.349092e+03 1.335673e+03 1.253235e+03
3.4 1.491874e+03 1.312006e+03 1.330411e+03 1.510278e+03
4.4 1.571973e+03 1.271231e+03 1.295618e+03 1.596360e+03
5.4 1.333846e+03 1.279637e+03 1.269096e+03 1.323306e+03
6.4 1.187776e+03 1.295162e+03 1.254878e+03 1.147493e+03
7.4 1.202469e+03 1.275506e+03 1.249210e+03 1.176173e+03
8.4 1.066778e+03 1.249101e+03 1.248299e+03 1.065976e+03
9.4 1.310116e+03 1.229014e+03 1.249729e+03 1.330831e+03
10.4 1.196060e+03 1.150144e+03 1.251682e+03 1.297598e+03
11.4 1.297079e+03 1.067708e+03 1.253272e+03 1.482642e+03
12.4 1.055081e+03 1.116881e+03 1.254194e+03 1.192394e+03
13.4 1.098730e+03 1.233793e+03 1.254634e+03 1.119571e+03
14.4 1.096153e+03 1.255720e+03 1.254760e+03 1.095193e+03
15.4 1.173545e+03 1.173589e+03 1.254737e+03 1.254693e+03
16.4 1.191575e+03 1.150939e+03 1.254647e+03 1.295283e+03
17.4 1.118828e+03 1.234882e+03 1.254530e+03 1.138476e+03
0.1 1.111672e+03 1.347727e+03 1.252663e+03 1.016607e+03
1.1 1.318737e+03 1.361541e+03 1.261607e+03 1.218803e+03
2.1 1.154118e+03 1.358815e+03 1.318267e+03 1.113570e+03
3.1 1.233823e+03 1.324380e+03 1.334337e+03 1.243781e+03
4.1 1.327031e+03 1.271610e+03 1.302963e+03 1.358384e+03
5.1 1.402078e+03 1.302317e+03 1.271686e+03 1.371447e+03
6.1 1.233813e+03 1.357200e+03 1.254437e+03 1.131050e+03
7.1 1.390510e+03 1.322117e+03 1.246676e+03 1.315069e+03
8.1 1.225263e+03 1.245551e+03 1.244597e+03 1.224309e+03
9.1 1.083342e+03 1.189631e+03 1.245624e+03 1.139335e+03
10.1 1.271082e+03 1.212258e+03 1.247719e+03 1.306544e+03
11.1 1.278317e+03 1.312670e+03 1.249571e+03 1.215218e+03
12.1 1.222726e+03 1.332517e+03 1.250827e+03 1.141036e+03
13.1 1.245639e+03 1.284541e+03 1.251631e+03 1.212728e+03
14.1 1.395313e+03 1.267478e+03 1.277819e+03 1.405654e+03
15.1 1.118367e+03 1.297789e+03 1.332583e+03 1.153161e+03
16.1 1.193800e+03 1.286645e+03 1.325440e+03 1.232596e+03
17.1 1.480183e+03 1.282389e+03 1.290792e+03 1.488586e+03
0.4 1.245639e+03 1.284541e+03 1.251631e+03 1.212728e+03
1.4 1.395313e+03 1.267478e+03 1.277819e+03 1.405654e+03
2.4 1.118367e+03 1.297789e+03 1.332583e+03 1.153161e+03
3.4 1.193800e+03 1.286645e+03 1.325440e+03 1.232596e+03
4.4 1.480183e+03 1.282389e+03 1.290792e+03 1.488586e+03
5.4 1.401687e+03 1.273945e+03 1.264352e+03 1.392094e+03
6.4 2.231418e+03 1.246257e+03 1.251091e+03 2.236253e+03
7.4 6.423353e+02 1.232023e+03 1.245742e+03 6.560539e+02
8.4 1.307419e+03 1.255199e+03 1.245222e+03 1.297442e+03
9.4 1.466914e+03 1.264696e+03 1.246936e+03 1.449155e+03
10.4 2.009897e+03 1.337767e+03 1.249201e+03 1.921331e+03
11.4 1.987946e+03 1.418727e+03 1.251004e+03 1.820223e+03
12.4 1.354043e+03 1.378037e+03 1.252221e+03 1.228227e+03
13.4 1.201745e+03 1.302055e+03 1.260305e+03 1.159995e+03
14.4 1.486316e+03 1.299968e+03 1.316470e+03 1.502818e+03
15.4 1.099517e+03 1.291047e+03 1.336409e+03 1.144879e+03
16.4 1.275415e+03 1.244511e+03 1.306321e+03 1.337226e+03
17.4 1.074779e+03 1.128964e+03 1.274730e+03 1.220544e+03
1.0 1.201745e+03 1.302055e+03 1.260305e+03 1.159995e+03
2.0 1.486316e+03 1.299968e+03 1.316470e+03 1.502818e+03
3.0 1.099517e+03 1.291047e+03 1.336409e+03 1.144879e+03
4.0 1.275415e+03 1.244511e+03 1.306321e+03 1.337226e+03
5.0 1.074779e+03 1.128964e+03 1.274730e+03 1.220544e+03
6.0 9.144591e+02 1.017298e+03 1.257167e+03 1.154328e+03
7.0 8.310791e+02 1.063173e+03 1.249318e+03 1.017224e+03
8.0 1.257404e+03 1.192871e+03 1.247304e+03 1.311837e+03
9.0 1.648678e+03 1.255112e+03 1.248520e+03 1.642087e+03
10.0 1.594961e+03 1.285468e+03 1.250888e+03 1.560381e+03
11.0 1.186551e+03 1.282883e+03 1.253052e+03 1.156719e+03
12.0 1.469805e+03 1.286756e+03 1.254626e+03 1.437675e+03
13.0 1.483700e+03 1.288781e+03 1.255663e+03 1.450582e+03
14.0 1.671073e+03 1.263361e+03 1.256320e+03 1.664031e+03
15.0 1.361253e+03 1.238106e+03 1.256792e+03 1.379939e+03
16.0 1.211381e+03 1.244904e+03 1.257175e+03 1.223652e+03
17.0 9.452971e+02 1.281348e+03 1.257527e+03 9.214765e+02
18.0 1.727697e+03 1.284410e+03 1.257870e+03 1.701158e+03
