0.9 9.210533e+03 9.223432e+03 9.395691e+03 9.382792e+03
1.9 9.301841e+03 9.330025e+03 9.546572e+03 9.518387e+03
2.9 9.443180e+03 9.533037e+03 9.762662e+03 9.672805e+03
3.9 9.393643e+03 9.522363e+03 9.716457e+03 9.587737e+03
4.9 9.257915e+03 9.476748e+03 9.556243e+03 9.337410e+03
5.9 9.302194e+03 9.417106e+03 9.441494e+03 9.326582e+03
6.9 9.094678e+03 9.530193e+03 9.382353e+03 8.946838e+03
7.9 9.420773e+03 9.539755e+03 9.359110e+03 9.240128e+03
8.9 9.250535e+03 9.391275e+03 9.357474e+03 9.216735e+03
9.9 9.373003e+03 9.338625e+03 9.365745e+03 9.400123e+03
10.9 9.269163e+03 9.314781e+03 9.375658e+03 9.330040e+03
11.9 9.293972e+03 9.395412e+03 9.383508e+03 9.282067e+03
12.9 9.326645e+03 9.524796e+03 9.388591e+03 9.190439e+03
13.9 9.513623e+03 9.468487e+03 9.391328e+03 9.436464e+03
14.9 9.469730e+03 9.446675e+03 9.392767e+03 9.415823e+03
15.9 9.310799e+03 9.409004e+03 9.393506e+03 9.295301e+03
16.9 9.282686e+03 9.540785e+03 9.393945e+03 9.135845e+03
17.9 9.505718e+03 9.592059e+03 9.394257e+03 9.307915e+03
18.9 9.512519e+03 9.431254e+03 9.394521e+03 9.475785e+03
0.4 1.029684e+04 9.737262e+03 9.396918e+03 9.956499e+03
1.4 9.841758e+03 9.663278e+03 9.449479e+03 9.627959e+03
2.4 9.048601e+03 9.646637e+03 9.670669e+03 9.072633e+03
3.4 9.475233e+03 9.554885e+03 9.727509e+03 9.647857e+03
4.4 9.598123e+03 9.442655e+03 9.600382e+03 9.755850e+03
5.4 9.482367e+03 9.368805e+03 9.477621e+03 9.591183e+03
6.4 9.535735e+03 9.267763e+03 9.407154e+03 9.675127e+03
7.4 9.317382e+03 9.321321e+03 9.375139e+03 9.371200e+03
8.4 9.302924e+03 9.557972e+03 9.367353e+03 9.112304e+03
9.4 9.516758e+03 9.552343e+03 9.371986e+03 9.336400e+03
10.4 9.475041e+03 9.388219e+03 9.380590e+03 9.467411e+03
11.4 9.740676e+03 9.258152e+03 9.388388e+03 9.870912e+03
12.4 9.834035e+03 9.199313e+03 9.393841e+03 1.002856e+04
13.4 9.001021e+03 9.294417e+03 9.396915e+03 9.103518e+03
14.4 1.003420e+04 9.469521e+03 9.398565e+03 9.963244e+03
15.4 9.031786e+03 9.457572e+03 9.399406e+03 8.973620e+03
16.4 9.092598e+03 9.343766e+03 9.399896e+03 9.148727e+03
17.4 9.227388e+03 9.252702e+03 9.400243e+03 9.374928e+03
18.4 8.861381e+03 9.288828e+03 9.400542e+03 8.973095e+03
0.1 9.260041e+03 9.219096e+03 9.402575e+03 9.443520e+03
1.1 9.121565e+03 9.223675e+03 9.421493e+03 9.319383e+03
2.1 9.012397e+03 9.413012e+03 9.611569e+03 9.210954e+03
3.1 9.521297e+03 9.550672e+03 9.744459e+03 9.715083e+03
4.1 9.457432e+03 9.462271e+03 9.649892e+03 9.645053e+03
5.1 9.092848e+03 9.349768e+03 9.515444e+03 9.258524e+03
6.1 9.326065e+03 9.421382e+03 9.429903e+03 9.334587e+03
7.1 9.508280e+03 9.447221e+03 9.388110e+03 9.449169e+03
8.1 9.408442e+03 9.352855e+03 9.374835e+03 9.430423e+03
9.1 9.026865e+03 9.273697e+03 9.376845e+03 9.130013e+03
10.1 9.436230e+03 9.412118e+03 9.384959e+03 9.409071e+03
11.1 8.989249e+03 9.668298e+03 9.393287e+03 8.714237e+03
12.1 9.759671e+03 9.627152e+03 9.399507e+03 9.532026e+03
13.1 9.548441e+03 9.508097e+03 9.403161e+03 9.443505e+03
14.1 9.411687e+03 9.468419e+03 9.405137e+03 9.348404e+03
15.1 9.281898e+03 9.366487e+03 9.406059e+03 9.321470e+03
16.1 9.332597e+03 9.264598e+03 9.406505e+03 9.474504e+03
17.1 9.457467e+03 9.286883e+03 9.406759e+03 9.577342e+03
18.1 9.373625e+03 9.468863e+03 9.406935e+03 9.311697e+03
0.8 9.456801e+03 9.195476e+03 9.393561e+03 9.654887e+03
1.8 9.092592e+03 9.314632e+03 9.522257e+03 9.300217e+03
2.8 9.249338e+03 9.564308e+03 9.766947e+03 9.451976e+03
3.8 9.508167e+03 9.570908e+03 9.763950e+03 9.701210e+03
4.8 9.480092e+03 9.454971e+03 9.594560e+03 9.619681e+03
5.8 9.676703e+03 9.423285e+03 9.457226e+03 9.710644e+03
6.8 9.550057e+03 9.341927e+03 9.380975e+03 9.589105e+03
7.8 9.285840e+03 9.280491e+03 9.349586e+03 9.354935e+03
8.8 9.270423e+03 9.393657e+03 9.343067e+03 9.219834e+03
9.8 9.510856e+03 9.494641e+03 9.349160e+03 9.365376e+03
10.8 9.524889e+03 9.413557e+03 9.358289e+03 9.469620e+03
11.8 9.416851e+03 9.291309e+03 9.365846e+03 9.491387e+03
12.8 9.357376e+03 9.230372e+03 9.370080e+03 9.497084e+03
13.8 9.383108e+03 9.391981e+03 9.371785e+03 9.362912e+03
14.8 9.552243e+03 9.600236e+03 9.371926e+03 9.323934e+03
15.8 9.618347e+03 9.558625e+03 9.371169e+03 9.430890e+03
16.8 9.391785e+03 9.480358e+03 9.370045e+03 9.281472e+03
17.8 9.543038e+03 9.420932e+03 9.368795e+03 9.490901e+03
18.8 9.433119e+03 9.513091e+03 9.367527e+03 9.287556e+03
0.4 9.468322e+03 9.283126e+03 9.354718e+03 9.539914e+03
1.4 9.217826e+03 9.263179e+03 9.406140e+03 9.360787e+03
2.4 9.034018e+03 9.470608e+03 9.652222e+03 9.215631e+03
3.4 1.008436e+04 9.568843e+03 9.754657e+03 1.027017e+04
4.4 1.019575e+04 9.569070e+03 9.621443e+03 1.024812e+04
5.4 9.099929e+03 9.523631e+03 9.464264e+03 9.040561e+03
6.4 9.106883e+03 9.479674e+03 9.477839e+03 9.105047e+03
7.4 1.023150e+04 9.585364e+03 9.673778e+03 1.031991e+04
8.4 9.671609e+03 9.536920e+03 9.663811e+03 9.798500e+03
9.4 9.977769e+03 9.464660e+03 9.514687e+03 1.002780e+04
10.4 9.195902e+03 9.364003e+03 9.393132e+03 9.225032e+03
11.4 9.260836e+03 9.259630e+03 9.343584e+03 9.344790e+03
12.4 8.860915e+03 9.355882e+03 9.490333e+03 8.995366e+03
13.4 9.170207e+03 9.501217e+03 9.660903e+03 9.329892e+03
14.4 9.508891e+03 9.431541e+03 9.599439e+03 9.676788e+03
15.4 9.501985e+03 9.399998e+03 9.462191e+03 9.564179e+03
16.4 9.572549e+03 9.441495e+03 9.372464e+03 9.503518e+03
17.4 9.765641e+03 9.430667e+03 9.405166e+03 9.740140e+03
18.4 9.308407e+03 9.535371e+03 9.603553e+03 9.376589e+03
0.7 9.099929e+03 9.523631e+03 9.464264e+03 9.040561e+03
1.7 9.106883e+03 9.479674e+03 9.477839e+03 9.105047e+03
2.7 1.023150e+04 9.585364e+03 9.673778e+03 1.031991e+04
3.7 9.671609e+03 9.536920e+03 9.663811e+03 9.798500e+03
4.7 9.977769e+03 9.464660e+03 9.514687e+03 1.002780e+04
5.7 9.195902e+03 9.364003e+03 9.393132e+03 9.225032e+03
6.7 9.260836e+03 9.259630e+03 9.343584e+03 9.344790e+03
7.7 8.860915e+03 9.355882e+03 9.490333e+03 8.995366e+03
8.7 9.170207e+03 9.501217e+03 9.660903e+03 9.329892e+03
9.7 9.508891e+03 9.431541e+03 9.599439e+03 9.676788e+03
10.7 9.501985e+03 9.399998e+03 9.462191e+03 9.564179e+03
11.7 9.572549e+03 9.441495e+03 9.372464e+03 9.503518e+03
12.7 9.765641e+03 9.430667e+03 9.405166e+03 9.740140e+03
13.7 9.308407e+03 9.535371e+03 9.603553e+03 9.376589e+03
14.7 9.737900e+03 9.494285e+03 9.625772e+03 9.869387e+03
15.7 9.542033e+03 9.338109e+03 9.501470e+03 9.705394e+03
16.7 9.280322e+03 9.269309e+03 9.397162e+03 9.408176e+03
17.7 9.382647e+03 9.311736e+03 9.340578e+03 9.411489e+03
18.7 9.094010e+03 9.333855e+03 9.318482e+03 9.078637e+03
1.0 9.260836e+03 9.259630e+03 9.343584e+03 9.344790e+03
2.0 8.860915e+03 9.355882e+03 9.490333e+03 8.995366e+03
3.0 9.170207e+03 9.501217e+03 9.660903e+03 9.329892e+03
4.0 9.508891e+03 9.431541e+03 9.599439e+03 9.676788e+03
5.0 9.501985e+03 9.399998e+03 9.462191e+03 9.564179e+03
6.0 9.572549e+03 9.441495e+03 9.372464e+03 9.503518e+03
7.0 9.765641e+03 9.430667e+03 9.405166e+03 9.740140e+03
8.0 9.308407e+03 9.535371e+03 9.603553e+03 9.376589e+03
9.0 9.737900e+03 9.494285e+03 9.625772e+03 9.869387e+03
10.0 9.542033e+03 9.338109e+03 9.501470e+03 9.705394e+03
11.0 9.280322e+03 9.269309e+03 9.397162e+03 9.408176e+03
12.0 9.382647e+03 9.311736e+03 9.340578e+03 9.411489e+03
13.0 9.094010e+03 9.333855e+03 9.318482e+03 9.078637e+03
14.0 9.736525e+03 9.540757e+03 9.315319e+03 9.511087e+03
15.0 9.456718e+03 9.633930e+03 9.321968e+03 9.144755e+03
16.0 1.002704e+04 9.476334e+03 9.331055e+03 9.881762e+03
17.0 8.763537e+03 9.319538e+03 9.338905e+03 8.782904e+03
18.0 9.133505e+03 9.294314e+03 9.344038e+03 9.183229e+03
19.0 9.389966e+03 9.280493e+03 9.369834e+03 9.479307e+03
0.5 9.572549e+03 9.441495e+03 9.372464e+03 9.503518e+03
1.5 9.765641e+03 9.430667e+03 9.405166e+03 9.740140e+03
2.5 9.308407e+03 9.535371e+03 9.603553e+03 9.376589e+03
3.5 9.737900e+03 9.494285e+03 9.625772e+03 9.869387e+03
4.5 9.542033e+03 9.338109e+03 9.501470e+03 9.705394e+03
5.5 9.280322e+03 9.269309e+03 9.397162e+03 9.408176e+03
6.5 9.382647e+03 9.311736e+03 9.340578e+03 9.411489e+03
7.5 9.094010e+03 9.333855e+03 9.318482e+03 9.078637e+03
8.5 9.736525e+03 9.540757e+03 9.315319e+03 9.511087e+03
9.5 9.456718e+03 9.633930e+03 9.321968e+03 9.144755e+03
10.5 1.002704e+04 9.476334e+03 9.331055e+03 9.881762e+03
11.5 8.763537e+03 9.319538e+03 9.338905e+03 8.782904e+03
12.5 9.133505e+03 9.294314e+03 9.344038e+03 9.183229e+03
13.5 9.389966e+03 9.280493e+03 9.369834e+03 9.479307e+03
14.5 9.449511e+03 9.442522e+03 9.587968e+03 9.594956e+03
15.5 9.407059e+03 9.636033e+03 9.811789e+03 9.582815e+03
16.5 9.595157e+03 9.549780e+03 9.733230e+03 9.778607e+03
17.5 9.546610e+03 9.376152e+03 9.543486e+03 9.713944e+03
18.5 9.161061e+03 9.347089e+03 9.407606e+03 9.221578e+03
0.1 9.133505e+03 9.294314e+03 9.344038e+03 9.183229e+03
1.1 9.389966e+03 9.280493e+03 9.369834e+03 9.479307e+03
2.1 9.449511e+03 9.442522e+03 9.587968e+03 9.594956e+03
3.1 9.407059e+03 9.636033e+03 9.811789e+03 9.582815e+03
4.1 9.595157e+03 9.549780e+03 9.733230e+03 9.778607e+03
5.1 9.546610e+03 9.376152e+03 9.543486e+03 9.713944e+03
6.1 9.161061e+03 9.347089e+03 9.407606e+03 9.221578e+03
7.1 9.346014e+03 9.318495e+03 9.337364e+03 9.364883e+03
8.1 9.285285e+03 9.262256e+03 9.312291e+03 9.335321e+03
9.1 8.686532e+03 9.435535e+03 9.311796e+03 8.562793e+03
10.1 9.405987e+03 9.682988e+03 9.322322e+03 9.045321e+03
11.1 9.719859e+03 9.659253e+03 9.334509e+03 9.395116e+03
12.1 9.903041e+03 9.534031e+03 9.344168e+03 9.713179e+03
13.1 9.453627e+03 9.424486e+03 9.350064e+03 9.379205e+03
14.1 9.800245e+03 9.500361e+03 9.353353e+03 9.653237e+03
15.1 9.377715e+03 9.464049e+03 9.354976e+03 9.268641e+03
16.1 9.337160e+03 9.380813e+03 9.355783e+03 9.312130e+03
17.1 9.528718e+03 9.323541e+03 9.356197e+03 9.561374e+03
18.1 9.045364e+03 9.247546e+03 9.356411e+03 9.154229e+03
0.7 9.240573e+03 9.507845e+03 9.353303e+03 9.086031e+03
1.7 1.034989e+04 9.459202e+03 9.454488e+03 1.034517e+04
2.7 9.836687e+03 9.589590e+03 9.707924e+03 9.955021e+03
3.7 9.882577e+03 9.574556e+03 9.729016e+03 1.003704e+04
4.7 9.609779e+03 9.557631e+03 9.566423e+03 9.618571e+03
5.7 9.573801e+03 9.480059e+03 9.436678e+03 9.530420e+03
6.7 9.558723e+03 9.494862e+03 9.525244e+03 9.589105e+03
7.7 9.623349e+03 9.592094e+03 9.697507e+03 9.728762e+03
8.7 9.408495e+03 9.544709e+03 9.628072e+03 9.491858e+03
9.7 9.282168e+03 9.530688e+03 9.469318e+03 9.220798e+03
10.7 9.346797e+03 9.416367e+03 9.364068e+03 9.294498e+03
11.7 9.238729e+03 9.274719e+03 9.312967e+03 9.276976e+03
12.7 8.982269e+03 9.187516e+03 9.294448e+03 9.089201e+03
1.0 9.573801e+03 9.480059e+03 9.436678e+03 9.530420e+03
2.0 9.558723e+03 9.494862e+03 9.525244e+03 9.589105e+03
3.0 9.623349e+03 9.592094e+03 9.697507e+03 9.728762e+03
4.0 9.408495e+03 9.544709e+03 9.628072e+03 9.491858e+03
5.0 9.282168e+03 9.530688e+03 9.469318e+03 9.220798e+03
6.0 9.346797e+03 9.416367e+03 9.364068e+03 9.294498e+03
7.0 9.238729e+03 9.274719e+03 9.312967e+03 9.276976e+03
8.0 8.982269e+03 9.187516e+03 9.294448e+03 9.089201e+03
