0.3 8.306967e+03 8.296331e+03 8.261077e+03 8.271714e+03
1.3 8.145714e+03 8.287729e+03 8.256324e+03 8.114309e+03
2.3 8.293166e+03 8.258823e+03 8.240669e+03 8.275011e+03
3.3 8.277047e+03 8.244603e+03 8.240207e+03 8.272651e+03
4.3 8.215965e+03 8.227055e+03 8.249323e+03 8.238233e+03
5.3 8.068622e+03 8.225071e+03 8.257003e+03 8.100554e+03
6.3 8.259647e+03 8.246625e+03 8.261004e+03 8.274026e+03
7.3 8.266785e+03 8.324802e+03 8.262714e+03 8.204697e+03
8.3 8.339844e+03 8.362348e+03 8.263009e+03 8.240505e+03
9.3 8.284744e+03 8.328881e+03 8.262619e+03 8.218481e+03
10.3 8.273499e+03 8.285730e+03 8.262027e+03 8.249796e+03
11.3 8.251200e+03 8.285132e+03 8.261539e+03 8.227607e+03
12.3 8.386079e+03 8.360707e+03 8.261212e+03 8.286584e+03
13.3 8.392759e+03 8.365461e+03 8.261031e+03 8.288329e+03
14.3 8.242541e+03 8.298047e+03 8.260934e+03 8.205428e+03
15.3 8.130400e+03 8.247559e+03 8.260880e+03 8.143721e+03
16.3 8.242350e+03 8.240315e+03 8.260847e+03 8.262882e+03
17.3 8.095529e+03 8.247386e+03 8.260821e+03 8.108964e+03
0.8 8.511664e+03 8.280791e+03 8.260000e+03 8.490873e+03
1.8 8.389514e+03 8.276402e+03 8.247493e+03 8.360605e+03
2.8 8.351969e+03 8.262768e+03 8.237598e+03 8.326799e+03
3.8 8.267976e+03 8.262584e+03 8.243597e+03 8.248989e+03
4.8 8.473665e+03 8.261447e+03 8.252854e+03 8.465071e+03
5.8 8.405762e+03 8.253850e+03 8.258548e+03 8.410460e+03
6.8 8.224905e+03 8.254119e+03 8.261332e+03 8.232118e+03
7.8 8.245773e+03 8.259586e+03 8.262226e+03 8.248413e+03
8.8 8.339415e+03 8.263675e+03 8.262107e+03 8.337848e+03
9.8 7.897113e+03 8.268259e+03 8.261549e+03 7.890403e+03
10.8 8.073549e+03 8.310409e+03 8.260979e+03 8.024119e+03
11.8 8.194485e+03 8.371886e+03 8.260547e+03 8.083146e+03
12.8 8.345417e+03 8.362769e+03 8.260287e+03 8.242935e+03
13.8 8.484289e+03 8.316727e+03 8.260139e+03 8.427702e+03
14.8 8.399237e+03 8.279525e+03 8.260055e+03 8.379768e+03
15.8 8.267155e+03 8.257448e+03 8.260003e+03 8.269710e+03
16.8 8.200713e+03 8.242631e+03 8.259965e+03 8.218046e+03
17.8 8.246810e+03 8.241476e+03 8.259932e+03 8.265266e+03
0.4 8.363405e+03 8.274332e+03 8.260355e+03 8.349428e+03
1.4 8.357528e+03 8.256307e+03 8.253825e+03 8.355046e+03
2.4 8.221392e+03 8.232843e+03 8.239155e+03 8.227705e+03
3.4 8.314382e+03 8.229767e+03 8.240570e+03 8.325185e+03
4.4 8.117115e+03 8.248316e+03 8.249929e+03 8.118728e+03
5.4 8.323670e+03 8.314356e+03 8.257062e+03 8.266375e+03
6.4 8.294198e+03 8.361304e+03 8.260886e+03 8.193780e+03
7.4 8.439033e+03 8.334956e+03 8.262411e+03 8.366488e+03
8.4 8.396682e+03 8.290084e+03 8.262656e+03 8.369254e+03
9.4 8.446706e+03 8.259594e+03 8.262271e+03 8.449383e+03
10.4 8.389529e+03 8.226383e+03 8.261746e+03 8.424892e+03
11.4 8.191732e+03 8.200314e+03 8.261318e+03 8.252737e+03
12.4 8.127978e+03 8.232933e+03 8.261070e+03 8.156115e+03
13.4 8.211950e+03 8.317847e+03 8.260952e+03 8.155055e+03
14.4 8.248801e+03 8.322920e+03 8.260918e+03 8.186799e+03
15.4 8.362512e+03 8.271381e+03 8.260924e+03 8.352055e+03
16.4 8.304325e+03 8.237291e+03 8.260948e+03 8.327983e+03
17.4 8.289064e+03 8.163604e+03 8.260980e+03 8.386440e+03
0.1 8.225577e+03 8.312953e+03 8.261482e+03 8.174106e+03
1.1 8.349028e+03 8.279456e+03 8.259076e+03 8.328649e+03
2.1 8.340458e+03 8.238329e+03 8.243837e+03 8.345965e+03
3.1 8.266891e+03 8.219928e+03 8.239514e+03 8.286476e+03
4.1 8.201137e+03 8.225488e+03 8.247953e+03 8.223602e+03
5.1 8.225226e+03 8.248596e+03 8.256365e+03 8.232995e+03
6.1 8.413172e+03 8.269741e+03 8.261005e+03 8.404436e+03
7.1 8.132763e+03 8.270175e+03 8.263092e+03 8.125680e+03
8.1 8.470853e+03 8.319614e+03 8.263652e+03 8.414890e+03
9.1 8.391811e+03 8.382755e+03 8.263375e+03 8.272431e+03
10.1 8.261172e+03 8.358944e+03 8.262812e+03 8.165039e+03
11.1 8.238478e+03 8.321077e+03 8.262314e+03 8.179715e+03
12.1 8.256852e+03 8.286799e+03 8.261976e+03 8.232029e+03
13.1 8.360228e+03 8.258800e+03 8.261760e+03 8.363188e+03
14.1 8.116768e+03 8.237173e+03 8.254716e+03 8.134310e+03
15.1 7.970587e+03 8.217959e+03 8.239986e+03 7.992614e+03
16.1 8.387895e+03 8.219172e+03 8.241907e+03 8.410631e+03
17.1 8.338378e+03 8.222428e+03 8.251227e+03 8.367176e+03
0.4 8.360228e+03 8.258800e+03 8.261760e+03 8.363188e+03
1.4 8.116768e+03 8.237173e+03 8.254716e+03 8.134310e+03
2.4 7.970587e+03 8.217959e+03 8.239986e+03 7.992614e+03
3.4 8.387895e+03 8.219172e+03 8.241907e+03 8.410631e+03
4.4 8.338378e+03 8.222428e+03 8.251227e+03 8.367176e+03
5.4 7.792866e+03 8.228091e+03 8.258338e+03 7.823113e+03
6.4 7.833436e+03 8.238560e+03 8.261905e+03 7.856781e+03
7.4 8.586720e+03 8.215212e+03 8.263344e+03 8.634851e+03
8.4 8.156270e+03 8.107428e+03 8.263483e+03 8.312325e+03
9.4 8.278460e+03 8.101092e+03 8.263022e+03 8.440391e+03
10.4 8.329537e+03 8.184725e+03 8.262413e+03 8.407226e+03
11.4 8.300837e+03 8.256673e+03 8.261928e+03 8.306093e+03
12.4 8.202665e+03 8.280208e+03 8.261601e+03 8.184058e+03
13.4 8.465206e+03 8.275218e+03 8.259426e+03 8.449415e+03
14.4 8.189427e+03 8.251513e+03 8.244320e+03 8.182234e+03
15.4 8.168609e+03 8.237468e+03 8.238957e+03 8.170098e+03
16.4 8.349777e+03 8.237196e+03 8.247050e+03 8.359631e+03
17.4 8.107946e+03 8.219886e+03 8.255547e+03 8.143606e+03
1.0 8.465206e+03 8.275218e+03 8.259426e+03 8.449415e+03
2.0 8.189427e+03 8.251513e+03 8.244320e+03 8.182234e+03
3.0 8.168609e+03 8.237468e+03 8.238957e+03 8.170098e+03
4.0 8.349777e+03 8.237196e+03 8.247050e+03 8.359631e+03
5.0 8.107946e+03 8.219886e+03 8.255547e+03 8.143606e+03
6.0 8.196477e+03 8.197347e+03 8.260271e+03 8.259401e+03
7.0 8.408231e+03 8.236407e+03 8.262382e+03 8.434206e+03
8.0 8.507773e+03 8.319229e+03 8.262923e+03 8.451468e+03
9.0 8.336785e+03 8.321686e+03 8.262596e+03 8.277695e+03
10.0 8.515129e+03 8.280319e+03 8.261959e+03 8.496770e+03
11.0 8.250535e+03 8.248460e+03 8.261377e+03 8.263453e+03
12.0 7.954580e+03 8.149117e+03 8.260954e+03 8.066417e+03
13.0 8.112114e+03 8.069920e+03 8.260675e+03 8.302869e+03
14.0 7.995680e+03 8.112574e+03 8.260498e+03 8.143605e+03
15.0 8.020617e+03 8.181622e+03 8.260372e+03 8.099366e+03
16.0 8.387089e+03 8.256204e+03 8.260268e+03 8.391153e+03
17.0 8.623007e+03 8.342094e+03 8.260174e+03 8.541087e+03
18.0 8.282412e+03 8.354140e+03 8.260081e+03 8.188354e+03
