1.0 9.069236e+03 9.130033e+03 9.127490e+03 9.066694e+03
2.0 8.890078e+03 9.055745e+03 9.064409e+03 8.898741e+03
3.0 9.023437e+03 9.027001e+03 9.044370e+03 9.040806e+03
4.0 9.017063e+03 9.057825e+03 9.078969e+03 9.038207e+03
5.0 9.191429e+03 9.093355e+03 9.113646e+03 9.211719e+03
6.0 9.338458e+03 9.131125e+03 9.133923e+03 9.341256e+03
7.0 9.160374e+03 9.151465e+03 9.142586e+03 9.151495e+03
8.0 9.167154e+03 9.112904e+03 9.110957e+03 9.165207e+03
9.0 9.182007e+03 9.044649e+03 9.052324e+03 9.189682e+03
10.0 9.118259e+03 9.068289e+03 9.061131e+03 9.111102e+03
11.0 9.253290e+03 9.190264e+03 9.098815e+03 9.161841e+03
12.0 9.353402e+03 9.240795e+03 9.125344e+03 9.237952e+03
13.0 9.241018e+03 9.259006e+03 9.139051e+03 9.121063e+03
14.0 9.232743e+03 9.259504e+03 9.144070e+03 9.117309e+03
15.0 9.294255e+03 9.207119e+03 9.144284e+03 9.231419e+03
16.0 9.252062e+03 9.121669e+03 9.142156e+03 9.272549e+03
17.0 9.032204e+03 9.026829e+03 9.139651e+03 9.145025e+03
18.0 9.033978e+03 9.016422e+03 9.137615e+03 9.155171e+03
0.5 9.160374e+03 9.151465e+03 9.142586e+03 9.151495e+03
1.5 9.167154e+03 9.112904e+03 9.110957e+03 9.165207e+03
2.5 9.182007e+03 9.044649e+03 9.052324e+03 9.189682e+03
3.5 9.118259e+03 9.068289e+03 9.061131e+03 9.111102e+03
4.5 9.253290e+03 9.190264e+03 9.098815e+03 9.161841e+03
5.5 9.353402e+03 9.240795e+03 9.125344e+03 9.237952e+03
6.5 9.241018e+03 9.259006e+03 9.139051e+03 9.121063e+03
7.5 9.232743e+03 9.259504e+03 9.144070e+03 9.117309e+03
8.5 9.294255e+03 9.207119e+03 9.144284e+03 9.231419e+03
9.5 9.252062e+03 9.121669e+03 9.142156e+03 9.272549e+03
10.5 9.032204e+03 9.026829e+03 9.139651e+03 9.145025e+03
11.5 9.033978e+03 9.016422e+03 9.137615e+03 9.155171e+03
12.5 9.077489e+03 9.058390e+03 9.136324e+03 9.155424e+03
13.5 9.212028e+03 9.097110e+03 9.135561e+03 9.250479e+03
14.5 9.167942e+03 9.122087e+03 9.135103e+03 9.180958e+03
15.5 8.952063e+03 9.147825e+03 9.134807e+03 8.939045e+03
16.5 9.198609e+03 9.172732e+03 9.134576e+03 9.160453e+03
17.5 8.997403e+03 9.169752e+03 9.134371e+03 8.962023e+03
0.8 9.109588e+03 9.121983e+03 9.130014e+03 9.117618e+03
1.8 8.967334e+03 9.051768e+03 9.078327e+03 8.993893e+03
2.8 8.999015e+03 8.998595e+03 9.037179e+03 9.037599e+03
3.8 8.952425e+03 9.019857e+03 9.063334e+03 8.995903e+03
4.8 9.009584e+03 9.056997e+03 9.101058e+03 9.053645e+03
5.8 9.081456e+03 9.094811e+03 9.125335e+03 9.111980e+03
6.8 9.176696e+03 9.125667e+03 9.136624e+03 9.187653e+03
7.8 9.176023e+03 9.126664e+03 9.140477e+03 9.189836e+03
8.8 9.100418e+03 9.130319e+03 9.140000e+03 9.110100e+03
9.8 9.117990e+03 9.149236e+03 9.137803e+03 9.106557e+03
10.8 9.094052e+03 9.136173e+03 9.135462e+03 9.093341e+03
11.8 9.110007e+03 9.132443e+03 9.133794e+03 9.111358e+03
12.8 9.084830e+03 9.212674e+03 9.132768e+03 9.004924e+03
13.8 9.134356e+03 9.245850e+03 9.132233e+03 9.020739e+03
14.8 9.030265e+03 9.197883e+03 9.131954e+03 8.964336e+03
15.8 8.943471e+03 9.141871e+03 9.131796e+03 8.933396e+03
16.8 9.088869e+03 9.145422e+03 9.131690e+03 9.075138e+03
17.8 9.193712e+03 9.219032e+03 9.131602e+03 9.106282e+03
