0.9 1.007617e+04 9.940004e+03 9.987758e+03 1.012392e+04
1.9 1.011238e+04 9.984167e+03 1.003874e+04 1.016695e+04
2.9 1.010930e+04 1.005524e+04 1.011175e+04 1.016580e+04
3.9 1.011977e+04 1.008007e+04 1.009613e+04 1.013583e+04
4.9 1.009632e+04 1.015867e+04 1.004200e+04 9.979653e+03
5.9 1.008145e+04 1.013191e+04 1.000323e+04 9.952777e+03
6.9 1.004538e+04 1.007186e+04 9.983251e+03 9.956769e+03
7.9 1.002445e+04 1.001285e+04 9.975398e+03 9.986998e+03
8.9 1.003331e+04 9.962162e+03 9.974846e+03 1.004600e+04
9.9 9.997598e+03 9.965562e+03 9.977640e+03 1.000968e+04
10.9 1.002241e+04 9.972077e+03 9.980990e+03 1.003133e+04
11.9 1.002339e+04 9.978185e+03 9.983642e+03 1.002885e+04
12.9 9.980571e+03 9.990955e+03 9.985359e+03 9.974975e+03
13.9 9.980161e+03 9.989245e+03 9.986284e+03 9.977200e+03
14.9 1.003481e+04 1.003062e+04 9.986770e+03 9.990954e+03
15.9 1.007132e+04 1.002985e+04 9.987020e+03 1.002848e+04
16.9 9.999006e+03 1.002498e+04 9.987168e+03 9.961193e+03
17.9 9.989567e+03 1.001079e+04 9.987273e+03 9.966048e+03
18.9 9.947873e+03 9.974513e+03 9.987363e+03 9.960723e+03
0.4 1.009237e+04 1.000852e+04 9.988173e+03 1.007203e+04
1.4 1.001653e+04 1.000862e+04 1.000593e+04 1.001385e+04
2.4 1.010791e+04 1.005431e+04 1.008066e+04 1.013426e+04
3.4 1.011846e+04 1.005939e+04 1.009987e+04 1.015894e+04
4.4 1.013468e+04 1.011330e+04 1.005692e+04 1.007829e+04
5.4 1.021610e+04 1.015301e+04 1.001544e+04 1.007853e+04
6.4 1.016367e+04 1.008044e+04 9.991631e+03 1.007486e+04
7.4 1.011983e+04 1.001520e+04 9.980814e+03 1.008545e+04
8.4 1.011149e+04 1.000962e+04 9.978184e+03 1.008005e+04
9.4 1.000547e+04 9.988650e+03 9.979749e+03 9.996570e+03
10.4 1.002778e+04 9.956871e+03 9.982656e+03 1.005356e+04
11.4 9.993909e+03 9.937944e+03 9.985290e+03 1.004126e+04
12.4 1.002640e+04 9.932629e+03 9.987133e+03 1.008090e+04
13.4 9.893757e+03 9.942247e+03 9.988171e+03 9.939681e+03
14.4 9.992530e+03 9.958586e+03 9.988729e+03 1.002267e+04
15.4 9.805398e+03 9.960557e+03 9.989013e+03 9.833854e+03
16.4 9.752047e+03 9.954241e+03 9.989179e+03 9.786984e+03
17.4 9.810458e+03 9.948967e+03 9.989296e+03 9.850787e+03
18.4 9.845569e+03 9.959585e+03 9.989397e+03 9.875380e+03
0.1 9.940754e+03 9.956050e+03 9.990084e+03 9.974788e+03
1.1 9.946007e+03 9.953290e+03 9.996476e+03 9.989192e+03
2.1 9.967477e+03 1.001433e+04 1.006070e+04 1.001384e+04
3.1 9.987477e+03 1.005930e+04 1.010560e+04 1.003377e+04
4.1 1.003921e+04 1.002883e+04 1.007364e+04 1.008402e+04
5.1 1.006067e+04 9.989725e+03 1.002822e+04 1.009916e+04
6.1 1.001262e+04 1.000474e+04 9.999317e+03 1.000720e+04
7.1 1.008232e+04 1.000959e+04 9.985197e+03 1.005793e+04
8.1 1.002198e+04 9.982671e+03 9.980712e+03 1.002002e+04
9.1 9.879815e+03 9.959719e+03 9.981391e+03 9.901487e+03
10.1 9.900167e+03 9.977356e+03 9.984132e+03 9.906943e+03
11.1 9.999334e+03 1.001720e+04 9.986946e+03 9.969078e+03
12.1 9.958370e+03 1.001108e+04 9.989047e+03 9.936334e+03
13.1 1.003587e+04 1.001876e+04 9.990282e+03 1.000739e+04
14.1 1.009386e+04 1.005194e+04 9.990949e+03 1.003286e+04
15.1 1.005243e+04 1.002552e+04 9.991261e+03 1.001817e+04
16.1 1.007047e+04 9.982501e+03 9.991412e+03 1.007938e+04
17.1 1.011294e+04 9.966989e+03 9.991498e+03 1.013745e+04
18.1 1.004703e+04 9.986857e+03 9.991557e+03 1.005173e+04
0.8 9.914432e+03 9.941729e+03 9.987038e+03 9.959742e+03
1.8 9.863192e+03 9.979539e+03 1.003052e+04 9.914173e+03
2.8 9.968352e+03 1.006160e+04 1.011319e+04 1.001994e+04
3.8 1.005270e+04 1.006224e+04 1.011218e+04 1.010265e+04
4.8 1.005649e+04 1.006217e+04 1.005495e+04 1.004927e+04
5.8 1.015981e+04 1.014076e+04 1.000855e+04 1.002760e+04
6.8 1.008947e+04 1.010451e+04 9.982786e+03 9.967744e+03
7.8 1.007242e+04 1.001854e+04 9.972181e+03 1.002606e+04
8.8 1.003060e+04 9.969384e+03 9.969978e+03 1.003119e+04
9.8 9.995590e+03 9.948593e+03 9.972037e+03 1.001903e+04
10.8 1.000683e+04 9.933107e+03 9.975121e+03 1.004884e+04
11.8 1.002659e+04 9.924197e+03 9.977674e+03 1.008006e+04
12.8 1.001439e+04 9.925019e+03 9.979105e+03 1.006848e+04
13.8 1.001199e+04 9.957562e+03 9.979681e+03 1.003411e+04
14.8 9.982828e+03 9.994237e+03 9.979729e+03 9.968320e+03
15.8 1.003628e+04 9.998361e+03 9.979473e+03 1.001739e+04
16.8 1.002460e+04 1.000988e+04 9.979093e+03 9.993808e+03
17.8 9.972616e+03 9.998869e+03 9.978671e+03 9.952418e+03
18.8 9.945844e+03 9.998153e+03 9.978242e+03 9.925933e+03
0.4 9.951943e+03 9.970228e+03 9.973914e+03 9.955630e+03
1.4 9.879306e+03 9.961463e+03 9.991288e+03 9.909131e+03
2.4 9.902083e+03 1.002741e+04 1.007443e+04 9.949108e+03
3.4 9.965785e+03 1.005635e+04 1.010904e+04 1.001848e+04
4.4 9.924137e+03 1.004554e+04 1.006403e+04 9.942628e+03
5.4 9.737007e+03 1.002195e+04 1.001093e+04 9.725985e+03
6.4 9.991970e+03 1.000999e+04 1.001551e+04 9.997495e+03
7.4 1.010584e+04 1.005097e+04 1.008171e+04 1.013658e+04
8.4 1.012091e+04 1.005267e+04 1.007835e+04 1.014659e+04
9.4 1.012292e+04 1.012293e+04 1.002796e+04 1.002796e+04
10.4 1.015176e+04 1.011578e+04 9.986894e+03 1.002287e+04
11.4 1.006856e+04 1.002877e+04 9.970153e+03 1.000995e+04
12.4 1.008876e+04 1.000942e+04 1.001973e+04 1.009908e+04
13.4 1.005186e+04 1.002971e+04 1.007736e+04 1.009951e+04
14.4 1.004477e+04 9.992956e+03 1.005660e+04 1.010841e+04
15.4 1.005454e+04 9.972176e+03 1.001023e+04 1.009259e+04
16.4 1.008933e+04 9.979979e+03 9.979911e+03 1.008926e+04
17.4 1.005880e+04 9.982506e+03 9.990959e+03 1.006725e+04
18.4 1.006261e+04 1.002667e+04 1.005799e+04 1.009392e+04
0.7 9.737007e+03 1.002195e+04 1.001093e+04 9.725985e+03
1.7 9.991970e+03 1.000999e+04 1.001551e+04 9.997495e+03
2.7 1.010584e+04 1.005097e+04 1.008171e+04 1.013658e+04
3.7 1.012091e+04 1.005267e+04 1.007835e+04 1.014659e+04
4.7 1.012292e+04 1.012293e+04 1.002796e+04 1.002796e+04
5.7 1.015176e+04 1.011578e+04 9.986894e+03 1.002287e+04
6.7 1.006856e+04 1.002877e+04 9.970153e+03 1.000995e+04
7.7 1.008876e+04 1.000942e+04 1.001973e+04 1.009908e+04
8.7 1.005186e+04 1.002971e+04 1.007736e+04 1.009951e+04
9.7 1.004477e+04 9.992956e+03 1.005660e+04 1.010841e+04
10.7 1.005454e+04 9.972176e+03 1.001023e+04 1.009259e+04
11.7 1.008933e+04 9.979979e+03 9.979911e+03 1.008926e+04
12.7 1.005880e+04 9.982506e+03 9.990959e+03 1.006725e+04
13.7 1.006261e+04 1.002667e+04 1.005799e+04 1.009392e+04
14.7 1.001701e+04 1.001872e+04 1.006549e+04 1.006378e+04
15.7 1.005190e+04 9.969202e+03 1.002350e+04 1.010620e+04
16.7 1.001677e+04 9.989617e+03 9.988255e+03 1.001540e+04
17.7 1.008627e+04 1.009385e+04 9.969137e+03 9.961557e+03
18.7 1.012867e+04 1.007997e+04 9.961672e+03 1.001038e+04
1.0 1.006856e+04 1.002877e+04 9.970153e+03 1.000995e+04
2.0 1.008876e+04 1.000942e+04 1.001973e+04 1.009908e+04
3.0 1.005186e+04 1.002971e+04 1.007736e+04 1.009951e+04
4.0 1.004477e+04 9.992956e+03 1.005660e+04 1.010841e+04
5.0 1.005454e+04 9.972176e+03 1.001023e+04 1.009259e+04
6.0 1.008933e+04 9.979979e+03 9.979911e+03 1.008926e+04
7.0 1.005880e+04 9.982506e+03 9.990959e+03 1.006725e+04
8.0 1.006261e+04 1.002667e+04 1.005799e+04 1.009392e+04
9.0 1.001701e+04 1.001872e+04 1.006549e+04 1.006378e+04
10.0 1.005190e+04 9.969202e+03 1.002350e+04 1.010620e+04
11.0 1.001677e+04 9.989617e+03 9.988255e+03 1.001540e+04
12.0 1.008627e+04 1.009385e+04 9.969137e+03 9.961557e+03
13.0 1.012867e+04 1.007997e+04 9.961672e+03 1.001038e+04
14.0 1.011913e+04 1.004520e+04 9.960603e+03 1.003452e+04
15.0 9.990253e+03 1.000987e+04 9.962849e+03 9.943237e+03
16.0 9.878779e+03 9.960309e+03 9.965920e+03 9.884389e+03
17.0 9.535439e+03 9.932847e+03 9.968572e+03 9.571163e+03
18.0 9.736039e+03 9.952462e+03 9.970306e+03 9.753883e+03
19.0 9.805849e+03 9.960116e+03 9.979022e+03 9.824755e+03
0.5 1.008933e+04 9.979979e+03 9.979911e+03 1.008926e+04
1.5 1.005880e+04 9.982506e+03 9.990959e+03 1.006725e+04
2.5 1.006261e+04 1.002667e+04 1.005799e+04 1.009392e+04
3.5 1.001701e+04 1.001872e+04 1.006549e+04 1.006378e+04
4.5 1.005190e+04 9.969202e+03 1.002350e+04 1.010620e+04
5.5 1.001677e+04 9.989617e+03 9.988255e+03 1.001540e+04
6.5 1.008627e+04 1.009385e+04 9.969137e+03 9.961557e+03
7.5 1.012867e+04 1.007997e+04 9.961672e+03 1.001038e+04
8.5 1.011913e+04 1.004520e+04 9.960603e+03 1.003452e+04
9.5 9.990253e+03 1.000987e+04 9.962849e+03 9.943237e+03
10.5 9.878779e+03 9.960309e+03 9.965920e+03 9.884389e+03
11.5 9.535439e+03 9.932847e+03 9.968572e+03 9.571163e+03
12.5 9.736039e+03 9.952462e+03 9.970306e+03 9.753883e+03
13.5 9.805849e+03 9.960116e+03 9.979022e+03 9.824755e+03
14.5 9.999768e+03 1.001493e+04 1.005272e+04 1.003756e+04
15.5 1.000875e+04 1.007736e+04 1.012834e+04 1.005973e+04
16.5 1.007072e+04 1.004535e+04 1.010180e+04 1.012717e+04
17.5 1.003757e+04 9.996905e+03 1.003769e+04 1.007836e+04
18.5 1.006590e+04 1.007780e+04 9.991784e+03 9.979885e+03
0.1 9.736039e+03 9.952462e+03 9.970306e+03 9.753883e+03
1.1 9.805849e+03 9.960116e+03 9.979022e+03 9.824755e+03
2.1 9.999768e+03 1.001493e+04 1.005272e+04 1.003756e+04
3.1 1.000875e+04 1.007736e+04 1.012834e+04 1.005973e+04
4.1 1.007072e+04 1.004535e+04 1.010180e+04 1.012717e+04
5.1 1.003757e+04 9.996905e+03 1.003769e+04 1.007836e+04
6.1 1.006590e+04 1.007780e+04 9.991784e+03 9.979885e+03
7.1 1.004402e+04 1.010037e+04 9.968051e+03 9.911706e+03
8.1 1.000307e+04 1.002844e+04 9.959580e+03 9.934204e+03
9.1 9.972328e+03 9.993564e+03 9.959413e+03 9.938177e+03
10.1 1.001860e+04 9.999664e+03 9.962969e+03 9.981902e+03
11.1 1.003028e+04 9.994190e+03 9.967087e+03 1.000318e+04
12.1 1.001847e+04 9.994850e+03 9.970350e+03 9.993966e+03
13.1 1.007968e+04 9.977945e+03 9.972342e+03 1.007407e+04
14.1 1.010751e+04 9.981239e+03 9.973454e+03 1.009972e+04
15.1 1.005097e+04 9.970363e+03 9.974002e+03 1.005461e+04
16.1 1.005435e+04 9.973319e+03 9.974274e+03 1.005531e+04
17.1 1.006238e+04 9.979723e+03 9.974414e+03 1.005707e+04
18.1 1.007028e+04 9.959108e+03 9.974486e+03 1.008566e+04
0.7 9.897044e+03 1.005087e+04 9.973436e+03 9.819608e+03
1.7 1.007036e+04 1.004439e+04 1.000762e+04 1.003360e+04
2.7 1.006695e+04 1.008349e+04 1.009325e+04 1.007671e+04
3.7 1.009325e+04 1.007108e+04 1.010038e+04 1.012255e+04
4.7 1.010924e+04 1.005068e+04 1.004544e+04 1.010400e+04
5.7 9.987453e+03 1.001841e+04 1.000161e+04 9.970649e+03
6.7 1.007560e+04 1.002703e+04 1.003153e+04 1.008010e+04
7.7 1.007339e+04 1.006481e+04 1.008973e+04 1.009831e+04
8.7 1.008481e+04 1.004834e+04 1.006627e+04 1.010275e+04
9.7 1.007028e+04 1.003572e+04 1.001263e+04 1.004719e+04
10.7 1.003050e+04 9.998261e+03 9.977074e+03 1.000931e+04
11.7 1.005302e+04 9.956262e+03 9.959808e+03 1.005657e+04
12.7 1.002518e+04 9.931215e+03 9.953551e+03 1.004751e+04
1.0 9.987453e+03 1.001841e+04 1.000161e+04 9.970649e+03
2.0 1.007560e+04 1.002703e+04 1.003153e+04 1.008010e+04
3.0 1.007339e+04 1.006481e+04 1.008973e+04 1.009831e+04
4.0 1.008481e+04 1.004834e+04 1.006627e+04 1.010275e+04
5.0 1.007028e+04 1.003572e+04 1.001263e+04 1.004719e+04
6.0 1.003050e+04 9.998261e+03 9.977074e+03 1.000931e+04
7.0 1.005302e+04 9.956262e+03 9.959808e+03 1.005657e+04
8.0 1.002518e+04 9.931215e+03 9.953551e+03 1.004751e+04
