1.0 1.135931e+04 1.142876e+04 1.142004e+04 1.135059e+04
2.0 1.150885e+04 1.141925e+04 1.140828e+04 1.149789e+04
3.0 1.126576e+04 1.140259e+04 1.139089e+04 1.125406e+04
4.0 1.139424e+04 1.140475e+04 1.139320e+04 1.138269e+04
5.0 1.155056e+04 1.141696e+04 1.140586e+04 1.153946e+04
6.0 1.149574e+04 1.142673e+04 1.141606e+04 1.148508e+04
7.0 1.171355e+04 1.142715e+04 1.142130e+04 1.170771e+04
8.0 1.144694e+04 1.141804e+04 1.142343e+04 1.145233e+04
9.0 1.162164e+04 1.141880e+04 1.142369e+04 1.162652e+04
10.0 1.134528e+04 1.142104e+04 1.142308e+04 1.134732e+04
11.0 1.154879e+04 1.140523e+04 1.142225e+04 1.156582e+04
12.0 1.129766e+04 1.140421e+04 1.142159e+04 1.131505e+04
13.0 1.129080e+04 1.141703e+04 1.142116e+04 1.129494e+04
14.0 1.139687e+04 1.142761e+04 1.142093e+04 1.139020e+04
15.0 1.147775e+04 1.143080e+04 1.142081e+04 1.146777e+04
16.0 1.130527e+04 1.140854e+04 1.142075e+04 1.131748e+04
17.0 1.138674e+04 1.139184e+04 1.142072e+04 1.141561e+04
18.0 1.122624e+04 1.140377e+04 1.142069e+04 1.124315e+04
19.0 1.145816e+04 1.142663e+04 1.142067e+04 1.145220e+04
0.3 1.138654e+04 1.148765e+04 1.142085e+04 1.131973e+04
1.3 1.130062e+04 1.147179e+04 1.141782e+04 1.124665e+04
2.3 1.146491e+04 1.144367e+04 1.140127e+04 1.142251e+04
3.3 1.163005e+04 1.142428e+04 1.138936e+04 1.159513e+04
4.3 1.127293e+04 1.142830e+04 1.139738e+04 1.124201e+04
5.3 1.127765e+04 1.143941e+04 1.141019e+04 1.124842e+04
6.3 1.140821e+04 1.144633e+04 1.141834e+04 1.138023e+04
7.3 1.148413e+04 1.143640e+04 1.142230e+04 1.147004e+04
8.3 1.132041e+04 1.142221e+04 1.142366e+04 1.132186e+04
9.3 1.131706e+04 1.137494e+04 1.142352e+04 1.136565e+04
10.3 1.114694e+04 1.124764e+04 1.142277e+04 1.132207e+04
11.3 1.114221e+04 1.125837e+04 1.142199e+04 1.130583e+04
12.3 1.125204e+04 1.133186e+04 1.142142e+04 1.134161e+04
13.3 1.142138e+04 1.139984e+04 1.142107e+04 1.144261e+04
14.3 1.155783e+04 1.146807e+04 1.142089e+04 1.151065e+04
15.3 1.147913e+04 1.150951e+04 1.142080e+04 1.139041e+04
16.3 1.148507e+04 1.150207e+04 1.142075e+04 1.140375e+04
17.3 1.122002e+04 1.148055e+04 1.142072e+04 1.116020e+04
18.3 1.145261e+04 1.145167e+04 1.142070e+04 1.142164e+04
0.8 1.129671e+04 1.144044e+04 1.142100e+04 1.127727e+04
1.8 1.146548e+04 1.143313e+04 1.141197e+04 1.144432e+04
2.8 1.143202e+04 1.141323e+04 1.139358e+04 1.141236e+04
3.8 1.140010e+04 1.140917e+04 1.139203e+04 1.138297e+04
4.8 1.136932e+04 1.141875e+04 1.140417e+04 1.135475e+04
5.8 1.144415e+04 1.142748e+04 1.141525e+04 1.143192e+04
6.8 1.170777e+04 1.143156e+04 1.142122e+04 1.169743e+04
7.8 1.131959e+04 1.142944e+04 1.142379e+04 1.131394e+04
8.8 1.160173e+04 1.141285e+04 1.142433e+04 1.161322e+04
9.8 1.143383e+04 1.140405e+04 1.142383e+04 1.145361e+04
10.8 1.153818e+04 1.141078e+04 1.142302e+04 1.155041e+04
11.8 1.138892e+04 1.141885e+04 1.142233e+04 1.139239e+04
12.8 1.129531e+04 1.141022e+04 1.142186e+04 1.130695e+04
13.8 1.120064e+04 1.137878e+04 1.142159e+04 1.124345e+04
14.8 1.138596e+04 1.138365e+04 1.142145e+04 1.142376e+04
15.8 1.138612e+04 1.146073e+04 1.142137e+04 1.134675e+04
16.8 1.156655e+04 1.149209e+04 1.142131e+04 1.149577e+04
17.8 1.143294e+04 1.144763e+04 1.142126e+04 1.140657e+04
18.8 1.140007e+04 1.139172e+04 1.142121e+04 1.142956e+04
