0.2 1.087239e+04 1.095896e+04 1.096809e+04 1.088153e+04
1.2 1.103550e+04 1.094116e+04 1.096495e+04 1.105929e+04
2.2 1.088357e+04 1.091502e+04 1.094937e+04 1.091792e+04
3.2 1.068320e+04 1.090797e+04 1.094678e+04 1.072201e+04
4.2 1.086169e+04 1.091566e+04 1.095566e+04 1.090170e+04
5.2 1.062764e+04 1.092403e+04 1.096348e+04 1.066709e+04
6.2 1.085197e+04 1.093131e+04 1.096782e+04 1.088849e+04
7.2 1.109967e+04 1.095109e+04 1.096976e+04 1.111834e+04
8.2 1.093893e+04 1.096411e+04 1.097021e+04 1.094503e+04
9.2 1.090147e+04 1.095636e+04 1.096989e+04 1.091500e+04
10.2 1.103242e+04 1.096049e+04 1.096935e+04 1.104128e+04
11.2 1.095638e+04 1.109842e+04 1.096887e+04 1.082683e+04
12.2 1.112082e+04 1.115665e+04 1.096855e+04 1.093272e+04
13.2 1.106805e+04 1.107741e+04 1.096838e+04 1.095902e+04
14.2 1.093888e+04 1.099242e+04 1.096830e+04 1.091476e+04
15.2 1.089967e+04 1.096977e+04 1.096827e+04 1.089816e+04
16.2 1.083844e+04 1.098643e+04 1.096826e+04 1.082027e+04
17.2 1.076594e+04 1.097493e+04 1.096826e+04 1.075927e+04
0.1 1.102956e+04 1.096944e+04 1.096816e+04 1.102828e+04
1.1 1.095430e+04 1.095582e+04 1.096526e+04 1.096375e+04
2.1 1.093341e+04 1.093236e+04 1.095001e+04 1.095106e+04
3.1 1.108253e+04 1.092356e+04 1.094663e+04 1.110560e+04
4.1 1.081071e+04 1.093176e+04 1.095516e+04 1.083410e+04
5.1 1.091006e+04 1.096727e+04 1.096311e+04 1.090590e+04
6.1 1.115196e+04 1.099565e+04 1.096766e+04 1.112396e+04
7.1 1.074134e+04 1.098445e+04 1.096959e+04 1.072649e+04
8.1 1.086341e+04 1.096323e+04 1.097006e+04 1.087024e+04
9.1 1.113816e+04 1.094926e+04 1.096974e+04 1.115864e+04
10.1 1.101123e+04 1.095270e+04 1.096917e+04 1.102770e+04
11.1 1.107417e+04 1.098864e+04 1.096866e+04 1.105418e+04
12.1 1.088382e+04 1.099310e+04 1.096831e+04 1.085903e+04
13.1 1.083179e+04 1.092721e+04 1.096811e+04 1.087269e+04
14.1 1.090289e+04 1.087953e+04 1.096801e+04 1.099136e+04
15.1 1.073722e+04 1.089055e+04 1.096795e+04 1.081462e+04
16.1 1.103135e+04 1.091549e+04 1.096792e+04 1.108379e+04
17.1 1.083348e+04 1.093251e+04 1.096790e+04 1.086887e+04
0.2 1.085883e+04 1.096552e+04 1.096868e+04 1.086199e+04
1.2 1.140518e+04 1.093601e+04 1.096436e+04 1.143353e+04
2.2 1.122086e+04 1.090650e+04 1.094912e+04 1.126348e+04
3.2 1.101701e+04 1.090101e+04 1.094786e+04 1.106386e+04
4.2 1.103206e+04 1.092736e+04 1.095699e+04 1.106170e+04
5.2 1.075175e+04 1.095506e+04 1.096455e+04 1.076125e+04
6.2 1.095402e+04 1.095401e+04 1.096874e+04 1.096875e+04
7.2 1.096348e+04 1.094306e+04 1.097048e+04 1.099090e+04
8.2 1.103062e+04 1.095103e+04 1.097085e+04 1.105044e+04
9.2 1.098220e+04 1.095136e+04 1.097050e+04 1.100135e+04
10.2 1.076412e+04 1.094126e+04 1.096996e+04 1.079281e+04
11.2 1.097704e+04 1.096517e+04 1.096948e+04 1.098136e+04
12.2 1.111037e+04 1.100074e+04 1.096918e+04 1.107881e+04
13.2 1.090326e+04 1.096396e+04 1.096901e+04 1.090831e+04
14.2 1.086000e+04 1.088204e+04 1.096893e+04 1.094689e+04
15.2 1.099199e+04 1.087291e+04 1.096889e+04 1.108796e+04
16.2 1.097071e+04 1.092120e+04 1.096887e+04 1.101837e+04
17.2 1.085392e+04 1.094231e+04 1.096840e+04 1.088001e+04
0.8 1.085392e+04 1.094231e+04 1.096840e+04 1.088001e+04
1.8 1.083352e+04 1.092412e+04 1.095649e+04 1.086588e+04
2.8 1.087468e+04 1.090398e+04 1.094631e+04 1.091700e+04
3.8 1.085829e+04 1.090319e+04 1.095223e+04 1.090734e+04
4.8 1.054302e+04 1.090916e+04 1.096137e+04 1.059523e+04
5.8 1.093266e+04 1.095074e+04 1.096699e+04 1.094892e+04
6.8 1.109260e+04 1.103050e+04 1.096969e+04 1.103179e+04
7.8 1.101327e+04 1.103740e+04 1.097060e+04 1.094647e+04
8.8 1.104454e+04 1.098498e+04 1.097047e+04 1.103002e+04
9.8 1.106167e+04 1.093648e+04 1.096990e+04 1.109509e+04
10.8 1.100540e+04 1.090942e+04 1.096932e+04 1.106530e+04
11.8 1.106142e+04 1.090477e+04 1.096888e+04 1.112553e+04
12.8 1.101449e+04 1.094066e+04 1.096859e+04 1.104241e+04
13.8 1.106343e+04 1.096004e+04 1.096841e+04 1.107180e+04
14.8 1.101756e+04 1.096779e+04 1.096829e+04 1.101805e+04
15.8 1.108951e+04 1.096732e+04 1.096820e+04 1.109038e+04
16.8 1.104785e+04 1.094762e+04 1.096811e+04 1.106835e+04
17.8 1.094028e+04 1.094012e+04 1.096803e+04 1.096820e+04
