0.6 2.662224e+03 2.552157e+03 2.543483e+03 2.653550e+03
1.6 2.841692e+03 2.548612e+03 2.540903e+03 2.833984e+03
2.6 2.678124e+03 2.540207e+03 2.533473e+03 2.671389e+03
3.6 2.266813e+03 2.537770e+03 2.532009e+03 2.261052e+03
4.6 2.604205e+03 2.541284e+03 2.536486e+03 2.599407e+03
5.6 2.560781e+03 2.544685e+03 2.540827e+03 2.556922e+03
6.6 2.524042e+03 2.545087e+03 2.543204e+03 2.522159e+03
7.6 2.336982e+03 2.523305e+03 2.544238e+03 2.357916e+03
8.6 2.588418e+03 2.491235e+03 2.544469e+03 2.641652e+03
9.6 2.470557e+03 2.492476e+03 2.544273e+03 2.522353e+03
10.6 2.481561e+03 2.500051e+03 2.543936e+03 2.525446e+03
11.6 2.478143e+03 2.514037e+03 2.542499e+03 2.506605e+03
12.6 2.549005e+03 2.524144e+03 2.536376e+03 2.561237e+03
13.6 2.534285e+03 2.531549e+03 2.534103e+03 2.536838e+03
14.6 2.445326e+03 2.539338e+03 2.537308e+03 2.443297e+03
15.6 2.541138e+03 2.559363e+03 2.540804e+03 2.522578e+03
16.6 2.646438e+03 2.567962e+03 2.542770e+03 2.621246e+03
17.6 2.463282e+03 2.576071e+03 2.543643e+03 2.430855e+03
0.3 2.481561e+03 2.500051e+03 2.543936e+03 2.525446e+03
1.3 2.478143e+03 2.514037e+03 2.542499e+03 2.506605e+03
2.3 2.549005e+03 2.524144e+03 2.536376e+03 2.561237e+03
3.3 2.534285e+03 2.531549e+03 2.534103e+03 2.536838e+03
4.3 2.445326e+03 2.539338e+03 2.537308e+03 2.443297e+03
5.3 2.541138e+03 2.559363e+03 2.540804e+03 2.522578e+03
6.3 2.646438e+03 2.567962e+03 2.542770e+03 2.621246e+03
7.3 2.463282e+03 2.576071e+03 2.543643e+03 2.430855e+03
8.3 2.609728e+03 2.586094e+03 2.543858e+03 2.567492e+03
9.3 2.605883e+03 2.570648e+03 2.543708e+03 2.578942e+03
10.3 2.659541e+03 2.548696e+03 2.543427e+03 2.654273e+03
11.3 2.607492e+03 2.533885e+03 2.542115e+03 2.615722e+03
12.3 2.801100e+03 2.520968e+03 2.535592e+03 2.815724e+03
13.3 2.804789e+03 2.515267e+03 2.532180e+03 2.821702e+03
14.3 2.791616e+03 2.518396e+03 2.535476e+03 2.808696e+03
15.3 2.546025e+03 2.523111e+03 2.539573e+03 2.562488e+03
16.3 2.645406e+03 2.523076e+03 2.539007e+03 2.661338e+03
17.3 2.542873e+03 2.517859e+03 2.533618e+03 2.558631e+03
0.2 2.659541e+03 2.548696e+03 2.543427e+03 2.654273e+03
1.2 2.607492e+03 2.533885e+03 2.542115e+03 2.615722e+03
2.2 2.801100e+03 2.520968e+03 2.535592e+03 2.815724e+03
3.2 2.804789e+03 2.515267e+03 2.532180e+03 2.821702e+03
4.2 2.791616e+03 2.518396e+03 2.535476e+03 2.808696e+03
5.2 2.546025e+03 2.523111e+03 2.539573e+03 2.562488e+03
6.2 2.645406e+03 2.523076e+03 2.539007e+03 2.661338e+03
7.2 2.542873e+03 2.517859e+03 2.533618e+03 2.558631e+03
8.2 2.802003e+03 2.527086e+03 2.533973e+03 2.808890e+03
9.2 2.667640e+03 2.592982e+03 2.538029e+03 2.612687e+03
10.2 2.399278e+03 2.615420e+03 2.541224e+03 2.325082e+03
11.2 2.442763e+03 2.582225e+03 2.542750e+03 2.403289e+03
12.2 2.595297e+03 2.547384e+03 2.542734e+03 2.590647e+03
13.2 2.323365e+03 2.521372e+03 2.537351e+03 2.339344e+03
14.2 2.369816e+03 2.508664e+03 2.533815e+03 2.394968e+03
15.2 2.387401e+03 2.541664e+03 2.536240e+03 2.381977e+03
16.2 2.626624e+03 2.602163e+03 2.539533e+03 2.563994e+03
17.2 2.566135e+03 2.587265e+03 2.541555e+03 2.520425e+03
0.6 2.546025e+03 2.523111e+03 2.539573e+03 2.562488e+03
1.6 2.645406e+03 2.523076e+03 2.539007e+03 2.661338e+03
2.6 2.542873e+03 2.517859e+03 2.533618e+03 2.558631e+03
3.6 2.802003e+03 2.527086e+03 2.533973e+03 2.808890e+03
4.6 2.667640e+03 2.592982e+03 2.538029e+03 2.612687e+03
5.6 2.399278e+03 2.615420e+03 2.541224e+03 2.325082e+03
6.6 2.442763e+03 2.582225e+03 2.542750e+03 2.403289e+03
7.6 2.595297e+03 2.547384e+03 2.542734e+03 2.590647e+03
8.6 2.323365e+03 2.521372e+03 2.537351e+03 2.339344e+03
9.6 2.369816e+03 2.508664e+03 2.533815e+03 2.394968e+03
10.6 2.387401e+03 2.541664e+03 2.536240e+03 2.381977e+03
11.6 2.626624e+03 2.602163e+03 2.539533e+03 2.563994e+03
12.6 2.566135e+03 2.587265e+03 2.541555e+03 2.520425e+03
13.6 2.563412e+03 2.518291e+03 2.542497e+03 2.587618e+03
14.6 2.397254e+03 2.483105e+03 2.542740e+03 2.456889e+03
15.6 2.406502e+03 2.475793e+03 2.542610e+03 2.473320e+03
16.6 2.450407e+03 2.478708e+03 2.542338e+03 2.514036e+03
17.6 2.410739e+03 2.493796e+03 2.542069e+03 2.459012e+03
0.1 2.442763e+03 2.582225e+03 2.542750e+03 2.403289e+03
1.1 2.595297e+03 2.547384e+03 2.542734e+03 2.590647e+03
2.1 2.323365e+03 2.521372e+03 2.537351e+03 2.339344e+03
3.1 2.369816e+03 2.508664e+03 2.533815e+03 2.394968e+03
4.1 2.387401e+03 2.541664e+03 2.536240e+03 2.381977e+03
5.1 2.626624e+03 2.602163e+03 2.539533e+03 2.563994e+03
6.1 2.566135e+03 2.587265e+03 2.541555e+03 2.520425e+03
7.1 2.563412e+03 2.518291e+03 2.542497e+03 2.587618e+03
8.1 2.397254e+03 2.483105e+03 2.542740e+03 2.456889e+03
9.1 2.406502e+03 2.475793e+03 2.542610e+03 2.473320e+03
10.1 2.450407e+03 2.478708e+03 2.542338e+03 2.514036e+03
11.1 2.410739e+03 2.493796e+03 2.542069e+03 2.459012e+03
12.1 2.610369e+03 2.523985e+03 2.541860e+03 2.628245e+03
13.1 2.359058e+03 2.563985e+03 2.541722e+03 2.336795e+03
14.1 2.484300e+03 2.566825e+03 2.541629e+03 2.459103e+03
15.1 2.332659e+03 2.546321e+03 2.541563e+03 2.327901e+03
16.1 2.191738e+03 2.528238e+03 2.541509e+03 2.205010e+03
17.1 2.379643e+03 2.519970e+03 2.541462e+03 2.401135e+03
0.4 2.654603e+03 2.536074e+03 2.541127e+03 2.659656e+03
1.4 2.700303e+03 2.517307e+03 2.539381e+03 2.722377e+03
2.4 2.449498e+03 2.503441e+03 2.533711e+03 2.479768e+03
3.4 2.470753e+03 2.499795e+03 2.533038e+03 2.503995e+03
4.4 2.413073e+03 2.503329e+03 2.536449e+03 2.446192e+03
5.4 2.611686e+03 2.514154e+03 2.539466e+03 2.636998e+03
6.4 2.458043e+03 2.535535e+03 2.541177e+03 2.463685e+03
7.4 2.791790e+03 2.541314e+03 2.541906e+03 2.792382e+03
8.4 2.380686e+03 2.557055e+03 2.542085e+03 2.365716e+03
9.4 2.578123e+03 2.558178e+03 2.541975e+03 2.561919e+03
10.4 2.476510e+03 2.540128e+03 2.541781e+03 2.478162e+03
11.4 2.573619e+03 2.560505e+03 2.541612e+03 2.554726e+03
12.4 2.689165e+03 2.748045e+03 2.541512e+03 2.482632e+03
13.4 2.681500e+03 2.788130e+03 2.541467e+03 2.434837e+03
14.4 2.765665e+03 2.680177e+03 2.541458e+03 2.626946e+03
15.4 2.494772e+03 2.602846e+03 2.541466e+03 2.433392e+03
16.4 2.582469e+03 2.565686e+03 2.541481e+03 2.558264e+03
17.4 2.507249e+03 2.530380e+03 2.541501e+03 2.518371e+03
0.4 2.592272e+03 2.499347e+03 2.541540e+03 2.634466e+03
1.4 2.696312e+03 2.499505e+03 2.539789e+03 2.736596e+03
2.4 2.604502e+03 2.497994e+03 2.533363e+03 2.639871e+03
3.4 2.543882e+03 2.502487e+03 2.532218e+03 2.573613e+03
4.4 2.433205e+03 2.525875e+03 2.536043e+03 2.443373e+03
5.4 2.487031e+03 2.541989e+03 2.539520e+03 2.484562e+03
6.4 2.446468e+03 2.537873e+03 2.541486e+03 2.450081e+03
7.4 2.490722e+03 2.529258e+03 2.542374e+03 2.503839e+03
8.4 2.272960e+03 2.523351e+03 2.542589e+03 2.292197e+03
9.4 2.420457e+03 2.501851e+03 2.542462e+03 2.461068e+03
10.4 2.372704e+03 2.465422e+03 2.542232e+03 2.449513e+03
11.4 2.447275e+03 2.466121e+03 2.542030e+03 2.523183e+03
12.4 2.392239e+03 2.485452e+03 2.541895e+03 2.448682e+03
13.4 2.450111e+03 2.492621e+03 2.541827e+03 2.499317e+03
14.4 2.553182e+03 2.505716e+03 2.541797e+03 2.589263e+03
15.4 2.519486e+03 2.528857e+03 2.541789e+03 2.532417e+03
16.4 2.567645e+03 2.587973e+03 2.541789e+03 2.521461e+03
17.4 2.393971e+03 2.627780e+03 2.541792e+03 2.307984e+03
1.0 2.486253e+03 2.536754e+03 2.541446e+03 2.490945e+03
2.0 2.372225e+03 2.518898e+03 2.536394e+03 2.389721e+03
3.0 2.604687e+03 2.508820e+03 2.530756e+03 2.626623e+03
4.0 2.576478e+03 2.518113e+03 2.532821e+03 2.591187e+03
5.0 2.493276e+03 2.543044e+03 2.537456e+03 2.487689e+03
6.0 2.559996e+03 2.546390e+03 2.539051e+03 2.552657e+03
7.0 2.615995e+03 2.533942e+03 2.535328e+03 2.617381e+03
8.0 2.452264e+03 2.528814e+03 2.535215e+03 2.458666e+03
9.0 2.431338e+03 2.579374e+03 2.538333e+03 2.390298e+03
10.0 2.766992e+03 2.621218e+03 2.540894e+03 2.686668e+03
11.0 2.665076e+03 2.596717e+03 2.542116e+03 2.610474e+03
12.0 2.658868e+03 2.560523e+03 2.542412e+03 2.640758e+03
13.0 2.260224e+03 2.533339e+03 2.538318e+03 2.265202e+03
14.0 2.442005e+03 2.516783e+03 2.532221e+03 2.457443e+03
15.0 2.402755e+03 2.514497e+03 2.533237e+03 2.421495e+03
16.0 2.491862e+03 2.528321e+03 2.537326e+03 2.500866e+03
17.0 2.557440e+03 2.549980e+03 2.540350e+03 2.547810e+03
18.0 2.546823e+03 2.550962e+03 2.541931e+03 2.537792e+03
0.4 2.493276e+03 2.543044e+03 2.537456e+03 2.487689e+03
1.4 2.559996e+03 2.546390e+03 2.539051e+03 2.552657e+03
2.4 2.615995e+03 2.533942e+03 2.535328e+03 2.617381e+03
3.4 2.452264e+03 2.528814e+03 2.535215e+03 2.458666e+03
4.4 2.431338e+03 2.579374e+03 2.538333e+03 2.390298e+03
5.4 2.766992e+03 2.621218e+03 2.540894e+03 2.686668e+03
6.4 2.665076e+03 2.596717e+03 2.542116e+03 2.610474e+03
7.4 2.658868e+03 2.560523e+03 2.542412e+03 2.640758e+03
8.4 2.260224e+03 2.533339e+03 2.538318e+03 2.265202e+03
9.4 2.442005e+03 2.516783e+03 2.532221e+03 2.457443e+03
10.4 2.402755e+03 2.514497e+03 2.533237e+03 2.421495e+03
11.4 2.491862e+03 2.528321e+03 2.537326e+03 2.500866e+03
12.4 2.557440e+03 2.549980e+03 2.540350e+03 2.547810e+03
13.4 2.546823e+03 2.550962e+03 2.541931e+03 2.537792e+03
14.4 2.598108e+03 2.534666e+03 2.542512e+03 2.605954e+03
15.4 2.322203e+03 2.491654e+03 2.542539e+03 2.373088e+03
16.4 2.463259e+03 2.472359e+03 2.542305e+03 2.533205e+03
17.4 2.477829e+03 2.479314e+03 2.542023e+03 2.540538e+03
0.8 2.658868e+03 2.560523e+03 2.542412e+03 2.640758e+03
1.8 2.260224e+03 2.533339e+03 2.538318e+03 2.265202e+03
2.8 2.442005e+03 2.516783e+03 2.532221e+03 2.457443e+03
3.8 2.402755e+03 2.514497e+03 2.533237e+03 2.421495e+03
4.8 2.491862e+03 2.528321e+03 2.537326e+03 2.500866e+03
5.8 2.557440e+03 2.549980e+03 2.540350e+03 2.547810e+03
6.8 2.546823e+03 2.550962e+03 2.541931e+03 2.537792e+03
7.8 2.598108e+03 2.534666e+03 2.542512e+03 2.605954e+03
8.8 2.322203e+03 2.491654e+03 2.542539e+03 2.373088e+03
9.8 2.463259e+03 2.472359e+03 2.542305e+03 2.533205e+03
10.8 2.477829e+03 2.479314e+03 2.542023e+03 2.540538e+03
11.8 2.475307e+03 2.493239e+03 2.541793e+03 2.523861e+03
12.8 2.560773e+03 2.496785e+03 2.541646e+03 2.605635e+03
13.8 2.339334e+03 2.476502e+03 2.541558e+03 2.404390e+03
14.8 2.519468e+03 2.480683e+03 2.541508e+03 2.580292e+03
15.8 2.444052e+03 2.490488e+03 2.541475e+03 2.495039e+03
16.8 2.619542e+03 2.504741e+03 2.541450e+03 2.656250e+03
17.8 2.451254e+03 2.519381e+03 2.541428e+03 2.473302e+03
0.1 2.490902e+03 2.478853e+03 2.541031e+03 2.553081e+03
1.1 2.346392e+03 2.496705e+03 2.540522e+03 2.390210e+03
2.1 2.328917e+03 2.504925e+03 2.534613e+03 2.358605e+03
3.1 2.416827e+03 2.504755e+03 2.527695e+03 2.439767e+03
4.1 2.357890e+03 2.517300e+03 2.529409e+03 2.369998e+03
5.1 2.698192e+03 2.539913e+03 2.535063e+03 2.693342e+03
6.1 2.357702e+03 2.547269e+03 2.539144e+03 2.349577e+03
7.1 2.631641e+03 2.562673e+03 2.541284e+03 2.610251e+03
8.1 2.572159e+03 2.564256e+03 2.542069e+03 2.549971e+03
9.1 2.761879e+03 2.698642e+03 2.542116e+03 2.605353e+03
10.1 2.920768e+03 2.814213e+03 2.541812e+03 2.648367e+03
11.1 2.801561e+03 2.730029e+03 2.541451e+03 2.612983e+03
12.1 2.753896e+03 2.610257e+03 2.541157e+03 2.684796e+03
13.1 2.621142e+03 2.565669e+03 2.540971e+03 2.596444e+03
14.1 2.312376e+03 2.588802e+03 2.540862e+03 2.264436e+03
15.1 2.718506e+03 2.583146e+03 2.540798e+03 2.676158e+03
16.1 2.827819e+03 2.548367e+03 2.540758e+03 2.820210e+03
17.1 2.256844e+03 2.522188e+03 2.540727e+03 2.275383e+03
