0.8 9.748185e+03 9.709031e+03 9.545304e+03 9.584457e+03
1.8 9.553390e+03 9.660777e+03 9.578311e+03 9.470924e+03
2.8 9.579913e+03 9.610763e+03 9.618417e+03 9.587567e+03
3.8 9.664720e+03 9.555862e+03 9.604231e+03 9.713089e+03
4.8 9.608362e+03 9.538779e+03 9.572363e+03 9.641946e+03
5.8 9.590555e+03 9.525398e+03 9.550957e+03 9.616114e+03
6.8 9.533426e+03 9.547867e+03 9.540087e+03 9.525646e+03
7.8 9.562007e+03 9.558360e+03 9.535822e+03 9.539469e+03
8.8 9.648259e+03 9.528539e+03 9.535491e+03 9.655212e+03
9.8 9.601866e+03 9.498007e+03 9.536904e+03 9.640763e+03
10.8 9.602408e+03 9.505628e+03 9.538518e+03 9.635298e+03
11.8 9.545933e+03 9.550932e+03 9.539689e+03 9.534689e+03
12.8 9.527841e+03 9.551561e+03 9.540323e+03 9.516603e+03
13.8 9.629059e+03 9.526309e+03 9.540519e+03 9.643269e+03
14.8 9.603486e+03 9.503946e+03 9.540479e+03 9.640019e+03
15.8 9.527654e+03 9.490138e+03 9.540316e+03 9.577832e+03
16.8 9.478169e+03 9.488071e+03 9.540102e+03 9.530200e+03
17.8 9.535926e+03 9.528707e+03 9.539866e+03 9.547086e+03
0.7 9.582012e+03 9.565821e+03 9.538100e+03 9.554292e+03
1.7 9.697688e+03 9.546367e+03 9.566117e+03 9.717438e+03
2.7 9.611870e+03 9.578536e+03 9.623559e+03 9.656893e+03
3.7 9.524817e+03 9.567931e+03 9.622380e+03 9.579266e+03
4.7 9.577025e+03 9.529357e+03 9.584262e+03 9.631929e+03
5.7 9.512016e+03 9.501465e+03 9.552943e+03 9.563494e+03
6.7 9.544458e+03 9.491116e+03 9.535614e+03 9.588955e+03
7.7 9.438144e+03 9.524893e+03 9.528494e+03 9.441745e+03
8.7 9.570268e+03 9.581085e+03 9.527057e+03 9.516239e+03
9.7 9.387099e+03 9.576810e+03 9.528472e+03 9.338761e+03
10.7 9.361046e+03 9.539924e+03 9.530602e+03 9.351724e+03
11.7 9.296043e+03 9.510178e+03 9.532473e+03 9.318338e+03
12.7 9.427041e+03 9.512790e+03 9.551210e+03 9.465462e+03
13.7 9.433388e+03 9.549967e+03 9.594795e+03 9.478215e+03
14.7 9.512614e+03 9.547811e+03 9.593175e+03 9.557978e+03
15.7 9.275793e+03 9.530949e+03 9.566397e+03 9.311240e+03
16.7 9.443440e+03 9.550212e+03 9.544487e+03 9.437715e+03
17.7 9.538522e+03 9.547427e+03 9.533076e+03 9.524171e+03
0.5 9.296043e+03 9.510178e+03 9.532473e+03 9.318338e+03
1.5 9.427041e+03 9.512790e+03 9.551210e+03 9.465462e+03
2.5 9.433388e+03 9.549967e+03 9.594795e+03 9.478215e+03
3.5 9.512614e+03 9.547811e+03 9.593175e+03 9.557978e+03
4.5 9.275793e+03 9.530949e+03 9.566397e+03 9.311240e+03
5.5 9.443440e+03 9.550212e+03 9.544487e+03 9.437715e+03
6.5 9.538522e+03 9.547427e+03 9.533076e+03 9.524171e+03
7.5 9.471083e+03 9.522180e+03 9.528161e+03 9.477064e+03
8.5 9.508368e+03 9.502894e+03 9.527236e+03 9.532709e+03
9.5 9.465414e+03 9.499523e+03 9.528205e+03 9.494096e+03
10.5 9.471955e+03 9.556420e+03 9.529700e+03 9.445234e+03
11.5 9.551559e+03 9.598497e+03 9.530870e+03 9.483932e+03
12.5 9.570529e+03 9.570078e+03 9.531580e+03 9.532030e+03
13.5 9.617767e+03 9.529671e+03 9.531880e+03 9.619976e+03
14.5 9.523146e+03 9.508438e+03 9.531951e+03 9.546659e+03
15.5 9.472757e+03 9.497771e+03 9.531910e+03 9.506896e+03
16.5 9.547815e+03 9.491145e+03 9.531822e+03 9.588492e+03
17.5 9.210586e+03 9.490879e+03 9.533777e+03 9.253484e+03
0.9 9.210586e+03 9.490879e+03 9.533777e+03 9.253484e+03
1.9 9.535339e+03 9.531008e+03 9.573136e+03 9.577467e+03
2.9 9.608250e+03 9.591453e+03 9.631964e+03 9.648761e+03
3.9 9.694362e+03 9.584051e+03 9.622946e+03 9.733258e+03
4.9 9.549297e+03 9.562387e+03 9.580122e+03 9.567032e+03
5.9 9.577710e+03 9.559427e+03 9.546559e+03 9.564842e+03
6.9 9.581892e+03 9.533960e+03 9.529492e+03 9.577424e+03
7.9 9.629716e+03 9.505787e+03 9.522723e+03 9.646652e+03
8.9 9.529039e+03 9.506238e+03 9.538626e+03 9.561426e+03
9.9 9.578220e+03 9.543336e+03 9.583549e+03 9.618432e+03
10.9 9.537976e+03 9.542844e+03 9.586403e+03 9.581536e+03
11.9 9.600265e+03 9.517771e+03 9.562000e+03 9.644494e+03
12.9 9.504872e+03 9.498052e+03 9.541782e+03 9.548602e+03
13.9 9.542692e+03 9.491106e+03 9.534120e+03 9.585706e+03
14.9 9.589045e+03 9.532226e+03 9.574866e+03 9.631685e+03
15.9 9.619205e+03 9.588070e+03 9.630687e+03 9.661823e+03
16.9 9.613018e+03 9.588763e+03 9.616830e+03 9.641085e+03
17.9 9.571022e+03 9.579779e+03 9.574981e+03 9.566224e+03
0.5 9.629716e+03 9.505787e+03 9.522723e+03 9.646652e+03
1.5 9.529039e+03 9.506238e+03 9.538626e+03 9.561426e+03
2.5 9.578220e+03 9.543336e+03 9.583549e+03 9.618432e+03
3.5 9.537976e+03 9.542844e+03 9.586403e+03 9.581536e+03
4.5 9.600265e+03 9.517771e+03 9.562000e+03 9.644494e+03
5.5 9.504872e+03 9.498052e+03 9.541782e+03 9.548602e+03
6.5 9.542692e+03 9.491106e+03 9.534120e+03 9.585706e+03
7.5 9.589045e+03 9.532226e+03 9.574866e+03 9.631685e+03
8.5 9.619205e+03 9.588070e+03 9.630687e+03 9.661823e+03
9.5 9.613018e+03 9.588763e+03 9.616830e+03 9.641085e+03
10.5 9.571022e+03 9.579779e+03 9.574981e+03 9.566224e+03
11.5 9.568305e+03 9.558689e+03 9.543925e+03 9.553540e+03
12.5 9.589105e+03 9.565958e+03 9.528734e+03 9.551881e+03
13.5 9.653246e+03 9.548594e+03 9.523076e+03 9.627728e+03
14.5 9.560618e+03 9.513223e+03 9.523099e+03 9.570494e+03
15.5 9.609913e+03 9.545197e+03 9.525625e+03 9.590340e+03
16.5 9.702178e+03 9.694989e+03 9.528642e+03 9.535831e+03
17.5 9.707010e+03 9.695534e+03 9.538499e+03 9.549975e+03
1.0 9.542692e+03 9.491106e+03 9.534120e+03 9.585706e+03
2.0 9.589045e+03 9.532226e+03 9.574866e+03 9.631685e+03
3.0 9.619205e+03 9.588070e+03 9.630687e+03 9.661823e+03
4.0 9.613018e+03 9.588763e+03 9.616830e+03 9.641085e+03
5.0 9.571022e+03 9.579779e+03 9.574981e+03 9.566224e+03
6.0 9.568305e+03 9.558689e+03 9.543925e+03 9.553540e+03
7.0 9.589105e+03 9.565958e+03 9.528734e+03 9.551881e+03
8.0 9.653246e+03 9.548594e+03 9.523076e+03 9.627728e+03
9.0 9.560618e+03 9.513223e+03 9.523099e+03 9.570494e+03
10.0 9.609913e+03 9.545197e+03 9.525625e+03 9.590340e+03
11.0 9.702178e+03 9.694989e+03 9.528642e+03 9.535831e+03
12.0 9.707010e+03 9.695534e+03 9.538499e+03 9.549975e+03
13.0 9.702719e+03 9.644122e+03 9.586654e+03 9.645251e+03
14.0 9.642099e+03 9.586750e+03 9.604163e+03 9.659512e+03
15.0 9.629449e+03 9.523436e+03 9.579797e+03 9.685810e+03
16.0 9.543155e+03 9.487479e+03 9.552811e+03 9.608487e+03
17.0 9.423676e+03 9.507268e+03 9.537568e+03 9.453976e+03
18.0 9.571300e+03 9.512638e+03 9.530654e+03 9.589315e+03
0.2 9.702178e+03 9.694989e+03 9.528642e+03 9.535831e+03
1.2 9.707010e+03 9.695534e+03 9.538499e+03 9.549975e+03
2.2 9.702719e+03 9.644122e+03 9.586654e+03 9.645251e+03
3.2 9.642099e+03 9.586750e+03 9.604163e+03 9.659512e+03
4.2 9.629449e+03 9.523436e+03 9.579797e+03 9.685810e+03
5.2 9.543155e+03 9.487479e+03 9.552811e+03 9.608487e+03
6.2 9.423676e+03 9.507268e+03 9.537568e+03 9.453976e+03
7.2 9.571300e+03 9.512638e+03 9.530654e+03 9.589315e+03
8.2 9.648355e+03 9.499083e+03 9.532793e+03 9.682065e+03
9.2 9.684445e+03 9.528295e+03 9.577483e+03 9.733634e+03
10.2 9.497659e+03 9.557729e+03 9.615774e+03 9.555703e+03
11.2 9.388833e+03 9.534582e+03 9.596605e+03 9.450857e+03
12.2 9.383407e+03 9.500695e+03 9.563942e+03 9.446654e+03
13.2 9.444398e+03 9.480465e+03 9.543425e+03 9.507358e+03
14.2 9.477426e+03 9.485142e+03 9.533617e+03 9.525902e+03
15.2 9.477710e+03 9.532658e+03 9.530439e+03 9.475491e+03
16.2 9.560818e+03 9.550057e+03 9.531135e+03 9.541896e+03
17.2 9.606703e+03 9.663288e+03 9.533444e+03 9.476859e+03
1.0 9.648355e+03 9.499083e+03 9.532793e+03 9.682065e+03
2.0 9.684445e+03 9.528295e+03 9.577483e+03 9.733634e+03
3.0 9.497659e+03 9.557729e+03 9.615774e+03 9.555703e+03
4.0 9.388833e+03 9.534582e+03 9.596605e+03 9.450857e+03
5.0 9.383407e+03 9.500695e+03 9.563942e+03 9.446654e+03
6.0 9.444398e+03 9.480465e+03 9.543425e+03 9.507358e+03
7.0 9.477426e+03 9.485142e+03 9.533617e+03 9.525902e+03
8.0 9.477710e+03 9.532658e+03 9.530439e+03 9.475491e+03
9.0 9.560818e+03 9.550057e+03 9.531135e+03 9.541896e+03
10.0 9.606703e+03 9.663288e+03 9.533444e+03 9.476859e+03
11.0 9.636126e+03 9.727724e+03 9.535791e+03 9.444193e+03
12.0 9.653931e+03 9.643320e+03 9.537592e+03 9.548204e+03
13.0 9.527336e+03 9.541656e+03 9.538812e+03 9.524492e+03
14.0 9.486692e+03 9.484130e+03 9.539582e+03 9.542144e+03
15.0 9.527195e+03 9.498485e+03 9.540111e+03 9.568820e+03
16.0 9.519460e+03 9.569148e+03 9.540514e+03 9.490825e+03
17.0 9.614259e+03 9.571437e+03 9.540859e+03 9.583681e+03
18.0 9.530460e+03 9.552564e+03 9.541182e+03 9.519078e+03
0.3 9.631778e+03 9.560446e+03 9.541640e+03 9.612972e+03
1.3 9.472670e+03 9.556867e+03 9.552785e+03 9.468588e+03
2.3 9.573172e+03 9.574644e+03 9.610608e+03 9.609137e+03
3.3 9.410080e+03 9.575081e+03 9.638686e+03 9.473685e+03
4.3 9.619182e+03 9.531490e+03 9.607040e+03 9.694732e+03
5.3 9.021231e+03 9.500125e+03 9.568358e+03 9.089463e+03
6.3 9.338489e+03 9.515966e+03 9.545461e+03 9.367983e+03
7.3 9.335627e+03 9.518601e+03 9.534677e+03 9.351704e+03
8.3 9.601846e+03 9.564351e+03 9.531252e+03 9.568747e+03
9.3 9.601207e+03 9.619361e+03 9.531952e+03 9.513798e+03
10.3 9.592584e+03 9.588047e+03 9.534213e+03 9.538751e+03
11.3 9.649764e+03 9.535329e+03 9.536341e+03 9.650776e+03
12.3 9.591693e+03 9.557047e+03 9.537796e+03 9.572442e+03
13.3 9.583704e+03 9.559368e+03 9.538599e+03 9.562935e+03
14.3 9.502079e+03 9.522853e+03 9.538918e+03 9.518144e+03
15.3 9.432077e+03 9.534038e+03 9.538993e+03 9.437033e+03
16.3 9.677360e+03 9.572269e+03 9.538949e+03 9.644040e+03
17.3 9.750379e+03 9.630931e+03 9.538864e+03 9.658311e+03
0.4 9.881347e+03 9.738843e+03 9.538781e+03 9.681284e+03
1.4 9.798757e+03 9.698164e+03 9.550782e+03 9.651375e+03
2.4 9.786236e+03 9.630949e+03 9.596496e+03 9.751782e+03
3.4 9.639781e+03 9.563977e+03 9.602797e+03 9.678601e+03
4.4 9.639124e+03 9.531904e+03 9.576534e+03 9.683753e+03
5.4 9.749947e+03 9.521590e+03 9.552315e+03 9.780672e+03
6.4 9.567633e+03 9.496119e+03 9.539255e+03 9.610769e+03
7.4 9.581353e+03 9.476476e+03 9.533463e+03 9.638340e+03
8.4 9.542787e+03 9.497872e+03 9.532206e+03 9.577122e+03
9.4 9.671306e+03 9.556385e+03 9.533198e+03 9.648118e+03
10.4 9.734055e+03 9.564741e+03 9.534933e+03 9.704247e+03
11.4 9.187830e+03 9.530498e+03 9.536422e+03 9.193754e+03
12.4 9.280347e+03 9.499367e+03 9.537449e+03 9.318428e+03
13.4 9.268803e+03 9.483511e+03 9.538044e+03 9.323336e+03
14.4 9.348073e+03 9.489857e+03 9.550589e+03 9.408805e+03
15.4 9.467064e+03 9.551102e+03 9.612079e+03 9.528041e+03
16.4 9.541886e+03 9.582608e+03 9.639964e+03 9.599242e+03
17.4 9.461113e+03 9.580376e+03 9.606635e+03 9.487372e+03
0.4 9.268803e+03 9.483511e+03 9.538044e+03 9.323336e+03
1.4 9.348073e+03 9.489857e+03 9.550589e+03 9.408805e+03
2.4 9.467064e+03 9.551102e+03 9.612079e+03 9.528041e+03
3.4 9.541886e+03 9.582608e+03 9.639964e+03 9.599242e+03
4.4 9.461113e+03 9.580376e+03 9.606635e+03 9.487372e+03
5.4 9.512912e+03 9.568571e+03 9.567879e+03 9.512219e+03
6.4 9.555986e+03 9.566570e+03 9.544361e+03 9.533778e+03
7.4 9.504926e+03 9.616435e+03 9.533308e+03 9.421799e+03
8.4 9.535629e+03 9.609236e+03 9.530263e+03 9.456656e+03
9.4 9.651049e+03 9.558944e+03 9.531423e+03 9.623528e+03
10.4 9.538769e+03 9.521328e+03 9.534125e+03 9.551566e+03
11.4 9.655866e+03 9.550882e+03 9.536758e+03 9.641742e+03
12.4 9.652964e+03 9.607268e+03 9.538738e+03 9.584434e+03
13.4 9.657718e+03 9.589799e+03 9.539987e+03 9.607906e+03
14.4 9.463873e+03 9.547300e+03 9.540791e+03 9.457364e+03
15.4 9.632374e+03 9.516494e+03 9.541343e+03 9.657223e+03
16.4 9.470358e+03 9.500032e+03 9.541794e+03 9.512120e+03
17.4 9.432089e+03 9.494390e+03 9.542218e+03 9.479917e+03
