8.463743e+03 8.255500e+03 8.259085e+03 8.460158e+03
8.299242e+03 8.255001e+03 8.259393e+03 8.294850e+03
8.206122e+03 8.254546e+03 8.259695e+03 8.200973e+03
8.085314e+03 8.254141e+03 8.250718e+03 8.088737e+03
8.140826e+03 8.253745e+03 8.223877e+03 8.170694e+03
8.194654e+03 8.253348e+03 8.218975e+03 8.229027e+03
8.304463e+03 8.252958e+03 8.235925e+03 8.321496e+03
8.245478e+03 8.252581e+03 8.252371e+03 8.245688e+03
8.259281e+03 8.252221e+03 8.262154e+03 8.249348e+03
8.452742e+03 8.251879e+03 8.278174e+03 8.426447e+03
8.306967e+03 8.251555e+03 8.296331e+03 8.262192e+03
8.145714e+03 8.253187e+03 8.287729e+03 8.111172e+03
8.293166e+03 8.259285e+03 8.258823e+03 8.293627e+03
8.277047e+03 8.259198e+03 8.244603e+03 8.291641e+03
8.215965e+03 8.255220e+03 8.227055e+03 8.244131e+03
8.068622e+03 8.251853e+03 8.225071e+03 8.095404e+03
8.259647e+03 8.252194e+03 8.246625e+03 8.265216e+03
8.266785e+03 8.276786e+03 8.324802e+03 8.218769e+03
8.339844e+03 8.288294e+03 8.362348e+03 8.265790e+03
8.284744e+03 8.275101e+03 8.328881e+03 8.230963e+03
8.273499e+03 8.259661e+03 8.285730e+03 8.247430e+03
8.251200e+03 8.258735e+03 8.285132e+03 8.224803e+03
8.386079e+03 8.287921e+03 8.360707e+03 8.313293e+03
8.392759e+03 8.290322e+03 8.365461e+03 8.317620e+03
8.242541e+03 8.271713e+03 8.298047e+03 8.216206e+03
8.130400e+03 8.255740e+03 8.247559e+03 8.138580e+03
8.242350e+03 8.247588e+03 8.240315e+03 8.249623e+03
8.095529e+03 8.244200e+03 8.247386e+03 8.092343e+03
8.295405e+03 8.243652e+03 8.244183e+03 8.294874e+03
8.167534e+03 8.244469e+03 8.226604e+03 8.185399e+03
8.167232e+03 8.250711e+03 8.218877e+03 8.199066e+03
8.142661e+03 8.286292e+03 8.151769e+03 8.277185e+03
8.204789e+03 8.297919e+03 8.138449e+03 8.364259e+03
8.381012e+03 8.279263e+03 8.191563e+03 8.468712e+03
8.130910e+03 8.260371e+03 8.238640e+03 8.152642e+03
8.286948e+03 8.249268e+03 8.246377e+03 8.289839e+03
8.229097e+03 8.244481e+03 8.245203e+03 8.228375e+03
8.264626e+03 8.261758e+03 8.211821e+03 8.314563e+03
8.054949e+03 8.293825e+03 8.145352e+03 8.203422e+03
8.280500e+03 8.288912e+03 8.168816e+03 8.400595e+03
8.189124e+03 8.268165e+03 8.240212e+03 8.217076e+03
8.511664e+03 8.253715e+03 8.280791e+03 8.484588e+03
8.389514e+03 8.251198e+03 8.276402e+03 8.364310e+03
8.351969e+03 8.252373e+03 8.262768e+03 8.341574e+03
8.267976e+03 8.249690e+03 8.262584e+03 8.255082e+03
8.473665e+03 8.246956e+03 8.261447e+03 8.459174e+03
8.405762e+03 8.245879e+03 8.253850e+03 8.397791e+03
8.224905e+03 8.245730e+03 8.254119e+03 8.216515e+03
8.245773e+03 8.245939e+03 8.259586e+03 8.232126e+03
8.339415e+03 8.246270e+03 8.263675e+03 8.322011e+03
7.897113e+03 8.246610e+03 8.268259e+03 7.875464e+03
8.073549e+03 8.246864e+03 8.310409e+03 8.010004e+03
8.194485e+03 8.247023e+03 8.371886e+03 8.069622e+03
8.345417e+03 8.247096e+03 8.362769e+03 8.229745e+03
8.484289e+03 8.247119e+03 8.316727e+03 8.414682e+03
8.399237e+03 8.247112e+03 8.279525e+03 8.366825e+03
8.267155e+03 8.247092e+03 8.257448e+03 8.256798e+03
8.200713e+03 8.247064e+03 8.242631e+03 8.205146e+03
8.246810e+03 8.247029e+03 8.241476e+03 8.252364e+03
8.172486e+03 8.256460e+03 8.224077e+03 8.204869e+03
8.099661e+03 8.303171e+03 8.115396e+03 8.287435e+03
7.964571e+03 8.310933e+03 8.099900e+03 8.175604e+03
8.027214e+03 8.284319e+03 8.166809e+03 8.144724e+03
8.124669e+03 8.260902e+03 8.224571e+03 8.161000e+03
7.966615e+03 8.247879e+03 8.257641e+03 7.956853e+03
8.150887e+03 8.242054e+03 8.286150e+03 8.106792e+03
8.335586e+03 8.240725e+03 8.299155e+03 8.277156e+03
8.335100e+03 8.241678e+03 8.288890e+03 8.287888e+03
8.253145e+03 8.247013e+03 8.283023e+03 8.217134e+03
8.365444e+03 8.282528e+03 8.355953e+03 8.292019e+03
8.362885e+03 8.297977e+03 8.385469e+03 8.275393e+03
8.452014e+03 8.280145e+03 8.337937e+03 8.394222e+03
8.152590e+03 8.260057e+03 8.287076e+03 8.125571e+03
8.300289e+03 8.248596e+03 8.252812e+03 8.296073e+03
8.360919e+03 8.243305e+03 8.231016e+03 8.373208e+03
8.338034e+03 8.241918e+03 8.229213e+03 8.350738e+03
8.438435e+03 8.261339e+03 8.283444e+03 8.416330e+03
8.316114e+03 8.290749e+03 8.360627e+03 8.246236e+03
8.316932e+03 8.284070e+03 8.346806e+03 8.254196e+03
8.336017e+03 8.265117e+03 8.301308e+03 8.299826e+03
8.238078e+03 8.251498e+03 8.265388e+03 8.224188e+03
8.277759e+03 8.244823e+03 8.242026e+03 8.280557e+03
8.218139e+03 8.242247e+03 8.235188e+03 8.225198e+03
8.356414e+03 8.242149e+03 8.238623e+03 8.359940e+03
8.295370e+03 8.243146e+03 8.244103e+03 8.294412e+03
8.283979e+03 8.244351e+03 8.248173e+03 8.280157e+03
8.250122e+03 8.245251e+03 8.244048e+03 8.251324e+03
8.365503e+03 8.245837e+03 8.236836e+03 8.374504e+03
8.278200e+03 8.259987e+03 8.273577e+03 8.264609e+03
8.229929e+03 8.291211e+03 8.356443e+03 8.164697e+03
8.372871e+03 8.288358e+03 8.347697e+03 8.313532e+03
8.181081e+03 8.268681e+03 8.280856e+03 8.168906e+03
8.315388e+03 8.253427e+03 8.241780e+03 8.327035e+03
8.185480e+03 8.245723e+03 8.235368e+03 8.195834e+03
8.261509e+03 8.252118e+03 8.261659e+03 8.251967e+03
8.322469e+03 8.278664e+03 8.332419e+03 8.268714e+03
8.143312e+03 8.278909e+03 8.334083e+03 8.088137e+03
8.434387e+03 8.263609e+03 8.289746e+03 8.408251e+03
8.338253e+03 8.251849e+03 8.257742e+03 8.332360e+03
8.305842e+03 8.245694e+03 8.245644e+03 8.305891e+03
8.209822e+03 8.251834e+03 8.221712e+03 8.239944e+03
8.072511e+03 8.297203e+03 8.111037e+03 8.258677e+03
8.180071e+03 8.308080e+03 8.089075e+03 8.399076e+03
8.149152e+03 8.283529e+03 8.153767e+03 8.278913e+03
8.192338e+03 8.260488e+03 8.207345e+03 8.245481e+03
8.285103e+03 8.247366e+03 8.236238e+03 8.296230e+03
8.084930e+03 8.241811e+03 8.254194e+03 8.072547e+03
8.234243e+03 8.240511e+03 8.263108e+03 8.211646e+03
8.168489e+03 8.241496e+03 8.264157e+03 8.145828e+03
8.196318e+03 8.243180e+03 8.255162e+03 8.184337e+03
8.160992e+03 8.244696e+03 8.228259e+03 8.177429e+03
8.338785e+03 8.246951e+03 8.224596e+03 8.361139e+03
8.465054e+03 8.271083e+03 8.294624e+03 8.441512e+03
8.432208e+03 8.286339e+03 8.343033e+03 8.375514e+03
8.319554e+03 8.274684e+03 8.320766e+03 8.273472e+03
8.162796e+03 8.258761e+03 8.284553e+03 8.137004e+03
8.291306e+03 8.249206e+03 8.261974e+03 8.278537e+03
8.282231e+03 8.244580e+03 8.260147e+03 8.266664e+03
8.309820e+03 8.243126e+03 8.274785e+03 8.278161e+03
8.363405e+03 8.243358e+03 8.274332e+03 8.332431e+03
8.357528e+03 8.246965e+03 8.256307e+03 8.348187e+03
8.221392e+03 8.253879e+03 8.232843e+03 8.242428e+03
8.314382e+03 8.253971e+03 8.229767e+03 8.338586e+03
8.117115e+03 8.250522e+03 8.248316e+03 8.119321e+03
8.323670e+03 8.247790e+03 8.314356e+03 8.257103e+03
8.294198e+03 8.246301e+03 8.361304e+03 8.179195e+03
8.439033e+03 8.245696e+03 8.334956e+03 8.349774e+03
8.396682e+03 8.245590e+03 8.290084e+03 8.352188e+03
8.446706e+03 8.245725e+03 8.259594e+03 8.432837e+03
8.389529e+03 8.245909e+03 8.226383e+03 8.409055e+03
8.191732e+03 8.246062e+03 8.200314e+03 8.237480e+03
8.127978e+03 8.256291e+03 8.232933e+03 8.151336e+03
8.211950e+03 8.283013e+03 8.317847e+03 8.177116e+03
8.248801e+03 8.281616e+03 8.322920e+03 8.207497e+03
8.362512e+03 8.265362e+03 8.271381e+03 8.356492e+03
8.304325e+03 8.253572e+03 8.237291e+03 8.320607e+03
8.289064e+03 8.275221e+03 8.163604e+03 8.400681e+03
8.079335e+03 8.294941e+03 8.111182e+03 8.263095e+03
8.033795e+03 8.280123e+03 8.149862e+03 8.164055e+03
7.937675e+03 8.260075e+03 8.203375e+03 7.994376e+03
8.255955e+03 8.247701e+03 8.223409e+03 8.280246e+03
8.309710e+03 8.242240e+03 8.218156e+03 8.333795e+03
8.205233e+03 8.240640e+03 8.228589e+03 8.217284e+03
8.229770e+03 8.254627e+03 8.276919e+03 8.207478e+03
8.302468e+03 8.280438e+03 8.345701e+03 8.237206e+03
8.306553e+03 8.277268e+03 8.337820e+03 8.246001e+03
8.211497e+03 8.261741e+03 8.301901e+03 8.171336e+03
8.226695e+03 8.250069e+03 8.290315e+03 8.186450e+03
8.335226e+03 8.245476e+03 8.285240e+03 8.295461e+03
8.347859e+03 8.272037e+03 8.338633e+03 8.281263e+03
8.485264e+03 8.294781e+03 8.381338e+03 8.398707e+03
8.300441e+03 8.280895e+03 8.348097e+03 8.233240e+03
8.225577e+03 8.260316e+03 8.312953e+03 8.172939e+03
8.349028e+03 8.248882e+03 8.279456e+03 8.318454e+03
8.340458e+03 8.249209e+03 8.238329e+03 8.351337e+03
8.266891e+03 8.249009e+03 8.219928e+03 8.295971e+03
8.201137e+03 8.245875e+03 8.225488e+03 8.221524e+03
8.225226e+03 8.243676e+03 8.248596e+03 8.220306e+03
8.413172e+03 8.242998e+03 8.269741e+03 8.386429e+03
8.132763e+03 8.243335e+03 8.270175e+03 8.105923e+03
8.470853e+03 8.267340e+03 8.319614e+03 8.418578e+03
8.391811e+03 8.296110e+03 8.382755e+03 8.305166e+03
8.261172e+03 8.285723e+03 8.358944e+03 8.187950e+03
8.238478e+03 8.264273e+03 8.321077e+03 8.181674e+03
8.256852e+03 8.249768e+03 8.286799e+03 8.219822e+03
8.360228e+03 8.242396e+03 8.258800e+03 8.343824e+03
8.116768e+03 8.242569e+03 8.237173e+03 8.122164e+03
7.970587e+03 8.248490e+03 8.217959e+03 8.001118e+03
8.387895e+03 8.248774e+03 8.219172e+03 8.417498e+03
8.338378e+03 8.246189e+03 8.222428e+03 8.362139e+03
7.792866e+03 8.244214e+03 8.228091e+03 7.808989e+03
7.833436e+03 8.243275e+03 8.238560e+03 7.838151e+03
8.586720e+03 8.255973e+03 8.215212e+03 8.627481e+03
8.156270e+03 8.301704e+03 8.107428e+03 8.350545e+03
8.278460e+03 8.305739e+03 8.101092e+03 8.483107e+03
8.329537e+03 8.278618e+03 8.184725e+03 8.423430e+03
8.300837e+03 8.256143e+03 8.256673e+03 8.300307e+03
8.202665e+03 8.243683e+03 8.280208e+03 8.166141e+03
8.465206e+03 8.239312e+03 8.275218e+03 8.429301e+03
8.189427e+03 8.244318e+03 8.251513e+03 8.182232e+03
8.168609e+03 8.247490e+03 8.237468e+03 8.178631e+03
8.349777e+03 8.245740e+03 8.237196e+03 8.358321e+03
8.107946e+03 8.243604e+03 8.219886e+03 8.131664e+03
8.196477e+03 8.242523e+03 8.197347e+03 8.241653e+03
8.408231e+03 8.254881e+03 8.236407e+03 8.426706e+03
8.507773e+03 8.280051e+03 8.319229e+03 8.468595e+03
8.336785e+03 8.276098e+03 8.321686e+03 8.291196e+03
8.515129e+03 8.259521e+03 8.280319e+03 8.494331e+03
8.250535e+03 8.249048e+03 8.248460e+03 8.251123e+03
7.954580e+03 8.278552e+03 8.149117e+03 8.084015e+03
8.112114e+03 8.306481e+03 8.069920e+03 8.348675e+03
7.995680e+03 8.288311e+03 8.112574e+03 8.171417e+03
8.020617e+03 8.261520e+03 8.181622e+03 8.100515e+03
8.387089e+03 8.245444e+03 8.256204e+03 8.376328e+03
8.623007e+03 8.237896e+03 8.342094e+03 8.518810e+03
8.282412e+03 8.235399e+03 8.354140e+03 8.163671e+03
8.032322e+03 8.235774e+03 8.309182e+03 7.958914e+03
8.436605e+03 8.237308e+03 8.264567e+03 8.409346e+03
8.472116e+03 8.238801e+03 8.237885e+03 8.473032e+03
8.530956e+03 8.239827e+03 8.222441e+03 8.548343e+03
8.099776e+03 8.240375e+03 8.207706e+03 8.132446e+03
8.060259e+03 8.241370e+03 8.204635e+03 8.096993e+03
8.187127e+03 8.266980e+03 8.273259e+03 8.180849e+03
8.515176e+03 8.288606e+03 8.333026e+03 8.470755e+03
8.328991e+03 8.276243e+03 8.314359e+03 8.290876e+03
7.961578e+03 8.256332e+03 8.286504e+03 7.931406e+03
8.015502e+03 8.248980e+03 8.269571e+03 7.994911e+03
8.392627e+03 8.278813e+03 8.328496e+03 8.342944e+03
8.285053e+03 8.286965e+03 8.336488e+03 8.235531e+03
8.059538e+03 8.267571e+03 8.293971e+03 8.033138e+03
8.335348e+03 8.248718e+03 8.259365e+03 8.324702e+03
8.279621e+03 8.252201e+03 8.260805e+03 8.271017e+03
8.398163e+03 8.283362e+03 8.323222e+03 8.358303e+03
8.308342e+03 8.280501e+03 8.306436e+03 8.282408e+03
8.139035e+03 8.259556e+03 8.249470e+03 8.149120e+03
8.099905e+03 8.243488e+03 8.206925e+03 8.136467e+03
8.382160e+03 8.235639e+03 8.185921e+03 8.431878e+03
