0.4 8.548236e+03 8.857027e+03 8.915690e+03 8.606898e+03
1.4 8.548673e+03 8.930908e+03 8.920897e+03 8.538662e+03
2.4 8.787617e+03 8.893458e+03 8.941982e+03 8.836141e+03
3.4 8.734764e+03 8.913080e+03 8.966209e+03 8.787893e+03
4.4 8.758054e+03 8.866444e+03 8.980367e+03 8.871977e+03
5.4 8.834202e+03 8.868467e+03 8.985984e+03 8.951719e+03
6.4 8.769448e+03 8.865092e+03 8.986647e+03 8.891003e+03
7.4 9.464389e+03 9.264301e+03 8.985241e+03 9.185330e+03
8.4 9.482846e+03 9.158373e+03 8.983302e+03 9.307775e+03
9.4 9.300905e+03 9.140221e+03 8.981779e+03 9.142462e+03
10.4 9.324115e+03 9.078333e+03 8.980840e+03 9.226622e+03
11.4 9.282672e+03 9.002581e+03 8.980470e+03 9.260561e+03
12.4 9.247090e+03 8.894322e+03 8.980451e+03 9.333219e+03
13.4 9.176064e+03 8.994164e+03 8.980622e+03 9.162522e+03
14.4 9.201690e+03 9.103206e+03 8.980891e+03 9.079375e+03
15.4 9.223411e+03 9.045080e+03 8.981199e+03 9.159529e+03
16.4 9.258675e+03 9.241440e+03 8.981522e+03 8.998756e+03
17.4 9.337235e+03 9.014609e+03 8.981380e+03 9.304007e+03
18.4 9.307367e+03 9.194927e+03 8.970124e+03 9.082564e+03
19.4 9.238718e+03 9.070302e+03 8.946205e+03 9.114621e+03
20.4 9.247217e+03 8.960998e+03 8.926195e+03 9.212413e+03
21.4 9.221821e+03 8.902281e+03 8.916816e+03 9.236356e+03
22.4 9.197263e+03 8.913790e+03 8.914389e+03 9.197862e+03
23.4 9.123153e+03 8.900883e+03 8.915513e+03 9.137783e+03
24.4 9.007362e+03 8.913874e+03 8.917934e+03 9.011421e+03
25.4 8.880699e+03 8.909707e+03 8.920447e+03 8.891439e+03
26.4 8.678693e+03 8.911587e+03 8.922379e+03 8.689485e+03
27.4 8.696131e+03 8.963322e+03 8.923708e+03 8.656516e+03
28.4 8.722479e+03 8.947803e+03 8.924583e+03 8.699258e+03
29.4 8.699124e+03 8.893611e+03 8.925161e+03 8.730673e+03
30.4 8.655979e+03 8.881119e+03 8.925595e+03 8.700455e+03
31.4 8.732059e+03 8.966606e+03 8.925958e+03 8.691412e+03
32.4 8.733561e+03 8.903226e+03 8.926293e+03 8.756628e+03
33.4 8.713777e+03 8.868249e+03 8.926617e+03 8.772145e+03
0.6 8.794353e+03 8.910328e+03 8.930135e+03 8.814160e+03
1.6 8.797061e+03 8.823071e+03 8.937796e+03 8.911786e+03
2.6 8.760052e+03 8.750903e+03 8.960732e+03 8.969881e+03
3.6 8.777363e+03 8.786706e+03 8.983217e+03 8.973874e+03
4.6 8.741776e+03 8.759116e+03 8.996011e+03 8.978670e+03
5.6 8.693126e+03 8.836862e+03 9.000434e+03 8.856698e+03
6.6 8.727032e+03 8.879302e+03 9.000573e+03 8.848304e+03
7.6 8.753587e+03 8.786519e+03 8.998952e+03 8.966020e+03
8.6 8.753677e+03 8.801860e+03 8.997045e+03 8.948863e+03
9.6 8.776350e+03 8.842978e+03 8.995530e+03 8.928902e+03
10.6 8.739887e+03 8.863518e+03 8.994677e+03 8.871046e+03
11.6 8.676259e+03 8.807744e+03 8.994318e+03 8.862834e+03
12.6 8.656978e+03 8.927576e+03 8.994300e+03 8.723702e+03
13.6 8.608359e+03 9.020796e+03 8.994453e+03 8.582016e+03
14.6 8.611821e+03 8.891331e+03 8.994686e+03 8.715176e+03
15.6 8.558779e+03 8.761737e+03 8.994955e+03 8.791997e+03
16.6 8.676553e+03 8.687226e+03 8.995235e+03 8.984562e+03
17.6 8.613353e+03 8.857198e+03 8.994384e+03 8.750538e+03
18.6 8.783462e+03 8.962506e+03 8.980512e+03 8.801468e+03
19.6 8.954671e+03 8.994411e+03 8.955615e+03 8.915875e+03
20.6 9.192714e+03 9.029870e+03 8.937667e+03 9.100511e+03
21.6 9.019274e+03 8.997892e+03 8.929429e+03 8.950811e+03
22.6 8.942958e+03 8.965110e+03 8.927779e+03 8.905627e+03
23.6 8.975558e+03 8.969096e+03 8.929170e+03 8.935632e+03
24.6 8.986175e+03 9.052638e+03 8.931663e+03 8.865200e+03
25.6 8.926957e+03 9.012752e+03 8.934011e+03 8.848215e+03
26.6 8.903257e+03 9.002989e+03 8.935828e+03 8.836096e+03
27.6 8.956528e+03 8.967587e+03 8.937009e+03 8.925950e+03
28.6 8.973859e+03 8.974983e+03 8.937760e+03 8.936636e+03
29.6 8.968906e+03 8.976639e+03 8.938258e+03 8.930525e+03
30.6 8.933064e+03 8.973460e+03 8.938618e+03 8.898222e+03
31.6 8.922676e+03 8.977521e+03 8.938918e+03 8.884074e+03
32.6 8.913846e+03 8.978927e+03 8.939192e+03 8.874111e+03
33.6 8.935346e+03 8.980646e+03 8.939455e+03 8.894155e+03
