0.6 1.082328e+04 1.082956e+04 1.080969e+04 1.080341e+04
1.6 1.086271e+04 1.081939e+04 1.080400e+04 1.084733e+04
2.6 1.085611e+04 1.082278e+04 1.078707e+04 1.082040e+04
3.6 1.089007e+04 1.078188e+04 1.077047e+04 1.087867e+04
4.6 1.080838e+04 1.072522e+04 1.076174e+04 1.084490e+04
5.6 1.079397e+04 1.076568e+04 1.075881e+04 1.078709e+04
6.6 1.077511e+04 1.080034e+04 1.075904e+04 1.073382e+04
7.6 1.069268e+04 1.076189e+04 1.076052e+04 1.069132e+04
8.6 1.076096e+04 1.077657e+04 1.076223e+04 1.074663e+04
9.6 1.071898e+04 1.072326e+04 1.076356e+04 1.075928e+04
10.6 1.068230e+04 1.070929e+04 1.076445e+04 1.073746e+04
11.6 1.068941e+04 1.072205e+04 1.076493e+04 1.073230e+04
12.6 1.070752e+04 1.076609e+04 1.076518e+04 1.070662e+04
13.6 1.072462e+04 1.072249e+04 1.076530e+04 1.076742e+04
14.6 1.084531e+04 1.077937e+04 1.076535e+04 1.083128e+04
15.6 1.074311e+04 1.075366e+04 1.076538e+04 1.075483e+04
16.6 1.084825e+04 1.081182e+04 1.076539e+04 1.080182e+04
17.6 1.081400e+04 1.082761e+04 1.076633e+04 1.075273e+04
18.6 1.077792e+04 1.081834e+04 1.077760e+04 1.073719e+04
19.6 1.080909e+04 1.079843e+04 1.079589e+04 1.080656e+04
20.6 1.082702e+04 1.083279e+04 1.080947e+04 1.080369e+04
21.6 1.083710e+04 1.084767e+04 1.081539e+04 1.080483e+04
22.6 1.087836e+04 1.084819e+04 1.081673e+04 1.084690e+04
23.6 1.086945e+04 1.082998e+04 1.081581e+04 1.085528e+04
24.6 1.082143e+04 1.082880e+04 1.081416e+04 1.080679e+04
25.6 1.080630e+04 1.080339e+04 1.081256e+04 1.081547e+04
26.6 1.071780e+04 1.075057e+04 1.081142e+04 1.077865e+04
27.6 1.072635e+04 1.074286e+04 1.081071e+04 1.079419e+04
28.6 1.076217e+04 1.074617e+04 1.081030e+04 1.082630e+04
29.6 1.083603e+04 1.077883e+04 1.081009e+04 1.086729e+04
30.6 1.086163e+04 1.086536e+04 1.080996e+04 1.080623e+04
31.6 1.084258e+04 1.082784e+04 1.080987e+04 1.082461e+04
32.6 1.081542e+04 1.081255e+04 1.080979e+04 1.081267e+04
33.6 1.083539e+04 1.082479e+04 1.080972e+04 1.082032e+04
