0.4 1.054033e+04 1.056875e+04 1.054214e+04 1.051372e+04
1.4 1.053097e+04 1.056871e+04 1.054049e+04 1.050275e+04
2.4 1.046846e+04 1.055078e+04 1.053203e+04 1.044971e+04
3.4 1.048698e+04 1.056141e+04 1.052259e+04 1.044816e+04
4.4 1.060388e+04 1.057766e+04 1.051702e+04 1.054324e+04
5.4 1.060862e+04 1.057439e+04 1.051502e+04 1.054925e+04
6.4 1.048330e+04 1.050627e+04 1.051510e+04 1.049214e+04
7.4 1.051252e+04 1.047477e+04 1.051609e+04 1.055384e+04
8.4 1.051673e+04 1.054800e+04 1.051727e+04 1.048600e+04
9.4 1.055730e+04 1.054823e+04 1.051831e+04 1.052738e+04
10.4 1.046821e+04 1.045788e+04 1.051911e+04 1.052944e+04
11.4 1.044962e+04 1.048117e+04 1.051968e+04 1.048812e+04
12.4 1.047146e+04 1.046239e+04 1.052010e+04 1.052916e+04
13.4 1.053129e+04 1.051719e+04 1.052045e+04 1.053455e+04
14.4 1.060003e+04 1.060425e+04 1.052076e+04 1.051654e+04
15.4 1.058433e+04 1.057509e+04 1.052106e+04 1.053030e+04
16.4 1.050885e+04 1.056662e+04 1.052136e+04 1.046359e+04
17.4 1.044908e+04 1.046830e+04 1.052185e+04 1.050263e+04
18.4 1.055769e+04 1.051248e+04 1.052673e+04 1.057195e+04
19.4 1.055577e+04 1.052960e+04 1.053702e+04 1.056318e+04
20.4 1.058259e+04 1.055388e+04 1.054584e+04 1.057455e+04
