0.7 1.348190e+04 1.348715e+04 1.364413e+04 1.363888e+04
1.7 1.352923e+04 1.353649e+04 1.364587e+04 1.363861e+04
2.7 1.351862e+04 1.351342e+04 1.365042e+04 1.365561e+04
3.7 1.366777e+04 1.366480e+04 1.365434e+04 1.365732e+04
4.7 1.361987e+04 1.358117e+04 1.365637e+04 1.369506e+04
5.7 1.358083e+04 1.361684e+04 1.365699e+04 1.362097e+04
6.7 1.349130e+04 1.349260e+04 1.365686e+04 1.365556e+04
7.7 1.353485e+04 1.357239e+04 1.365644e+04 1.361890e+04
8.7 1.354834e+04 1.357924e+04 1.365601e+04 1.362510e+04
9.7 1.354802e+04 1.356375e+04 1.365567e+04 1.363994e+04
10.7 1.366193e+04 1.366557e+04 1.365544e+04 1.365180e+04
11.7 1.365443e+04 1.364312e+04 1.365530e+04 1.366661e+04
12.7 1.365116e+04 1.368152e+04 1.365523e+04 1.362486e+04
13.7 1.366172e+04 1.371544e+04 1.365519e+04 1.360146e+04
14.7 1.372953e+04 1.373317e+04 1.365516e+04 1.365152e+04
15.7 1.364990e+04 1.366595e+04 1.365514e+04 1.363908e+04
16.7 1.351896e+04 1.354628e+04 1.365512e+04 1.362780e+04
17.7 1.347933e+04 1.351877e+04 1.365471e+04 1.361526e+04
18.7 1.355692e+04 1.355477e+04 1.365154e+04 1.365369e+04
19.7 1.363102e+04 1.364342e+04 1.364689e+04 1.363449e+04
20.7 1.365770e+04 1.365812e+04 1.364362e+04 1.364320e+04
21.7 1.355105e+04 1.356746e+04 1.364225e+04 1.362584e+04
22.7 1.354378e+04 1.358545e+04 1.364197e+04 1.360031e+04
23.7 1.358456e+04 1.360489e+04 1.364222e+04 1.362189e+04
24.7 1.360907e+04 1.363140e+04 1.364263e+04 1.362030e+04
25.7 1.358872e+04 1.361062e+04 1.364301e+04 1.362111e+04
26.7 1.362688e+04 1.360174e+04 1.364327e+04 1.366841e+04
27.7 1.368365e+04 1.367682e+04 1.364343e+04 1.365026e+04
28.7 1.359094e+04 1.362817e+04 1.364351e+04 1.360627e+04
29.7 1.359383e+04 1.361395e+04 1.364354e+04 1.362343e+04
30.7 1.359084e+04 1.363349e+04 1.364355e+04 1.360090e+04
31.7 1.367594e+04 1.365305e+04 1.364356e+04 1.366645e+04
32.7 1.369192e+04 1.366852e+04 1.364356e+04 1.366696e+04
33.7 1.370017e+04 1.368242e+04 1.364356e+04 1.366131e+04
1.0 1.369065e+04 1.363924e+04 1.364380e+04 1.369521e+04
2.0 1.356531e+04 1.359142e+04 1.364634e+04 1.362023e+04
3.0 1.364445e+04 1.359800e+04 1.365099e+04 1.369744e+04
4.0 1.362344e+04 1.358393e+04 1.365460e+04 1.369411e+04
5.0 1.363780e+04 1.360501e+04 1.365635e+04 1.368915e+04
6.0 1.359565e+04 1.362412e+04 1.365679e+04 1.362832e+04
7.0 1.373250e+04 1.367100e+04 1.365662e+04 1.371812e+04
8.0 1.373434e+04 1.372350e+04 1.365624e+04 1.366707e+04
9.0 1.370116e+04 1.368228e+04 1.365586e+04 1.367473e+04
10.0 1.369660e+04 1.370639e+04 1.365558e+04 1.364579e+04
11.0 1.360403e+04 1.357202e+04 1.365542e+04 1.368744e+04
12.0 1.368987e+04 1.365532e+04 1.365535e+04 1.368990e+04
13.0 1.360617e+04 1.358518e+04 1.365533e+04 1.367631e+04
14.0 1.354759e+04 1.359893e+04 1.365534e+04 1.360399e+04
15.0 1.360058e+04 1.360057e+04 1.365535e+04 1.365537e+04
16.0 1.366748e+04 1.364316e+04 1.365538e+04 1.367970e+04
17.0 1.364350e+04 1.365647e+04 1.365541e+04 1.364244e+04
18.0 1.365593e+04 1.366584e+04 1.365469e+04 1.364478e+04
19.0 1.362362e+04 1.363855e+04 1.365098e+04 1.363605e+04
20.0 1.357728e+04 1.363464e+04 1.364642e+04 1.358906e+04
21.0 1.359058e+04 1.366001e+04 1.364370e+04 1.357427e+04
22.0 1.363967e+04 1.364006e+04 1.364263e+04 1.364225e+04
23.0 1.365238e+04 1.367932e+04 1.364256e+04 1.361563e+04
24.0 1.359151e+04 1.361182e+04 1.364291e+04 1.362260e+04
25.0 1.365116e+04 1.366198e+04 1.364338e+04 1.363255e+04
26.0 1.370874e+04 1.372045e+04 1.364377e+04 1.363207e+04
27.0 1.372001e+04 1.366764e+04 1.364406e+04 1.369642e+04
28.0 1.365185e+04 1.362735e+04 1.364424e+04 1.366874e+04
29.0 1.370625e+04 1.367543e+04 1.364435e+04 1.367517e+04
30.0 1.363743e+04 1.366003e+04 1.364442e+04 1.362182e+04
31.0 1.375094e+04 1.373063e+04 1.364447e+04 1.366477e+04
32.0 1.374955e+04 1.375163e+04 1.364452e+04 1.364244e+04
33.0 1.371140e+04 1.373677e+04 1.364456e+04 1.361919e+04
34.0 1.364630e+04 1.367969e+04 1.364460e+04 1.361121e+04
