0.4 2.191201e+03 2.182816e+03 2.190758e+03 2.199143e+03
1.4 2.161706e+03 2.194340e+03 2.191654e+03 2.159020e+03
2.4 2.214941e+03 2.192927e+03 2.195281e+03 2.217295e+03
3.4 2.163663e+03 2.198297e+03 2.199449e+03 2.164815e+03
4.4 2.181478e+03 2.198667e+03 2.201885e+03 2.184696e+03
5.4 2.164994e+03 2.199833e+03 2.202851e+03 2.168012e+03
6.4 2.193146e+03 2.199796e+03 2.202965e+03 2.196315e+03
7.4 2.246929e+03 2.215712e+03 2.202723e+03 2.233941e+03
8.4 2.203563e+03 2.211359e+03 2.202390e+03 2.194594e+03
9.4 2.201049e+03 2.210556e+03 2.202128e+03 2.192621e+03
10.4 2.186587e+03 2.207826e+03 2.201966e+03 2.180726e+03
11.4 2.204196e+03 2.204447e+03 2.201903e+03 2.201652e+03
12.4 2.204665e+03 2.199609e+03 2.201899e+03 2.206955e+03
13.4 2.204311e+03 2.204057e+03 2.201929e+03 2.202183e+03
14.4 2.212233e+03 2.208941e+03 2.201975e+03 2.205266e+03
15.4 2.246692e+03 2.206362e+03 2.202028e+03 2.242357e+03
16.4 2.236835e+03 2.215156e+03 2.202083e+03 2.223762e+03
17.4 2.180612e+03 2.204985e+03 2.202059e+03 2.177686e+03
18.4 2.171907e+03 2.213573e+03 2.200123e+03 2.158456e+03
19.4 2.201297e+03 2.207684e+03 2.196008e+03 2.189621e+03
20.4 2.181048e+03 2.198729e+03 2.192565e+03 2.174885e+03
21.4 2.188835e+03 2.189449e+03 2.190952e+03 2.190338e+03
22.4 2.178835e+03 2.191731e+03 2.190534e+03 2.177638e+03
23.4 2.194611e+03 2.188875e+03 2.190728e+03 2.196463e+03
24.4 2.193823e+03 2.189549e+03 2.191144e+03 2.195417e+03
25.4 2.179904e+03 2.189561e+03 2.191576e+03 2.181919e+03
26.4 2.210399e+03 2.190405e+03 2.191909e+03 2.211903e+03
27.4 2.193209e+03 2.179147e+03 2.192137e+03 2.206199e+03
28.4 2.189847e+03 2.182931e+03 2.192288e+03 2.199205e+03
29.4 2.169227e+03 2.195782e+03 2.192387e+03 2.165832e+03
30.4 2.193140e+03 2.198363e+03 2.192462e+03 2.187240e+03
31.4 2.186186e+03 2.179680e+03 2.192524e+03 2.199030e+03
32.4 2.197335e+03 2.193238e+03 2.192582e+03 2.196679e+03
33.4 2.235693e+03 2.200398e+03 2.192638e+03 2.227933e+03
0.6 2.215094e+03 2.191262e+03 2.193243e+03 2.217075e+03
1.6 2.186019e+03 2.175785e+03 2.194561e+03 2.204795e+03
2.6 2.194824e+03 2.178828e+03 2.198507e+03 2.214503e+03
3.6 2.199526e+03 2.190988e+03 2.202375e+03 2.210913e+03
4.6 2.212919e+03 2.193816e+03 2.204576e+03 2.223680e+03
5.6 2.200473e+03 2.198818e+03 2.205337e+03 2.206992e+03
6.6 2.210135e+03 2.200704e+03 2.205361e+03 2.214792e+03
7.6 2.216429e+03 2.196516e+03 2.205082e+03 2.224996e+03
8.6 2.204268e+03 2.196667e+03 2.204754e+03 2.212355e+03
9.6 2.190290e+03 2.198023e+03 2.204493e+03 2.196760e+03
10.6 2.217176e+03 2.198674e+03 2.204347e+03 2.222848e+03
11.6 2.196889e+03 2.196061e+03 2.204285e+03 2.205113e+03
12.6 2.194763e+03 2.201322e+03 2.204282e+03 2.197723e+03
13.6 2.203313e+03 2.205456e+03 2.204308e+03 2.202165e+03
14.6 2.211273e+03 2.199662e+03 2.204348e+03 2.215959e+03
15.6 2.163167e+03 2.193863e+03 2.204394e+03 2.173699e+03
16.6 2.193532e+03 2.190527e+03 2.204443e+03 2.207447e+03
17.6 2.190620e+03 2.197873e+03 2.204296e+03 2.197044e+03
18.6 2.202323e+03 2.200646e+03 2.201910e+03 2.203587e+03
19.6 2.178649e+03 2.200799e+03 2.197626e+03 2.175477e+03
20.6 2.184959e+03 2.207638e+03 2.194539e+03 2.171860e+03
21.6 2.192807e+03 2.206261e+03 2.193122e+03 2.179667e+03
22.6 2.215904e+03 2.200216e+03 2.192838e+03 2.208525e+03
23.6 2.214088e+03 2.200541e+03 2.193077e+03 2.206623e+03
24.6 2.251205e+03 2.215689e+03 2.193506e+03 2.229022e+03
25.6 2.221158e+03 2.207196e+03 2.193910e+03 2.207872e+03
26.6 2.202272e+03 2.205256e+03 2.194222e+03 2.191239e+03
27.6 2.212778e+03 2.202253e+03 2.194426e+03 2.204951e+03
28.6 2.231156e+03 2.202193e+03 2.194555e+03 2.223518e+03
29.6 2.196124e+03 2.203367e+03 2.194640e+03 2.187397e+03
30.6 2.207900e+03 2.199615e+03 2.194702e+03 2.202988e+03
31.6 2.191794e+03 2.202096e+03 2.194754e+03 2.184452e+03
32.6 2.219984e+03 2.202313e+03 2.194801e+03 2.212473e+03
33.6 2.212501e+03 2.202064e+03 2.194846e+03 2.205284e+03
