0.4 2.503035e+03 2.597089e+03 2.609414e+03 2.515359e+03
1.4 2.641778e+03 2.610036e+03 2.614195e+03 2.645937e+03
2.4 2.682612e+03 2.624079e+03 2.633555e+03 2.692088e+03
3.4 2.689893e+03 2.646551e+03 2.655800e+03 2.699143e+03
4.4 2.692835e+03 2.655439e+03 2.668800e+03 2.706195e+03
5.4 2.655910e+03 2.660439e+03 2.673957e+03 2.669428e+03
6.4 2.646844e+03 2.660717e+03 2.674566e+03 2.660693e+03
7.4 2.701422e+03 2.687157e+03 2.673275e+03 2.687540e+03
8.4 2.713435e+03 2.678195e+03 2.671495e+03 2.706734e+03
9.4 2.711343e+03 2.675655e+03 2.670096e+03 2.705784e+03
10.4 2.791688e+03 2.670474e+03 2.669234e+03 2.790449e+03
11.4 2.613922e+03 2.664740e+03 2.668895e+03 2.618076e+03
12.4 2.545819e+03 2.656962e+03 2.668876e+03 2.557733e+03
13.4 2.605779e+03 2.664162e+03 2.669034e+03 2.610651e+03
14.4 2.694334e+03 2.672106e+03 2.669281e+03 2.691509e+03
15.4 2.635805e+03 2.668172e+03 2.669563e+03 2.637196e+03
16.4 2.656667e+03 2.682392e+03 2.669860e+03 2.644136e+03
17.4 2.819790e+03 2.666059e+03 2.669730e+03 2.823461e+03
18.4 2.658064e+03 2.670212e+03 2.659395e+03 2.647247e+03
19.4 2.660219e+03 2.642245e+03 2.637433e+03 2.655407e+03
20.4 2.646567e+03 2.616803e+03 2.619059e+03 2.648823e+03
21.4 2.641785e+03 2.602230e+03 2.610448e+03 2.650002e+03
22.4 2.707298e+03 2.601888e+03 2.608219e+03 2.713629e+03
23.4 2.600878e+03 2.601384e+03 2.609252e+03 2.608746e+03
24.4 2.622882e+03 2.609864e+03 2.611474e+03 2.624492e+03
25.4 2.616927e+03 2.623888e+03 2.613781e+03 2.606820e+03
26.4 2.633055e+03 2.634529e+03 2.615556e+03 2.614082e+03
27.4 2.570022e+03 2.624477e+03 2.616776e+03 2.562320e+03
28.4 2.551735e+03 2.630967e+03 2.617579e+03 2.538347e+03
29.4 2.553934e+03 2.647489e+03 2.618110e+03 2.524555e+03
30.4 2.594007e+03 2.650193e+03 2.618509e+03 2.562322e+03
31.4 2.549047e+03 2.625079e+03 2.618842e+03 2.542811e+03
32.4 2.567781e+03 2.642456e+03 2.619150e+03 2.544474e+03
33.4 2.593862e+03 2.651767e+03 2.619447e+03 2.561541e+03
0.6 2.622003e+03 2.610416e+03 2.622677e+03 2.634265e+03
1.6 2.573945e+03 2.601383e+03 2.629711e+03 2.602273e+03
2.6 2.626751e+03 2.618145e+03 2.650771e+03 2.659377e+03
3.6 2.687753e+03 2.646110e+03 2.671416e+03 2.713059e+03
4.6 2.708699e+03 2.657448e+03 2.683164e+03 2.734415e+03
5.6 2.720718e+03 2.668332e+03 2.687225e+03 2.739611e+03
6.6 2.749316e+03 2.671979e+03 2.687353e+03 2.764690e+03
7.6 2.630998e+03 2.664238e+03 2.685865e+03 2.652624e+03
8.6 2.713051e+03 2.663730e+03 2.684113e+03 2.733434e+03
9.6 2.724119e+03 2.665327e+03 2.682722e+03 2.741514e+03
10.6 2.646124e+03 2.666045e+03 2.681939e+03 2.662019e+03
11.6 2.646332e+03 2.661769e+03 2.681610e+03 2.666173e+03
12.6 2.613131e+03 2.670289e+03 2.681593e+03 2.624435e+03
13.6 2.578155e+03 2.677075e+03 2.681734e+03 2.582813e+03
14.6 2.480123e+03 2.668064e+03 2.681948e+03 2.494006e+03
15.6 2.589990e+03 2.659074e+03 2.682194e+03 2.613110e+03
16.6 2.626124e+03 2.654021e+03 2.682451e+03 2.654554e+03
17.6 2.622516e+03 2.665393e+03 2.681670e+03 2.638792e+03
18.6 2.633032e+03 2.661120e+03 2.668933e+03 2.640845e+03
19.6 2.707346e+03 2.643191e+03 2.646072e+03 2.710227e+03
20.6 2.683448e+03 2.633901e+03 2.629593e+03 2.679140e+03
21.6 2.544521e+03 2.625179e+03 2.622029e+03 2.541371e+03
22.6 2.631229e+03 2.619559e+03 2.620513e+03 2.632184e+03
23.6 2.555480e+03 2.621058e+03 2.621791e+03 2.556213e+03
24.6 2.603353e+03 2.633802e+03 2.624080e+03 2.593631e+03
25.6 2.555999e+03 2.623108e+03 2.626236e+03 2.559126e+03
26.6 2.529637e+03 2.601661e+03 2.627904e+03 2.555881e+03
27.6 2.505315e+03 2.633585e+03 2.628989e+03 2.500719e+03
28.6 2.459442e+03 2.602917e+03 2.629678e+03 2.486204e+03
29.6 2.498020e+03 2.616818e+03 2.630135e+03 2.511338e+03
30.6 2.502073e+03 2.566588e+03 2.630466e+03 2.565951e+03
31.6 2.568377e+03 2.600502e+03 2.630742e+03 2.598618e+03
32.6 2.588569e+03 2.604456e+03 2.630994e+03 2.615107e+03
33.6 2.702166e+03 2.599724e+03 2.631235e+03 2.733677e+03
