1.0 9.603236e+03 9.617433e+03 9.618235e+03 9.604037e+03
2.0 9.618664e+03 9.621935e+03 9.623254e+03 9.619984e+03
3.0 9.619709e+03 9.631949e+03 9.631935e+03 9.619695e+03
4.0 9.629912e+03 9.638650e+03 9.638125e+03 9.629387e+03
5.0 9.647784e+03 9.636711e+03 9.640941e+03 9.652014e+03
6.0 9.627257e+03 9.638858e+03 9.641594e+03 9.629993e+03
7.0 9.680497e+03 9.643658e+03 9.641182e+03 9.678021e+03
8.0 9.639189e+03 9.643934e+03 9.640403e+03 9.635658e+03
9.0 9.659073e+03 9.634498e+03 9.639681e+03 9.664257e+03
10.0 9.657853e+03 9.640104e+03 9.639155e+03 9.656904e+03
11.0 9.640776e+03 9.643103e+03 9.638828e+03 9.636502e+03
12.0 9.607185e+03 9.640098e+03 9.638658e+03 9.605745e+03
13.0 9.608938e+03 9.642125e+03 9.638575e+03 9.605387e+03
14.0 9.702341e+03 9.637363e+03 9.638538e+03 9.703516e+03
15.0 9.622055e+03 9.636819e+03 9.638523e+03 9.623758e+03
16.0 9.616576e+03 9.631155e+03 9.638516e+03 9.623937e+03
17.0 9.653642e+03 9.636785e+03 9.638507e+03 9.655363e+03
18.0 9.643438e+03 9.625715e+03 9.636715e+03 9.654439e+03
19.0 9.581291e+03 9.625882e+03 9.629450e+03 9.584859e+03
20.0 9.615353e+03 9.619096e+03 9.621425e+03 9.617682e+03
21.0 9.617291e+03 9.610887e+03 9.616583e+03 9.622987e+03
22.0 9.626629e+03 9.611149e+03 9.614840e+03 9.630320e+03
23.0 9.626779e+03 9.623040e+03 9.614742e+03 9.618481e+03
24.0 9.688321e+03 9.640652e+03 9.615359e+03 9.663027e+03
25.0 9.634118e+03 9.641577e+03 9.616131e+03 9.608673e+03
26.0 9.656266e+03 9.649599e+03 9.616793e+03 9.623460e+03
27.0 9.623648e+03 9.638080e+03 9.617227e+03 9.602795e+03
28.0 9.612562e+03 9.631230e+03 9.617482e+03 9.598815e+03
29.0 9.654934e+03 9.646143e+03 9.617611e+03 9.626402e+03
30.0 9.654172e+03 9.643107e+03 9.617673e+03 9.628738e+03
31.0 9.655559e+03 9.635940e+03 9.617705e+03 9.637324e+03
32.0 9.646150e+03 9.632288e+03 9.617724e+03 9.631586e+03
33.0 9.602800e+03 9.641152e+03 9.617737e+03 9.579385e+03
34.0 9.629553e+03 9.621546e+03 9.617749e+03 9.625756e+03
0.4 9.573195e+03 9.598169e+03 9.618494e+03 9.593520e+03
1.4 9.575681e+03 9.601192e+03 9.619894e+03 9.594383e+03
2.4 9.623307e+03 9.610656e+03 9.626747e+03 9.639397e+03
3.4 9.605756e+03 9.616882e+03 9.635176e+03 9.624049e+03
4.4 9.582996e+03 9.620486e+03 9.640246e+03 9.602757e+03
5.4 9.615359e+03 9.633536e+03 9.642282e+03 9.624105e+03
6.4 9.612543e+03 9.626620e+03 9.642514e+03 9.628437e+03
7.4 9.648523e+03 9.624009e+03 9.641979e+03 9.666493e+03
8.4 9.573691e+03 9.626201e+03 9.641229e+03 9.588720e+03
9.4 9.657653e+03 9.628421e+03 9.640611e+03 9.669843e+03
10.4 9.620612e+03 9.630176e+03 9.640193e+03 9.630629e+03
11.4 9.667771e+03 9.631876e+03 9.639977e+03 9.675873e+03
12.4 9.626346e+03 9.631129e+03 9.639888e+03 9.635105e+03
13.4 9.680428e+03 9.628280e+03 9.639869e+03 9.692017e+03
14.4 9.627856e+03 9.634667e+03 9.639887e+03 9.633077e+03
15.4 9.595062e+03 9.629941e+03 9.639920e+03 9.605040e+03
16.4 9.639668e+03 9.630298e+03 9.639960e+03 9.649330e+03
17.4 9.631399e+03 9.626121e+03 9.639900e+03 9.645179e+03
18.4 9.612010e+03 9.625475e+03 9.636402e+03 9.622937e+03
19.4 9.597694e+03 9.617198e+03 9.628196e+03 9.608692e+03
20.4 9.582090e+03 9.605451e+03 9.620969e+03 9.597608e+03
21.4 9.604055e+03 9.610511e+03 9.617429e+03 9.610973e+03
22.4 9.574105e+03 9.611121e+03 9.616392e+03 9.579377e+03
23.4 9.599081e+03 9.599570e+03 9.616655e+03 9.616166e+03
24.4 9.631420e+03 9.603674e+03 9.617411e+03 9.645157e+03
25.4 9.616062e+03 9.604935e+03 9.618224e+03 9.629352e+03
26.4 9.581196e+03 9.616047e+03 9.618845e+03 9.583995e+03
27.4 9.636900e+03 9.620247e+03 9.619257e+03 9.635911e+03
28.4 9.620033e+03 9.629424e+03 9.619509e+03 9.610118e+03
29.4 9.623630e+03 9.635698e+03 9.619655e+03 9.607586e+03
30.4 9.648286e+03 9.648171e+03 9.619748e+03 9.619863e+03
31.4 9.627667e+03 9.661220e+03 9.619817e+03 9.586264e+03
32.4 9.652211e+03 9.648827e+03 9.619876e+03 9.623260e+03
33.4 9.649347e+03 9.654236e+03 9.619932e+03 9.615043e+03
