9.052599e+03 9.039817e+03 9.039399e+03 9.053018e+03
9.025144e+03 9.025478e+03 9.025130e+03 9.025493e+03
9.127388e+03 9.095833e+03 9.095553e+03 9.127668e+03
9.071911e+03 9.053082e+03 9.052988e+03 9.072005e+03
9.116373e+03 9.074650e+03 9.073778e+03 9.117246e+03
9.066769e+03 9.070412e+03 9.069433e+03 9.067748e+03
9.079974e+03 9.081183e+03 9.078368e+03 9.082789e+03
9.071879e+03 9.080560e+03 9.077682e+03 9.074756e+03
9.074296e+03 9.081247e+03 9.078308e+03 9.077234e+03
9.044681e+03 9.000306e+03 9.010677e+03 9.034310e+03
9.019421e+03 9.020560e+03 9.027470e+03 9.012511e+03
9.040439e+03 9.023345e+03 9.029705e+03 9.034079e+03
9.037759e+03 9.035949e+03 9.040368e+03 9.033341e+03
9.067050e+03 9.052069e+03 9.054124e+03 9.064994e+03
9.075824e+03 9.075525e+03 9.074190e+03 9.077159e+03
9.054961e+03 9.053833e+03 9.055748e+03 9.053045e+03
9.021055e+03 9.030108e+03 9.035562e+03 9.015601e+03
9.006544e+03 9.042791e+03 9.046452e+03 9.002883e+03
8.973280e+03 9.000053e+03 9.010033e+03 8.963300e+03
9.030548e+03 9.049361e+03 9.052175e+03 9.027734e+03
9.011527e+03 9.000310e+03 9.008556e+03 9.003282e+03
9.003643e+03 9.012115e+03 9.016064e+03 8.999694e+03
9.026535e+03 9.037018e+03 9.038305e+03 9.025248e+03
9.061028e+03 9.067663e+03 9.068846e+03 9.059845e+03
9.051393e+03 9.056878e+03 9.057931e+03 9.050341e+03
9.074019e+03 9.068659e+03 9.069844e+03 9.072833e+03
9.064256e+03 9.062688e+03 9.062553e+03 9.064391e+03
9.052527e+03 9.069474e+03 9.065279e+03 9.056722e+03
9.059128e+03 9.070598e+03 9.063532e+03 9.066195e+03
9.040590e+03 9.049386e+03 9.050851e+03 9.039124e+03
9.042314e+03 9.056638e+03 9.054769e+03 9.044183e+03
9.046599e+03 9.079340e+03 9.067074e+03 9.058865e+03
9.064318e+03 9.084638e+03 9.070506e+03 9.078450e+03
9.056836e+03 9.048330e+03 9.050522e+03 9.054644e+03
9.070984e+03 9.075351e+03 9.066128e+03 9.080207e+03
9.077661e+03 9.090489e+03 9.075162e+03 9.092988e+03
9.070923e+03 9.079030e+03 9.068645e+03 9.081308e+03
9.075670e+03 9.088906e+03 9.074544e+03 9.090031e+03
9.056664e+03 9.069192e+03 9.063043e+03 9.062813e+03
9.049280e+03 9.067630e+03 9.062186e+03 9.054724e+03
9.029682e+03 9.043866e+03 9.048273e+03 9.025276e+03
9.085466e+03 9.068991e+03 9.063099e+03 9.091358e+03
9.040492e+03 9.028926e+03 9.038869e+03 9.030549e+03
9.067186e+03 9.063189e+03 9.062258e+03 9.068116e+03
9.079732e+03 9.071772e+03 9.072438e+03 9.079066e+03
9.044375e+03 9.053926e+03 9.056403e+03 9.041897e+03
9.043541e+03 9.067144e+03 9.070562e+03 9.040122e+03
9.101718e+03 9.116044e+03 9.121412e+03 9.096350e+03
9.127639e+03 9.125269e+03 9.126711e+03 9.126197e+03
9.096457e+03 9.103510e+03 9.102584e+03 9.097383e+03
9.106444e+03 9.105807e+03 9.102674e+03 9.109577e+03
9.098870e+03 9.089067e+03 9.087715e+03 9.100223e+03
9.098466e+03 9.080666e+03 9.080535e+03 9.098596e+03
9.110357e+03 9.099757e+03 9.096623e+03 9.113490e+03
9.097080e+03 9.097167e+03 9.094621e+03 9.099626e+03
9.098453e+03 9.088912e+03 9.087789e+03 9.099577e+03
9.090488e+03 9.084739e+03 9.084343e+03 9.090884e+03
9.087173e+03 9.096973e+03 9.094842e+03 9.089304e+03
9.058228e+03 9.071102e+03 9.072832e+03 9.056497e+03
9.067659e+03 9.050909e+03 9.055637e+03 9.062930e+03
9.052407e+03 9.079189e+03 9.079811e+03 9.051786e+03
9.110268e+03 9.107522e+03 9.104032e+03 9.113758e+03
9.123228e+03 9.123864e+03 9.118015e+03 9.129076e+03
9.108041e+03 9.087078e+03 9.086711e+03 9.108408e+03
9.058092e+03 9.061636e+03 9.064912e+03 9.054816e+03
9.035251e+03 9.042209e+03 9.046379e+03 9.031081e+03
9.002585e+03 9.002828e+03 9.006280e+03 8.999134e+03
8.989999e+03 9.003871e+03 9.006129e+03 8.987742e+03
9.016581e+03 9.026596e+03 9.029085e+03 9.014092e+03
9.026119e+03 9.026058e+03 9.028658e+03 9.023518e+03
8.972981e+03 8.967360e+03 8.969554e+03 8.970786e+03
9.010779e+03 8.997661e+03 9.003378e+03 9.005062e+03
9.010885e+03 8.989065e+03 9.004827e+03 8.995122e+03
9.026586e+03 9.062546e+03 9.052432e+03 9.036700e+03
9.028099e+03 9.023765e+03 9.032515e+03 9.019349e+03
9.029905e+03 9.039762e+03 9.039482e+03 9.030185e+03
9.010149e+03 8.984376e+03 9.016286e+03 8.978238e+03
9.030303e+03 9.019947e+03 9.030994e+03 9.019256e+03
9.024163e+03 9.023007e+03 9.032152e+03 9.015018e+03
9.044154e+03 9.015964e+03 9.028704e+03 9.031414e+03
9.065474e+03 9.062302e+03 9.050750e+03 9.077027e+03
9.059931e+03 9.052133e+03 9.045978e+03 9.066087e+03
9.069271e+03 9.069697e+03 9.054573e+03 9.084395e+03
9.065144e+03 9.085214e+03 9.062179e+03 9.088179e+03
9.072744e+03 9.093329e+03 9.066162e+03 9.099911e+03
9.080600e+03 9.062626e+03 9.051189e+03 9.092036e+03
9.028232e+03 9.007959e+03 9.024509e+03 9.011682e+03
9.036730e+03 8.995191e+03 9.017601e+03 9.014319e+03
9.052080e+03 9.010888e+03 9.022335e+03 9.040632e+03
9.069500e+03 9.056017e+03 9.056221e+03 9.069296e+03
9.094669e+03 9.066011e+03 9.069505e+03 9.091175e+03
9.031794e+03 9.015038e+03 9.017352e+03 9.029481e+03
9.052827e+03 9.025342e+03 9.028189e+03 9.049980e+03
9.036271e+03 9.036087e+03 9.040043e+03 9.032314e+03
9.050481e+03 9.049603e+03 9.053693e+03 9.046390e+03
9.034944e+03 9.034497e+03 9.042818e+03 9.026624e+03
9.052644e+03 9.027128e+03 9.039950e+03 9.039822e+03
9.047088e+03 9.073995e+03 9.066163e+03 9.054920e+03
9.053567e+03 9.043022e+03 9.049411e+03 9.047178e+03
9.046387e+03 9.034178e+03 9.044509e+03 9.036056e+03
9.067120e+03 9.046715e+03 9.051229e+03 9.062605e+03
9.058891e+03 9.059118e+03 9.058229e+03 9.059780e+03
9.064686e+03 9.068849e+03 9.063917e+03 9.069619e+03
9.063496e+03 9.077536e+03 9.069054e+03 9.071978e+03
9.074489e+03 9.075107e+03 9.067673e+03 9.081924e+03
9.067506e+03 9.063253e+03 9.060712e+03 9.070047e+03
9.107479e+03 9.091185e+03 9.077100e+03 9.121565e+03
9.089260e+03 9.070954e+03 9.065180e+03 9.095033e+03
9.075480e+03 9.072677e+03 9.066159e+03 9.081999e+03
9.059214e+03 9.055196e+03 9.055856e+03 9.058554e+03
9.061849e+03 9.068419e+03 9.064947e+03 9.065321e+03
9.064265e+03 9.069889e+03 9.069214e+03 9.064940e+03
9.051797e+03 9.046145e+03 9.049162e+03 9.048780e+03
9.110826e+03 9.098018e+03 9.102702e+03 9.106141e+03
9.142714e+03 9.109422e+03 9.115773e+03 9.136363e+03
9.050786e+03 9.036948e+03 9.039035e+03 9.048699e+03
9.049505e+03 9.055218e+03 9.058024e+03 9.046699e+03
9.056219e+03 9.028536e+03 9.031263e+03 9.053492e+03
9.009315e+03 9.031475e+03 9.034492e+03 9.006298e+03
9.024891e+03 9.024655e+03 9.031355e+03 9.018191e+03
9.014771e+03 9.034081e+03 9.036198e+03 9.012654e+03
9.028859e+03 9.042481e+03 9.039647e+03 9.031693e+03
9.057795e+03 9.063401e+03 9.048524e+03 9.072671e+03
9.057281e+03 9.087166e+03 9.059483e+03 9.084964e+03
9.057509e+03 9.068849e+03 9.051967e+03 9.074391e+03
9.052061e+03 9.079947e+03 9.057619e+03 9.074389e+03
9.022700e+03 9.018818e+03 9.028564e+03 9.012954e+03
9.039343e+03 9.056761e+03 9.046821e+03 9.049283e+03
9.032944e+03 9.024695e+03 9.031190e+03 9.026449e+03
9.017158e+03 9.030916e+03 9.034143e+03 9.013931e+03
9.029812e+03 9.031602e+03 9.034402e+03 9.027012e+03
9.044957e+03 9.050997e+03 9.043792e+03 9.052162e+03
9.043369e+03 9.057013e+03 9.046652e+03 9.053730e+03
9.073939e+03 9.061629e+03 9.049770e+03 9.085798e+03
9.018629e+03 9.050293e+03 9.046587e+03 9.022336e+03
9.042178e+03 9.050040e+03 9.049739e+03 9.042479e+03
9.047181e+03 9.065433e+03 9.067379e+03 9.045234e+03
9.049069e+03 9.054679e+03 9.057387e+03 9.046360e+03
9.046104e+03 9.076215e+03 9.079939e+03 9.042380e+03
9.037982e+03 9.038306e+03 9.045468e+03 9.030820e+03
9.048565e+03 9.062128e+03 9.065625e+03 9.045068e+03
9.059493e+03 9.087829e+03 9.080269e+03 9.067053e+03
9.068029e+03 9.063151e+03 9.065619e+03 9.065561e+03
9.058762e+03 9.044870e+03 9.055525e+03 9.048106e+03
9.064602e+03 9.066528e+03 9.066949e+03 9.064182e+03
9.087723e+03 9.059590e+03 9.062922e+03 9.084391e+03
9.098084e+03 9.091864e+03 9.081183e+03 9.108765e+03
9.092868e+03 9.101567e+03 9.086894e+03 9.107541e+03
9.080697e+03 9.094751e+03 9.082958e+03 9.092490e+03
9.066817e+03 9.068457e+03 9.067513e+03 9.067761e+03
9.085072e+03 9.095266e+03 9.083133e+03 9.097205e+03
9.058963e+03 9.060776e+03 9.062792e+03 9.056947e+03
9.077546e+03 9.076629e+03 9.071988e+03 9.082187e+03
9.033746e+03 9.041296e+03 9.051132e+03 9.023911e+03
9.031213e+03 9.031854e+03 9.045180e+03 9.017888e+03
9.066027e+03 9.040606e+03 9.047655e+03 9.058978e+03
9.087012e+03 9.097031e+03 9.092236e+03 9.091807e+03
9.092417e+03 9.086760e+03 9.085810e+03 9.093367e+03
9.112019e+03 9.094283e+03 9.094706e+03 9.111595e+03
9.067772e+03 9.084251e+03 9.084308e+03 9.067716e+03
9.028800e+03 9.028259e+03 9.025299e+03 9.031760e+03
9.057933e+03 9.054328e+03 9.053294e+03 9.058968e+03
9.023426e+03 9.041565e+03 9.042092e+03 9.022900e+03
9.004937e+03 9.008417e+03 9.012728e+03 9.000625e+03
9.005483e+03 9.009625e+03 9.014870e+03 9.000238e+03
9.007030e+03 9.013234e+03 9.018331e+03 9.001934e+03
9.027501e+03 9.036596e+03 9.039088e+03 9.025009e+03
9.092154e+03 9.103177e+03 9.098695e+03 9.096636e+03
9.071760e+03 9.073159e+03 9.071551e+03 9.073367e+03
9.077719e+03 9.060029e+03 9.059531e+03 9.078217e+03
9.067855e+03 9.069817e+03 9.068233e+03 9.069439e+03
9.064597e+03 9.071170e+03 9.069317e+03 9.066450e+03
9.049151e+03 9.047558e+03 9.047771e+03 9.048938e+03
9.060558e+03 9.078167e+03 9.075381e+03 9.063343e+03
9.069243e+03 9.078242e+03 9.075309e+03 9.072175e+03
9.067432e+03 9.065577e+03 9.063685e+03 9.069324e+03
9.072013e+03 9.047529e+03 9.047176e+03 9.072366e+03
9.082358e+03 9.066443e+03 9.064065e+03 9.084737e+03
9.064682e+03 9.061023e+03 9.058346e+03 9.067359e+03
9.043885e+03 9.049144e+03 9.045865e+03 9.047164e+03
9.064551e+03 9.079047e+03 9.075185e+03 9.068413e+03
9.059524e+03 9.071398e+03 9.067610e+03 9.063312e+03
9.037836e+03 9.055965e+03 9.055585e+03 9.038216e+03
9.064775e+03 9.066443e+03 9.066839e+03 9.064378e+03
9.058871e+03 9.073857e+03 9.072878e+03 9.059850e+03
9.084085e+03 9.072627e+03 9.072299e+03 9.084413e+03
9.044541e+03 9.047108e+03 9.056787e+03 9.034862e+03
9.032111e+03 9.034476e+03 9.048559e+03 9.018028e+03
9.060756e+03 9.062564e+03 9.065352e+03 9.057967e+03
9.065113e+03 9.062451e+03 9.064905e+03 9.062659e+03
9.065109e+03 9.024754e+03 9.040360e+03 9.049503e+03
9.037355e+03 9.034016e+03 9.045957e+03 9.025415e+03
9.025446e+03 9.025852e+03 9.040397e+03 9.010902e+03
9.045565e+03 9.048835e+03 9.055128e+03 9.039272e+03
9.069397e+03 9.085566e+03 9.078850e+03 9.076113e+03
9.080300e+03 9.073169e+03 9.070626e+03 9.082843e+03
9.082519e+03 9.069519e+03 9.068091e+03 9.083946e+03
9.050609e+03 9.027585e+03 9.040493e+03 9.037701e+03
9.069095e+03 9.042166e+03 9.047214e+03 9.064047e+03
9.029652e+03 9.038480e+03 9.038127e+03 9.030005e+03
9.046546e+03 9.045187e+03 9.039157e+03 9.052577e+03
9.051543e+03 9.059883e+03 9.051984e+03 9.059442e+03
