0.6 8.697122e+03 8.755732e+03 8.738170e+03 8.679560e+03
1.6 8.728856e+03 8.741243e+03 8.741580e+03 8.729193e+03
2.6 8.764361e+03 8.726924e+03 8.745955e+03 8.783393e+03
3.6 8.669527e+03 8.714888e+03 8.744548e+03 8.699187e+03
4.6 8.715064e+03 8.706962e+03 8.741223e+03 8.749325e+03
5.6 8.746705e+03 8.718564e+03 8.739007e+03 8.767148e+03
6.6 8.759439e+03 8.763489e+03 8.737878e+03 8.733828e+03
7.6 8.805160e+03 8.771888e+03 8.737472e+03 8.770745e+03
8.6 8.814817e+03 8.745180e+03 8.737461e+03 8.807098e+03
9.6 8.748263e+03 8.719758e+03 8.737635e+03 8.766141e+03
10.6 8.706199e+03 8.706716e+03 8.737833e+03 8.737315e+03
11.6 8.685918e+03 8.701340e+03 8.737988e+03 8.722566e+03
12.6 8.714610e+03 8.702881e+03 8.738081e+03 8.749811e+03
13.6 8.718641e+03 8.738242e+03 8.738133e+03 8.718532e+03
14.6 8.740123e+03 8.771250e+03 8.738161e+03 8.707033e+03
15.6 8.743480e+03 8.756587e+03 8.738175e+03 8.725068e+03
16.6 8.695645e+03 8.732138e+03 8.738185e+03 8.701692e+03
17.6 8.699366e+03 8.747383e+03 8.738193e+03 8.690177e+03
0.2 8.789191e+03 8.768127e+03 8.737790e+03 8.758854e+03
1.2 8.784875e+03 8.765804e+03 8.738989e+03 8.758060e+03
2.2 8.745841e+03 8.746272e+03 8.744386e+03 8.743955e+03
3.2 8.713777e+03 8.728633e+03 8.745239e+03 8.730384e+03
4.2 8.765890e+03 8.726868e+03 8.742143e+03 8.781164e+03
5.2 8.763128e+03 8.733709e+03 8.739373e+03 8.768792e+03
6.2 8.700478e+03 8.728424e+03 8.737804e+03 8.709858e+03
7.2 8.721445e+03 8.718348e+03 8.737134e+03 8.740230e+03
8.2 8.694164e+03 8.711737e+03 8.736970e+03 8.719397e+03
9.2 8.694626e+03 8.709085e+03 8.737074e+03 8.722615e+03
10.2 8.728549e+03 8.708534e+03 8.737258e+03 8.757274e+03
11.2 8.767057e+03 8.709319e+03 8.737422e+03 8.795160e+03
12.2 8.756756e+03 8.727834e+03 8.737524e+03 8.766447e+03
13.2 8.791258e+03 8.760919e+03 8.737578e+03 8.767917e+03
14.2 8.788120e+03 8.756820e+03 8.737599e+03 8.768900e+03
15.2 8.746916e+03 8.737340e+03 8.739259e+03 8.748835e+03
16.2 8.744048e+03 8.726425e+03 8.744713e+03 8.762336e+03
17.2 8.751866e+03 8.723648e+03 8.744866e+03 8.773084e+03
0.3 8.788120e+03 8.756820e+03 8.737599e+03 8.768900e+03
1.3 8.746916e+03 8.737340e+03 8.739259e+03 8.748835e+03
2.3 8.744048e+03 8.726425e+03 8.744713e+03 8.762336e+03
3.3 8.751866e+03 8.723648e+03 8.744866e+03 8.773084e+03
4.3 8.768775e+03 8.749522e+03 8.741599e+03 8.760851e+03
5.3 8.774081e+03 8.757511e+03 8.738992e+03 8.755562e+03
6.3 8.713896e+03 8.740230e+03 8.737589e+03 8.711255e+03
7.3 8.691528e+03 8.732116e+03 8.736985e+03 8.696396e+03
8.3 8.748815e+03 8.728975e+03 8.736875e+03 8.756715e+03
9.3 8.797490e+03 8.744207e+03 8.737008e+03 8.790291e+03
10.3 8.793764e+03 8.783512e+03 8.737204e+03 8.747456e+03
11.3 8.786722e+03 8.786003e+03 8.737368e+03 8.738086e+03
12.3 8.766497e+03 8.776135e+03 8.737477e+03 8.727839e+03
13.3 8.722596e+03 8.753534e+03 8.737535e+03 8.706597e+03
14.3 8.709464e+03 8.726892e+03 8.737565e+03 8.720137e+03
15.3 8.692622e+03 8.710631e+03 8.737580e+03 8.719570e+03
16.3 8.692174e+03 8.708091e+03 8.737588e+03 8.721671e+03
17.3 8.701697e+03 8.741242e+03 8.737594e+03 8.698050e+03
0.1 8.764813e+03 8.752746e+03 8.737639e+03 8.749706e+03
1.1 8.694485e+03 8.747446e+03 8.738581e+03 8.685620e+03
2.1 8.670353e+03 8.734299e+03 8.743948e+03 8.680002e+03
3.1 8.717982e+03 8.722735e+03 8.745354e+03 8.740600e+03
4.1 8.717012e+03 8.715589e+03 8.742346e+03 8.743769e+03
5.1 8.719196e+03 8.740172e+03 8.739515e+03 8.718539e+03
6.1 8.776274e+03 8.763196e+03 8.737889e+03 8.750967e+03
7.1 8.770487e+03 8.749072e+03 8.737196e+03 8.758612e+03
8.1 8.714141e+03 8.727371e+03 8.737030e+03 8.723801e+03
9.1 8.746415e+03 8.713341e+03 8.737150e+03 8.770224e+03
10.1 8.740157e+03 8.714442e+03 8.737360e+03 8.763075e+03
11.1 8.728652e+03 8.751615e+03 8.737556e+03 8.714594e+03
12.1 8.791265e+03 8.766734e+03 8.737691e+03 8.762223e+03
13.1 8.762620e+03 8.755178e+03 8.737776e+03 8.745218e+03
14.1 8.745203e+03 8.740829e+03 8.737829e+03 8.742203e+03
