0.6 1.698131e+03 1.605423e+03 1.616359e+03 1.709067e+03
1.6 1.646935e+03 1.597163e+03 1.608061e+03 1.657832e+03
2.6 1.567782e+03 1.579368e+03 1.590226e+03 1.578641e+03
3.6 1.558305e+03 1.582839e+03 1.590914e+03 1.566380e+03
4.6 1.618157e+03 1.619226e+03 1.602090e+03 1.601021e+03
5.6 1.579505e+03 1.638988e+03 1.611092e+03 1.551608e+03
6.6 1.632330e+03 1.630687e+03 1.615664e+03 1.617308e+03
7.6 1.650413e+03 1.630027e+03 1.617487e+03 1.637872e+03
8.6 1.644014e+03 1.638107e+03 1.617690e+03 1.623597e+03
9.6 1.630862e+03 1.629500e+03 1.617090e+03 1.618452e+03
10.6 1.668378e+03 1.615059e+03 1.616289e+03 1.669609e+03
11.6 1.610716e+03 1.606049e+03 1.615642e+03 1.620308e+03
12.6 1.624317e+03 1.602105e+03 1.615210e+03 1.637421e+03
13.6 1.591594e+03 1.603721e+03 1.614950e+03 1.602824e+03
14.6 1.586121e+03 1.621623e+03 1.614808e+03 1.579306e+03
15.6 1.642253e+03 1.633114e+03 1.614725e+03 1.623865e+03
16.6 1.667647e+03 1.624961e+03 1.614676e+03 1.657362e+03
17.6 1.607321e+03 1.613934e+03 1.614641e+03 1.608028e+03
1.0 1.626821e+03 1.606868e+03 1.616282e+03 1.636235e+03
2.0 1.548101e+03 1.591697e+03 1.600831e+03 1.557235e+03
3.0 1.591493e+03 1.578424e+03 1.586740e+03 1.599810e+03
4.0 1.659341e+03 1.586696e+03 1.594209e+03 1.666854e+03
5.0 1.650543e+03 1.602079e+03 1.607074e+03 1.655538e+03
6.0 1.681637e+03 1.634687e+03 1.615331e+03 1.662282e+03
7.0 1.684465e+03 1.651468e+03 1.618664e+03 1.651661e+03
8.0 1.600193e+03 1.625896e+03 1.605634e+03 1.579932e+03
9.0 1.603378e+03 1.596985e+03 1.591658e+03 1.598052e+03
10.0 1.579506e+03 1.593854e+03 1.597716e+03 1.583368e+03
11.0 1.586629e+03 1.597924e+03 1.609007e+03 1.597712e+03
12.0 1.574232e+03 1.599936e+03 1.616518e+03 1.590814e+03
13.0 1.627917e+03 1.611134e+03 1.620290e+03 1.637073e+03
14.0 1.608432e+03 1.629910e+03 1.621612e+03 1.600135e+03
15.0 1.694936e+03 1.632659e+03 1.621596e+03 1.683873e+03
16.0 1.615301e+03 1.626814e+03 1.621005e+03 1.609492e+03
17.0 1.636705e+03 1.621173e+03 1.620363e+03 1.635895e+03
18.0 1.647629e+03 1.618445e+03 1.619892e+03 1.649076e+03
0.9 1.684465e+03 1.651468e+03 1.618664e+03 1.651661e+03
1.9 1.600193e+03 1.625896e+03 1.605634e+03 1.579932e+03
2.9 1.603378e+03 1.596985e+03 1.591658e+03 1.598052e+03
3.9 1.579506e+03 1.593854e+03 1.597716e+03 1.583368e+03
4.9 1.586629e+03 1.597924e+03 1.609007e+03 1.597712e+03
5.9 1.574232e+03 1.599936e+03 1.616518e+03 1.590814e+03
6.9 1.627917e+03 1.611134e+03 1.620290e+03 1.637073e+03
7.9 1.608432e+03 1.629910e+03 1.621612e+03 1.600135e+03
8.9 1.694936e+03 1.632659e+03 1.621596e+03 1.683873e+03
9.9 1.615301e+03 1.626814e+03 1.621005e+03 1.609492e+03
10.9 1.636705e+03 1.621173e+03 1.620363e+03 1.635895e+03
11.9 1.647629e+03 1.618445e+03 1.619892e+03 1.649076e+03
12.9 1.614857e+03 1.617997e+03 1.619646e+03 1.616507e+03
13.9 1.588440e+03 1.616281e+03 1.619548e+03 1.591708e+03
14.9 1.616460e+03 1.614697e+03 1.619538e+03 1.621302e+03
15.9 1.625415e+03 1.611166e+03 1.616710e+03 1.630958e+03
16.9 1.554972e+03 1.591167e+03 1.596816e+03 1.560620e+03
17.9 1.618252e+03 1.581130e+03 1.586660e+03 1.623782e+03
0.2 1.616460e+03 1.614697e+03 1.619538e+03 1.621302e+03
1.2 1.625415e+03 1.611166e+03 1.616710e+03 1.630958e+03
2.2 1.554972e+03 1.591167e+03 1.596816e+03 1.560620e+03
3.2 1.618252e+03 1.581130e+03 1.586660e+03 1.623782e+03
4.2 1.595836e+03 1.588754e+03 1.597307e+03 1.604389e+03
5.2 1.588673e+03 1.597459e+03 1.609964e+03 1.601178e+03
6.2 1.560838e+03 1.597605e+03 1.608561e+03 1.571794e+03
7.2 1.556568e+03 1.580395e+03 1.588014e+03 1.564186e+03
8.2 1.634947e+03 1.580953e+03 1.586341e+03 1.640335e+03
9.2 1.660901e+03 1.597061e+03 1.601287e+03 1.665127e+03
10.2 1.589221e+03 1.610091e+03 1.613869e+03 1.592999e+03
11.2 1.594274e+03 1.616842e+03 1.620562e+03 1.597994e+03
12.2 1.625210e+03 1.619454e+03 1.623289e+03 1.629045e+03
13.2 1.644175e+03 1.624236e+03 1.623658e+03 1.643597e+03
14.2 1.692739e+03 1.641364e+03 1.622883e+03 1.674257e+03
15.2 1.639884e+03 1.644329e+03 1.621831e+03 1.617385e+03
16.2 1.519880e+03 1.634873e+03 1.620946e+03 1.505954e+03
17.2 1.598992e+03 1.635711e+03 1.620348e+03 1.583629e+03
0.6 1.588673e+03 1.597459e+03 1.609964e+03 1.601178e+03
1.6 1.560838e+03 1.597605e+03 1.608561e+03 1.571794e+03
2.6 1.556568e+03 1.580395e+03 1.588014e+03 1.564186e+03
3.6 1.634947e+03 1.580953e+03 1.586341e+03 1.640335e+03
4.6 1.660901e+03 1.597061e+03 1.601287e+03 1.665127e+03
5.6 1.589221e+03 1.610091e+03 1.613869e+03 1.592999e+03
6.6 1.594274e+03 1.616842e+03 1.620562e+03 1.597994e+03
7.6 1.625210e+03 1.619454e+03 1.623289e+03 1.629045e+03
8.6 1.644175e+03 1.624236e+03 1.623658e+03 1.643597e+03
9.6 1.692739e+03 1.641364e+03 1.622883e+03 1.674257e+03
10.6 1.639884e+03 1.644329e+03 1.621831e+03 1.617385e+03
11.6 1.519880e+03 1.634873e+03 1.620946e+03 1.505954e+03
12.6 1.598992e+03 1.635711e+03 1.620348e+03 1.583629e+03
13.6 1.666073e+03 1.633093e+03 1.620015e+03 1.652995e+03
14.6 1.627709e+03 1.622014e+03 1.617874e+03 1.623569e+03
15.6 1.603216e+03 1.596125e+03 1.598762e+03 1.605852e+03
16.6 1.487260e+03 1.574762e+03 1.580572e+03 1.493069e+03
17.6 1.556082e+03 1.579251e+03 1.588698e+03 1.565529e+03
0.1 1.666073e+03 1.633093e+03 1.620015e+03 1.652995e+03
1.1 1.627709e+03 1.622014e+03 1.617874e+03 1.623569e+03
2.1 1.603216e+03 1.596125e+03 1.598762e+03 1.605852e+03
3.1 1.487260e+03 1.574762e+03 1.580572e+03 1.493069e+03
4.1 1.556082e+03 1.579251e+03 1.588698e+03 1.565529e+03
5.1 1.606858e+03 1.590732e+03 1.604582e+03 1.620708e+03
6.1 1.583817e+03 1.603354e+03 1.615604e+03 1.596067e+03
7.1 1.618887e+03 1.605280e+03 1.613758e+03 1.627366e+03
8.1 1.572218e+03 1.593424e+03 1.599168e+03 1.577962e+03
9.1 1.601858e+03 1.595465e+03 1.599731e+03 1.606123e+03
10.1 1.611477e+03 1.605588e+03 1.609254e+03 1.615144e+03
11.1 1.576630e+03 1.613105e+03 1.616661e+03 1.580185e+03
12.1 1.572334e+03 1.616547e+03 1.620228e+03 1.576014e+03
13.1 1.580602e+03 1.617671e+03 1.621528e+03 1.584460e+03
14.1 1.561958e+03 1.617496e+03 1.621502e+03 1.565963e+03
15.1 1.582829e+03 1.610572e+03 1.614670e+03 1.586927e+03
16.1 1.642256e+03 1.594837e+03 1.598986e+03 1.646404e+03
17.1 1.610371e+03 1.595052e+03 1.599226e+03 1.614545e+03
0.5 1.583817e+03 1.603354e+03 1.615604e+03 1.596067e+03
1.5 1.618887e+03 1.605280e+03 1.613758e+03 1.627366e+03
2.5 1.572218e+03 1.593424e+03 1.599168e+03 1.577962e+03
3.5 1.601858e+03 1.595465e+03 1.599731e+03 1.606123e+03
4.5 1.611477e+03 1.605588e+03 1.609254e+03 1.615144e+03
5.5 1.576630e+03 1.613105e+03 1.616661e+03 1.580185e+03
6.5 1.572334e+03 1.616547e+03 1.620228e+03 1.576014e+03
7.5 1.580602e+03 1.617671e+03 1.621528e+03 1.584460e+03
8.5 1.561958e+03 1.617496e+03 1.621502e+03 1.565963e+03
9.5 1.582829e+03 1.610572e+03 1.614670e+03 1.586927e+03
10.5 1.642256e+03 1.594837e+03 1.598986e+03 1.646404e+03
11.5 1.610371e+03 1.595052e+03 1.599226e+03 1.614545e+03
12.5 1.617738e+03 1.603884e+03 1.608073e+03 1.621926e+03
13.5 1.620750e+03 1.611264e+03 1.615258e+03 1.624744e+03
14.5 1.696812e+03 1.619212e+03 1.618927e+03 1.696527e+03
15.5 1.620410e+03 1.628371e+03 1.620424e+03 1.612463e+03
16.5 1.572030e+03 1.628395e+03 1.620583e+03 1.564218e+03
17.5 1.675680e+03 1.622719e+03 1.620110e+03 1.673071e+03
0.5 1.561958e+03 1.617496e+03 1.621502e+03 1.565963e+03
1.5 1.582829e+03 1.610572e+03 1.614670e+03 1.586927e+03
2.5 1.642256e+03 1.594837e+03 1.598986e+03 1.646404e+03
3.5 1.610371e+03 1.595052e+03 1.599226e+03 1.614545e+03
4.5 1.617738e+03 1.603884e+03 1.608073e+03 1.621926e+03
5.5 1.620750e+03 1.611264e+03 1.615258e+03 1.624744e+03
6.5 1.696812e+03 1.619212e+03 1.618927e+03 1.696527e+03
7.5 1.620410e+03 1.628371e+03 1.620424e+03 1.612463e+03
8.5 1.572030e+03 1.628395e+03 1.620583e+03 1.564218e+03
9.5 1.675680e+03 1.622719e+03 1.620110e+03 1.673071e+03
10.5 1.679486e+03 1.617591e+03 1.619469e+03 1.681364e+03
11.5 1.664379e+03 1.614700e+03 1.618948e+03 1.668626e+03
12.5 1.643273e+03 1.613774e+03 1.618590e+03 1.648088e+03
13.5 1.570232e+03 1.616154e+03 1.618377e+03 1.572455e+03
14.5 1.646394e+03 1.617512e+03 1.618246e+03 1.647128e+03
15.5 1.632147e+03 1.616271e+03 1.618159e+03 1.634035e+03
16.5 1.649976e+03 1.614800e+03 1.618092e+03 1.653268e+03
17.5 1.631930e+03 1.614229e+03 1.618033e+03 1.635735e+03
1.0 1.602174e+03 1.609312e+03 1.616185e+03 1.609047e+03
2.0 1.561939e+03 1.592215e+03 1.600142e+03 1.569867e+03
3.0 1.556205e+03 1.579008e+03 1.586391e+03 1.563588e+03
4.0 1.580986e+03 1.587703e+03 1.594032e+03 1.587315e+03
5.0 1.583418e+03 1.597893e+03 1.606663e+03 1.592188e+03
6.0 1.639528e+03 1.602517e+03 1.614471e+03 1.651482e+03
7.0 1.626510e+03 1.598864e+03 1.608786e+03 1.636432e+03
8.0 1.604833e+03 1.584843e+03 1.591322e+03 1.611313e+03
9.0 1.591871e+03 1.588758e+03 1.593026e+03 1.596139e+03
10.0 1.592427e+03 1.601687e+03 1.604824e+03 1.595564e+03
11.0 1.561463e+03 1.610751e+03 1.613461e+03 1.564173e+03
12.0 1.558271e+03 1.615315e+03 1.617825e+03 1.560781e+03
13.0 1.648739e+03 1.619205e+03 1.619479e+03 1.649013e+03
14.0 1.613393e+03 1.621160e+03 1.619516e+03 1.611749e+03
15.0 1.647970e+03 1.619219e+03 1.618793e+03 1.647544e+03
16.0 1.543099e+03 1.616118e+03 1.617938e+03 1.544918e+03
17.0 1.613578e+03 1.609203e+03 1.617243e+03 1.621617e+03
18.0 1.653668e+03 1.605171e+03 1.616766e+03 1.665262e+03
0.7 1.639528e+03 1.602517e+03 1.614471e+03 1.651482e+03
1.7 1.626510e+03 1.598864e+03 1.608786e+03 1.636432e+03
2.7 1.604833e+03 1.584843e+03 1.591322e+03 1.611313e+03
3.7 1.591871e+03 1.588758e+03 1.593026e+03 1.596139e+03
4.7 1.592427e+03 1.601687e+03 1.604824e+03 1.595564e+03
5.7 1.561463e+03 1.610751e+03 1.613461e+03 1.564173e+03
6.7 1.558271e+03 1.615315e+03 1.617825e+03 1.560781e+03
7.7 1.648739e+03 1.619205e+03 1.619479e+03 1.649013e+03
8.7 1.613393e+03 1.621160e+03 1.619516e+03 1.611749e+03
9.7 1.647970e+03 1.619219e+03 1.618793e+03 1.647544e+03
10.7 1.543099e+03 1.616118e+03 1.617938e+03 1.544918e+03
11.7 1.613578e+03 1.609203e+03 1.617243e+03 1.621617e+03
12.7 1.653668e+03 1.605171e+03 1.616766e+03 1.665262e+03
13.7 1.664362e+03 1.606530e+03 1.615697e+03 1.673529e+03
14.7 1.644579e+03 1.594737e+03 1.600582e+03 1.650425e+03
15.7 1.634240e+03 1.580982e+03 1.584772e+03 1.638030e+03
16.7 1.601949e+03 1.588024e+03 1.590779e+03 1.604704e+03
17.7 1.528860e+03 1.601500e+03 1.603868e+03 1.531227e+03
0.9 1.664362e+03 1.606530e+03 1.615697e+03 1.673529e+03
1.9 1.644579e+03 1.594737e+03 1.600582e+03 1.650425e+03
2.9 1.634240e+03 1.580982e+03 1.584772e+03 1.638030e+03
3.9 1.601949e+03 1.588024e+03 1.590779e+03 1.604704e+03
4.9 1.528860e+03 1.601500e+03 1.603868e+03 1.531227e+03
5.9 1.569764e+03 1.610614e+03 1.612554e+03 1.571704e+03
6.9 1.588235e+03 1.617645e+03 1.616930e+03 1.587520e+03
7.9 1.639991e+03 1.620120e+03 1.618420e+03 1.638291e+03
8.9 1.572157e+03 1.618419e+03 1.618347e+03 1.572085e+03
9.9 1.682145e+03 1.615814e+03 1.617557e+03 1.683888e+03
10.9 1.644062e+03 1.613898e+03 1.616688e+03 1.646852e+03
11.9 1.648484e+03 1.612764e+03 1.615995e+03 1.651715e+03
12.9 1.637066e+03 1.614008e+03 1.615547e+03 1.638604e+03
13.9 1.598382e+03 1.616809e+03 1.615267e+03 1.596839e+03
14.9 1.594299e+03 1.615485e+03 1.615083e+03 1.593898e+03
15.9 1.616969e+03 1.609685e+03 1.614950e+03 1.622235e+03
16.9 1.590307e+03 1.607897e+03 1.614838e+03 1.597247e+03
17.9 1.576935e+03 1.614576e+03 1.614732e+03 1.577091e+03
