0.6 1.056564e+04 1.050246e+04 1.050460e+04 1.056778e+04
1.6 1.052286e+04 1.050982e+04 1.050328e+04 1.051632e+04
2.6 1.049159e+04 1.051503e+04 1.050158e+04 1.047814e+04
3.6 1.045018e+04 1.051908e+04 1.050213e+04 1.043323e+04
4.6 1.045914e+04 1.052160e+04 1.050342e+04 1.044096e+04
5.6 1.048311e+04 1.051658e+04 1.050428e+04 1.047080e+04
6.6 1.053442e+04 1.049850e+04 1.050472e+04 1.054063e+04
7.6 1.057486e+04 1.049439e+04 1.050487e+04 1.058534e+04
8.6 1.056478e+04 1.049528e+04 1.050488e+04 1.057438e+04
9.6 1.050712e+04 1.050066e+04 1.050481e+04 1.051128e+04
10.6 1.051248e+04 1.051148e+04 1.050473e+04 1.050573e+04
11.6 1.050070e+04 1.052016e+04 1.050467e+04 1.048522e+04
12.6 1.051283e+04 1.052146e+04 1.050464e+04 1.049601e+04
13.6 1.043224e+04 1.048267e+04 1.050462e+04 1.045419e+04
14.6 1.043154e+04 1.044596e+04 1.050461e+04 1.049018e+04
15.6 1.053339e+04 1.046440e+04 1.050460e+04 1.057359e+04
16.6 1.044418e+04 1.049810e+04 1.050460e+04 1.045067e+04
17.6 1.050572e+04 1.053604e+04 1.050459e+04 1.047428e+04
0.2 1.051114e+04 1.050065e+04 1.050475e+04 1.051524e+04
1.2 1.048906e+04 1.050085e+04 1.050429e+04 1.049250e+04
2.2 1.053511e+04 1.050573e+04 1.050219e+04 1.053157e+04
3.2 1.054162e+04 1.051010e+04 1.050186e+04 1.053338e+04
4.2 1.051916e+04 1.050603e+04 1.050306e+04 1.051620e+04
5.2 1.047992e+04 1.049846e+04 1.050414e+04 1.048560e+04
6.2 1.049673e+04 1.050135e+04 1.050475e+04 1.050013e+04
7.2 1.046608e+04 1.050863e+04 1.050501e+04 1.046246e+04
8.2 1.046498e+04 1.051378e+04 1.050507e+04 1.045627e+04
9.2 1.049059e+04 1.051604e+04 1.050503e+04 1.047957e+04
10.2 1.050856e+04 1.051665e+04 1.050496e+04 1.049687e+04
11.2 1.046638e+04 1.051626e+04 1.050489e+04 1.045502e+04
12.2 1.053425e+04 1.051045e+04 1.050485e+04 1.052865e+04
13.2 1.059149e+04 1.050037e+04 1.050483e+04 1.059596e+04
14.2 1.045688e+04 1.050114e+04 1.050483e+04 1.046056e+04
15.2 1.049906e+04 1.050631e+04 1.050418e+04 1.049693e+04
16.2 1.046434e+04 1.050868e+04 1.050206e+04 1.045772e+04
17.2 1.051005e+04 1.050925e+04 1.050200e+04 1.050280e+04
0.3 1.045688e+04 1.050114e+04 1.050483e+04 1.046056e+04
1.3 1.049906e+04 1.050631e+04 1.050418e+04 1.049693e+04
2.3 1.046434e+04 1.050868e+04 1.050206e+04 1.045772e+04
3.3 1.051005e+04 1.050925e+04 1.050200e+04 1.050280e+04
4.3 1.050961e+04 1.050187e+04 1.050327e+04 1.051101e+04
5.3 1.049709e+04 1.049962e+04 1.050428e+04 1.050175e+04
6.3 1.043600e+04 1.050495e+04 1.050483e+04 1.043588e+04
7.3 1.051173e+04 1.051296e+04 1.050506e+04 1.050384e+04
8.3 1.051216e+04 1.051704e+04 1.050511e+04 1.050022e+04
9.3 1.056209e+04 1.050670e+04 1.050505e+04 1.056045e+04
10.3 1.044987e+04 1.048626e+04 1.050498e+04 1.046859e+04
11.3 1.045995e+04 1.048778e+04 1.050491e+04 1.047708e+04
12.3 1.048382e+04 1.051446e+04 1.050487e+04 1.047422e+04
13.3 1.049160e+04 1.052644e+04 1.050485e+04 1.047002e+04
14.3 1.053803e+04 1.052337e+04 1.050484e+04 1.051949e+04
15.3 1.053750e+04 1.051821e+04 1.050483e+04 1.052413e+04
16.3 1.053483e+04 1.051283e+04 1.050483e+04 1.052683e+04
17.3 1.051142e+04 1.049671e+04 1.050483e+04 1.051954e+04
0.1 1.045968e+04 1.049909e+04 1.050481e+04 1.046540e+04
1.1 1.048009e+04 1.050051e+04 1.050444e+04 1.048403e+04
2.1 1.053005e+04 1.050360e+04 1.050236e+04 1.052880e+04
3.1 1.052337e+04 1.050662e+04 1.050181e+04 1.051856e+04
4.1 1.049760e+04 1.050882e+04 1.050298e+04 1.049176e+04
5.1 1.051617e+04 1.050185e+04 1.050408e+04 1.051840e+04
6.1 1.049549e+04 1.049524e+04 1.050471e+04 1.050497e+04
7.1 1.043743e+04 1.049934e+04 1.050498e+04 1.044308e+04
8.1 1.049749e+04 1.050561e+04 1.050505e+04 1.049692e+04
9.1 1.050067e+04 1.050966e+04 1.050500e+04 1.049601e+04
10.1 1.053016e+04 1.050931e+04 1.050492e+04 1.052576e+04
11.1 1.057875e+04 1.049848e+04 1.050484e+04 1.058512e+04
12.1 1.052017e+04 1.049417e+04 1.050479e+04 1.053079e+04
13.1 1.048945e+04 1.050222e+04 1.050476e+04 1.049198e+04
14.1 1.045376e+04 1.051105e+04 1.050474e+04 1.044744e+04
