0.2 2.957756e+03 2.946630e+03 2.959331e+03 2.970457e+03
1.2 2.984729e+03 2.930779e+03 2.960923e+03 3.014873e+03
2.2 3.020995e+03 2.978513e+03 2.975632e+03 3.018115e+03
3.2 2.972940e+03 2.990372e+03 2.997007e+03 2.979575e+03
4.2 3.141116e+03 3.032092e+03 3.011758e+03 3.120782e+03
5.2 3.072442e+03 3.003219e+03 3.018254e+03 3.087476e+03
6.2 2.887339e+03 3.041067e+03 3.019434e+03 2.865706e+03
7.2 3.036113e+03 3.020599e+03 3.018185e+03 3.033698e+03
8.2 3.032656e+03 3.013049e+03 3.016222e+03 3.035829e+03
9.2 3.022188e+03 3.006923e+03 3.014424e+03 3.029689e+03
10.2 3.071262e+03 3.004362e+03 3.013113e+03 3.080014e+03
11.2 3.057234e+03 2.996821e+03 3.012344e+03 3.072758e+03
12.2 3.070610e+03 3.009295e+03 3.011927e+03 3.073242e+03
13.2 2.914184e+03 2.995156e+03 3.011729e+03 2.930757e+03
14.2 3.007642e+03 3.003383e+03 3.011635e+03 3.015894e+03
15.2 2.933977e+03 3.003488e+03 3.011589e+03 2.942078e+03
16.2 3.060279e+03 3.012198e+03 3.011565e+03 3.059645e+03
17.2 2.854481e+03 2.991090e+03 3.011496e+03 2.874887e+03
18.2 2.918701e+03 2.990205e+03 3.005736e+03 2.934232e+03
19.2 2.865852e+03 2.986672e+03 2.986369e+03 2.865549e+03
20.2 2.869114e+03 2.904367e+03 2.966255e+03 2.931002e+03
21.2 3.130897e+03 2.933634e+03 2.955284e+03 3.152547e+03
22.2 2.855588e+03 2.987473e+03 2.951384e+03 2.819498e+03
23.2 2.746553e+03 2.870334e+03 2.951437e+03 2.827656e+03
24.2 2.957921e+03 2.922850e+03 2.953081e+03 2.988153e+03
25.2 2.949213e+03 2.913403e+03 2.955069e+03 2.990878e+03
26.2 2.937276e+03 2.944195e+03 2.956644e+03 2.949725e+03
27.2 2.852668e+03 2.929569e+03 2.957704e+03 2.880803e+03
28.2 2.977278e+03 2.952174e+03 2.958289e+03 2.983393e+03
29.2 2.899394e+03 2.981161e+03 2.958588e+03 2.876821e+03
30.2 2.928736e+03 2.921859e+03 2.958734e+03 2.965611e+03
31.2 2.889768e+03 2.902584e+03 2.958805e+03 2.945990e+03
32.2 2.919811e+03 2.948921e+03 2.958847e+03 2.929737e+03
33.2 2.928133e+03 2.940228e+03 2.958878e+03 2.946783e+03
0.6 2.992202e+03 2.852239e+03 2.960760e+03 3.100724e+03
1.6 2.862362e+03 2.907791e+03 2.966609e+03 2.921180e+03
2.6 3.037307e+03 2.951754e+03 2.986057e+03 3.071610e+03
3.6 3.046312e+03 2.992981e+03 3.005867e+03 3.059198e+03
4.6 3.076884e+03 2.957757e+03 3.017320e+03 3.136447e+03
5.6 3.037593e+03 2.967249e+03 3.021279e+03 3.091623e+03
6.6 2.886395e+03 2.979019e+03 3.021361e+03 2.928737e+03
7.6 3.005741e+03 2.976393e+03 3.019820e+03 3.049167e+03
8.6 2.969920e+03 2.982371e+03 3.017984e+03 3.005534e+03
9.6 2.984767e+03 2.998306e+03 3.016475e+03 3.002936e+03
10.6 2.892763e+03 2.979071e+03 3.015549e+03 2.929240e+03
11.6 2.927703e+03 3.003170e+03 3.015064e+03 2.939598e+03
12.6 3.013270e+03 2.985200e+03 3.014888e+03 3.042957e+03
13.6 2.979641e+03 2.998926e+03 3.014869e+03 2.995585e+03
14.6 2.991605e+03 2.998068e+03 3.014927e+03 3.008464e+03
15.6 3.086912e+03 3.019851e+03 3.015019e+03 3.082081e+03
16.6 3.126804e+03 3.027784e+03 3.015126e+03 3.114145e+03
17.6 2.952201e+03 3.038269e+03 3.014450e+03 2.928382e+03
18.6 3.059830e+03 2.994591e+03 3.002962e+03 3.068200e+03
19.6 2.905935e+03 2.960848e+03 2.981122e+03 2.926209e+03
20.6 2.825636e+03 2.982157e+03 2.964865e+03 2.808345e+03
21.6 2.868479e+03 2.908007e+03 2.957164e+03 2.917637e+03
22.6 2.960782e+03 2.896012e+03 2.955405e+03 3.020175e+03
23.6 2.976562e+03 2.903687e+03 2.956420e+03 3.029294e+03
24.6 3.038057e+03 2.952191e+03 2.958468e+03 3.044335e+03
25.6 3.020475e+03 3.002124e+03 2.960427e+03 2.978777e+03
26.6 2.975136e+03 2.932998e+03 2.961935e+03 3.004073e+03
27.6 2.902335e+03 2.984204e+03 2.962886e+03 2.881017e+03
28.6 3.054083e+03 3.046453e+03 2.963455e+03 2.971086e+03
29.6 2.979238e+03 2.977555e+03 2.963800e+03 2.965482e+03
30.6 2.913020e+03 2.978257e+03 2.964022e+03 2.898785e+03
31.6 2.884031e+03 2.972587e+03 2.964194e+03 2.875638e+03
32.6 3.020580e+03 3.011902e+03 2.964345e+03 2.973023e+03
33.6 3.122456e+03 3.006344e+03 2.964489e+03 3.080601e+03
