0.4 4.277483e+03 4.277965e+03 4.256954e+03 4.256472e+03
1.4 4.313300e+03 4.219546e+03 4.253110e+03 4.346865e+03
2.4 4.382876e+03 4.247580e+03 4.238235e+03 4.373531e+03
3.4 4.281899e+03 4.245435e+03 4.221180e+03 4.257644e+03
4.4 4.505583e+03 4.236474e+03 4.211130e+03 4.480240e+03
5.4 4.113707e+03 4.225660e+03 4.207022e+03 4.095069e+03
6.4 3.955736e+03 4.226317e+03 4.206363e+03 3.935782e+03
7.4 4.188623e+03 4.223794e+03 4.207147e+03 4.171975e+03
8.4 4.204762e+03 4.232767e+03 4.208302e+03 4.180297e+03
9.4 3.999868e+03 4.239719e+03 4.209167e+03 3.969315e+03
10.4 4.385125e+03 4.239494e+03 4.209625e+03 4.355256e+03
11.4 4.417423e+03 4.243605e+03 4.209691e+03 4.383509e+03
12.4 4.257350e+03 4.244385e+03 4.209520e+03 4.222485e+03
13.4 4.148935e+03 4.244548e+03 4.209222e+03 4.113609e+03
14.4 4.190597e+03 4.245499e+03 4.208863e+03 4.153961e+03
15.4 4.571208e+03 4.245465e+03 4.208483e+03 4.534227e+03
16.4 4.253971e+03 4.246360e+03 4.208099e+03 4.215710e+03
17.4 4.347671e+03 4.247279e+03 4.208045e+03 4.308437e+03
18.4 3.825515e+03 4.249397e+03 4.215723e+03 3.791841e+03
19.4 3.883992e+03 4.264465e+03 4.232209e+03 3.851736e+03
20.4 4.223914e+03 4.326673e+03 4.245985e+03 4.143226e+03
21.4 4.094322e+03 4.287679e+03 4.252375e+03 4.059018e+03
22.4 4.516410e+03 4.313311e+03 4.253940e+03 4.457039e+03
23.4 4.630348e+03 4.296782e+03 4.253042e+03 4.586608e+03
24.4 4.573179e+03 4.269020e+03 4.251249e+03 4.555408e+03
25.4 4.425215e+03 4.291483e+03 4.249401e+03 4.383132e+03
26.4 4.443605e+03 4.246199e+03 4.247965e+03 4.445370e+03
27.4 4.135318e+03 4.300804e+03 4.246956e+03 4.081470e+03
28.4 4.223055e+03 4.215199e+03 4.246267e+03 4.254122e+03
29.4 4.250551e+03 4.287320e+03 4.245791e+03 4.209022e+03
30.4 4.339242e+03 4.249937e+03 4.245420e+03 4.334725e+03
31.4 4.344649e+03 4.240599e+03 4.245104e+03 4.349153e+03
32.4 4.436923e+03 4.233335e+03 4.244811e+03 4.448399e+03
33.4 4.399610e+03 4.231862e+03 4.244532e+03 4.412281e+03
1.0 4.375805e+03 4.202675e+03 4.241738e+03 4.414868e+03
2.0 4.197133e+03 4.401032e+03 4.232313e+03 4.028415e+03
3.0 4.171349e+03 4.295984e+03 4.215343e+03 4.090708e+03
4.0 4.257388e+03 4.256643e+03 4.202195e+03 4.202940e+03
5.0 4.440243e+03 4.232537e+03 4.196313e+03 4.404018e+03
6.0 4.318044e+03 4.236980e+03 4.194920e+03 4.275984e+03
7.0 4.214562e+03 4.228307e+03 4.195767e+03 4.182022e+03
8.0 4.652687e+03 4.233907e+03 4.197367e+03 4.616146e+03
9.0 4.572918e+03 4.243144e+03 4.198957e+03 4.528732e+03
10.0 4.312174e+03 4.246803e+03 4.200121e+03 4.265493e+03
11.0 4.284293e+03 4.245598e+03 4.200884e+03 4.239579e+03
12.0 4.042773e+03 4.245329e+03 4.201321e+03 3.998764e+03
13.0 4.009864e+03 4.246398e+03 4.201576e+03 3.965042e+03
14.0 4.251566e+03 4.247516e+03 4.201734e+03 4.205784e+03
15.0 4.233328e+03 4.247796e+03 4.201845e+03 4.187377e+03
16.0 4.159513e+03 4.248936e+03 4.201934e+03 4.112511e+03
17.0 3.976300e+03 4.249080e+03 4.202018e+03 3.929238e+03
18.0 4.193203e+03 4.252301e+03 4.205045e+03 4.145947e+03
19.0 4.257486e+03 4.258201e+03 4.219521e+03 4.218806e+03
20.0 4.397699e+03 4.213283e+03 4.235956e+03 4.420373e+03
21.0 4.389994e+03 4.290321e+03 4.246138e+03 4.345811e+03
22.0 4.429021e+03 4.301930e+03 4.249942e+03 4.377032e+03
23.0 4.130938e+03 4.231740e+03 4.250333e+03 4.149530e+03
24.0 4.112474e+03 4.233731e+03 4.249173e+03 4.127916e+03
25.0 4.114167e+03 4.202262e+03 4.247672e+03 4.159577e+03
26.0 4.100540e+03 4.202866e+03 4.246373e+03 4.144046e+03
27.0 4.301913e+03 4.188553e+03 4.245529e+03 4.358889e+03
28.0 4.404563e+03 4.165890e+03 4.245056e+03 4.483730e+03
29.0 4.066278e+03 4.165147e+03 4.244824e+03 4.145955e+03
30.0 4.299714e+03 4.162843e+03 4.244733e+03 4.381604e+03
31.0 4.429459e+03 4.167945e+03 4.244703e+03 4.506218e+03
32.0 4.161842e+03 4.174376e+03 4.244699e+03 4.232165e+03
33.0 3.762471e+03 4.181176e+03 4.244700e+03 3.825995e+03
34.0 3.993863e+03 4.183550e+03 4.244700e+03 4.055013e+03
