0.4 3.364502e+03 3.343786e+03 3.328769e+03 3.349485e+03
1.4 3.262697e+03 3.334726e+03 3.327202e+03 3.255172e+03
2.4 3.313600e+03 3.333978e+03 3.320499e+03 3.300121e+03
3.4 3.392980e+03 3.335677e+03 3.312777e+03 3.370080e+03
4.4 3.284289e+03 3.321922e+03 3.308309e+03 3.270676e+03
5.4 3.352508e+03 3.332323e+03 3.306602e+03 3.326786e+03
6.4 3.265331e+03 3.315526e+03 3.306495e+03 3.256299e+03
7.4 3.333229e+03 3.294393e+03 3.307055e+03 3.345891e+03
8.4 3.393762e+03 3.338798e+03 3.307785e+03 3.362750e+03
9.4 3.388087e+03 3.351273e+03 3.308380e+03 3.345194e+03
10.4 3.266871e+03 3.320563e+03 3.308783e+03 3.255091e+03
11.4 3.314236e+03 3.326266e+03 3.309001e+03 3.296971e+03
12.4 3.340489e+03 3.335897e+03 3.309103e+03 3.313694e+03
13.4 3.327406e+03 3.347958e+03 3.309142e+03 3.288590e+03
14.4 3.302849e+03 3.355596e+03 3.309148e+03 3.256401e+03
15.4 3.306457e+03 3.322047e+03 3.309140e+03 3.293550e+03
16.4 3.277375e+03 3.315525e+03 3.309125e+03 3.270974e+03
17.4 3.339888e+03 3.306131e+03 3.309259e+03 3.343016e+03
18.4 3.351890e+03 3.317719e+03 3.312986e+03 3.347156e+03
19.4 3.377615e+03 3.337073e+03 3.320806e+03 3.361348e+03
20.4 3.302229e+03 3.338932e+03 3.327362e+03 3.290659e+03
21.4 3.278271e+03 3.329372e+03 3.330477e+03 3.279376e+03
22.4 3.307605e+03 3.340845e+03 3.331343e+03 3.298103e+03
23.4 3.350891e+03 3.344852e+03 3.331059e+03 3.337098e+03
24.4 3.359760e+03 3.348270e+03 3.330354e+03 3.341845e+03
25.4 3.283280e+03 3.335157e+03 3.329619e+03 3.277742e+03
26.4 3.321874e+03 3.336562e+03 3.329069e+03 3.314381e+03
27.4 3.278698e+03 3.326533e+03 3.328714e+03 3.280880e+03
28.4 3.329506e+03 3.318357e+03 3.328505e+03 3.339654e+03
29.4 3.282109e+03 3.339961e+03 3.328390e+03 3.270538e+03
30.4 3.334880e+03 3.319890e+03 3.328321e+03 3.343311e+03
31.4 3.350673e+03 3.336101e+03 3.328274e+03 3.342846e+03
32.4 3.383926e+03 3.332387e+03 3.328235e+03 3.379775e+03
33.4 3.391716e+03 3.326694e+03 3.328199e+03 3.393221e+03
