0.2 7.953459e+03 7.977443e+03 7.904114e+03 7.880131e+03
1.2 7.964456e+03 8.028919e+03 7.902184e+03 7.837721e+03
2.2 7.848192e+03 7.909735e+03 7.884429e+03 7.822887e+03
3.2 7.878240e+03 7.865589e+03 7.858633e+03 7.871284e+03
4.2 7.773603e+03 7.845686e+03 7.840829e+03 7.768747e+03
5.2 7.909164e+03 7.859459e+03 7.832986e+03 7.882692e+03
6.2 7.755571e+03 7.761507e+03 7.831557e+03 7.825622e+03
7.2 7.861788e+03 7.852388e+03 7.833060e+03 7.842460e+03
8.2 7.711663e+03 7.790105e+03 7.835426e+03 7.756984e+03
9.2 7.799832e+03 7.811818e+03 7.837592e+03 7.825607e+03
10.2 7.850651e+03 7.838482e+03 7.839172e+03 7.851341e+03
11.2 7.960140e+03 7.933286e+03 7.840098e+03 7.866952e+03
12.2 7.950694e+03 7.910979e+03 7.840601e+03 7.880316e+03
13.2 7.934762e+03 7.910147e+03 7.840840e+03 7.865455e+03
14.2 7.962110e+03 7.871275e+03 7.840954e+03 7.931789e+03
15.2 7.837748e+03 7.875612e+03 7.841011e+03 7.803147e+03
16.2 7.910376e+03 7.902545e+03 7.841043e+03 7.848874e+03
17.2 7.883770e+03 7.879382e+03 7.841129e+03 7.845517e+03
18.2 7.818830e+03 7.905171e+03 7.848083e+03 7.761743e+03
19.2 7.940600e+03 7.890775e+03 7.871454e+03 7.921279e+03
20.2 7.970292e+03 7.898722e+03 7.895728e+03 7.967298e+03
21.2 7.923804e+03 7.801036e+03 7.908972e+03 8.031739e+03
22.2 7.955185e+03 7.865446e+03 7.913686e+03 8.003425e+03
23.2 7.990854e+03 7.885272e+03 7.913632e+03 8.019214e+03
24.2 7.965204e+03 7.943922e+03 7.911658e+03 7.932941e+03
25.2 7.863787e+03 7.938542e+03 7.909272e+03 7.834518e+03
26.2 7.851626e+03 7.923367e+03 7.907386e+03 7.835645e+03
27.2 7.896370e+03 7.921845e+03 7.906121e+03 7.880646e+03
28.2 7.933809e+03 7.921146e+03 7.905433e+03 7.918096e+03
29.2 7.965954e+03 7.923800e+03 7.905090e+03 7.947244e+03
30.2 7.972064e+03 7.927649e+03 7.904934e+03 7.949348e+03
31.2 7.934827e+03 7.926007e+03 7.904870e+03 7.913691e+03
32.2 7.991430e+03 7.928889e+03 7.904844e+03 7.967386e+03
33.2 7.994202e+03 7.927703e+03 7.904833e+03 7.971332e+03
0.7 8.032981e+03 7.875080e+03 7.917468e+03 8.075369e+03
1.7 7.991527e+03 7.863991e+03 7.908980e+03 8.036516e+03
2.7 8.010940e+03 7.899847e+03 7.884314e+03 7.995407e+03
3.7 7.863990e+03 7.884051e+03 7.862330e+03 7.842269e+03
4.7 7.937224e+03 7.926355e+03 7.850925e+03 7.861794e+03
5.7 7.912706e+03 7.981211e+03 7.847563e+03 7.779058e+03
6.7 7.902851e+03 7.882187e+03 7.848547e+03 7.869211e+03
7.7 7.897508e+03 7.937693e+03 7.851275e+03 7.811091e+03
8.7 7.850738e+03 7.818996e+03 7.854170e+03 7.885912e+03
9.7 7.836081e+03 7.812298e+03 7.856584e+03 7.880367e+03
10.7 7.843793e+03 7.842963e+03 7.858387e+03 7.859217e+03
11.7 7.925231e+03 7.874206e+03 7.859650e+03 7.910675e+03
12.7 7.865190e+03 7.849542e+03 7.860607e+03 7.876255e+03
13.7 7.921032e+03 7.884871e+03 7.861396e+03 7.897557e+03
14.7 7.831006e+03 7.905935e+03 7.862117e+03 7.787188e+03
15.7 7.947132e+03 7.920513e+03 7.862818e+03 7.889437e+03
16.7 7.834111e+03 7.832120e+03 7.863517e+03 7.865508e+03
17.7 7.870892e+03 7.894137e+03 7.866037e+03 7.842792e+03
18.7 7.817433e+03 7.884405e+03 7.883498e+03 7.816527e+03
19.7 7.846605e+03 7.907527e+03 7.910159e+03 7.849237e+03
20.7 7.907328e+03 7.945259e+03 7.929626e+03 7.891696e+03
