0.2 6.997379e+03 6.630185e+03 6.706217e+03 7.073411e+03
1.2 7.092458e+03 6.595659e+03 6.709521e+03 7.206320e+03
2.2 7.185456e+03 6.720848e+03 6.740046e+03 7.204655e+03
3.2 6.473432e+03 6.742062e+03 6.784402e+03 6.515772e+03
4.2 6.874471e+03 6.873264e+03 6.815015e+03 6.816222e+03
5.2 6.486023e+03 6.777694e+03 6.828495e+03 6.536824e+03
6.2 7.065364e+03 6.896538e+03 6.830945e+03 6.999772e+03
7.2 7.406640e+03 6.837111e+03 6.828353e+03 7.397882e+03
8.2 6.781193e+03 6.817460e+03 6.824278e+03 6.788011e+03
9.2 6.313867e+03 6.801145e+03 6.820548e+03 6.333270e+03
10.2 6.518527e+03 6.795696e+03 6.817827e+03 6.540657e+03
11.2 6.613526e+03 6.771772e+03 6.816232e+03 6.657986e+03
12.2 6.840516e+03 6.818326e+03 6.815366e+03 6.837556e+03
13.2 7.038830e+03 6.769850e+03 6.814954e+03 7.083935e+03
14.2 7.055976e+03 6.801201e+03 6.814760e+03 7.069534e+03
15.2 6.435841e+03 6.803421e+03 6.814664e+03 6.447084e+03
16.2 6.337571e+03 6.836485e+03 6.814614e+03 6.315700e+03
17.2 6.436076e+03 6.762520e+03 6.814471e+03 6.488027e+03
18.2 6.717404e+03 6.760842e+03 6.802518e+03 6.759080e+03
19.2 6.676407e+03 6.773380e+03 6.762328e+03 6.665355e+03
20.2 7.192714e+03 6.646102e+03 6.720586e+03 7.267198e+03
21.2 6.442610e+03 6.682291e+03 6.697819e+03 6.458138e+03
22.2 6.297082e+03 6.776529e+03 6.689725e+03 6.210278e+03
23.2 6.640411e+03 6.565138e+03 6.689835e+03 6.765108e+03
24.2 6.642557e+03 6.667028e+03 6.693248e+03 6.668777e+03
25.2 6.943708e+03 6.612582e+03 6.697372e+03 7.028499e+03
26.2 6.674201e+03 6.748357e+03 6.700640e+03 6.626484e+03
27.2 6.366622e+03 6.650968e+03 6.702841e+03 6.418494e+03
28.2 6.754072e+03 6.798663e+03 6.704054e+03 6.659464e+03
29.2 6.987065e+03 6.986320e+03 6.704675e+03 6.705420e+03
30.2 7.103900e+03 6.605001e+03 6.704979e+03 7.203878e+03
31.2 6.383652e+03 6.495122e+03 6.705127e+03 6.593657e+03
32.2 6.180109e+03 6.774484e+03 6.705214e+03 6.110839e+03
33.2 6.211783e+03 6.725184e+03 6.705278e+03 6.191876e+03
0.6 7.028651e+03 6.606120e+03 6.709183e+03 7.131714e+03
1.6 6.849099e+03 6.710099e+03 6.721321e+03 6.860321e+03
2.6 6.618703e+03 6.808389e+03 6.761681e+03 6.571995e+03
3.6 6.786163e+03 6.853083e+03 6.802790e+03 6.735870e+03
4.6 6.914439e+03 6.720986e+03 6.826557e+03 7.020010e+03
5.6 6.672696e+03 6.756713e+03 6.834774e+03 6.750756e+03
6.6 6.892372e+03 6.793226e+03 6.834943e+03 6.934088e+03
7.6 6.814164e+03 6.783712e+03 6.831744e+03 6.862196e+03
8.6 7.083755e+03 6.802600e+03 6.827936e+03 7.109091e+03
9.6 7.062542e+03 6.856999e+03 6.824804e+03 7.030346e+03
10.6 7.003646e+03 6.790642e+03 6.822882e+03 7.035886e+03
11.6 7.070410e+03 6.876132e+03 6.821876e+03 7.016153e+03
12.6 6.761496e+03 6.812673e+03 6.821510e+03 6.770333e+03
13.6 6.802134e+03 6.862184e+03 6.821472e+03 6.761422e+03
14.6 6.756257e+03 6.859508e+03 6.821591e+03 6.718340e+03
15.6 7.301884e+03 6.938012e+03 6.821782e+03 7.185654e+03
16.6 6.829011e+03 6.966802e+03 6.822003e+03 6.684213e+03
17.6 7.253030e+03 7.008151e+03 6.820601e+03 7.065480e+03
18.6 6.665907e+03 6.867027e+03 6.796760e+03 6.595640e+03
19.6 6.971726e+03 6.808832e+03 6.751438e+03 6.914332e+03
20.6 6.893712e+03 6.829728e+03 6.717702e+03 6.781686e+03
21.6 6.731611e+03 6.701327e+03 6.701721e+03 6.732005e+03
22.6 6.951787e+03 6.677586e+03 6.698070e+03 6.972271e+03
23.6 6.775835e+03 6.666259e+03 6.700176e+03 6.809752e+03
24.6 6.683637e+03 6.683150e+03 6.704427e+03 6.704915e+03
25.6 6.862249e+03 6.676456e+03 6.708492e+03 6.894284e+03
26.6 6.396123e+03 6.695677e+03 6.711621e+03 6.412067e+03
27.6 6.918964e+03 6.676673e+03 6.713594e+03 6.955886e+03
28.6 6.786517e+03 6.634889e+03 6.714776e+03 6.866403e+03
29.6 6.735383e+03 6.683841e+03 6.715491e+03 6.767033e+03
30.6 6.797912e+03 6.683167e+03 6.715953e+03 6.830697e+03
31.6 6.701718e+03 6.685471e+03 6.716310e+03 6.732557e+03
32.6 6.787130e+03 6.670270e+03 6.716623e+03 6.833483e+03
33.6 6.363274e+03 6.672998e+03 6.716921e+03 6.407197e+03
