0.1 9.913088e+03 9.898100e+03 9.885793e+03 9.900780e+03
1.1 9.861286e+03 9.791956e+03 9.883734e+03 9.953064e+03
2.1 9.783395e+03 9.785779e+03 9.859627e+03 9.857243e+03
3.1 9.851471e+03 9.855822e+03 9.820524e+03 9.816173e+03
4.1 9.853143e+03 9.823521e+03 9.791458e+03 9.821080e+03
5.1 9.886321e+03 9.811547e+03 9.778714e+03 9.853488e+03
6.1 9.892605e+03 9.834515e+03 9.775758e+03 9.833849e+03
7.1 9.863479e+03 9.826796e+03 9.777600e+03 9.814283e+03
8.1 9.972589e+03 9.814865e+03 9.780978e+03 9.938702e+03
9.1 9.855212e+03 9.820735e+03 9.784241e+03 9.818718e+03
10.1 9.778073e+03 9.823883e+03 9.786512e+03 9.740702e+03
11.1 9.863262e+03 9.822187e+03 9.787852e+03 9.828926e+03
12.1 9.813617e+03 9.814271e+03 9.788529e+03 9.787875e+03
13.1 9.953511e+03 9.813856e+03 9.788787e+03 9.928442e+03
14.1 9.928532e+03 9.814244e+03 9.788847e+03 9.903136e+03
15.1 9.827104e+03 9.816051e+03 9.788812e+03 9.799866e+03
16.1 9.833827e+03 9.815250e+03 9.788740e+03 9.807317e+03
17.1 9.809842e+03 9.814526e+03 9.788687e+03 9.784003e+03
18.1 9.921682e+03 9.827152e+03 9.796815e+03 9.891345e+03
19.1 9.782793e+03 9.880498e+03 9.831104e+03 9.733399e+03
20.1 9.831895e+03 9.893469e+03 9.867623e+03 9.806049e+03
21.1 9.733019e+03 9.900915e+03 9.889031e+03 9.721134e+03
22.1 9.893077e+03 9.933347e+03 9.897035e+03 9.856765e+03
23.1 9.715793e+03 9.922639e+03 9.897323e+03 9.690477e+03
24.1 9.844388e+03 9.903106e+03 9.894327e+03 9.835609e+03
25.1 9.836058e+03 9.882471e+03 9.890709e+03 9.844295e+03
26.1 9.803475e+03 9.857407e+03 9.887683e+03 9.833750e+03
27.1 9.915492e+03 9.883111e+03 9.885589e+03 9.917971e+03
28.1 9.968781e+03 9.863553e+03 9.884393e+03 9.989621e+03
29.1 9.826824e+03 9.883184e+03 9.883738e+03 9.827378e+03
30.1 9.927031e+03 9.904453e+03 9.883402e+03 9.905981e+03
31.1 9.807354e+03 9.863117e+03 9.883211e+03 9.827448e+03
32.1 9.877972e+03 9.836617e+03 9.883082e+03 9.924437e+03
33.1 9.983072e+03 9.892052e+03 9.882981e+03 9.974001e+03
1.0 9.820327e+03 9.872014e+03 9.877537e+03 9.825850e+03
2.0 9.901188e+03 9.846242e+03 9.854318e+03 9.909264e+03
3.0 9.910433e+03 9.818461e+03 9.815201e+03 9.907172e+03
4.0 9.766079e+03 9.811778e+03 9.785700e+03 9.740001e+03
5.0 9.731047e+03 9.801773e+03 9.772612e+03 9.701886e+03
6.0 9.825741e+03 9.807082e+03 9.769467e+03 9.788126e+03
7.0 9.636425e+03 9.820316e+03 9.771216e+03 9.587324e+03
8.0 9.712228e+03 9.791159e+03 9.774564e+03 9.695633e+03
9.0 9.769841e+03 9.801992e+03 9.777827e+03 9.745676e+03
10.0 9.783518e+03 9.784978e+03 9.780104e+03 9.778643e+03
11.0 9.720896e+03 9.777073e+03 9.781470e+03 9.725292e+03
12.0 9.791354e+03 9.781782e+03 9.782113e+03 9.791685e+03
13.0 9.723956e+03 9.779120e+03 9.782354e+03 9.727190e+03
14.0 9.747000e+03 9.782042e+03 9.782391e+03 9.747349e+03
15.0 9.733815e+03 9.781730e+03 9.782329e+03 9.734414e+03
16.0 9.726822e+03 9.791790e+03 9.782226e+03 9.717258e+03
17.0 9.634139e+03 9.793802e+03 9.782129e+03 9.622465e+03
18.0 9.769945e+03 9.799476e+03 9.789706e+03 9.760176e+03
19.0 9.820737e+03 9.817360e+03 9.823466e+03 9.826842e+03
20.0 9.888669e+03 9.792691e+03 9.860194e+03 9.956172e+03
21.0 1.008589e+04 9.932808e+03 9.882303e+03 1.003539e+04
22.0 1.000276e+04 9.962521e+03 9.890170e+03 9.930412e+03
23.0 9.992920e+03 9.999802e+03 9.890523e+03 9.883642e+03
24.0 9.925066e+03 9.904833e+03 9.887507e+03 9.907740e+03
25.0 1.007587e+04 9.990370e+03 9.883815e+03 9.969312e+03
26.0 9.953553e+03 9.899011e+03 9.880630e+03 9.935172e+03
27.0 1.002506e+04 9.955226e+03 9.878494e+03 9.948327e+03
28.0 1.000078e+04 9.990050e+03 9.877194e+03 9.887925e+03
29.0 9.930562e+03 9.973767e+03 9.876436e+03 9.833231e+03
30.0 9.926198e+03 1.001368e+04 9.875997e+03 9.788512e+03
31.0 9.838744e+03 9.896193e+03 9.875698e+03 9.818249e+03
32.0 9.903385e+03 9.928153e+03 9.875460e+03 9.850692e+03
33.0 9.904099e+03 9.931638e+03 9.875242e+03 9.847702e+03
34.0 9.964375e+03 9.894677e+03 9.875027e+03 9.944725e+03
