0.5 3.363237e+03 3.096048e+03 2.996574e+03 3.263764e+03
1.5 3.288331e+03 3.013185e+03 3.005481e+03 3.280627e+03
2.5 3.034463e+03 3.078137e+03 3.039672e+03 2.995998e+03
3.5 3.081205e+03 3.048917e+03 3.078121e+03 3.110409e+03
4.5 2.965067e+03 3.105098e+03 3.100349e+03 2.960318e+03
5.5 2.996253e+03 3.140572e+03 3.109087e+03 2.964767e+03
6.5 3.022033e+03 3.134272e+03 3.110054e+03 2.997816e+03
7.5 3.026562e+03 3.071908e+03 3.107795e+03 3.062450e+03
8.5 3.149363e+03 3.141702e+03 3.104723e+03 3.112383e+03
9.5 3.084986e+03 3.047088e+03 3.102323e+03 3.140221e+03
10.5 3.229193e+03 3.074846e+03 3.100849e+03 3.255196e+03
11.5 2.936864e+03 3.046186e+03 3.100267e+03 2.990945e+03
12.5 3.054607e+03 3.055991e+03 3.100226e+03 3.098843e+03
13.5 3.040177e+03 3.044676e+03 3.100477e+03 3.095978e+03
14.5 3.054257e+03 3.073115e+03 3.100872e+03 3.082014e+03
15.5 3.055291e+03 3.126248e+03 3.101318e+03 3.030362e+03
16.5 3.041545e+03 3.057379e+03 3.101781e+03 3.085948e+03
17.5 3.278822e+03 3.083699e+03 3.101382e+03 3.296505e+03
18.5 3.180300e+03 3.044903e+03 3.082649e+03 3.218045e+03
19.5 2.964904e+03 3.111181e+03 3.044282e+03 2.898005e+03
20.5 3.025087e+03 2.980042e+03 3.012682e+03 3.057727e+03
21.5 3.099451e+03 2.992024e+03 2.997990e+03 3.105417e+03
22.5 3.210294e+03 3.194402e+03 2.994220e+03 3.010111e+03
23.5 3.144908e+03 3.213839e+03 2.995998e+03 2.927067e+03
24.5 3.089984e+03 3.017674e+03 2.999768e+03 3.072078e+03
25.5 3.055853e+03 3.121584e+03 3.003645e+03 2.937914e+03
26.5 3.264463e+03 3.098460e+03 3.006579e+03 3.172582e+03
27.5 3.232363e+03 3.135211e+03 3.008548e+03 3.105699e+03
28.5 3.046694e+03 3.123727e+03 3.009795e+03 2.932762e+03
29.5 3.053316e+03 3.101170e+03 3.010569e+03 2.962716e+03
30.5 3.058459e+03 3.107671e+03 3.011113e+03 2.961901e+03
31.5 3.207384e+03 3.113172e+03 3.011541e+03 3.105753e+03
32.5 3.002842e+03 3.104939e+03 3.011921e+03 2.909823e+03
33.5 3.227416e+03 3.070767e+03 3.012278e+03 3.168928e+03
0.8 2.947848e+03 2.919697e+03 3.022068e+03 3.050220e+03
1.8 2.934354e+03 2.934049e+03 3.037933e+03 3.038238e+03
2.8 3.101161e+03 3.035954e+03 3.076087e+03 3.141294e+03
3.8 2.796131e+03 3.050748e+03 3.110319e+03 2.855703e+03
4.8 2.987380e+03 3.079488e+03 3.127521e+03 3.035413e+03
5.8 2.969126e+03 2.988248e+03 3.133038e+03 3.113915e+03
6.8 3.058645e+03 3.118948e+03 3.132373e+03 3.072070e+03
7.8 2.695065e+03 3.014131e+03 3.129390e+03 2.810324e+03
8.8 2.951188e+03 3.112890e+03 3.126113e+03 2.964411e+03
9.8 3.237567e+03 3.135308e+03 3.123712e+03 3.225971e+03
10.8 3.092095e+03 3.082873e+03 3.122251e+03 3.131474e+03
11.8 3.297705e+03 3.050741e+03 3.121603e+03 3.368567e+03
12.8 3.056441e+03 3.080248e+03 3.121424e+03 3.097616e+03
13.8 3.347385e+03 3.056457e+03 3.121491e+03 3.412419e+03
14.8 3.193952e+03 3.096456e+03 3.121679e+03 3.219175e+03
15.8 3.308408e+03 3.070202e+03 3.121915e+03 3.360121e+03
16.8 3.036629e+03 3.131310e+03 3.122171e+03 3.027490e+03
17.8 3.136100e+03 3.111115e+03 3.119125e+03 3.144110e+03
18.8 3.093840e+03 3.065946e+03 3.091777e+03 3.119671e+03
19.8 3.153221e+03 3.142944e+03 3.053028e+03 3.063305e+03
20.8 3.102708e+03 3.086698e+03 3.026252e+03 3.042262e+03
21.8 3.182947e+03 3.143794e+03 3.015349e+03 3.054502e+03
22.8 2.911865e+03 3.021885e+03 3.013543e+03 2.903523e+03
23.8 2.895704e+03 3.001832e+03 3.016083e+03 2.909955e+03
24.8 3.026216e+03 3.010415e+03 3.019874e+03 3.035675e+03
25.8 3.129301e+03 3.000244e+03 3.023412e+03 3.152469e+03
26.8 3.166215e+03 3.027891e+03 3.025923e+03 3.164248e+03
27.8 3.108333e+03 3.106213e+03 3.027525e+03 3.029646e+03
28.8 3.185705e+03 3.086591e+03 3.028499e+03 3.127613e+03
29.8 3.172341e+03 3.096125e+03 3.029084e+03 3.105300e+03
30.8 3.046602e+03 3.138723e+03 3.029490e+03 2.937369e+03
31.8 2.973528e+03 3.018558e+03 3.029811e+03 2.984781e+03
32.8 3.151849e+03 3.012217e+03 3.030100e+03 3.169732e+03
33.8 3.127293e+03 3.096524e+03 3.030377e+03 3.061146e+03
