9.559863e+03 9.497946e+03 9.489237e+03 9.568572e+03
9.498031e+03 9.497946e+03 9.483240e+03 9.512737e+03
9.483031e+03 9.497946e+03 9.480330e+03 9.500647e+03
9.520758e+03 9.497946e+03 9.483575e+03 9.535129e+03
9.499071e+03 9.497946e+03 9.483888e+03 9.513130e+03
9.512755e+03 9.497946e+03 9.491154e+03 9.519547e+03
9.479392e+03 9.497946e+03 9.493550e+03 9.483789e+03
9.507889e+03 9.497946e+03 9.494525e+03 9.511310e+03
9.507122e+03 9.497946e+03 9.494451e+03 9.510617e+03
9.507980e+03 9.497946e+03 9.492856e+03 9.513070e+03
9.479781e+03 9.497946e+03 9.495046e+03 9.482681e+03
9.462226e+03 9.497946e+03 9.491813e+03 9.468359e+03
9.512259e+03 9.497946e+03 9.492903e+03 9.517302e+03
9.552025e+03 9.497946e+03 9.491704e+03 9.558267e+03
9.444147e+03 9.497946e+03 9.492198e+03 9.449895e+03
9.482313e+03 9.497946e+03 9.491747e+03 9.488512e+03
9.480738e+03 9.497946e+03 9.493161e+03 9.485524e+03
9.472616e+03 9.497946e+03 9.495745e+03 9.474817e+03
9.501732e+03 9.497946e+03 9.492607e+03 9.507071e+03
9.526121e+03 9.497946e+03 9.493959e+03 9.530108e+03
9.529998e+03 9.497946e+03 9.491683e+03 9.536262e+03
9.501894e+03 9.497946e+03 9.483832e+03 9.516008e+03
9.507389e+03 9.497946e+03 9.486120e+03 9.519215e+03
9.546301e+03 9.497946e+03 9.484347e+03 9.559901e+03
9.459745e+03 9.497027e+03 9.478095e+03 9.478677e+03
9.514032e+03 9.484128e+03 9.467082e+03 9.531078e+03
9.477866e+03 9.502116e+03 9.513872e+03 9.466110e+03
9.466084e+03 9.468893e+03 9.471948e+03 9.463029e+03
9.477607e+03 9.488872e+03 9.507657e+03 9.458822e+03
9.440443e+03 9.444381e+03 9.440756e+03 9.444068e+03
9.460607e+03 9.459497e+03 9.463394e+03 9.456711e+03
9.475601e+03 9.485995e+03 9.502971e+03 9.458625e+03
9.473235e+03 9.477793e+03 9.489312e+03 9.461715e+03
9.457083e+03 9.472555e+03 9.480511e+03 9.449127e+03
9.498737e+03 9.479718e+03 9.491176e+03 9.487279e+03
9.515974e+03 9.507719e+03 9.534317e+03 9.489376e+03
9.513679e+03 9.510822e+03 9.539118e+03 9.485382e+03
9.502367e+03 9.510317e+03 9.538402e+03 9.474282e+03
9.525059e+03 9.504351e+03 9.529268e+03 9.500143e+03
9.494355e+03 9.507332e+03 9.533987e+03 9.467700e+03
9.580224e+03 9.510115e+03 9.538394e+03 9.551945e+03
9.434427e+03 9.477032e+03 9.484343e+03 9.427116e+03
9.558945e+03 9.509364e+03 9.524591e+03 9.543718e+03
9.468621e+03 9.497633e+03 9.493035e+03 9.473219e+03
9.468529e+03 9.498288e+03 9.486328e+03 9.480489e+03
9.506869e+03 9.497628e+03 9.484005e+03 9.520492e+03
9.575838e+03 9.497649e+03 9.482867e+03 9.590619e+03
9.481163e+03 9.497126e+03 9.481437e+03 9.496851e+03
9.477148e+03 9.497029e+03 9.482114e+03 9.492063e+03
9.516491e+03 9.497514e+03 9.481800e+03 9.532205e+03
9.515346e+03 9.497391e+03 9.489215e+03 9.523522e+03
9.442569e+03 9.497772e+03 9.486342e+03 9.454000e+03
9.530789e+03 9.497839e+03 9.490659e+03 9.537969e+03
9.493404e+03 9.497889e+03 9.494855e+03 9.496439e+03
9.539193e+03 9.497938e+03 9.486221e+03 9.550910e+03
9.467714e+03 9.497946e+03 9.480901e+03 9.484758e+03
9.466565e+03 9.497945e+03 9.491946e+03 9.472564e+03
9.431197e+03 9.497946e+03 9.483612e+03 9.445531e+03
9.442493e+03 9.497946e+03 9.486430e+03 9.454009e+03
9.447180e+03 9.497946e+03 9.471527e+03 9.473599e+03
9.485992e+03 9.497946e+03 9.465595e+03 9.518343e+03
9.460443e+03 9.497946e+03 9.479952e+03 9.478438e+03
9.431174e+03 9.497946e+03 9.480428e+03 9.448693e+03
9.451882e+03 9.497946e+03 9.487393e+03 9.462435e+03
9.497193e+03 9.497946e+03 9.494693e+03 9.500447e+03
9.495649e+03 9.497946e+03 9.495914e+03 9.497681e+03
9.521276e+03 9.497946e+03 9.493916e+03 9.525306e+03
9.498156e+03 9.497946e+03 9.493481e+03 9.502621e+03
9.462102e+03 9.497946e+03 9.494876e+03 9.465172e+03
9.475765e+03 9.497946e+03 9.496169e+03 9.477542e+03
9.509867e+03 9.497946e+03 9.497501e+03 9.510312e+03
9.512900e+03 9.497946e+03 9.499868e+03 9.510979e+03
9.546777e+03 9.497946e+03 9.498075e+03 9.546649e+03
9.562343e+03 9.497946e+03 9.501089e+03 9.559201e+03
9.456996e+03 9.497946e+03 9.498112e+03 9.456830e+03
9.512028e+03 9.497946e+03 9.501016e+03 9.508959e+03
9.455940e+03 9.497946e+03 9.502024e+03 9.451862e+03
9.488997e+03 9.497946e+03 9.500025e+03 9.486918e+03
9.469565e+03 9.497946e+03 9.498663e+03 9.468848e+03
9.440369e+03 9.497946e+03 9.500087e+03 9.438229e+03
9.488076e+03 9.497946e+03 9.499085e+03 9.486938e+03
9.523584e+03 9.497946e+03 9.501066e+03 9.520465e+03
9.532197e+03 9.497946e+03 9.499950e+03 9.530193e+03
9.514031e+03 9.497946e+03 9.502935e+03 9.509042e+03
9.543406e+03 9.497946e+03 9.502319e+03 9.539033e+03
9.472252e+03 9.497946e+03 9.496771e+03 9.473427e+03
9.475739e+03 9.497946e+03 9.490816e+03 9.482869e+03
9.565528e+03 9.497946e+03 9.490922e+03 9.572552e+03
9.520302e+03 9.497946e+03 9.488614e+03 9.529634e+03
9.470960e+03 9.497946e+03 9.491801e+03 9.477106e+03
9.464344e+03 9.497946e+03 9.492037e+03 9.470253e+03
9.492528e+03 9.497946e+03 9.489642e+03 9.500833e+03
9.499424e+03 9.497946e+03 9.490630e+03 9.506741e+03
9.477090e+03 9.497946e+03 9.488434e+03 9.486602e+03
9.492164e+03 9.497946e+03 9.469957e+03 9.520154e+03
9.433528e+03 9.497946e+03 9.475262e+03 9.456213e+03
9.455958e+03 9.497946e+03 9.473509e+03 9.480395e+03
9.482925e+03 9.497946e+03 9.464288e+03 9.516583e+03
9.534158e+03 9.497946e+03 9.492892e+03 9.539212e+03
9.499058e+03 9.497946e+03 9.494215e+03 9.502790e+03
9.482196e+03 9.497946e+03 9.476436e+03 9.503706e+03
9.497261e+03 9.497946e+03 9.503890e+03 9.491317e+03
9.465040e+03 9.497946e+03 9.497990e+03 9.464997e+03
9.537193e+03 9.497946e+03 9.511911e+03 9.523228e+03
9.531637e+03 9.497946e+03 9.487692e+03 9.541891e+03
9.470430e+03 9.497946e+03 9.496231e+03 9.472145e+03
9.534132e+03 9.497946e+03 9.488084e+03 9.543995e+03
9.505294e+03 9.497946e+03 9.491841e+03 9.511399e+03
9.520514e+03 9.497946e+03 9.497935e+03 9.520526e+03
9.518714e+03 9.497946e+03 9.491376e+03 9.525284e+03
9.514597e+03 9.497946e+03 9.498341e+03 9.514202e+03
9.482767e+03 9.497946e+03 9.501125e+03 9.479588e+03
9.453975e+03 9.497691e+03 9.498189e+03 9.453478e+03
9.463107e+03 9.493613e+03 9.499375e+03 9.457345e+03
9.477074e+03 9.482191e+03 9.495023e+03 9.464242e+03
9.440121e+03 9.452377e+03 9.459494e+03 9.433004e+03
9.487727e+03 9.471011e+03 9.492837e+03 9.465901e+03
9.509484e+03 9.458087e+03 9.474231e+03 9.493340e+03
9.465718e+03 9.433903e+03 9.436626e+03 9.462996e+03
9.509520e+03 9.489391e+03 9.520619e+03 9.478291e+03
9.504426e+03 9.468441e+03 9.487405e+03 9.485462e+03
9.581507e+03 9.516631e+03 9.561105e+03 9.537033e+03
9.624747e+03 9.546620e+03 9.607207e+03 9.564160e+03
9.618960e+03 9.534930e+03 9.589148e+03 9.564742e+03
9.606594e+03 9.544798e+03 9.604529e+03 9.546862e+03
9.556313e+03 9.534075e+03 9.588121e+03 9.502267e+03
9.629011e+03 9.533838e+03 9.587961e+03 9.574888e+03
9.574476e+03 9.496875e+03 9.530995e+03 9.540357e+03
9.574896e+03 9.488147e+03 9.517709e+03 9.545335e+03
9.547607e+03 9.478024e+03 9.499497e+03 9.526134e+03
9.515133e+03 9.489341e+03 9.505386e+03 9.499088e+03
9.531160e+03 9.491212e+03 9.493149e+03 9.529224e+03
9.468553e+03 9.497118e+03 9.501472e+03 9.464199e+03
9.464584e+03 9.494918e+03 9.496792e+03 9.462710e+03
9.479320e+03 9.493026e+03 9.495871e+03 9.476476e+03
9.470318e+03 9.497524e+03 9.499276e+03 9.468566e+03
9.460937e+03 9.495126e+03 9.499933e+03 9.456130e+03
9.480418e+03 9.498564e+03 9.486587e+03 9.492396e+03
9.422372e+03 9.498662e+03 9.469468e+03 9.451567e+03
9.457826e+03 9.498178e+03 9.462305e+03 9.493699e+03
9.483133e+03 9.497964e+03 9.463158e+03 9.517939e+03
9.447558e+03 9.497991e+03 9.457745e+03 9.487805e+03
9.484660e+03 9.497922e+03 9.475087e+03 9.507494e+03
9.431295e+03 9.497942e+03 9.471997e+03 9.457240e+03
9.437130e+03 9.497945e+03 9.472712e+03 9.462363e+03
9.476610e+03 9.497946e+03 9.480075e+03 9.494482e+03
9.469715e+03 9.497946e+03 9.482715e+03 9.484946e+03
9.489785e+03 9.497946e+03 9.481682e+03 9.506049e+03
9.454600e+03 9.497946e+03 9.469593e+03 9.482952e+03
9.479614e+03 9.497946e+03 9.481059e+03 9.496501e+03
9.502453e+03 9.497946e+03 9.477968e+03 9.522432e+03
9.525168e+03 9.497946e+03 9.471495e+03 9.551619e+03
9.497099e+03 9.497946e+03 9.471813e+03 9.523232e+03
9.489667e+03 9.497946e+03 9.477005e+03 9.510608e+03
9.483487e+03 9.497946e+03 9.491176e+03 9.490257e+03
9.463322e+03 9.497946e+03 9.505396e+03 9.455873e+03
9.470829e+03 9.497946e+03 9.515399e+03 9.453376e+03
9.506931e+03 9.497946e+03 9.512211e+03 9.492666e+03
9.447246e+03 9.497946e+03 9.511158e+03 9.434034e+03
9.493383e+03 9.497946e+03 9.507103e+03 9.484227e+03
9.437318e+03 9.497946e+03 9.501017e+03 9.434247e+03
9.509377e+03 9.497946e+03 9.490451e+03 9.516872e+03
9.538218e+03 9.497946e+03 9.500981e+03 9.535183e+03
9.506241e+03 9.497946e+03 9.495024e+03 9.509163e+03
9.491158e+03 9.497946e+03 9.502038e+03 9.487066e+03
9.527740e+03 9.497946e+03 9.510583e+03 9.515103e+03
9.505188e+03 9.497946e+03 9.503729e+03 9.499405e+03
9.556120e+03 9.497946e+03 9.503823e+03 9.550244e+03
9.465435e+03 9.497946e+03 9.508831e+03 9.454550e+03
9.479290e+03 9.497946e+03 9.504121e+03 9.473115e+03
9.486267e+03 9.497946e+03 9.504016e+03 9.480197e+03
9.471466e+03 9.497946e+03 9.497379e+03 9.472033e+03
9.500950e+03 9.497946e+03 9.500465e+03 9.498431e+03
9.526612e+03 9.497946e+03 9.505455e+03 9.519103e+03
9.505657e+03 9.497946e+03 9.503969e+03 9.499634e+03
9.500786e+03 9.497946e+03 9.510492e+03 9.488240e+03
9.491152e+03 9.497946e+03 9.512251e+03 9.476847e+03
9.486626e+03 9.497946e+03 9.507985e+03 9.476587e+03
9.460139e+03 9.497946e+03 9.512854e+03 9.445231e+03
9.548954e+03 9.497946e+03 9.516393e+03 9.530508e+03
9.541398e+03 9.497948e+03 9.521274e+03 9.518072e+03
9.475510e+03 9.497865e+03 9.514960e+03 9.458415e+03
9.516636e+03 9.499492e+03 9.500032e+03 9.516095e+03
9.467005e+03 9.515813e+03 9.466151e+03 9.516667e+03
9.471363e+03 9.488524e+03 9.487973e+03 9.471914e+03
9.485935e+03 9.490833e+03 9.482098e+03 9.494670e+03
9.500639e+03 9.486104e+03 9.487906e+03 9.498837e+03
9.491220e+03 9.465338e+03 9.514371e+03 9.442187e+03
9.519360e+03 9.446225e+03 9.538856e+03 9.426728e+03
9.544294e+03 9.474142e+03 9.506924e+03 9.511511e+03
9.465036e+03 9.482482e+03 9.498161e+03 9.449357e+03
9.535488e+03 9.486798e+03 9.493878e+03 9.528407e+03
9.494907e+03 9.478011e+03 9.504879e+03 9.468039e+03
9.464529e+03 9.496702e+03 9.483305e+03 9.477925e+03
9.460792e+03 9.499574e+03 9.480361e+03 9.480006e+03
9.438017e+03 9.499917e+03 9.480378e+03 9.457555e+03
9.524366e+03 9.477637e+03 9.507088e+03 9.494916e+03
9.465151e+03 9.523169e+03 9.454120e+03 9.534199e+03
9.417740e+03 9.528064e+03 9.457707e+03 9.488096e+03
9.548984e+03 9.504543e+03 9.502424e+03 9.551102e+03
9.561546e+03 9.498905e+03 9.523938e+03 9.536513e+03
9.531539e+03 9.497111e+03 9.532232e+03 9.496418e+03
