0.5 9.312034e+03 9.264674e+03 9.268279e+03 9.315639e+03
1.5 9.220688e+03 9.265628e+03 9.269412e+03 9.224472e+03
2.5 9.301729e+03 9.269804e+03 9.273765e+03 9.305690e+03
3.5 9.292215e+03 9.274526e+03 9.278659e+03 9.296348e+03
4.5 9.245890e+03 9.277186e+03 9.281489e+03 9.250192e+03
5.5 9.279592e+03 9.278132e+03 9.282601e+03 9.284061e+03
6.5 9.289221e+03 9.278092e+03 9.282724e+03 9.293853e+03
7.5 9.269306e+03 9.277644e+03 9.282437e+03 9.274098e+03
8.5 9.246412e+03 9.277099e+03 9.282046e+03 9.251359e+03
9.5 9.257881e+03 9.276644e+03 9.281740e+03 9.262976e+03
10.5 9.290683e+03 9.276314e+03 9.281552e+03 9.295921e+03
11.5 9.226011e+03 9.276102e+03 9.281478e+03 9.231387e+03
12.5 9.290188e+03 9.275962e+03 9.281473e+03 9.295699e+03
13.5 9.218007e+03 9.275863e+03 9.281505e+03 9.223649e+03
14.5 9.286011e+03 9.275785e+03 9.281555e+03 9.291781e+03
15.5 9.270430e+03 9.275716e+03 9.281612e+03 9.276325e+03
16.5 9.300029e+03 9.275653e+03 9.281671e+03 9.306047e+03
17.5 9.271765e+03 9.275483e+03 9.281620e+03 9.277902e+03
18.5 9.312112e+03 9.272982e+03 9.279236e+03 9.318366e+03
19.5 9.260195e+03 9.267984e+03 9.274352e+03 9.266563e+03
20.5 9.320466e+03 9.263851e+03 9.270329e+03 9.326944e+03
21.5 9.259183e+03 9.261873e+03 9.268459e+03 9.265768e+03
22.5 9.262528e+03 9.261669e+03 9.267979e+03 9.268838e+03
23.5 9.258705e+03 9.266353e+03 9.268205e+03 9.260557e+03
24.5 9.273399e+03 9.274136e+03 9.268685e+03 9.267948e+03
25.5 9.314104e+03 9.280031e+03 9.269179e+03 9.303251e+03
26.5 9.290857e+03 9.282712e+03 9.269552e+03 9.277698e+03
27.5 9.277644e+03 9.283415e+03 9.269803e+03 9.264031e+03
28.5 9.264905e+03 9.283119e+03 9.269961e+03 9.251748e+03
29.5 9.259806e+03 9.282474e+03 9.270060e+03 9.247392e+03
30.5 9.302392e+03 9.281823e+03 9.270129e+03 9.290698e+03
31.5 9.276765e+03 9.281348e+03 9.270184e+03 9.265601e+03
32.5 9.250889e+03 9.281047e+03 9.270232e+03 9.240074e+03
33.5 9.275644e+03 9.280873e+03 9.270278e+03 9.265048e+03
0.8 9.272416e+03 9.259115e+03 9.271524e+03 9.284825e+03
1.8 9.272883e+03 9.261550e+03 9.273543e+03 9.284876e+03
2.8 9.280268e+03 9.267160e+03 9.278400e+03 9.291508e+03
3.8 9.263658e+03 9.272239e+03 9.282758e+03 9.274177e+03
4.8 9.309017e+03 9.274925e+03 9.284948e+03 9.319040e+03
5.8 9.268181e+03 9.275920e+03 9.285650e+03 9.277911e+03
6.8 9.289730e+03 9.275969e+03 9.285565e+03 9.299327e+03
7.8 9.274267e+03 9.275636e+03 9.285186e+03 9.283817e+03
8.8 9.276775e+03 9.275222e+03 9.284768e+03 9.286322e+03
9.8 9.336587e+03 9.274899e+03 9.284463e+03 9.346151e+03
10.8 9.295455e+03 9.274688e+03 9.284277e+03 9.305044e+03
11.8 9.274726e+03 9.274578e+03 9.284194e+03 9.284342e+03
12.8 9.291299e+03 9.274526e+03 9.284172e+03 9.300944e+03
13.8 9.244580e+03 9.274506e+03 9.284180e+03 9.254255e+03
14.8 9.243891e+03 9.274501e+03 9.284204e+03 9.253594e+03
15.8 9.289041e+03 9.274502e+03 9.284234e+03 9.298774e+03
16.8 9.278257e+03 9.274505e+03 9.284267e+03 9.288018e+03
17.8 9.247264e+03 9.274088e+03 9.283879e+03 9.257054e+03
18.8 9.243555e+03 9.270578e+03 9.280398e+03 9.253374e+03
19.8 9.268070e+03 9.265616e+03 9.275465e+03 9.277919e+03
20.8 9.234000e+03 9.262178e+03 9.272056e+03 9.243878e+03
21.8 9.271245e+03 9.260761e+03 9.270668e+03 9.281153e+03
22.8 9.230098e+03 9.260504e+03 9.270439e+03 9.240032e+03
23.8 9.244605e+03 9.262433e+03 9.270762e+03 9.252935e+03
24.8 9.276490e+03 9.270222e+03 9.271245e+03 9.277513e+03
25.8 9.330654e+03 9.279276e+03 9.271695e+03 9.323073e+03
26.8 9.280972e+03 9.284620e+03 9.272015e+03 9.268366e+03
27.8 9.306340e+03 9.286728e+03 9.272218e+03 9.291831e+03
28.8 9.298480e+03 9.286985e+03 9.272342e+03 9.283838e+03
29.8 9.307175e+03 9.286410e+03 9.272417e+03 9.293182e+03
30.8 9.314232e+03 9.285609e+03 9.272469e+03 9.301092e+03
31.8 9.286070e+03 9.284942e+03 9.272509e+03 9.273638e+03
32.8 9.254431e+03 9.284489e+03 9.272546e+03 9.242488e+03
33.8 9.285622e+03 9.284223e+03 9.272581e+03 9.273980e+03
