0.7 9.905767e+03 9.926801e+03 9.924747e+03 9.903713e+03
1.7 9.936923e+03 9.930078e+03 9.927997e+03 9.934842e+03
2.7 9.909736e+03 9.939416e+03 9.937614e+03 9.907935e+03
3.7 9.938656e+03 9.947832e+03 9.946366e+03 9.937190e+03
4.7 9.943130e+03 9.952221e+03 9.951034e+03 9.941943e+03
5.7 9.974252e+03 9.953549e+03 9.952552e+03 9.973255e+03
6.7 9.941968e+03 9.953253e+03 9.952359e+03 9.941075e+03
7.7 9.982308e+03 9.952321e+03 9.951480e+03 9.981466e+03
8.7 9.943920e+03 9.951354e+03 9.950533e+03 9.943099e+03
9.7 9.958511e+03 9.950592e+03 9.949776e+03 9.957695e+03
10.7 9.982235e+03 9.950081e+03 9.949264e+03 9.981418e+03
11.7 9.944018e+03 9.949792e+03 9.948970e+03 9.943196e+03
12.7 9.923946e+03 9.949634e+03 9.948805e+03 9.923117e+03
13.7 9.945589e+03 9.949552e+03 9.948713e+03 9.944750e+03
14.7 9.936185e+03 9.949506e+03 9.948656e+03 9.935335e+03
15.7 9.918961e+03 9.949477e+03 9.948614e+03 9.918098e+03
16.7 9.908869e+03 9.949457e+03 9.948581e+03 9.907993e+03
17.7 9.919088e+03 9.948807e+03 9.947915e+03 9.918196e+03
18.7 9.918033e+03 9.942481e+03 9.941571e+03 9.917124e+03
19.7 9.952099e+03 9.932416e+03 9.931487e+03 9.951171e+03
20.7 9.942746e+03 9.925048e+03 9.924098e+03 9.941796e+03
21.7 9.942872e+03 9.921867e+03 9.920895e+03 9.941900e+03
22.7 9.904960e+03 9.921164e+03 9.920182e+03 9.903978e+03
23.7 9.911927e+03 9.921204e+03 9.920680e+03 9.911403e+03
24.7 9.880949e+03 9.920939e+03 9.921563e+03 9.881573e+03
25.7 9.901400e+03 9.920764e+03 9.922413e+03 9.903049e+03
26.7 9.876241e+03 9.920866e+03 9.923008e+03 9.878383e+03
27.7 9.937186e+03 9.921102e+03 9.923373e+03 9.939457e+03
28.7 9.912191e+03 9.921354e+03 9.923560e+03 9.914397e+03
29.7 9.907328e+03 9.921583e+03 9.923649e+03 9.909394e+03
30.7 9.912691e+03 9.921776e+03 9.923691e+03 9.914607e+03
31.7 9.906577e+03 9.921922e+03 9.923711e+03 9.908366e+03
32.7 9.903553e+03 9.922035e+03 9.923725e+03 9.905243e+03
33.7 9.930982e+03 9.922124e+03 9.923738e+03 9.932596e+03
0.4 9.894246e+03 9.926528e+03 9.924004e+03 9.891722e+03
1.4 9.907929e+03 9.928434e+03 9.925902e+03 9.905396e+03
2.4 9.930894e+03 9.936794e+03 9.934289e+03 9.928389e+03
3.4 9.937732e+03 9.946644e+03 9.944156e+03 9.935244e+03
4.4 9.941117e+03 9.952457e+03 9.949950e+03 9.938611e+03
5.4 9.898806e+03 9.954753e+03 9.952197e+03 9.896250e+03
6.4 9.927212e+03 9.955059e+03 9.952430e+03 9.924583e+03
7.4 9.918196e+03 9.954491e+03 9.951775e+03 9.915480e+03
8.4 9.917354e+03 9.953705e+03 9.950892e+03 9.914541e+03
9.4 9.951679e+03 9.953090e+03 9.950176e+03 9.948765e+03
10.4 9.971943e+03 9.952731e+03 9.949710e+03 9.968922e+03
11.4 9.995736e+03 9.952592e+03 9.949461e+03 9.992605e+03
12.4 9.988739e+03 9.952613e+03 9.949368e+03 9.985494e+03
13.4 1.000464e+04 9.952719e+03 9.949357e+03 1.000128e+04
14.4 1.001223e+04 9.952871e+03 9.949389e+03 1.000874e+04
15.4 9.978346e+03 9.953045e+03 9.949439e+03 9.974739e+03
16.4 9.972984e+03 9.953231e+03 9.949497e+03 9.969250e+03
17.4 9.954428e+03 9.953258e+03 9.949393e+03 9.950562e+03
18.4 9.962517e+03 9.948902e+03 9.944902e+03 9.958517e+03
19.4 9.929177e+03 9.939235e+03 9.935096e+03 9.925038e+03
20.4 9.919430e+03 9.931181e+03 9.926899e+03 9.915149e+03
21.4 9.948710e+03 9.927183e+03 9.922755e+03 9.944282e+03
22.4 9.943871e+03 9.926225e+03 9.921647e+03 9.939293e+03
23.4 9.913045e+03 9.926565e+03 9.922021e+03 9.908502e+03
24.4 9.920237e+03 9.925476e+03 9.922944e+03 9.917705e+03
25.4 9.928292e+03 9.922929e+03 9.923895e+03 9.929258e+03
26.4 9.893325e+03 9.921096e+03 9.924654e+03 9.896883e+03
27.4 9.887336e+03 9.920539e+03 9.925146e+03 9.891943e+03
28.4 9.892911e+03 9.920733e+03 9.925452e+03 9.897630e+03
29.4 9.887447e+03 9.921269e+03 9.925637e+03 9.891815e+03
30.4 9.906829e+03 9.921899e+03 9.925762e+03 9.910692e+03
31.4 9.900027e+03 9.922500e+03 9.925860e+03 9.903387e+03
32.4 9.941147e+03 9.923001e+03 9.925947e+03 9.944093e+03
33.4 9.951776e+03 9.923419e+03 9.926030e+03 9.954388e+03
