0.1 2.962382e+03 2.950121e+03 2.937135e+03 2.949397e+03
1.1 2.900740e+03 2.949782e+03 2.936256e+03 2.887214e+03
2.1 2.919437e+03 2.939697e+03 2.925961e+03 2.905701e+03
3.1 2.906932e+03 2.923082e+03 2.909261e+03 2.893110e+03
4.1 2.886899e+03 2.910739e+03 2.896847e+03 2.873007e+03
5.1 2.868883e+03 2.905411e+03 2.891404e+03 2.854876e+03
6.1 2.914658e+03 2.904310e+03 2.890142e+03 2.900490e+03
7.1 2.951280e+03 2.905292e+03 2.890928e+03 2.936916e+03
8.1 2.921659e+03 2.906951e+03 2.892371e+03 2.907079e+03
9.1 2.902305e+03 2.908566e+03 2.893765e+03 2.887504e+03
10.1 2.912224e+03 2.909758e+03 2.894735e+03 2.897201e+03
11.1 2.997639e+03 2.910547e+03 2.895307e+03 2.982399e+03
12.1 2.899201e+03 2.911046e+03 2.895596e+03 2.883751e+03
13.1 2.823211e+03 2.911359e+03 2.895706e+03 2.807558e+03
14.1 2.880534e+03 2.911581e+03 2.895732e+03 2.864685e+03
15.1 2.862682e+03 2.911755e+03 2.895717e+03 2.846644e+03
16.1 2.887837e+03 2.911906e+03 2.895686e+03 2.871617e+03
17.1 2.874119e+03 2.912058e+03 2.895664e+03 2.857724e+03
18.1 2.933662e+03 2.915697e+03 2.899135e+03 2.917100e+03
19.1 2.900124e+03 2.930501e+03 2.913779e+03 2.883401e+03
20.1 3.001248e+03 2.946251e+03 2.929376e+03 2.984373e+03
21.1 2.923393e+03 2.955539e+03 2.938518e+03 2.906372e+03
22.1 2.912783e+03 2.958950e+03 2.941937e+03 2.895770e+03
23.1 2.938260e+03 2.951142e+03 2.942060e+03 2.929178e+03
24.1 2.939441e+03 2.926479e+03 2.940780e+03 2.953743e+03
25.1 2.948567e+03 2.903649e+03 2.939235e+03 2.984153e+03
26.1 2.887468e+03 2.890984e+03 2.937942e+03 2.934427e+03
27.1 2.848051e+03 2.886360e+03 2.937048e+03 2.898739e+03
28.1 2.958367e+03 2.886271e+03 2.936538e+03 3.008634e+03
29.1 2.850591e+03 2.888080e+03 2.936258e+03 2.898769e+03
30.1 2.900397e+03 2.890187e+03 2.936114e+03 2.946324e+03
31.1 2.943339e+03 2.891894e+03 2.936033e+03 2.987478e+03
32.1 2.945316e+03 2.893033e+03 2.935978e+03 2.988262e+03
33.1 3.054839e+03 2.893651e+03 2.935934e+03 3.097122e+03
1.0 2.953557e+03 2.951960e+03 2.933609e+03 2.935206e+03
2.0 3.026936e+03 2.939690e+03 2.923693e+03 3.010940e+03
3.0 2.951373e+03 2.920559e+03 2.906987e+03 2.937800e+03
4.0 2.945259e+03 2.906005e+03 2.894388e+03 2.933642e+03
5.0 2.908863e+03 2.899106e+03 2.888798e+03 2.898555e+03
6.0 2.874895e+03 2.896904e+03 2.887455e+03 2.865447e+03
7.0 2.826729e+03 2.897087e+03 2.888202e+03 2.817843e+03
8.0 2.949423e+03 2.898098e+03 2.889632e+03 2.940956e+03
9.0 2.903152e+03 2.899138e+03 2.891026e+03 2.895040e+03
10.0 2.945261e+03 2.899784e+03 2.891998e+03 2.937475e+03
11.0 2.972903e+03 2.900050e+03 2.892581e+03 2.965434e+03
12.0 2.958597e+03 2.900010e+03 2.892856e+03 2.951443e+03
13.0 2.947944e+03 2.899798e+03 2.892959e+03 2.941105e+03
14.0 2.914900e+03 2.899497e+03 2.892975e+03 2.908377e+03
15.0 2.916674e+03 2.899153e+03 2.892948e+03 2.910469e+03
16.0 2.866154e+03 2.898791e+03 2.892904e+03 2.860267e+03
17.0 2.848136e+03 2.898430e+03 2.892863e+03 2.842568e+03
18.0 2.853688e+03 2.901346e+03 2.896099e+03 2.848441e+03
19.0 2.883172e+03 2.915444e+03 2.910517e+03 2.878245e+03
20.0 2.936736e+03 2.930809e+03 2.926203e+03 2.932129e+03
21.0 2.981075e+03 2.939931e+03 2.935645e+03 2.976789e+03
22.0 3.012102e+03 2.942970e+03 2.939005e+03 3.008136e+03
23.0 3.001946e+03 2.942801e+03 2.939156e+03 2.998300e+03
24.0 2.932808e+03 2.941194e+03 2.937867e+03 2.929481e+03
25.0 3.014032e+03 2.940042e+03 2.936291e+03 3.010281e+03
26.0 2.946866e+03 2.942403e+03 2.934931e+03 2.939393e+03
27.0 2.930813e+03 2.945977e+03 2.934018e+03 2.918854e+03
28.0 2.943036e+03 2.948100e+03 2.933463e+03 2.928399e+03
29.0 2.927121e+03 2.948667e+03 2.933139e+03 2.911594e+03
30.0 2.941672e+03 2.948299e+03 2.932952e+03 2.926325e+03
31.0 2.911649e+03 2.947522e+03 2.932824e+03 2.896951e+03
32.0 2.922720e+03 2.946664e+03 2.932722e+03 2.908779e+03
33.0 2.966345e+03 2.945878e+03 2.932629e+03 2.953096e+03
34.0 2.926519e+03 2.945214e+03 2.932538e+03 2.913843e+03
