0.7 9.586628e+03 9.555040e+03 9.574620e+03 9.606208e+03
1.7 9.564562e+03 9.557047e+03 9.576644e+03 9.584160e+03
2.7 9.556235e+03 9.564186e+03 9.582631e+03 9.574680e+03
3.7 9.608570e+03 9.571009e+03 9.588079e+03 9.625640e+03
4.7 9.591713e+03 9.575079e+03 9.590985e+03 9.607619e+03
5.7 9.604578e+03 9.576856e+03 9.591930e+03 9.619652e+03
6.7 9.576583e+03 9.577249e+03 9.591810e+03 9.591144e+03
7.7 9.618001e+03 9.577021e+03 9.591262e+03 9.632242e+03
8.7 9.556179e+03 9.576638e+03 9.590673e+03 9.570213e+03
9.7 9.606291e+03 9.576323e+03 9.590202e+03 9.620170e+03
10.7 9.585643e+03 9.576137e+03 9.589883e+03 9.599388e+03
11.7 9.543032e+03 9.576079e+03 9.589700e+03 9.556653e+03
12.7 9.589825e+03 9.576097e+03 9.589597e+03 9.603325e+03
13.7 9.552338e+03 9.576160e+03 9.589540e+03 9.565718e+03
14.7 9.604756e+03 9.576244e+03 9.589504e+03 9.618016e+03
15.7 9.563312e+03 9.576338e+03 9.589479e+03 9.576452e+03
16.7 9.557449e+03 9.576437e+03 9.589458e+03 9.570470e+03
17.7 9.568618e+03 9.576142e+03 9.589043e+03 9.581519e+03
18.7 9.534641e+03 9.572313e+03 9.585094e+03 9.547422e+03
19.7 9.551290e+03 9.566155e+03 9.578816e+03 9.563951e+03
20.7 9.540693e+03 9.561676e+03 9.574216e+03 9.553234e+03
21.7 9.562820e+03 9.559802e+03 9.572222e+03 9.575240e+03
22.7 9.588658e+03 9.559587e+03 9.571778e+03 9.600849e+03
23.7 9.547270e+03 9.563583e+03 9.572088e+03 9.555775e+03
24.7 9.579563e+03 9.572912e+03 9.572638e+03 9.579290e+03
25.7 9.581439e+03 9.581324e+03 9.573167e+03 9.573282e+03
26.7 9.570260e+03 9.585687e+03 9.573537e+03 9.558110e+03
27.7 9.566964e+03 9.587238e+03 9.573765e+03 9.553491e+03
28.7 9.601555e+03 9.587264e+03 9.573881e+03 9.588171e+03
29.7 9.623704e+03 9.586702e+03 9.573937e+03 9.610939e+03
30.7 9.591652e+03 9.586043e+03 9.573963e+03 9.579572e+03
31.7 9.583510e+03 9.585571e+03 9.573976e+03 9.571914e+03
32.7 9.572407e+03 9.585311e+03 9.573984e+03 9.561081e+03
33.7 9.567017e+03 9.585236e+03 9.573992e+03 9.555773e+03
0.4 9.544691e+03 9.561473e+03 9.574158e+03 9.557376e+03
1.4 9.591994e+03 9.563309e+03 9.575339e+03 9.604024e+03
2.4 9.600980e+03 9.569472e+03 9.580561e+03 9.612069e+03
3.4 9.579534e+03 9.576499e+03 9.586703e+03 9.589738e+03
4.4 9.577789e+03 9.580758e+03 9.590310e+03 9.587342e+03
5.4 9.586396e+03 9.582600e+03 9.591709e+03 9.595504e+03
6.4 9.553898e+03 9.583047e+03 9.591854e+03 9.562705e+03
7.4 9.520761e+03 9.582854e+03 9.591446e+03 9.529353e+03
8.4 9.561379e+03 9.582479e+03 9.590897e+03 9.569797e+03
9.4 9.623151e+03 9.582189e+03 9.590451e+03 9.631413e+03
10.4 9.549051e+03 9.582050e+03 9.590161e+03 9.557162e+03
11.4 9.559768e+03 9.582043e+03 9.590005e+03 9.567730e+03
12.4 9.557831e+03 9.582135e+03 9.589948e+03 9.565644e+03
13.4 9.562750e+03 9.582279e+03 9.589941e+03 9.570413e+03
14.4 9.581394e+03 9.582450e+03 9.589961e+03 9.588904e+03
15.4 9.610627e+03 9.582634e+03 9.589992e+03 9.617985e+03
16.4 9.620880e+03 9.582825e+03 9.590028e+03 9.628083e+03
17.4 9.589420e+03 9.582916e+03 9.589963e+03 9.596467e+03
18.4 9.615409e+03 9.580278e+03 9.587167e+03 9.622298e+03
19.4 9.585462e+03 9.574333e+03 9.581063e+03 9.592192e+03
20.4 9.602666e+03 9.569391e+03 9.575960e+03 9.609235e+03
21.4 9.567049e+03 9.566974e+03 9.573380e+03 9.573455e+03
22.4 9.541408e+03 9.566448e+03 9.572690e+03 9.547650e+03
23.4 9.550043e+03 9.567562e+03 9.572923e+03 9.555404e+03
24.4 9.528995e+03 9.576547e+03 9.573498e+03 9.525946e+03
25.4 9.550531e+03 9.591214e+03 9.574090e+03 9.533408e+03
26.4 9.612879e+03 9.602335e+03 9.574562e+03 9.585106e+03
27.4 9.597101e+03 9.607446e+03 9.574869e+03 9.564523e+03
28.4 9.620251e+03 9.608900e+03 9.575059e+03 9.586411e+03
29.4 9.638218e+03 9.608535e+03 9.575174e+03 9.604857e+03
30.4 9.624095e+03 9.607565e+03 9.575252e+03 9.591782e+03
31.4 9.618980e+03 9.606608e+03 9.575313e+03 9.587686e+03
32.4 9.617450e+03 9.605996e+03 9.575367e+03 9.586821e+03
33.4 9.631124e+03 9.605707e+03 9.575419e+03 9.600836e+03
