0.7 7.236435e+03 7.217979e+03 7.245518e+03 7.263974e+03
1.7 7.236719e+03 7.220488e+03 7.248040e+03 7.264270e+03
2.7 7.209856e+03 7.229535e+03 7.255499e+03 7.235820e+03
3.7 7.238057e+03 7.238213e+03 7.262287e+03 7.262131e+03
4.7 7.237004e+03 7.243434e+03 7.265908e+03 7.259477e+03
5.7 7.238927e+03 7.245758e+03 7.267085e+03 7.260254e+03
6.7 7.227212e+03 7.246318e+03 7.266936e+03 7.247830e+03
7.7 7.263093e+03 7.246081e+03 7.266254e+03 7.283266e+03
8.7 7.244387e+03 7.245636e+03 7.265519e+03 7.264271e+03
9.7 7.287061e+03 7.245268e+03 7.264932e+03 7.306726e+03
10.7 7.255879e+03 7.245059e+03 7.264535e+03 7.275355e+03
11.7 7.197789e+03 7.245007e+03 7.264307e+03 7.217089e+03
12.7 7.230145e+03 7.245049e+03 7.264179e+03 7.249275e+03
13.7 7.216578e+03 7.245147e+03 7.264108e+03 7.235539e+03
14.7 7.236596e+03 7.245270e+03 7.264063e+03 7.255389e+03
15.7 7.240323e+03 7.245405e+03 7.264031e+03 7.258949e+03
16.7 7.202704e+03 7.245546e+03 7.264005e+03 7.221163e+03
17.7 7.187922e+03 7.245196e+03 7.263489e+03 7.206214e+03
18.7 7.212405e+03 7.240442e+03 7.258568e+03 7.230532e+03
19.7 7.212955e+03 7.232785e+03 7.250746e+03 7.230916e+03
20.7 7.205545e+03 7.227220e+03 7.245015e+03 7.223340e+03
21.7 7.219978e+03 7.224901e+03 7.242531e+03 7.237607e+03
22.7 7.228260e+03 7.224685e+03 7.241978e+03 7.245553e+03
23.7 7.205570e+03 7.230896e+03 7.242364e+03 7.217038e+03
24.7 7.214291e+03 7.245492e+03 7.243049e+03 7.211849e+03
25.7 7.211473e+03 7.258639e+03 7.243708e+03 7.196543e+03
26.7 7.251777e+03 7.265409e+03 7.244169e+03 7.230537e+03
27.7 7.270971e+03 7.267763e+03 7.244453e+03 7.247660e+03
28.7 7.268182e+03 7.267736e+03 7.244597e+03 7.245044e+03
29.7 7.250497e+03 7.266792e+03 7.244667e+03 7.228371e+03
30.7 7.259828e+03 7.265704e+03 7.244699e+03 7.238823e+03
31.7 7.246761e+03 7.264918e+03 7.244715e+03 7.226557e+03
32.7 7.265155e+03 7.264468e+03 7.244726e+03 7.245412e+03
33.7 7.281972e+03 7.264312e+03 7.244736e+03 7.262396e+03
0.4 7.202309e+03 7.226086e+03 7.244942e+03 7.221165e+03
1.4 7.188689e+03 7.228551e+03 7.246414e+03 7.206551e+03
2.4 7.239923e+03 7.236505e+03 7.252920e+03 7.256338e+03
3.4 7.235435e+03 7.245514e+03 7.260573e+03 7.250494e+03
4.4 7.249887e+03 7.250993e+03 7.265068e+03 7.263962e+03
5.4 7.223944e+03 7.253390e+03 7.266810e+03 7.237364e+03
6.4 7.250306e+03 7.253998e+03 7.266991e+03 7.263299e+03
7.4 7.222470e+03 7.253777e+03 7.266483e+03 7.235176e+03
8.4 7.245795e+03 7.253315e+03 7.265798e+03 7.258278e+03
9.4 7.268863e+03 7.252952e+03 7.265242e+03 7.281154e+03
10.4 7.258231e+03 7.252772e+03 7.264881e+03 7.270340e+03
11.4 7.254851e+03 7.252757e+03 7.264688e+03 7.266782e+03
12.4 7.251683e+03 7.252862e+03 7.264616e+03 7.263437e+03
13.4 7.277963e+03 7.253031e+03 7.264608e+03 7.289540e+03
14.4 7.300078e+03 7.253234e+03 7.264632e+03 7.311477e+03
15.4 7.301925e+03 7.253451e+03 7.264671e+03 7.313144e+03
16.4 7.298291e+03 7.253676e+03 7.264716e+03 7.309330e+03
17.4 7.299426e+03 7.253776e+03 7.264635e+03 7.310284e+03
18.4 7.303434e+03 7.250474e+03 7.261152e+03 7.314111e+03
19.4 7.293298e+03 7.243051e+03 7.253545e+03 7.303793e+03
20.4 7.300615e+03 7.236877e+03 7.247188e+03 7.310927e+03
21.4 7.275162e+03 7.233847e+03 7.243973e+03 7.285289e+03
22.4 7.205906e+03 7.233172e+03 7.243114e+03 7.215847e+03
23.4 7.199880e+03 7.234626e+03 7.243404e+03 7.208658e+03
24.4 7.235128e+03 7.246801e+03 7.244120e+03 7.232446e+03
25.4 7.256686e+03 7.266742e+03 7.244858e+03 7.234802e+03
26.4 7.280659e+03 7.281848e+03 7.245446e+03 7.244257e+03
27.4 7.283180e+03 7.288753e+03 7.245828e+03 7.240255e+03
28.4 7.306059e+03 7.290670e+03 7.246066e+03 7.261454e+03
29.4 7.279667e+03 7.290109e+03 7.246209e+03 7.235767e+03
30.4 7.310442e+03 7.288722e+03 7.246306e+03 7.268026e+03
31.4 7.291663e+03 7.287354e+03 7.246382e+03 7.250691e+03
32.4 7.308213e+03 7.286458e+03 7.246449e+03 7.268204e+03
33.4 7.305606e+03 7.286001e+03 7.246514e+03 7.266119e+03
