1.821207e+03 1.872931e+03 1.868800e+03 1.825337e+03
1.799123e+03 1.873110e+03 1.868856e+03 1.803377e+03
1.920606e+03 1.873296e+03 1.868921e+03 1.924981e+03
1.902721e+03 1.875706e+03 1.871213e+03 1.907213e+03
1.902666e+03 1.884954e+03 1.880348e+03 1.907272e+03
1.886600e+03 1.895355e+03 1.890637e+03 1.891318e+03
1.899361e+03 1.901368e+03 1.896541e+03 1.904188e+03
1.898215e+03 1.903732e+03 1.898799e+03 1.903147e+03
1.888136e+03 1.903993e+03 1.898957e+03 1.893172e+03
1.918792e+03 1.903382e+03 1.898246e+03 1.923928e+03
1.915933e+03 1.902551e+03 1.897318e+03 1.921166e+03
1.902545e+03 1.901902e+03 1.896576e+03 1.907871e+03
1.913884e+03 1.901503e+03 1.896088e+03 1.919299e+03
1.905302e+03 1.901346e+03 1.895845e+03 1.910803e+03
1.894634e+03 1.901335e+03 1.895751e+03 1.900218e+03
1.893475e+03 1.901403e+03 1.895738e+03 1.899139e+03
1.861060e+03 1.901509e+03 1.895766e+03 1.866803e+03
1.894399e+03 1.901630e+03 1.895811e+03 1.900218e+03
1.894685e+03 1.901755e+03 1.895863e+03 1.900578e+03
1.891340e+03 1.901647e+03 1.895683e+03 1.897304e+03
1.884682e+03 1.896580e+03 1.890547e+03 1.890715e+03
1.888045e+03 1.886202e+03 1.880102e+03 1.894145e+03
1.850478e+03 1.877654e+03 1.871489e+03 1.856642e+03
1.868262e+03 1.873679e+03 1.867452e+03 1.874489e+03
1.901049e+03 1.872659e+03 1.866726e+03 1.906982e+03
1.877006e+03 1.873140e+03 1.871397e+03 1.878749e+03
1.868223e+03 1.874160e+03 1.879257e+03 1.863126e+03
1.862705e+03 1.875209e+03 1.885374e+03 1.852540e+03
1.883738e+03 1.876003e+03 1.888353e+03 1.871388e+03
1.869104e+03 1.876535e+03 1.889343e+03 1.856295e+03
1.871754e+03 1.876873e+03 1.889292e+03 1.859334e+03
1.901334e+03 1.877082e+03 1.888843e+03 1.889574e+03
1.890768e+03 1.877229e+03 1.888352e+03 1.879644e+03
1.874174e+03 1.877345e+03 1.888008e+03 1.863511e+03
1.876948e+03 1.877448e+03 1.887816e+03 1.866580e+03
1.882658e+03 1.877544e+03 1.887736e+03 1.872466e+03
1.880097e+03 1.877638e+03 1.887729e+03 1.870006e+03
1.907707e+03 1.877729e+03 1.887756e+03 1.897681e+03
1.915503e+03 1.877820e+03 1.887799e+03 1.905524e+03
1.872055e+03 1.877908e+03 1.887849e+03 1.862114e+03
1.862090e+03 1.877996e+03 1.887896e+03 1.852189e+03
1.868385e+03 1.878082e+03 1.886498e+03 1.859969e+03
1.850579e+03 1.878167e+03 1.880479e+03 1.848267e+03
1.878548e+03 1.878251e+03 1.874066e+03 1.882734e+03
1.895290e+03 1.878334e+03 1.870322e+03 1.903302e+03
1.882758e+03 1.878417e+03 1.868979e+03 1.892196e+03
1.883534e+03 1.878498e+03 1.870738e+03 1.891294e+03
1.850020e+03 1.878578e+03 1.876474e+03 1.852124e+03
1.889796e+03 1.878657e+03 1.881856e+03 1.886597e+03
1.865586e+03 1.878736e+03 1.884954e+03 1.859367e+03
1.864571e+03 1.878814e+03 1.886207e+03 1.857178e+03
1.884554e+03 1.878891e+03 1.886387e+03 1.877058e+03
1.893310e+03 1.878967e+03 1.886104e+03 1.886174e+03
1.890053e+03 1.879043e+03 1.885728e+03 1.883368e+03
1.899174e+03 1.879119e+03 1.885427e+03 1.892866e+03
1.879051e+03 1.879193e+03 1.885245e+03 1.873000e+03
1.886645e+03 1.879268e+03 1.885174e+03 1.880739e+03
1.885420e+03 1.879342e+03 1.885169e+03 1.879593e+03
1.876016e+03 1.879415e+03 1.885201e+03 1.870230e+03
1.860350e+03 1.879488e+03 1.885251e+03 1.854586e+03
1.904440e+03 1.879561e+03 1.885309e+03 1.898692e+03
1.852868e+03 1.879633e+03 1.885370e+03 1.847132e+03
1.878509e+03 1.879706e+03 1.885093e+03 1.873121e+03
1.880630e+03 1.879778e+03 1.881786e+03 1.878621e+03
1.857560e+03 1.879850e+03 1.876483e+03 1.860927e+03
1.878647e+03 1.879921e+03 1.872617e+03 1.885951e+03
1.895964e+03 1.879993e+03 1.870984e+03 1.904973e+03
1.911450e+03 1.880193e+03 1.870806e+03 1.920837e+03
1.878553e+03 1.884484e+03 1.875366e+03 1.887672e+03
1.884943e+03 1.894805e+03 1.886160e+03 1.893588e+03
1.887174e+03 1.904065e+03 1.895875e+03 1.895364e+03
1.888539e+03 1.908718e+03 1.900846e+03 1.896411e+03
1.914552e+03 1.910210e+03 1.902534e+03 1.922228e+03
1.904634e+03 1.910030e+03 1.902453e+03 1.912211e+03
1.875219e+03 1.909224e+03 1.901693e+03 1.882750e+03
1.912978e+03 1.908337e+03 1.900827e+03 1.920488e+03
1.866709e+03 1.907688e+03 1.900187e+03 1.874210e+03
1.893766e+03 1.907293e+03 1.899797e+03 1.901261e+03
1.902829e+03 1.907117e+03 1.899625e+03 1.910320e+03
1.902913e+03 1.907069e+03 1.899581e+03 1.910401e+03
1.894574e+03 1.907087e+03 1.899603e+03 1.902058e+03
1.901229e+03 1.907138e+03 1.899659e+03 1.908708e+03
1.907811e+03 1.907202e+03 1.899729e+03 1.915284e+03
1.890637e+03 1.907271e+03 1.899804e+03 1.898104e+03
1.906045e+03 1.906447e+03 1.898987e+03 1.913505e+03
1.909575e+03 1.899049e+03 1.891597e+03 1.917027e+03
1.892903e+03 1.888567e+03 1.881124e+03 1.900347e+03
1.876084e+03 1.881324e+03 1.873890e+03 1.883519e+03
1.896138e+03 1.878375e+03 1.870950e+03 1.903563e+03
1.869558e+03 1.877886e+03 1.870474e+03 1.876970e+03
1.860821e+03 1.878573e+03 1.872165e+03 1.867229e+03
1.900339e+03 1.879599e+03 1.877657e+03 1.902282e+03
1.902027e+03 1.880556e+03 1.883869e+03 1.898715e+03
1.921902e+03 1.881235e+03 1.887630e+03 1.915507e+03
1.869677e+03 1.881669e+03 1.889253e+03 1.862093e+03
1.889466e+03 1.881932e+03 1.889631e+03 1.881767e+03
1.870801e+03 1.882090e+03 1.889430e+03 1.863461e+03
1.909922e+03 1.882200e+03 1.889059e+03 1.903063e+03
1.914876e+03 1.882287e+03 1.888753e+03 1.908410e+03
1.890637e+03 1.882365e+03 1.888573e+03 1.884429e+03
1.871646e+03 1.882440e+03 1.888504e+03 1.865582e+03
1.881843e+03 1.882514e+03 1.888518e+03 1.875838e+03
1.922194e+03 1.882587e+03 1.888575e+03 1.916207e+03
1.905989e+03 1.882660e+03 1.888654e+03 1.899995e+03
1.910936e+03 1.882733e+03 1.888743e+03 1.904927e+03
1.882671e+03 1.882807e+03 1.888836e+03 1.876641e+03
1.886614e+03 1.882880e+03 1.888843e+03 1.880651e+03
1.893334e+03 1.882953e+03 1.886510e+03 1.889777e+03
1.873135e+03 1.883026e+03 1.881341e+03 1.874820e+03
1.891616e+03 1.883099e+03 1.877031e+03 1.897684e+03
1.899348e+03 1.883171e+03 1.874882e+03 1.907637e+03
1.854858e+03 1.883244e+03 1.874353e+03 1.863749e+03
1.854554e+03 1.883317e+03 1.874970e+03 1.862901e+03
1.882612e+03 1.883389e+03 1.879612e+03 1.886389e+03
1.889785e+03 1.883461e+03 1.887078e+03 1.886168e+03
1.887864e+03 1.883533e+03 1.892742e+03 1.878655e+03
1.949580e+03 1.883605e+03 1.895364e+03 1.937821e+03
1.917632e+03 1.883676e+03 1.896130e+03 1.905178e+03
1.898125e+03 1.883748e+03 1.895966e+03 1.885906e+03
1.891892e+03 1.883819e+03 1.895487e+03 1.880224e+03
1.874211e+03 1.883889e+03 1.895009e+03 1.863092e+03
1.907643e+03 1.883960e+03 1.894698e+03 1.896904e+03
1.902937e+03 1.884030e+03 1.894545e+03 1.892421e+03
1.925946e+03 1.884099e+03 1.894520e+03 1.915526e+03
1.923691e+03 1.884169e+03 1.894564e+03 1.913295e+03
1.899014e+03 1.884238e+03 1.894645e+03 1.888607e+03
1.873730e+03 1.884306e+03 1.894743e+03 1.863293e+03
1.897537e+03 1.884374e+03 1.894848e+03 1.887064e+03
1.905276e+03 1.884442e+03 1.894951e+03 1.894767e+03
1.894814e+03 1.884509e+03 1.893699e+03 1.885625e+03
1.876818e+03 1.884576e+03 1.887821e+03 1.873573e+03
1.863150e+03 1.884642e+03 1.881418e+03 1.866374e+03
1.893781e+03 1.884708e+03 1.877597e+03 1.900891e+03
1.861151e+03 1.884773e+03 1.876292e+03 1.869631e+03
1.887241e+03 1.884837e+03 1.876314e+03 1.895764e+03
1.865320e+03 1.884901e+03 1.876930e+03 1.873291e+03
1.885352e+03 1.884964e+03 1.877802e+03 1.892515e+03
1.866086e+03 1.885027e+03 1.879191e+03 1.871922e+03
1.878414e+03 1.885089e+03 1.880535e+03 1.882968e+03
1.865923e+03 1.885150e+03 1.881397e+03 1.869676e+03
1.881740e+03 1.885211e+03 1.881833e+03 1.885118e+03
1.875470e+03 1.885271e+03 1.882015e+03 1.878726e+03
1.871278e+03 1.885330e+03 1.882084e+03 1.874524e+03
1.872712e+03 1.885389e+03 1.882122e+03 1.875979e+03
1.883265e+03 1.885447e+03 1.882167e+03 1.886545e+03
1.895375e+03 1.885504e+03 1.882232e+03 1.898647e+03
1.912698e+03 1.885560e+03 1.882318e+03 1.915940e+03
1.891939e+03 1.885616e+03 1.882417e+03 1.895138e+03
1.887926e+03 1.885670e+03 1.882525e+03 1.891071e+03
1.890399e+03 1.885724e+03 1.882637e+03 1.893486e+03
1.900440e+03 1.885777e+03 1.882751e+03 1.903467e+03
1.876939e+03 1.885830e+03 1.882865e+03 1.879904e+03
1.886956e+03 1.885882e+03 1.882969e+03 1.889869e+03
1.856364e+03 1.885932e+03 1.882720e+03 1.859576e+03
1.870251e+03 1.885981e+03 1.881952e+03 1.874281e+03
1.870412e+03 1.886029e+03 1.881274e+03 1.875167e+03
1.870367e+03 1.886076e+03 1.880994e+03 1.875450e+03
1.849070e+03 1.886122e+03 1.881005e+03 1.854187e+03
1.863677e+03 1.886166e+03 1.882120e+03 1.867723e+03
1.891914e+03 1.886210e+03 1.884981e+03 1.893143e+03
1.867103e+03 1.886252e+03 1.887702e+03 1.865654e+03
1.888625e+03 1.886294e+03 1.889179e+03 1.885740e+03
1.924146e+03 1.886334e+03 1.889758e+03 1.920722e+03
1.927583e+03 1.886374e+03 1.889847e+03 1.924110e+03
1.904118e+03 1.886412e+03 1.889741e+03 1.900789e+03
1.878654e+03 1.886449e+03 1.889600e+03 1.875503e+03
1.895431e+03 1.886485e+03 1.889516e+03 1.892400e+03
1.888232e+03 1.886519e+03 1.889499e+03 1.885252e+03
1.898635e+03 1.886553e+03 1.889541e+03 1.895648e+03
1.881085e+03 1.886586e+03 1.889618e+03 1.878053e+03
1.858179e+03 1.886620e+03 1.889715e+03 1.855084e+03
1.867432e+03 1.886654e+03 1.889823e+03 1.864263e+03
1.875464e+03 1.886688e+03 1.889934e+03 1.872218e+03
1.888498e+03 1.886721e+03 1.890047e+03 1.885172e+03
1.904674e+03 1.886753e+03 1.889981e+03 1.901446e+03
1.867708e+03 1.886785e+03 1.888249e+03 1.866243e+03
1.863724e+03 1.886815e+03 1.885534e+03 1.865005e+03
1.889203e+03 1.886844e+03 1.883602e+03 1.892445e+03
1.870704e+03 1.886872e+03 1.882838e+03 1.874738e+03
1.902120e+03 1.886900e+03 1.882761e+03 1.906259e+03
1.879376e+03 1.886926e+03 1.883017e+03 1.883284e+03
1.839862e+03 1.886952e+03 1.883481e+03 1.843333e+03
1.902326e+03 1.886976e+03 1.884314e+03 1.904989e+03
1.883831e+03 1.887000e+03 1.885127e+03 1.885704e+03
1.903147e+03 1.887023e+03 1.885658e+03 1.904512e+03
1.888345e+03 1.887045e+03 1.885942e+03 1.889448e+03
1.884864e+03 1.887066e+03 1.886080e+03 1.885851e+03
1.879916e+03 1.887087e+03 1.886153e+03 1.880849e+03
1.888918e+03 1.887106e+03 1.886209e+03 1.889815e+03
1.876326e+03 1.887125e+03 1.886270e+03 1.877181e+03
1.877651e+03 1.887143e+03 1.886344e+03 1.878450e+03
1.863600e+03 1.887160e+03 1.886432e+03 1.864328e+03
1.888919e+03 1.887176e+03 1.886531e+03 1.889564e+03
1.878695e+03 1.887192e+03 1.886637e+03 1.879250e+03
1.867289e+03 1.887207e+03 1.886745e+03 1.867751e+03
1.894203e+03 1.887220e+03 1.886853e+03 1.894571e+03
1.893571e+03 1.887234e+03 1.886958e+03 1.893847e+03
1.887615e+03 1.887246e+03 1.887048e+03 1.887813e+03
1.894206e+03 1.887258e+03 1.886892e+03 1.894572e+03
1.893542e+03 1.887269e+03 1.886432e+03 1.894378e+03
1.912336e+03 1.887279e+03 1.886055e+03 1.913561e+03
1.885671e+03 1.887289e+03 1.885922e+03 1.887037e+03
