7.712406e+03 7.643786e+03 7.625877e+03 7.730315e+03
7.676998e+03 7.643823e+03 7.625889e+03 7.694931e+03
7.582151e+03 7.643857e+03 7.625911e+03 7.600098e+03
7.608262e+03 7.643890e+03 7.628362e+03 7.623790e+03
7.625770e+03 7.643920e+03 7.638281e+03 7.631410e+03
7.628018e+03 7.643944e+03 7.649455e+03 7.622507e+03
7.673606e+03 7.643954e+03 7.655830e+03 7.661731e+03
7.673831e+03 7.643954e+03 7.658215e+03 7.659570e+03
7.673780e+03 7.643948e+03 7.658305e+03 7.659423e+03
7.682769e+03 7.643940e+03 7.657444e+03 7.669266e+03
7.689519e+03 7.643932e+03 7.656349e+03 7.677102e+03
7.671153e+03 7.643924e+03 7.655463e+03 7.659614e+03
7.673148e+03 7.643916e+03 7.654861e+03 7.662203e+03
7.659824e+03 7.643908e+03 7.654528e+03 7.649204e+03
7.641196e+03 7.643899e+03 7.654358e+03 7.630737e+03
7.653975e+03 7.643890e+03 7.654277e+03 7.643587e+03
7.650010e+03 7.643880e+03 7.654240e+03 7.639650e+03
7.663190e+03 7.643869e+03 7.654220e+03 7.652838e+03
7.634021e+03 7.643857e+03 7.654207e+03 7.623671e+03
7.648955e+03 7.643844e+03 7.653940e+03 7.638858e+03
7.655479e+03 7.643830e+03 7.648262e+03 7.651047e+03
7.643821e+03 7.643815e+03 7.636788e+03 7.650848e+03
7.593387e+03 7.643799e+03 7.627314e+03 7.609871e+03
7.608435e+03 7.643781e+03 7.622834e+03 7.629382e+03
7.574142e+03 7.643763e+03 7.621931e+03 7.595974e+03
7.625722e+03 7.643744e+03 7.626504e+03 7.642961e+03
7.650653e+03 7.643723e+03 7.634278e+03 7.660098e+03
7.634660e+03 7.643702e+03 7.640334e+03 7.638028e+03
7.679618e+03 7.643679e+03 7.643269e+03 7.680028e+03
7.615603e+03 7.643655e+03 7.644213e+03 7.615045e+03
7.609088e+03 7.643629e+03 7.644109e+03 7.608608e+03
7.664353e+03 7.643602e+03 7.643599e+03 7.664356e+03
7.645119e+03 7.643575e+03 7.643043e+03 7.645651e+03
7.594453e+03 7.643545e+03 7.642626e+03 7.595372e+03
7.635418e+03 7.643515e+03 7.642359e+03 7.636573e+03
7.633807e+03 7.643483e+03 7.642203e+03 7.635086e+03
7.640841e+03 7.643449e+03 7.642118e+03 7.642172e+03
7.660285e+03 7.643415e+03 7.642066e+03 7.661634e+03
7.641429e+03 7.643379e+03 7.642030e+03 7.642777e+03
7.649537e+03 7.643341e+03 7.641999e+03 7.650878e+03
7.646085e+03 7.643302e+03 7.641965e+03 7.647422e+03
7.646324e+03 7.643262e+03 7.640505e+03 7.649080e+03
7.645121e+03 7.643220e+03 7.634490e+03 7.653851e+03
7.659169e+03 7.643176e+03 7.628086e+03 7.674259e+03
7.607465e+03 7.643131e+03 7.624313e+03 7.626284e+03
7.570486e+03 7.643085e+03 7.622935e+03 7.590636e+03
7.608148e+03 7.643037e+03 7.626314e+03 7.624871e+03
7.617743e+03 7.642988e+03 7.636927e+03 7.623803e+03
7.645124e+03 7.642937e+03 7.646740e+03 7.641321e+03
7.616051e+03 7.642885e+03 7.652170e+03 7.606766e+03
7.662500e+03 7.642831e+03 7.654137e+03 7.651194e+03
7.675226e+03 7.642775e+03 7.654153e+03 7.663849e+03
7.667095e+03 7.642718e+03 7.653352e+03 7.656461e+03
7.682455e+03 7.642660e+03 7.652421e+03 7.672693e+03
7.673447e+03 7.642600e+03 7.651662e+03 7.664385e+03
7.695866e+03 7.642539e+03 7.651145e+03 7.687260e+03
7.680983e+03 7.642475e+03 7.650848e+03 7.672610e+03
7.628501e+03 7.642411e+03 7.650681e+03 7.620231e+03
7.633838e+03 7.642344e+03 7.650587e+03 7.625596e+03
7.594698e+03 7.642277e+03 7.650525e+03 7.586449e+03
7.577991e+03 7.642207e+03 7.650477e+03 7.569721e+03
7.573001e+03 7.642136e+03 7.650434e+03 7.564703e+03
7.587159e+03 7.642063e+03 7.649725e+03 7.579497e+03
7.638697e+03 7.641989e+03 7.643068e+03 7.637619e+03
7.654523e+03 7.641913e+03 7.632491e+03 7.663945e+03
7.666605e+03 7.641836e+03 7.624733e+03 7.683708e+03
7.629634e+03 7.641757e+03 7.621355e+03 7.650037e+03
7.614242e+03 7.641677e+03 7.620720e+03 7.635199e+03
7.615776e+03 7.641595e+03 7.625816e+03 7.631556e+03
7.622559e+03 7.641511e+03 7.637894e+03 7.626177e+03
7.659936e+03 7.641427e+03 7.648775e+03 7.652587e+03
7.663226e+03 7.641340e+03 7.654358e+03 7.650208e+03
7.671076e+03 7.641253e+03 7.656247e+03 7.656081e+03
7.679711e+03 7.641164e+03 7.656120e+03 7.664754e+03
7.649204e+03 7.641073e+03 7.655204e+03 7.635073e+03
7.671406e+03 7.640981e+03 7.654148e+03 7.658239e+03
7.635182e+03 7.640888e+03 7.653325e+03 7.622745e+03
7.630292e+03 7.640794e+03 7.652770e+03 7.618316e+03
7.643113e+03 7.640698e+03 7.652450e+03 7.631361e+03
7.626969e+03 7.640601e+03 7.652266e+03 7.615304e+03
7.648618e+03 7.640503e+03 7.652154e+03 7.636967e+03
7.621896e+03 7.640404e+03 7.652077e+03 7.610223e+03
7.630192e+03 7.640304e+03 7.652013e+03 7.618482e+03
7.619478e+03 7.640202e+03 7.651955e+03 7.607726e+03
7.616699e+03 7.640100e+03 7.650920e+03 7.605879e+03
7.680405e+03 7.639997e+03 7.642709e+03 7.677693e+03
7.644404e+03 7.639892e+03 7.631130e+03 7.653166e+03
7.633349e+03 7.639787e+03 7.623087e+03 7.650050e+03
7.628480e+03 7.639681e+03 7.619729e+03 7.648432e+03
7.611647e+03 7.639574e+03 7.619061e+03 7.632161e+03
7.617253e+03 7.639467e+03 7.621620e+03 7.635100e+03
7.678100e+03 7.639359e+03 7.631341e+03 7.686118e+03
7.658565e+03 7.639250e+03 7.642533e+03 7.655282e+03
7.688792e+03 7.639140e+03 7.649156e+03 7.678776e+03
7.665652e+03 7.639030e+03 7.651793e+03 7.652889e+03
7.688932e+03 7.638920e+03 7.652134e+03 7.675718e+03
7.670351e+03 7.638809e+03 7.651429e+03 7.657731e+03
7.643740e+03 7.638698e+03 7.650429e+03 7.632009e+03
7.636958e+03 7.638586e+03 7.649577e+03 7.625967e+03
7.636240e+03 7.638475e+03 7.648975e+03 7.625740e+03
7.619568e+03 7.638363e+03 7.648594e+03 7.609337e+03
7.670527e+03 7.638251e+03 7.648374e+03 7.660404e+03
7.657459e+03 7.638139e+03 7.648237e+03 7.647360e+03
7.663718e+03 7.638027e+03 7.648143e+03 7.653603e+03
7.658168e+03 7.637916e+03 7.648065e+03 7.648018e+03
7.633059e+03 7.637804e+03 7.647995e+03 7.622868e+03
7.651476e+03 7.637693e+03 7.647753e+03 7.641416e+03
7.637880e+03 7.637582e+03 7.642917e+03 7.632546e+03
7.640265e+03 7.637471e+03 7.632514e+03 7.645222e+03
7.604608e+03 7.637362e+03 7.623795e+03 7.618175e+03
7.598344e+03 7.637252e+03 7.619317e+03 7.616279e+03
7.644592e+03 7.637144e+03 7.618016e+03 7.663719e+03
7.556948e+03 7.637036e+03 7.618616e+03 7.575368e+03
7.647980e+03 7.636929e+03 7.623468e+03 7.661441e+03
7.627767e+03 7.636822e+03 7.631117e+03 7.633473e+03
7.664560e+03 7.636717e+03 7.636887e+03 7.664391e+03
7.641523e+03 7.636613e+03 7.639520e+03 7.638616e+03
7.637356e+03 7.636511e+03 7.640227e+03 7.633640e+03
7.618831e+03 7.636409e+03 7.639952e+03 7.615288e+03
7.656271e+03 7.636309e+03 7.639335e+03 7.653244e+03
7.611110e+03 7.636210e+03 7.638704e+03 7.608616e+03
7.660918e+03 7.636113e+03 7.638232e+03 7.658799e+03
7.658144e+03 7.636017e+03 7.637914e+03 7.656248e+03
7.655126e+03 7.635924e+03 7.637720e+03 7.653330e+03
7.647724e+03 7.635832e+03 7.637594e+03 7.645962e+03
7.634739e+03 7.635742e+03 7.637505e+03 7.632976e+03
7.637596e+03 7.635654e+03 7.637433e+03 7.635817e+03
7.611392e+03 7.635568e+03 7.637368e+03 7.609593e+03
7.640929e+03 7.635484e+03 7.637302e+03 7.639112e+03
7.607684e+03 7.635403e+03 7.635900e+03 7.607188e+03
7.650694e+03 7.635324e+03 7.629940e+03 7.656078e+03
7.651092e+03 7.635248e+03 7.623464e+03 7.662876e+03
7.674002e+03 7.635174e+03 7.619533e+03 7.689643e+03
7.618109e+03 7.635103e+03 7.618082e+03 7.635130e+03
7.656600e+03 7.635035e+03 7.617939e+03 7.673696e+03
7.612072e+03 7.634973e+03 7.618387e+03 7.628658e+03
7.676145e+03 7.638118e+03 7.622157e+03 7.692106e+03
7.648398e+03 7.655502e+03 7.640075e+03 7.663825e+03
7.633524e+03 7.676182e+03 7.661105e+03 7.648601e+03
7.619879e+03 7.689056e+03 7.674180e+03 7.634755e+03
7.674782e+03 7.694205e+03 7.679433e+03 7.689553e+03
7.645138e+03 7.694728e+03 7.680002e+03 7.659863e+03
7.669600e+03 7.693224e+03 7.678518e+03 7.684306e+03
7.668245e+03 7.691247e+03 7.676547e+03 7.682945e+03
7.682023e+03 7.689544e+03 7.674844e+03 7.696723e+03
7.707959e+03 7.688348e+03 7.673645e+03 7.722662e+03
7.697814e+03 7.687667e+03 7.672958e+03 7.712523e+03
7.692402e+03 7.687306e+03 7.672589e+03 7.707119e+03
7.713186e+03 7.687139e+03 7.672413e+03 7.727912e+03
7.667050e+03 7.687063e+03 7.672326e+03 7.681787e+03
7.676662e+03 7.687030e+03 7.672280e+03 7.691413e+03
7.659533e+03 7.687017e+03 7.672252e+03 7.674298e+03
7.663837e+03 7.686755e+03 7.671974e+03 7.678617e+03
7.648408e+03 7.678241e+03 7.663442e+03 7.663207e+03
7.689033e+03 7.657563e+03 7.642744e+03 7.703852e+03
7.588951e+03 7.639031e+03 7.624189e+03 7.603792e+03
7.626612e+03 7.629802e+03 7.614936e+03 7.641478e+03
7.595930e+03 7.626958e+03 7.612182e+03 7.610706e+03
7.654575e+03 7.627494e+03 7.618333e+03 7.663736e+03
7.650674e+03 7.629300e+03 7.635492e+03 7.644482e+03
7.690967e+03 7.631273e+03 7.651974e+03 7.670267e+03
7.679128e+03 7.632773e+03 7.660935e+03 7.650966e+03
7.665718e+03 7.633765e+03 7.664349e+03 7.635134e+03
7.633132e+03 7.634320e+03 7.664605e+03 7.602847e+03
7.641602e+03 7.634623e+03 7.663559e+03 7.612667e+03
7.639556e+03 7.634799e+03 7.662212e+03 7.612143e+03
7.667732e+03 7.634914e+03 7.661149e+03 7.641497e+03
7.628134e+03 7.635009e+03 7.660457e+03 7.602686e+03
7.687224e+03 7.635100e+03 7.660104e+03 7.662220e+03
7.683513e+03 7.635192e+03 7.659956e+03 7.658749e+03
7.656487e+03 7.635290e+03 7.659920e+03 7.631857e+03
7.675377e+03 7.635393e+03 7.659944e+03 7.650827e+03
7.669672e+03 7.635502e+03 7.659994e+03 7.645181e+03
7.645785e+03 7.635617e+03 7.660058e+03 7.621345e+03
7.668261e+03 7.635739e+03 7.659099e+03 7.644901e+03
7.636273e+03 7.635867e+03 7.648564e+03 7.623575e+03
7.604268e+03 7.636001e+03 7.632377e+03 7.607892e+03
7.581776e+03 7.636141e+03 7.620716e+03 7.597202e+03
7.531152e+03 7.636288e+03 7.615785e+03 7.551655e+03
7.563870e+03 7.636441e+03 7.614819e+03 7.585493e+03
7.598843e+03 7.636601e+03 7.615783e+03 7.619662e+03
7.555102e+03 7.636767e+03 7.618703e+03 7.573166e+03
7.670330e+03 7.636939e+03 7.626499e+03 7.680769e+03
7.700315e+03 7.637118e+03 7.634586e+03 7.702847e+03
7.673833e+03 7.637303e+03 7.639501e+03 7.671635e+03
7.641463e+03 7.637495e+03 7.641570e+03 7.637387e+03
7.656050e+03 7.637693e+03 7.641966e+03 7.651777e+03
7.624923e+03 7.637897e+03 7.641639e+03 7.621181e+03
7.576427e+03 7.638108e+03 7.641145e+03 7.573390e+03
7.593117e+03 7.638326e+03 7.640747e+03 7.590696e+03
7.595143e+03 7.638550e+03 7.640526e+03 7.593167e+03
7.625327e+03 7.638780e+03 7.640483e+03 7.623624e+03
7.617102e+03 7.639017e+03 7.640554e+03 7.615565e+03
7.648245e+03 7.639260e+03 7.640696e+03 7.646809e+03
7.667199e+03 7.639510e+03 7.640874e+03 7.665836e+03
7.645909e+03 7.639766e+03 7.641069e+03 7.644606e+03
7.647371e+03 7.640029e+03 7.641271e+03 7.646129e+03
7.671019e+03 7.640297e+03 7.641335e+03 7.669981e+03
7.690464e+03 7.640572e+03 7.638227e+03 7.692809e+03
7.669333e+03 7.640854e+03 7.631212e+03 7.678975e+03
7.687747e+03 7.641141e+03 7.625271e+03 7.703618e+03
7.624379e+03 7.641435e+03 7.622526e+03 7.643288e+03
