9.875626e+03 9.798990e+03 9.790206e+03 9.884410e+03
9.822027e+03 9.798961e+03 9.790001e+03 9.830987e+03
9.779203e+03 9.798932e+03 9.789803e+03 9.788332e+03
9.792610e+03 9.799091e+03 9.790262e+03 9.801439e+03
9.784366e+03 9.799827e+03 9.792725e+03 9.791468e+03
9.772189e+03 9.800658e+03 9.795536e+03 9.777311e+03
9.797345e+03 9.801112e+03 9.797081e+03 9.801376e+03
9.793774e+03 9.801254e+03 9.797573e+03 9.797455e+03
9.807770e+03 9.801217e+03 9.797460e+03 9.811526e+03
9.813633e+03 9.801106e+03 9.797099e+03 9.817640e+03
9.820495e+03 9.800977e+03 9.796675e+03 9.824796e+03
9.789477e+03 9.800864e+03 9.796306e+03 9.794034e+03
9.814833e+03 9.800772e+03 9.796012e+03 9.819593e+03
9.835753e+03 9.800702e+03 9.795790e+03 9.840664e+03
9.813194e+03 9.800644e+03 9.795616e+03 9.818222e+03
9.799238e+03 9.800594e+03 9.795470e+03 9.804362e+03
9.771899e+03 9.800549e+03 9.795340e+03 9.777107e+03
9.784938e+03 9.800505e+03 9.795220e+03 9.790223e+03
9.792763e+03 9.800462e+03 9.795106e+03 9.798119e+03
9.805804e+03 9.800401e+03 9.794930e+03 9.811276e+03
9.804845e+03 9.799921e+03 9.793308e+03 9.811459e+03
9.808565e+03 9.798995e+03 9.790140e+03 9.817420e+03
9.785353e+03 9.798223e+03 9.787511e+03 9.796064e+03
9.782002e+03 9.797837e+03 9.786224e+03 9.793615e+03
9.769887e+03 9.797789e+03 9.786110e+03 9.781566e+03
9.771915e+03 9.798833e+03 9.789780e+03 9.780968e+03
9.817343e+03 9.800578e+03 9.795883e+03 9.822038e+03
9.803224e+03 9.801887e+03 9.800480e+03 9.804632e+03
9.794812e+03 9.802462e+03 9.802534e+03 9.794739e+03
9.730308e+03 9.802587e+03 9.803035e+03 9.729860e+03
9.747429e+03 9.802486e+03 9.802756e+03 9.747158e+03
9.782873e+03 9.802307e+03 9.802212e+03 9.782968e+03
9.776392e+03 9.802128e+03 9.801671e+03 9.776849e+03
9.799693e+03 9.801990e+03 9.801275e+03 9.800408e+03
9.819696e+03 9.801894e+03 9.801018e+03 9.820572e+03
9.795405e+03 9.801827e+03 9.800862e+03 9.796371e+03
9.814510e+03 9.801779e+03 9.800771e+03 9.815519e+03
9.802409e+03 9.801740e+03 9.800715e+03 9.803434e+03
9.773836e+03 9.801705e+03 9.800679e+03 9.774863e+03
9.775955e+03 9.801671e+03 9.800653e+03 9.776973e+03
9.767535e+03 9.801635e+03 9.800629e+03 9.768542e+03
9.771641e+03 9.801241e+03 9.799371e+03 9.773512e+03
9.768140e+03 9.799703e+03 9.794155e+03 9.773688e+03
9.790663e+03 9.798067e+03 9.788606e+03 9.800124e+03
9.762903e+03 9.797091e+03 9.785352e+03 9.774642e+03
9.776000e+03 9.796719e+03 9.784198e+03 9.788521e+03
9.807682e+03 9.797703e+03 9.787747e+03 9.817638e+03
9.775973e+03 9.800817e+03 9.798680e+03 9.778110e+03
9.802519e+03 9.803686e+03 9.808775e+03 9.797431e+03
9.798877e+03 9.805254e+03 9.814365e+03 9.789765e+03
9.805535e+03 9.805796e+03 9.816411e+03 9.794919e+03
9.800304e+03 9.805762e+03 9.816474e+03 9.789592e+03
9.822635e+03 9.805490e+03 9.815714e+03 9.812411e+03
9.825957e+03 9.805181e+03 9.814836e+03 9.816303e+03
9.839982e+03 9.804924e+03 9.814143e+03 9.830764e+03
9.850757e+03 9.804740e+03 9.813708e+03 9.841790e+03
9.839611e+03 9.804622e+03 9.813507e+03 9.830726e+03
9.830565e+03 9.804542e+03 9.813446e+03 9.821661e+03
9.847898e+03 9.804484e+03 9.813467e+03 9.838914e+03
9.827236e+03 9.804435e+03 9.813527e+03 9.818144e+03
9.817222e+03 9.804389e+03 9.813606e+03 9.808005e+03
9.768067e+03 9.804346e+03 9.813697e+03 9.758715e+03
9.780816e+03 9.804103e+03 9.813106e+03 9.771813e+03
9.789004e+03 9.802086e+03 9.806377e+03 9.784714e+03
9.809247e+03 9.798901e+03 9.795605e+03 9.812543e+03
9.805136e+03 9.796555e+03 9.787751e+03 9.813940e+03
9.804300e+03 9.795515e+03 9.784427e+03 9.815389e+03
9.795061e+03 9.795262e+03 9.783835e+03 9.806489e+03
9.771752e+03 9.795731e+03 9.785751e+03 9.781732e+03
9.770254e+03 9.796828e+03 9.789850e+03 9.777232e+03
9.757803e+03 9.797823e+03 9.793605e+03 9.762021e+03
9.769808e+03 9.798349e+03 9.795740e+03 9.772417e+03
9.822362e+03 9.798535e+03 9.796706e+03 9.824191e+03
9.826005e+03 9.798523e+03 9.796993e+03 9.827534e+03
9.790600e+03 9.798426e+03 9.796995e+03 9.792031e+03
9.803092e+03 9.798306e+03 9.796924e+03 9.804475e+03
9.762278e+03 9.798199e+03 9.796903e+03 9.763574e+03
9.756853e+03 9.798109e+03 9.796952e+03 9.758010e+03
9.775067e+03 9.798036e+03 9.797067e+03 9.776037e+03
9.765632e+03 9.797973e+03 9.797223e+03 9.766383e+03
9.760479e+03 9.797915e+03 9.797403e+03 9.760990e+03
9.802902e+03 9.797858e+03 9.797598e+03 9.803163e+03
9.808321e+03 9.797803e+03 9.797802e+03 9.808321e+03
9.837390e+03 9.797747e+03 9.798014e+03 9.837123e+03
9.822687e+03 9.797614e+03 9.797970e+03 9.822332e+03
9.824545e+03 9.796927e+03 9.796009e+03 9.825462e+03
9.783642e+03 9.795979e+03 9.793153e+03 9.786467e+03
9.819368e+03 9.795303e+03 9.791249e+03 9.823421e+03
9.770678e+03 9.794988e+03 9.790605e+03 9.775061e+03
9.776594e+03 9.794882e+03 9.790689e+03 9.780787e+03
9.772024e+03 9.795454e+03 9.793132e+03 9.774347e+03
9.824853e+03 9.798080e+03 9.802696e+03 9.820238e+03
9.793949e+03 9.801160e+03 9.813842e+03 9.781267e+03
9.805139e+03 9.802944e+03 9.820507e+03 9.787576e+03
9.740562e+03 9.803599e+03 9.823266e+03 9.720894e+03
9.765265e+03 9.803609e+03 9.823802e+03 9.745072e+03
9.763795e+03 9.803332e+03 9.823349e+03 9.743777e+03
9.771896e+03 9.802978e+03 9.822640e+03 9.752234e+03
9.823698e+03 9.802673e+03 9.822107e+03 9.804264e+03
9.837457e+03 9.802444e+03 9.821846e+03 9.818056e+03
9.840440e+03 9.802281e+03 9.821822e+03 9.820900e+03
9.846675e+03 9.802166e+03 9.821970e+03 9.826872e+03
9.854158e+03 9.802075e+03 9.822210e+03 9.834024e+03
9.877186e+03 9.801996e+03 9.822499e+03 9.856683e+03
9.861581e+03 9.801922e+03 9.822811e+03 9.840691e+03
9.851870e+03 9.801848e+03 9.823136e+03 9.830582e+03
9.842806e+03 9.801723e+03 9.823289e+03 9.821240e+03
9.840818e+03 9.800227e+03 9.818701e+03 9.822344e+03
9.822502e+03 9.797071e+03 9.808369e+03 9.811204e+03
9.815274e+03 9.794416e+03 9.799781e+03 9.809909e+03
9.846097e+03 9.793024e+03 9.795578e+03 9.843543e+03
9.817813e+03 9.792580e+03 9.794663e+03 9.815730e+03
9.782424e+03 9.792684e+03 9.795658e+03 9.779450e+03
9.792082e+03 9.793883e+03 9.800452e+03 9.785513e+03
9.801234e+03 9.795785e+03 9.807690e+03 9.789330e+03
9.769639e+03 9.797205e+03 9.813264e+03 9.753580e+03
9.781327e+03 9.797823e+03 9.816067e+03 9.763083e+03
9.790433e+03 9.797946e+03 9.817165e+03 9.771215e+03
9.788743e+03 9.797816e+03 9.817393e+03 9.769166e+03
9.832358e+03 9.797596e+03 9.817318e+03 9.812636e+03
9.810586e+03 9.797371e+03 9.817229e+03 9.790728e+03
9.872684e+03 9.797183e+03 9.817280e+03 9.852587e+03
9.879614e+03 9.797033e+03 9.817469e+03 9.859178e+03
9.863618e+03 9.796913e+03 9.817769e+03 9.842762e+03
9.890682e+03 9.796809e+03 9.818132e+03 9.869359e+03
9.868478e+03 9.796713e+03 9.818531e+03 9.846660e+03
9.863614e+03 9.796620e+03 9.818947e+03 9.841287e+03
9.844366e+03 9.796528e+03 9.819374e+03 9.821521e+03
9.846279e+03 9.796434e+03 9.819802e+03 9.822911e+03
9.837084e+03 9.796004e+03 9.819072e+03 9.814016e+03
9.814213e+03 9.794427e+03 9.814377e+03 9.794263e+03
9.808918e+03 9.792719e+03 9.809236e+03 9.792401e+03
9.832985e+03 9.791649e+03 9.806313e+03 9.818321e+03
9.800689e+03 9.791201e+03 9.805551e+03 9.786340e+03
9.805774e+03 9.791081e+03 9.805929e+03 9.790926e+03
9.775431e+03 9.791108e+03 9.806819e+03 9.759720e+03
9.805054e+03 9.792903e+03 9.804800e+03 9.793158e+03
9.760248e+03 9.802406e+03 9.789315e+03 9.773340e+03
9.731447e+03 9.813651e+03 9.770577e+03 9.774522e+03
9.715739e+03 9.820616e+03 9.759060e+03 9.777296e+03
9.729171e+03 9.823359e+03 9.754733e+03 9.797797e+03
9.747682e+03 9.823572e+03 9.754715e+03 9.816539e+03
9.763099e+03 9.822676e+03 9.756588e+03 9.829186e+03
9.759857e+03 9.821516e+03 9.758903e+03 9.822470e+03
9.753869e+03 9.820500e+03 9.760963e+03 9.813405e+03
9.783239e+03 9.819756e+03 9.762550e+03 9.840444e+03
9.770907e+03 9.819288e+03 9.763660e+03 9.826535e+03
9.790125e+03 9.818990e+03 9.764474e+03 9.844642e+03
9.804064e+03 9.818794e+03 9.765113e+03 9.857745e+03
9.798462e+03 9.818643e+03 9.765673e+03 9.851433e+03
9.812595e+03 9.818512e+03 9.766200e+03 9.864907e+03
9.777298e+03 9.818388e+03 9.766715e+03 9.828971e+03
9.770693e+03 9.818124e+03 9.767471e+03 9.821346e+03
9.745566e+03 9.813375e+03 9.775997e+03 9.782944e+03
9.784027e+03 9.802016e+03 9.795971e+03 9.790073e+03
9.773662e+03 9.791817e+03 9.813933e+03 9.751547e+03
9.808994e+03 9.786667e+03 9.823151e+03 9.772510e+03
9.771575e+03 9.784964e+03 9.826316e+03 9.730223e+03
9.796266e+03 9.784350e+03 9.823738e+03 9.756878e+03
9.823230e+03 9.783113e+03 9.815440e+03 9.790903e+03
9.827055e+03 9.782076e+03 9.807384e+03 9.801747e+03
9.815863e+03 9.781722e+03 9.803058e+03 9.794527e+03
9.817658e+03 9.781765e+03 9.801560e+03 9.797863e+03
9.823427e+03 9.781930e+03 9.801746e+03 9.803611e+03
9.815494e+03 9.782094e+03 9.802662e+03 9.794926e+03
9.815824e+03 9.782207e+03 9.803786e+03 9.794245e+03
9.797043e+03 9.782236e+03 9.804812e+03 9.774467e+03
9.813791e+03 9.782195e+03 9.805681e+03 9.790305e+03
9.810150e+03 9.782101e+03 9.806401e+03 9.785849e+03
9.800781e+03 9.781974e+03 9.807031e+03 9.775724e+03
9.788500e+03 9.781831e+03 9.807614e+03 9.762716e+03
9.801231e+03 9.781678e+03 9.808174e+03 9.774735e+03
9.781445e+03 9.781520e+03 9.808726e+03 9.754239e+03
9.788876e+03 9.781358e+03 9.809274e+03 9.760960e+03
9.806329e+03 9.781332e+03 9.810301e+03 9.777359e+03
9.799423e+03 9.782589e+03 9.815784e+03 9.766228e+03
9.815750e+03 9.784603e+03 9.823899e+03 9.776454e+03
9.798858e+03 9.786007e+03 9.829910e+03 9.754955e+03
9.774618e+03 9.786506e+03 9.832793e+03 9.728330e+03
9.791045e+03 9.786469e+03 9.833834e+03 9.743680e+03
9.820521e+03 9.786178e+03 9.833972e+03 9.772727e+03
9.867298e+03 9.788398e+03 9.829343e+03 9.826353e+03
9.912311e+03 9.800057e+03 9.808411e+03 9.903958e+03
9.823163e+03 9.813110e+03 9.785350e+03 9.850922e+03
9.770554e+03 9.820879e+03 9.771705e+03 9.819728e+03
9.767590e+03 9.823752e+03 9.766723e+03 9.824620e+03
9.764368e+03 9.823763e+03 9.766811e+03 9.821320e+03
9.725697e+03 9.822539e+03 9.769086e+03 9.779150e+03
9.728541e+03 9.821058e+03 9.771828e+03 9.777771e+03
9.748963e+03 9.819774e+03 9.774232e+03 9.794506e+03
9.762775e+03 9.818823e+03 9.776059e+03 9.805538e+03
9.774976e+03 9.818196e+03 9.777322e+03 9.815850e+03
9.787103e+03 9.817767e+03 9.778242e+03 9.826628e+03
9.790383e+03 9.817453e+03 9.778959e+03 9.828877e+03
9.784408e+03 9.817189e+03 9.779583e+03 9.822014e+03
9.794695e+03 9.816945e+03 9.780165e+03 9.831474e+03
9.795184e+03 9.816704e+03 9.780725e+03 9.831163e+03
9.782645e+03 9.816193e+03 9.781738e+03 9.817101e+03
9.798384e+03 9.809617e+03 9.793243e+03 9.814757e+03
9.831624e+03 9.795568e+03 9.817681e+03 9.809511e+03
9.853110e+03 9.783551e+03 9.838593e+03 9.798068e+03
9.840408e+03 9.777616e+03 9.848962e+03 9.769063e+03
