0.9 9.891692e+03 9.879054e+03 9.895550e+03 9.908188e+03
1.9 9.891790e+03 9.887038e+03 9.900942e+03 9.905694e+03
2.9 9.934047e+03 9.917214e+03 9.910001e+03 9.926834e+03
3.9 9.947085e+03 9.920394e+03 9.909446e+03 9.936137e+03
4.9 9.930494e+03 9.929996e+03 9.903181e+03 9.903680e+03
5.9 9.941457e+03 9.929577e+03 9.897940e+03 9.909821e+03
6.9 9.937919e+03 9.918681e+03 9.895211e+03 9.914449e+03
7.9 9.885477e+03 9.900922e+03 9.894079e+03 9.878634e+03
8.9 9.903270e+03 9.892777e+03 9.893922e+03 9.904415e+03
9.9 9.917767e+03 9.917300e+03 9.894219e+03 9.894686e+03
10.9 9.880254e+03 9.924795e+03 9.894641e+03 9.850100e+03
11.9 9.908635e+03 9.902436e+03 9.894983e+03 9.901182e+03
12.9 9.883973e+03 9.900699e+03 9.895211e+03 9.878484e+03
13.9 9.929059e+03 9.919096e+03 9.895336e+03 9.905299e+03
14.9 9.907649e+03 9.918081e+03 9.895403e+03 9.884971e+03
15.9 9.923568e+03 9.907248e+03 9.895439e+03 9.911760e+03
16.9 9.920066e+03 9.909243e+03 9.895461e+03 9.906284e+03
17.9 9.919052e+03 9.899036e+03 9.895478e+03 9.915494e+03
1.0 9.908264e+03 9.898947e+03 9.895973e+03 9.905290e+03
2.0 9.907128e+03 9.912441e+03 9.901813e+03 9.896500e+03
3.0 9.832224e+03 9.857863e+03 9.906915e+03 9.881276e+03
4.0 9.914641e+03 9.884070e+03 9.904197e+03 9.934768e+03
5.0 9.893188e+03 9.892667e+03 9.899645e+03 9.900165e+03
6.0 9.831133e+03 9.888749e+03 9.896645e+03 9.839028e+03
7.0 9.812626e+03 9.885499e+03 9.895149e+03 9.822276e+03
8.0 9.822515e+03 9.892022e+03 9.894647e+03 9.825139e+03
9.0 9.855476e+03 9.897736e+03 9.894681e+03 9.852421e+03
10.0 9.887569e+03 9.897878e+03 9.894942e+03 9.884633e+03
11.0 9.814328e+03 9.882510e+03 9.895221e+03 9.827039e+03
12.0 9.869667e+03 9.858299e+03 9.895434e+03 9.906802e+03
13.0 9.806178e+03 9.859337e+03 9.895559e+03 9.842400e+03
14.0 9.866284e+03 9.873087e+03 9.895626e+03 9.888823e+03
15.0 9.926775e+03 9.884809e+03 9.895656e+03 9.937623e+03
16.0 9.950313e+03 9.899494e+03 9.895669e+03 9.946488e+03
17.0 9.870298e+03 9.914324e+03 9.895675e+03 9.851648e+03
18.0 9.952455e+03 9.921309e+03 9.895678e+03 9.926824e+03
0.2 9.923361e+03 9.912759e+03 9.895670e+03 9.906272e+03
1.2 9.962987e+03 9.899919e+03 9.896780e+03 9.959848e+03
2.2 9.902604e+03 9.906994e+03 9.903133e+03 9.898742e+03
3.2 9.914388e+03 9.881560e+03 9.905500e+03 9.938328e+03
4.2 9.907748e+03 9.877896e+03 9.901982e+03 9.931834e+03
5.2 9.861021e+03 9.891570e+03 9.898160e+03 9.867610e+03
6.2 9.894101e+03 9.895203e+03 9.895987e+03 9.894885e+03
7.2 9.906631e+03 9.892043e+03 9.894989e+03 9.909577e+03
8.2 9.904605e+03 9.896960e+03 9.894697e+03 9.902343e+03
9.2 9.916153e+03 9.898433e+03 9.894795e+03 9.912516e+03
10.2 9.918188e+03 9.885603e+03 9.895033e+03 9.927618e+03
11.2 9.861788e+03 9.866123e+03 9.895246e+03 9.890911e+03
12.2 9.899643e+03 9.865773e+03 9.895387e+03 9.929256e+03
13.2 9.891719e+03 9.881291e+03 9.895461e+03 9.905889e+03
14.2 9.896610e+03 9.893880e+03 9.895488e+03 9.898219e+03
15.2 9.853045e+03 9.876868e+03 9.895490e+03 9.871666e+03
16.2 9.824866e+03 9.856082e+03 9.895477e+03 9.864262e+03
17.2 9.866521e+03 9.862443e+03 9.895460e+03 9.899538e+03
0.4 9.897647e+03 9.862412e+03 9.895180e+03 9.930415e+03
1.4 9.926698e+03 9.856200e+03 9.897066e+03 9.967564e+03
2.4 9.855368e+03 9.878593e+03 9.903910e+03 9.880686e+03
3.4 9.921054e+03 9.882553e+03 9.905151e+03 9.943651e+03
4.4 9.914923e+03 9.906811e+03 9.901105e+03 9.909217e+03
5.4 9.883469e+03 9.904918e+03 9.897287e+03 9.875838e+03
6.4 9.867826e+03 9.902674e+03 9.895384e+03 9.860536e+03
7.4 9.909095e+03 9.894986e+03 9.899217e+03 9.913326e+03
8.4 9.888606e+03 9.910755e+03 9.906773e+03 9.884624e+03
9.4 9.887492e+03 9.900952e+03 9.905810e+03 9.892351e+03
10.4 9.907748e+03 9.912785e+03 9.900506e+03 9.895469e+03
11.4 9.953157e+03 9.936073e+03 9.896577e+03 9.913661e+03
12.4 9.915462e+03 9.922051e+03 9.894535e+03 9.887946e+03
13.4 9.911111e+03 9.906050e+03 9.893716e+03 9.898777e+03
14.4 9.914604e+03 9.901028e+03 9.893634e+03 9.907210e+03
15.4 9.921379e+03 9.893750e+03 9.893896e+03 9.921526e+03
16.4 9.904337e+03 9.882106e+03 9.894219e+03 9.916450e+03
17.4 9.958593e+03 9.884912e+03 9.894473e+03 9.968153e+03
0.8 9.867826e+03 9.902674e+03 9.895384e+03 9.860536e+03
1.8 9.909095e+03 9.894986e+03 9.899217e+03 9.913326e+03
2.8 9.888606e+03 9.910755e+03 9.906773e+03 9.884624e+03
3.8 9.887492e+03 9.900952e+03 9.905810e+03 9.892351e+03
4.8 9.907748e+03 9.912785e+03 9.900506e+03 9.895469e+03
5.8 9.953157e+03 9.936073e+03 9.896577e+03 9.913661e+03
6.8 9.915462e+03 9.922051e+03 9.894535e+03 9.887946e+03
7.8 9.911111e+03 9.906050e+03 9.893716e+03 9.898777e+03
8.8 9.914604e+03 9.901028e+03 9.893634e+03 9.907210e+03
9.8 9.921379e+03 9.893750e+03 9.893896e+03 9.921526e+03
10.8 9.904337e+03 9.882106e+03 9.894219e+03 9.916450e+03
11.8 9.958593e+03 9.884912e+03 9.894473e+03 9.968153e+03
12.8 9.896046e+03 9.899832e+03 9.894630e+03 9.890844e+03
13.8 9.955761e+03 9.895434e+03 9.894704e+03 9.955030e+03
14.8 9.930529e+03 9.923018e+03 9.894732e+03 9.902243e+03
15.8 9.942920e+03 9.924581e+03 9.894736e+03 9.913076e+03
16.8 9.867430e+03 9.857903e+03 9.894731e+03 9.904258e+03
17.8 9.814984e+03 9.868980e+03 9.894724e+03 9.840728e+03
0.4 9.866800e+03 9.864798e+03 9.894697e+03 9.896699e+03
1.4 9.841970e+03 9.850280e+03 9.896744e+03 9.888434e+03
2.4 9.824191e+03 9.861333e+03 9.905020e+03 9.867879e+03
3.4 9.936455e+03 9.926665e+03 9.907493e+03 9.917284e+03
4.4 9.858977e+03 9.888923e+03 9.902870e+03 9.872924e+03
5.4 9.895471e+03 9.922867e+03 9.898136e+03 9.870740e+03
6.4 9.923980e+03 9.907210e+03 9.900194e+03 9.916964e+03
7.4 9.959298e+03 9.928982e+03 9.905444e+03 9.935760e+03
8.4 9.924948e+03 9.877659e+03 9.903349e+03 9.950638e+03
9.4 9.847933e+03 9.879381e+03 9.898666e+03 9.867218e+03
10.4 9.931252e+03 9.903065e+03 9.895455e+03 9.923642e+03
11.4 9.938168e+03 9.892795e+03 9.894008e+03 9.939381e+03
12.4 9.839630e+03 9.893224e+03 9.893545e+03 9.839951e+03
13.4 9.905796e+03 9.909386e+03 9.893633e+03 9.890043e+03
14.4 9.918392e+03 9.913174e+03 9.893949e+03 9.899166e+03
15.4 9.951250e+03 9.901021e+03 9.894293e+03 9.944522e+03
16.4 9.874534e+03 9.919634e+03 9.894550e+03 9.849450e+03
17.4 9.919948e+03 9.911381e+03 9.894716e+03 9.903284e+03
0.8 9.895471e+03 9.922867e+03 9.898136e+03 9.870740e+03
1.8 9.923980e+03 9.907210e+03 9.900194e+03 9.916964e+03
2.8 9.959298e+03 9.928982e+03 9.905444e+03 9.935760e+03
3.8 9.924948e+03 9.877659e+03 9.903349e+03 9.950638e+03
4.8 9.847933e+03 9.879381e+03 9.898666e+03 9.867218e+03
5.8 9.931252e+03 9.903065e+03 9.895455e+03 9.923642e+03
6.8 9.938168e+03 9.892795e+03 9.894008e+03 9.939381e+03
7.8 9.839630e+03 9.893224e+03 9.893545e+03 9.839951e+03
8.8 9.905796e+03 9.909386e+03 9.893633e+03 9.890043e+03
9.8 9.918392e+03 9.913174e+03 9.893949e+03 9.899166e+03
10.8 9.951250e+03 9.901021e+03 9.894293e+03 9.944522e+03
11.8 9.874534e+03 9.919634e+03 9.894550e+03 9.849450e+03
12.8 9.919948e+03 9.911381e+03 9.894716e+03 9.903284e+03
13.8 9.870175e+03 9.893851e+03 9.895514e+03 9.871838e+03
14.8 9.863091e+03 9.872172e+03 9.901837e+03 9.892756e+03
15.8 9.859001e+03 9.840256e+03 9.905996e+03 9.924741e+03
16.8 9.882667e+03 9.888730e+03 9.902812e+03 9.896749e+03
17.8 9.913052e+03 9.925569e+03 9.898392e+03 9.885875e+03
0.1 9.919948e+03 9.911381e+03 9.894716e+03 9.903284e+03
1.1 9.870175e+03 9.893851e+03 9.895514e+03 9.871838e+03
2.1 9.863091e+03 9.872172e+03 9.901837e+03 9.892756e+03
3.1 9.859001e+03 9.840256e+03 9.905996e+03 9.924741e+03
4.1 9.882667e+03 9.888730e+03 9.902812e+03 9.896749e+03
5.1 9.913052e+03 9.925569e+03 9.898392e+03 9.885875e+03
6.1 9.927453e+03 9.920195e+03 9.895722e+03 9.902980e+03
7.1 9.864146e+03 9.913058e+03 9.894463e+03 9.845551e+03
8.1 9.944630e+03 9.928556e+03 9.894067e+03 9.910141e+03
9.1 9.918342e+03 9.911456e+03 9.894166e+03 9.901053e+03
10.1 9.866938e+03 9.894842e+03 9.894464e+03 9.866560e+03
11.1 9.913064e+03 9.885580e+03 9.894758e+03 9.922242e+03
12.1 9.858249e+03 9.881946e+03 9.894979e+03 9.871282e+03
13.1 9.935068e+03 9.880589e+03 9.895759e+03 9.950239e+03
14.1 9.901356e+03 9.916292e+03 9.902439e+03 9.887503e+03
15.1 9.917848e+03 9.926258e+03 9.908832e+03 9.900422e+03
16.1 9.864022e+03 9.917912e+03 9.905978e+03 9.852088e+03
17.1 9.926037e+03 9.927852e+03 9.900509e+03 9.898694e+03
0.1 9.858249e+03 9.881946e+03 9.894979e+03 9.871282e+03
1.1 9.935068e+03 9.880589e+03 9.895759e+03 9.950239e+03
2.1 9.901356e+03 9.916292e+03 9.902439e+03 9.887503e+03
3.1 9.917848e+03 9.926258e+03 9.908832e+03 9.900422e+03
4.1 9.864022e+03 9.917912e+03 9.905978e+03 9.852088e+03
5.1 9.926037e+03 9.927852e+03 9.900509e+03 9.898694e+03
6.1 9.910981e+03 9.925942e+03 9.896719e+03 9.881758e+03
7.1 9.907223e+03 9.911699e+03 9.894913e+03 9.890437e+03
8.1 9.922045e+03 9.902000e+03 9.894275e+03 9.914320e+03
9.1 9.967480e+03 9.890215e+03 9.894323e+03 9.971588e+03
10.1 9.899820e+03 9.880922e+03 9.894657e+03 9.913555e+03
11.1 9.780435e+03 9.865220e+03 9.895033e+03 9.810247e+03
12.1 9.869953e+03 9.881211e+03 9.895316e+03 9.884058e+03
13.1 9.779929e+03 9.882056e+03 9.895502e+03 9.793374e+03
14.1 9.834606e+03 9.882836e+03 9.895610e+03 9.847381e+03
15.1 9.924111e+03 9.889057e+03 9.895676e+03 9.930730e+03
16.1 9.898166e+03 9.883297e+03 9.895720e+03 9.910589e+03
17.1 9.858089e+03 9.890683e+03 9.895754e+03 9.863160e+03
0.3 9.871197e+03 9.888716e+03 9.894239e+03 9.876720e+03
1.3 9.862851e+03 9.905821e+03 9.895436e+03 9.852466e+03
2.3 9.901594e+03 9.895762e+03 9.902539e+03 9.908371e+03
3.3 9.848698e+03 9.888335e+03 9.905585e+03 9.865948e+03
4.3 9.847438e+03 9.914429e+03 9.901496e+03 9.834506e+03
5.3 9.954122e+03 9.925631e+03 9.896926e+03 9.925417e+03
6.3 9.936580e+03 9.923013e+03 9.897884e+03 9.911451e+03
7.3 9.918341e+03 9.895659e+03 9.905072e+03 9.927754e+03
8.3 9.913672e+03 9.891483e+03 9.905120e+03 9.927309e+03
9.3 9.873561e+03 9.879030e+03 9.899575e+03 9.894105e+03
10.3 9.900128e+03 9.883959e+03 9.894908e+03 9.911077e+03
11.3 9.891213e+03 9.887006e+03 9.892331e+03 9.896538e+03
0.7 9.954122e+03 9.925631e+03 9.896926e+03 9.925417e+03
1.7 9.936580e+03 9.923013e+03 9.897884e+03 9.911451e+03
2.7 9.918341e+03 9.895659e+03 9.905072e+03 9.927754e+03
3.7 9.913672e+03 9.891483e+03 9.905120e+03 9.927309e+03
4.7 9.873561e+03 9.879030e+03 9.899575e+03 9.894105e+03
5.7 9.900128e+03 9.883959e+03 9.894908e+03 9.911077e+03
6.7 9.891213e+03 9.887006e+03 9.892331e+03 9.896538e+03
