0.6 4.348447e+03 4.311886e+03 4.331328e+03 4.367889e+03
1.6 4.391397e+03 4.319330e+03 4.331035e+03 4.403101e+03
2.6 4.298976e+03 4.337209e+03 4.330599e+03 4.292366e+03
3.6 4.260291e+03 4.335951e+03 4.330719e+03 4.255059e+03
4.6 4.376459e+03 4.329331e+03 4.331030e+03 4.378158e+03
5.6 4.492089e+03 4.346895e+03 4.331239e+03 4.476433e+03
6.6 4.400318e+03 4.411031e+03 4.331344e+03 4.320631e+03
7.6 4.344351e+03 4.402394e+03 4.331384e+03 4.273341e+03
8.6 4.300803e+03 4.337867e+03 4.331384e+03 4.294321e+03
9.6 4.315143e+03 4.326087e+03 4.331367e+03 4.320423e+03
10.6 4.322033e+03 4.307171e+03 4.331348e+03 4.346210e+03
11.6 4.263004e+03 4.308517e+03 4.331332e+03 4.285820e+03
12.6 4.293368e+03 4.309473e+03 4.331322e+03 4.315217e+03
13.6 4.324234e+03 4.338360e+03 4.331316e+03 4.317191e+03
14.6 4.381075e+03 4.293130e+03 4.331313e+03 4.419258e+03
15.6 4.222318e+03 4.301455e+03 4.331311e+03 4.252174e+03
16.6 4.241047e+03 4.314466e+03 4.331309e+03 4.257890e+03
17.6 4.273723e+03 4.334259e+03 4.331308e+03 4.270771e+03
0.5 4.270667e+03 4.337910e+03 4.331312e+03 4.264069e+03
1.5 4.324828e+03 4.332459e+03 4.331047e+03 4.323415e+03
2.5 4.308948e+03 4.336274e+03 4.330598e+03 4.303272e+03
3.5 4.317931e+03 4.357096e+03 4.330686e+03 4.291521e+03
4.5 4.300219e+03 4.355695e+03 4.331000e+03 4.275524e+03
5.5 4.282949e+03 4.332748e+03 4.331220e+03 4.281421e+03
6.5 4.364655e+03 4.333799e+03 4.331335e+03 4.362191e+03
7.5 4.317894e+03 4.347357e+03 4.331380e+03 4.301916e+03
8.5 4.318253e+03 4.349239e+03 4.331384e+03 4.300398e+03
9.5 4.295202e+03 4.337671e+03 4.331370e+03 4.288901e+03
10.5 4.363727e+03 4.327388e+03 4.331353e+03 4.367692e+03
11.5 4.411929e+03 4.364425e+03 4.331339e+03 4.378843e+03
12.5 4.386565e+03 4.361788e+03 4.331331e+03 4.356108e+03
13.5 4.312196e+03 4.315254e+03 4.331327e+03 4.328269e+03
14.5 4.335963e+03 4.314932e+03 4.331325e+03 4.352356e+03
15.5 4.250312e+03 4.305793e+03 4.331325e+03 4.275843e+03
16.5 4.351787e+03 4.326265e+03 4.331326e+03 4.356847e+03
17.5 4.281519e+03 4.336376e+03 4.331326e+03 4.276469e+03
0.5 4.390131e+03 4.380840e+03 4.331336e+03 4.340627e+03
1.5 4.346432e+03 4.346012e+03 4.331083e+03 4.331504e+03
2.5 4.319879e+03 4.331923e+03 4.330620e+03 4.318576e+03
3.5 4.376020e+03 4.336931e+03 4.330707e+03 4.369797e+03
4.5 4.208656e+03 4.263523e+03 4.331013e+03 4.276146e+03
5.5 4.309149e+03 4.303766e+03 4.331240e+03 4.336623e+03
6.5 4.312258e+03 4.310294e+03 4.331352e+03 4.333317e+03
7.5 4.288688e+03 4.316022e+03 4.331397e+03 4.304062e+03
8.5 4.298417e+03 4.310499e+03 4.331401e+03 4.319319e+03
9.5 4.262477e+03 4.304154e+03 4.331386e+03 4.289709e+03
10.5 4.425880e+03 4.327004e+03 4.331367e+03 4.430243e+03
11.5 4.317803e+03 4.346666e+03 4.331352e+03 4.302488e+03
12.5 4.318798e+03 4.315917e+03 4.331341e+03 4.334223e+03
13.5 4.430162e+03 4.330480e+03 4.331084e+03 4.430766e+03
14.5 4.356722e+03 4.336678e+03 4.330622e+03 4.350666e+03
15.5 4.455991e+03 4.339340e+03 4.330704e+03 4.447354e+03
16.5 4.347812e+03 4.331199e+03 4.331008e+03 4.347622e+03
17.5 4.307049e+03 4.329122e+03 4.331234e+03 4.309161e+03
0.5 4.318798e+03 4.315917e+03 4.331341e+03 4.334223e+03
1.5 4.430162e+03 4.330480e+03 4.331084e+03 4.430766e+03
2.5 4.356722e+03 4.336678e+03 4.330622e+03 4.350666e+03
3.5 4.455991e+03 4.339340e+03 4.330704e+03 4.447354e+03
4.5 4.347812e+03 4.331199e+03 4.331008e+03 4.347622e+03
5.5 4.307049e+03 4.329122e+03 4.331234e+03 4.309161e+03
6.5 4.303484e+03 4.337377e+03 4.331346e+03 4.297453e+03
7.5 4.322917e+03 4.342605e+03 4.331390e+03 4.311701e+03
8.5 4.356144e+03 4.353574e+03 4.331393e+03 4.333963e+03
9.5 4.327684e+03 4.334763e+03 4.331378e+03 4.324299e+03
10.5 4.267093e+03 4.313084e+03 4.331358e+03 4.285367e+03
11.5 4.329362e+03 4.349841e+03 4.331343e+03 4.310864e+03
12.5 4.309884e+03 4.351706e+03 4.331333e+03 4.289511e+03
13.5 4.349543e+03 4.340144e+03 4.331327e+03 4.340726e+03
14.5 4.482276e+03 4.333811e+03 4.331324e+03 4.479789e+03
15.5 4.313546e+03 4.335711e+03 4.331322e+03 4.309158e+03
16.5 4.333413e+03 4.320179e+03 4.331321e+03 4.344555e+03
17.5 4.404700e+03 4.343571e+03 4.331320e+03 4.392449e+03
0.7 4.351833e+03 4.336024e+03 4.331343e+03 4.347151e+03
1.7 4.310003e+03 4.330550e+03 4.330989e+03 4.310443e+03
2.7 4.301582e+03 4.335837e+03 4.330618e+03 4.296362e+03
3.7 4.338472e+03 4.331649e+03 4.330791e+03 4.337614e+03
4.7 4.389133e+03 4.356688e+03 4.331096e+03 4.363541e+03
5.7 4.342332e+03 4.344719e+03 4.331302e+03 4.328915e+03
6.7 4.366318e+03 4.331265e+03 4.331403e+03 4.366456e+03
7.7 4.369391e+03 4.329034e+03 4.331442e+03 4.371799e+03
8.7 4.355147e+03 4.333856e+03 4.331445e+03 4.352736e+03
