0.8 1.561630e+03 1.564989e+03 1.542259e+03 1.538900e+03
1.8 1.498882e+03 1.526898e+03 1.536967e+03 1.508951e+03
2.8 1.573495e+03 1.531586e+03 1.526521e+03 1.568430e+03
3.8 1.449667e+03 1.524692e+03 1.526136e+03 1.451111e+03
4.8 1.517048e+03 1.530535e+03 1.533212e+03 1.519725e+03
5.8 1.535739e+03 1.546000e+03 1.539202e+03 1.528941e+03
6.8 1.555178e+03 1.529719e+03 1.542511e+03 1.567970e+03
7.8 1.491919e+03 1.537388e+03 1.543942e+03 1.498474e+03
8.8 1.593797e+03 1.527407e+03 1.544213e+03 1.610604e+03
9.8 1.486631e+03 1.525892e+03 1.543919e+03 1.504659e+03
10.8 1.506153e+03 1.543149e+03 1.543477e+03 1.506481e+03
11.8 1.463078e+03 1.494043e+03 1.543103e+03 1.512138e+03
12.8 1.503551e+03 1.518517e+03 1.542856e+03 1.527890e+03
13.8 1.566344e+03 1.549620e+03 1.542727e+03 1.559451e+03
14.8 1.552593e+03 1.527246e+03 1.542665e+03 1.568012e+03
15.8 1.539691e+03 1.540546e+03 1.542638e+03 1.541783e+03
16.8 1.525660e+03 1.549319e+03 1.542625e+03 1.518966e+03
17.8 1.548049e+03 1.546750e+03 1.542617e+03 1.543916e+03
18.8 1.581785e+03 1.536674e+03 1.542610e+03 1.587721e+03
0.7 1.521332e+03 1.582390e+03 1.542504e+03 1.481446e+03
1.7 1.605943e+03 1.553723e+03 1.538422e+03 1.590641e+03
2.7 1.489347e+03 1.507858e+03 1.527930e+03 1.509419e+03
3.7 1.524555e+03 1.519416e+03 1.525387e+03 1.530527e+03
4.7 1.554183e+03 1.526860e+03 1.531901e+03 1.559223e+03
5.7 1.492920e+03 1.527973e+03 1.538298e+03 1.503244e+03
6.7 1.486612e+03 1.524102e+03 1.542069e+03 1.504579e+03
7.7 1.506278e+03 1.550776e+03 1.543679e+03 1.499181e+03
8.7 1.558161e+03 1.574326e+03 1.544071e+03 1.527905e+03
9.7 1.494280e+03 1.544252e+03 1.543813e+03 1.493842e+03
10.7 1.518460e+03 1.539000e+03 1.543351e+03 1.522810e+03
11.7 1.488855e+03 1.541237e+03 1.542923e+03 1.490541e+03
12.7 1.591155e+03 1.593981e+03 1.542635e+03 1.539810e+03
13.7 1.567254e+03 1.548012e+03 1.542465e+03 1.561707e+03
14.7 1.561620e+03 1.542326e+03 1.542370e+03 1.561664e+03
15.7 1.539439e+03 1.529917e+03 1.542318e+03 1.551840e+03
16.7 1.549597e+03 1.529895e+03 1.542286e+03 1.561987e+03
17.7 1.530007e+03 1.533816e+03 1.542261e+03 1.538452e+03
18.7 1.489186e+03 1.529101e+03 1.542241e+03 1.502326e+03
0.4 1.485791e+03 1.508718e+03 1.542067e+03 1.519139e+03
1.4 1.595341e+03 1.575059e+03 1.539944e+03 1.560226e+03
2.4 1.546500e+03 1.543772e+03 1.530218e+03 1.532946e+03
3.4 1.548116e+03 1.528700e+03 1.524373e+03 1.543789e+03
4.4 1.541453e+03 1.532616e+03 1.529406e+03 1.538244e+03
5.4 1.519009e+03 1.533955e+03 1.536502e+03 1.521556e+03
6.4 1.559494e+03 1.529741e+03 1.540880e+03 1.570633e+03
7.4 1.529067e+03 1.525275e+03 1.542967e+03 1.546759e+03
8.4 1.612386e+03 1.539825e+03 1.543644e+03 1.616205e+03
9.4 1.588143e+03 1.539103e+03 1.543520e+03 1.592560e+03
10.4 1.500879e+03 1.508782e+03 1.543079e+03 1.535176e+03
11.4 1.561298e+03 1.529307e+03 1.542645e+03 1.574636e+03
12.4 1.562532e+03 1.528089e+03 1.542329e+03 1.576772e+03
13.4 1.612650e+03 1.577526e+03 1.542134e+03 1.577258e+03
14.4 1.583004e+03 1.564144e+03 1.542031e+03 1.560891e+03
15.4 1.578385e+03 1.578633e+03 1.541976e+03 1.541728e+03
16.4 1.571004e+03 1.561311e+03 1.541942e+03 1.551635e+03
17.4 1.507241e+03 1.538344e+03 1.541918e+03 1.510815e+03
18.4 1.526480e+03 1.526240e+03 1.541898e+03 1.542138e+03
