0.9 9.197598e+03 9.185917e+03 9.191127e+03 9.202807e+03
1.9 9.208646e+03 9.189240e+03 9.191244e+03 9.210651e+03
2.9 9.192466e+03 9.196120e+03 9.191440e+03 9.187786e+03
3.9 9.196684e+03 9.197262e+03 9.191428e+03 9.190850e+03
4.9 9.235395e+03 9.199543e+03 9.191292e+03 9.227144e+03
5.9 9.182311e+03 9.195046e+03 9.191179e+03 9.178443e+03
6.9 9.225025e+03 9.196151e+03 9.191119e+03 9.219994e+03
7.9 9.199448e+03 9.193203e+03 9.191095e+03 9.197340e+03
8.9 9.184748e+03 9.192645e+03 9.191091e+03 9.183194e+03
9.9 9.218373e+03 9.201474e+03 9.191098e+03 9.207997e+03
10.9 9.193816e+03 9.200109e+03 9.191107e+03 9.184815e+03
11.9 9.194163e+03 9.189389e+03 9.191114e+03 9.195889e+03
12.9 9.166143e+03 9.191528e+03 9.191119e+03 9.165734e+03
13.9 9.196014e+03 9.197563e+03 9.191122e+03 9.189573e+03
14.9 9.190502e+03 9.197493e+03 9.191123e+03 9.184132e+03
15.9 9.190479e+03 9.189341e+03 9.191124e+03 9.192262e+03
16.9 9.183149e+03 9.192738e+03 9.191125e+03 9.181536e+03
17.9 9.192229e+03 9.185423e+03 9.191125e+03 9.197931e+03
1.0 9.168181e+03 9.190842e+03 9.191136e+03 9.168475e+03
2.0 9.191574e+03 9.196360e+03 9.191263e+03 9.186477e+03
3.0 9.176497e+03 9.179012e+03 9.191373e+03 9.188858e+03
4.0 9.209397e+03 9.187807e+03 9.191314e+03 9.212905e+03
5.0 9.197285e+03 9.192604e+03 9.191216e+03 9.195897e+03
6.0 9.201903e+03 9.195917e+03 9.191150e+03 9.197137e+03
7.0 9.163784e+03 9.195784e+03 9.191118e+03 9.159119e+03
8.0 9.190810e+03 9.192883e+03 9.191107e+03 9.189033e+03
9.0 9.196771e+03 9.192244e+03 9.191108e+03 9.195635e+03
10.0 9.173311e+03 9.191642e+03 9.191113e+03 9.172782e+03
11.0 9.152684e+03 9.188523e+03 9.191120e+03 9.155280e+03
12.0 9.213119e+03 9.190695e+03 9.191124e+03 9.213548e+03
13.0 9.136464e+03 9.186775e+03 9.191127e+03 9.140816e+03
14.0 9.174775e+03 9.186732e+03 9.191128e+03 9.179172e+03
15.0 9.236140e+03 9.191825e+03 9.191129e+03 9.235443e+03
16.0 9.190669e+03 9.193802e+03 9.191129e+03 9.187996e+03
17.0 9.188932e+03 9.204316e+03 9.191129e+03 9.175745e+03
18.0 9.188987e+03 9.198639e+03 9.191129e+03 9.181478e+03
0.2 9.204712e+03 9.196848e+03 9.191129e+03 9.198993e+03
1.2 9.216946e+03 9.198877e+03 9.191153e+03 9.209223e+03
2.2 9.190931e+03 9.195692e+03 9.191291e+03 9.186530e+03
3.2 9.207889e+03 9.186813e+03 9.191343e+03 9.212418e+03
4.2 9.171859e+03 9.184091e+03 9.191266e+03 9.179035e+03
5.2 9.183504e+03 9.189074e+03 9.191183e+03 9.185613e+03
6.2 9.186812e+03 9.193529e+03 9.191136e+03 9.184418e+03
7.2 9.189838e+03 9.182277e+03 9.191115e+03 9.198675e+03
8.2 9.191854e+03 9.188436e+03 9.191108e+03 9.194527e+03
9.2 9.178084e+03 9.195465e+03 9.191110e+03 9.173730e+03
10.2 9.155861e+03 9.191353e+03 9.191115e+03 9.155623e+03
11.2 9.188919e+03 9.199757e+03 9.191120e+03 9.180282e+03
12.2 9.205855e+03 9.193422e+03 9.191123e+03 9.203556e+03
13.2 9.194269e+03 9.188562e+03 9.191125e+03 9.196831e+03
14.2 9.185878e+03 9.190647e+03 9.191125e+03 9.186356e+03
15.2 9.179950e+03 9.183733e+03 9.191125e+03 9.187342e+03
16.2 9.178096e+03 9.176379e+03 9.191125e+03 9.192842e+03
17.2 9.162481e+03 9.176617e+03 9.191125e+03 9.176989e+03
0.4 9.202236e+03 9.196666e+03 9.191119e+03 9.196689e+03
1.4 9.190699e+03 9.171290e+03 9.191160e+03 9.210569e+03
2.4 9.190324e+03 9.189916e+03 9.191308e+03 9.191717e+03
3.4 9.199065e+03 9.189214e+03 9.191335e+03 9.201186e+03
4.4 9.180861e+03 9.185635e+03 9.191247e+03 9.186473e+03
5.4 9.171929e+03 9.177446e+03 9.191164e+03 9.185647e+03
6.4 9.179134e+03 9.183296e+03 9.191123e+03 9.186960e+03
7.4 9.198906e+03 9.183511e+03 9.191206e+03 9.206601e+03
8.4 9.176844e+03 9.194048e+03 9.191370e+03 9.174166e+03
9.4 9.216864e+03 9.193299e+03 9.191349e+03 9.214915e+03
10.4 9.192246e+03 9.197481e+03 9.191234e+03 9.185999e+03
11.4 9.212018e+03 9.201151e+03 9.191149e+03 9.202016e+03
12.4 9.195705e+03 9.197946e+03 9.191105e+03 9.188863e+03
13.4 9.207189e+03 9.199201e+03 9.191087e+03 9.199075e+03
14.4 9.188551e+03 9.194296e+03 9.191085e+03 9.185340e+03
15.4 9.199098e+03 9.190133e+03 9.191091e+03 9.200056e+03
16.4 9.160249e+03 9.175846e+03 9.191098e+03 9.175501e+03
17.4 9.171539e+03 9.174539e+03 9.191103e+03 9.188103e+03
0.8 9.179134e+03 9.183296e+03 9.191123e+03 9.186960e+03
1.8 9.198906e+03 9.183511e+03 9.191206e+03 9.206601e+03
2.8 9.176844e+03 9.194048e+03 9.191370e+03 9.174166e+03
3.8 9.216864e+03 9.193299e+03 9.191349e+03 9.214915e+03
4.8 9.192246e+03 9.197481e+03 9.191234e+03 9.185999e+03
5.8 9.212018e+03 9.201151e+03 9.191149e+03 9.202016e+03
6.8 9.195705e+03 9.197946e+03 9.191105e+03 9.188863e+03
7.8 9.207189e+03 9.199201e+03 9.191087e+03 9.199075e+03
8.8 9.188551e+03 9.194296e+03 9.191085e+03 9.185340e+03
9.8 9.199098e+03 9.190133e+03 9.191091e+03 9.200056e+03
10.8 9.160249e+03 9.175846e+03 9.191098e+03 9.175501e+03
11.8 9.171539e+03 9.174539e+03 9.191103e+03 9.188103e+03
12.8 9.187412e+03 9.189775e+03 9.191107e+03 9.188744e+03
13.8 9.180439e+03 9.185101e+03 9.191108e+03 9.186447e+03
14.8 9.183553e+03 9.196204e+03 9.191109e+03 9.178458e+03
15.8 9.205465e+03 9.197610e+03 9.191109e+03 9.198963e+03
16.8 9.190748e+03 9.193175e+03 9.191109e+03 9.188682e+03
17.8 9.197749e+03 9.194301e+03 9.191109e+03 9.194557e+03
0.4 9.211388e+03 9.198317e+03 9.191108e+03 9.204179e+03
1.4 9.180715e+03 9.174900e+03 9.191153e+03 9.196968e+03
2.4 9.182316e+03 9.193631e+03 9.191332e+03 9.180018e+03
3.4 9.195192e+03 9.195706e+03 9.191386e+03 9.190872e+03
4.4 9.171518e+03 9.178881e+03 9.191285e+03 9.183922e+03
5.4 9.195460e+03 9.193417e+03 9.191183e+03 9.193226e+03
6.4 9.204280e+03 9.185603e+03 9.191227e+03 9.209905e+03
7.4 9.196480e+03 9.197931e+03 9.191341e+03 9.189891e+03
8.4 9.182902e+03 9.183511e+03 9.191296e+03 9.190687e+03
9.4 9.164791e+03 9.177246e+03 9.191194e+03 9.178739e+03
10.4 9.182714e+03 9.188707e+03 9.191125e+03 9.185132e+03
11.4 9.175996e+03 9.182715e+03 9.191093e+03 9.184374e+03
12.4 9.197736e+03 9.191315e+03 9.191083e+03 9.197504e+03
13.4 9.192134e+03 9.192745e+03 9.191085e+03 9.190473e+03
14.4 9.200502e+03 9.195634e+03 9.191092e+03 9.195960e+03
15.4 9.175644e+03 9.190117e+03 9.191099e+03 9.176626e+03
16.4 9.180184e+03 9.199978e+03 9.191105e+03 9.171311e+03
17.4 9.180734e+03 9.196029e+03 9.191109e+03 9.175814e+03
0.8 9.195460e+03 9.193417e+03 9.191183e+03 9.193226e+03
1.8 9.204280e+03 9.185603e+03 9.191227e+03 9.209905e+03
2.8 9.196480e+03 9.197931e+03 9.191341e+03 9.189891e+03
3.8 9.182902e+03 9.183511e+03 9.191296e+03 9.190687e+03
4.8 9.164791e+03 9.177246e+03 9.191194e+03 9.178739e+03
5.8 9.182714e+03 9.188707e+03 9.191125e+03 9.185132e+03
6.8 9.175996e+03 9.182715e+03 9.191093e+03 9.184374e+03
7.8 9.197736e+03 9.191315e+03 9.191083e+03 9.197504e+03
8.8 9.192134e+03 9.192745e+03 9.191085e+03 9.190473e+03
9.8 9.200502e+03 9.195634e+03 9.191092e+03 9.195960e+03
10.8 9.175644e+03 9.190117e+03 9.191099e+03 9.176626e+03
11.8 9.180184e+03 9.199978e+03 9.191105e+03 9.171311e+03
12.8 9.180734e+03 9.196029e+03 9.191109e+03 9.175814e+03
13.8 9.203265e+03 9.189566e+03 9.191126e+03 9.204825e+03
14.8 9.190936e+03 9.184073e+03 9.191263e+03 9.198126e+03
15.8 9.182140e+03 9.175808e+03 9.191353e+03 9.197685e+03
16.8 9.176943e+03 9.190482e+03 9.191284e+03 9.177746e+03
17.8 9.212289e+03 9.203136e+03 9.191188e+03 9.200341e+03
0.1 9.180734e+03 9.196029e+03 9.191109e+03 9.175814e+03
1.1 9.203265e+03 9.189566e+03 9.191126e+03 9.204825e+03
2.1 9.190936e+03 9.184073e+03 9.191263e+03 9.198126e+03
3.1 9.182140e+03 9.175808e+03 9.191353e+03 9.197685e+03
4.1 9.176943e+03 9.190482e+03 9.191284e+03 9.177746e+03
5.1 9.212289e+03 9.203136e+03 9.191188e+03 9.200341e+03
6.1 9.182734e+03 9.196312e+03 9.191130e+03 9.177553e+03
7.1 9.203490e+03 9.203854e+03 9.191103e+03 9.190739e+03
8.1 9.171137e+03 9.196617e+03 9.191095e+03 9.165614e+03
9.1 9.195965e+03 9.193738e+03 9.191097e+03 9.193324e+03
10.1 9.171150e+03 9.189749e+03 9.191103e+03 9.172505e+03
11.1 9.195494e+03 9.187520e+03 9.191110e+03 9.199084e+03
12.1 9.179156e+03 9.186673e+03 9.191114e+03 9.183598e+03
13.1 9.195070e+03 9.189545e+03 9.191131e+03 9.196656e+03
14.1 9.199890e+03 9.202222e+03 9.191276e+03 9.188944e+03
15.1 9.196583e+03 9.199064e+03 9.191415e+03 9.188934e+03
16.1 9.189108e+03 9.195931e+03 9.191353e+03 9.184531e+03
17.1 9.175566e+03 9.200526e+03 9.191234e+03 9.166275e+03
0.1 9.179156e+03 9.186673e+03 9.191114e+03 9.183598e+03
1.1 9.195070e+03 9.189545e+03 9.191131e+03 9.196656e+03
2.1 9.199890e+03 9.202222e+03 9.191276e+03 9.188944e+03
3.1 9.196583e+03 9.199064e+03 9.191415e+03 9.188934e+03
4.1 9.189108e+03 9.195931e+03 9.191353e+03 9.184531e+03
5.1 9.175566e+03 9.200526e+03 9.191234e+03 9.166275e+03
6.1 9.183609e+03 9.197297e+03 9.191152e+03 9.177464e+03
7.1 9.221812e+03 9.198158e+03 9.191113e+03 9.214767e+03
8.1 9.222152e+03 9.200536e+03 9.191099e+03 9.212716e+03
9.1 9.188968e+03 9.194628e+03 9.191100e+03 9.185440e+03
10.1 9.195222e+03 9.177035e+03 9.191107e+03 9.209294e+03
11.1 9.149995e+03 9.164281e+03 9.191115e+03 9.176829e+03
12.1 9.179133e+03 9.179809e+03 9.191122e+03 9.190445e+03
13.1 9.162702e+03 9.182559e+03 9.191126e+03 9.171269e+03
14.1 9.197542e+03 9.193210e+03 9.191128e+03 9.195460e+03
15.1 9.184356e+03 9.199869e+03 9.191129e+03 9.175617e+03
16.1 9.191088e+03 9.181602e+03 9.191130e+03 9.200616e+03
17.1 9.165133e+03 9.192273e+03 9.191131e+03 9.163991e+03
0.3 9.199081e+03 9.192420e+03 9.191098e+03 9.197759e+03
1.3 9.203781e+03 9.192502e+03 9.191124e+03 9.202404e+03
2.3 9.193309e+03 9.192428e+03 9.191278e+03 9.192159e+03
3.3 9.164292e+03 9.190819e+03 9.191344e+03 9.164817e+03
4.3 9.156971e+03 9.196437e+03 9.191256e+03 9.151790e+03
5.3 9.199583e+03 9.196630e+03 9.191157e+03 9.194110e+03
6.3 9.209600e+03 9.198726e+03 9.191177e+03 9.202051e+03
7.3 9.201470e+03 9.191180e+03 9.191333e+03 9.201623e+03
8.3 9.176434e+03 9.190346e+03 9.191334e+03 9.177421e+03
9.3 9.197842e+03 9.186203e+03 9.191214e+03 9.202853e+03
10.3 9.180442e+03 9.182171e+03 9.191113e+03 9.189384e+03
11.3 9.171579e+03 9.174146e+03 9.191057e+03 9.188490e+03
0.7 9.199583e+03 9.196630e+03 9.191157e+03 9.194110e+03
1.7 9.209600e+03 9.198726e+03 9.191177e+03 9.202051e+03
2.7 9.201470e+03 9.191180e+03 9.191333e+03 9.201623e+03
3.7 9.176434e+03 9.190346e+03 9.191334e+03 9.177421e+03
4.7 9.197842e+03 9.186203e+03 9.191214e+03 9.202853e+03
5.7 9.180442e+03 9.182171e+03 9.191113e+03 9.189384e+03
6.7 9.171579e+03 9.174146e+03 9.191057e+03 9.188490e+03
