0.4 1.053502e+04 1.054532e+04 1.055111e+04 1.054081e+04
1.4 1.057603e+04 1.055179e+04 1.055355e+04 1.057779e+04
2.4 1.059152e+04 1.056021e+04 1.055903e+04 1.059033e+04
3.4 1.056119e+04 1.056025e+04 1.055859e+04 1.055953e+04
4.4 1.056633e+04 1.055030e+04 1.055506e+04 1.057108e+04
5.4 1.053295e+04 1.054977e+04 1.055252e+04 1.053570e+04
6.4 1.054131e+04 1.055008e+04 1.055535e+04 1.054659e+04
7.4 1.054989e+04 1.055727e+04 1.055893e+04 1.055155e+04
8.4 1.053571e+04 1.055881e+04 1.055691e+04 1.053382e+04
9.4 1.053585e+04 1.055718e+04 1.055358e+04 1.053225e+04
10.4 1.059819e+04 1.055311e+04 1.055158e+04 1.059666e+04
11.4 1.053975e+04 1.055343e+04 1.055065e+04 1.053697e+04
12.4 1.052035e+04 1.055685e+04 1.055039e+04 1.051389e+04
13.4 1.059542e+04 1.056588e+04 1.055048e+04 1.058002e+04
14.4 1.055256e+04 1.055821e+04 1.055071e+04 1.054506e+04
15.4 1.055093e+04 1.054008e+04 1.055094e+04 1.056180e+04
16.4 1.056809e+04 1.054753e+04 1.055112e+04 1.057168e+04
17.4 1.054050e+04 1.055074e+04 1.055123e+04 1.054099e+04
0.7 1.053295e+04 1.054977e+04 1.055252e+04 1.053570e+04
1.7 1.054131e+04 1.055008e+04 1.055535e+04 1.054659e+04
2.7 1.054989e+04 1.055727e+04 1.055893e+04 1.055155e+04
3.7 1.053571e+04 1.055881e+04 1.055691e+04 1.053382e+04
4.7 1.053585e+04 1.055718e+04 1.055358e+04 1.053225e+04
5.7 1.059819e+04 1.055311e+04 1.055158e+04 1.059666e+04
6.7 1.053975e+04 1.055343e+04 1.055065e+04 1.053697e+04
7.7 1.052035e+04 1.055685e+04 1.055039e+04 1.051389e+04
8.7 1.059542e+04 1.056588e+04 1.055048e+04 1.058002e+04
9.7 1.055256e+04 1.055821e+04 1.055071e+04 1.054506e+04
10.7 1.055093e+04 1.054008e+04 1.055094e+04 1.056180e+04
11.7 1.056809e+04 1.054753e+04 1.055112e+04 1.057168e+04
12.7 1.054050e+04 1.055074e+04 1.055123e+04 1.054099e+04
13.7 1.049900e+04 1.055011e+04 1.055129e+04 1.050018e+04
14.7 1.054227e+04 1.055091e+04 1.055134e+04 1.054270e+04
15.7 1.052952e+04 1.055291e+04 1.055136e+04 1.052798e+04
16.7 1.054567e+04 1.055213e+04 1.055139e+04 1.054493e+04
17.7 1.055058e+04 1.055247e+04 1.055141e+04 1.054952e+04
0.1 1.056787e+04 1.054796e+04 1.055155e+04 1.057145e+04
1.1 1.058086e+04 1.054971e+04 1.055244e+04 1.058359e+04
2.1 1.058565e+04 1.055917e+04 1.055811e+04 1.058459e+04
3.1 1.052867e+04 1.056004e+04 1.055971e+04 1.052835e+04
4.1 1.058764e+04 1.055725e+04 1.055657e+04 1.058696e+04
5.1 1.053965e+04 1.054950e+04 1.055350e+04 1.054366e+04
6.1 1.054047e+04 1.054227e+04 1.055172e+04 1.054991e+04
7.1 1.055374e+04 1.055023e+04 1.055094e+04 1.055445e+04
8.1 1.055455e+04 1.055810e+04 1.055073e+04 1.054718e+04
9.1 1.057629e+04 1.057120e+04 1.055082e+04 1.055591e+04
10.1 1.054067e+04 1.055651e+04 1.055102e+04 1.053517e+04
11.1 1.054038e+04 1.053446e+04 1.055121e+04 1.055712e+04
12.1 1.054924e+04 1.053820e+04 1.055132e+04 1.056237e+04
13.1 1.054343e+04 1.054603e+04 1.055139e+04 1.054879e+04
14.1 1.055386e+04 1.055196e+04 1.055141e+04 1.055332e+04
15.1 1.055293e+04 1.055526e+04 1.055142e+04 1.054909e+04
16.1 1.055842e+04 1.055442e+04 1.055142e+04 1.055543e+04
17.1 1.053867e+04 1.055117e+04 1.055142e+04 1.053891e+04
0.4 1.055614e+04 1.055054e+04 1.055130e+04 1.055690e+04
1.4 1.048994e+04 1.055488e+04 1.055374e+04 1.048880e+04
2.4 1.056978e+04 1.055665e+04 1.055920e+04 1.057233e+04
3.4 1.053560e+04 1.055863e+04 1.055868e+04 1.053565e+04
4.4 1.059175e+04 1.055549e+04 1.055522e+04 1.059147e+04
5.4 1.057671e+04 1.054771e+04 1.055253e+04 1.058153e+04
6.4 1.054290e+04 1.054472e+04 1.055117e+04 1.054935e+04
7.4 1.062194e+04 1.055030e+04 1.055061e+04 1.062226e+04
8.4 1.055447e+04 1.055454e+04 1.055053e+04 1.055046e+04
9.4 1.058620e+04 1.055704e+04 1.055069e+04 1.057985e+04
10.4 1.057484e+04 1.055277e+04 1.055091e+04 1.057297e+04
11.4 1.057998e+04 1.055285e+04 1.055107e+04 1.057821e+04
12.4 1.052564e+04 1.055066e+04 1.055118e+04 1.052616e+04
13.4 1.051559e+04 1.054810e+04 1.055124e+04 1.051873e+04
14.4 1.057347e+04 1.055011e+04 1.055127e+04 1.057463e+04
15.4 1.058089e+04 1.055079e+04 1.055129e+04 1.058139e+04
16.4 1.056036e+04 1.055399e+04 1.055130e+04 1.055767e+04
17.4 1.050893e+04 1.055562e+04 1.055131e+04 1.050462e+04
0.1 1.052700e+04 1.054284e+04 1.055132e+04 1.053549e+04
1.1 1.058376e+04 1.055143e+04 1.055224e+04 1.058456e+04
2.1 1.054700e+04 1.056227e+04 1.055792e+04 1.054266e+04
3.1 1.055531e+04 1.055961e+04 1.055959e+04 1.055529e+04
4.1 1.055580e+04 1.055873e+04 1.055643e+04 1.055350e+04
5.1 1.058931e+04 1.055123e+04 1.055338e+04 1.059146e+04
6.1 1.056431e+04 1.054663e+04 1.055162e+04 1.056929e+04
7.1 1.054083e+04 1.055309e+04 1.055086e+04 1.053860e+04
8.1 1.059528e+04 1.058505e+04 1.055067e+04 1.056090e+04
9.1 1.057981e+04 1.056843e+04 1.055080e+04 1.056217e+04
10.1 1.056686e+04 1.055318e+04 1.055102e+04 1.056470e+04
11.1 1.054208e+04 1.052905e+04 1.055123e+04 1.056427e+04
12.1 1.051695e+04 1.054507e+04 1.055138e+04 1.052326e+04
13.1 1.053582e+04 1.054749e+04 1.055147e+04 1.053981e+04
14.1 1.054175e+04 1.054914e+04 1.055153e+04 1.054413e+04
15.1 1.054306e+04 1.054801e+04 1.055157e+04 1.054662e+04
16.1 1.052860e+04 1.054784e+04 1.055160e+04 1.053237e+04
17.1 1.053849e+04 1.055058e+04 1.055163e+04 1.053954e+04
