0.9 9.372140e+03 9.365203e+03 9.366047e+03 9.372984e+03
1.9 9.378790e+03 9.368593e+03 9.366782e+03 9.376979e+03
2.9 9.355677e+03 9.382726e+03 9.368018e+03 9.340969e+03
3.9 9.368536e+03 9.384264e+03 9.367942e+03 9.352215e+03
4.9 9.354036e+03 9.379570e+03 9.367088e+03 9.341554e+03
5.9 9.365355e+03 9.362800e+03 9.366373e+03 9.368928e+03
6.9 9.346683e+03 9.367323e+03 9.366000e+03 9.345360e+03
7.9 9.374429e+03 9.368451e+03 9.365846e+03 9.371824e+03
8.9 9.383638e+03 9.368795e+03 9.365824e+03 9.380667e+03
9.9 9.428796e+03 9.380666e+03 9.365865e+03 9.413995e+03
10.9 9.372750e+03 9.380732e+03 9.365923e+03 9.357941e+03
11.9 9.377412e+03 9.368011e+03 9.365969e+03 9.375370e+03
12.9 9.378136e+03 9.368740e+03 9.366000e+03 9.375396e+03
13.9 9.354861e+03 9.369373e+03 9.366017e+03 9.351506e+03
14.9 9.362823e+03 9.369356e+03 9.366027e+03 9.359493e+03
15.9 9.383691e+03 9.367658e+03 9.366031e+03 9.382065e+03
16.9 9.373456e+03 9.370167e+03 9.366034e+03 9.369324e+03
17.9 9.379652e+03 9.366811e+03 9.366037e+03 9.378878e+03
1.0 9.367300e+03 9.382239e+03 9.366104e+03 9.351165e+03
2.0 9.395427e+03 9.385954e+03 9.366901e+03 9.376373e+03
3.0 9.343435e+03 9.350650e+03 9.367597e+03 9.360382e+03
4.0 9.368295e+03 9.365055e+03 9.367226e+03 9.370466e+03
5.0 9.367562e+03 9.370837e+03 9.366605e+03 9.363330e+03
6.0 9.355149e+03 9.371638e+03 9.366196e+03 9.349707e+03
7.0 9.352467e+03 9.370415e+03 9.365992e+03 9.348043e+03
8.0 9.360651e+03 9.364942e+03 9.365923e+03 9.361633e+03
9.0 9.342336e+03 9.355791e+03 9.365928e+03 9.352473e+03
10.0 9.351705e+03 9.355874e+03 9.365964e+03 9.361795e+03
11.0 9.344284e+03 9.358478e+03 9.366002e+03 9.351808e+03
12.0 9.356902e+03 9.353952e+03 9.366031e+03 9.368981e+03
13.0 9.369296e+03 9.359155e+03 9.366048e+03 9.376189e+03
14.0 9.362532e+03 9.366854e+03 9.366057e+03 9.361735e+03
15.0 9.376268e+03 9.370575e+03 9.366061e+03 9.371754e+03
16.0 9.380134e+03 9.361766e+03 9.366063e+03 9.384431e+03
17.0 9.363505e+03 9.358478e+03 9.366064e+03 9.371091e+03
18.0 9.393025e+03 9.372340e+03 9.366064e+03 9.386749e+03
0.2 9.350487e+03 9.365474e+03 9.366063e+03 9.351076e+03
1.2 9.380011e+03 9.375424e+03 9.366214e+03 9.370801e+03
2.2 9.392689e+03 9.375158e+03 9.367081e+03 9.384613e+03
3.2 9.383742e+03 9.366573e+03 9.367404e+03 9.384574e+03
4.2 9.361983e+03 9.366599e+03 9.366924e+03 9.362308e+03
5.2 9.381948e+03 9.371342e+03 9.366403e+03 9.377009e+03
6.2 9.376527e+03 9.369499e+03 9.366106e+03 9.373135e+03
7.2 9.329884e+03 9.361766e+03 9.365970e+03 9.334087e+03
8.2 9.356944e+03 9.360377e+03 9.365930e+03 9.362498e+03
9.2 9.351812e+03 9.364998e+03 9.365944e+03 9.352757e+03
10.2 9.378095e+03 9.363577e+03 9.365976e+03 9.380494e+03
11.2 9.368596e+03 9.356073e+03 9.366005e+03 9.378528e+03
12.2 9.359842e+03 9.357841e+03 9.366024e+03 9.368025e+03
13.2 9.362996e+03 9.357617e+03 9.366034e+03 9.371413e+03
14.2 9.368906e+03 9.358769e+03 9.366038e+03 9.376176e+03
15.2 9.341535e+03 9.360204e+03 9.366038e+03 9.347370e+03
16.2 9.375273e+03 9.359466e+03 9.366037e+03 9.381844e+03
17.2 9.345431e+03 9.366316e+03 9.366034e+03 9.345149e+03
0.4 9.389691e+03 9.354774e+03 9.365996e+03 9.400914e+03
1.4 9.383059e+03 9.364429e+03 9.366253e+03 9.384883e+03
2.4 9.365773e+03 9.363865e+03 9.367187e+03 9.369096e+03
3.4 9.328526e+03 9.363098e+03 9.367356e+03 9.332785e+03
4.4 9.381168e+03 9.371358e+03 9.366804e+03 9.376615e+03
5.4 9.353509e+03 9.367046e+03 9.366284e+03 9.352747e+03
6.4 9.362454e+03 9.368974e+03 9.366024e+03 9.359504e+03
7.4 9.369550e+03 9.366380e+03 9.366547e+03 9.369717e+03
8.4 9.365667e+03 9.374323e+03 9.367578e+03 9.358922e+03
9.4 9.356474e+03 9.371178e+03 9.367446e+03 9.352742e+03
10.4 9.344518e+03 9.372423e+03 9.366723e+03 9.338817e+03
11.4 9.342249e+03 9.368774e+03 9.366187e+03 9.339661e+03
12.4 9.368938e+03 9.361525e+03 9.365908e+03 9.373320e+03
13.4 9.339851e+03 9.364770e+03 9.365796e+03 9.340877e+03
14.4 9.364845e+03 9.361407e+03 9.365785e+03 9.369223e+03
15.4 9.377973e+03 9.359524e+03 9.365821e+03 9.384270e+03
16.4 9.336877e+03 9.355487e+03 9.365865e+03 9.347255e+03
17.4 9.369627e+03 9.360930e+03 9.365900e+03 9.374597e+03
0.8 9.362454e+03 9.368974e+03 9.366024e+03 9.359504e+03
1.8 9.369550e+03 9.366380e+03 9.366547e+03 9.369717e+03
2.8 9.365667e+03 9.374323e+03 9.367578e+03 9.358922e+03
3.8 9.356474e+03 9.371178e+03 9.367446e+03 9.352742e+03
4.8 9.344518e+03 9.372423e+03 9.366723e+03 9.338817e+03
5.8 9.342249e+03 9.368774e+03 9.366187e+03 9.339661e+03
6.8 9.368938e+03 9.361525e+03 9.365908e+03 9.373320e+03
7.8 9.339851e+03 9.364770e+03 9.365796e+03 9.340877e+03
8.8 9.364845e+03 9.361407e+03 9.365785e+03 9.369223e+03
9.8 9.377973e+03 9.359524e+03 9.365821e+03 9.384270e+03
10.8 9.336877e+03 9.355487e+03 9.365865e+03 9.347255e+03
11.8 9.369627e+03 9.360930e+03 9.365900e+03 9.374597e+03
12.8 9.391054e+03 9.379882e+03 9.365921e+03 9.377093e+03
13.8 9.364780e+03 9.366365e+03 9.365931e+03 9.364347e+03
14.8 9.371753e+03 9.376618e+03 9.365935e+03 9.361070e+03
15.8 9.342377e+03 9.373218e+03 9.365936e+03 9.335094e+03
16.8 9.357779e+03 9.361533e+03 9.365935e+03 9.362182e+03
17.8 9.360480e+03 9.356300e+03 9.365934e+03 9.370114e+03
0.4 9.322317e+03 9.350122e+03 9.365930e+03 9.338126e+03
1.4 9.349183e+03 9.362977e+03 9.366210e+03 9.352415e+03
2.4 9.322539e+03 9.349991e+03 9.367339e+03 9.339887e+03
3.4 9.386443e+03 9.389362e+03 9.367676e+03 9.364758e+03
4.4 9.333770e+03 9.362505e+03 9.367045e+03 9.338310e+03
5.4 9.391056e+03 9.379956e+03 9.366399e+03 9.377499e+03
6.4 9.385527e+03 9.371093e+03 9.366680e+03 9.381114e+03
7.4 9.388954e+03 9.382082e+03 9.367396e+03 9.374268e+03
8.4 9.369541e+03 9.360619e+03 9.367111e+03 9.376033e+03
9.4 9.401126e+03 9.358801e+03 9.366472e+03 9.408797e+03
10.4 9.360721e+03 9.372398e+03 9.366034e+03 9.354356e+03
11.4 9.364947e+03 9.366699e+03 9.365836e+03 9.364084e+03
12.4 9.366501e+03 9.370356e+03 9.365773e+03 9.361918e+03
13.4 9.383279e+03 9.371020e+03 9.365785e+03 9.378045e+03
14.4 9.365905e+03 9.372699e+03 9.365828e+03 9.359034e+03
15.4 9.366599e+03 9.366820e+03 9.365875e+03 9.365654e+03
16.4 9.365323e+03 9.371139e+03 9.365910e+03 9.360094e+03
17.4 9.391376e+03 9.371971e+03 9.365933e+03 9.385338e+03
0.8 9.391056e+03 9.379956e+03 9.366399e+03 9.377499e+03
1.8 9.385527e+03 9.371093e+03 9.366680e+03 9.381114e+03
2.8 9.388954e+03 9.382082e+03 9.367396e+03 9.374268e+03
3.8 9.369541e+03 9.360619e+03 9.367111e+03 9.376033e+03
4.8 9.401126e+03 9.358801e+03 9.366472e+03 9.408797e+03
5.8 9.360721e+03 9.372398e+03 9.366034e+03 9.354356e+03
6.8 9.364947e+03 9.366699e+03 9.365836e+03 9.364084e+03
7.8 9.366501e+03 9.370356e+03 9.365773e+03 9.361918e+03
8.8 9.383279e+03 9.371020e+03 9.365785e+03 9.378045e+03
9.8 9.365905e+03 9.372699e+03 9.365828e+03 9.359034e+03
10.8 9.366599e+03 9.366820e+03 9.365875e+03 9.365654e+03
11.8 9.365323e+03 9.371139e+03 9.365910e+03 9.360094e+03
12.8 9.391376e+03 9.371971e+03 9.365933e+03 9.385338e+03
13.8 9.368024e+03 9.370826e+03 9.366042e+03 9.363240e+03
14.8 9.362011e+03 9.361134e+03 9.366904e+03 9.367781e+03
15.8 9.366348e+03 9.345461e+03 9.367472e+03 9.388358e+03
16.8 9.361497e+03 9.364830e+03 9.367037e+03 9.363704e+03
17.8 9.371810e+03 9.378672e+03 9.366434e+03 9.359572e+03
0.1 9.391376e+03 9.371971e+03 9.365933e+03 9.385338e+03
1.1 9.368024e+03 9.370826e+03 9.366042e+03 9.363240e+03
2.1 9.362011e+03 9.361134e+03 9.366904e+03 9.367781e+03
3.1 9.366348e+03 9.345461e+03 9.367472e+03 9.388358e+03
4.1 9.361497e+03 9.364830e+03 9.367037e+03 9.363704e+03
5.1 9.371810e+03 9.378672e+03 9.366434e+03 9.359572e+03
6.1 9.361265e+03 9.364254e+03 9.366070e+03 9.363080e+03
7.1 9.385029e+03 9.390126e+03 9.365898e+03 9.360801e+03
8.1 9.350747e+03 9.349544e+03 9.365844e+03 9.367047e+03
9.1 9.349180e+03 9.354008e+03 9.365858e+03 9.361029e+03
10.1 9.324298e+03 9.358762e+03 9.365898e+03 9.331434e+03
11.1 9.341884e+03 9.364359e+03 9.365939e+03 9.343464e+03
12.1 9.362099e+03 9.368257e+03 9.365969e+03 9.359810e+03
13.1 9.363316e+03 9.369933e+03 9.366075e+03 9.359459e+03
14.1 9.405794e+03 9.382074e+03 9.366986e+03 9.390706e+03
15.1 9.403867e+03 9.383307e+03 9.367859e+03 9.388419e+03
16.1 9.376537e+03 9.373728e+03 9.367469e+03 9.370279e+03
17.1 9.402748e+03 9.374164e+03 9.366723e+03 9.395307e+03
0.1 9.362099e+03 9.368257e+03 9.365969e+03 9.359810e+03
1.1 9.363316e+03 9.369933e+03 9.366075e+03 9.359459e+03
2.1 9.405794e+03 9.382074e+03 9.366986e+03 9.390706e+03
3.1 9.403867e+03 9.383307e+03 9.367859e+03 9.388419e+03
4.1 9.376537e+03 9.373728e+03 9.367469e+03 9.370279e+03
5.1 9.402748e+03 9.374164e+03 9.366723e+03 9.395307e+03
6.1 9.379753e+03 9.361064e+03 9.366206e+03 9.384895e+03
7.1 9.351370e+03 9.357379e+03 9.365960e+03 9.359951e+03
8.1 9.351480e+03 9.354758e+03 9.365873e+03 9.362595e+03
9.1 9.362232e+03 9.361765e+03 9.365879e+03 9.366347e+03
10.1 9.368736e+03 9.360864e+03 9.365925e+03 9.373798e+03
11.1 9.351658e+03 9.346935e+03 9.365976e+03 9.370699e+03
12.1 9.358639e+03 9.365437e+03 9.366015e+03 9.359216e+03
13.1 9.335950e+03 9.364045e+03 9.366040e+03 9.337945e+03
14.1 9.370697e+03 9.371215e+03 9.366055e+03 9.365537e+03
15.1 9.368354e+03 9.363806e+03 9.366064e+03 9.370611e+03
16.1 9.360749e+03 9.357126e+03 9.366070e+03 9.369693e+03
17.1 9.370753e+03 9.358089e+03 9.366074e+03 9.378738e+03
0.3 9.346658e+03 9.353857e+03 9.365868e+03 9.358669e+03
1.3 9.324227e+03 9.350172e+03 9.366031e+03 9.340086e+03
2.3 9.379300e+03 9.362432e+03 9.367000e+03 9.383868e+03
3.3 9.359900e+03 9.367065e+03 9.367416e+03 9.360251e+03
4.3 9.378381e+03 9.372535e+03 9.366858e+03 9.372704e+03
5.3 9.382898e+03 9.365547e+03 9.366234e+03 9.383585e+03
6.3 9.372295e+03 9.374292e+03 9.366365e+03 9.364368e+03
7.3 9.377524e+03 9.365436e+03 9.367346e+03 9.379434e+03
8.3 9.398112e+03 9.367345e+03 9.367352e+03 9.398120e+03
9.3 9.361993e+03 9.363141e+03 9.366596e+03 9.365448e+03
10.3 9.345839e+03 9.364898e+03 9.365959e+03 9.346900e+03
11.3 9.361420e+03 9.362580e+03 9.365607e+03 9.364447e+03
0.7 9.382898e+03 9.365547e+03 9.366234e+03 9.383585e+03
1.7 9.372295e+03 9.374292e+03 9.366365e+03 9.364368e+03
2.7 9.377524e+03 9.365436e+03 9.367346e+03 9.379434e+03
3.7 9.398112e+03 9.367345e+03 9.367352e+03 9.398120e+03
4.7 9.361993e+03 9.363141e+03 9.366596e+03 9.365448e+03
5.7 9.345839e+03 9.364898e+03 9.365959e+03 9.346900e+03
6.7 9.361420e+03 9.362580e+03 9.365607e+03 9.364447e+03
