0.8 9.937907e+03 9.991682e+03 1.000048e+04 9.946708e+03
1.8 9.958219e+03 9.962950e+03 9.982239e+03 9.977508e+03
2.8 9.969035e+03 9.959760e+03 9.970528e+03 9.979803e+03
3.8 9.959580e+03 9.943842e+03 9.979774e+03 9.995512e+03
4.8 9.976864e+03 9.963688e+03 9.991647e+03 1.000482e+04
5.8 1.001024e+04 9.973444e+03 9.999023e+03 1.003582e+04
6.8 1.002276e+04 1.000025e+04 1.000233e+04 1.002483e+04
7.8 1.002892e+04 1.002049e+04 1.000331e+04 1.001174e+04
8.8 1.000819e+04 1.002367e+04 1.000297e+04 9.987495e+03
9.8 1.003711e+04 1.005255e+04 1.000212e+04 9.986687e+03
10.8 1.004566e+04 1.004323e+04 1.000126e+04 1.000370e+04
11.8 1.003905e+04 1.001175e+04 1.000064e+04 1.002793e+04
12.8 1.001051e+04 1.000008e+04 1.000022e+04 1.001065e+04
13.8 1.011872e+04 1.000967e+04 9.999959e+03 1.010902e+04
14.8 1.006836e+04 1.002917e+04 9.999785e+03 1.003897e+04
15.8 1.002983e+04 1.002281e+04 9.999652e+03 1.000668e+04
16.8 1.001654e+04 1.000121e+04 9.999540e+03 1.001486e+04
17.8 9.978112e+03 9.997008e+03 9.999439e+03 9.980543e+03
0.1 1.001295e+04 1.001269e+04 9.998846e+03 9.999102e+03
1.1 1.002865e+04 1.001051e+04 9.994887e+03 1.001303e+04
2.1 9.969334e+03 9.946594e+03 9.973999e+03 9.996739e+03
3.1 9.952055e+03 9.956609e+03 9.969393e+03 9.964839e+03
4.1 9.927227e+03 9.913275e+03 9.981104e+03 9.995056e+03
5.1 9.941687e+03 9.973614e+03 9.992243e+03 9.960316e+03
6.1 1.000772e+04 9.992154e+03 9.998291e+03 1.001385e+04
7.1 1.001618e+04 9.992140e+03 1.000097e+04 1.002501e+04
8.1 9.981051e+03 9.993088e+03 1.000163e+04 9.989596e+03
9.1 9.928581e+03 9.970075e+03 1.000121e+04 9.959719e+03
10.1 9.939404e+03 9.978735e+03 1.000044e+04 9.961105e+03
11.1 1.002720e+04 1.002485e+04 9.999764e+03 1.000211e+04
12.1 1.002499e+04 9.996436e+03 9.999314e+03 1.002786e+04
13.1 1.003602e+04 1.000832e+04 9.999056e+03 1.002675e+04
14.1 1.001208e+04 1.000823e+04 9.998932e+03 1.000279e+04
15.1 1.003811e+04 1.002404e+04 9.998874e+03 1.001294e+04
16.1 1.001354e+04 9.973887e+03 9.998848e+03 1.003851e+04
17.1 1.001537e+04 9.972455e+03 9.998834e+03 1.004175e+04
1.0 1.000458e+04 1.002962e+04 9.999712e+03 9.974674e+03
2.0 1.000233e+04 1.002427e+04 9.979786e+03 9.957847e+03
3.0 1.005540e+04 1.002414e+04 9.971364e+03 1.000263e+04
4.0 1.000156e+04 9.989949e+03 9.982217e+03 9.993824e+03
5.0 9.981346e+03 9.981792e+03 9.993889e+03 9.993443e+03
6.0 1.001186e+04 1.000990e+04 1.000081e+04 1.000277e+04
7.0 1.001951e+04 1.001593e+04 1.000411e+04 1.000769e+04
8.0 1.001105e+04 1.002532e+04 1.000511e+04 9.990834e+03
9.0 1.001548e+04 1.000902e+04 1.000406e+04 1.001052e+04
10.0 1.001711e+04 1.001120e+04 9.986180e+03 9.992097e+03
11.0 1.002740e+04 1.000185e+04 9.972799e+03 9.998353e+03
12.0 1.003146e+04 1.000471e+04 9.981212e+03 1.000795e+04
13.0 1.002920e+04 9.975951e+03 9.993202e+03 1.004645e+04
14.0 1.007253e+04 1.001673e+04 1.000091e+04 1.005671e+04
15.0 1.003616e+04 1.000663e+04 1.000453e+04 1.003406e+04
16.0 1.002491e+04 9.994294e+03 1.000579e+04 1.003640e+04
17.0 9.996377e+03 1.000048e+04 1.000569e+04 1.000159e+04
18.0 1.006399e+04 1.000996e+04 1.000505e+04 1.005908e+04
0.8 1.001548e+04 1.000902e+04 1.000406e+04 1.001052e+04
1.8 1.001711e+04 1.001120e+04 9.986180e+03 9.992097e+03
2.8 1.002740e+04 1.000185e+04 9.972799e+03 9.998353e+03
3.8 1.003146e+04 1.000471e+04 9.981212e+03 1.000795e+04
4.8 1.002920e+04 9.975951e+03 9.993202e+03 1.004645e+04
5.8 1.007253e+04 1.001673e+04 1.000091e+04 1.005671e+04
6.8 1.003616e+04 1.000663e+04 1.000453e+04 1.003406e+04
7.8 1.002491e+04 9.994294e+03 1.000579e+04 1.003640e+04
8.8 9.996377e+03 1.000048e+04 1.000569e+04 1.000159e+04
9.8 1.006399e+04 1.000996e+04 1.000505e+04 1.005908e+04
10.8 1.002402e+04 1.000435e+04 1.000437e+04 1.002405e+04
11.8 1.001887e+04 1.002351e+04 1.000390e+04 9.999270e+03
12.8 1.004688e+04 1.006438e+04 1.000365e+04 9.986150e+03
13.8 1.001676e+04 1.002507e+04 1.000354e+04 9.995231e+03
14.8 1.003234e+04 1.001172e+04 1.000351e+04 1.002413e+04
15.8 9.961184e+03 9.967406e+03 1.000351e+04 9.997292e+03
16.8 9.978024e+03 9.995225e+03 1.000161e+04 9.984412e+03
17.8 9.955731e+03 9.968658e+03 9.982120e+03 9.969192e+03
1.0 9.978024e+03 9.995225e+03 1.000161e+04 9.984412e+03
2.0 9.955731e+03 9.968658e+03 9.982120e+03 9.969192e+03
3.0 9.930507e+03 9.955956e+03 9.973073e+03 9.947624e+03
4.0 9.923617e+03 9.967722e+03 9.983493e+03 9.939388e+03
5.0 9.910366e+03 9.994668e+03 9.995383e+03 9.911081e+03
6.0 9.964030e+03 1.000548e+04 9.995764e+03 9.954318e+03
7.0 9.952342e+03 9.980696e+03 9.978064e+03 9.949710e+03
8.0 9.971505e+03 9.997282e+03 9.978030e+03 9.952254e+03
9.0 9.978529e+03 9.993785e+03 9.990055e+03 9.974800e+03
10.0 9.959114e+03 9.992712e+03 9.999667e+03 9.966070e+03
11.0 9.987120e+03 1.000843e+04 1.000435e+04 9.983033e+03
12.0 1.007095e+04 1.005464e+04 1.000610e+04 1.002242e+04
13.0 1.002972e+04 9.988422e+03 1.000619e+04 1.004749e+04
14.0 1.001582e+04 9.981349e+03 1.000547e+04 1.003994e+04
15.0 1.000966e+04 9.993001e+03 1.000453e+04 1.002119e+04
16.0 1.000910e+04 9.980898e+03 1.000376e+04 1.003197e+04
17.0 1.001165e+04 9.996904e+03 1.000323e+04 1.001797e+04
18.0 1.000174e+04 1.000436e+04 1.000287e+04 1.000024e+04
0.3 9.910366e+03 9.994668e+03 9.995383e+03 9.911081e+03
1.3 9.964030e+03 1.000548e+04 9.995764e+03 9.954318e+03
2.3 9.952342e+03 9.980696e+03 9.978064e+03 9.949710e+03
3.3 9.971505e+03 9.997282e+03 9.978030e+03 9.952254e+03
4.3 9.978529e+03 9.993785e+03 9.990055e+03 9.974800e+03
5.3 9.959114e+03 9.992712e+03 9.999667e+03 9.966070e+03
6.3 9.987120e+03 1.000843e+04 1.000435e+04 9.983033e+03
7.3 1.007095e+04 1.005464e+04 1.000610e+04 1.002242e+04
8.3 1.002972e+04 9.988422e+03 1.000619e+04 1.004749e+04
9.3 1.001582e+04 9.981349e+03 1.000547e+04 1.003994e+04
10.3 1.000966e+04 9.993001e+03 1.000453e+04 1.002119e+04
11.3 1.000910e+04 9.980898e+03 1.000376e+04 1.003197e+04
12.3 1.001165e+04 9.996904e+03 1.000323e+04 1.001797e+04
13.3 1.000174e+04 1.000436e+04 1.000287e+04 1.000024e+04
