0.8 1.137059e+04 1.135166e+04 1.135764e+04 1.137658e+04
1.8 1.136749e+04 1.136145e+04 1.136274e+04 1.136878e+04
2.8 1.136282e+04 1.136454e+04 1.136602e+04 1.136431e+04
3.8 1.132934e+04 1.136041e+04 1.136343e+04 1.133237e+04
4.8 1.134991e+04 1.135107e+04 1.136011e+04 1.135895e+04
5.8 1.134142e+04 1.134310e+04 1.135805e+04 1.135637e+04
6.8 1.134953e+04 1.135000e+04 1.135713e+04 1.135667e+04
7.8 1.136453e+04 1.136584e+04 1.135685e+04 1.135554e+04
8.8 1.141124e+04 1.136956e+04 1.135695e+04 1.139863e+04
9.8 1.143054e+04 1.139518e+04 1.135718e+04 1.139254e+04
10.8 1.146559e+04 1.139444e+04 1.135742e+04 1.142857e+04
11.8 1.136852e+04 1.138627e+04 1.135760e+04 1.133985e+04
12.8 1.134568e+04 1.137073e+04 1.135772e+04 1.133267e+04
13.8 1.139751e+04 1.136406e+04 1.135779e+04 1.139124e+04
14.8 1.134109e+04 1.136050e+04 1.135784e+04 1.133842e+04
15.8 1.134373e+04 1.135502e+04 1.135788e+04 1.134658e+04
16.8 1.132279e+04 1.135088e+04 1.135791e+04 1.132982e+04
17.8 1.133306e+04 1.135803e+04 1.135794e+04 1.133297e+04
0.1 1.136892e+04 1.135951e+04 1.135810e+04 1.136750e+04
1.1 1.139664e+04 1.136149e+04 1.135921e+04 1.139436e+04
2.1 1.142930e+04 1.137350e+04 1.136505e+04 1.142085e+04
3.1 1.134572e+04 1.137178e+04 1.136634e+04 1.134028e+04
4.1 1.136028e+04 1.136065e+04 1.136306e+04 1.136269e+04
5.1 1.136243e+04 1.135040e+04 1.135995e+04 1.137197e+04
6.1 1.130691e+04 1.135290e+04 1.135826e+04 1.131227e+04
7.1 1.137209e+04 1.133528e+04 1.135751e+04 1.139431e+04
8.1 1.138039e+04 1.134430e+04 1.135732e+04 1.139342e+04
9.1 1.136905e+04 1.134742e+04 1.135744e+04 1.137907e+04
10.1 1.135291e+04 1.132489e+04 1.135766e+04 1.138568e+04
11.1 1.135824e+04 1.137728e+04 1.135784e+04 1.133880e+04
12.1 1.129974e+04 1.132652e+04 1.135797e+04 1.133119e+04
13.1 1.136718e+04 1.138586e+04 1.135804e+04 1.133936e+04
14.1 1.143288e+04 1.135244e+04 1.135808e+04 1.143852e+04
15.1 1.138619e+04 1.137394e+04 1.135809e+04 1.137035e+04
16.1 1.129971e+04 1.132720e+04 1.135810e+04 1.133061e+04
17.1 1.133120e+04 1.131784e+04 1.135810e+04 1.137147e+04
1.0 1.137927e+04 1.135815e+04 1.135786e+04 1.137898e+04
2.0 1.138618e+04 1.135525e+04 1.136343e+04 1.139437e+04
3.0 1.134636e+04 1.135592e+04 1.136579e+04 1.135623e+04
4.0 1.137808e+04 1.136094e+04 1.136275e+04 1.137988e+04
5.0 1.138846e+04 1.135523e+04 1.135949e+04 1.139272e+04
6.0 1.140485e+04 1.135872e+04 1.135755e+04 1.140369e+04
7.0 1.133753e+04 1.135717e+04 1.135663e+04 1.133699e+04
8.0 1.137840e+04 1.136263e+04 1.135635e+04 1.137212e+04
9.0 1.132680e+04 1.135727e+04 1.135664e+04 1.132618e+04
10.0 1.130553e+04 1.136283e+04 1.136164e+04 1.130434e+04
11.0 1.137337e+04 1.136280e+04 1.136538e+04 1.137595e+04
12.0 1.133471e+04 1.136172e+04 1.136303e+04 1.133602e+04
13.0 1.138035e+04 1.135778e+04 1.135968e+04 1.138226e+04
14.0 1.136089e+04 1.136559e+04 1.135752e+04 1.135282e+04
15.0 1.139131e+04 1.142459e+04 1.135651e+04 1.132323e+04
16.0 1.139751e+04 1.136313e+04 1.135616e+04 1.139054e+04
17.0 1.139668e+04 1.138049e+04 1.135619e+04 1.137238e+04
18.0 1.139226e+04 1.139731e+04 1.135637e+04 1.135132e+04
0.8 1.132680e+04 1.135727e+04 1.135664e+04 1.132618e+04
1.8 1.130553e+04 1.136283e+04 1.136164e+04 1.130434e+04
2.8 1.137337e+04 1.136280e+04 1.136538e+04 1.137595e+04
3.8 1.133471e+04 1.136172e+04 1.136303e+04 1.133602e+04
4.8 1.138035e+04 1.135778e+04 1.135968e+04 1.138226e+04
5.8 1.136089e+04 1.136559e+04 1.135752e+04 1.135282e+04
6.8 1.139131e+04 1.142459e+04 1.135651e+04 1.132323e+04
7.8 1.139751e+04 1.136313e+04 1.135616e+04 1.139054e+04
8.8 1.139668e+04 1.138049e+04 1.135619e+04 1.137238e+04
9.8 1.139226e+04 1.139731e+04 1.135637e+04 1.135132e+04
10.8 1.137449e+04 1.138240e+04 1.135656e+04 1.134865e+04
11.8 1.139604e+04 1.138310e+04 1.135669e+04 1.136963e+04
12.8 1.136937e+04 1.136887e+04 1.135676e+04 1.135726e+04
13.8 1.136147e+04 1.135357e+04 1.135679e+04 1.136469e+04
14.8 1.137624e+04 1.135181e+04 1.135680e+04 1.138122e+04
15.8 1.134950e+04 1.135334e+04 1.135680e+04 1.135295e+04
16.8 1.134820e+04 1.135487e+04 1.135733e+04 1.135065e+04
17.8 1.134501e+04 1.136460e+04 1.136278e+04 1.134319e+04
1.0 1.134820e+04 1.135487e+04 1.135733e+04 1.135065e+04
2.0 1.134501e+04 1.136460e+04 1.136278e+04 1.134319e+04
3.0 1.136091e+04 1.136837e+04 1.136531e+04 1.135784e+04
4.0 1.133559e+04 1.136396e+04 1.136239e+04 1.133403e+04
5.0 1.135121e+04 1.135926e+04 1.135907e+04 1.135102e+04
6.0 1.137441e+04 1.136099e+04 1.135896e+04 1.137238e+04
7.0 1.136059e+04 1.136487e+04 1.136391e+04 1.135963e+04
8.0 1.139292e+04 1.136394e+04 1.136392e+04 1.139290e+04
9.0 1.139283e+04 1.135704e+04 1.136056e+04 1.139635e+04
10.0 1.130880e+04 1.134670e+04 1.135787e+04 1.131997e+04
11.0 1.134370e+04 1.137268e+04 1.135656e+04 1.132758e+04
12.0 1.136941e+04 1.140183e+04 1.135607e+04 1.132365e+04
13.0 1.137659e+04 1.137591e+04 1.135605e+04 1.135672e+04
14.0 1.130902e+04 1.134335e+04 1.135625e+04 1.132192e+04
15.0 1.132554e+04 1.134264e+04 1.135651e+04 1.133941e+04
16.0 1.136819e+04 1.133377e+04 1.135673e+04 1.139114e+04
17.0 1.137762e+04 1.133783e+04 1.135688e+04 1.139667e+04
18.0 1.133671e+04 1.133097e+04 1.135698e+04 1.136272e+04
0.3 1.135121e+04 1.135926e+04 1.135907e+04 1.135102e+04
1.3 1.137441e+04 1.136099e+04 1.135896e+04 1.137238e+04
2.3 1.136059e+04 1.136487e+04 1.136391e+04 1.135963e+04
3.3 1.139292e+04 1.136394e+04 1.136392e+04 1.139290e+04
4.3 1.139283e+04 1.135704e+04 1.136056e+04 1.139635e+04
5.3 1.130880e+04 1.134670e+04 1.135787e+04 1.131997e+04
6.3 1.134370e+04 1.137268e+04 1.135656e+04 1.132758e+04
7.3 1.136941e+04 1.140183e+04 1.135607e+04 1.132365e+04
8.3 1.137659e+04 1.137591e+04 1.135605e+04 1.135672e+04
9.3 1.130902e+04 1.134335e+04 1.135625e+04 1.132192e+04
10.3 1.132554e+04 1.134264e+04 1.135651e+04 1.133941e+04
11.3 1.136819e+04 1.133377e+04 1.135673e+04 1.139114e+04
12.3 1.137762e+04 1.133783e+04 1.135688e+04 1.139667e+04
13.3 1.133671e+04 1.133097e+04 1.135698e+04 1.136272e+04
