1.035338e+04 1.034045e+04 1.034457e+04 1.034926e+04
1.033992e+04 1.034045e+04 1.034254e+04 1.033782e+04
1.029870e+04 1.034045e+04 1.034645e+04 1.029270e+04
1.038714e+04 1.034045e+04 1.035016e+04 1.037742e+04
1.031500e+04 1.034045e+04 1.034086e+04 1.031459e+04
1.033193e+04 1.034045e+04 1.033693e+04 1.033545e+04
1.034065e+04 1.034045e+04 1.032664e+04 1.035446e+04
1.032156e+04 1.034045e+04 1.032620e+04 1.033580e+04
1.032049e+04 1.034045e+04 1.032926e+04 1.033167e+04
1.032562e+04 1.034045e+04 1.034081e+04 1.032526e+04
1.035997e+04 1.034045e+04 1.034773e+04 1.035269e+04
1.038707e+04 1.034045e+04 1.034265e+04 1.038487e+04
1.033131e+04 1.034045e+04 1.033688e+04 1.033488e+04
1.034714e+04 1.034045e+04 1.033728e+04 1.035031e+04
1.032374e+04 1.034045e+04 1.034274e+04 1.032144e+04
1.034389e+04 1.034045e+04 1.034600e+04 1.033834e+04
1.034049e+04 1.034045e+04 1.034575e+04 1.033520e+04
1.038172e+04 1.034045e+04 1.034700e+04 1.037517e+04
1.036531e+04 1.034045e+04 1.034436e+04 1.036140e+04
1.036007e+04 1.034045e+04 1.033449e+04 1.036602e+04
1.033589e+04 1.034045e+04 1.033269e+04 1.034365e+04
1.033735e+04 1.034045e+04 1.033957e+04 1.033823e+04
1.030937e+04 1.034045e+04 1.034250e+04 1.030732e+04
1.032821e+04 1.034045e+04 1.034075e+04 1.032791e+04
1.032924e+04 1.034045e+04 1.034096e+04 1.032873e+04
1.037802e+04 1.034045e+04 1.034251e+04 1.037596e+04
1.033377e+04 1.034045e+04 1.033946e+04 1.033476e+04
1.038716e+04 1.034045e+04 1.034673e+04 1.038088e+04
1.031854e+04 1.034045e+04 1.034489e+04 1.031410e+04
1.031102e+04 1.034045e+04 1.033842e+04 1.031305e+04
1.033592e+04 1.034045e+04 1.033687e+04 1.033950e+04
1.032707e+04 1.034027e+04 1.033306e+04 1.033428e+04
1.035489e+04 1.033455e+04 1.032887e+04 1.036058e+04
1.033178e+04 1.033882e+04 1.033540e+04 1.033519e+04
1.038876e+04 1.035761e+04 1.035624e+04 1.039013e+04
1.032962e+04 1.034993e+04 1.034936e+04 1.033019e+04
1.031921e+04 1.033825e+04 1.032929e+04 1.032817e+04
1.032499e+04 1.034200e+04 1.033966e+04 1.032733e+04
1.032693e+04 1.034043e+04 1.034305e+04 1.032432e+04
1.033082e+04 1.033817e+04 1.034069e+04 1.032829e+04
1.034333e+04 1.033883e+04 1.034130e+04 1.034086e+04
1.033324e+04 1.034031e+04 1.034113e+04 1.033242e+04
1.030047e+04 1.034043e+04 1.033284e+04 1.030806e+04
1.031046e+04 1.034045e+04 1.033268e+04 1.031823e+04
1.031048e+04 1.034043e+04 1.033741e+04 1.031350e+04
1.035452e+04 1.034047e+04 1.034982e+04 1.034517e+04
1.037771e+04 1.034045e+04 1.034897e+04 1.036919e+04
1.033539e+04 1.034045e+04 1.034625e+04 1.032959e+04
1.035500e+04 1.034045e+04 1.034096e+04 1.035448e+04
1.032269e+04 1.034045e+04 1.033561e+04 1.032752e+04
1.037670e+04 1.034121e+04 1.032933e+04 1.038857e+04
1.033511e+04 1.035493e+04 1.034384e+04 1.034620e+04
1.031364e+04 1.030758e+04 1.030437e+04 1.031685e+04
1.035084e+04 1.036549e+04 1.036152e+04 1.035481e+04
1.037206e+04 1.033031e+04 1.032477e+04 1.037760e+04
1.032734e+04 1.033918e+04 1.032613e+04 1.034039e+04
1.035955e+04 1.034059e+04 1.034242e+04 1.035773e+04
1.033535e+04 1.034013e+04 1.034681e+04 1.032867e+04
1.034939e+04 1.033785e+04 1.034582e+04 1.034142e+04
1.034286e+04 1.033974e+04 1.033792e+04 1.034468e+04
1.034307e+04 1.034153e+04 1.033789e+04 1.034670e+04
1.036818e+04 1.034135e+04 1.034477e+04 1.036476e+04
1.034758e+04 1.034065e+04 1.034578e+04 1.034245e+04
1.032021e+04 1.034043e+04 1.034064e+04 1.031999e+04
1.034561e+04 1.034050e+04 1.034089e+04 1.034522e+04
1.034647e+04 1.034046e+04 1.033673e+04 1.035020e+04
1.034546e+04 1.034045e+04 1.033735e+04 1.034855e+04
1.034614e+04 1.034045e+04 1.034775e+04 1.033885e+04
1.038462e+04 1.034045e+04 1.035568e+04 1.036939e+04
1.034941e+04 1.034045e+04 1.035110e+04 1.033877e+04
1.031537e+04 1.034045e+04 1.033858e+04 1.031724e+04
1.032093e+04 1.034045e+04 1.033517e+04 1.032620e+04
1.032450e+04 1.034045e+04 1.033401e+04 1.033093e+04
1.033220e+04 1.034045e+04 1.033949e+04 1.033316e+04
1.032823e+04 1.034045e+04 1.033876e+04 1.032991e+04
1.033384e+04 1.034045e+04 1.034942e+04 1.032487e+04
1.036010e+04 1.034045e+04 1.033906e+04 1.036149e+04
1.037251e+04 1.034045e+04 1.035466e+04 1.035830e+04
1.038317e+04 1.034045e+04 1.038244e+04 1.034118e+04
1.032192e+04 1.034045e+04 1.034341e+04 1.031896e+04
1.036005e+04 1.034045e+04 1.034297e+04 1.035753e+04
1.034790e+04 1.034045e+04 1.034149e+04 1.034687e+04
1.037318e+04 1.034045e+04 1.034589e+04 1.036775e+04
1.035681e+04 1.034045e+04 1.034175e+04 1.035552e+04
1.031556e+04 1.034045e+04 1.033175e+04 1.032426e+04
1.033536e+04 1.034045e+04 1.033464e+04 1.034117e+04
1.036080e+04 1.034045e+04 1.034084e+04 1.036041e+04
1.034476e+04 1.034045e+04 1.035268e+04 1.033253e+04
1.037589e+04 1.034045e+04 1.033685e+04 1.037950e+04
1.032916e+04 1.034045e+04 1.033874e+04 1.033087e+04
1.032818e+04 1.034045e+04 1.033633e+04 1.033230e+04
1.031533e+04 1.034045e+04 1.033932e+04 1.031646e+04
1.034874e+04 1.034045e+04 1.034683e+04 1.034236e+04
1.036133e+04 1.034045e+04 1.034534e+04 1.035643e+04
1.034792e+04 1.034045e+04 1.034487e+04 1.034350e+04
1.030634e+04 1.034045e+04 1.033447e+04 1.031231e+04
1.031276e+04 1.034045e+04 1.033443e+04 1.031878e+04
1.030767e+04 1.034045e+04 1.033897e+04 1.030915e+04
1.032117e+04 1.034045e+04 1.034417e+04 1.031745e+04
1.033016e+04 1.034045e+04 1.034621e+04 1.032439e+04
1.034040e+04 1.034045e+04 1.034192e+04 1.033893e+04
1.032499e+04 1.034045e+04 1.033734e+04 1.032810e+04
1.033242e+04 1.034023e+04 1.033667e+04 1.033598e+04
1.031878e+04 1.032646e+04 1.032501e+04 1.032023e+04
1.033696e+04 1.032728e+04 1.032499e+04 1.033926e+04
1.034730e+04 1.035274e+04 1.035064e+04 1.034940e+04
1.035017e+04 1.033503e+04 1.033679e+04 1.034842e+04
1.032844e+04 1.034081e+04 1.033510e+04 1.033414e+04
1.033678e+04 1.034018e+04 1.033316e+04 1.034381e+04
1.032698e+04 1.034245e+04 1.032176e+04 1.034767e+04
1.033650e+04 1.034127e+04 1.032591e+04 1.035186e+04
1.033592e+04 1.034353e+04 1.032846e+04 1.035099e+04
1.035319e+04 1.034132e+04 1.033763e+04 1.035688e+04
1.035537e+04 1.034066e+04 1.033556e+04 1.036047e+04
1.033496e+04 1.034074e+04 1.034586e+04 1.032984e+04
1.035944e+04 1.034056e+04 1.035614e+04 1.034386e+04
1.031567e+04 1.034042e+04 1.033977e+04 1.031632e+04
1.031720e+04 1.034047e+04 1.034109e+04 1.031657e+04
1.033553e+04 1.034044e+04 1.033735e+04 1.033862e+04
1.035832e+04 1.034045e+04 1.034461e+04 1.035417e+04
1.032711e+04 1.034045e+04 1.031831e+04 1.034925e+04
1.032789e+04 1.034045e+04 1.033866e+04 1.032968e+04
1.035233e+04 1.034045e+04 1.033488e+04 1.035790e+04
1.032365e+04 1.034045e+04 1.033682e+04 1.032728e+04
1.037387e+04 1.034045e+04 1.035055e+04 1.036377e+04
1.031793e+04 1.034045e+04 1.032292e+04 1.033546e+04
1.033887e+04 1.034045e+04 1.034204e+04 1.033728e+04
1.034868e+04 1.034045e+04 1.033868e+04 1.035045e+04
1.030975e+04 1.034045e+04 1.033878e+04 1.031141e+04
1.035268e+04 1.034045e+04 1.033682e+04 1.035631e+04
1.033873e+04 1.034045e+04 1.034158e+04 1.033759e+04
1.033568e+04 1.034045e+04 1.033952e+04 1.033661e+04
1.033887e+04 1.034045e+04 1.034433e+04 1.033499e+04
1.038477e+04 1.034045e+04 1.034845e+04 1.037676e+04
1.035319e+04 1.034045e+04 1.033948e+04 1.035417e+04
1.033683e+04 1.034045e+04 1.033006e+04 1.034722e+04
1.033867e+04 1.034045e+04 1.033528e+04 1.034384e+04
1.033877e+04 1.034045e+04 1.033706e+04 1.034216e+04
1.038428e+04 1.034045e+04 1.035184e+04 1.037289e+04
1.039495e+04 1.034045e+04 1.039180e+04 1.034360e+04
1.034373e+04 1.034045e+04 1.034038e+04 1.034380e+04
1.032378e+04 1.034045e+04 1.034183e+04 1.032240e+04
1.032080e+04 1.034045e+04 1.034253e+04 1.031871e+04
1.032157e+04 1.034045e+04 1.034681e+04 1.031521e+04
1.034329e+04 1.034045e+04 1.035035e+04 1.033339e+04
1.034755e+04 1.034045e+04 1.034658e+04 1.034142e+04
1.036949e+04 1.034045e+04 1.033427e+04 1.037566e+04
1.034002e+04 1.034045e+04 1.033486e+04 1.034561e+04
1.034068e+04 1.034045e+04 1.033652e+04 1.034461e+04
1.032812e+04 1.034045e+04 1.033817e+04 1.033040e+04
1.033798e+04 1.034045e+04 1.034311e+04 1.033532e+04
1.035892e+04 1.034045e+04 1.033552e+04 1.036385e+04
1.033312e+04 1.034045e+04 1.033154e+04 1.034203e+04
1.033263e+04 1.034194e+04 1.033798e+04 1.033659e+04
1.031630e+04 1.033170e+04 1.033150e+04 1.031649e+04
1.030406e+04 1.030563e+04 1.030910e+04 1.030060e+04
1.028774e+04 1.033329e+04 1.033701e+04 1.028402e+04
1.031246e+04 1.033366e+04 1.034174e+04 1.030438e+04
1.032921e+04 1.034109e+04 1.034505e+04 1.032524e+04
1.034953e+04 1.033796e+04 1.033456e+04 1.035293e+04
1.035197e+04 1.034342e+04 1.034211e+04 1.035328e+04
1.036126e+04 1.034032e+04 1.033643e+04 1.036515e+04
1.033123e+04 1.034398e+04 1.034126e+04 1.033396e+04
1.040619e+04 1.037833e+04 1.037231e+04 1.041221e+04
1.036878e+04 1.035720e+04 1.035439e+04 1.037159e+04
1.035109e+04 1.034094e+04 1.033925e+04 1.035278e+04
1.036508e+04 1.033895e+04 1.034081e+04 1.036321e+04
1.033075e+04 1.033989e+04 1.034240e+04 1.032824e+04
1.035016e+04 1.034296e+04 1.035195e+04 1.034117e+04
1.033123e+04 1.034525e+04 1.036137e+04 1.031510e+04
1.036804e+04 1.034229e+04 1.035231e+04 1.035801e+04
1.034555e+04 1.034172e+04 1.035105e+04 1.033621e+04
1.034483e+04 1.034073e+04 1.034153e+04 1.034404e+04
1.032817e+04 1.034056e+04 1.033925e+04 1.032949e+04
1.033776e+04 1.034032e+04 1.033908e+04 1.033900e+04
1.032774e+04 1.034040e+04 1.034238e+04 1.032577e+04
1.032991e+04 1.034043e+04 1.034440e+04 1.032594e+04
1.033654e+04 1.034045e+04 1.033956e+04 1.033743e+04
1.033171e+04 1.034045e+04 1.034341e+04 1.032875e+04
1.036003e+04 1.034045e+04 1.034264e+04 1.035784e+04
1.034926e+04 1.034045e+04 1.033885e+04 1.035086e+04
1.031229e+04 1.034045e+04 1.033835e+04 1.031439e+04
1.033038e+04 1.034045e+04 1.034442e+04 1.032640e+04
1.034337e+04 1.034045e+04 1.034208e+04 1.034174e+04
1.034136e+04 1.034045e+04 1.034007e+04 1.034173e+04
1.036070e+04 1.034045e+04 1.033893e+04 1.036222e+04
1.034083e+04 1.034045e+04 1.033368e+04 1.034760e+04
1.036691e+04 1.034045e+04 1.033816e+04 1.036919e+04
1.035169e+04 1.034045e+04 1.033420e+04 1.035793e+04
1.035425e+04 1.034045e+04 1.034656e+04 1.034814e+04
1.036795e+04 1.034045e+04 1.034488e+04 1.036351e+04
1.035035e+04 1.034045e+04 1.033673e+04 1.035407e+04
1.033623e+04 1.034046e+04 1.033349e+04 1.034320e+04
1.033621e+04 1.035308e+04 1.034506e+04 1.034423e+04
1.037777e+04 1.039206e+04 1.038404e+04 1.038579e+04
1.032513e+04 1.035949e+04 1.035748e+04 1.032713e+04
1.032198e+04 1.034371e+04 1.034089e+04 1.032481e+04
1.033289e+04 1.033257e+04 1.033308e+04 1.033238e+04
1.034407e+04 1.034066e+04 1.034119e+04 1.034354e+04
1.031964e+04 1.034131e+04 1.033299e+04 1.032796e+04
1.031527e+04 1.034130e+04 1.032986e+04 1.032671e+04
1.032162e+04 1.034131e+04 1.033348e+04 1.032946e+04
1.032124e+04 1.034066e+04 1.033832e+04 1.032358e+04
1.030434e+04 1.034027e+04 1.034011e+04 1.030450e+04
1.032803e+04 1.034043e+04 1.033430e+04 1.033415e+04
1.037121e+04 1.034039e+04 1.033865e+04 1.037295e+04
1.034430e+04 1.034044e+04 1.033535e+04 1.034939e+04
1.033256e+04 1.034045e+04 1.033540e+04 1.033761e+04
1.033316e+04 1.034045e+04 1.034191e+04 1.033170e+04
1.035096e+04 1.034044e+04 1.034809e+04 1.034332e+04
1.032915e+04 1.034045e+04 1.034406e+04 1.032553e+04
1.036375e+04 1.034045e+04 1.033519e+04 1.036901e+04
1.035211e+04 1.034045e+04 1.033651e+04 1.035604e+04
1.035054e+04 1.034045e+04 1.034259e+04 1.034839e+04
1.034581e+04 1.034045e+04 1.035034e+04 1.033592e+04
1.034777e+04 1.034045e+04 1.035576e+04 1.033246e+04
1.034163e+04 1.034045e+04 1.035862e+04 1.032346e+04
