1.250849e+04 1.250196e+04 1.248716e+04 1.252329e+04
1.247712e+04 1.250196e+04 1.247639e+04 1.250269e+04
1.249054e+04 1.250195e+04 1.249683e+04 1.249567e+04
1.249423e+04 1.247843e+04 1.250879e+04 1.246388e+04
1.245611e+04 1.244133e+04 1.247980e+04 1.241764e+04
1.240929e+04 1.245736e+04 1.249281e+04 1.237384e+04
1.251354e+04 1.248008e+04 1.246746e+04 1.252616e+04
1.252533e+04 1.249891e+04 1.246228e+04 1.256196e+04
1.247220e+04 1.250058e+04 1.246001e+04 1.251277e+04
1.244906e+04 1.250548e+04 1.248795e+04 1.246659e+04
1.249177e+04 1.250770e+04 1.250722e+04 1.249225e+04
1.250953e+04 1.250199e+04 1.249808e+04 1.251344e+04
1.258521e+04 1.249888e+04 1.253000e+04 1.255409e+04
1.251140e+04 1.249988e+04 1.253423e+04 1.247705e+04
1.248258e+04 1.249982e+04 1.251893e+04 1.246346e+04
1.251246e+04 1.250131e+04 1.248838e+04 1.252540e+04
1.251270e+04 1.250189e+04 1.249333e+04 1.252126e+04
1.257874e+04 1.250196e+04 1.249800e+04 1.258269e+04
1.246242e+04 1.250640e+04 1.249986e+04 1.246896e+04
1.268938e+04 1.257142e+04 1.257324e+04 1.268756e+04
1.259684e+04 1.256348e+04 1.258375e+04 1.257657e+04
1.252011e+04 1.248997e+04 1.251521e+04 1.249488e+04
1.256821e+04 1.249910e+04 1.250987e+04 1.255744e+04
1.254178e+04 1.250234e+04 1.250788e+04 1.253623e+04
1.245730e+04 1.250224e+04 1.250679e+04 1.245275e+04
1.243894e+04 1.247953e+04 1.250500e+04 1.241347e+04
1.245806e+04 1.249971e+04 1.251889e+04 1.243887e+04
1.244901e+04 1.247160e+04 1.250012e+04 1.242049e+04
1.258516e+04 1.249699e+04 1.251193e+04 1.257022e+04
1.254815e+04 1.250186e+04 1.250346e+04 1.254655e+04
1.254833e+04 1.250429e+04 1.248931e+04 1.256331e+04
1.247342e+04 1.250236e+04 1.248967e+04 1.248611e+04
1.244713e+04 1.250298e+04 1.247211e+04 1.247800e+04
1.233205e+04 1.250210e+04 1.247485e+04 1.235929e+04
1.243017e+04 1.250066e+04 1.249170e+04 1.243912e+04
1.260909e+04 1.250107e+04 1.251304e+04 1.259712e+04
1.248146e+04 1.250255e+04 1.246504e+04 1.251897e+04
1.244683e+04 1.250207e+04 1.249873e+04 1.245017e+04
1.246558e+04 1.250196e+04 1.250517e+04 1.246237e+04
1.253100e+04 1.250194e+04 1.248787e+04 1.254507e+04
1.237904e+04 1.250195e+04 1.248253e+04 1.239846e+04
1.251118e+04 1.250196e+04 1.249820e+04 1.251493e+04
1.240461e+04 1.250196e+04 1.249651e+04 1.241005e+04
1.244693e+04 1.250196e+04 1.249588e+04 1.245301e+04
1.243761e+04 1.250196e+04 1.249481e+04 1.244475e+04
1.244918e+04 1.250196e+04 1.250296e+04 1.244818e+04
1.240846e+04 1.250196e+04 1.249992e+04 1.241050e+04
1.247280e+04 1.250196e+04 1.249529e+04 1.247947e+04
1.247154e+04 1.250196e+04 1.248529e+04 1.248821e+04
1.260698e+04 1.250196e+04 1.250024e+04 1.260869e+04
1.244984e+04 1.250196e+04 1.251501e+04 1.243679e+04
1.252513e+04 1.250196e+04 1.251176e+04 1.251533e+04
1.244410e+04 1.250196e+04 1.244826e+04 1.249780e+04
1.258634e+04 1.250196e+04 1.250313e+04 1.258517e+04
1.244227e+04 1.250196e+04 1.248383e+04 1.246040e+04
1.249204e+04 1.250196e+04 1.247906e+04 1.251493e+04
1.248626e+04 1.250196e+04 1.250150e+04 1.248672e+04
1.246608e+04 1.250196e+04 1.250685e+04 1.246119e+04
1.258896e+04 1.250196e+04 1.250113e+04 1.258978e+04
1.262656e+04 1.250196e+04 1.251258e+04 1.261593e+04
1.253204e+04 1.250196e+04 1.249649e+04 1.253751e+04
1.253081e+04 1.250196e+04 1.250659e+04 1.252618e+04
1.256844e+04 1.250196e+04 1.251413e+04 1.255626e+04
1.256228e+04 1.250196e+04 1.250077e+04 1.256347e+04
1.249218e+04 1.250196e+04 1.249370e+04 1.250044e+04
1.254558e+04 1.250196e+04 1.249581e+04 1.255173e+04
1.247363e+04 1.250196e+04 1.249927e+04 1.247632e+04
1.255478e+04 1.250196e+04 1.251214e+04 1.254460e+04
1.250692e+04 1.250196e+04 1.252119e+04 1.248769e+04
1.254546e+04 1.250196e+04 1.251043e+04 1.253698e+04
1.252975e+04 1.250196e+04 1.249652e+04 1.253519e+04
1.252986e+04 1.250196e+04 1.249733e+04 1.253448e+04
1.245896e+04 1.250196e+04 1.249074e+04 1.247018e+04
1.245154e+04 1.250196e+04 1.248402e+04 1.246948e+04
1.248605e+04 1.250196e+04 1.247645e+04 1.251156e+04
1.261559e+04 1.250196e+04 1.251793e+04 1.259962e+04
1.248069e+04 1.250196e+04 1.246554e+04 1.251711e+04
1.246197e+04 1.250196e+04 1.249885e+04 1.246508e+04
1.258919e+04 1.250196e+04 1.255605e+04 1.253509e+04
1.255788e+04 1.250196e+04 1.250472e+04 1.255512e+04
1.249662e+04 1.250196e+04 1.250339e+04 1.249518e+04
1.243653e+04 1.250196e+04 1.250451e+04 1.243398e+04
1.253798e+04 1.250196e+04 1.251401e+04 1.252593e+04
1.248770e+04 1.250196e+04 1.249502e+04 1.249464e+04
1.249100e+04 1.250196e+04 1.249177e+04 1.250118e+04
1.255331e+04 1.250196e+04 1.249992e+04 1.255534e+04
1.247244e+04 1.250196e+04 1.249983e+04 1.247456e+04
1.259969e+04 1.250196e+04 1.251176e+04 1.258988e+04
1.252504e+04 1.250196e+04 1.247909e+04 1.254791e+04
1.255462e+04 1.250196e+04 1.250109e+04 1.255549e+04
1.247182e+04 1.250196e+04 1.249458e+04 1.247919e+04
1.247800e+04 1.250196e+04 1.250740e+04 1.247256e+04
1.244580e+04 1.250196e+04 1.250080e+04 1.244696e+04
1.249099e+04 1.250196e+04 1.250163e+04 1.249132e+04
1.246612e+04 1.250196e+04 1.250133e+04 1.246675e+04
1.254612e+04 1.250196e+04 1.251409e+04 1.253398e+04
1.248320e+04 1.250196e+04 1.250606e+04 1.247910e+04
1.250098e+04 1.250196e+04 1.250711e+04 1.249582e+04
1.243358e+04 1.250196e+04 1.249867e+04 1.243686e+04
1.242604e+04 1.250196e+04 1.247563e+04 1.245237e+04
1.246350e+04 1.250196e+04 1.248210e+04 1.248336e+04
1.248123e+04 1.250196e+04 1.249838e+04 1.248481e+04
1.253300e+04 1.250196e+04 1.249518e+04 1.253978e+04
1.247946e+04 1.250196e+04 1.247259e+04 1.250882e+04
1.245163e+04 1.250196e+04 1.246908e+04 1.248450e+04
1.257885e+04 1.250225e+04 1.249280e+04 1.258831e+04
1.251091e+04 1.248934e+04 1.249748e+04 1.250276e+04
1.254991e+04 1.251447e+04 1.254596e+04 1.251842e+04
1.255383e+04 1.251531e+04 1.254654e+04 1.252260e+04
1.241578e+04 1.246953e+04 1.245277e+04 1.243254e+04
1.235660e+04 1.249695e+04 1.246619e+04 1.238737e+04
1.253257e+04 1.250138e+04 1.246616e+04 1.256779e+04
1.247585e+04 1.250690e+04 1.248728e+04 1.249548e+04
1.247341e+04 1.250473e+04 1.248945e+04 1.248869e+04
1.252442e+04 1.250861e+04 1.249860e+04 1.253443e+04
1.251167e+04 1.250593e+04 1.251565e+04 1.250194e+04
1.251436e+04 1.250069e+04 1.248149e+04 1.253356e+04
1.240970e+04 1.250349e+04 1.248849e+04 1.242470e+04
1.251620e+04 1.250127e+04 1.254233e+04 1.247513e+04
1.247896e+04 1.250210e+04 1.249141e+04 1.248964e+04
1.251732e+04 1.250181e+04 1.252068e+04 1.249845e+04
1.247581e+04 1.250195e+04 1.250785e+04 1.246991e+04
1.254148e+04 1.250195e+04 1.253614e+04 1.250729e+04
1.248721e+04 1.250196e+04 1.248698e+04 1.250219e+04
1.251725e+04 1.250196e+04 1.249662e+04 1.252259e+04
1.251395e+04 1.250196e+04 1.249834e+04 1.251757e+04
1.254032e+04 1.250196e+04 1.249494e+04 1.254734e+04
1.249584e+04 1.251108e+04 1.250115e+04 1.250577e+04
1.253996e+04 1.250285e+04 1.252592e+04 1.251689e+04
1.254471e+04 1.250725e+04 1.253418e+04 1.251778e+04
1.255001e+04 1.247284e+04 1.250514e+04 1.251771e+04
1.251004e+04 1.250312e+04 1.251545e+04 1.249771e+04
1.243781e+04 1.250129e+04 1.251472e+04 1.242438e+04
1.243388e+04 1.250714e+04 1.252061e+04 1.242041e+04
1.248790e+04 1.251092e+04 1.249588e+04 1.250294e+04
1.249241e+04 1.251400e+04 1.245685e+04 1.254956e+04
1.250548e+04 1.250607e+04 1.249397e+04 1.251759e+04
1.246774e+04 1.250461e+04 1.251535e+04 1.245700e+04
1.242727e+04 1.250062e+04 1.248912e+04 1.243877e+04
1.249912e+04 1.250101e+04 1.254613e+04 1.245400e+04
1.253386e+04 1.250198e+04 1.249368e+04 1.254217e+04
1.244855e+04 1.250197e+04 1.249527e+04 1.245525e+04
1.252567e+04 1.250197e+04 1.249914e+04 1.252850e+04
1.253595e+04 1.250196e+04 1.250913e+04 1.252878e+04
1.247822e+04 1.250196e+04 1.251718e+04 1.246300e+04
1.246889e+04 1.250196e+04 1.250500e+04 1.246584e+04
1.243183e+04 1.250196e+04 1.251406e+04 1.241972e+04
1.253102e+04 1.250196e+04 1.253923e+04 1.249375e+04
1.246917e+04 1.250196e+04 1.251552e+04 1.245560e+04
1.260399e+04 1.250196e+04 1.250686e+04 1.259909e+04
1.252648e+04 1.250196e+04 1.249181e+04 1.253662e+04
1.250660e+04 1.250196e+04 1.250011e+04 1.250845e+04
1.252523e+04 1.250196e+04 1.250357e+04 1.252361e+04
1.249247e+04 1.250196e+04 1.249567e+04 1.249876e+04
1.249525e+04 1.250196e+04 1.247686e+04 1.252035e+04
1.253137e+04 1.250196e+04 1.245756e+04 1.257576e+04
1.248439e+04 1.250196e+04 1.248609e+04 1.250026e+04
1.243263e+04 1.250196e+04 1.250501e+04 1.242957e+04
1.246945e+04 1.250196e+04 1.248919e+04 1.248222e+04
1.246217e+04 1.250196e+04 1.249207e+04 1.247206e+04
1.239435e+04 1.250196e+04 1.248603e+04 1.241028e+04
1.254978e+04 1.250196e+04 1.249819e+04 1.255355e+04
1.247051e+04 1.250196e+04 1.249327e+04 1.247920e+04
1.254837e+04 1.250202e+04 1.250904e+04 1.254135e+04
1.251792e+04 1.251060e+04 1.250715e+04 1.252137e+04
1.248513e+04 1.250375e+04 1.251541e+04 1.247348e+04
1.246577e+04 1.248266e+04 1.250658e+04 1.244185e+04
1.249739e+04 1.251281e+04 1.251298e+04 1.249722e+04
1.252066e+04 1.249503e+04 1.251920e+04 1.249649e+04
1.258804e+04 1.250265e+04 1.253385e+04 1.255684e+04
1.249914e+04 1.250528e+04 1.252253e+04 1.248189e+04
1.250130e+04 1.249790e+04 1.251799e+04 1.248121e+04
1.251292e+04 1.248178e+04 1.251157e+04 1.248312e+04
1.249897e+04 1.247929e+04 1.251416e+04 1.246410e+04
1.258361e+04 1.254118e+04 1.254274e+04 1.258204e+04
1.256236e+04 1.251562e+04 1.251276e+04 1.256521e+04
1.253151e+04 1.250390e+04 1.249787e+04 1.253754e+04
1.245898e+04 1.250126e+04 1.247873e+04 1.248151e+04
1.252691e+04 1.250353e+04 1.249210e+04 1.253835e+04
1.252738e+04 1.250831e+04 1.251302e+04 1.252267e+04
1.249791e+04 1.251923e+04 1.254207e+04 1.247506e+04
1.255032e+04 1.254133e+04 1.254887e+04 1.254278e+04
1.254811e+04 1.250494e+04 1.251376e+04 1.253929e+04
1.251713e+04 1.250557e+04 1.249531e+04 1.252738e+04
1.252236e+04 1.250099e+04 1.248289e+04 1.254046e+04
1.248070e+04 1.250948e+04 1.250137e+04 1.248882e+04
1.253134e+04 1.246531e+04 1.247996e+04 1.251669e+04
1.254337e+04 1.252882e+04 1.254305e+04 1.252914e+04
1.252745e+04 1.252740e+04 1.253519e+04 1.251967e+04
1.256032e+04 1.249965e+04 1.251803e+04 1.254195e+04
1.246411e+04 1.250162e+04 1.250494e+04 1.246079e+04
1.253052e+04 1.249661e+04 1.249286e+04 1.253426e+04
1.251655e+04 1.249747e+04 1.250075e+04 1.251327e+04
1.254046e+04 1.249596e+04 1.250758e+04 1.252884e+04
1.245610e+04 1.249712e+04 1.252463e+04 1.242860e+04
1.249641e+04 1.250654e+04 1.250223e+04 1.250072e+04
1.252892e+04 1.251378e+04 1.252804e+04 1.251466e+04
1.252647e+04 1.236388e+04 1.242296e+04 1.246739e+04
1.244489e+04 1.247353e+04 1.250707e+04 1.241135e+04
1.245175e+04 1.249294e+04 1.247914e+04 1.246556e+04
1.247034e+04 1.249996e+04 1.246327e+04 1.250704e+04
1.246100e+04 1.249320e+04 1.247833e+04 1.247587e+04
1.249550e+04 1.249532e+04 1.250853e+04 1.248230e+04
1.245866e+04 1.250952e+04 1.251522e+04 1.245297e+04
1.240923e+04 1.250258e+04 1.248272e+04 1.242909e+04
1.247645e+04 1.250258e+04 1.248769e+04 1.249134e+04
1.255799e+04 1.250148e+04 1.249491e+04 1.256456e+04
1.238854e+04 1.250282e+04 1.249710e+04 1.239426e+04
1.256070e+04 1.250114e+04 1.250742e+04 1.255443e+04
1.256693e+04 1.249677e+04 1.248627e+04 1.257743e+04
1.247567e+04 1.250315e+04 1.251387e+04 1.246494e+04
1.245615e+04 1.250287e+04 1.249241e+04 1.246662e+04
1.251384e+04 1.250215e+04 1.250011e+04 1.251588e+04
1.253245e+04 1.250214e+04 1.250004e+04 1.253455e+04
1.251842e+04 1.250199e+04 1.250279e+04 1.251763e+04
1.253650e+04 1.250197e+04 1.249934e+04 1.253913e+04
1.251798e+04 1.250196e+04 1.250389e+04 1.251606e+04
