0.6 9.351602e+03 9.337281e+03 9.340556e+03 9.354878e+03
1.6 9.340164e+03 9.344746e+03 9.347920e+03 9.343338e+03
2.6 9.352405e+03 9.368012e+03 9.371084e+03 9.355476e+03
3.6 9.339667e+03 9.392142e+03 9.395110e+03 9.342636e+03
4.6 9.340135e+03 9.405645e+03 9.408511e+03 9.343001e+03
5.6 9.440036e+03 9.410928e+03 9.413691e+03 9.442799e+03
6.6 9.448253e+03 9.411614e+03 9.414274e+03 9.450914e+03
7.6 9.466087e+03 9.410445e+03 9.413003e+03 9.468644e+03
8.6 9.437096e+03 9.408871e+03 9.411326e+03 9.439551e+03
9.6 9.444654e+03 9.407770e+03 9.410123e+03 9.447007e+03
10.6 9.415771e+03 9.407259e+03 9.409511e+03 9.418023e+03
11.6 9.418574e+03 9.407294e+03 9.409445e+03 9.420726e+03
12.6 9.440284e+03 9.407654e+03 9.409705e+03 9.442335e+03
13.6 9.404676e+03 9.408184e+03 9.410136e+03 9.406628e+03
14.6 9.355374e+03 9.408795e+03 9.410648e+03 9.357226e+03
15.6 9.356181e+03 9.409434e+03 9.411188e+03 9.357935e+03
16.6 9.332322e+03 9.410078e+03 9.411734e+03 9.333978e+03
17.6 9.466379e+03 9.409802e+03 9.411360e+03 9.467938e+03
18.6 9.378944e+03 9.396394e+03 9.397857e+03 9.380407e+03
19.6 9.356798e+03 9.372072e+03 9.373439e+03 9.358165e+03
20.6 9.348238e+03 9.353324e+03 9.354598e+03 9.349511e+03
21.6 9.361736e+03 9.345301e+03 9.346361e+03 9.362796e+03
22.6 9.366169e+03 9.346268e+03 9.344677e+03 9.364578e+03
23.6 9.418863e+03 9.353459e+03 9.346252e+03 9.411657e+03
24.6 9.403896e+03 9.360606e+03 9.348924e+03 9.392215e+03
25.6 9.397060e+03 9.365533e+03 9.351576e+03 9.383103e+03
26.6 9.408744e+03 9.368228e+03 9.353600e+03 9.394116e+03
27.6 9.368595e+03 9.369546e+03 9.355014e+03 9.354062e+03
28.6 9.399837e+03 9.370121e+03 9.355983e+03 9.385699e+03
29.6 9.375056e+03 9.370410e+03 9.356664e+03 9.361310e+03
30.6 9.384292e+03 9.370666e+03 9.357205e+03 9.370832e+03
31.6 9.372362e+03 9.370992e+03 9.357674e+03 9.359044e+03
32.6 9.363246e+03 9.371386e+03 9.358110e+03 9.349971e+03
33.6 9.364388e+03 9.371822e+03 9.358529e+03 9.351096e+03
