0.5 8.902389e+03 8.905247e+03 8.919219e+03 8.916361e+03
1.5 8.890556e+03 8.905658e+03 8.919654e+03 8.904552e+03
2.5 8.896495e+03 8.907386e+03 8.921313e+03 8.910421e+03
3.5 8.914226e+03 8.909118e+03 8.923009e+03 8.928117e+03
4.5 8.891287e+03 8.910059e+03 8.923982e+03 8.905210e+03
5.5 8.910034e+03 8.910324e+03 8.924338e+03 8.924047e+03
6.5 8.901531e+03 8.910197e+03 8.924343e+03 8.915677e+03
7.5 8.928147e+03 8.909904e+03 8.924202e+03 8.942445e+03
8.5 8.931715e+03 8.909579e+03 8.924037e+03 8.946172e+03
9.5 8.950132e+03 8.909286e+03 8.923901e+03 8.964747e+03
10.5 8.957172e+03 8.909042e+03 8.923809e+03 8.971940e+03
11.5 8.938686e+03 8.908846e+03 8.923760e+03 8.953600e+03
12.5 8.913117e+03 8.908681e+03 8.923735e+03 8.928172e+03
13.5 8.907896e+03 8.908537e+03 8.923725e+03 8.923084e+03
14.5 8.863435e+03 8.908407e+03 8.923721e+03 8.878750e+03
15.5 8.910453e+03 8.908287e+03 8.923721e+03 8.925887e+03
16.5 8.882133e+03 8.908175e+03 8.923722e+03 8.897680e+03
17.5 8.924245e+03 8.908011e+03 8.923664e+03 8.939897e+03
18.5 8.903027e+03 8.906956e+03 8.922707e+03 8.918778e+03
19.5 8.918633e+03 8.905039e+03 8.920882e+03 8.934476e+03
20.5 8.938450e+03 8.903495e+03 8.919423e+03 8.954378e+03
21.5 8.947215e+03 8.902744e+03 8.918750e+03 8.963220e+03
22.5 8.920152e+03 8.902497e+03 8.918574e+03 8.936229e+03
23.5 8.927742e+03 8.902508e+03 8.918648e+03 8.943883e+03
24.5 8.965055e+03 8.905017e+03 8.918810e+03 8.978848e+03
25.5 8.985144e+03 8.928169e+03 8.918974e+03 8.975949e+03
26.5 8.984721e+03 8.962598e+03 8.919094e+03 8.941216e+03
27.5 8.971534e+03 8.987104e+03 8.919170e+03 8.903599e+03
28.5 8.964085e+03 8.997455e+03 8.919211e+03 8.885840e+03
29.5 9.012461e+03 8.999554e+03 8.919232e+03 8.932138e+03
30.5 9.008792e+03 8.997672e+03 8.919243e+03 8.930363e+03
31.5 9.036868e+03 8.994592e+03 8.919249e+03 8.961525e+03
32.5 9.017451e+03 8.991692e+03 8.919253e+03 8.945012e+03
33.5 9.003676e+03 8.989689e+03 8.919256e+03 8.933244e+03
0.4 8.991888e+03 8.914495e+03 8.919042e+03 8.996436e+03
1.4 8.951417e+03 8.915691e+03 8.919350e+03 8.955076e+03
2.4 8.918397e+03 8.917335e+03 8.920841e+03 8.921903e+03
3.4 8.901762e+03 8.918956e+03 8.922637e+03 8.905443e+03
4.4 8.967573e+03 8.919780e+03 8.923698e+03 8.971491e+03
5.4 8.908602e+03 8.920005e+03 8.924109e+03 8.912707e+03
6.4 8.932570e+03 8.919948e+03 8.924136e+03 8.936758e+03
7.4 8.937485e+03 8.919808e+03 8.924002e+03 8.941679e+03
8.4 8.916501e+03 8.919674e+03 8.923824e+03 8.920651e+03
9.4 8.922573e+03 8.919595e+03 8.923674e+03 8.926652e+03
10.4 8.917043e+03 8.919569e+03 8.923569e+03 8.921043e+03
11.4 8.907967e+03 8.919587e+03 8.923507e+03 8.911886e+03
12.4 8.905386e+03 8.919630e+03 8.923471e+03 8.909228e+03
13.4 8.928865e+03 8.919683e+03 8.923451e+03 8.932632e+03
14.4 8.893221e+03 8.919739e+03 8.923439e+03 8.896920e+03
15.4 8.900845e+03 8.919794e+03 8.923429e+03 8.904481e+03
16.4 8.888969e+03 8.919844e+03 8.923422e+03 8.892547e+03
17.4 8.884886e+03 8.919862e+03 8.923389e+03 8.888413e+03
18.4 8.921483e+03 8.919102e+03 8.922584e+03 8.924965e+03
19.4 8.914614e+03 8.917342e+03 8.920784e+03 8.918056e+03
20.4 8.931665e+03 8.915815e+03 8.919224e+03 8.935074e+03
21.4 8.958429e+03 8.915079e+03 8.918460e+03 8.961810e+03
22.4 8.938588e+03 8.914870e+03 8.918230e+03 8.941948e+03
23.4 8.924237e+03 8.914932e+03 8.918276e+03 8.927581e+03
24.4 8.925659e+03 8.915283e+03 8.918426e+03 8.928802e+03
25.4 8.937032e+03 8.918148e+03 8.918586e+03 8.937470e+03
26.4 8.902935e+03 8.922917e+03 8.918705e+03 8.898722e+03
27.4 8.917441e+03 8.926478e+03 8.918778e+03 8.909741e+03
28.4 8.924926e+03 8.928155e+03 8.918818e+03 8.915588e+03
29.4 8.913736e+03 8.928537e+03 8.918835e+03 8.904034e+03
30.4 8.911147e+03 8.928306e+03 8.918842e+03 8.901683e+03
31.4 8.909048e+03 8.927865e+03 8.918844e+03 8.900027e+03
32.4 8.944381e+03 8.927431e+03 8.918844e+03 8.935794e+03
33.4 8.896983e+03 8.927091e+03 8.918844e+03 8.888736e+03
