0.7 7.450681e+03 7.526969e+03 7.549929e+03 7.473641e+03
1.7 7.489324e+03 7.528112e+03 7.547768e+03 7.508981e+03
2.7 7.467288e+03 7.525112e+03 7.542068e+03 7.484244e+03
3.7 7.577254e+03 7.521645e+03 7.536776e+03 7.592385e+03
4.7 7.459735e+03 7.519966e+03 7.534089e+03 7.473859e+03
5.7 7.532762e+03 7.519639e+03 7.533238e+03 7.546361e+03
6.7 7.492152e+03 7.520018e+03 7.533372e+03 7.505506e+03
7.7 7.506459e+03 7.520651e+03 7.533881e+03 7.519689e+03
8.7 7.537479e+03 7.521293e+03 7.534447e+03 7.550633e+03
9.7 7.497545e+03 7.521788e+03 7.534883e+03 7.510640e+03
10.7 7.526768e+03 7.522135e+03 7.535173e+03 7.539806e+03
11.7 7.562310e+03 7.522358e+03 7.535337e+03 7.575290e+03
12.7 7.559798e+03 7.522511e+03 7.535427e+03 7.572714e+03
13.7 7.514153e+03 7.522629e+03 7.535477e+03 7.527002e+03
14.7 7.447851e+03 7.522732e+03 7.535508e+03 7.460627e+03
15.7 7.593932e+03 7.522831e+03 7.535530e+03 7.606632e+03
16.7 7.472320e+03 7.522931e+03 7.535550e+03 7.484939e+03
17.7 7.539933e+03 7.523453e+03 7.535988e+03 7.552468e+03
18.7 7.543176e+03 7.527580e+03 7.540028e+03 7.555624e+03
19.7 7.512958e+03 7.533686e+03 7.546043e+03 7.525315e+03
20.7 7.559431e+03 7.538068e+03 7.550332e+03 7.571695e+03
21.7 7.583242e+03 7.539987e+03 7.552154e+03 7.595410e+03
22.7 7.551660e+03 7.540468e+03 7.552538e+03 7.563731e+03
23.7 7.530654e+03 7.538738e+03 7.552227e+03 7.544143e+03
24.7 7.517561e+03 7.530744e+03 7.551707e+03 7.538523e+03
25.7 7.578719e+03 7.521033e+03 7.551217e+03 7.608903e+03
26.7 7.513337e+03 7.515210e+03 7.550882e+03 7.549009e+03
27.7 7.477560e+03 7.512927e+03 7.550689e+03 7.515322e+03
28.7 7.470265e+03 7.512698e+03 7.550594e+03 7.508160e+03
29.7 7.517150e+03 7.513409e+03 7.550560e+03 7.554301e+03
30.7 7.529718e+03 7.514389e+03 7.550555e+03 7.565885e+03
31.7 7.575690e+03 7.515238e+03 7.550564e+03 7.611016e+03
32.7 7.454934e+03 7.515860e+03 7.550578e+03 7.489652e+03
33.7 7.513868e+03 7.516280e+03 7.550595e+03 7.548183e+03
1.0 7.564757e+03 7.541633e+03 7.552993e+03 7.576117e+03
2.0 7.525076e+03 7.539356e+03 7.549610e+03 7.535330e+03
3.0 7.494580e+03 7.534268e+03 7.543708e+03 7.504020e+03
4.0 7.536073e+03 7.530362e+03 7.539303e+03 7.545014e+03
5.0 7.511558e+03 7.528601e+03 7.537282e+03 7.520239e+03
6.0 7.521062e+03 7.528320e+03 7.536899e+03 7.529641e+03
7.0 7.487070e+03 7.528734e+03 7.537289e+03 7.495624e+03
8.0 7.539324e+03 7.529370e+03 7.537938e+03 7.547891e+03
9.0 7.527499e+03 7.529975e+03 7.538571e+03 7.536095e+03
10.0 7.478712e+03 7.530446e+03 7.539080e+03 7.487346e+03
11.0 7.542171e+03 7.530758e+03 7.539436e+03 7.550849e+03
12.0 7.573329e+03 7.530966e+03 7.539692e+03 7.582054e+03
13.0 7.625955e+03 7.531110e+03 7.539884e+03 7.634729e+03
14.0 7.554632e+03 7.531225e+03 7.540048e+03 7.563455e+03
15.0 7.528950e+03 7.531329e+03 7.540201e+03 7.537822e+03
16.0 7.580582e+03 7.531424e+03 7.540350e+03 7.589509e+03
17.0 7.560090e+03 7.531517e+03 7.540504e+03 7.569077e+03
18.0 7.547971e+03 7.532718e+03 7.541769e+03 7.557022e+03
19.0 7.418320e+03 7.537797e+03 7.546913e+03 7.427435e+03
20.0 7.492110e+03 7.543763e+03 7.552943e+03 7.501289e+03
