0.6 7.584725e+03 7.570618e+03 7.591836e+03 7.605943e+03
1.6 7.567568e+03 7.576289e+03 7.597813e+03 7.589092e+03
2.6 7.578925e+03 7.594801e+03 7.616617e+03 7.600741e+03
3.6 7.638358e+03 7.614027e+03 7.636120e+03 7.660451e+03
4.6 7.545625e+03 7.624634e+03 7.646998e+03 7.567989e+03
5.6 7.587350e+03 7.628552e+03 7.651204e+03 7.610001e+03
6.6 7.509954e+03 7.628724e+03 7.651677e+03 7.532907e+03
7.6 7.618767e+03 7.627389e+03 7.650644e+03 7.642022e+03
8.6 7.677847e+03 7.625740e+03 7.649283e+03 7.701390e+03
9.6 7.708627e+03 7.624507e+03 7.648306e+03 7.732427e+03
10.6 7.697727e+03 7.623788e+03 7.647810e+03 7.721748e+03
11.6 7.679306e+03 7.623539e+03 7.647757e+03 7.703524e+03
12.6 7.661456e+03 7.623572e+03 7.647968e+03 7.685852e+03
13.6 7.703734e+03 7.623756e+03 7.648317e+03 7.728295e+03
14.6 7.596488e+03 7.624018e+03 7.648733e+03 7.621203e+03
15.6 7.551440e+03 7.624312e+03 7.649171e+03 7.576299e+03
16.6 7.610472e+03 7.624620e+03 7.649614e+03 7.635466e+03
17.6 7.535907e+03 7.624191e+03 7.649311e+03 7.561027e+03
18.6 7.523426e+03 7.613113e+03 7.638350e+03 7.548663e+03
19.6 7.563752e+03 7.593185e+03 7.618529e+03 7.589096e+03
20.6 7.510710e+03 7.577791e+03 7.603234e+03 7.536153e+03
21.6 7.585923e+03 7.571598e+03 7.596548e+03 7.610872e+03
22.6 7.548009e+03 7.582597e+03 7.595181e+03 7.560594e+03
23.6 7.702601e+03 7.610670e+03 7.596459e+03 7.688391e+03
24.6 7.648319e+03 7.634100e+03 7.598628e+03 7.612848e+03
25.6 7.668767e+03 7.646826e+03 7.600781e+03 7.622721e+03
26.6 7.634716e+03 7.651244e+03 7.602424e+03 7.585896e+03
27.6 7.671588e+03 7.651447e+03 7.603572e+03 7.623713e+03
28.6 7.603162e+03 7.649842e+03 7.604358e+03 7.557678e+03
29.6 7.764963e+03 7.648030e+03 7.604912e+03 7.721845e+03
30.6 7.614713e+03 7.646640e+03 7.605351e+03 7.573423e+03
31.6 7.689579e+03 7.645899e+03 7.605731e+03 7.649411e+03
32.6 7.710335e+03 7.645631e+03 7.606085e+03 7.670789e+03
33.6 7.519086e+03 7.645651e+03 7.606426e+03 7.479860e+03
