0.5 8.384890e+03 8.394554e+03 8.416578e+03 8.406914e+03
1.5 8.385105e+03 8.399397e+03 8.420647e+03 8.406356e+03
2.5 8.421406e+03 8.416080e+03 8.436169e+03 8.441495e+03
3.5 8.431856e+03 8.432921e+03 8.452033e+03 8.450968e+03
4.5 8.430929e+03 8.442668e+03 8.461132e+03 8.449393e+03
5.5 8.429747e+03 8.446343e+03 8.464459e+03 8.447863e+03
6.5 8.425235e+03 8.446523e+03 8.464514e+03 8.443226e+03
7.5 8.447263e+03 8.445211e+03 8.463195e+03 8.465247e+03
8.5 8.441764e+03 8.443605e+03 8.461645e+03 8.459804e+03
9.5 8.490722e+03 8.442252e+03 8.460374e+03 8.508843e+03
10.5 8.492406e+03 8.441302e+03 8.459518e+03 8.510622e+03
11.5 8.473206e+03 8.440736e+03 8.459052e+03 8.491522e+03
12.5 8.408391e+03 8.440401e+03 8.458820e+03 8.426811e+03
13.5 8.426251e+03 8.440201e+03 8.458726e+03 8.444777e+03
14.5 8.397211e+03 8.440062e+03 8.458694e+03 8.415843e+03
15.5 8.399690e+03 8.439949e+03 8.458691e+03 8.418432e+03
16.5 8.402620e+03 8.439847e+03 8.458699e+03 8.421472e+03
17.5 8.390032e+03 8.439191e+03 8.458155e+03 8.408996e+03
18.5 8.404729e+03 8.430132e+03 8.449210e+03 8.423807e+03
19.5 8.445084e+03 8.412943e+03 8.432136e+03 8.464277e+03
20.5 8.392217e+03 8.399173e+03 8.418481e+03 8.411526e+03
21.5 8.413261e+03 8.392761e+03 8.412187e+03 8.432687e+03
22.5 8.447458e+03 8.390995e+03 8.410539e+03 8.467002e+03
23.5 8.354510e+03 8.391575e+03 8.411238e+03 8.374173e+03
24.5 8.383193e+03 8.393513e+03 8.412751e+03 8.402431e+03
25.5 8.418875e+03 8.400146e+03 8.414285e+03 8.433014e+03
26.5 8.427714e+03 8.408925e+03 8.415402e+03 8.434192e+03
27.5 8.388221e+03 8.415058e+03 8.416115e+03 8.389278e+03
28.5 8.391616e+03 8.417661e+03 8.416497e+03 8.390452e+03
29.5 8.426959e+03 8.418211e+03 8.416694e+03 8.425442e+03
30.5 8.456912e+03 8.417766e+03 8.416796e+03 8.455943e+03
31.5 8.481394e+03 8.417003e+03 8.416853e+03 8.481245e+03
32.5 8.456571e+03 8.416262e+03 8.416892e+03 8.457202e+03
33.5 8.429116e+03 8.415716e+03 8.416925e+03 8.430325e+03
0.4 8.399738e+03 8.385220e+03 8.414919e+03 8.429437e+03
1.4 8.422204e+03 8.384787e+03 8.417804e+03 8.455221e+03
2.4 8.383435e+03 8.398552e+03 8.431752e+03 8.416634e+03
3.4 8.415569e+03 8.416556e+03 8.448554e+03 8.447567e+03
4.4 8.417536e+03 8.427929e+03 8.458478e+03 8.448085e+03
5.4 8.434254e+03 8.432978e+03 8.462320e+03 8.463596e+03
6.4 8.458390e+03 8.433984e+03 8.462578e+03 8.486984e+03
7.4 8.491040e+03 8.433113e+03 8.461321e+03 8.519248e+03
8.4 8.434966e+03 8.431595e+03 8.459652e+03 8.463023e+03
9.4 8.427992e+03 8.430211e+03 8.458256e+03 8.456037e+03
10.4 8.458764e+03 8.429172e+03 8.457268e+03 8.486861e+03
11.4 8.427921e+03 8.428506e+03 8.456685e+03 8.456101e+03
12.4 8.439598e+03 8.428079e+03 8.456356e+03 8.467875e+03
13.4 8.453389e+03 8.427786e+03 8.456166e+03 8.481769e+03
14.4 8.434220e+03 8.427561e+03 8.456050e+03 8.462709e+03
15.4 8.440298e+03 8.427362e+03 8.455964e+03 8.468900e+03
16.4 8.408609e+03 8.427173e+03 8.455893e+03 8.437329e+03
17.4 8.409475e+03 8.426738e+03 8.455584e+03 8.438320e+03
18.4 8.430043e+03 8.419074e+03 8.448053e+03 8.459022e+03
19.4 8.444098e+03 8.402098e+03 8.431217e+03 8.473218e+03
20.4 8.356659e+03 8.387354e+03 8.416620e+03 8.385925e+03
21.4 8.397820e+03 8.380056e+03 8.409475e+03 8.427240e+03
22.4 8.394658e+03 8.377746e+03 8.407324e+03 8.424236e+03
23.4 8.378369e+03 8.378011e+03 8.407754e+03 8.408112e+03
24.4 8.429104e+03 8.380315e+03 8.409154e+03 8.457943e+03
25.4 8.441300e+03 8.396786e+03 8.410654e+03 8.455169e+03
26.4 8.430624e+03 8.423813e+03 8.411763e+03 8.418574e+03
27.4 8.418118e+03 8.443925e+03 8.412453e+03 8.386647e+03
28.4 8.409486e+03 8.453363e+03 8.412824e+03 8.368947e+03
29.4 8.440590e+03 8.455482e+03 8.412987e+03 8.398095e+03
30.4 8.454571e+03 8.454147e+03 8.413050e+03 8.413474e+03
31.4 8.468101e+03 8.451645e+03 8.413066e+03 8.429522e+03
32.4 8.493970e+03 8.449203e+03 8.413067e+03 8.457834e+03
33.4 8.474140e+03 8.447308e+03 8.413066e+03 8.439897e+03
