0.5 9.447829e+03 9.441562e+03 9.474755e+03 9.481022e+03
1.5 9.447044e+03 9.446722e+03 9.478205e+03 9.478527e+03
2.5 9.445282e+03 9.462263e+03 9.491364e+03 9.474382e+03
3.5 9.494340e+03 9.477773e+03 9.504812e+03 9.521379e+03
4.5 9.537076e+03 9.486973e+03 9.512526e+03 9.562629e+03
5.5 9.502275e+03 9.490760e+03 9.515347e+03 9.526862e+03
6.5 9.506712e+03 9.491384e+03 9.515393e+03 9.530721e+03
7.5 9.479038e+03 9.490636e+03 9.514275e+03 9.502677e+03
8.5 9.503787e+03 9.489582e+03 9.512961e+03 9.527166e+03
9.5 9.518511e+03 9.488715e+03 9.511884e+03 9.541680e+03
10.5 9.492786e+03 9.488175e+03 9.511158e+03 9.515769e+03
11.5 9.501708e+03 9.487954e+03 9.510763e+03 9.524517e+03
12.5 9.429684e+03 9.487922e+03 9.510567e+03 9.452328e+03
13.5 9.472014e+03 9.488000e+03 9.510487e+03 9.494500e+03
14.5 9.474039e+03 9.488125e+03 9.510460e+03 9.496374e+03
15.5 9.459778e+03 9.488268e+03 9.510457e+03 9.481967e+03
16.5 9.510604e+03 9.488415e+03 9.510464e+03 9.532652e+03
17.5 9.500528e+03 9.488089e+03 9.510003e+03 9.522443e+03
18.5 9.505468e+03 9.480633e+03 9.502419e+03 9.527253e+03
19.5 9.443349e+03 9.466282e+03 9.487945e+03 9.465011e+03
20.5 9.530662e+03 9.454824e+03 9.476369e+03 9.552207e+03
21.5 9.531452e+03 9.449600e+03 9.471033e+03 9.552885e+03
22.5 9.508783e+03 9.448309e+03 9.469635e+03 9.530109e+03
23.5 9.433302e+03 9.449004e+03 9.470228e+03 9.454526e+03
24.5 9.419910e+03 9.450642e+03 9.471511e+03 9.440779e+03
25.5 9.448714e+03 9.454517e+03 9.472812e+03 9.467009e+03
26.5 9.460194e+03 9.459251e+03 9.473759e+03 9.474702e+03
27.5 9.494791e+03 9.462573e+03 9.474363e+03 9.506580e+03
28.5 9.466899e+03 9.464089e+03 9.474687e+03 9.477497e+03
29.5 9.455656e+03 9.464555e+03 9.474854e+03 9.465955e+03
30.5 9.454764e+03 9.464508e+03 9.474940e+03 9.465196e+03
31.5 9.521903e+03 9.464289e+03 9.474988e+03 9.532602e+03
32.5 9.481880e+03 9.464070e+03 9.475022e+03 9.492831e+03
33.5 9.487885e+03 9.463937e+03 9.475049e+03 9.498996e+03
0.4 9.436822e+03 9.453373e+03 9.473349e+03 9.456797e+03
1.4 9.453247e+03 9.453657e+03 9.475795e+03 9.475385e+03
2.4 9.460887e+03 9.465486e+03 9.487619e+03 9.483020e+03
3.4 9.547987e+03 9.480694e+03 9.501863e+03 9.569157e+03
4.4 9.515067e+03 9.490244e+03 9.510276e+03 9.535099e+03
5.4 9.538532e+03 9.494476e+03 9.513533e+03 9.557590e+03
6.4 9.474617e+03 9.495355e+03 9.513752e+03 9.493014e+03
7.4 9.513445e+03 9.494703e+03 9.512687e+03 9.531429e+03
8.4 9.431583e+03 9.493543e+03 9.511272e+03 9.449312e+03
9.4 9.478162e+03 9.492522e+03 9.510088e+03 9.495729e+03
10.4 9.468172e+03 9.491806e+03 9.509251e+03 9.485617e+03
11.4 9.504529e+03 9.491415e+03 9.508757e+03 9.521871e+03
12.4 9.486062e+03 9.491234e+03 9.508477e+03 9.503306e+03
13.4 9.480712e+03 9.491172e+03 9.508316e+03 9.497856e+03
14.4 9.480811e+03 9.491175e+03 9.508218e+03 9.497853e+03
15.4 9.495479e+03 9.491206e+03 9.508145e+03 9.512418e+03
16.4 9.467661e+03 9.491248e+03 9.508085e+03 9.484498e+03
17.4 9.424768e+03 9.491085e+03 9.507823e+03 9.441506e+03
18.4 9.501104e+03 9.484794e+03 9.501438e+03 9.517747e+03
19.4 9.523115e+03 9.470614e+03 9.487166e+03 9.539667e+03
20.4 9.439241e+03 9.458329e+03 9.474791e+03 9.455703e+03
21.4 9.457261e+03 9.452361e+03 9.468733e+03 9.473633e+03
22.4 9.400898e+03 9.450626e+03 9.466910e+03 9.417183e+03
23.4 9.474518e+03 9.451079e+03 9.467275e+03 9.490714e+03
24.4 9.449277e+03 9.452888e+03 9.468462e+03 9.464851e+03
25.4 9.465312e+03 9.461784e+03 9.469733e+03 9.473261e+03
26.4 9.475940e+03 9.475799e+03 9.470674e+03 9.470815e+03
27.4 9.530119e+03 9.486228e+03 9.471258e+03 9.515149e+03
28.4 9.488640e+03 9.491235e+03 9.471573e+03 9.468978e+03
29.4 9.473699e+03 9.492529e+03 9.471711e+03 9.452881e+03
30.4 9.503100e+03 9.492070e+03 9.471764e+03 9.482794e+03
31.4 9.482071e+03 9.491016e+03 9.471778e+03 9.462833e+03
32.4 9.468636e+03 9.489988e+03 9.471779e+03 9.450426e+03
33.4 9.483240e+03 9.489239e+03 9.471778e+03 9.465779e+03
