7.611522e+03 7.690663e+03 7.624629e+03 7.677555e+03
7.616870e+03 7.690107e+03 7.625116e+03 7.681861e+03
7.643642e+03 7.689563e+03 7.625697e+03 7.707507e+03
7.653358e+03 7.689030e+03 7.635526e+03 7.706863e+03
7.666952e+03 7.688509e+03 7.667438e+03 7.688023e+03
7.692458e+03 7.688000e+03 7.700574e+03 7.679883e+03
7.592823e+03 7.687503e+03 7.718880e+03 7.561446e+03
7.634921e+03 7.687017e+03 7.725694e+03 7.596244e+03
7.633020e+03 7.686543e+03 7.726075e+03 7.593489e+03
7.719748e+03 7.686081e+03 7.723867e+03 7.681962e+03
7.826645e+03 7.685635e+03 7.721115e+03 7.791164e+03
7.815958e+03 7.685214e+03 7.719063e+03 7.782109e+03
7.805669e+03 7.684820e+03 7.717882e+03 7.772607e+03
7.767090e+03 7.684446e+03 7.717497e+03 7.734038e+03
7.789194e+03 7.684085e+03 7.717590e+03 7.755689e+03
7.801955e+03 7.683735e+03 7.717939e+03 7.767751e+03
7.726644e+03 7.683393e+03 7.718416e+03 7.691620e+03
7.724334e+03 7.683060e+03 7.718946e+03 7.688448e+03
7.744939e+03 7.682735e+03 7.719498e+03 7.708177e+03
7.545156e+03 7.682420e+03 7.718780e+03 7.508796e+03
7.513716e+03 7.682115e+03 7.699738e+03 7.496094e+03
7.511845e+03 7.681820e+03 7.665468e+03 7.528197e+03
7.478457e+03 7.681534e+03 7.638997e+03 7.520994e+03
7.535472e+03 7.681257e+03 7.627885e+03 7.588844e+03
7.622128e+03 7.680991e+03 7.636826e+03 7.666292e+03
7.755644e+03 7.680734e+03 7.663567e+03 7.772811e+03
7.625428e+03 7.680487e+03 7.686765e+03 7.619149e+03
7.684293e+03 7.680245e+03 7.700129e+03 7.664409e+03
7.639649e+03 7.680006e+03 7.705460e+03 7.614195e+03
7.692200e+03 7.679772e+03 7.706528e+03 7.665444e+03
7.664419e+03 7.679545e+03 7.705651e+03 7.638313e+03
7.846806e+03 7.679327e+03 7.704400e+03 7.821733e+03
7.739133e+03 7.679120e+03 7.703450e+03 7.714803e+03
7.845136e+03 7.678924e+03 7.703054e+03 7.821006e+03
7.809039e+03 7.678738e+03 7.703073e+03 7.784703e+03
7.583156e+03 7.678562e+03 7.703349e+03 7.558369e+03
7.674853e+03 7.678396e+03 7.703766e+03 7.649483e+03
7.616804e+03 7.678240e+03 7.704242e+03 7.590802e+03
7.515616e+03 7.678093e+03 7.704742e+03 7.488966e+03
7.540305e+03 7.677955e+03 7.705247e+03 7.513012e+03
7.556231e+03 7.677825e+03 7.702611e+03 7.531445e+03
7.545918e+03 7.677704e+03 7.684579e+03 7.539043e+03
7.693051e+03 7.677591e+03 7.660596e+03 7.710046e+03
7.827563e+03 7.677486e+03 7.645836e+03 7.859213e+03
7.705807e+03 7.677389e+03 7.640107e+03 7.743089e+03
7.801848e+03 7.677360e+03 7.639772e+03 7.839435e+03
7.684152e+03 7.686696e+03 7.655105e+03 7.715743e+03
7.831623e+03 7.722385e+03 7.708401e+03 7.845607e+03
7.739453e+03 7.758862e+03 7.762463e+03 7.735853e+03
7.904557e+03 7.779773e+03 7.793897e+03 7.890433e+03
7.756014e+03 7.787401e+03 7.805988e+03 7.737427e+03
7.867155e+03 7.787498e+03 7.807010e+03 7.847643e+03
7.886049e+03 7.784433e+03 7.803332e+03 7.867150e+03
7.970530e+03 7.780836e+03 7.798775e+03 7.952592e+03
7.888586e+03 7.777884e+03 7.795063e+03 7.871406e+03
7.869992e+03 7.775884e+03 7.792663e+03 7.853213e+03
7.702124e+03 7.774784e+03 7.791509e+03 7.685399e+03
7.756007e+03 7.774222e+03 7.791096e+03 7.739133e+03
7.701768e+03 7.773977e+03 7.791111e+03 7.684634e+03
7.738140e+03 7.773876e+03 7.791311e+03 7.720704e+03
7.712910e+03 7.773839e+03 7.791585e+03 7.695165e+03
7.815361e+03 7.773832e+03 7.791881e+03 7.797312e+03
7.730370e+03 7.772552e+03 7.790360e+03 7.712562e+03
7.799109e+03 7.751939e+03 7.761479e+03 7.789569e+03
7.803682e+03 7.712621e+03 7.706127e+03 7.810176e+03
7.714634e+03 7.681171e+03 7.661885e+03 7.733920e+03
7.867916e+03 7.666661e+03 7.641580e+03 7.892997e+03
7.845193e+03 7.662840e+03 7.636376e+03 7.871657e+03
7.613156e+03 7.664424e+03 7.638797e+03 7.638783e+03
7.439017e+03 7.667881e+03 7.642594e+03 7.464304e+03
7.579913e+03 7.671386e+03 7.635666e+03 7.615634e+03
7.502645e+03 7.673931e+03 7.621454e+03 7.555122e+03
7.427599e+03 7.675547e+03 7.611074e+03 7.492072e+03
7.482157e+03 7.676402e+03 7.606980e+03 7.551579e+03
7.638237e+03 7.676831e+03 7.606569e+03 7.708499e+03
7.596011e+03 7.677042e+03 7.607912e+03 7.665141e+03
7.684869e+03 7.677149e+03 7.609717e+03 7.752301e+03
7.587158e+03 7.677217e+03 7.611360e+03 7.653015e+03
7.646918e+03 7.677268e+03 7.612499e+03 7.711687e+03
7.633537e+03 7.677314e+03 7.613194e+03 7.697657e+03
7.640207e+03 7.677358e+03 7.613577e+03 7.703988e+03
7.529791e+03 7.677402e+03 7.613761e+03 7.593431e+03
7.619031e+03 7.677445e+03 7.613845e+03 7.682631e+03
7.596744e+03 7.677488e+03 7.613874e+03 7.660359e+03
7.709503e+03 7.677531e+03 7.613873e+03 7.773161e+03
7.657012e+03 7.677572e+03 7.613887e+03 7.720697e+03
7.748221e+03 7.677612e+03 7.618389e+03 7.807444e+03
7.721646e+03 7.677651e+03 7.634793e+03 7.764504e+03
7.554477e+03 7.677689e+03 7.651208e+03 7.580958e+03
7.458882e+03 7.677725e+03 7.660477e+03 7.476130e+03
7.459810e+03 7.677759e+03 7.663757e+03 7.473813e+03
7.365878e+03 7.677791e+03 7.663659e+03 7.380011e+03
7.444847e+03 7.677860e+03 7.662088e+03 7.460619e+03
7.426594e+03 7.679512e+03 7.658037e+03 7.448069e+03
7.687581e+03 7.683794e+03 7.650549e+03 7.720825e+03
7.684604e+03 7.687768e+03 7.643910e+03 7.728462e+03
7.530573e+03 7.689802e+03 7.640400e+03 7.579975e+03
7.600376e+03 7.690469e+03 7.639049e+03 7.651795e+03
7.576597e+03 7.690399e+03 7.638860e+03 7.628137e+03
7.665576e+03 7.690047e+03 7.639116e+03 7.716508e+03
7.611357e+03 7.689649e+03 7.639447e+03 7.661558e+03
7.688562e+03 7.689345e+03 7.639641e+03 7.738266e+03
7.686401e+03 7.689144e+03 7.639675e+03 7.735870e+03
7.770413e+03 7.689034e+03 7.639567e+03 7.819879e+03
7.713377e+03 7.688975e+03 7.639371e+03 7.762980e+03
7.651326e+03 7.688941e+03 7.639123e+03 7.701143e+03
7.657070e+03 7.688917e+03 7.638845e+03 7.707142e+03
7.630309e+03 7.688895e+03 7.638549e+03 7.680655e+03
7.640815e+03 7.688871e+03 7.638240e+03 7.691446e+03
7.626412e+03 7.688531e+03 7.638363e+03 7.676580e+03
7.790518e+03 7.685508e+03 7.642266e+03 7.833760e+03
7.739655e+03 7.681012e+03 7.648238e+03 7.772429e+03
7.709317e+03 7.677795e+03 7.652387e+03 7.734724e+03
7.681368e+03 7.676407e+03 7.653935e+03 7.703840e+03
7.638346e+03 7.676085e+03 7.653967e+03 7.660464e+03
7.753400e+03 7.676274e+03 7.657190e+03 7.772484e+03
7.742516e+03 7.676614e+03 7.675856e+03 7.743274e+03
7.782574e+03 7.676927e+03 7.699075e+03 7.760426e+03
7.737242e+03 7.677119e+03 7.712799e+03 7.701562e+03
7.745679e+03 7.677201e+03 7.717878e+03 7.705002e+03
7.690592e+03 7.677206e+03 7.717998e+03 7.649800e+03
7.783304e+03 7.677160e+03 7.715910e+03 7.744553e+03
7.862717e+03 7.677087e+03 7.713231e+03 7.826574e+03
7.892654e+03 7.677000e+03 7.710937e+03 7.858717e+03
7.827744e+03 7.676903e+03 7.709248e+03 7.795399e+03
7.773503e+03 7.676801e+03 7.708089e+03 7.742215e+03
7.736797e+03 7.676692e+03 7.707316e+03 7.706173e+03
7.816868e+03 7.676579e+03 7.706744e+03 7.786703e+03
7.659807e+03 7.676461e+03 7.706277e+03 7.629991e+03
7.638402e+03 7.676337e+03 7.705853e+03 7.608886e+03
7.703204e+03 7.676209e+03 7.705448e+03 7.673966e+03
7.695600e+03 7.676076e+03 7.704757e+03 7.666919e+03
7.644572e+03 7.675939e+03 7.694185e+03 7.626326e+03
7.729696e+03 7.675796e+03 7.670085e+03 7.735407e+03
7.844730e+03 7.675649e+03 7.649185e+03 7.871193e+03
7.756517e+03 7.675497e+03 7.638118e+03 7.793896e+03
7.841432e+03 7.675341e+03 7.634633e+03 7.882140e+03
7.739994e+03 7.675181e+03 7.639188e+03 7.775987e+03
7.892835e+03 7.675016e+03 7.683552e+03 7.884298e+03
7.815720e+03 7.674847e+03 7.753326e+03 7.737240e+03
7.840312e+03 7.674673e+03 7.804457e+03 7.710529e+03
7.753467e+03 7.674496e+03 7.826683e+03 7.601279e+03
7.764015e+03 7.674315e+03 7.831655e+03 7.606675e+03
7.804609e+03 7.674130e+03 7.828166e+03 7.650573e+03
7.813346e+03 7.673941e+03 7.821948e+03 7.665339e+03
7.866380e+03 7.673749e+03 7.815919e+03 7.724210e+03
7.877359e+03 7.673553e+03 7.811609e+03 7.739304e+03
7.877334e+03 7.673355e+03 7.808866e+03 7.741822e+03
7.817628e+03 7.673153e+03 7.807360e+03 7.683421e+03
7.833082e+03 7.672948e+03 7.806540e+03 7.699489e+03
7.818682e+03 7.672740e+03 7.806072e+03 7.685350e+03
7.704198e+03 7.672530e+03 7.805780e+03 7.570948e+03
7.770423e+03 7.672318e+03 7.805567e+03 7.637174e+03
7.765645e+03 7.672103e+03 7.805316e+03 7.632433e+03
7.801520e+03 7.671886e+03 7.789932e+03 7.683475e+03
7.772627e+03 7.671668e+03 7.729110e+03 7.715185e+03
7.778679e+03 7.671448e+03 7.665701e+03 7.784426e+03
7.543915e+03 7.671239e+03 7.628312e+03 7.586842e+03
7.648857e+03 7.677843e+03 7.624828e+03 7.701872e+03
7.636759e+03 7.709904e+03 7.669990e+03 7.676673e+03
7.673249e+03 7.748531e+03 7.730043e+03 7.691737e+03
7.664796e+03 7.771328e+03 7.768739e+03 7.667385e+03
7.766008e+03 7.780129e+03 7.786706e+03 7.759431e+03
7.786949e+03 7.780681e+03 7.791196e+03 7.776433e+03
7.804591e+03 7.777744e+03 7.789336e+03 7.793000e+03
7.787236e+03 7.773857e+03 7.785227e+03 7.775866e+03
7.822280e+03 7.770597e+03 7.781488e+03 7.811389e+03
7.785417e+03 7.768275e+03 7.778859e+03 7.774834e+03
7.752408e+03 7.766884e+03 7.777463e+03 7.741829e+03
7.703285e+03 7.766073e+03 7.776876e+03 7.692481e+03
7.773966e+03 7.765583e+03 7.776762e+03 7.762787e+03
7.736044e+03 7.765259e+03 7.776908e+03 7.724395e+03
7.705129e+03 7.765005e+03 7.777183e+03 7.692951e+03
7.746680e+03 7.764781e+03 7.777529e+03 7.733932e+03
7.710753e+03 7.764011e+03 7.777126e+03 7.697638e+03
7.756424e+03 7.746616e+03 7.753237e+03 7.749802e+03
7.847471e+03 7.707808e+03 7.699093e+03 7.856186e+03
7.655392e+03 7.674150e+03 7.652260e+03 7.677282e+03
7.486053e+03 7.657638e+03 7.629704e+03 7.513987e+03
7.508937e+03 7.652618e+03 7.623430e+03 7.538125e+03
7.590932e+03 7.653535e+03 7.625582e+03 7.618885e+03
7.643006e+03 7.656866e+03 7.630657e+03 7.669215e+03
7.554594e+03 7.662834e+03 7.632678e+03 7.584749e+03
7.586777e+03 7.669775e+03 7.630803e+03 7.625749e+03
7.566239e+03 7.674637e+03 7.629159e+03 7.611717e+03
7.528711e+03 7.676995e+03 7.629012e+03 7.576693e+03
7.541116e+03 7.677653e+03 7.629930e+03 7.588839e+03
7.558219e+03 7.677508e+03 7.631362e+03 7.604366e+03
7.639237e+03 7.677064e+03 7.632938e+03 7.683363e+03
7.543456e+03 7.676595e+03 7.634473e+03 7.585579e+03
7.639931e+03 7.676213e+03 7.635897e+03 7.680247e+03
7.541359e+03 7.675949e+03 7.637203e+03 7.580105e+03
7.992613e+03 7.675769e+03 7.638446e+03 8.029936e+03
7.773884e+03 7.675647e+03 7.639666e+03 7.809865e+03
7.723468e+03 7.675560e+03 7.640898e+03 7.758130e+03
7.672689e+03 7.675488e+03 7.642153e+03 7.706024e+03
7.646120e+03 7.675412e+03 7.643418e+03 7.678114e+03
7.612470e+03 7.675325e+03 7.644698e+03 7.643097e+03
7.634488e+03 7.674411e+03 7.647167e+03 7.661732e+03
7.356102e+03 7.670619e+03 7.653748e+03 7.372973e+03
7.706410e+03 7.666180e+03 7.661300e+03 7.711290e+03
7.590002e+03 7.663563e+03 7.666339e+03 7.587225e+03
