4.203474e+03 4.220686e+03 4.310872e+03 4.113287e+03
4.255709e+03 4.221248e+03 4.309210e+03 4.167747e+03
4.228233e+03 4.221860e+03 4.307457e+03 4.142637e+03
4.210513e+03 4.228349e+03 4.293959e+03 4.144903e+03
4.222176e+03 4.248888e+03 4.252371e+03 4.218693e+03
4.280883e+03 4.270196e+03 4.209254e+03 4.341826e+03
4.189593e+03 4.282057e+03 4.185039e+03 4.286611e+03
4.232423e+03 4.286610e+03 4.175451e+03 4.343582e+03
4.211893e+03 4.287073e+03 4.174049e+03 4.324917e+03
3.957421e+03 4.285888e+03 4.175954e+03 4.067356e+03
4.101601e+03 4.284345e+03 4.178584e+03 4.207362e+03
4.058275e+03 4.283227e+03 4.180381e+03 4.161120e+03
4.157999e+03 4.282638e+03 4.181135e+03 4.259501e+03
4.173428e+03 4.282538e+03 4.180923e+03 4.275044e+03
4.172601e+03 4.282730e+03 4.180137e+03 4.275193e+03
4.176870e+03 4.283075e+03 4.179052e+03 4.280893e+03
4.285067e+03 4.283495e+03 4.177827e+03 4.390735e+03
4.175837e+03 4.283940e+03 4.176556e+03 4.283221e+03
4.058100e+03 4.284392e+03 4.175279e+03 4.167213e+03
4.175069e+03 4.284029e+03 4.175641e+03 4.283457e+03
4.391892e+03 4.271993e+03 4.199356e+03 4.464529e+03
4.304526e+03 4.250254e+03 4.242484e+03 4.312297e+03
4.292831e+03 4.233475e+03 4.275701e+03 4.250605e+03
4.321131e+03 4.226201e+03 4.290217e+03 4.257116e+03
4.263580e+03 4.226296e+03 4.296167e+03 4.193708e+03
4.233504e+03 4.231162e+03 4.300074e+03 4.164592e+03
4.239313e+03 4.236284e+03 4.300596e+03 4.175002e+03
4.280286e+03 4.240002e+03 4.298383e+03 4.221904e+03
4.286277e+03 4.242149e+03 4.295264e+03 4.233162e+03
4.254685e+03 4.243271e+03 4.292268e+03 4.205688e+03
4.289375e+03 4.243811e+03 4.289692e+03 4.243494e+03
4.280990e+03 4.244098e+03 4.287638e+03 4.237450e+03
4.305667e+03 4.244330e+03 4.285979e+03 4.264019e+03
4.283233e+03 4.244591e+03 4.284635e+03 4.243189e+03
4.355314e+03 4.244887e+03 4.283484e+03 4.316717e+03
4.282752e+03 4.245208e+03 4.282448e+03 4.245512e+03
4.369663e+03 4.245541e+03 4.281482e+03 4.333722e+03
4.382705e+03 4.245876e+03 4.280556e+03 4.348024e+03
4.308295e+03 4.246208e+03 4.279657e+03 4.274846e+03
4.324465e+03 4.246536e+03 4.278781e+03 4.292221e+03
4.383176e+03 4.246415e+03 4.277035e+03 4.352555e+03
4.287031e+03 4.244110e+03 4.270954e+03 4.260187e+03
4.286984e+03 4.240957e+03 4.263209e+03 4.264733e+03
4.296201e+03 4.239105e+03 4.258094e+03 4.277212e+03
4.295813e+03 4.238526e+03 4.255555e+03 4.278784e+03
4.265256e+03 4.238700e+03 4.254553e+03 4.249403e+03
4.272180e+03 4.240304e+03 4.256442e+03 4.256043e+03
4.308040e+03 4.245076e+03 4.264695e+03 4.288421e+03
4.305306e+03 4.249886e+03 4.273055e+03 4.282138e+03
4.227809e+03 4.252790e+03 4.277632e+03 4.202967e+03
4.306731e+03 4.254063e+03 4.278975e+03 4.281820e+03
4.305676e+03 4.254394e+03 4.278464e+03 4.281607e+03
4.216348e+03 4.254321e+03 4.277172e+03 4.193497e+03
4.239528e+03 4.254163e+03 4.275741e+03 4.217950e+03
4.328310e+03 4.254068e+03 4.274463e+03 4.307915e+03
4.337972e+03 4.254076e+03 4.273418e+03 4.318629e+03
4.372246e+03 4.254181e+03 4.272596e+03 4.353831e+03
4.313229e+03 4.254343e+03 4.271914e+03 4.295658e+03
4.356461e+03 4.254536e+03 4.271320e+03 4.339677e+03
4.313440e+03 4.254740e+03 4.270775e+03 4.297405e+03
4.328712e+03 4.254946e+03 4.270260e+03 4.313398e+03
4.301200e+03 4.255149e+03 4.269765e+03 4.286584e+03
4.285924e+03 4.255199e+03 4.268989e+03 4.272133e+03
4.267879e+03 4.252988e+03 4.263718e+03 4.257149e+03
4.240356e+03 4.248591e+03 4.254099e+03 4.234848e+03
4.047941e+03 4.245106e+03 4.246329e+03 4.046718e+03
4.094264e+03 4.243592e+03 4.242524e+03 4.095332e+03
4.262315e+03 4.243318e+03 4.241225e+03 4.264408e+03
4.187053e+03 4.243670e+03 4.241201e+03 4.189521e+03
4.207809e+03 4.244234e+03 4.242945e+03 4.209098e+03
4.278875e+03 4.244800e+03 4.256030e+03 4.267646e+03
4.308208e+03 4.245249e+03 4.275108e+03 4.278348e+03
4.288166e+03 4.245584e+03 4.288561e+03 4.245189e+03
4.272243e+03 4.245826e+03 4.294103e+03 4.223967e+03
4.326392e+03 4.246014e+03 4.295039e+03 4.277366e+03
4.312384e+03 4.246172e+03 4.293757e+03 4.264799e+03
4.322955e+03 4.246313e+03 4.291805e+03 4.277463e+03
4.274728e+03 4.246445e+03 4.289952e+03 4.231221e+03
4.296696e+03 4.246571e+03 4.288595e+03 4.254671e+03
4.301860e+03 4.246692e+03 4.287692e+03 4.260860e+03
4.316268e+03 4.246808e+03 4.287109e+03 4.275966e+03
4.309311e+03 4.246921e+03 4.286731e+03 4.269501e+03
4.267613e+03 4.247029e+03 4.286453e+03 4.228189e+03
4.334422e+03 4.247134e+03 4.286230e+03 4.295326e+03
4.225744e+03 4.247234e+03 4.286033e+03 4.186945e+03
4.314198e+03 4.247331e+03 4.285816e+03 4.275713e+03
4.268191e+03 4.247424e+03 4.280881e+03 4.234734e+03
4.236847e+03 4.247513e+03 4.263443e+03 4.220916e+03
4.266710e+03 4.247599e+03 4.245990e+03 4.268319e+03
4.303974e+03 4.247681e+03 4.236034e+03 4.315620e+03
4.305922e+03 4.247759e+03 4.232363e+03 4.321319e+03
4.278370e+03 4.247834e+03 4.232233e+03 4.293971e+03
4.243958e+03 4.247906e+03 4.233688e+03 4.258176e+03
4.272573e+03 4.247974e+03 4.239542e+03 4.281004e+03
4.180795e+03 4.248039e+03 4.251992e+03 4.176842e+03
4.303830e+03 4.248101e+03 4.263198e+03 4.288732e+03
4.274104e+03 4.248160e+03 4.268912e+03 4.253352e+03
4.272203e+03 4.248215e+03 4.270803e+03 4.249616e+03
4.279496e+03 4.248268e+03 4.270636e+03 4.257128e+03
4.269100e+03 4.248318e+03 4.269677e+03 4.247741e+03
4.279141e+03 4.248365e+03 4.268586e+03 4.258920e+03
4.226423e+03 4.248409e+03 4.267744e+03 4.207088e+03
4.262341e+03 4.248451e+03 4.267186e+03 4.243606e+03
4.214833e+03 4.248489e+03 4.266880e+03 4.196443e+03
4.268417e+03 4.248526e+03 4.266723e+03 4.250219e+03
4.197692e+03 4.248560e+03 4.266649e+03 4.179602e+03
4.216087e+03 4.248591e+03 4.266618e+03 4.198061e+03
4.292550e+03 4.248620e+03 4.266607e+03 4.274563e+03
4.265121e+03 4.248647e+03 4.266608e+03 4.247161e+03
4.289199e+03 4.248672e+03 4.265797e+03 4.272074e+03
4.209932e+03 4.248694e+03 4.257969e+03 4.200657e+03
4.255847e+03 4.248715e+03 4.246295e+03 4.258267e+03
4.267456e+03 4.248733e+03 4.237990e+03 4.278199e+03
4.279220e+03 4.248750e+03 4.234497e+03 4.293473e+03
4.287713e+03 4.248765e+03 4.233813e+03 4.302665e+03
4.172428e+03 4.249334e+03 4.235597e+03 4.186165e+03
4.214875e+03 4.252118e+03 4.242227e+03 4.224766e+03
4.229500e+03 4.255542e+03 4.250081e+03 4.234961e+03
4.253264e+03 4.257597e+03 4.254903e+03 4.255958e+03
4.244263e+03 4.258408e+03 4.256966e+03 4.245706e+03
4.222252e+03 4.258502e+03 4.257408e+03 4.223347e+03
4.254811e+03 4.258274e+03 4.257091e+03 4.255994e+03
4.200700e+03 4.257957e+03 4.256544e+03 4.202112e+03
4.188025e+03 4.257691e+03 4.256079e+03 4.189638e+03
4.173177e+03 4.257510e+03 4.255775e+03 4.174913e+03
4.201074e+03 4.257402e+03 4.255618e+03 4.202859e+03
4.302948e+03 4.257349e+03 4.255569e+03 4.304727e+03
4.258024e+03 4.257322e+03 4.255578e+03 4.259768e+03
4.321537e+03 4.257310e+03 4.255616e+03 4.323230e+03
4.224001e+03 4.257303e+03 4.255667e+03 4.225637e+03
4.206474e+03 4.257297e+03 4.255722e+03 4.208050e+03
4.274302e+03 4.257251e+03 4.255695e+03 4.275858e+03
4.269165e+03 4.255805e+03 4.252872e+03 4.272099e+03
4.271000e+03 4.252445e+03 4.246218e+03 4.277227e+03
4.325090e+03 4.249537e+03 4.240468e+03 4.334158e+03
4.289149e+03 4.248018e+03 4.237498e+03 4.299670e+03
4.353114e+03 4.247572e+03 4.236669e+03 4.364016e+03
4.275103e+03 4.248034e+03 4.236134e+03 4.287002e+03
4.260966e+03 4.252094e+03 4.229204e+03 4.283856e+03
4.231477e+03 4.258409e+03 4.217827e+03 4.272059e+03
4.210054e+03 4.263048e+03 4.209539e+03 4.263563e+03
4.160261e+03 4.265095e+03 4.206067e+03 4.219289e+03
4.208044e+03 4.265589e+03 4.205437e+03 4.268196e+03
4.194740e+03 4.265317e+03 4.206161e+03 4.253895e+03
4.269400e+03 4.264795e+03 4.207299e+03 4.326897e+03
4.184046e+03 4.264286e+03 4.208369e+03 4.239963e+03
4.199168e+03 4.263927e+03 4.209120e+03 4.253976e+03
4.175741e+03 4.263705e+03 4.209587e+03 4.229859e+03
4.217709e+03 4.263593e+03 4.209831e+03 4.271470e+03
4.257706e+03 4.263540e+03 4.209953e+03 4.311293e+03
4.145143e+03 4.263518e+03 4.210010e+03 4.198651e+03
4.285598e+03 4.263512e+03 4.210036e+03 4.339074e+03
4.210953e+03 4.263511e+03 4.210046e+03 4.264418e+03
4.174203e+03 4.263507e+03 4.210062e+03 4.227647e+03
4.191120e+03 4.262162e+03 4.212758e+03 4.240524e+03
4.162813e+03 4.256794e+03 4.223497e+03 4.196110e+03
4.330130e+03 4.251196e+03 4.234693e+03 4.346632e+03
4.198688e+03 4.247900e+03 4.241289e+03 4.205299e+03
4.211683e+03 4.247546e+03 4.245177e+03 4.214051e+03
4.194673e+03 4.251279e+03 4.252763e+03 4.193189e+03
4.229618e+03 4.256273e+03 4.260887e+03 4.225003e+03
4.269110e+03 4.259512e+03 4.265137e+03 4.263485e+03
4.192168e+03 4.261035e+03 4.266286e+03 4.186917e+03
4.250318e+03 4.261435e+03 4.265831e+03 4.245922e+03
4.237526e+03 4.261302e+03 4.264813e+03 4.234016e+03
4.249437e+03 4.260978e+03 4.263731e+03 4.246684e+03
4.198899e+03 4.260680e+03 4.262886e+03 4.196694e+03
4.234662e+03 4.260472e+03 4.262296e+03 4.232839e+03
4.271999e+03 4.260365e+03 4.261936e+03 4.270428e+03
4.238171e+03 4.260325e+03 4.261708e+03 4.236788e+03
4.278953e+03 4.260326e+03 4.261545e+03 4.277734e+03
4.228479e+03 4.260350e+03 4.261408e+03 4.227422e+03
4.202723e+03 4.260386e+03 4.261277e+03 4.201832e+03
4.201771e+03 4.260428e+03 4.261143e+03 4.201056e+03
4.245092e+03 4.260409e+03 4.260872e+03 4.244628e+03
4.282292e+03 4.258452e+03 4.256714e+03 4.284029e+03
4.159563e+03 4.253999e+03 4.247554e+03 4.166009e+03
4.229941e+03 4.250150e+03 4.239585e+03 4.240506e+03
4.230015e+03 4.248301e+03 4.235606e+03 4.242710e+03
4.173109e+03 4.247796e+03 4.234298e+03 4.186606e+03
4.255487e+03 4.247984e+03 4.234365e+03 4.269106e+03
4.255037e+03 4.248435e+03 4.235426e+03 4.268047e+03
4.270653e+03 4.248915e+03 4.242843e+03 4.276725e+03
4.281805e+03 4.249292e+03 4.254955e+03 4.276143e+03
4.244720e+03 4.249559e+03 4.263920e+03 4.230359e+03
4.256522e+03 4.249742e+03 4.268061e+03 4.238203e+03
4.287236e+03 4.249871e+03 4.268893e+03 4.268215e+03
4.339199e+03 4.249976e+03 4.268159e+03 4.321015e+03
4.275175e+03 4.250070e+03 4.266890e+03 4.258354e+03
4.277213e+03 4.250162e+03 4.265640e+03 4.261736e+03
4.290659e+03 4.250256e+03 4.264628e+03 4.276288e+03
4.307580e+03 4.250355e+03 4.263911e+03 4.294023e+03
4.226740e+03 4.250457e+03 4.263391e+03 4.213806e+03
4.316487e+03 4.250564e+03 4.262992e+03 4.304059e+03
4.253678e+03 4.250674e+03 4.262647e+03 4.241705e+03
4.252350e+03 4.250786e+03 4.262320e+03 4.240816e+03
4.302766e+03 4.250900e+03 4.261993e+03 4.291674e+03
4.291228e+03 4.251015e+03 4.261651e+03 4.280593e+03
4.230314e+03 4.251132e+03 4.259138e+03 4.222308e+03
4.241370e+03 4.251251e+03 4.249060e+03 4.243561e+03
4.257335e+03 4.251374e+03 4.237253e+03 4.271456e+03
4.251087e+03 4.251500e+03 4.230181e+03 4.272405e+03
