2.612348e+03 2.674462e+03 2.623162e+03 2.663647e+03
2.701270e+03 2.674323e+03 2.623399e+03 2.752194e+03
2.738450e+03 2.674181e+03 2.623704e+03 2.788928e+03
2.688266e+03 2.674037e+03 2.631253e+03 2.731050e+03
2.674521e+03 2.673889e+03 2.656113e+03 2.692297e+03
2.644509e+03 2.673738e+03 2.681927e+03 2.636320e+03
2.714088e+03 2.673584e+03 2.696108e+03 2.691564e+03
2.742111e+03 2.673427e+03 2.701290e+03 2.714248e+03
2.629647e+03 2.673267e+03 2.701439e+03 2.601475e+03
2.689368e+03 2.673104e+03 2.699560e+03 2.662913e+03
2.788059e+03 2.672939e+03 2.697247e+03 2.763751e+03
2.719471e+03 2.672771e+03 2.695465e+03 2.696776e+03
2.713324e+03 2.672600e+03 2.694345e+03 2.691579e+03
2.708646e+03 2.672426e+03 2.693835e+03 2.687237e+03
2.720115e+03 2.672250e+03 2.693690e+03 2.698675e+03
2.664355e+03 2.672071e+03 2.693738e+03 2.642688e+03
2.647707e+03 2.671889e+03 2.693881e+03 2.625715e+03
2.721059e+03 2.671706e+03 2.694061e+03 2.698704e+03
2.703116e+03 2.671520e+03 2.694254e+03 2.680382e+03
2.821741e+03 2.671332e+03 2.693446e+03 2.799627e+03
2.568962e+03 2.671141e+03 2.678263e+03 2.561840e+03
2.569677e+03 2.670949e+03 2.651134e+03 2.589492e+03
2.508330e+03 2.670754e+03 2.630118e+03 2.548966e+03
2.513000e+03 2.670558e+03 2.621233e+03 2.562325e+03
2.643380e+03 2.670360e+03 2.629924e+03 2.683815e+03
2.719140e+03 2.670160e+03 2.654825e+03 2.734475e+03
2.873378e+03 2.669959e+03 2.676078e+03 2.867259e+03
2.778428e+03 2.669756e+03 2.687948e+03 2.760236e+03
2.792959e+03 2.669552e+03 2.692303e+03 2.770209e+03
2.673329e+03 2.669347e+03 2.692735e+03 2.649941e+03
2.682188e+03 2.669140e+03 2.691414e+03 2.659914e+03
2.710051e+03 2.668932e+03 2.689802e+03 2.689181e+03
2.711630e+03 2.668724e+03 2.688506e+03 2.691848e+03
2.695608e+03 2.668515e+03 2.687752e+03 2.676370e+03
2.630346e+03 2.668307e+03 2.687403e+03 2.611250e+03
2.715060e+03 2.668102e+03 2.687304e+03 2.695858e+03
2.644859e+03 2.667899e+03 2.687344e+03 2.625414e+03
2.626115e+03 2.667696e+03 2.687440e+03 2.606370e+03
2.733037e+03 2.667491e+03 2.687560e+03 2.712969e+03
2.699573e+03 2.667286e+03 2.687684e+03 2.679174e+03
2.661451e+03 2.667079e+03 2.684811e+03 2.643719e+03
2.714796e+03 2.666871e+03 2.667244e+03 2.714424e+03
2.632642e+03 2.666663e+03 2.643997e+03 2.655308e+03
2.491113e+03 2.666454e+03 2.629557e+03 2.528010e+03
2.670330e+03 2.666244e+03 2.623738e+03 2.712836e+03
2.574807e+03 2.666034e+03 2.623013e+03 2.617827e+03
2.572851e+03 2.665823e+03 2.628368e+03 2.610307e+03
2.634213e+03 2.665613e+03 2.644963e+03 2.654863e+03
2.570768e+03 2.665402e+03 2.661551e+03 2.574618e+03
2.698299e+03 2.665191e+03 2.671324e+03 2.692167e+03
2.679121e+03 2.664981e+03 2.675248e+03 2.668853e+03
2.668443e+03 2.664770e+03 2.675764e+03 2.657450e+03
2.644386e+03 2.664559e+03 2.674804e+03 2.634141e+03
2.658451e+03 2.664349e+03 2.673522e+03 2.649279e+03
2.670194e+03 2.664141e+03 2.672449e+03 2.661886e+03
2.606321e+03 2.663933e+03 2.671735e+03 2.598519e+03
2.676599e+03 2.663727e+03 2.671371e+03 2.668955e+03
2.631402e+03 2.663522e+03 2.671214e+03 2.623709e+03
2.641586e+03 2.663318e+03 2.671179e+03 2.633725e+03
2.612258e+03 2.663115e+03 2.671197e+03 2.604176e+03
2.613130e+03 2.662914e+03 2.671236e+03 2.604808e+03
2.601590e+03 2.662715e+03 2.671283e+03 2.593022e+03
2.627092e+03 2.662517e+03 2.670815e+03 2.618794e+03
2.699331e+03 2.662320e+03 2.662590e+03 2.699061e+03
2.687857e+03 2.662126e+03 2.646860e+03 2.703122e+03
2.651477e+03 2.661933e+03 2.634282e+03 2.679128e+03
2.673793e+03 2.661743e+03 2.628493e+03 2.707043e+03
2.673176e+03 2.661554e+03 2.626986e+03 2.707743e+03
2.619733e+03 2.661367e+03 2.627644e+03 2.653456e+03
2.686233e+03 2.661182e+03 2.629946e+03 2.717470e+03
2.676105e+03 2.661000e+03 2.639960e+03 2.697145e+03
2.701289e+03 2.660820e+03 2.653807e+03 2.708302e+03
2.697974e+03 2.660642e+03 2.663590e+03 2.695025e+03
2.695087e+03 2.660466e+03 2.667797e+03 2.687757e+03
2.706871e+03 2.660293e+03 2.668757e+03 2.698407e+03
2.704010e+03 2.660122e+03 2.668145e+03 2.695987e+03
2.676959e+03 2.659953e+03 2.667041e+03 2.669871e+03
2.649553e+03 2.659787e+03 2.665984e+03 2.643357e+03
2.641652e+03 2.659624e+03 2.665251e+03 2.636024e+03
2.644474e+03 2.659463e+03 2.664816e+03 2.639122e+03
2.634351e+03 2.659305e+03 2.664587e+03 2.629068e+03
2.658364e+03 2.659149e+03 2.664489e+03 2.653023e+03
2.637557e+03 2.658995e+03 2.664450e+03 2.632102e+03
2.617041e+03 2.658845e+03 2.664439e+03 2.611446e+03
2.650777e+03 2.658697e+03 2.664438e+03 2.645036e+03
2.633982e+03 2.658551e+03 2.664413e+03 2.628120e+03
2.613495e+03 2.658408e+03 2.661172e+03 2.610731e+03
2.599583e+03 2.658268e+03 2.649420e+03 2.608432e+03
2.632246e+03 2.658130e+03 2.637648e+03 2.652728e+03
2.633000e+03 2.657995e+03 2.630968e+03 2.660026e+03
2.573361e+03 2.657862e+03 2.628555e+03 2.602668e+03
2.684519e+03 2.657732e+03 2.628544e+03 2.713708e+03
2.637770e+03 2.657882e+03 2.629812e+03 2.665840e+03
2.681260e+03 2.669457e+03 2.642662e+03 2.708055e+03
2.764174e+03 2.700001e+03 2.674265e+03 2.789910e+03
2.683351e+03 2.728353e+03 2.703364e+03 2.708340e+03
2.781942e+03 2.742749e+03 2.718216e+03 2.806475e+03
2.705241e+03 2.747308e+03 2.723058e+03 2.729492e+03
2.748293e+03 2.746594e+03 2.722523e+03 2.772363e+03
2.724560e+03 2.743865e+03 2.719927e+03 2.748498e+03
2.707734e+03 2.740832e+03 2.717005e+03 2.731561e+03
2.729446e+03 2.738499e+03 2.714772e+03 2.753173e+03
2.665001e+03 2.736940e+03 2.713309e+03 2.688633e+03
2.705401e+03 2.736063e+03 2.712522e+03 2.728942e+03
2.714670e+03 2.735583e+03 2.712132e+03 2.738122e+03
2.693718e+03 2.735314e+03 2.711949e+03 2.717083e+03
2.719703e+03 2.735150e+03 2.711869e+03 2.742984e+03
2.675195e+03 2.735028e+03 2.711829e+03 2.698393e+03
2.720599e+03 2.734923e+03 2.711805e+03 2.743717e+03
2.718747e+03 2.732577e+03 2.709537e+03 2.741787e+03
2.754674e+03 2.710930e+03 2.687967e+03 2.777637e+03
2.619399e+03 2.678700e+03 2.655812e+03 2.642286e+03
2.605835e+03 2.655720e+03 2.632906e+03 2.628649e+03
2.624816e+03 2.645956e+03 2.623214e+03 2.647557e+03
2.601979e+03 2.643900e+03 2.621234e+03 2.624646e+03
2.698304e+03 2.645567e+03 2.626722e+03 2.717148e+03
2.714696e+03 2.648355e+03 2.648288e+03 2.714763e+03
2.657004e+03 2.650980e+03 2.674009e+03 2.633975e+03
2.769188e+03 2.652772e+03 2.689683e+03 2.732277e+03
2.745302e+03 2.653809e+03 2.696212e+03 2.702900e+03
2.645807e+03 2.654318e+03 2.697385e+03 2.602741e+03
2.670429e+03 2.654498e+03 2.696061e+03 2.628866e+03
2.777550e+03 2.654524e+03 2.693994e+03 2.738081e+03
2.617568e+03 2.654477e+03 2.692209e+03 2.579836e+03
2.680355e+03 2.654401e+03 2.690970e+03 2.643786e+03
2.627776e+03 2.654314e+03 2.690224e+03 2.591866e+03
2.592812e+03 2.654221e+03 2.689842e+03 2.557191e+03
2.699703e+03 2.654125e+03 2.689648e+03 2.664180e+03
2.568299e+03 2.654027e+03 2.689552e+03 2.532774e+03
2.635361e+03 2.653928e+03 2.689495e+03 2.599793e+03
2.680323e+03 2.653826e+03 2.689453e+03 2.644696e+03
2.630338e+03 2.653722e+03 2.689135e+03 2.594925e+03
2.564241e+03 2.653616e+03 2.679381e+03 2.538476e+03
2.645039e+03 2.653507e+03 2.656709e+03 2.641836e+03
2.650183e+03 2.653394e+03 2.637087e+03 2.666491e+03
2.539699e+03 2.653279e+03 2.626843e+03 2.566136e+03
2.607451e+03 2.653160e+03 2.623827e+03 2.636784e+03
2.553971e+03 2.653038e+03 2.625173e+03 2.581836e+03
2.605179e+03 2.652911e+03 2.635007e+03 2.623083e+03
2.663417e+03 2.652781e+03 2.649648e+03 2.666550e+03
2.673012e+03 2.652646e+03 2.660469e+03 2.665190e+03
2.671786e+03 2.652507e+03 2.665410e+03 2.658883e+03
2.673763e+03 2.652362e+03 2.666785e+03 2.659341e+03
2.624665e+03 2.652213e+03 2.666346e+03 2.610532e+03
2.686801e+03 2.652058e+03 2.665278e+03 2.673581e+03
2.696008e+03 2.651898e+03 2.664187e+03 2.683719e+03
2.609365e+03 2.651732e+03 2.663387e+03 2.597710e+03
2.610134e+03 2.651559e+03 2.662864e+03 2.598829e+03
2.670762e+03 2.651381e+03 2.662563e+03 2.659580e+03
2.689762e+03 2.651195e+03 2.662382e+03 2.678575e+03
2.713373e+03 2.651003e+03 2.662261e+03 2.702115e+03
2.690748e+03 2.650803e+03 2.662167e+03 2.679385e+03
2.710177e+03 2.650596e+03 2.662080e+03 2.698693e+03
2.613074e+03 2.650382e+03 2.661980e+03 2.601476e+03
2.658278e+03 2.650159e+03 2.659057e+03 2.649380e+03
2.585854e+03 2.649928e+03 2.647679e+03 2.588103e+03
2.561761e+03 2.649688e+03 2.635812e+03 2.575637e+03
2.617148e+03 2.649440e+03 2.628776e+03 2.637812e+03
2.649758e+03 2.649182e+03 2.628976e+03 2.669964e+03
2.638434e+03 2.648916e+03 2.641727e+03 2.645623e+03
2.622772e+03 2.648639e+03 2.658144e+03 2.613267e+03
2.627298e+03 2.648353e+03 2.668396e+03 2.607254e+03
2.733443e+03 2.648056e+03 2.672852e+03 2.708646e+03
2.652367e+03 2.647749e+03 2.673654e+03 2.626462e+03
2.739478e+03 2.647431e+03 2.672783e+03 2.714125e+03
2.672635e+03 2.647102e+03 2.671353e+03 2.648384e+03
2.601953e+03 2.646762e+03 2.670067e+03 2.578647e+03
2.743532e+03 2.646410e+03 2.669106e+03 2.720836e+03
2.693138e+03 2.646047e+03 2.668491e+03 2.670693e+03
2.745912e+03 2.645671e+03 2.668097e+03 2.723486e+03
2.809172e+03 2.645283e+03 2.667827e+03 2.786629e+03
2.670066e+03 2.644883e+03 2.667618e+03 2.647331e+03
2.719426e+03 2.644469e+03 2.667431e+03 2.696464e+03
2.664151e+03 2.644043e+03 2.667249e+03 2.640945e+03
2.713217e+03 2.643604e+03 2.666836e+03 2.689985e+03
2.712613e+03 2.643151e+03 2.659744e+03 2.696019e+03
2.710887e+03 2.642684e+03 2.644056e+03 2.709515e+03
2.568899e+03 2.642203e+03 2.630423e+03 2.580680e+03
2.637585e+03 2.641708e+03 2.623656e+03 2.655638e+03
2.691921e+03 2.641198e+03 2.621488e+03 2.711632e+03
2.650579e+03 2.640674e+03 2.621692e+03 2.669561e+03
2.729150e+03 2.641461e+03 2.624107e+03 2.746504e+03
2.711383e+03 2.659590e+03 2.643960e+03 2.727013e+03
2.750176e+03 2.691212e+03 2.676949e+03 2.764438e+03
2.713146e+03 2.714816e+03 2.701538e+03 2.726424e+03
2.659297e+03 2.725643e+03 2.713061e+03 2.671879e+03
2.718437e+03 2.727696e+03 2.715620e+03 2.730513e+03
2.724034e+03 2.725607e+03 2.713949e+03 2.735692e+03
2.693623e+03 2.722128e+03 2.710849e+03 2.704902e+03
2.741286e+03 2.718735e+03 2.707826e+03 2.752196e+03
2.743265e+03 2.716010e+03 2.705479e+03 2.753797e+03
2.824720e+03 2.714101e+03 2.703963e+03 2.834858e+03
2.596105e+03 2.712732e+03 2.703002e+03 2.605835e+03
2.626961e+03 2.711702e+03 2.702391e+03 2.636272e+03
2.678344e+03 2.710824e+03 2.701942e+03 2.687226e+03
2.568172e+03 2.710005e+03 2.701560e+03 2.576618e+03
2.681787e+03 2.709202e+03 2.701193e+03 2.689796e+03
2.660317e+03 2.708378e+03 2.700805e+03 2.667890e+03
2.703619e+03 2.701603e+03 2.694469e+03 2.710754e+03
2.764310e+03 2.674042e+03 2.667352e+03 2.770999e+03
2.592453e+03 2.641733e+03 2.635495e+03 2.598691e+03
2.589010e+03 2.622445e+03 2.616670e+03 2.594786e+03
