8.949234e+03 8.923000e+03 8.921576e+03 8.950658e+03
8.955021e+03 8.922638e+03 8.921156e+03 8.956503e+03
8.946280e+03 8.922276e+03 8.920737e+03 8.947819e+03
8.944535e+03 8.921914e+03 8.920335e+03 8.946115e+03
8.969079e+03 8.921553e+03 8.919971e+03 8.970662e+03
8.967996e+03 8.921193e+03 8.919612e+03 8.969578e+03
8.945121e+03 8.920834e+03 8.919230e+03 8.946724e+03
8.917375e+03 8.920476e+03 8.918834e+03 8.919016e+03
8.908133e+03 8.920119e+03 8.918432e+03 8.909820e+03
8.900276e+03 8.919763e+03 8.918029e+03 8.902010e+03
8.931906e+03 8.919409e+03 8.917628e+03 8.933687e+03
8.974400e+03 8.919057e+03 8.917232e+03 8.976225e+03
8.974110e+03 8.918706e+03 8.916840e+03 8.975976e+03
8.941043e+03 8.918357e+03 8.916453e+03 8.942948e+03
8.969576e+03 8.918011e+03 8.916069e+03 8.971517e+03
8.888070e+03 8.917667e+03 8.915689e+03 8.890048e+03
8.902942e+03 8.917325e+03 8.915312e+03 8.904954e+03
8.952055e+03 8.916986e+03 8.914939e+03 8.954102e+03
8.951574e+03 8.916650e+03 8.914569e+03 8.953655e+03
8.800276e+03 8.916316e+03 8.914201e+03 8.802391e+03
8.811693e+03 8.915986e+03 8.913807e+03 8.813872e+03
8.795583e+03 8.915659e+03 8.913392e+03 8.797850e+03
8.810383e+03 8.915335e+03 8.912994e+03 8.812724e+03
8.812171e+03 8.915015e+03 8.912690e+03 8.814497e+03
8.923585e+03 8.914699e+03 8.913743e+03 8.924541e+03
8.941119e+03 8.914386e+03 8.916433e+03 8.939071e+03
8.917105e+03 8.914078e+03 8.918507e+03 8.912676e+03
8.889761e+03 8.913774e+03 8.919380e+03 8.884155e+03
8.882525e+03 8.913474e+03 8.919377e+03 8.876621e+03
8.878057e+03 8.913178e+03 8.918959e+03 8.872275e+03
8.866654e+03 8.912887e+03 8.918382e+03 8.861159e+03
8.881372e+03 8.912600e+03 8.917811e+03 8.876162e+03
8.926898e+03 8.912319e+03 8.917306e+03 8.921911e+03
8.962498e+03 8.912042e+03 8.916885e+03 8.957655e+03
8.945597e+03 8.911771e+03 8.916526e+03 8.940842e+03
8.997515e+03 8.911505e+03 8.916207e+03 8.992813e+03
8.979106e+03 8.911244e+03 8.915913e+03 8.974437e+03
8.967367e+03 8.910988e+03 8.915633e+03 8.962722e+03
8.965228e+03 8.910738e+03 8.915362e+03 8.960604e+03
8.949256e+03 8.910494e+03 8.915099e+03 8.944651e+03
8.956266e+03 8.910255e+03 8.914457e+03 8.952065e+03
8.929328e+03 8.910022e+03 8.911931e+03 8.927420e+03
8.850837e+03 8.909795e+03 8.908681e+03 8.851951e+03
8.874137e+03 8.909575e+03 8.906571e+03 8.877140e+03
8.917248e+03 8.909360e+03 8.905578e+03 8.921030e+03
8.902389e+03 8.909151e+03 8.905247e+03 8.906293e+03
8.890556e+03 8.908949e+03 8.905658e+03 8.893847e+03
8.896495e+03 8.908753e+03 8.907386e+03 8.897861e+03
8.914226e+03 8.908563e+03 8.909118e+03 8.913671e+03
8.891287e+03 8.908380e+03 8.910059e+03 8.889608e+03
8.910034e+03 8.908204e+03 8.910324e+03 8.907913e+03
8.901531e+03 8.908033e+03 8.910197e+03 8.899367e+03
8.928147e+03 8.907870e+03 8.909904e+03 8.926113e+03
8.931715e+03 8.907713e+03 8.909579e+03 8.929849e+03
8.950132e+03 8.907563e+03 8.909286e+03 8.948409e+03
8.957172e+03 8.907419e+03 8.909042e+03 8.955550e+03
8.938686e+03 8.907282e+03 8.908846e+03 8.937123e+03
8.913117e+03 8.907152e+03 8.908681e+03 8.911588e+03
8.907896e+03 8.907028e+03 8.908537e+03 8.906386e+03
8.863435e+03 8.906910e+03 8.908407e+03 8.861939e+03
8.910453e+03 8.906799e+03 8.908287e+03 8.908965e+03
8.882133e+03 8.906695e+03 8.908175e+03 8.880653e+03
8.924245e+03 8.906598e+03 8.908011e+03 8.922831e+03
8.903027e+03 8.906507e+03 8.906956e+03 8.902577e+03
8.918633e+03 8.906422e+03 8.905039e+03 8.920016e+03
8.938450e+03 8.906345e+03 8.903495e+03 8.941300e+03
8.947215e+03 8.906273e+03 8.902744e+03 8.950744e+03
8.920152e+03 8.906209e+03 8.902497e+03 8.923864e+03
8.927742e+03 8.906151e+03 8.902508e+03 8.931385e+03
8.965055e+03 8.908503e+03 8.905017e+03 8.968541e+03
8.985144e+03 8.931497e+03 8.928169e+03 8.988472e+03
8.984721e+03 8.965811e+03 8.962598e+03 8.987934e+03
8.971534e+03 8.990245e+03 8.987104e+03 8.974675e+03
8.964085e+03 9.000559e+03 8.997455e+03 8.967189e+03
9.012461e+03 9.002641e+03 8.999554e+03 9.015547e+03
9.008792e+03 9.000751e+03 8.997672e+03 9.011871e+03
9.036868e+03 8.997668e+03 8.994592e+03 9.039944e+03
9.017451e+03 8.994766e+03 8.991692e+03 9.020525e+03
9.003676e+03 8.992761e+03 8.989689e+03 9.006748e+03
8.990788e+03 8.991568e+03 8.988499e+03 8.993857e+03
8.970165e+03 8.990946e+03 8.987878e+03 8.973233e+03
8.984965e+03 8.990681e+03 8.987616e+03 8.988030e+03
8.950966e+03 8.990586e+03 8.987524e+03 8.954028e+03
8.966259e+03 8.990574e+03 8.987515e+03 8.969317e+03
8.953830e+03 8.990597e+03 8.987542e+03 8.956885e+03
8.948202e+03 8.990569e+03 8.987519e+03 8.951253e+03
9.003937e+03 8.981924e+03 8.978879e+03 9.006982e+03
8.914586e+03 8.950468e+03 8.947428e+03 8.917627e+03
8.894269e+03 8.918970e+03 8.915935e+03 8.897304e+03
8.927912e+03 8.901131e+03 8.898102e+03 8.930941e+03
8.902416e+03 8.894740e+03 8.891717e+03 8.905439e+03
8.904762e+03 8.894795e+03 8.891779e+03 8.907778e+03
8.882905e+03 8.897545e+03 8.894575e+03 8.885875e+03
8.908864e+03 8.900728e+03 8.899457e+03 8.910135e+03
8.889408e+03 8.903344e+03 8.906514e+03 8.886238e+03
8.925500e+03 8.905140e+03 8.912433e+03 8.918207e+03
8.903974e+03 8.906168e+03 8.915567e+03 8.894575e+03
8.879833e+03 8.906742e+03 8.916825e+03 8.869750e+03
8.936743e+03 8.907054e+03 8.917058e+03 8.926739e+03
8.904354e+03 8.907250e+03 8.916885e+03 8.894719e+03
8.927107e+03 8.907400e+03 8.916621e+03 8.917886e+03
8.905071e+03 8.907532e+03 8.916441e+03 8.896162e+03
8.921354e+03 8.907661e+03 8.916370e+03 8.912645e+03
8.936339e+03 8.907791e+03 8.916397e+03 8.927733e+03
8.905816e+03 8.907924e+03 8.916485e+03 8.897255e+03
8.908619e+03 8.908060e+03 8.916606e+03 8.900073e+03
8.857624e+03 8.908199e+03 8.916746e+03 8.849077e+03
8.899154e+03 8.908342e+03 8.916895e+03 8.890601e+03
8.870725e+03 8.908488e+03 8.917050e+03 8.862163e+03
8.888957e+03 8.908637e+03 8.916883e+03 8.880710e+03
8.892925e+03 8.908788e+03 8.913929e+03 8.887784e+03
8.888667e+03 8.908943e+03 8.909448e+03 8.888162e+03
8.872191e+03 8.909099e+03 8.906306e+03 8.874984e+03
8.863450e+03 8.909259e+03 8.905077e+03 8.867632e+03
8.839096e+03 8.909420e+03 8.904965e+03 8.843551e+03
8.890566e+03 8.909584e+03 8.905875e+03 8.894275e+03
8.917263e+03 8.909750e+03 8.908874e+03 8.918139e+03
8.910872e+03 8.909918e+03 8.912407e+03 8.908383e+03
8.911391e+03 8.910088e+03 8.914635e+03 8.906844e+03
8.880005e+03 8.910259e+03 8.915676e+03 8.874588e+03
8.868891e+03 8.910432e+03 8.916021e+03 8.863302e+03
8.869020e+03 8.910607e+03 8.916041e+03 8.863585e+03
8.913467e+03 8.910783e+03 8.915964e+03 8.908285e+03
8.941168e+03 8.910960e+03 8.915923e+03 8.936204e+03
8.929251e+03 8.911138e+03 8.915953e+03 8.924436e+03
8.934147e+03 8.911317e+03 8.916046e+03 8.929417e+03
8.926707e+03 8.911497e+03 8.916187e+03 8.922016e+03
8.919632e+03 8.911677e+03 8.916352e+03 8.914956e+03
8.880661e+03 8.911858e+03 8.916530e+03 8.875989e+03
8.889195e+03 8.912040e+03 8.916714e+03 8.884521e+03
8.872113e+03 8.912222e+03 8.916899e+03 8.867436e+03
8.902798e+03 8.912404e+03 8.917048e+03 8.898154e+03
8.920653e+03 8.912586e+03 8.915982e+03 8.917256e+03
8.878067e+03 8.912768e+03 8.913255e+03 8.877580e+03
8.904916e+03 8.912950e+03 8.910918e+03 8.906948e+03
8.906433e+03 8.913132e+03 8.909788e+03 8.909777e+03
8.890879e+03 8.913313e+03 8.909586e+03 8.894605e+03
8.895788e+03 8.913494e+03 8.909593e+03 8.899690e+03
8.905737e+03 8.913675e+03 8.907549e+03 8.911863e+03
8.901113e+03 8.913855e+03 8.904052e+03 8.910915e+03
8.898400e+03 8.914033e+03 8.901551e+03 8.910883e+03
8.886204e+03 8.914212e+03 8.900605e+03 8.899810e+03
8.892939e+03 8.914389e+03 8.900574e+03 8.906754e+03
8.895266e+03 8.914565e+03 8.900976e+03 8.908854e+03
8.916748e+03 8.914739e+03 8.901507e+03 8.929980e+03
8.933558e+03 8.914913e+03 8.902012e+03 8.946458e+03
8.924156e+03 8.915085e+03 8.902411e+03 8.936830e+03
8.921691e+03 8.915255e+03 8.902714e+03 8.934232e+03
8.904352e+03 8.915425e+03 8.902944e+03 8.916833e+03
8.914636e+03 8.915592e+03 8.903131e+03 8.927097e+03
8.885919e+03 8.915759e+03 8.903296e+03 8.898382e+03
8.892271e+03 8.915923e+03 8.903448e+03 8.904746e+03
8.891065e+03 8.916086e+03 8.903594e+03 8.903557e+03
8.880867e+03 8.916248e+03 8.903740e+03 8.893374e+03
8.875832e+03 8.916407e+03 8.904760e+03 8.887479e+03
8.899809e+03 8.916564e+03 8.908409e+03 8.907964e+03
8.957169e+03 8.916720e+03 8.912206e+03 8.961682e+03
8.991888e+03 8.916873e+03 8.914495e+03 8.994267e+03
8.951417e+03 8.917024e+03 8.915691e+03 8.952750e+03
8.918397e+03 8.917173e+03 8.917335e+03 8.918235e+03
8.901762e+03 8.917320e+03 8.918956e+03 8.900126e+03
8.967573e+03 8.917464e+03 8.919780e+03 8.965257e+03
8.908602e+03 8.917606e+03 8.920005e+03 8.906204e+03
8.932570e+03 8.917746e+03 8.919948e+03 8.930368e+03
8.937485e+03 8.917883e+03 8.919808e+03 8.935559e+03
8.916501e+03 8.918017e+03 8.919674e+03 8.914845e+03
8.922573e+03 8.918149e+03 8.919595e+03 8.921127e+03
8.917043e+03 8.918278e+03 8.919569e+03 8.915753e+03
8.907967e+03 8.918405e+03 8.919587e+03 8.906785e+03
8.905386e+03 8.918528e+03 8.919630e+03 8.904285e+03
8.928865e+03 8.918650e+03 8.919683e+03 8.927831e+03
8.893221e+03 8.918768e+03 8.919739e+03 8.892249e+03
8.900845e+03 8.918883e+03 8.919794e+03 8.899935e+03
8.888969e+03 8.918996e+03 8.919844e+03 8.888121e+03
8.884886e+03 8.919106e+03 8.919862e+03 8.884130e+03
8.921483e+03 8.919213e+03 8.919102e+03 8.921594e+03
8.914614e+03 8.919317e+03 8.917342e+03 8.916589e+03
8.931665e+03 8.919418e+03 8.915815e+03 8.935268e+03
8.958429e+03 8.919516e+03 8.915079e+03 8.962867e+03
8.938588e+03 8.919612e+03 8.914870e+03 8.943330e+03
8.924237e+03 8.919705e+03 8.914932e+03 8.929009e+03
8.925659e+03 8.919794e+03 8.915283e+03 8.930171e+03
8.937032e+03 8.919881e+03 8.918148e+03 8.938765e+03
8.902935e+03 8.919965e+03 8.922917e+03 8.899983e+03
8.917441e+03 8.920046e+03 8.926478e+03 8.911009e+03
8.924926e+03 8.920124e+03 8.928155e+03 8.916895e+03
8.913736e+03 8.920200e+03 8.928537e+03 8.905399e+03
8.911147e+03 8.920273e+03 8.928306e+03 8.903113e+03
8.909048e+03 8.920342e+03 8.927865e+03 8.901526e+03
8.944381e+03 8.920409e+03 8.927431e+03 8.937359e+03
8.896983e+03 8.920474e+03 8.927091e+03 8.890366e+03
8.967794e+03 8.920535e+03 8.926866e+03 8.961464e+03
8.923507e+03 8.920594e+03 8.926716e+03 8.917385e+03
9.003739e+03 8.920650e+03 8.926613e+03 8.997777e+03
8.976790e+03 8.920704e+03 8.926528e+03 8.970966e+03
8.960528e+03 8.920755e+03 8.926449e+03 8.954833e+03
8.991385e+03 8.920803e+03 8.926368e+03 8.985821e+03
8.953825e+03 8.920849e+03 8.926279e+03 8.948394e+03
8.923145e+03 8.920892e+03 8.925327e+03 8.918710e+03
8.912848e+03 8.920933e+03 8.921367e+03 8.912414e+03
8.877116e+03 8.920971e+03 8.916717e+03 8.881370e+03
8.897504e+03 8.921007e+03 8.913947e+03 8.904564e+03
