0.8 9.403722e+03 9.381688e+03 9.369347e+03 9.391380e+03
1.8 9.386601e+03 9.375798e+03 9.371942e+03 9.382745e+03
2.8 9.362123e+03 9.325192e+03 9.375717e+03 9.412648e+03
3.8 9.400453e+03 9.371875e+03 9.374947e+03 9.403525e+03
4.8 9.371808e+03 9.372780e+03 9.372138e+03 9.371167e+03
5.8 9.355770e+03 9.362340e+03 9.370126e+03 9.363557e+03
6.8 9.417117e+03 9.390426e+03 9.370389e+03 9.397080e+03
7.8 9.408688e+03 9.362669e+03 9.373553e+03 9.419572e+03
8.8 9.264716e+03 9.323776e+03 9.373670e+03 9.314610e+03
9.8 9.410299e+03 9.355768e+03 9.371566e+03 9.426097e+03
10.8 9.373778e+03 9.356691e+03 9.369905e+03 9.386992e+03
11.8 9.347602e+03 9.357289e+03 9.369028e+03 9.359341e+03
12.8 9.403416e+03 9.369899e+03 9.368694e+03 9.402210e+03
13.8 9.348388e+03 9.351875e+03 9.368653e+03 9.365166e+03
14.8 9.359315e+03 9.358999e+03 9.368762e+03 9.369078e+03
15.8 9.348229e+03 9.368293e+03 9.368903e+03 9.348839e+03
16.8 9.385081e+03 9.378607e+03 9.369020e+03 9.375495e+03
17.8 9.332252e+03 9.366379e+03 9.369091e+03 9.334965e+03
0.5 9.355770e+03 9.362340e+03 9.370126e+03 9.363557e+03
1.5 9.417117e+03 9.390426e+03 9.370389e+03 9.397080e+03
2.5 9.408688e+03 9.362669e+03 9.373553e+03 9.419572e+03
3.5 9.264716e+03 9.323776e+03 9.373670e+03 9.314610e+03
4.5 9.410299e+03 9.355768e+03 9.371566e+03 9.426097e+03
5.5 9.373778e+03 9.356691e+03 9.369905e+03 9.386992e+03
6.5 9.347602e+03 9.357289e+03 9.369028e+03 9.359341e+03
7.5 9.403416e+03 9.369899e+03 9.368694e+03 9.402210e+03
8.5 9.348388e+03 9.351875e+03 9.368653e+03 9.365166e+03
9.5 9.359315e+03 9.358999e+03 9.368762e+03 9.369078e+03
10.5 9.348229e+03 9.368293e+03 9.368903e+03 9.348839e+03
11.5 9.385081e+03 9.378607e+03 9.369020e+03 9.375495e+03
12.5 9.332252e+03 9.366379e+03 9.369091e+03 9.334965e+03
13.5 9.431559e+03 9.369173e+03 9.369128e+03 9.431514e+03
14.5 9.328504e+03 9.342673e+03 9.369144e+03 9.354975e+03
15.5 9.412774e+03 9.394532e+03 9.369149e+03 9.387390e+03
16.5 9.381689e+03 9.384054e+03 9.369149e+03 9.366783e+03
17.5 9.362252e+03 9.384914e+03 9.369147e+03 9.346484e+03
0.6 9.376413e+03 9.367230e+03 9.369122e+03 9.378305e+03
1.6 9.401855e+03 9.359550e+03 9.370780e+03 9.413085e+03
2.6 9.387996e+03 9.376699e+03 9.374216e+03 9.385513e+03
3.6 9.303043e+03 9.395732e+03 9.373986e+03 9.281296e+03
4.6 9.346126e+03 9.364428e+03 9.371704e+03 9.353402e+03
5.6 9.295058e+03 9.348109e+03 9.369965e+03 9.316914e+03
6.6 9.417781e+03 9.346000e+03 9.369029e+03 9.440810e+03
7.6 9.398516e+03 9.370020e+03 9.368658e+03 9.397154e+03
8.6 9.403549e+03 9.415696e+03 9.368601e+03 9.356454e+03
9.6 9.367414e+03 9.388876e+03 9.368701e+03 9.347239e+03
10.6 9.414317e+03 9.396674e+03 9.368836e+03 9.386479e+03
11.6 9.362959e+03 9.402178e+03 9.368948e+03 9.329730e+03
12.6 9.418320e+03 9.374990e+03 9.369017e+03 9.412348e+03
13.6 9.367105e+03 9.364603e+03 9.369053e+03 9.371556e+03
14.6 9.371897e+03 9.364068e+03 9.369070e+03 9.376898e+03
15.6 9.320973e+03 9.334253e+03 9.369076e+03 9.355797e+03
16.6 9.425795e+03 9.386535e+03 9.369079e+03 9.408339e+03
17.6 9.343584e+03 9.328659e+03 9.369080e+03 9.384005e+03
0.8 9.418245e+03 9.363401e+03 9.369187e+03 9.424031e+03
1.8 9.452768e+03 9.370879e+03 9.371854e+03 9.453742e+03
2.8 9.374827e+03 9.374270e+03 9.374684e+03 9.375242e+03
3.8 9.353499e+03 9.370495e+03 9.373504e+03 9.356508e+03
4.8 9.317036e+03 9.356472e+03 9.371214e+03 9.331778e+03
5.8 9.336943e+03 9.351612e+03 9.369668e+03 9.354999e+03
6.8 9.308142e+03 9.342488e+03 9.368952e+03 9.334607e+03
7.8 9.332467e+03 9.359833e+03 9.371084e+03 9.343718e+03
8.8 9.425496e+03 9.414663e+03 9.375272e+03 9.386105e+03
9.8 9.371344e+03 9.375151e+03 9.374837e+03 9.371030e+03
10.8 9.382623e+03 9.353251e+03 9.372135e+03 9.401507e+03
11.8 9.387325e+03 9.363533e+03 9.370017e+03 9.393810e+03
12.8 9.394447e+03 9.343927e+03 9.368951e+03 9.419471e+03
13.8 9.367244e+03 9.345531e+03 9.368527e+03 9.390240e+03
14.8 9.334747e+03 9.373805e+03 9.368492e+03 9.329434e+03
15.8 9.333909e+03 9.368527e+03 9.368637e+03 9.334019e+03
16.8 9.346677e+03 9.353793e+03 9.368823e+03 9.361707e+03
17.8 9.337403e+03 9.358982e+03 9.368970e+03 9.347391e+03
0.7 9.308142e+03 9.342488e+03 9.368952e+03 9.334607e+03
1.7 9.332467e+03 9.359833e+03 9.371084e+03 9.343718e+03
2.7 9.425496e+03 9.414663e+03 9.375272e+03 9.386105e+03
3.7 9.371344e+03 9.375151e+03 9.374837e+03 9.371030e+03
4.7 9.382623e+03 9.353251e+03 9.372135e+03 9.401507e+03
5.7 9.387325e+03 9.363533e+03 9.370017e+03 9.393810e+03
6.7 9.394447e+03 9.343927e+03 9.368951e+03 9.419471e+03
7.7 9.367244e+03 9.345531e+03 9.368527e+03 9.390240e+03
8.7 9.334747e+03 9.373805e+03 9.368492e+03 9.329434e+03
9.7 9.333909e+03 9.368527e+03 9.368637e+03 9.334019e+03
10.7 9.346677e+03 9.353793e+03 9.368823e+03 9.361707e+03
11.7 9.337403e+03 9.358982e+03 9.368970e+03 9.347391e+03
12.7 9.369388e+03 9.369493e+03 9.369066e+03 9.368960e+03
13.7 9.437661e+03 9.353727e+03 9.369118e+03 9.453053e+03
14.7 9.410687e+03 9.349710e+03 9.369146e+03 9.430123e+03
15.7 9.330758e+03 9.358870e+03 9.369162e+03 9.341050e+03
16.7 9.365465e+03 9.385407e+03 9.369172e+03 9.349231e+03
17.7 9.298221e+03 9.316608e+03 9.369180e+03 9.350794e+03
0.1 9.357466e+03 9.345293e+03 9.369243e+03 9.381417e+03
1.1 9.380527e+03 9.349084e+03 9.369693e+03 9.401136e+03
2.1 9.329345e+03 9.367598e+03 9.373443e+03 9.335191e+03
3.1 9.429433e+03 9.428058e+03 9.375487e+03 9.376862e+03
4.1 9.410679e+03 9.409582e+03 9.373581e+03 9.374679e+03
5.1 9.369702e+03 9.366321e+03 9.371098e+03 9.374479e+03
6.1 9.382362e+03 9.353502e+03 9.369616e+03 9.398475e+03
7.1 9.396874e+03 9.359656e+03 9.368904e+03 9.406123e+03
8.1 9.423783e+03 9.370854e+03 9.368689e+03 9.421618e+03
9.1 9.409516e+03 9.383713e+03 9.368733e+03 9.394535e+03
10.1 9.403742e+03 9.410668e+03 9.368882e+03 9.361956e+03
11.1 9.380524e+03 9.368931e+03 9.369026e+03 9.380619e+03
12.1 9.364377e+03 9.370102e+03 9.369129e+03 9.363403e+03
13.1 9.380512e+03 9.371734e+03 9.369185e+03 9.377963e+03
14.1 9.320574e+03 9.376094e+03 9.369211e+03 9.313690e+03
15.1 9.315617e+03 9.370463e+03 9.369220e+03 9.314374e+03
16.1 9.359679e+03 9.368160e+03 9.369220e+03 9.360739e+03
17.1 9.410939e+03 9.385970e+03 9.369217e+03 9.394185e+03
1.0 9.391932e+03 9.354961e+03 9.369400e+03 9.406371e+03
2.0 9.381484e+03 9.374510e+03 9.372737e+03 9.379711e+03
3.0 9.299958e+03 9.305162e+03 9.374997e+03 9.369793e+03
4.0 9.359555e+03 9.354229e+03 9.373265e+03 9.378591e+03
5.0 9.342219e+03 9.357980e+03 9.370908e+03 9.355148e+03
6.0 9.410573e+03 9.357593e+03 9.369394e+03 9.422375e+03
7.0 9.355929e+03 9.354511e+03 9.368686e+03 9.370105e+03
8.0 9.351214e+03 9.346481e+03 9.368442e+03 9.373175e+03
9.0 9.391765e+03 9.366192e+03 9.368461e+03 9.394033e+03
10.0 9.406584e+03 9.413166e+03 9.368584e+03 9.362003e+03
11.0 9.405811e+03 9.402748e+03 9.368713e+03 9.371776e+03
12.0 9.403939e+03 9.400132e+03 9.368798e+03 9.372604e+03
13.0 9.377930e+03 9.370523e+03 9.368841e+03 9.376247e+03
14.0 9.370433e+03 9.371360e+03 9.369677e+03 9.368750e+03
15.0 9.324015e+03 9.344183e+03 9.373505e+03 9.353337e+03
16.0 9.400392e+03 9.407701e+03 9.374611e+03 9.367302e+03
17.0 9.336594e+03 9.340851e+03 9.372432e+03 9.368175e+03
18.0 9.309379e+03 9.342139e+03 9.370249e+03 9.337489e+03
0.3 9.377930e+03 9.370523e+03 9.368841e+03 9.376247e+03
1.3 9.370433e+03 9.371360e+03 9.369677e+03 9.368750e+03
2.3 9.324015e+03 9.344183e+03 9.373505e+03 9.353337e+03
3.3 9.400392e+03 9.407701e+03 9.374611e+03 9.367302e+03
4.3 9.336594e+03 9.340851e+03 9.372432e+03 9.368175e+03
5.3 9.309379e+03 9.342139e+03 9.370249e+03 9.337489e+03
6.3 9.360105e+03 9.338920e+03 9.368960e+03 9.390144e+03
7.3 9.335386e+03 9.363582e+03 9.368390e+03 9.340193e+03
8.3 9.353290e+03 9.372874e+03 9.368226e+03 9.348642e+03
9.3 9.396181e+03 9.408517e+03 9.368283e+03 9.355947e+03
10.3 9.368683e+03 9.400750e+03 9.368412e+03 9.336346e+03
11.3 9.326970e+03 9.331875e+03 9.368532e+03 9.363627e+03
12.3 9.345967e+03 9.356221e+03 9.368606e+03 9.358352e+03
13.3 9.404123e+03 9.386230e+03 9.368642e+03 9.386535e+03
14.3 9.406509e+03 9.417155e+03 9.368651e+03 9.358005e+03
15.3 9.384151e+03 9.373465e+03 9.368646e+03 9.379333e+03
16.3 9.362258e+03 9.359556e+03 9.368636e+03 9.371339e+03
17.3 9.337204e+03 9.359610e+03 9.368623e+03 9.346218e+03
0.1 9.322200e+03 9.359639e+03 9.368610e+03 9.331170e+03
1.1 9.335094e+03 9.349808e+03 9.369002e+03 9.354288e+03
2.1 9.358312e+03 9.366330e+03 9.372776e+03 9.364759e+03
3.1 9.387754e+03 9.385640e+03 9.375717e+03 9.377831e+03
4.1 9.451360e+03 9.397709e+03 9.373852e+03 9.427503e+03
5.1 9.412098e+03 9.368928e+03 9.370930e+03 9.414100e+03
6.1 9.381453e+03 9.369135e+03 9.369093e+03 9.381412e+03
7.1 9.398445e+03 9.363950e+03 9.368196e+03 9.402692e+03
8.1 9.405429e+03 9.356448e+03 9.367970e+03 9.416951e+03
9.1 9.361972e+03 9.359067e+03 9.370463e+03 9.373369e+03
10.1 9.337915e+03 9.363000e+03 9.373638e+03 9.348553e+03
11.1 9.327399e+03 9.339941e+03 9.372750e+03 9.360208e+03
12.1 9.324065e+03 9.354863e+03 9.370562e+03 9.339764e+03
13.1 9.302147e+03 9.366339e+03 9.369008e+03 9.304816e+03
14.1 9.316035e+03 9.368925e+03 9.368894e+03 9.316004e+03
15.1 9.407377e+03 9.380445e+03 9.372920e+03 9.399852e+03
16.1 9.435950e+03 9.465190e+03 9.375224e+03 9.345983e+03
17.1 9.384689e+03 9.374339e+03 9.373137e+03 9.383488e+03
0.8 9.405429e+03 9.356448e+03 9.367970e+03 9.416951e+03
1.8 9.361972e+03 9.359067e+03 9.370463e+03 9.373369e+03
2.8 9.337915e+03 9.363000e+03 9.373638e+03 9.348553e+03
3.8 9.327399e+03 9.339941e+03 9.372750e+03 9.360208e+03
4.8 9.324065e+03 9.354863e+03 9.370562e+03 9.339764e+03
5.8 9.302147e+03 9.366339e+03 9.369008e+03 9.304816e+03
6.8 9.316035e+03 9.368925e+03 9.368894e+03 9.316004e+03
7.8 9.407377e+03 9.380445e+03 9.372920e+03 9.399852e+03
8.8 9.435950e+03 9.465190e+03 9.375224e+03 9.345983e+03
9.8 9.384689e+03 9.374339e+03 9.373137e+03 9.383488e+03
10.8 9.396441e+03 9.413393e+03 9.370378e+03 9.353426e+03
11.8 9.380640e+03 9.388753e+03 9.368738e+03 9.360626e+03
12.8 9.374196e+03 9.376664e+03 9.367964e+03 9.365496e+03
13.8 9.330452e+03 9.361815e+03 9.367741e+03 9.336378e+03
14.8 9.348521e+03 9.352121e+03 9.367806e+03 9.364206e+03
15.8 9.406818e+03 9.360847e+03 9.367987e+03 9.413957e+03
16.8 9.357551e+03 9.357772e+03 9.368158e+03 9.367937e+03
17.8 9.350798e+03 9.342244e+03 9.368281e+03 9.376835e+03
0.2 9.302147e+03 9.366339e+03 9.369008e+03 9.304816e+03
1.2 9.316035e+03 9.368925e+03 9.368894e+03 9.316004e+03
2.2 9.407377e+03 9.380445e+03 9.372920e+03 9.399852e+03
3.2 9.435950e+03 9.465190e+03 9.375224e+03 9.345983e+03
4.2 9.384689e+03 9.374339e+03 9.373137e+03 9.383488e+03
5.2 9.396441e+03 9.413393e+03 9.370378e+03 9.353426e+03
6.2 9.380640e+03 9.388753e+03 9.368738e+03 9.360626e+03
7.2 9.374196e+03 9.376664e+03 9.367964e+03 9.365496e+03
8.2 9.330452e+03 9.361815e+03 9.367741e+03 9.336378e+03
9.2 9.348521e+03 9.352121e+03 9.367806e+03 9.364206e+03
10.2 9.406818e+03 9.360847e+03 9.367987e+03 9.413957e+03
11.2 9.357551e+03 9.357772e+03 9.368158e+03 9.367937e+03
12.2 9.350798e+03 9.342244e+03 9.368281e+03 9.376835e+03
13.2 9.329845e+03 9.349629e+03 9.368350e+03 9.348566e+03
14.2 9.372665e+03 9.377313e+03 9.368385e+03 9.363737e+03
15.2 9.386372e+03 9.411005e+03 9.368400e+03 9.343767e+03
16.2 9.375093e+03 9.383390e+03 9.368406e+03 9.360109e+03
17.2 9.378628e+03 9.390228e+03 9.368409e+03 9.356809e+03
0.5 9.378404e+03 9.381800e+03 9.368419e+03 9.365022e+03
1.5 9.395794e+03 9.393162e+03 9.369946e+03 9.372579e+03
2.5 9.406739e+03 9.402548e+03 9.374545e+03 9.378736e+03
3.5 9.341603e+03 9.374103e+03 9.375326e+03 9.342826e+03
4.5 9.340173e+03 9.347891e+03 9.372559e+03 9.364841e+03
5.5 9.365052e+03 9.353553e+03 9.369995e+03 9.381494e+03
6.5 9.366398e+03 9.377955e+03 9.368524e+03 9.356968e+03
