0.8 9.300404e+03 9.314978e+03 9.309475e+03 9.294901e+03
1.8 9.318930e+03 9.314274e+03 9.311135e+03 9.315791e+03
2.8 9.318330e+03 9.317679e+03 9.313550e+03 9.314200e+03
3.8 9.310461e+03 9.312093e+03 9.313057e+03 9.311425e+03
4.8 9.294739e+03 9.309561e+03 9.311261e+03 9.296439e+03
5.8 9.298709e+03 9.310567e+03 9.309974e+03 9.298116e+03
6.8 9.302481e+03 9.307224e+03 9.310142e+03 9.305399e+03
7.8 9.305441e+03 9.311868e+03 9.312165e+03 9.305739e+03
8.8 9.315191e+03 9.314582e+03 9.312240e+03 9.312849e+03
9.8 9.288658e+03 9.310301e+03 9.310895e+03 9.289252e+03
10.8 9.310266e+03 9.309129e+03 9.309832e+03 9.310969e+03
11.8 9.326326e+03 9.312391e+03 9.309271e+03 9.323206e+03
12.8 9.323171e+03 9.313352e+03 9.309057e+03 9.318877e+03
13.8 9.313101e+03 9.320025e+03 9.309031e+03 9.302107e+03
14.8 9.295843e+03 9.312496e+03 9.309101e+03 9.292447e+03
15.8 9.296106e+03 9.312301e+03 9.309191e+03 9.292996e+03
16.8 9.322141e+03 9.313706e+03 9.309266e+03 9.317701e+03
17.8 9.319236e+03 9.308132e+03 9.309312e+03 9.320416e+03
0.5 9.298709e+03 9.310567e+03 9.309974e+03 9.298116e+03
1.5 9.302481e+03 9.307224e+03 9.310142e+03 9.305399e+03
2.5 9.305441e+03 9.311868e+03 9.312165e+03 9.305739e+03
3.5 9.315191e+03 9.314582e+03 9.312240e+03 9.312849e+03
4.5 9.288658e+03 9.310301e+03 9.310895e+03 9.289252e+03
5.5 9.310266e+03 9.309129e+03 9.309832e+03 9.310969e+03
6.5 9.326326e+03 9.312391e+03 9.309271e+03 9.323206e+03
7.5 9.323171e+03 9.313352e+03 9.309057e+03 9.318877e+03
8.5 9.313101e+03 9.320025e+03 9.309031e+03 9.302107e+03
9.5 9.295843e+03 9.312496e+03 9.309101e+03 9.292447e+03
10.5 9.296106e+03 9.312301e+03 9.309191e+03 9.292996e+03
11.5 9.322141e+03 9.313706e+03 9.309266e+03 9.317701e+03
12.5 9.319236e+03 9.308132e+03 9.309312e+03 9.320416e+03
13.5 9.306206e+03 9.309408e+03 9.309335e+03 9.306134e+03
14.5 9.313720e+03 9.298449e+03 9.309345e+03 9.324616e+03
15.5 9.325693e+03 9.310122e+03 9.309348e+03 9.324920e+03
16.5 9.341165e+03 9.306697e+03 9.309348e+03 9.343817e+03
17.5 9.299897e+03 9.306567e+03 9.309347e+03 9.302678e+03
0.6 9.279023e+03 9.305971e+03 9.309331e+03 9.282384e+03
1.6 9.293179e+03 9.308258e+03 9.310392e+03 9.295312e+03
2.6 9.304979e+03 9.310850e+03 9.312589e+03 9.306719e+03
3.6 9.339134e+03 9.308938e+03 9.312443e+03 9.342638e+03
4.6 9.323884e+03 9.310003e+03 9.310983e+03 9.324863e+03
5.6 9.337172e+03 9.310612e+03 9.309871e+03 9.336430e+03
6.6 9.294583e+03 9.310221e+03 9.309272e+03 9.293633e+03
7.6 9.301882e+03 9.309348e+03 9.309035e+03 9.301569e+03
8.6 9.296313e+03 9.312734e+03 9.308998e+03 9.292578e+03
9.6 9.332961e+03 9.307680e+03 9.309062e+03 9.334343e+03
10.6 9.300744e+03 9.313227e+03 9.309148e+03 9.296665e+03
11.6 9.320183e+03 9.316585e+03 9.309220e+03 9.312817e+03
12.6 9.321615e+03 9.313494e+03 9.309264e+03 9.317385e+03
13.6 9.288321e+03 9.309969e+03 9.309287e+03 9.287640e+03
14.6 9.282716e+03 9.311661e+03 9.309298e+03 9.280353e+03
15.6 9.328979e+03 9.329164e+03 9.309302e+03 9.309117e+03
16.6 9.306257e+03 9.311120e+03 9.309304e+03 9.304441e+03
17.6 9.337772e+03 9.330137e+03 9.309304e+03 9.316940e+03
0.8 9.329477e+03 9.308369e+03 9.309373e+03 9.330481e+03
1.8 9.293811e+03 9.309302e+03 9.311078e+03 9.295587e+03
2.8 9.301523e+03 9.310335e+03 9.312889e+03 9.304077e+03
3.8 9.324905e+03 9.309729e+03 9.312134e+03 9.327310e+03
4.8 9.318056e+03 9.305540e+03 9.310669e+03 9.323185e+03
5.8 9.317083e+03 9.305869e+03 9.309681e+03 9.320895e+03
6.8 9.322033e+03 9.309841e+03 9.309223e+03 9.321415e+03
7.8 9.332333e+03 9.314137e+03 9.310586e+03 9.328782e+03
8.8 9.302578e+03 9.311504e+03 9.313265e+03 9.304339e+03
9.8 9.304646e+03 9.311456e+03 9.312987e+03 9.306178e+03
10.8 9.262627e+03 9.309867e+03 9.311259e+03 9.264018e+03
11.8 9.301130e+03 9.307361e+03 9.309904e+03 9.303673e+03
12.8 9.305021e+03 9.309110e+03 9.309222e+03 9.305132e+03
13.8 9.318792e+03 9.308716e+03 9.308951e+03 9.319027e+03
14.8 9.332290e+03 9.305056e+03 9.308929e+03 9.336163e+03
15.8 9.290913e+03 9.302808e+03 9.309021e+03 9.297126e+03
16.8 9.284105e+03 9.299522e+03 9.309140e+03 9.293724e+03
17.8 9.313530e+03 9.301247e+03 9.309234e+03 9.321517e+03
0.7 9.322033e+03 9.309841e+03 9.309223e+03 9.321415e+03
1.7 9.332333e+03 9.314137e+03 9.310586e+03 9.328782e+03
2.7 9.302578e+03 9.311504e+03 9.313265e+03 9.304339e+03
3.7 9.304646e+03 9.311456e+03 9.312987e+03 9.306178e+03
4.7 9.262627e+03 9.309867e+03 9.311259e+03 9.264018e+03
5.7 9.301130e+03 9.307361e+03 9.309904e+03 9.303673e+03
6.7 9.305021e+03 9.309110e+03 9.309222e+03 9.305132e+03
7.7 9.318792e+03 9.308716e+03 9.308951e+03 9.319027e+03
8.7 9.332290e+03 9.305056e+03 9.308929e+03 9.336163e+03
9.7 9.290913e+03 9.302808e+03 9.309021e+03 9.297126e+03
10.7 9.284105e+03 9.299522e+03 9.309140e+03 9.293724e+03
11.7 9.313530e+03 9.301247e+03 9.309234e+03 9.321517e+03
12.7 9.299048e+03 9.306254e+03 9.309295e+03 9.302089e+03
13.7 9.300869e+03 9.310027e+03 9.309329e+03 9.300171e+03
14.7 9.316008e+03 9.308942e+03 9.309347e+03 9.316413e+03
15.7 9.323278e+03 9.308876e+03 9.309357e+03 9.323759e+03
16.7 9.285427e+03 9.307934e+03 9.309363e+03 9.286856e+03
17.7 9.355153e+03 9.338244e+03 9.309368e+03 9.326278e+03
0.1 9.304830e+03 9.321544e+03 9.309409e+03 9.292695e+03
1.1 9.321939e+03 9.320042e+03 9.309697e+03 9.311594e+03
2.1 9.321601e+03 9.314484e+03 9.312095e+03 9.319211e+03
3.1 9.314911e+03 9.311691e+03 9.313402e+03 9.316622e+03
4.1 9.325434e+03 9.308507e+03 9.312183e+03 9.329110e+03
5.1 9.316006e+03 9.308218e+03 9.310595e+03 9.318383e+03
6.1 9.302068e+03 9.308053e+03 9.309647e+03 9.303662e+03
7.1 9.292944e+03 9.307066e+03 9.309192e+03 9.295071e+03
8.1 9.302226e+03 9.305347e+03 9.309054e+03 9.305932e+03
9.1 9.303716e+03 9.306651e+03 9.309082e+03 9.306147e+03
10.1 9.302558e+03 9.311134e+03 9.309178e+03 9.300601e+03
11.1 9.300484e+03 9.304188e+03 9.309270e+03 9.305566e+03
12.1 9.290438e+03 9.303832e+03 9.309336e+03 9.295941e+03
13.1 9.278724e+03 9.305878e+03 9.309371e+03 9.282217e+03
14.1 9.322279e+03 9.305999e+03 9.309388e+03 9.325668e+03
15.1 9.335004e+03 9.306687e+03 9.309394e+03 9.337711e+03
16.1 9.327154e+03 9.307148e+03 9.309394e+03 9.329401e+03
17.1 9.296437e+03 9.307388e+03 9.309392e+03 9.298440e+03
1.0 9.318479e+03 9.308757e+03 9.309509e+03 9.319232e+03
2.0 9.314802e+03 9.309393e+03 9.311644e+03 9.317052e+03
3.0 9.325976e+03 9.313469e+03 9.313089e+03 9.325596e+03
4.0 9.314535e+03 9.310012e+03 9.311981e+03 9.316504e+03
5.0 9.299851e+03 9.307144e+03 9.310474e+03 9.303180e+03
6.0 9.302038e+03 9.308251e+03 9.309505e+03 9.303293e+03
7.0 9.318871e+03 9.308139e+03 9.309053e+03 9.319785e+03
8.0 9.303615e+03 9.309128e+03 9.308897e+03 9.303384e+03
9.0 9.298967e+03 9.307745e+03 9.308909e+03 9.300130e+03
10.0 9.313029e+03 9.312304e+03 9.308987e+03 9.309712e+03
11.0 9.314104e+03 9.309231e+03 9.309070e+03 9.313942e+03
12.0 9.298729e+03 9.312560e+03 9.309124e+03 9.295292e+03
13.0 9.324264e+03 9.310461e+03 9.309151e+03 9.322954e+03
14.0 9.303503e+03 9.312382e+03 9.309686e+03 9.300808e+03
15.0 9.337493e+03 9.314479e+03 9.312135e+03 9.335149e+03
16.0 9.305222e+03 9.308757e+03 9.312842e+03 9.309307e+03
17.0 9.323421e+03 9.311786e+03 9.311448e+03 9.323083e+03
18.0 9.286631e+03 9.311970e+03 9.310052e+03 9.284712e+03
0.3 9.324264e+03 9.310461e+03 9.309151e+03 9.322954e+03
1.3 9.303503e+03 9.312382e+03 9.309686e+03 9.300808e+03
2.3 9.337493e+03 9.314479e+03 9.312135e+03 9.335149e+03
3.3 9.305222e+03 9.308757e+03 9.312842e+03 9.309307e+03
4.3 9.323421e+03 9.311786e+03 9.311448e+03 9.323083e+03
5.3 9.286631e+03 9.311970e+03 9.310052e+03 9.284712e+03
6.3 9.323837e+03 9.310721e+03 9.309227e+03 9.322343e+03
7.3 9.340633e+03 9.317463e+03 9.308863e+03 9.332033e+03
8.3 9.309494e+03 9.309228e+03 9.308758e+03 9.309024e+03
9.3 9.323566e+03 9.311198e+03 9.308795e+03 9.321163e+03
10.3 9.313010e+03 9.309948e+03 9.308877e+03 9.311939e+03
11.3 9.287491e+03 9.302594e+03 9.308954e+03 9.293851e+03
12.3 9.325492e+03 9.309873e+03 9.309001e+03 9.324620e+03
13.3 9.334773e+03 9.311855e+03 9.309024e+03 9.331942e+03
14.3 9.294785e+03 9.299349e+03 9.309030e+03 9.304465e+03
15.3 9.321311e+03 9.308042e+03 9.309027e+03 9.322295e+03
16.3 9.317523e+03 9.310357e+03 9.309020e+03 9.316187e+03
17.3 9.311756e+03 9.307415e+03 9.309012e+03 9.313353e+03
0.1 9.323976e+03 9.306035e+03 9.309004e+03 9.326944e+03
1.1 9.332618e+03 9.313161e+03 9.309254e+03 9.328711e+03
2.1 9.284957e+03 9.310793e+03 9.311669e+03 9.285833e+03
3.1 9.307068e+03 9.309872e+03 9.313550e+03 9.310746e+03
4.1 9.284213e+03 9.307147e+03 9.312357e+03 9.289423e+03
5.1 9.303320e+03 9.311575e+03 9.310488e+03 9.302232e+03
6.1 9.298688e+03 9.314096e+03 9.309313e+03 9.293905e+03
7.1 9.302232e+03 9.312245e+03 9.308739e+03 9.298726e+03
8.1 9.284172e+03 9.309669e+03 9.308594e+03 9.283097e+03
9.1 9.309702e+03 9.308370e+03 9.310189e+03 9.311522e+03
10.1 9.302027e+03 9.309736e+03 9.312219e+03 9.304511e+03
11.1 9.300320e+03 9.310479e+03 9.311652e+03 9.301493e+03
12.1 9.320033e+03 9.307268e+03 9.310253e+03 9.323017e+03
13.1 9.334369e+03 9.305491e+03 9.309258e+03 9.338136e+03
14.1 9.313642e+03 9.305081e+03 9.309185e+03 9.317745e+03
15.1 9.306265e+03 9.308214e+03 9.311761e+03 9.309811e+03
16.1 9.299674e+03 9.303197e+03 9.313234e+03 9.309711e+03
17.1 9.310977e+03 9.309336e+03 9.311900e+03 9.313540e+03
0.8 9.284172e+03 9.309669e+03 9.308594e+03 9.283097e+03
1.8 9.309702e+03 9.308370e+03 9.310189e+03 9.311522e+03
2.8 9.302027e+03 9.309736e+03 9.312219e+03 9.304511e+03
3.8 9.300320e+03 9.310479e+03 9.311652e+03 9.301493e+03
4.8 9.320033e+03 9.307268e+03 9.310253e+03 9.323017e+03
5.8 9.334369e+03 9.305491e+03 9.309258e+03 9.338136e+03
6.8 9.313642e+03 9.305081e+03 9.309185e+03 9.317745e+03
7.8 9.306265e+03 9.308214e+03 9.311761e+03 9.309811e+03
8.8 9.299674e+03 9.303197e+03 9.313234e+03 9.309711e+03
9.8 9.310977e+03 9.309336e+03 9.311900e+03 9.313540e+03
10.8 9.303609e+03 9.304434e+03 9.310135e+03 9.309310e+03
11.8 9.309910e+03 9.306914e+03 9.309086e+03 9.312082e+03
12.8 9.341688e+03 9.313209e+03 9.308590e+03 9.337069e+03
13.8 9.305515e+03 9.316475e+03 9.308448e+03 9.297487e+03
14.8 9.314479e+03 9.317537e+03 9.308490e+03 9.305431e+03
15.8 9.309324e+03 9.308195e+03 9.308605e+03 9.309735e+03
16.8 9.283462e+03 9.311637e+03 9.308715e+03 9.280540e+03
17.8 9.303424e+03 9.321552e+03 9.308794e+03 9.290666e+03
0.2 9.334369e+03 9.305491e+03 9.309258e+03 9.338136e+03
1.2 9.313642e+03 9.305081e+03 9.309185e+03 9.317745e+03
2.2 9.306265e+03 9.308214e+03 9.311761e+03 9.309811e+03
3.2 9.299674e+03 9.303197e+03 9.313234e+03 9.309711e+03
4.2 9.310977e+03 9.309336e+03 9.311900e+03 9.313540e+03
5.2 9.303609e+03 9.304434e+03 9.310135e+03 9.309310e+03
6.2 9.309910e+03 9.306914e+03 9.309086e+03 9.312082e+03
7.2 9.341688e+03 9.313209e+03 9.308590e+03 9.337069e+03
8.2 9.305515e+03 9.316475e+03 9.308448e+03 9.297487e+03
9.2 9.314479e+03 9.317537e+03 9.308490e+03 9.305431e+03
10.2 9.309324e+03 9.308195e+03 9.308605e+03 9.309735e+03
11.2 9.283462e+03 9.311637e+03 9.308715e+03 9.280540e+03
12.2 9.303424e+03 9.321552e+03 9.308794e+03 9.290666e+03
13.2 9.328550e+03 9.317154e+03 9.308838e+03 9.320234e+03
14.2 9.306070e+03 9.312682e+03 9.308860e+03 9.302248e+03
15.2 9.328830e+03 9.315678e+03 9.308869e+03 9.322022e+03
16.2 9.318128e+03 9.311835e+03 9.308873e+03 9.315167e+03
17.2 9.294428e+03 9.307429e+03 9.308875e+03 9.295873e+03
0.5 9.296557e+03 9.312572e+03 9.308881e+03 9.292866e+03
1.5 9.302967e+03 9.312722e+03 9.309858e+03 9.300103e+03
2.5 9.316419e+03 9.310520e+03 9.312800e+03 9.318699e+03
3.5 9.331912e+03 9.310070e+03 9.313299e+03 9.335141e+03
4.5 9.313332e+03 9.308686e+03 9.311530e+03 9.316176e+03
5.5 9.305571e+03 9.306830e+03 9.309890e+03 9.308631e+03
6.5 9.333708e+03 9.305325e+03 9.308949e+03 9.337331e+03
