0.8 2.518867e+03 2.526481e+03 2.531776e+03 2.524162e+03
1.8 2.523432e+03 2.536000e+03 2.538084e+03 2.525515e+03
2.8 2.548877e+03 2.542899e+03 2.542433e+03 2.548410e+03
3.8 2.549036e+03 2.539306e+03 2.539223e+03 2.548954e+03
4.8 2.535511e+03 2.541921e+03 2.534949e+03 2.528539e+03
5.8 2.551801e+03 2.542547e+03 2.532256e+03 2.541511e+03
6.8 2.544035e+03 2.534107e+03 2.531026e+03 2.540953e+03
7.8 2.541791e+03 2.538478e+03 2.530629e+03 2.533942e+03
8.8 2.537648e+03 2.535280e+03 2.530713e+03 2.533081e+03
9.8 2.532522e+03 2.533710e+03 2.530980e+03 2.529792e+03
10.8 2.521756e+03 2.513774e+03 2.531254e+03 2.539237e+03
11.8 2.509904e+03 2.519272e+03 2.531448e+03 2.522080e+03
12.8 2.548342e+03 2.526109e+03 2.531566e+03 2.553798e+03
13.8 2.527973e+03 2.530467e+03 2.531626e+03 2.529132e+03
14.8 2.535680e+03 2.532929e+03 2.531656e+03 2.534407e+03
15.8 2.553268e+03 2.533747e+03 2.531671e+03 2.551192e+03
16.8 2.531189e+03 2.533229e+03 2.531678e+03 2.529637e+03
17.8 2.552531e+03 2.530490e+03 2.531681e+03 2.553722e+03
0.9 2.523201e+03 2.528507e+03 2.532237e+03 2.526931e+03
1.9 2.533468e+03 2.536918e+03 2.539249e+03 2.535799e+03
2.9 2.530869e+03 2.544649e+03 2.542504e+03 2.528724e+03
3.9 2.554982e+03 2.543034e+03 2.538893e+03 2.550840e+03
4.9 2.553505e+03 2.535835e+03 2.534638e+03 2.552308e+03
5.9 2.536692e+03 2.536328e+03 2.532184e+03 2.532548e+03
6.9 2.508517e+03 2.536933e+03 2.531030e+03 2.502614e+03
7.9 2.528608e+03 2.524798e+03 2.530704e+03 2.534514e+03
8.9 2.534611e+03 2.521684e+03 2.532932e+03 2.545859e+03
9.9 2.564106e+03 2.541882e+03 2.540771e+03 2.562994e+03
10.9 2.552382e+03 2.542873e+03 2.541454e+03 2.550963e+03
11.9 2.536353e+03 2.542577e+03 2.537173e+03 2.530949e+03
12.9 2.538296e+03 2.539181e+03 2.533654e+03 2.532770e+03
13.9 2.521614e+03 2.520285e+03 2.531752e+03 2.533082e+03
14.9 2.515125e+03 2.524825e+03 2.530938e+03 2.521238e+03
15.9 2.514545e+03 2.530072e+03 2.530800e+03 2.515273e+03
16.9 2.523350e+03 2.526067e+03 2.531000e+03 2.528282e+03
17.9 2.511905e+03 2.529345e+03 2.531288e+03 2.513847e+03
0.3 2.528608e+03 2.524798e+03 2.530704e+03 2.534514e+03
1.3 2.534611e+03 2.521684e+03 2.532932e+03 2.545859e+03
2.3 2.564106e+03 2.541882e+03 2.540771e+03 2.562994e+03
3.3 2.552382e+03 2.542873e+03 2.541454e+03 2.550963e+03
4.3 2.536353e+03 2.542577e+03 2.537173e+03 2.530949e+03
5.3 2.538296e+03 2.539181e+03 2.533654e+03 2.532770e+03
6.3 2.521614e+03 2.520285e+03 2.531752e+03 2.533082e+03
7.3 2.515125e+03 2.524825e+03 2.530938e+03 2.521238e+03
8.3 2.514545e+03 2.530072e+03 2.530800e+03 2.515273e+03
9.3 2.523350e+03 2.526067e+03 2.531000e+03 2.528282e+03
10.3 2.511905e+03 2.529345e+03 2.531288e+03 2.513847e+03
11.3 2.544456e+03 2.536883e+03 2.531533e+03 2.539106e+03
12.3 2.560498e+03 2.535587e+03 2.531702e+03 2.556613e+03
13.3 2.539079e+03 2.540319e+03 2.531801e+03 2.530561e+03
14.3 2.512937e+03 2.539284e+03 2.531858e+03 2.505511e+03
15.3 2.504951e+03 2.533283e+03 2.531893e+03 2.503561e+03
16.3 2.513212e+03 2.528137e+03 2.531919e+03 2.516994e+03
17.3 2.526683e+03 2.523220e+03 2.531941e+03 2.535404e+03
0.4 2.536178e+03 2.521917e+03 2.532188e+03 2.546450e+03
1.4 2.504244e+03 2.525836e+03 2.535341e+03 2.513749e+03
2.4 2.528342e+03 2.538292e+03 2.542504e+03 2.532554e+03
3.4 2.543149e+03 2.546200e+03 2.541749e+03 2.538698e+03
4.4 2.533533e+03 2.547180e+03 2.537161e+03 2.523514e+03
5.4 2.534563e+03 2.542636e+03 2.533795e+03 2.525722e+03
6.4 2.550186e+03 2.540518e+03 2.532038e+03 2.541706e+03
7.4 2.537385e+03 2.532295e+03 2.531317e+03 2.536407e+03
8.4 2.546426e+03 2.537645e+03 2.531229e+03 2.540010e+03
9.4 2.539142e+03 2.532564e+03 2.531443e+03 2.538021e+03
10.4 2.519401e+03 2.543214e+03 2.531717e+03 2.507905e+03
11.4 2.536956e+03 2.537964e+03 2.531940e+03 2.530932e+03
12.4 2.541856e+03 2.535750e+03 2.532085e+03 2.538191e+03
13.4 2.525307e+03 2.532338e+03 2.532164e+03 2.525132e+03
14.4 2.547865e+03 2.536967e+03 2.532205e+03 2.543103e+03
15.4 2.553848e+03 2.531830e+03 2.532227e+03 2.554245e+03
16.4 2.513632e+03 2.505038e+03 2.532240e+03 2.540834e+03
17.4 2.534321e+03 2.522260e+03 2.532251e+03 2.544312e+03
