0.8 9.957447e+03 9.951003e+03 9.927321e+03 9.933766e+03
1.8 9.936790e+03 9.942843e+03 9.932934e+03 9.926881e+03
2.8 9.941645e+03 9.921966e+03 9.941101e+03 9.960780e+03
3.8 9.949588e+03 9.937582e+03 9.939434e+03 9.951440e+03
4.8 9.952242e+03 9.931811e+03 9.933359e+03 9.953790e+03
5.8 9.917814e+03 9.893478e+03 9.929007e+03 9.953343e+03
6.8 9.924802e+03 9.934336e+03 9.929575e+03 9.920041e+03
7.8 9.913158e+03 9.922228e+03 9.936419e+03 9.927349e+03
8.8 9.895413e+03 9.909059e+03 9.936671e+03 9.923025e+03
9.8 9.906297e+03 9.922085e+03 9.932121e+03 9.916333e+03
10.8 9.919381e+03 9.920957e+03 9.928527e+03 9.926951e+03
11.8 9.928943e+03 9.925822e+03 9.926631e+03 9.929752e+03
12.8 9.943069e+03 9.938569e+03 9.925907e+03 9.930408e+03
13.8 9.931332e+03 9.926822e+03 9.925820e+03 9.930330e+03
14.8 9.932771e+03 9.925690e+03 9.926055e+03 9.933137e+03
15.8 9.920197e+03 9.927315e+03 9.926361e+03 9.919243e+03
16.8 9.934271e+03 9.923825e+03 9.926614e+03 9.937060e+03
17.8 9.898351e+03 9.903075e+03 9.926768e+03 9.922043e+03
0.5 9.917814e+03 9.893478e+03 9.929007e+03 9.953343e+03
1.5 9.924802e+03 9.934336e+03 9.929575e+03 9.920041e+03
2.5 9.913158e+03 9.922228e+03 9.936419e+03 9.927349e+03
3.5 9.895413e+03 9.909059e+03 9.936671e+03 9.923025e+03
4.5 9.906297e+03 9.922085e+03 9.932121e+03 9.916333e+03
5.5 9.919381e+03 9.920957e+03 9.928527e+03 9.926951e+03
6.5 9.928943e+03 9.925822e+03 9.926631e+03 9.929752e+03
7.5 9.943069e+03 9.938569e+03 9.925907e+03 9.930408e+03
8.5 9.931332e+03 9.926822e+03 9.925820e+03 9.930330e+03
9.5 9.932771e+03 9.925690e+03 9.926055e+03 9.933137e+03
10.5 9.920197e+03 9.927315e+03 9.926361e+03 9.919243e+03
11.5 9.934271e+03 9.923825e+03 9.926614e+03 9.937060e+03
12.5 9.898351e+03 9.903075e+03 9.926768e+03 9.922043e+03
13.5 9.912402e+03 9.921926e+03 9.926847e+03 9.917323e+03
14.5 9.913509e+03 9.904503e+03 9.926881e+03 9.935888e+03
15.5 9.949022e+03 9.940846e+03 9.926892e+03 9.935068e+03
16.5 9.946136e+03 9.937607e+03 9.926892e+03 9.935420e+03
17.5 9.921416e+03 9.938727e+03 9.926888e+03 9.909577e+03
0.6 9.896884e+03 9.911599e+03 9.926834e+03 9.912119e+03
1.6 9.911355e+03 9.908791e+03 9.930421e+03 9.932985e+03
2.6 9.938585e+03 9.938819e+03 9.937853e+03 9.937619e+03
3.6 9.950750e+03 9.948619e+03 9.937356e+03 9.939487e+03
4.6 9.906262e+03 9.936935e+03 9.932419e+03 9.901745e+03
5.6 9.907055e+03 9.942310e+03 9.928658e+03 9.893403e+03
6.6 9.933535e+03 9.934029e+03 9.926633e+03 9.926139e+03
7.6 9.986051e+03 9.932025e+03 9.925831e+03 9.979857e+03
8.6 9.983687e+03 9.949232e+03 9.925707e+03 9.960162e+03
9.6 9.949304e+03 9.935562e+03 9.925924e+03 9.939666e+03
10.6 9.969785e+03 9.953191e+03 9.926216e+03 9.942810e+03
11.6 9.972758e+03 9.978111e+03 9.926458e+03 9.921105e+03
12.6 9.944803e+03 9.945735e+03 9.926607e+03 9.925675e+03
13.6 9.932966e+03 9.917779e+03 9.926686e+03 9.941873e+03
14.6 9.950002e+03 9.908705e+03 9.926721e+03 9.968018e+03
15.6 9.922204e+03 9.921085e+03 9.926735e+03 9.927854e+03
16.6 9.936896e+03 9.944098e+03 9.926741e+03 9.919538e+03
17.6 9.936812e+03 9.914497e+03 9.926743e+03 9.949058e+03
0.8 9.902541e+03 9.935002e+03 9.926975e+03 9.894514e+03
1.8 9.942058e+03 9.935498e+03 9.932743e+03 9.939302e+03
2.8 9.930639e+03 9.935679e+03 9.938866e+03 9.933825e+03
3.8 9.923938e+03 9.933411e+03 9.936314e+03 9.926841e+03
4.8 9.896766e+03 9.898591e+03 9.931360e+03 9.929534e+03
5.8 9.879056e+03 9.911457e+03 9.928016e+03 9.895614e+03
6.8 9.902185e+03 9.923309e+03 9.926466e+03 9.905342e+03
7.8 9.905076e+03 9.919253e+03 9.931077e+03 9.916901e+03
8.8 9.933625e+03 9.936923e+03 9.940137e+03 9.936839e+03
9.8 9.921802e+03 9.935486e+03 9.939197e+03 9.925513e+03
10.8 9.921467e+03 9.917326e+03 9.933352e+03 9.937492e+03
11.8 9.887351e+03 9.919154e+03 9.928770e+03 9.896967e+03
12.8 9.953898e+03 9.939194e+03 9.926465e+03 9.941169e+03
13.8 9.941215e+03 9.933212e+03 9.925547e+03 9.933549e+03
14.8 9.922879e+03 9.909768e+03 9.925472e+03 9.938583e+03
15.8 9.896261e+03 9.914119e+03 9.925784e+03 9.907926e+03
16.8 9.909555e+03 9.914458e+03 9.926188e+03 9.921285e+03
17.8 9.907573e+03 9.912777e+03 9.926505e+03 9.921300e+03
0.7 9.902185e+03 9.923309e+03 9.926466e+03 9.905342e+03
1.7 9.905076e+03 9.919253e+03 9.931077e+03 9.916901e+03
2.7 9.933625e+03 9.936923e+03 9.940137e+03 9.936839e+03
3.7 9.921802e+03 9.935486e+03 9.939197e+03 9.925513e+03
4.7 9.921467e+03 9.917326e+03 9.933352e+03 9.937492e+03
5.7 9.887351e+03 9.919154e+03 9.928770e+03 9.896967e+03
6.7 9.953898e+03 9.939194e+03 9.926465e+03 9.941169e+03
7.7 9.941215e+03 9.933212e+03 9.925547e+03 9.933549e+03
8.7 9.922879e+03 9.909768e+03 9.925472e+03 9.938583e+03
9.7 9.896261e+03 9.914119e+03 9.925784e+03 9.907926e+03
10.7 9.909555e+03 9.914458e+03 9.926188e+03 9.921285e+03
11.7 9.907573e+03 9.912777e+03 9.926505e+03 9.921300e+03
12.7 9.911479e+03 9.921380e+03 9.926713e+03 9.916812e+03
13.7 9.978636e+03 9.939244e+03 9.926826e+03 9.966218e+03
14.7 9.967638e+03 9.931942e+03 9.926887e+03 9.962583e+03
15.7 9.955043e+03 9.926142e+03 9.926921e+03 9.955822e+03
16.7 9.930937e+03 9.943590e+03 9.926942e+03 9.914289e+03
17.7 9.891771e+03 9.925270e+03 9.926960e+03 9.893462e+03
0.1 9.949311e+03 9.939272e+03 9.927096e+03 9.937135e+03
1.1 9.941914e+03 9.932387e+03 9.928070e+03 9.937597e+03
2.1 9.941374e+03 9.933975e+03 9.936181e+03 9.943580e+03
3.1 9.964016e+03 9.954903e+03 9.940601e+03 9.949714e+03
4.1 9.943249e+03 9.954900e+03 9.936479e+03 9.924829e+03
5.1 9.930816e+03 9.937955e+03 9.931109e+03 9.923970e+03
6.1 9.922234e+03 9.934828e+03 9.927902e+03 9.915308e+03
7.1 9.924639e+03 9.922237e+03 9.926363e+03 9.928764e+03
8.1 9.913537e+03 9.914308e+03 9.925896e+03 9.925126e+03
9.1 9.920806e+03 9.931874e+03 9.925992e+03 9.914924e+03
10.1 9.931100e+03 9.946947e+03 9.926315e+03 9.910468e+03
11.1 9.903122e+03 9.919295e+03 9.926626e+03 9.910453e+03
12.1 9.883615e+03 9.905742e+03 9.926849e+03 9.904722e+03
13.1 9.927640e+03 9.908679e+03 9.926970e+03 9.945931e+03
14.1 9.896251e+03 9.904536e+03 9.927026e+03 9.918741e+03
15.1 9.913859e+03 9.909701e+03 9.927045e+03 9.931204e+03
16.1 9.927290e+03 9.923223e+03 9.927046e+03 9.931113e+03
17.1 9.953980e+03 9.934017e+03 9.927039e+03 9.947002e+03
1.0 9.943992e+03 9.929091e+03 9.927434e+03 9.942336e+03
2.0 9.942756e+03 9.937231e+03 9.934654e+03 9.940179e+03
3.0 9.894754e+03 9.910965e+03 9.939543e+03 9.923332e+03
4.0 9.911982e+03 9.923574e+03 9.935796e+03 9.924204e+03
5.0 9.907223e+03 9.905906e+03 9.930698e+03 9.932015e+03
6.0 9.908813e+03 9.926212e+03 9.927423e+03 9.910025e+03
7.0 9.955568e+03 9.925752e+03 9.925892e+03 9.955708e+03
8.0 9.921161e+03 9.931869e+03 9.925364e+03 9.914656e+03
9.0 9.864109e+03 9.927611e+03 9.925404e+03 9.861903e+03
10.0 9.934664e+03 9.949991e+03 9.925671e+03 9.910344e+03
11.0 9.939789e+03 9.942513e+03 9.925949e+03 9.923225e+03
12.0 9.943085e+03 9.953820e+03 9.926133e+03 9.915398e+03
13.0 9.934059e+03 9.921771e+03 9.926226e+03 9.938513e+03
14.0 9.911590e+03 9.929441e+03 9.928035e+03 9.910184e+03
15.0 9.916142e+03 9.920957e+03 9.936316e+03 9.931501e+03
16.0 9.939759e+03 9.953086e+03 9.938708e+03 9.925381e+03
17.0 9.936966e+03 9.914011e+03 9.933994e+03 9.956948e+03
18.0 9.919936e+03 9.920443e+03 9.929271e+03 9.928764e+03
0.3 9.934059e+03 9.921771e+03 9.926226e+03 9.938513e+03
1.3 9.911590e+03 9.929441e+03 9.928035e+03 9.910184e+03
2.3 9.916142e+03 9.920957e+03 9.936316e+03 9.931501e+03
3.3 9.939759e+03 9.953086e+03 9.938708e+03 9.925381e+03
4.3 9.936966e+03 9.914011e+03 9.933994e+03 9.956948e+03
5.3 9.919936e+03 9.920443e+03 9.929271e+03 9.928764e+03
6.3 9.946054e+03 9.926902e+03 9.926483e+03 9.945635e+03
7.3 9.887872e+03 9.910367e+03 9.925250e+03 9.902754e+03
8.3 9.922981e+03 9.925331e+03 9.924895e+03 9.922546e+03
9.3 9.935857e+03 9.945348e+03 9.925019e+03 9.915528e+03
10.3 9.902081e+03 9.948336e+03 9.925299e+03 9.879044e+03
11.3 9.861974e+03 9.866292e+03 9.925558e+03 9.921240e+03
12.3 9.881332e+03 9.896012e+03 9.925718e+03 9.911038e+03
13.3 9.975714e+03 9.950907e+03 9.925795e+03 9.950602e+03
14.3 9.976580e+03 9.963536e+03 9.925814e+03 9.938859e+03
15.3 9.956114e+03 9.940024e+03 9.925805e+03 9.941896e+03
16.3 9.936032e+03 9.921706e+03 9.925783e+03 9.940109e+03
17.3 9.904421e+03 9.913115e+03 9.925755e+03 9.917061e+03
0.1 9.920319e+03 9.912126e+03 9.925726e+03 9.933920e+03
1.1 9.907851e+03 9.926519e+03 9.926574e+03 9.907906e+03
2.1 9.935164e+03 9.933002e+03 9.934739e+03 9.936901e+03
3.1 9.954378e+03 9.941619e+03 9.941100e+03 9.953859e+03
4.1 9.977110e+03 9.944857e+03 9.937066e+03 9.969319e+03
5.1 9.966059e+03 9.922065e+03 9.930745e+03 9.974739e+03
6.1 9.936027e+03 9.912154e+03 9.926772e+03 9.950645e+03
7.1 9.947176e+03 9.914122e+03 9.924832e+03 9.957886e+03
8.1 9.902626e+03 9.921657e+03 9.924342e+03 9.905311e+03
9.1 9.906441e+03 9.921409e+03 9.929735e+03 9.914768e+03
10.1 9.911552e+03 9.933129e+03 9.936602e+03 9.915025e+03
11.1 9.892859e+03 9.916970e+03 9.934681e+03 9.910570e+03
12.1 9.892747e+03 9.905043e+03 9.929950e+03 9.917654e+03
13.1 9.912015e+03 9.911977e+03 9.926587e+03 9.926624e+03
14.1 9.962390e+03 9.907752e+03 9.926340e+03 9.980978e+03
15.1 9.917878e+03 9.940851e+03 9.935050e+03 9.912076e+03
16.1 9.960321e+03 9.964605e+03 9.940032e+03 9.935749e+03
17.1 9.945461e+03 9.930136e+03 9.935520e+03 9.950845e+03
0.8 9.902626e+03 9.921657e+03 9.924342e+03 9.905311e+03
1.8 9.906441e+03 9.921409e+03 9.929735e+03 9.914768e+03
2.8 9.911552e+03 9.933129e+03 9.936602e+03 9.915025e+03
3.8 9.892859e+03 9.916970e+03 9.934681e+03 9.910570e+03
4.8 9.892747e+03 9.905043e+03 9.929950e+03 9.917654e+03
5.8 9.912015e+03 9.911977e+03 9.926587e+03 9.926624e+03
6.8 9.962390e+03 9.907752e+03 9.926340e+03 9.980978e+03
7.8 9.917878e+03 9.940851e+03 9.935050e+03 9.912076e+03
8.8 9.960321e+03 9.964605e+03 9.940032e+03 9.935749e+03
9.8 9.945461e+03 9.930136e+03 9.935520e+03 9.950845e+03
10.8 9.963504e+03 9.947746e+03 9.929551e+03 9.945309e+03
11.8 9.936603e+03 9.931421e+03 9.926004e+03 9.931185e+03
12.8 9.934154e+03 9.934278e+03 9.924329e+03 9.924204e+03
13.8 9.906711e+03 9.931658e+03 9.923846e+03 9.898899e+03
14.8 9.933067e+03 9.912481e+03 9.923987e+03 9.944573e+03
15.8 9.919883e+03 9.920361e+03 9.924378e+03 9.923900e+03
16.8 9.913108e+03 9.923657e+03 9.924749e+03 9.914201e+03
17.8 9.911991e+03 9.923697e+03 9.925016e+03 9.913309e+03
0.2 9.912015e+03 9.911977e+03 9.926587e+03 9.926624e+03
1.2 9.962390e+03 9.907752e+03 9.926340e+03 9.980978e+03
2.2 9.917878e+03 9.940851e+03 9.935050e+03 9.912076e+03
3.2 9.960321e+03 9.964605e+03 9.940032e+03 9.935749e+03
4.2 9.945461e+03 9.930136e+03 9.935520e+03 9.950845e+03
5.2 9.963504e+03 9.947746e+03 9.929551e+03 9.945309e+03
6.2 9.936603e+03 9.931421e+03 9.926004e+03 9.931185e+03
7.2 9.934154e+03 9.934278e+03 9.924329e+03 9.924204e+03
8.2 9.906711e+03 9.931658e+03 9.923846e+03 9.898899e+03
9.2 9.933067e+03 9.912481e+03 9.923987e+03 9.944573e+03
10.2 9.919883e+03 9.920361e+03 9.924378e+03 9.923900e+03
11.2 9.913108e+03 9.923657e+03 9.924749e+03 9.914201e+03
12.2 9.911991e+03 9.923697e+03 9.925016e+03 9.913309e+03
13.2 9.924397e+03 9.920445e+03 9.925165e+03 9.929117e+03
14.2 9.926175e+03 9.927708e+03 9.925239e+03 9.923706e+03
15.2 9.977276e+03 9.963414e+03 9.925272e+03 9.939134e+03
16.2 9.943080e+03 9.938583e+03 9.925286e+03 9.929783e+03
17.2 9.951464e+03 9.946740e+03 9.925291e+03 9.930015e+03
0.5 9.911396e+03 9.931372e+03 9.925312e+03 9.905336e+03
1.5 9.930501e+03 9.944470e+03 9.928617e+03 9.914648e+03
2.5 9.943964e+03 9.946778e+03 9.938564e+03 9.935751e+03
3.5 9.967040e+03 9.939737e+03 9.940254e+03 9.967556e+03
4.5 9.927399e+03 9.924287e+03 9.934268e+03 9.937381e+03
5.5 9.878639e+03 9.901210e+03 9.928723e+03 9.906151e+03
6.5 9.893847e+03 9.921580e+03 9.925540e+03 9.897807e+03
