0.8 1.074038e+04 1.077443e+04 1.072583e+04 1.069179e+04
1.8 1.076103e+04 1.074757e+04 1.071703e+04 1.073049e+04
2.8 1.065681e+04 1.068225e+04 1.070422e+04 1.067878e+04
3.8 1.067914e+04 1.071560e+04 1.070683e+04 1.067037e+04
4.8 1.069962e+04 1.072545e+04 1.071636e+04 1.069053e+04
5.8 1.068162e+04 1.071524e+04 1.072319e+04 1.068957e+04
6.8 1.074974e+04 1.073568e+04 1.072230e+04 1.073636e+04
7.8 1.071526e+04 1.070713e+04 1.071156e+04 1.071969e+04
8.8 1.070131e+04 1.067564e+04 1.071117e+04 1.073685e+04
9.8 1.070917e+04 1.070694e+04 1.071831e+04 1.072054e+04
10.8 1.077916e+04 1.071583e+04 1.072394e+04 1.078728e+04
11.8 1.073598e+04 1.072364e+04 1.072692e+04 1.073926e+04
12.8 1.069979e+04 1.073101e+04 1.072805e+04 1.069684e+04
13.8 1.071330e+04 1.072648e+04 1.072819e+04 1.071501e+04
14.8 1.070090e+04 1.072584e+04 1.072782e+04 1.070287e+04
15.8 1.064254e+04 1.071815e+04 1.072734e+04 1.065174e+04
16.8 1.074203e+04 1.069288e+04 1.072694e+04 1.077609e+04
17.8 1.067289e+04 1.063832e+04 1.072670e+04 1.076127e+04
0.5 1.068162e+04 1.071524e+04 1.072319e+04 1.068957e+04
1.5 1.074974e+04 1.073568e+04 1.072230e+04 1.073636e+04
2.5 1.071526e+04 1.070713e+04 1.071156e+04 1.071969e+04
3.5 1.070131e+04 1.067564e+04 1.071117e+04 1.073685e+04
4.5 1.070917e+04 1.070694e+04 1.071831e+04 1.072054e+04
5.5 1.077916e+04 1.071583e+04 1.072394e+04 1.078728e+04
6.5 1.073598e+04 1.072364e+04 1.072692e+04 1.073926e+04
7.5 1.069979e+04 1.073101e+04 1.072805e+04 1.069684e+04
8.5 1.071330e+04 1.072648e+04 1.072819e+04 1.071501e+04
9.5 1.070090e+04 1.072584e+04 1.072782e+04 1.070287e+04
10.5 1.064254e+04 1.071815e+04 1.072734e+04 1.065174e+04
11.5 1.074203e+04 1.069288e+04 1.072694e+04 1.077609e+04
12.5 1.067289e+04 1.063832e+04 1.072670e+04 1.076127e+04
13.5 1.069345e+04 1.070839e+04 1.072658e+04 1.071164e+04
14.5 1.075325e+04 1.070673e+04 1.072653e+04 1.077304e+04
15.5 1.068777e+04 1.073050e+04 1.072651e+04 1.068378e+04
16.5 1.073084e+04 1.073149e+04 1.072651e+04 1.072586e+04
17.5 1.064105e+04 1.072892e+04 1.072651e+04 1.063864e+04
0.6 1.060356e+04 1.070615e+04 1.072660e+04 1.062401e+04
1.6 1.062066e+04 1.068562e+04 1.072097e+04 1.065601e+04
2.6 1.068081e+04 1.072812e+04 1.070931e+04 1.066201e+04
3.6 1.075002e+04 1.075347e+04 1.071009e+04 1.070664e+04
4.6 1.074179e+04 1.074188e+04 1.071784e+04 1.071775e+04
5.6 1.076736e+04 1.076483e+04 1.072374e+04 1.072627e+04
6.6 1.081339e+04 1.075186e+04 1.072691e+04 1.078845e+04
7.6 1.073083e+04 1.073625e+04 1.072817e+04 1.072276e+04
8.6 1.078960e+04 1.073116e+04 1.072837e+04 1.078681e+04
9.6 1.072689e+04 1.073262e+04 1.072803e+04 1.072230e+04
10.6 1.079758e+04 1.075721e+04 1.072757e+04 1.076794e+04
11.6 1.080547e+04 1.080407e+04 1.072719e+04 1.072860e+04
12.6 1.079304e+04 1.077065e+04 1.072695e+04 1.074934e+04
13.6 1.070041e+04 1.072646e+04 1.072683e+04 1.070079e+04
14.6 1.070133e+04 1.070353e+04 1.072678e+04 1.072458e+04
15.6 1.073558e+04 1.072393e+04 1.072675e+04 1.073840e+04
16.6 1.077077e+04 1.072648e+04 1.072675e+04 1.077104e+04
17.6 1.078981e+04 1.071768e+04 1.072674e+04 1.079887e+04
0.8 1.084316e+04 1.073824e+04 1.072638e+04 1.083130e+04
1.8 1.069442e+04 1.073176e+04 1.071733e+04 1.067999e+04
2.8 1.070154e+04 1.071453e+04 1.070772e+04 1.069474e+04
3.8 1.076613e+04 1.072028e+04 1.071173e+04 1.075758e+04
4.8 1.065773e+04 1.065966e+04 1.071950e+04 1.071757e+04
5.8 1.068399e+04 1.067625e+04 1.072475e+04 1.073249e+04
6.8 1.070306e+04 1.069090e+04 1.072718e+04 1.073933e+04
7.8 1.070352e+04 1.068521e+04 1.071994e+04 1.073826e+04
8.8 1.066340e+04 1.070529e+04 1.070573e+04 1.066383e+04
9.8 1.064382e+04 1.070806e+04 1.070721e+04 1.064297e+04
10.8 1.062456e+04 1.069479e+04 1.071637e+04 1.064614e+04
11.8 1.070212e+04 1.071668e+04 1.072356e+04 1.070900e+04
12.8 1.069941e+04 1.076319e+04 1.072718e+04 1.066341e+04
13.8 1.080197e+04 1.075426e+04 1.072862e+04 1.077633e+04
14.8 1.082610e+04 1.070914e+04 1.072874e+04 1.084570e+04
15.8 1.069019e+04 1.072009e+04 1.072825e+04 1.069835e+04
16.8 1.071979e+04 1.073141e+04 1.072761e+04 1.071600e+04
17.8 1.071462e+04 1.072191e+04 1.072712e+04 1.071982e+04
0.7 1.070306e+04 1.069090e+04 1.072718e+04 1.073933e+04
1.7 1.070352e+04 1.068521e+04 1.071994e+04 1.073826e+04
2.7 1.066340e+04 1.070529e+04 1.070573e+04 1.066383e+04
3.7 1.064382e+04 1.070806e+04 1.070721e+04 1.064297e+04
4.7 1.062456e+04 1.069479e+04 1.071637e+04 1.064614e+04
5.7 1.070212e+04 1.071668e+04 1.072356e+04 1.070900e+04
6.7 1.069941e+04 1.076319e+04 1.072718e+04 1.066341e+04
7.7 1.080197e+04 1.075426e+04 1.072862e+04 1.077633e+04
8.7 1.082610e+04 1.070914e+04 1.072874e+04 1.084570e+04
9.7 1.069019e+04 1.072009e+04 1.072825e+04 1.069835e+04
10.7 1.071979e+04 1.073141e+04 1.072761e+04 1.071600e+04
11.7 1.071462e+04 1.072191e+04 1.072712e+04 1.071982e+04
12.7 1.068768e+04 1.072246e+04 1.072679e+04 1.069201e+04
13.7 1.071153e+04 1.075599e+04 1.072661e+04 1.068215e+04
14.7 1.076766e+04 1.074798e+04 1.072652e+04 1.074620e+04
15.7 1.070345e+04 1.073178e+04 1.072646e+04 1.069813e+04
16.7 1.067369e+04 1.073339e+04 1.072643e+04 1.066673e+04
17.7 1.074131e+04 1.073627e+04 1.072640e+04 1.073144e+04
0.1 1.070702e+04 1.069557e+04 1.072619e+04 1.073764e+04
1.1 1.071931e+04 1.069627e+04 1.072466e+04 1.074770e+04
2.1 1.070585e+04 1.070482e+04 1.071194e+04 1.071297e+04
3.1 1.077151e+04 1.072840e+04 1.070500e+04 1.074811e+04
4.1 1.078435e+04 1.076377e+04 1.071147e+04 1.073205e+04
5.1 1.072991e+04 1.075135e+04 1.071989e+04 1.069846e+04
6.1 1.071913e+04 1.075635e+04 1.072492e+04 1.068770e+04
7.1 1.065894e+04 1.073060e+04 1.072734e+04 1.065568e+04
8.1 1.068221e+04 1.071324e+04 1.072807e+04 1.069704e+04
9.1 1.074611e+04 1.073175e+04 1.072792e+04 1.074228e+04
10.1 1.073497e+04 1.073290e+04 1.072741e+04 1.072949e+04
11.1 1.076522e+04 1.072197e+04 1.072693e+04 1.077017e+04
12.1 1.070616e+04 1.069949e+04 1.072658e+04 1.073324e+04
13.1 1.068017e+04 1.070038e+04 1.072639e+04 1.070618e+04
14.1 1.068225e+04 1.069072e+04 1.072630e+04 1.071783e+04
15.1 1.073438e+04 1.070152e+04 1.072627e+04 1.075913e+04
16.1 1.077041e+04 1.072391e+04 1.072627e+04 1.077276e+04
17.1 1.079257e+04 1.072990e+04 1.072628e+04 1.078895e+04
1.0 1.081768e+04 1.073928e+04 1.072566e+04 1.080405e+04
2.0 1.073547e+04 1.073340e+04 1.071433e+04 1.071640e+04
3.0 1.069278e+04 1.065340e+04 1.070666e+04 1.074604e+04
4.0 1.067015e+04 1.069770e+04 1.071254e+04 1.068499e+04
5.0 1.069596e+04 1.067918e+04 1.072054e+04 1.073732e+04
6.0 1.065306e+04 1.073303e+04 1.072568e+04 1.064570e+04
7.0 1.078354e+04 1.073697e+04 1.072808e+04 1.077465e+04
8.0 1.075578e+04 1.075030e+04 1.072891e+04 1.073438e+04
9.0 1.077249e+04 1.073420e+04 1.072884e+04 1.076714e+04
10.0 1.075702e+04 1.073431e+04 1.072842e+04 1.075113e+04
11.0 1.074469e+04 1.073256e+04 1.072799e+04 1.074012e+04
12.0 1.071936e+04 1.075311e+04 1.072770e+04 1.069395e+04
13.0 1.075158e+04 1.074145e+04 1.072755e+04 1.073767e+04
14.0 1.071470e+04 1.074610e+04 1.072472e+04 1.069332e+04
15.0 1.072178e+04 1.070109e+04 1.071172e+04 1.073242e+04
16.0 1.072803e+04 1.074906e+04 1.070797e+04 1.068695e+04
17.0 1.067433e+04 1.067911e+04 1.071537e+04 1.071059e+04
18.0 1.063256e+04 1.068413e+04 1.072278e+04 1.067120e+04
0.3 1.075158e+04 1.074145e+04 1.072755e+04 1.073767e+04
1.3 1.071470e+04 1.074610e+04 1.072472e+04 1.069332e+04
2.3 1.072178e+04 1.070109e+04 1.071172e+04 1.073242e+04
3.3 1.072803e+04 1.074906e+04 1.070797e+04 1.068695e+04
4.3 1.067433e+04 1.067911e+04 1.071537e+04 1.071059e+04
5.3 1.063256e+04 1.068413e+04 1.072278e+04 1.067120e+04
6.3 1.068864e+04 1.069176e+04 1.072715e+04 1.072404e+04
7.3 1.069695e+04 1.070686e+04 1.072908e+04 1.071918e+04
8.3 1.072344e+04 1.072038e+04 1.072964e+04 1.073270e+04
9.3 1.073586e+04 1.073139e+04 1.072945e+04 1.073391e+04
10.3 1.072784e+04 1.074850e+04 1.072901e+04 1.070835e+04
11.3 1.067866e+04 1.069571e+04 1.072860e+04 1.071155e+04
12.3 1.074267e+04 1.071742e+04 1.072835e+04 1.075360e+04
13.3 1.080812e+04 1.076030e+04 1.072823e+04 1.077605e+04
14.3 1.078044e+04 1.075126e+04 1.072820e+04 1.075738e+04
15.3 1.070000e+04 1.074016e+04 1.072821e+04 1.068805e+04
16.3 1.061844e+04 1.072408e+04 1.072825e+04 1.062261e+04
17.3 1.073068e+04 1.074078e+04 1.072829e+04 1.071820e+04
0.1 1.073729e+04 1.074527e+04 1.072834e+04 1.072036e+04
1.1 1.074047e+04 1.071809e+04 1.072701e+04 1.074939e+04
2.1 1.078112e+04 1.071631e+04 1.071420e+04 1.077901e+04
3.1 1.076842e+04 1.071658e+04 1.070422e+04 1.075606e+04
4.1 1.081437e+04 1.074384e+04 1.071055e+04 1.078107e+04
5.1 1.078269e+04 1.070059e+04 1.072046e+04 1.080256e+04
6.1 1.071006e+04 1.068436e+04 1.072670e+04 1.075240e+04
7.1 1.066952e+04 1.070184e+04 1.072974e+04 1.069742e+04
8.1 1.073678e+04 1.072795e+04 1.073051e+04 1.073934e+04
9.1 1.068422e+04 1.071192e+04 1.072205e+04 1.069434e+04
10.1 1.067304e+04 1.071485e+04 1.071128e+04 1.066946e+04
11.1 1.067681e+04 1.068963e+04 1.071429e+04 1.070147e+04
12.1 1.063910e+04 1.068384e+04 1.072171e+04 1.067696e+04
13.1 1.072630e+04 1.070953e+04 1.072699e+04 1.074376e+04
14.1 1.082007e+04 1.070149e+04 1.072737e+04 1.084595e+04
15.1 1.078859e+04 1.073645e+04 1.071371e+04 1.076585e+04
16.1 1.076311e+04 1.077001e+04 1.070589e+04 1.069900e+04
17.1 1.075883e+04 1.072157e+04 1.071297e+04 1.075023e+04
0.8 1.073678e+04 1.072795e+04 1.073051e+04 1.073934e+04
1.8 1.068422e+04 1.071192e+04 1.072205e+04 1.069434e+04
2.8 1.067304e+04 1.071485e+04 1.071128e+04 1.066946e+04
3.8 1.067681e+04 1.068963e+04 1.071429e+04 1.070147e+04
4.8 1.063910e+04 1.068384e+04 1.072171e+04 1.067696e+04
5.8 1.072630e+04 1.070953e+04 1.072699e+04 1.074376e+04
6.8 1.082007e+04 1.070149e+04 1.072737e+04 1.084595e+04
7.8 1.078859e+04 1.073645e+04 1.071371e+04 1.076585e+04
8.8 1.076311e+04 1.077001e+04 1.070589e+04 1.069900e+04
9.8 1.075883e+04 1.072157e+04 1.071297e+04 1.075023e+04
10.8 1.071834e+04 1.074960e+04 1.072234e+04 1.069107e+04
11.8 1.071775e+04 1.074508e+04 1.072790e+04 1.070057e+04
12.8 1.079464e+04 1.074306e+04 1.073053e+04 1.078211e+04
13.8 1.080035e+04 1.074104e+04 1.073129e+04 1.079060e+04
14.8 1.067017e+04 1.071973e+04 1.073107e+04 1.068150e+04
15.8 1.078341e+04 1.072607e+04 1.073045e+04 1.078779e+04
16.8 1.060972e+04 1.072812e+04 1.072987e+04 1.061147e+04
17.8 1.071828e+04 1.073066e+04 1.072945e+04 1.071707e+04
0.2 1.072630e+04 1.070953e+04 1.072699e+04 1.074376e+04
1.2 1.082007e+04 1.070149e+04 1.072737e+04 1.084595e+04
2.2 1.078859e+04 1.073645e+04 1.071371e+04 1.076585e+04
3.2 1.076311e+04 1.077001e+04 1.070589e+04 1.069900e+04
4.2 1.075883e+04 1.072157e+04 1.071297e+04 1.075023e+04
5.2 1.071834e+04 1.074960e+04 1.072234e+04 1.069107e+04
6.2 1.071775e+04 1.074508e+04 1.072790e+04 1.070057e+04
7.2 1.079464e+04 1.074306e+04 1.073053e+04 1.078211e+04
8.2 1.080035e+04 1.074104e+04 1.073129e+04 1.079060e+04
9.2 1.067017e+04 1.071973e+04 1.073107e+04 1.068150e+04
10.2 1.078341e+04 1.072607e+04 1.073045e+04 1.078779e+04
11.2 1.060972e+04 1.072812e+04 1.072987e+04 1.061147e+04
12.2 1.071828e+04 1.073066e+04 1.072945e+04 1.071707e+04
13.2 1.069174e+04 1.071221e+04 1.072922e+04 1.070875e+04
14.2 1.069064e+04 1.070120e+04 1.072910e+04 1.071854e+04
15.2 1.083098e+04 1.081718e+04 1.072905e+04 1.074285e+04
16.2 1.071207e+04 1.073081e+04 1.072903e+04 1.071029e+04
17.2 1.070949e+04 1.074394e+04 1.072902e+04 1.069457e+04
0.5 1.066794e+04 1.071369e+04 1.072899e+04 1.068324e+04
1.5 1.076023e+04 1.075400e+04 1.072380e+04 1.073003e+04
2.5 1.079233e+04 1.073340e+04 1.070820e+04 1.076713e+04
3.5 1.067367e+04 1.071695e+04 1.070555e+04 1.066226e+04
4.5 1.067514e+04 1.071007e+04 1.071494e+04 1.068000e+04
5.5 1.069753e+04 1.071328e+04 1.072364e+04 1.070788e+04
6.5 1.071859e+04 1.075056e+04 1.072863e+04 1.069666e+04
