0.8 9.421838e+03 9.387900e+03 9.367900e+03 9.401837e+03
1.8 9.404923e+03 9.391844e+03 9.383157e+03 9.396237e+03
2.8 9.398993e+03 9.378439e+03 9.393678e+03 9.414232e+03
3.8 9.350640e+03 9.351414e+03 9.385914e+03 9.385140e+03
4.8 9.442164e+03 9.396039e+03 9.375574e+03 9.421700e+03
5.8 9.399831e+03 9.390546e+03 9.369062e+03 9.378346e+03
6.8 9.406546e+03 9.356054e+03 9.366087e+03 9.416579e+03
7.8 9.400218e+03 9.348007e+03 9.365127e+03 9.417337e+03
8.8 9.356064e+03 9.356140e+03 9.365328e+03 9.365252e+03
9.8 9.359845e+03 9.359635e+03 9.365974e+03 9.366184e+03
10.8 9.336362e+03 9.346331e+03 9.366639e+03 9.356670e+03
11.8 9.424690e+03 9.364770e+03 9.367106e+03 9.427026e+03
12.8 9.391440e+03 9.368436e+03 9.367391e+03 9.390395e+03
13.8 9.338784e+03 9.366058e+03 9.367537e+03 9.340263e+03
14.8 9.340354e+03 9.369494e+03 9.367610e+03 9.338470e+03
15.8 9.343041e+03 9.375134e+03 9.367645e+03 9.335552e+03
16.8 9.337956e+03 9.373161e+03 9.367662e+03 9.332458e+03
17.8 9.344832e+03 9.374474e+03 9.367671e+03 9.338029e+03
0.9 9.412774e+03 9.394532e+03 9.369016e+03 9.387257e+03
1.9 9.381689e+03 9.384054e+03 9.385976e+03 9.383611e+03
2.9 9.362252e+03 9.384914e+03 9.393850e+03 9.371188e+03
3.9 9.350225e+03 9.368499e+03 9.385114e+03 9.366840e+03
4.9 9.328971e+03 9.354614e+03 9.374823e+03 9.349179e+03
5.9 9.320179e+03 9.363113e+03 9.368886e+03 9.325952e+03
6.9 9.388788e+03 9.362944e+03 9.366095e+03 9.391939e+03
7.9 9.319323e+03 9.382905e+03 9.365307e+03 9.301725e+03
8.9 9.387272e+03 9.354160e+03 9.370696e+03 9.403808e+03
9.9 9.413322e+03 9.405026e+03 9.389657e+03 9.397952e+03
10.9 9.375933e+03 9.363723e+03 9.391309e+03 9.403519e+03
11.9 9.411039e+03 9.378535e+03 9.380954e+03 9.413458e+03
12.9 9.394346e+03 9.407768e+03 9.372443e+03 9.359021e+03
13.9 9.358565e+03 9.357550e+03 9.367843e+03 9.368857e+03
14.9 9.354950e+03 9.365179e+03 9.365874e+03 9.355645e+03
15.9 9.376413e+03 9.367230e+03 9.365540e+03 9.374723e+03
16.9 9.401855e+03 9.359550e+03 9.366023e+03 9.408329e+03
17.9 9.387996e+03 9.376699e+03 9.366719e+03 9.378016e+03
0.3 9.319323e+03 9.382905e+03 9.365307e+03 9.301725e+03
1.3 9.387272e+03 9.354160e+03 9.370696e+03 9.403808e+03
2.3 9.413322e+03 9.405026e+03 9.389657e+03 9.397952e+03
3.3 9.375933e+03 9.363723e+03 9.391309e+03 9.403519e+03
4.3 9.411039e+03 9.378535e+03 9.380954e+03 9.413458e+03
5.3 9.394346e+03 9.407768e+03 9.372443e+03 9.359021e+03
6.3 9.358565e+03 9.357550e+03 9.367843e+03 9.368857e+03
7.3 9.354950e+03 9.365179e+03 9.365874e+03 9.355645e+03
8.3 9.376413e+03 9.367230e+03 9.365540e+03 9.374723e+03
9.3 9.401855e+03 9.359550e+03 9.366023e+03 9.408329e+03
10.3 9.387996e+03 9.376699e+03 9.366719e+03 9.378016e+03
11.3 9.303043e+03 9.395732e+03 9.367313e+03 9.274624e+03
12.3 9.346126e+03 9.364428e+03 9.367722e+03 9.349420e+03
13.3 9.295058e+03 9.348109e+03 9.367960e+03 9.314908e+03
14.3 9.417781e+03 9.346000e+03 9.368099e+03 9.439880e+03
15.3 9.398516e+03 9.370020e+03 9.368184e+03 9.396680e+03
16.3 9.403549e+03 9.415696e+03 9.368247e+03 9.356100e+03
17.3 9.367414e+03 9.388876e+03 9.368300e+03 9.346837e+03
0.4 9.374329e+03 9.371233e+03 9.368898e+03 9.371994e+03
1.4 9.325054e+03 9.341303e+03 9.376524e+03 9.360275e+03
2.4 9.331660e+03 9.322595e+03 9.393848e+03 9.402913e+03
3.4 9.370097e+03 9.392466e+03 9.392024e+03 9.369654e+03
4.4 9.414005e+03 9.428253e+03 9.380926e+03 9.366678e+03
5.4 9.411719e+03 9.405236e+03 9.372783e+03 9.379266e+03
6.4 9.362901e+03 9.380344e+03 9.368534e+03 9.351091e+03
7.4 9.357433e+03 9.364209e+03 9.366790e+03 9.360015e+03
8.4 9.361661e+03 9.343442e+03 9.366578e+03 9.384797e+03
9.4 9.352925e+03 9.364278e+03 9.367094e+03 9.355741e+03
10.4 9.428311e+03 9.399052e+03 9.367758e+03 9.397016e+03
11.4 9.408200e+03 9.379190e+03 9.368296e+03 9.397307e+03
12.4 9.367393e+03 9.364338e+03 9.368648e+03 9.371703e+03
13.4 9.371803e+03 9.367549e+03 9.368837e+03 9.373092e+03
14.4 9.391932e+03 9.354961e+03 9.368938e+03 9.405909e+03
15.4 9.381484e+03 9.374510e+03 9.368990e+03 9.375964e+03
16.4 9.299958e+03 9.305162e+03 9.369023e+03 9.363819e+03
17.4 9.359555e+03 9.354229e+03 9.369049e+03 9.374375e+03
