0.4 8.167726e+03 8.141233e+03 8.144230e+03 8.170723e+03
1.4 8.122492e+03 8.142187e+03 8.144909e+03 8.125214e+03
2.4 8.113827e+03 8.154941e+03 8.146999e+03 8.105885e+03
3.4 8.166021e+03 8.149385e+03 8.147230e+03 8.163866e+03
4.4 8.184729e+03 8.144388e+03 8.145982e+03 8.186323e+03
5.4 8.153682e+03 8.140156e+03 8.144867e+03 8.158392e+03
6.4 8.149112e+03 8.137564e+03 8.144274e+03 8.155822e+03
7.4 8.132335e+03 8.138969e+03 8.144020e+03 8.137387e+03
8.4 8.150779e+03 8.138612e+03 8.143968e+03 8.156136e+03
9.4 8.118709e+03 8.142541e+03 8.144021e+03 8.120189e+03
10.4 8.165132e+03 8.160176e+03 8.144106e+03 8.149061e+03
11.4 8.126808e+03 8.143190e+03 8.144177e+03 8.127795e+03
12.4 8.123431e+03 8.146919e+03 8.144668e+03 8.121180e+03
13.4 8.111768e+03 8.123916e+03 8.146957e+03 8.134809e+03
14.4 8.114949e+03 8.142633e+03 8.147724e+03 8.120040e+03
15.4 8.196121e+03 8.145936e+03 8.146463e+03 8.196648e+03
16.4 8.118193e+03 8.148472e+03 8.145165e+03 8.114887e+03
17.4 8.161335e+03 8.152282e+03 8.144407e+03 8.153460e+03
0.3 8.126808e+03 8.143190e+03 8.144177e+03 8.127795e+03
1.3 8.123431e+03 8.146919e+03 8.144668e+03 8.121180e+03
2.3 8.111768e+03 8.123916e+03 8.146957e+03 8.134809e+03
3.3 8.114949e+03 8.142633e+03 8.147724e+03 8.120040e+03
4.3 8.196121e+03 8.145936e+03 8.146463e+03 8.196648e+03
5.3 8.118193e+03 8.148472e+03 8.145165e+03 8.114887e+03
6.3 8.161335e+03 8.152282e+03 8.144407e+03 8.153460e+03
7.3 8.158527e+03 8.155587e+03 8.144057e+03 8.146997e+03
8.3 8.140894e+03 8.153783e+03 8.144184e+03 8.131295e+03
9.3 8.191816e+03 8.147664e+03 8.146333e+03 8.190485e+03
10.3 8.161959e+03 8.154949e+03 8.147944e+03 8.154954e+03
11.3 8.164610e+03 8.144090e+03 8.147027e+03 8.167547e+03
12.3 8.142894e+03 8.142823e+03 8.145516e+03 8.145586e+03
13.3 8.128723e+03 8.139157e+03 8.144564e+03 8.134131e+03
14.3 8.139289e+03 8.138922e+03 8.144096e+03 8.144462e+03
15.3 8.155363e+03 8.143945e+03 8.143944e+03 8.155362e+03
16.3 8.128705e+03 8.140088e+03 8.143963e+03 8.132580e+03
17.3 8.162508e+03 8.138306e+03 8.144054e+03 8.168256e+03
0.1 8.158527e+03 8.155587e+03 8.144057e+03 8.146997e+03
1.1 8.140894e+03 8.153783e+03 8.144184e+03 8.131295e+03
2.1 8.191816e+03 8.147664e+03 8.146333e+03 8.190485e+03
3.1 8.161959e+03 8.154949e+03 8.147944e+03 8.154954e+03
4.1 8.164610e+03 8.144090e+03 8.147027e+03 8.167547e+03
5.1 8.142894e+03 8.142823e+03 8.145516e+03 8.145586e+03
6.1 8.128723e+03 8.139157e+03 8.144564e+03 8.134131e+03
7.1 8.139289e+03 8.138922e+03 8.144096e+03 8.144462e+03
8.1 8.155363e+03 8.143945e+03 8.143944e+03 8.155362e+03
9.1 8.128705e+03 8.140088e+03 8.143963e+03 8.132580e+03
10.1 8.162508e+03 8.138306e+03 8.144054e+03 8.168256e+03
11.1 8.136237e+03 8.124496e+03 8.144146e+03 8.155887e+03
12.1 8.131602e+03 8.135195e+03 8.144215e+03 8.140621e+03
13.1 8.102847e+03 8.135644e+03 8.144254e+03 8.111456e+03
14.1 8.154942e+03 8.143947e+03 8.144273e+03 8.155268e+03
15.1 8.149574e+03 8.146173e+03 8.144282e+03 8.147683e+03
16.1 8.159471e+03 8.147505e+03 8.144285e+03 8.156251e+03
17.1 8.168869e+03 8.145155e+03 8.144286e+03 8.168001e+03
0.6 8.109684e+03 8.147576e+03 8.144293e+03 8.106401e+03
1.6 8.127694e+03 8.148399e+03 8.145161e+03 8.124455e+03
2.6 8.139148e+03 8.135378e+03 8.147497e+03 8.151266e+03
3.6 8.137058e+03 8.153783e+03 8.147629e+03 8.130903e+03
4.6 8.162145e+03 8.144553e+03 8.146175e+03 8.163767e+03
5.6 8.139884e+03 8.142461e+03 8.144967e+03 8.142389e+03
6.6 8.141719e+03 8.143054e+03 8.144307e+03 8.142973e+03
7.6 8.135575e+03 8.151320e+03 8.144022e+03 8.128277e+03
8.6 8.165459e+03 8.149178e+03 8.144035e+03 8.160317e+03
9.6 8.122348e+03 8.146559e+03 8.145673e+03 8.121461e+03
10.6 8.155527e+03 8.151524e+03 8.147733e+03 8.151737e+03
11.6 8.127484e+03 8.140741e+03 8.147262e+03 8.134005e+03
12.6 8.132598e+03 8.146256e+03 8.145775e+03 8.132117e+03
13.6 8.148116e+03 8.141414e+03 8.144735e+03 8.151437e+03
14.6 8.109490e+03 8.143864e+03 8.144462e+03 8.110088e+03
15.6 8.199251e+03 8.153192e+03 8.146234e+03 8.192293e+03
16.6 8.159699e+03 8.141584e+03 8.147270e+03 8.165386e+03
17.6 8.157535e+03 8.145932e+03 8.146300e+03 8.157902e+03
0.9 8.165459e+03 8.149178e+03 8.144035e+03 8.160317e+03
1.9 8.122348e+03 8.146559e+03 8.145673e+03 8.121461e+03
2.9 8.155527e+03 8.151524e+03 8.147733e+03 8.151737e+03
3.9 8.127484e+03 8.140741e+03 8.147262e+03 8.134005e+03
4.9 8.132598e+03 8.146256e+03 8.145775e+03 8.132117e+03
5.9 8.148116e+03 8.141414e+03 8.144735e+03 8.151437e+03
6.9 8.109490e+03 8.143864e+03 8.144462e+03 8.110088e+03
7.9 8.199251e+03 8.153192e+03 8.146234e+03 8.192293e+03
8.9 8.159699e+03 8.141584e+03 8.147270e+03 8.165386e+03
9.9 8.157535e+03 8.145932e+03 8.146300e+03 8.157902e+03
10.9 8.144242e+03 8.148744e+03 8.145132e+03 8.140630e+03
11.9 8.149874e+03 8.150835e+03 8.144424e+03 8.143463e+03
12.9 8.115926e+03 8.139342e+03 8.144118e+03 8.120702e+03
13.9 8.135379e+03 8.134450e+03 8.144036e+03 8.144965e+03
14.9 8.161890e+03 8.138634e+03 8.144079e+03 8.167335e+03
15.9 8.182662e+03 8.135573e+03 8.144168e+03 8.191257e+03
16.9 8.134637e+03 8.139883e+03 8.144330e+03 8.139085e+03
17.9 8.163801e+03 8.147885e+03 8.146002e+03 8.161918e+03
0.1 8.148116e+03 8.141414e+03 8.144735e+03 8.151437e+03
1.1 8.109490e+03 8.143864e+03 8.144462e+03 8.110088e+03
2.1 8.199251e+03 8.153192e+03 8.146234e+03 8.192293e+03
3.1 8.159699e+03 8.141584e+03 8.147270e+03 8.165386e+03
4.1 8.157535e+03 8.145932e+03 8.146300e+03 8.157902e+03
5.1 8.144242e+03 8.148744e+03 8.145132e+03 8.140630e+03
6.1 8.149874e+03 8.150835e+03 8.144424e+03 8.143463e+03
7.1 8.115926e+03 8.139342e+03 8.144118e+03 8.120702e+03
8.1 8.135379e+03 8.134450e+03 8.144036e+03 8.144965e+03
9.1 8.161890e+03 8.138634e+03 8.144079e+03 8.167335e+03
10.1 8.182662e+03 8.135573e+03 8.144168e+03 8.191257e+03
11.1 8.134637e+03 8.139883e+03 8.144330e+03 8.139085e+03
12.1 8.163801e+03 8.147885e+03 8.146002e+03 8.161918e+03
13.1 8.136146e+03 8.161967e+03 8.148666e+03 8.122844e+03
14.1 8.136835e+03 8.151003e+03 8.148459e+03 8.134291e+03
15.1 8.166709e+03 8.150080e+03 8.146621e+03 8.163250e+03
16.1 8.126483e+03 8.140288e+03 8.145125e+03 8.131320e+03
17.1 8.124161e+03 8.139321e+03 8.144356e+03 8.129196e+03
0.9 8.134637e+03 8.139883e+03 8.144330e+03 8.139085e+03
1.9 8.163801e+03 8.147885e+03 8.146002e+03 8.161918e+03
2.9 8.136146e+03 8.161967e+03 8.148666e+03 8.122844e+03
3.9 8.136835e+03 8.151003e+03 8.148459e+03 8.134291e+03
4.9 8.166709e+03 8.150080e+03 8.146621e+03 8.163250e+03
5.9 8.126483e+03 8.140288e+03 8.145125e+03 8.131320e+03
6.9 8.124161e+03 8.139321e+03 8.144356e+03 8.129196e+03
7.9 8.159022e+03 8.145204e+03 8.144048e+03 8.157866e+03
8.9 8.158746e+03 8.149004e+03 8.144009e+03 8.153750e+03
9.9 8.144628e+03 8.139625e+03 8.144102e+03 8.149106e+03
10.9 8.119254e+03 8.139502e+03 8.144229e+03 8.123980e+03
11.9 8.140657e+03 8.141252e+03 8.144331e+03 8.143735e+03
12.9 8.122660e+03 8.140972e+03 8.144399e+03 8.126087e+03
13.9 8.115074e+03 8.140835e+03 8.144439e+03 8.118679e+03
14.9 8.143206e+03 8.141669e+03 8.144462e+03 8.145998e+03
15.9 8.160869e+03 8.142028e+03 8.144475e+03 8.163316e+03
16.9 8.150440e+03 8.155775e+03 8.144484e+03 8.139149e+03
17.9 8.143609e+03 8.139200e+03 8.144491e+03 8.148900e+03
0.1 8.139487e+03 8.140147e+03 8.144540e+03 8.143880e+03
1.1 8.160026e+03 8.150047e+03 8.144742e+03 8.154721e+03
2.1 8.167145e+03 8.144526e+03 8.146739e+03 8.169358e+03
3.1 8.170588e+03 8.136068e+03 8.148398e+03 8.182918e+03
4.1 8.122410e+03 8.140061e+03 8.147445e+03 8.129794e+03
5.1 8.131045e+03 8.146395e+03 8.145874e+03 8.130524e+03
6.1 8.141854e+03 8.140242e+03 8.144880e+03 8.146492e+03
7.1 8.132983e+03 8.139736e+03 8.144395e+03 8.137643e+03
8.1 8.143759e+03 8.142316e+03 8.144226e+03 8.145669e+03
9.1 8.158406e+03 8.139116e+03 8.144241e+03 8.163530e+03
10.1 8.115553e+03 8.133647e+03 8.144332e+03 8.126238e+03
11.1 8.146989e+03 8.139683e+03 8.144425e+03 8.151731e+03
12.1 8.153592e+03 8.146347e+03 8.144494e+03 8.151739e+03
13.1 8.169927e+03 8.155007e+03 8.144535e+03 8.159455e+03
14.1 8.151801e+03 8.142294e+03 8.144556e+03 8.154063e+03
15.1 8.128240e+03 8.141166e+03 8.144565e+03 8.131639e+03
16.1 8.190748e+03 8.157089e+03 8.144569e+03 8.178227e+03
17.1 8.197637e+03 8.185894e+03 8.144569e+03 8.156312e+03
0.4 8.143316e+03 8.142713e+03 8.144550e+03 8.145154e+03
1.4 8.143974e+03 8.148006e+03 8.145229e+03 8.141197e+03
2.4 8.171828e+03 8.148338e+03 8.147724e+03 8.171214e+03
3.4 8.133117e+03 8.157664e+03 8.148417e+03 8.123869e+03
4.4 8.131560e+03 8.144407e+03 8.146966e+03 8.134118e+03
5.4 8.127204e+03 8.148086e+03 8.145476e+03 8.124594e+03
6.4 8.155137e+03 8.149957e+03 8.144642e+03 8.149821e+03
7.4 8.184116e+03 8.152665e+03 8.144267e+03 8.175717e+03
8.4 8.196952e+03 8.150150e+03 8.144208e+03 8.191010e+03
9.4 8.147997e+03 8.146180e+03 8.145603e+03 8.147420e+03
10.4 8.106913e+03 8.149279e+03 8.147862e+03 8.105495e+03
11.4 8.129466e+03 8.144542e+03 8.147564e+03 8.132488e+03
12.4 8.149983e+03 8.140137e+03 8.146119e+03 8.155965e+03
13.4 8.127815e+03 8.136932e+03 8.145003e+03 8.135887e+03
14.4 8.132572e+03 8.141691e+03 8.144440e+03 8.135320e+03
15.4 8.105985e+03 8.141463e+03 8.144214e+03 8.108736e+03
16.4 8.139863e+03 8.139683e+03 8.144193e+03 8.144373e+03
17.4 8.130020e+03 8.139480e+03 8.144266e+03 8.134806e+03
0.8 8.196952e+03 8.150150e+03 8.144208e+03 8.191010e+03
1.8 8.147997e+03 8.146180e+03 8.145603e+03 8.147420e+03
2.8 8.106913e+03 8.149279e+03 8.147862e+03 8.105495e+03
3.8 8.129466e+03 8.144542e+03 8.147564e+03 8.132488e+03
4.8 8.149983e+03 8.140137e+03 8.146119e+03 8.155965e+03
5.8 8.127815e+03 8.136932e+03 8.145003e+03 8.135887e+03
6.8 8.132572e+03 8.141691e+03 8.144440e+03 8.135320e+03
7.8 8.105985e+03 8.141463e+03 8.144214e+03 8.108736e+03
8.8 8.139863e+03 8.139683e+03 8.144193e+03 8.144373e+03
9.8 8.130020e+03 8.139480e+03 8.144266e+03 8.134806e+03
10.8 8.181308e+03 8.147382e+03 8.144360e+03 8.178286e+03
11.8 8.113818e+03 8.139407e+03 8.144433e+03 8.118845e+03
12.8 8.137176e+03 8.147096e+03 8.144480e+03 8.134560e+03
13.8 8.101011e+03 8.140711e+03 8.144505e+03 8.104805e+03
14.8 8.139894e+03 8.140729e+03 8.144518e+03 8.143683e+03
15.8 8.144800e+03 8.142702e+03 8.144525e+03 8.146622e+03
16.8 8.143037e+03 8.149593e+03 8.144528e+03 8.137972e+03
17.8 8.154165e+03 8.142288e+03 8.144531e+03 8.156407e+03
0.6 8.140284e+03 8.141121e+03 8.144567e+03 8.143730e+03
1.6 8.128894e+03 8.146760e+03 8.145657e+03 8.127791e+03
2.6 8.163661e+03 8.160906e+03 8.148310e+03 8.151066e+03
3.6 8.171026e+03 8.155898e+03 8.148600e+03 8.163728e+03
4.6 8.169602e+03 8.152683e+03 8.146941e+03 8.163860e+03
5.6 8.136007e+03 8.142437e+03 8.145460e+03 8.139030e+03
6.6 8.175218e+03 8.141570e+03 8.144622e+03 8.178270e+03
7.6 8.143605e+03 8.143962e+03 8.144277e+03 8.143920e+03
8.6 8.122650e+03 8.135774e+03 8.144208e+03 8.131085e+03
9.6 8.153932e+03 8.149596e+03 8.144283e+03 8.148619e+03
10.6 8.156302e+03 8.137788e+03 8.144399e+03 8.162913e+03
11.6 8.142353e+03 8.128246e+03 8.144503e+03 8.158610e+03
12.6 8.167122e+03 8.154551e+03 8.144638e+03 8.157209e+03
13.6 8.171629e+03 8.148767e+03 8.146276e+03 8.169138e+03
14.6 8.173458e+03 8.160239e+03 8.148446e+03 8.161666e+03
15.6 8.155053e+03 8.154116e+03 8.147978e+03 8.148915e+03
16.6 8.117543e+03 8.140353e+03 8.146353e+03 8.123543e+03
17.6 8.161229e+03 8.144937e+03 8.145196e+03 8.161488e+03
0.9 8.167122e+03 8.154551e+03 8.144638e+03 8.157209e+03
1.9 8.171629e+03 8.148767e+03 8.146276e+03 8.169138e+03
2.9 8.173458e+03 8.160239e+03 8.148446e+03 8.161666e+03
3.9 8.155053e+03 8.154116e+03 8.147978e+03 8.148915e+03
4.9 8.117543e+03 8.140353e+03 8.146353e+03 8.123543e+03
5.9 8.161229e+03 8.144937e+03 8.145196e+03 8.161488e+03
6.9 8.138805e+03 8.139344e+03 8.144594e+03 8.144055e+03
7.9 8.157811e+03 8.139638e+03 8.144375e+03 8.162548e+03
8.9 8.129119e+03 8.140605e+03 8.144366e+03 8.132880e+03
9.9 8.193150e+03 8.146376e+03 8.144458e+03 8.191233e+03
10.9 8.154385e+03 8.138027e+03 8.144567e+03 8.160925e+03
11.9 8.162267e+03 8.137573e+03 8.144657e+03 8.169351e+03
12.9 8.125857e+03 8.163599e+03 8.144715e+03 8.106974e+03
13.9 8.151106e+03 8.150016e+03 8.144752e+03 8.145843e+03
14.9 8.133188e+03 8.142575e+03 8.144776e+03 8.135389e+03
15.9 8.097339e+03 8.136099e+03 8.144793e+03 8.106033e+03
16.9 8.149662e+03 8.142185e+03 8.144807e+03 8.152284e+03
17.9 8.125687e+03 8.143579e+03 8.144821e+03 8.126929e+03
