0.4 4.129781e+03 4.144107e+03 4.139021e+03 4.124695e+03
1.4 4.120446e+03 4.147478e+03 4.135855e+03 4.108824e+03
2.4 4.097918e+03 4.165173e+03 4.126121e+03 4.058865e+03
3.4 4.107840e+03 4.136818e+03 4.125043e+03 4.096065e+03
4.4 4.132563e+03 4.120621e+03 4.130859e+03 4.142801e+03
5.4 4.205687e+03 4.119977e+03 4.136054e+03 4.221763e+03
6.4 4.094260e+03 4.128185e+03 4.138817e+03 4.104892e+03
7.4 4.069665e+03 4.124668e+03 4.140000e+03 4.084996e+03
8.4 4.131202e+03 4.138075e+03 4.140243e+03 4.133370e+03
9.4 4.130850e+03 4.134472e+03 4.139996e+03 4.136373e+03
10.4 4.175089e+03 4.152492e+03 4.139601e+03 4.162198e+03
11.4 4.152534e+03 4.135815e+03 4.139269e+03 4.155988e+03
12.4 4.204206e+03 4.137045e+03 4.136981e+03 4.204141e+03
13.4 4.056621e+03 4.061029e+03 4.126313e+03 4.121905e+03
14.4 4.083316e+03 4.104044e+03 4.122740e+03 4.102011e+03
15.4 4.136207e+03 4.123235e+03 4.128616e+03 4.141588e+03
16.4 4.095517e+03 4.129973e+03 4.134663e+03 4.100207e+03
17.4 4.147248e+03 4.135304e+03 4.138198e+03 4.150142e+03
0.3 4.152534e+03 4.135815e+03 4.139269e+03 4.155988e+03
1.3 4.204206e+03 4.137045e+03 4.136981e+03 4.204141e+03
2.3 4.056621e+03 4.061029e+03 4.126313e+03 4.121905e+03
3.3 4.083316e+03 4.104044e+03 4.122740e+03 4.102011e+03
4.3 4.136207e+03 4.123235e+03 4.128616e+03 4.141588e+03
5.3 4.095517e+03 4.129973e+03 4.134663e+03 4.100207e+03
6.3 4.147248e+03 4.135304e+03 4.138198e+03 4.150142e+03
7.3 4.128854e+03 4.137815e+03 4.139829e+03 4.130868e+03
8.3 4.133921e+03 4.135590e+03 4.139236e+03 4.137568e+03
9.3 4.076756e+03 4.139327e+03 4.129224e+03 4.066653e+03
10.3 4.171119e+03 4.146870e+03 4.121715e+03 4.145965e+03
11.3 4.145136e+03 4.114064e+03 4.125988e+03 4.157059e+03
12.3 4.096292e+03 4.135194e+03 4.133028e+03 4.094126e+03
13.3 4.069317e+03 4.127270e+03 4.137463e+03 4.079511e+03
14.3 4.177496e+03 4.132904e+03 4.139647e+03 4.184238e+03
15.3 4.195776e+03 4.159709e+03 4.140351e+03 4.176419e+03
16.3 4.175850e+03 4.136420e+03 4.140266e+03 4.179696e+03
17.3 4.191755e+03 4.141053e+03 4.139842e+03 4.190544e+03
0.1 4.128854e+03 4.137815e+03 4.139829e+03 4.130868e+03
1.1 4.133921e+03 4.135590e+03 4.139236e+03 4.137568e+03
2.1 4.076756e+03 4.139327e+03 4.129224e+03 4.066653e+03
3.1 4.171119e+03 4.146870e+03 4.121715e+03 4.145965e+03
4.1 4.145136e+03 4.114064e+03 4.125988e+03 4.157059e+03
5.1 4.096292e+03 4.135194e+03 4.133028e+03 4.094126e+03
6.1 4.069317e+03 4.127270e+03 4.137463e+03 4.079511e+03
7.1 4.177496e+03 4.132904e+03 4.139647e+03 4.184238e+03
8.1 4.195776e+03 4.159709e+03 4.140351e+03 4.176419e+03
9.1 4.175850e+03 4.136420e+03 4.140266e+03 4.179696e+03
10.1 4.191755e+03 4.141053e+03 4.139842e+03 4.190544e+03
11.1 4.166393e+03 4.126941e+03 4.139412e+03 4.178863e+03
12.1 4.143730e+03 4.146080e+03 4.139093e+03 4.136743e+03
13.1 4.126208e+03 4.138127e+03 4.138911e+03 4.126992e+03
14.1 4.091743e+03 4.144629e+03 4.138820e+03 4.085934e+03
15.1 4.122426e+03 4.141644e+03 4.138779e+03 4.119561e+03
16.1 4.238532e+03 4.142047e+03 4.138764e+03 4.235249e+03
17.1 4.143461e+03 4.137866e+03 4.138759e+03 4.144355e+03
0.6 4.081112e+03 4.111082e+03 4.138727e+03 4.108757e+03
1.6 4.136432e+03 4.129878e+03 4.134684e+03 4.141238e+03
2.6 4.029596e+03 4.075419e+03 4.123800e+03 4.077978e+03
3.6 4.203732e+03 4.144941e+03 4.123182e+03 4.181973e+03
4.6 4.144644e+03 4.121740e+03 4.129958e+03 4.152862e+03
5.6 4.162303e+03 4.121058e+03 4.135588e+03 4.176833e+03
6.6 4.152374e+03 4.132099e+03 4.138663e+03 4.158938e+03
7.6 4.147315e+03 4.145354e+03 4.139990e+03 4.141951e+03
8.6 4.161129e+03 4.141640e+03 4.139929e+03 4.159418e+03
9.6 4.116979e+03 4.165793e+03 4.132299e+03 4.083485e+03
10.6 4.173354e+03 4.138504e+03 4.122699e+03 4.157549e+03
11.6 4.117219e+03 4.103842e+03 4.124895e+03 4.138272e+03
12.6 4.146615e+03 4.116555e+03 4.131823e+03 4.161883e+03
13.6 4.027187e+03 4.127376e+03 4.136668e+03 4.036479e+03
14.6 4.055469e+03 4.129485e+03 4.137939e+03 4.063923e+03
15.6 4.184477e+03 4.153542e+03 4.129683e+03 4.160618e+03
16.6 4.102861e+03 4.101133e+03 4.124854e+03 4.126581e+03
17.6 4.064613e+03 4.115921e+03 4.129376e+03 4.078069e+03
0.9 4.161129e+03 4.141640e+03 4.139929e+03 4.159418e+03
1.9 4.116979e+03 4.165793e+03 4.132299e+03 4.083485e+03
2.9 4.173354e+03 4.138504e+03 4.122699e+03 4.157549e+03
3.9 4.117219e+03 4.103842e+03 4.124895e+03 4.138272e+03
4.9 4.146615e+03 4.116555e+03 4.131823e+03 4.161883e+03
5.9 4.027187e+03 4.127376e+03 4.136668e+03 4.036479e+03
6.9 4.055469e+03 4.129485e+03 4.137939e+03 4.063923e+03
7.9 4.184477e+03 4.153542e+03 4.129683e+03 4.160618e+03
8.9 4.102861e+03 4.101133e+03 4.124854e+03 4.126581e+03
9.9 4.064613e+03 4.115921e+03 4.129376e+03 4.078069e+03
10.9 4.129113e+03 4.129468e+03 4.134820e+03 4.134465e+03
11.9 4.121246e+03 4.137624e+03 4.138115e+03 4.121737e+03
12.9 4.085272e+03 4.136429e+03 4.139545e+03 4.088388e+03
13.9 4.122687e+03 4.128840e+03 4.139926e+03 4.133772e+03
14.9 4.162670e+03 4.140198e+03 4.139723e+03 4.162194e+03
15.9 4.188760e+03 4.146947e+03 4.139309e+03 4.181122e+03
16.9 4.081928e+03 4.148679e+03 4.138553e+03 4.071802e+03
17.9 4.199845e+03 4.143526e+03 4.130766e+03 4.187085e+03
0.1 4.027187e+03 4.127376e+03 4.136668e+03 4.036479e+03
1.1 4.055469e+03 4.129485e+03 4.137939e+03 4.063923e+03
2.1 4.184477e+03 4.153542e+03 4.129683e+03 4.160618e+03
3.1 4.102861e+03 4.101133e+03 4.124854e+03 4.126581e+03
4.1 4.064613e+03 4.115921e+03 4.129376e+03 4.078069e+03
5.1 4.129113e+03 4.129468e+03 4.134820e+03 4.134465e+03
6.1 4.121246e+03 4.137624e+03 4.138115e+03 4.121737e+03
7.1 4.085272e+03 4.136429e+03 4.139545e+03 4.088388e+03
8.1 4.122687e+03 4.128840e+03 4.139926e+03 4.133772e+03
9.1 4.162670e+03 4.140198e+03 4.139723e+03 4.162194e+03
10.1 4.188760e+03 4.146947e+03 4.139309e+03 4.181122e+03
11.1 4.081928e+03 4.148679e+03 4.138553e+03 4.071802e+03
12.1 4.199845e+03 4.143526e+03 4.130766e+03 4.187085e+03
13.1 4.152970e+03 4.159973e+03 4.118353e+03 4.111350e+03
14.1 4.132957e+03 4.127227e+03 4.119315e+03 4.125045e+03
15.1 4.204071e+03 4.141921e+03 4.127879e+03 4.190030e+03
16.1 4.083688e+03 4.114421e+03 4.134851e+03 4.104117e+03
17.1 4.129438e+03 4.130201e+03 4.138432e+03 4.137669e+03
0.9 4.081928e+03 4.148679e+03 4.138553e+03 4.071802e+03
1.9 4.199845e+03 4.143526e+03 4.130766e+03 4.187085e+03
2.9 4.152970e+03 4.159973e+03 4.118353e+03 4.111350e+03
3.9 4.132957e+03 4.127227e+03 4.119315e+03 4.125045e+03
4.9 4.204071e+03 4.141921e+03 4.127879e+03 4.190030e+03
5.9 4.083688e+03 4.114421e+03 4.134851e+03 4.104117e+03
6.9 4.129438e+03 4.130201e+03 4.138432e+03 4.137669e+03
7.9 4.165652e+03 4.144405e+03 4.139871e+03 4.161118e+03
8.9 4.127765e+03 4.140086e+03 4.140052e+03 4.127731e+03
9.9 4.182993e+03 4.122127e+03 4.139618e+03 4.200484e+03
10.9 4.135163e+03 4.133251e+03 4.139028e+03 4.140941e+03
11.9 4.120678e+03 4.113768e+03 4.138553e+03 4.145462e+03
12.9 4.120130e+03 4.144621e+03 4.138236e+03 4.113744e+03
13.9 4.092209e+03 4.139270e+03 4.138045e+03 4.090984e+03
14.9 4.106517e+03 4.136375e+03 4.137940e+03 4.108082e+03
15.9 4.148534e+03 4.137940e+03 4.137878e+03 4.148471e+03
16.9 4.121406e+03 4.140645e+03 4.137837e+03 4.118598e+03
17.9 4.132783e+03 4.137257e+03 4.137803e+03 4.133329e+03
0.1 4.132156e+03 4.148424e+03 4.137575e+03 4.121307e+03
1.1 4.105555e+03 4.132023e+03 4.136636e+03 4.110168e+03
2.1 4.162090e+03 4.108206e+03 4.127328e+03 4.181212e+03
3.1 4.080931e+03 4.078363e+03 4.119600e+03 4.122168e+03
4.1 4.127008e+03 4.092783e+03 4.124038e+03 4.158263e+03
5.1 4.149271e+03 4.129008e+03 4.131359e+03 4.151623e+03
6.1 4.184861e+03 4.149718e+03 4.135993e+03 4.171137e+03
7.1 4.132939e+03 4.145295e+03 4.138250e+03 4.125894e+03
8.1 4.173770e+03 4.140829e+03 4.139038e+03 4.171978e+03
9.1 4.137391e+03 4.135645e+03 4.138971e+03 4.140716e+03
10.1 4.100350e+03 4.113824e+03 4.138548e+03 4.125073e+03
11.1 4.136001e+03 4.129507e+03 4.138112e+03 4.144606e+03
12.1 4.162000e+03 4.127269e+03 4.137792e+03 4.172524e+03
13.1 4.165499e+03 4.124923e+03 4.137598e+03 4.178174e+03
14.1 4.141617e+03 4.134164e+03 4.137502e+03 4.144954e+03
15.1 4.141557e+03 4.139148e+03 4.137459e+03 4.139868e+03
16.1 4.199952e+03 4.151941e+03 4.137443e+03 4.185454e+03
17.1 4.130207e+03 4.169008e+03 4.137440e+03 4.098638e+03
0.4 4.150751e+03 4.140521e+03 4.137530e+03 4.147761e+03
1.4 4.141269e+03 4.130107e+03 4.134367e+03 4.145529e+03
2.4 4.158626e+03 4.127708e+03 4.122742e+03 4.153660e+03
3.4 4.096742e+03 4.153658e+03 4.119511e+03 4.062596e+03
4.4 4.114441e+03 4.112663e+03 4.126274e+03 4.128052e+03
5.4 4.151564e+03 4.117715e+03 4.133215e+03 4.167064e+03
6.4 4.131039e+03 4.132688e+03 4.137102e+03 4.135453e+03
7.4 4.165686e+03 4.136057e+03 4.138850e+03 4.168478e+03
8.4 4.196888e+03 4.138533e+03 4.139123e+03 4.197478e+03
9.4 4.077775e+03 4.133604e+03 4.132622e+03 4.076793e+03
10.4 4.088576e+03 4.128213e+03 4.122097e+03 4.082460e+03
11.4 4.114882e+03 4.112421e+03 4.123487e+03 4.125948e+03
12.4 4.133197e+03 4.112599e+03 4.130218e+03 4.150815e+03
13.4 4.129412e+03 4.136830e+03 4.135418e+03 4.128000e+03
14.4 4.102406e+03 4.117885e+03 4.138043e+03 4.122564e+03
15.4 4.066396e+03 4.116672e+03 4.139095e+03 4.088819e+03
16.4 4.101837e+03 4.128253e+03 4.139192e+03 4.112776e+03
17.4 4.139128e+03 4.139873e+03 4.138853e+03 4.138108e+03
0.8 4.196888e+03 4.138533e+03 4.139123e+03 4.197478e+03
1.8 4.077775e+03 4.133604e+03 4.132622e+03 4.076793e+03
2.8 4.088576e+03 4.128213e+03 4.122097e+03 4.082460e+03
3.8 4.114882e+03 4.112421e+03 4.123487e+03 4.125948e+03
4.8 4.133197e+03 4.112599e+03 4.130218e+03 4.150815e+03
5.8 4.129412e+03 4.136830e+03 4.135418e+03 4.128000e+03
6.8 4.102406e+03 4.117885e+03 4.138043e+03 4.122564e+03
7.8 4.066396e+03 4.116672e+03 4.139095e+03 4.088819e+03
8.8 4.101837e+03 4.128253e+03 4.139192e+03 4.112776e+03
9.8 4.139128e+03 4.139873e+03 4.138853e+03 4.138108e+03
10.8 4.116580e+03 4.132404e+03 4.138413e+03 4.122589e+03
11.8 4.112095e+03 4.150039e+03 4.138074e+03 4.100130e+03
12.8 4.077852e+03 4.132967e+03 4.137855e+03 4.082740e+03
13.8 4.131034e+03 4.146769e+03 4.137740e+03 4.122005e+03
14.8 4.126635e+03 4.136647e+03 4.137680e+03 4.127668e+03
15.8 4.142329e+03 4.136377e+03 4.137649e+03 4.143600e+03
16.8 4.114560e+03 4.131552e+03 4.137631e+03 4.120639e+03
17.8 4.127941e+03 4.143866e+03 4.137619e+03 4.121695e+03
0.6 4.162730e+03 4.147737e+03 4.137449e+03 4.152443e+03
1.6 4.131196e+03 4.139777e+03 4.132370e+03 4.123789e+03
2.6 4.177263e+03 4.161893e+03 4.120007e+03 4.135377e+03
3.6 4.126582e+03 4.141195e+03 4.118660e+03 4.104047e+03
4.6 4.156865e+03 4.149523e+03 4.126388e+03 4.133730e+03
5.6 4.147691e+03 4.138111e+03 4.133291e+03 4.142872e+03
6.6 4.163352e+03 4.140060e+03 4.137196e+03 4.160488e+03
7.6 4.164523e+03 4.154177e+03 4.138802e+03 4.149148e+03
8.6 4.138144e+03 4.118543e+03 4.139122e+03 4.158722e+03
9.6 4.139920e+03 4.147750e+03 4.138773e+03 4.130943e+03
10.6 4.183569e+03 4.139831e+03 4.138233e+03 4.181971e+03
11.6 4.144146e+03 4.135576e+03 4.137750e+03 4.146320e+03
12.6 4.143129e+03 4.147610e+03 4.137120e+03 4.132639e+03
13.6 4.107014e+03 4.137252e+03 4.129490e+03 4.099252e+03
14.6 4.180018e+03 4.156161e+03 4.119374e+03 4.143230e+03
15.6 4.134601e+03 4.142783e+03 4.121557e+03 4.113376e+03
16.6 4.156877e+03 4.141166e+03 4.129128e+03 4.144840e+03
17.6 4.124342e+03 4.152104e+03 4.134521e+03 4.106759e+03
0.9 4.143129e+03 4.147610e+03 4.137120e+03 4.132639e+03
1.9 4.107014e+03 4.137252e+03 4.129490e+03 4.099252e+03
2.9 4.180018e+03 4.156161e+03 4.119374e+03 4.143230e+03
3.9 4.134601e+03 4.142783e+03 4.121557e+03 4.113376e+03
4.9 4.156877e+03 4.141166e+03 4.129128e+03 4.144840e+03
5.9 4.124342e+03 4.152104e+03 4.134521e+03 4.106759e+03
6.9 4.155010e+03 4.128057e+03 4.137325e+03 4.164278e+03
7.9 4.184202e+03 4.133247e+03 4.138344e+03 4.189298e+03
8.9 4.133316e+03 4.137995e+03 4.138385e+03 4.133706e+03
9.9 4.194287e+03 4.136605e+03 4.137957e+03 4.195638e+03
10.9 4.121913e+03 4.126071e+03 4.137450e+03 4.133291e+03
11.9 4.157210e+03 4.126546e+03 4.137033e+03 4.167698e+03
12.9 4.137535e+03 4.155540e+03 4.136759e+03 4.118754e+03
13.9 4.105793e+03 4.142191e+03 4.136588e+03 4.100191e+03
14.9 4.158445e+03 4.132633e+03 4.136477e+03 4.162288e+03
15.9 4.063888e+03 4.127270e+03 4.136397e+03 4.073015e+03
16.9 4.125651e+03 4.133735e+03 4.136330e+03 4.128247e+03
17.9 4.115208e+03 4.131644e+03 4.136269e+03 4.119833e+03
