0.8 1.464377e+03 1.451415e+03 1.450322e+03 1.463284e+03
1.8 1.448786e+03 1.444263e+03 1.454412e+03 1.458935e+03
2.8 1.457256e+03 1.465653e+03 1.457645e+03 1.449248e+03
3.8 1.471429e+03 1.459063e+03 1.455588e+03 1.467954e+03
4.8 1.466891e+03 1.444254e+03 1.452619e+03 1.475256e+03
5.8 1.447604e+03 1.451484e+03 1.450741e+03 1.446861e+03
6.8 1.465424e+03 1.447907e+03 1.449818e+03 1.467335e+03
7.8 1.440258e+03 1.442809e+03 1.449515e+03 1.446964e+03
8.8 1.437419e+03 1.447061e+03 1.449548e+03 1.439906e+03
9.8 1.432868e+03 1.446964e+03 1.449718e+03 1.435621e+03
10.8 1.434278e+03 1.449377e+03 1.449895e+03 1.434796e+03
11.8 1.465606e+03 1.451506e+03 1.450027e+03 1.464127e+03
12.8 1.448171e+03 1.451695e+03 1.450103e+03 1.446579e+03
13.8 1.464485e+03 1.451234e+03 1.450142e+03 1.463393e+03
14.8 1.461336e+03 1.449538e+03 1.450160e+03 1.461958e+03
15.8 1.453574e+03 1.452394e+03 1.450168e+03 1.451348e+03
16.8 1.440197e+03 1.450630e+03 1.450172e+03 1.439739e+03
17.8 1.439274e+03 1.448684e+03 1.450174e+03 1.440764e+03
0.5 1.460220e+03 1.449236e+03 1.450235e+03 1.461220e+03
1.5 1.481115e+03 1.456708e+03 1.452908e+03 1.477314e+03
2.5 1.467337e+03 1.479403e+03 1.457474e+03 1.445408e+03
3.5 1.462603e+03 1.462281e+03 1.456482e+03 1.456804e+03
4.5 1.450632e+03 1.452293e+03 1.453416e+03 1.451755e+03
5.5 1.440973e+03 1.455053e+03 1.451175e+03 1.437095e+03
6.5 1.460285e+03 1.453485e+03 1.450068e+03 1.456867e+03
7.5 1.460876e+03 1.449036e+03 1.449633e+03 1.461473e+03
8.5 1.478553e+03 1.457991e+03 1.449605e+03 1.470168e+03
9.5 1.450402e+03 1.444120e+03 1.449759e+03 1.456041e+03
10.5 1.454356e+03 1.447044e+03 1.449952e+03 1.457264e+03
11.5 1.464474e+03 1.450047e+03 1.450100e+03 1.464527e+03
12.5 1.451125e+03 1.449468e+03 1.450196e+03 1.451854e+03
13.5 1.436031e+03 1.460398e+03 1.450248e+03 1.425882e+03
14.5 1.463336e+03 1.448118e+03 1.450276e+03 1.465494e+03
15.5 1.416990e+03 1.436711e+03 1.450290e+03 1.430569e+03
16.5 1.424151e+03 1.445638e+03 1.450299e+03 1.428813e+03
17.5 1.460181e+03 1.454555e+03 1.450307e+03 1.455933e+03
0.3 1.447201e+03 1.448732e+03 1.450021e+03 1.448489e+03
1.3 1.461347e+03 1.452837e+03 1.451570e+03 1.460081e+03
2.3 1.452681e+03 1.449403e+03 1.456613e+03 1.459890e+03
3.3 1.439769e+03 1.453791e+03 1.456839e+03 1.442817e+03
4.3 1.454639e+03 1.445822e+03 1.453841e+03 1.462659e+03
5.3 1.454248e+03 1.457264e+03 1.451316e+03 1.448300e+03
6.3 1.464609e+03 1.452581e+03 1.449997e+03 1.462025e+03
7.3 1.437773e+03 1.444519e+03 1.449437e+03 1.442692e+03
8.3 1.460008e+03 1.439138e+03 1.449329e+03 1.470198e+03
9.3 1.452596e+03 1.442760e+03 1.449452e+03 1.459288e+03
10.3 1.423389e+03 1.447336e+03 1.449642e+03 1.425695e+03
11.3 1.428801e+03 1.447094e+03 1.449800e+03 1.431507e+03
12.3 1.425731e+03 1.452158e+03 1.451350e+03 1.424923e+03
13.3 1.413835e+03 1.423078e+03 1.456567e+03 1.447324e+03
14.3 1.446250e+03 1.438311e+03 1.456886e+03 1.464825e+03
15.3 1.462355e+03 1.458963e+03 1.453854e+03 1.457246e+03
16.3 1.489587e+03 1.456079e+03 1.451389e+03 1.484897e+03
17.3 1.463140e+03 1.448518e+03 1.450059e+03 1.464681e+03
0.3 1.428801e+03 1.447094e+03 1.449800e+03 1.431507e+03
1.3 1.425731e+03 1.452158e+03 1.451350e+03 1.424923e+03
2.3 1.413835e+03 1.423078e+03 1.456567e+03 1.447324e+03
3.3 1.446250e+03 1.438311e+03 1.456886e+03 1.464825e+03
4.3 1.462355e+03 1.458963e+03 1.453854e+03 1.457246e+03
5.3 1.489587e+03 1.456079e+03 1.451389e+03 1.484897e+03
6.3 1.463140e+03 1.448518e+03 1.450059e+03 1.464681e+03
7.3 1.458004e+03 1.452188e+03 1.449489e+03 1.455305e+03
8.3 1.432779e+03 1.456707e+03 1.449390e+03 1.425462e+03
9.3 1.466209e+03 1.456207e+03 1.449525e+03 1.459527e+03
10.3 1.453182e+03 1.444119e+03 1.449722e+03 1.458786e+03
11.3 1.440567e+03 1.448892e+03 1.449891e+03 1.441566e+03
12.3 1.461026e+03 1.451679e+03 1.450008e+03 1.459355e+03
13.3 1.424600e+03 1.451278e+03 1.450077e+03 1.423399e+03
14.3 1.465298e+03 1.449005e+03 1.450119e+03 1.466413e+03
15.3 1.443152e+03 1.447954e+03 1.450147e+03 1.445344e+03
16.3 1.453959e+03 1.448000e+03 1.450168e+03 1.456128e+03
17.3 1.453866e+03 1.447082e+03 1.450188e+03 1.456972e+03
