0.8 7.503716e+03 7.517943e+03 7.519831e+03 7.505604e+03
1.8 7.509597e+03 7.526205e+03 7.528851e+03 7.512242e+03
2.8 7.525547e+03 7.534348e+03 7.535071e+03 7.526269e+03
3.8 7.562276e+03 7.528417e+03 7.530481e+03 7.564340e+03
4.8 7.536798e+03 7.530229e+03 7.524368e+03 7.530937e+03
5.8 7.534209e+03 7.534289e+03 7.520518e+03 7.520438e+03
6.8 7.523983e+03 7.518605e+03 7.518759e+03 7.524137e+03
7.8 7.535499e+03 7.534262e+03 7.518192e+03 7.519429e+03
8.8 7.517035e+03 7.525662e+03 7.518311e+03 7.509683e+03
9.8 7.523510e+03 7.521854e+03 7.518693e+03 7.520349e+03
10.8 7.497049e+03 7.489315e+03 7.519086e+03 7.526820e+03
11.8 7.497209e+03 7.504559e+03 7.519362e+03 7.512012e+03
12.8 7.509496e+03 7.511184e+03 7.519530e+03 7.517842e+03
13.8 7.514917e+03 7.512781e+03 7.519617e+03 7.521753e+03
14.8 7.507830e+03 7.513421e+03 7.519660e+03 7.514069e+03
15.8 7.535425e+03 7.512883e+03 7.519681e+03 7.542223e+03
16.8 7.482967e+03 7.512689e+03 7.519691e+03 7.489969e+03
17.8 7.536587e+03 7.519937e+03 7.519696e+03 7.536346e+03
0.9 7.511764e+03 7.521580e+03 7.520491e+03 7.510674e+03
1.9 7.519770e+03 7.527193e+03 7.530518e+03 7.523094e+03
2.9 7.503912e+03 7.534609e+03 7.535173e+03 7.504476e+03
3.9 7.533013e+03 7.530930e+03 7.530008e+03 7.532091e+03
4.9 7.541506e+03 7.519481e+03 7.523924e+03 7.545949e+03
5.9 7.502073e+03 7.518749e+03 7.520414e+03 7.503738e+03
6.9 7.530116e+03 7.531979e+03 7.518764e+03 7.516901e+03
7.9 7.527297e+03 7.516279e+03 7.518298e+03 7.529316e+03
8.9 7.532090e+03 7.507070e+03 7.521484e+03 7.546504e+03
9.9 7.543918e+03 7.532024e+03 7.532693e+03 7.544587e+03
10.9 7.574865e+03 7.534286e+03 7.533670e+03 7.574250e+03
11.9 7.505440e+03 7.529877e+03 7.527549e+03 7.503112e+03
12.9 7.570048e+03 7.533045e+03 7.522517e+03 7.559520e+03
13.9 7.510795e+03 7.503707e+03 7.519798e+03 7.526885e+03
14.9 7.498516e+03 7.507364e+03 7.518633e+03 7.509785e+03
15.9 7.469441e+03 7.511770e+03 7.518436e+03 7.476107e+03
16.9 7.499000e+03 7.504440e+03 7.518722e+03 7.513283e+03
17.9 7.503104e+03 7.525218e+03 7.519133e+03 7.497020e+03
0.3 7.527297e+03 7.516279e+03 7.518298e+03 7.529316e+03
1.3 7.532090e+03 7.507070e+03 7.521484e+03 7.546504e+03
2.3 7.543918e+03 7.532024e+03 7.532693e+03 7.544587e+03
3.3 7.574865e+03 7.534286e+03 7.533670e+03 7.574250e+03
4.3 7.505440e+03 7.529877e+03 7.527549e+03 7.503112e+03
5.3 7.570048e+03 7.533045e+03 7.522517e+03 7.559520e+03
6.3 7.510795e+03 7.503707e+03 7.519798e+03 7.526885e+03
7.3 7.498516e+03 7.507364e+03 7.518633e+03 7.509785e+03
8.3 7.469441e+03 7.511770e+03 7.518436e+03 7.476107e+03
9.3 7.499000e+03 7.504440e+03 7.518722e+03 7.513283e+03
10.3 7.503104e+03 7.525218e+03 7.519133e+03 7.497020e+03
11.3 7.577712e+03 7.540971e+03 7.519484e+03 7.556225e+03
12.3 7.563879e+03 7.528820e+03 7.519726e+03 7.554785e+03
13.3 7.536151e+03 7.533478e+03 7.519866e+03 7.522540e+03
14.3 7.502325e+03 7.528008e+03 7.519949e+03 7.494266e+03
15.3 7.529480e+03 7.522290e+03 7.519999e+03 7.527190e+03
16.3 7.527549e+03 7.524782e+03 7.520036e+03 7.522804e+03
17.3 7.499901e+03 7.514472e+03 7.520068e+03 7.505496e+03
0.4 7.531533e+03 7.508629e+03 7.520421e+03 7.543325e+03
1.4 7.500136e+03 7.511594e+03 7.524930e+03 7.513472e+03
2.4 7.514577e+03 7.534172e+03 7.535171e+03 7.515577e+03
3.4 7.547712e+03 7.534767e+03 7.534093e+03 7.547037e+03
4.4 7.531358e+03 7.536581e+03 7.527532e+03 7.522310e+03
5.4 7.526795e+03 7.533166e+03 7.522718e+03 7.516347e+03
6.4 7.533803e+03 7.531384e+03 7.520206e+03 7.522626e+03
7.4 7.510464e+03 7.512039e+03 7.519175e+03 7.517600e+03
8.4 7.528753e+03 7.526718e+03 7.519050e+03 7.521084e+03
9.4 7.549903e+03 7.513314e+03 7.519355e+03 7.555944e+03
10.4 7.502532e+03 7.539386e+03 7.519747e+03 7.482893e+03
11.4 7.510574e+03 7.526939e+03 7.520065e+03 7.503700e+03
12.4 7.527605e+03 7.521143e+03 7.520273e+03 7.526735e+03
13.4 7.489721e+03 7.512352e+03 7.520385e+03 7.497754e+03
14.4 7.548465e+03 7.524499e+03 7.520445e+03 7.544411e+03
15.4 7.553006e+03 7.525879e+03 7.520476e+03 7.547603e+03
16.4 7.490036e+03 7.474101e+03 7.520495e+03 7.536430e+03
17.4 7.528823e+03 7.506105e+03 7.520511e+03 7.543228e+03
