0.8 2.523681e+03 2.523200e+03 2.532878e+03 2.533359e+03
1.8 2.530206e+03 2.522099e+03 2.528680e+03 2.536787e+03
2.8 2.537678e+03 2.530015e+03 2.525361e+03 2.533024e+03
3.8 2.560362e+03 2.526773e+03 2.527473e+03 2.561062e+03
4.8 2.498309e+03 2.510050e+03 2.530520e+03 2.518780e+03
5.8 2.508561e+03 2.525710e+03 2.532449e+03 2.515300e+03
6.8 2.535820e+03 2.530326e+03 2.533396e+03 2.538889e+03
7.8 2.529316e+03 2.521373e+03 2.533707e+03 2.541650e+03
8.8 2.534851e+03 2.529704e+03 2.533674e+03 2.538820e+03
9.8 2.524616e+03 2.519793e+03 2.533499e+03 2.538323e+03
10.8 2.528513e+03 2.513066e+03 2.533317e+03 2.548765e+03
11.8 2.535048e+03 2.529347e+03 2.533182e+03 2.538883e+03
12.8 2.554354e+03 2.535151e+03 2.533104e+03 2.552307e+03
13.8 2.532037e+03 2.537075e+03 2.533063e+03 2.528025e+03
14.8 2.528885e+03 2.539289e+03 2.533045e+03 2.522641e+03
15.8 2.539698e+03 2.534660e+03 2.533037e+03 2.538075e+03
16.8 2.521187e+03 2.537144e+03 2.533033e+03 2.517076e+03
17.8 2.539192e+03 2.540666e+03 2.533031e+03 2.531557e+03
0.5 2.526683e+03 2.523220e+03 2.532968e+03 2.536430e+03
1.5 2.534949e+03 2.531072e+03 2.530225e+03 2.534102e+03
2.5 2.540025e+03 2.533081e+03 2.525537e+03 2.532481e+03
3.5 2.523237e+03 2.532151e+03 2.526555e+03 2.517641e+03
4.5 2.517450e+03 2.533253e+03 2.529702e+03 2.513900e+03
5.5 2.538757e+03 2.533186e+03 2.532004e+03 2.537574e+03
6.5 2.531831e+03 2.529269e+03 2.533140e+03 2.535701e+03
7.5 2.563658e+03 2.539623e+03 2.533586e+03 2.557621e+03
8.5 2.543650e+03 2.526615e+03 2.533615e+03 2.550651e+03
9.5 2.560696e+03 2.539403e+03 2.533457e+03 2.554750e+03
10.5 2.559547e+03 2.533598e+03 2.533259e+03 2.559208e+03
11.5 2.526867e+03 2.525171e+03 2.533106e+03 2.534802e+03
12.5 2.520740e+03 2.527874e+03 2.533008e+03 2.525873e+03
13.5 2.504396e+03 2.520489e+03 2.532954e+03 2.516862e+03
14.5 2.510919e+03 2.504272e+03 2.532926e+03 2.539574e+03
15.5 2.497332e+03 2.502877e+03 2.532911e+03 2.527367e+03
16.5 2.528205e+03 2.535194e+03 2.532902e+03 2.525913e+03
17.5 2.548145e+03 2.542101e+03 2.532894e+03 2.538938e+03
0.3 2.535911e+03 2.525667e+03 2.533188e+03 2.543432e+03
1.3 2.537897e+03 2.532688e+03 2.531597e+03 2.536806e+03
2.3 2.528842e+03 2.524205e+03 2.526421e+03 2.531058e+03
3.3 2.517050e+03 2.526241e+03 2.526189e+03 2.516998e+03
4.3 2.529438e+03 2.515773e+03 2.529266e+03 2.542931e+03
5.3 2.518848e+03 2.532753e+03 2.531859e+03 2.517954e+03
6.3 2.506202e+03 2.519419e+03 2.533212e+03 2.519995e+03
7.3 2.509291e+03 2.515562e+03 2.533787e+03 2.527516e+03
8.3 2.506302e+03 2.501929e+03 2.533899e+03 2.538271e+03
9.3 2.604035e+03 2.594054e+03 2.533772e+03 2.543753e+03
10.3 2.556682e+03 2.538500e+03 2.533576e+03 2.551759e+03
11.3 2.533358e+03 2.531125e+03 2.533415e+03 2.535648e+03
12.3 2.526787e+03 2.526333e+03 2.531823e+03 2.532277e+03
13.3 2.526352e+03 2.515220e+03 2.526467e+03 2.537599e+03
14.3 2.502874e+03 2.522866e+03 2.526140e+03 2.506149e+03
15.3 2.522732e+03 2.534018e+03 2.529253e+03 2.517968e+03
16.3 2.559979e+03 2.543565e+03 2.531783e+03 2.548197e+03
17.3 2.540665e+03 2.539884e+03 2.533149e+03 2.533930e+03
0.3 2.533358e+03 2.531125e+03 2.533415e+03 2.535648e+03
1.3 2.526787e+03 2.526333e+03 2.531823e+03 2.532277e+03
2.3 2.526352e+03 2.515220e+03 2.526467e+03 2.537599e+03
3.3 2.502874e+03 2.522866e+03 2.526140e+03 2.506149e+03
4.3 2.522732e+03 2.534018e+03 2.529253e+03 2.517968e+03
5.3 2.559979e+03 2.543565e+03 2.531783e+03 2.548197e+03
6.3 2.540665e+03 2.539884e+03 2.533149e+03 2.533930e+03
7.3 2.564234e+03 2.537063e+03 2.533734e+03 2.560904e+03
8.3 2.512452e+03 2.536297e+03 2.533835e+03 2.509990e+03
9.3 2.534020e+03 2.536604e+03 2.533697e+03 2.531113e+03
10.3 2.544664e+03 2.540051e+03 2.533495e+03 2.538108e+03
11.3 2.542959e+03 2.529460e+03 2.533321e+03 2.546820e+03
12.3 2.540192e+03 2.523820e+03 2.533201e+03 2.549572e+03
13.3 2.535438e+03 2.532872e+03 2.533130e+03 2.535696e+03
14.3 2.559778e+03 2.541148e+03 2.533087e+03 2.551717e+03
15.3 2.545524e+03 2.554753e+03 2.533059e+03 2.523830e+03
16.3 2.546226e+03 2.554211e+03 2.533037e+03 2.525051e+03
17.3 2.546768e+03 2.547323e+03 2.533017e+03 2.532461e+03
