0.3 2.671027e+03 2.688221e+03 2.705652e+03 2.688458e+03
1.3 2.616824e+03 2.685736e+03 2.697980e+03 2.629068e+03
2.3 2.653840e+03 2.671988e+03 2.676170e+03 2.658022e+03
3.3 2.648408e+03 2.677352e+03 2.676746e+03 2.647802e+03
4.3 2.715018e+03 2.692541e+03 2.689861e+03 2.712337e+03
5.3 2.642298e+03 2.703772e+03 2.700537e+03 2.639063e+03
6.3 2.705759e+03 2.709937e+03 2.706052e+03 2.701874e+03
7.3 2.720299e+03 2.716103e+03 2.708398e+03 2.712594e+03
8.3 2.724757e+03 2.716949e+03 2.708793e+03 2.716601e+03
9.3 2.689160e+03 2.714711e+03 2.708258e+03 2.682706e+03
10.3 2.742885e+03 2.727283e+03 2.707462e+03 2.723064e+03
11.3 2.762344e+03 2.734039e+03 2.706823e+03 2.735128e+03
12.3 2.681755e+03 2.727941e+03 2.706411e+03 2.660225e+03
13.3 2.690739e+03 2.722375e+03 2.706201e+03 2.674565e+03
14.3 2.706212e+03 2.711077e+03 2.706107e+03 2.701242e+03
15.3 2.738153e+03 2.685555e+03 2.706070e+03 2.758668e+03
16.3 2.663549e+03 2.679039e+03 2.706059e+03 2.690569e+03
17.3 2.761456e+03 2.683292e+03 2.706057e+03 2.784221e+03
0.1 2.740727e+03 2.693731e+03 2.706034e+03 2.753029e+03
1.1 2.697242e+03 2.695244e+03 2.701488e+03 2.703486e+03
2.1 2.723329e+03 2.678127e+03 2.679516e+03 2.724718e+03
3.1 2.664535e+03 2.674961e+03 2.675327e+03 2.664901e+03
4.1 2.661326e+03 2.676310e+03 2.687715e+03 2.672731e+03
5.1 2.709047e+03 2.679734e+03 2.699027e+03 2.728340e+03
6.1 2.713338e+03 2.692733e+03 2.705452e+03 2.726057e+03
7.1 2.721355e+03 2.716500e+03 2.708176e+03 2.713031e+03
8.1 2.653134e+03 2.730839e+03 2.708819e+03 2.631113e+03
9.1 2.698741e+03 2.717688e+03 2.708349e+03 2.689403e+03
10.1 2.758378e+03 2.697620e+03 2.707541e+03 2.768299e+03
11.1 2.720684e+03 2.698426e+03 2.706811e+03 2.729069e+03
12.1 2.729209e+03 2.718468e+03 2.706334e+03 2.717075e+03
13.1 2.658842e+03 2.724030e+03 2.706057e+03 2.640869e+03
14.1 2.751905e+03 2.718334e+03 2.705918e+03 2.739488e+03
15.1 2.767310e+03 2.717072e+03 2.705848e+03 2.756086e+03
16.1 2.652895e+03 2.716265e+03 2.705809e+03 2.642440e+03
17.1 2.775556e+03 2.712461e+03 2.705785e+03 2.768880e+03
1.0 2.703605e+03 2.693724e+03 2.703201e+03 2.713082e+03
2.0 2.692824e+03 2.679212e+03 2.682458e+03 2.696070e+03
3.0 2.671968e+03 2.673256e+03 2.673627e+03 2.672339e+03
4.0 2.645588e+03 2.676977e+03 2.684759e+03 2.653370e+03
5.0 2.559678e+03 2.683433e+03 2.696863e+03 2.573108e+03
6.0 2.656125e+03 2.695125e+03 2.704112e+03 2.665112e+03
7.0 2.742783e+03 2.705124e+03 2.707330e+03 2.744990e+03
8.0 2.777764e+03 2.723558e+03 2.708270e+03 2.762476e+03
9.0 2.746080e+03 2.732389e+03 2.707936e+03 2.721627e+03
10.0 2.646432e+03 2.724866e+03 2.707155e+03 2.628721e+03
11.0 2.744923e+03 2.710717e+03 2.706400e+03 2.740606e+03
12.0 2.634921e+03 2.697528e+03 2.705891e+03 2.643283e+03
13.0 2.739746e+03 2.695949e+03 2.705590e+03 2.749387e+03
14.0 2.720779e+03 2.702524e+03 2.705442e+03 2.723697e+03
15.0 2.641872e+03 2.706654e+03 2.705375e+03 2.640593e+03
16.0 2.709131e+03 2.706806e+03 2.705347e+03 2.707673e+03
17.0 2.741219e+03 2.700615e+03 2.705338e+03 2.745942e+03
18.0 2.752595e+03 2.696016e+03 2.705335e+03 2.761914e+03
0.2 2.756329e+03 2.686757e+03 2.706043e+03 2.775614e+03
1.2 2.686765e+03 2.689420e+03 2.699824e+03 2.697169e+03
2.2 2.736013e+03 2.675168e+03 2.677944e+03 2.738789e+03
3.2 2.712404e+03 2.677895e+03 2.676360e+03 2.710868e+03
4.2 2.726048e+03 2.692605e+03 2.689249e+03 2.722693e+03
5.2 2.673860e+03 2.703899e+03 2.700116e+03 2.670076e+03
6.2 2.717041e+03 2.710328e+03 2.706147e+03 2.712860e+03
7.2 2.753313e+03 2.717054e+03 2.708657e+03 2.744916e+03
8.2 2.705655e+03 2.719220e+03 2.709196e+03 2.695631e+03
9.2 2.685773e+03 2.704564e+03 2.708712e+03 2.689921e+03
10.2 2.702251e+03 2.685103e+03 2.707947e+03 2.725095e+03
11.2 2.736250e+03 2.689101e+03 2.707284e+03 2.754433e+03
12.2 2.731486e+03 2.703592e+03 2.706876e+03 2.734770e+03
13.2 2.706133e+03 2.712114e+03 2.706661e+03 2.700680e+03
14.2 2.759139e+03 2.728505e+03 2.706575e+03 2.737208e+03
15.2 2.784749e+03 2.737789e+03 2.706551e+03 2.753511e+03
16.2 2.625806e+03 2.731969e+03 2.706555e+03 2.600392e+03
17.2 2.685943e+03 2.725216e+03 2.706570e+03 2.667296e+03
0.8 2.668906e+03 2.696057e+03 2.705626e+03 2.678476e+03
1.8 2.662833e+03 2.686442e+03 2.687128e+03 2.663518e+03
2.8 2.715993e+03 2.678113e+03 2.674368e+03 2.712247e+03
3.8 2.744596e+03 2.685541e+03 2.683940e+03 2.742994e+03
4.8 2.651937e+03 2.692513e+03 2.696615e+03 2.656039e+03
5.8 2.686641e+03 2.700980e+03 2.704617e+03 2.690278e+03
6.8 2.682108e+03 2.708168e+03 2.708301e+03 2.682241e+03
7.8 2.706997e+03 2.712389e+03 2.709513e+03 2.704121e+03
8.8 2.710528e+03 2.713308e+03 2.709321e+03 2.706541e+03
9.8 2.715912e+03 2.711270e+03 2.708570e+03 2.713212e+03
10.8 2.743913e+03 2.704121e+03 2.707789e+03 2.747581e+03
11.8 2.712300e+03 2.701692e+03 2.707241e+03 2.717849e+03
12.8 2.713403e+03 2.704307e+03 2.706914e+03 2.716009e+03
13.8 2.673214e+03 2.707870e+03 2.706737e+03 2.672082e+03
14.8 2.778089e+03 2.712280e+03 2.706650e+03 2.772459e+03
15.8 2.722831e+03 2.712672e+03 2.706601e+03 2.716759e+03
16.8 2.734500e+03 2.705542e+03 2.706567e+03 2.735526e+03
17.8 2.654154e+03 2.700729e+03 2.706538e+03 2.659963e+03
0.4 2.681393e+03 2.700143e+03 2.706308e+03 2.687559e+03
1.4 2.713147e+03 2.695619e+03 2.696965e+03 2.714493e+03
2.4 2.617990e+03 2.677039e+03 2.675800e+03 2.616751e+03
3.4 2.647404e+03 2.680199e+03 2.677973e+03 2.645178e+03
4.4 2.759607e+03 2.693439e+03 2.691134e+03 2.757302e+03
5.4 2.768027e+03 2.701768e+03 2.701322e+03 2.767581e+03
6.4 2.700638e+03 2.700439e+03 2.706447e+03 2.706645e+03
7.4 2.728031e+03 2.700835e+03 2.708517e+03 2.735713e+03
8.4 2.650892e+03 2.706148e+03 2.708720e+03 2.653464e+03
9.4 2.659139e+03 2.710308e+03 2.708052e+03 2.656883e+03
10.4 2.797346e+03 2.712320e+03 2.707162e+03 2.792189e+03
11.4 2.720408e+03 2.714935e+03 2.706444e+03 2.711917e+03
12.4 2.775745e+03 2.710584e+03 2.705950e+03 2.771112e+03
13.4 2.655124e+03 2.688397e+03 2.705652e+03 2.672379e+03
14.4 2.705015e+03 2.678351e+03 2.705461e+03 2.732125e+03
15.4 2.598673e+03 2.690006e+03 2.705322e+03 2.613989e+03
16.4 2.748372e+03 2.702662e+03 2.705206e+03 2.750916e+03
17.4 2.689016e+03 2.712389e+03 2.705095e+03 2.681721e+03
