0.3 1.025303e+04 1.024550e+04 1.025311e+04 1.026064e+04
1.3 1.021819e+04 1.024685e+04 1.025304e+04 1.022438e+04
2.3 1.024013e+04 1.025183e+04 1.025279e+04 1.024109e+04
3.3 1.026081e+04 1.025548e+04 1.025279e+04 1.025812e+04
4.3 1.024204e+04 1.025439e+04 1.025293e+04 1.024058e+04
5.3 1.020555e+04 1.024165e+04 1.025305e+04 1.021696e+04
6.3 1.018009e+04 1.023810e+04 1.025311e+04 1.019511e+04
7.3 1.024410e+04 1.024671e+04 1.025314e+04 1.025054e+04
8.3 1.026474e+04 1.026372e+04 1.025315e+04 1.025417e+04
9.3 1.033132e+04 1.027107e+04 1.025314e+04 1.031339e+04
10.3 1.026898e+04 1.025685e+04 1.025313e+04 1.026527e+04
11.3 1.023784e+04 1.024429e+04 1.025313e+04 1.024668e+04
12.3 1.021468e+04 1.024599e+04 1.025312e+04 1.022181e+04
13.3 1.025381e+04 1.025129e+04 1.025312e+04 1.025564e+04
14.3 1.029616e+04 1.025551e+04 1.025312e+04 1.029376e+04
15.3 1.027606e+04 1.025775e+04 1.025312e+04 1.027144e+04
16.3 1.023526e+04 1.025819e+04 1.025312e+04 1.023019e+04
17.3 1.027290e+04 1.025282e+04 1.025312e+04 1.027320e+04
0.2 1.023569e+04 1.024396e+04 1.025312e+04 1.024485e+04
1.2 1.025494e+04 1.024452e+04 1.025306e+04 1.026348e+04
2.2 1.025924e+04 1.024979e+04 1.025281e+04 1.026227e+04
3.2 1.025144e+04 1.025403e+04 1.025278e+04 1.025019e+04
4.2 1.031439e+04 1.025566e+04 1.025292e+04 1.031166e+04
5.2 1.025455e+04 1.024944e+04 1.025304e+04 1.025816e+04
6.2 1.022723e+04 1.024448e+04 1.025311e+04 1.023587e+04
7.2 1.025001e+04 1.024775e+04 1.025314e+04 1.025539e+04
8.2 1.024502e+04 1.025226e+04 1.025295e+04 1.024571e+04
9.2 1.020731e+04 1.025504e+04 1.025278e+04 1.020506e+04
10.2 1.018899e+04 1.025616e+04 1.025287e+04 1.018570e+04
11.2 1.025824e+04 1.024794e+04 1.025301e+04 1.026331e+04
12.2 1.026125e+04 1.023541e+04 1.025309e+04 1.027894e+04
13.2 1.024902e+04 1.023786e+04 1.025313e+04 1.026430e+04
14.2 1.026184e+04 1.024719e+04 1.025315e+04 1.026780e+04
15.2 1.025540e+04 1.025344e+04 1.025314e+04 1.025510e+04
16.2 1.026798e+04 1.025554e+04 1.025313e+04 1.026557e+04
17.2 1.023094e+04 1.024969e+04 1.025312e+04 1.023437e+04
0.8 1.025001e+04 1.024775e+04 1.025314e+04 1.025539e+04
1.8 1.024502e+04 1.025226e+04 1.025295e+04 1.024571e+04
2.8 1.020731e+04 1.025504e+04 1.025278e+04 1.020506e+04
3.8 1.018899e+04 1.025616e+04 1.025287e+04 1.018570e+04
4.8 1.025824e+04 1.024794e+04 1.025301e+04 1.026331e+04
5.8 1.026125e+04 1.023541e+04 1.025309e+04 1.027894e+04
6.8 1.024902e+04 1.023786e+04 1.025313e+04 1.026430e+04
7.8 1.026184e+04 1.024719e+04 1.025315e+04 1.026780e+04
8.8 1.025540e+04 1.025344e+04 1.025314e+04 1.025510e+04
9.8 1.026798e+04 1.025554e+04 1.025313e+04 1.026557e+04
10.8 1.023094e+04 1.024969e+04 1.025312e+04 1.023437e+04
11.8 1.027140e+04 1.024528e+04 1.025312e+04 1.027923e+04
12.8 1.023286e+04 1.024902e+04 1.025311e+04 1.023696e+04
13.8 1.026056e+04 1.025457e+04 1.025311e+04 1.025910e+04
14.8 1.026709e+04 1.025657e+04 1.025311e+04 1.026363e+04
15.8 1.022753e+04 1.025637e+04 1.025311e+04 1.022427e+04
16.8 1.028355e+04 1.025571e+04 1.025311e+04 1.028095e+04
17.8 1.024956e+04 1.025789e+04 1.025311e+04 1.024477e+04
0.2 1.025558e+04 1.024582e+04 1.025313e+04 1.026288e+04
1.2 1.026542e+04 1.024950e+04 1.025307e+04 1.026899e+04
2.2 1.025772e+04 1.025135e+04 1.025283e+04 1.025920e+04
3.2 1.028075e+04 1.025150e+04 1.025279e+04 1.028204e+04
4.2 1.031508e+04 1.024521e+04 1.025294e+04 1.032280e+04
5.2 1.026547e+04 1.024140e+04 1.025306e+04 1.027714e+04
6.2 1.028324e+04 1.024457e+04 1.025300e+04 1.029168e+04
7.2 1.024954e+04 1.024844e+04 1.025281e+04 1.025392e+04
8.2 1.026874e+04 1.024605e+04 1.025287e+04 1.027557e+04
9.2 1.024174e+04 1.023481e+04 1.025301e+04 1.025993e+04
10.2 1.028315e+04 1.023496e+04 1.025311e+04 1.030130e+04
11.2 1.025122e+04 1.024271e+04 1.025316e+04 1.026166e+04
12.2 1.024342e+04 1.025308e+04 1.025317e+04 1.024351e+04
13.2 1.025331e+04 1.026617e+04 1.025317e+04 1.024032e+04
14.2 1.026275e+04 1.026620e+04 1.025316e+04 1.024972e+04
15.2 1.020782e+04 1.025993e+04 1.025315e+04 1.020104e+04
16.2 1.022761e+04 1.025281e+04 1.025315e+04 1.022794e+04
17.2 1.024979e+04 1.024267e+04 1.025314e+04 1.026027e+04
0.5 1.026547e+04 1.024140e+04 1.025306e+04 1.027714e+04
1.5 1.028324e+04 1.024457e+04 1.025300e+04 1.029168e+04
2.5 1.024954e+04 1.024844e+04 1.025281e+04 1.025392e+04
3.5 1.026874e+04 1.024605e+04 1.025287e+04 1.027557e+04
4.5 1.024174e+04 1.023481e+04 1.025301e+04 1.025993e+04
5.5 1.028315e+04 1.023496e+04 1.025311e+04 1.030130e+04
6.5 1.025122e+04 1.024271e+04 1.025316e+04 1.026166e+04
7.5 1.024342e+04 1.025308e+04 1.025317e+04 1.024351e+04
8.5 1.025331e+04 1.026617e+04 1.025317e+04 1.024032e+04
9.5 1.026275e+04 1.026620e+04 1.025316e+04 1.024972e+04
10.5 1.020782e+04 1.025993e+04 1.025315e+04 1.020104e+04
11.5 1.022761e+04 1.025281e+04 1.025315e+04 1.022794e+04
12.5 1.024979e+04 1.024267e+04 1.025314e+04 1.026027e+04
13.5 1.026641e+04 1.023959e+04 1.025313e+04 1.027995e+04
14.5 1.023988e+04 1.024286e+04 1.025295e+04 1.024997e+04
15.5 1.024857e+04 1.024646e+04 1.025278e+04 1.025489e+04
16.5 1.024227e+04 1.025400e+04 1.025287e+04 1.024114e+04
17.5 1.024812e+04 1.026480e+04 1.025301e+04 1.023633e+04
0.7 1.026641e+04 1.023959e+04 1.025313e+04 1.027995e+04
1.7 1.023988e+04 1.024286e+04 1.025295e+04 1.024997e+04
2.7 1.024857e+04 1.024646e+04 1.025278e+04 1.025489e+04
3.7 1.024227e+04 1.025400e+04 1.025287e+04 1.024114e+04
4.7 1.024812e+04 1.026480e+04 1.025301e+04 1.023633e+04
5.7 1.025331e+04 1.026427e+04 1.025311e+04 1.024215e+04
6.7 1.025522e+04 1.026080e+04 1.025315e+04 1.024757e+04
7.7 1.031570e+04 1.025708e+04 1.025317e+04 1.031178e+04
8.7 1.025232e+04 1.026000e+04 1.025316e+04 1.024548e+04
9.7 1.026431e+04 1.026374e+04 1.025316e+04 1.025373e+04
10.7 1.020965e+04 1.026108e+04 1.025315e+04 1.020172e+04
11.7 1.024110e+04 1.026255e+04 1.025314e+04 1.023169e+04
12.7 1.027263e+04 1.025859e+04 1.025313e+04 1.026718e+04
13.7 1.024013e+04 1.025148e+04 1.025313e+04 1.024178e+04
