0.4 1.028497e+04 1.025244e+04 1.025470e+04 1.028723e+04
1.4 1.021917e+04 1.024985e+04 1.025220e+04 1.022153e+04
2.4 1.026748e+04 1.024253e+04 1.024498e+04 1.026993e+04
3.4 1.026104e+04 1.024182e+04 1.024436e+04 1.026358e+04
4.4 1.020452e+04 1.024598e+04 1.024861e+04 1.020715e+04
5.4 1.021233e+04 1.025032e+04 1.025232e+04 1.021434e+04
6.4 1.024404e+04 1.025402e+04 1.025426e+04 1.024428e+04
7.4 1.021880e+04 1.025651e+04 1.025506e+04 1.021736e+04
8.4 1.029471e+04 1.026634e+04 1.025519e+04 1.028357e+04
9.4 1.028194e+04 1.026932e+04 1.025497e+04 1.026758e+04
10.4 1.027809e+04 1.026477e+04 1.025465e+04 1.026797e+04
11.4 1.021819e+04 1.026037e+04 1.025438e+04 1.021219e+04
12.4 1.028807e+04 1.024847e+04 1.025419e+04 1.029379e+04
13.4 1.023739e+04 1.023201e+04 1.025408e+04 1.025945e+04
14.4 1.027148e+04 1.023201e+04 1.025401e+04 1.029348e+04
15.4 1.022141e+04 1.024055e+04 1.025396e+04 1.023482e+04
16.4 1.023579e+04 1.024708e+04 1.025392e+04 1.024263e+04
17.4 1.020440e+04 1.025090e+04 1.025390e+04 1.020739e+04
0.1 1.027493e+04 1.026322e+04 1.025404e+04 1.026574e+04
1.1 1.026945e+04 1.025757e+04 1.025335e+04 1.026522e+04
2.1 1.030477e+04 1.024631e+04 1.024653e+04 1.030499e+04
3.1 1.022875e+04 1.024006e+04 1.024256e+04 1.023125e+04
4.1 1.020863e+04 1.024382e+04 1.024602e+04 1.021083e+04
5.1 1.023904e+04 1.025053e+04 1.025067e+04 1.023917e+04
6.1 1.026424e+04 1.025362e+04 1.025347e+04 1.026408e+04
7.1 1.025855e+04 1.024919e+04 1.025483e+04 1.026419e+04
8.1 1.020922e+04 1.023693e+04 1.025527e+04 1.022756e+04
9.1 1.022471e+04 1.023692e+04 1.025522e+04 1.024301e+04
10.1 1.024688e+04 1.024683e+04 1.025497e+04 1.025503e+04
11.1 1.024432e+04 1.026339e+04 1.025473e+04 1.023566e+04
12.1 1.026044e+04 1.026690e+04 1.025456e+04 1.024809e+04
13.1 1.023434e+04 1.024825e+04 1.025448e+04 1.024057e+04
14.1 1.027041e+04 1.023378e+04 1.025445e+04 1.029109e+04
15.1 1.026808e+04 1.023783e+04 1.025445e+04 1.028470e+04
16.1 1.026684e+04 1.024675e+04 1.025447e+04 1.027457e+04
17.1 1.024794e+04 1.025257e+04 1.025450e+04 1.024987e+04
0.7 1.027284e+04 1.026988e+04 1.025476e+04 1.025773e+04
1.7 1.026581e+04 1.026016e+04 1.025071e+04 1.025635e+04
2.7 1.024518e+04 1.024581e+04 1.024209e+04 1.024146e+04
3.7 1.023065e+04 1.024352e+04 1.024242e+04 1.022955e+04
4.7 1.023807e+04 1.025015e+04 1.024814e+04 1.023606e+04
5.7 1.022996e+04 1.025514e+04 1.025265e+04 1.022747e+04
6.7 1.025437e+04 1.025695e+04 1.025509e+04 1.025250e+04
7.7 1.029864e+04 1.025590e+04 1.025613e+04 1.029886e+04
8.7 1.030181e+04 1.024224e+04 1.025631e+04 1.031589e+04
9.7 1.019009e+04 1.023169e+04 1.025609e+04 1.021448e+04
10.7 1.018985e+04 1.023822e+04 1.025577e+04 1.020739e+04
11.7 1.023775e+04 1.024835e+04 1.025551e+04 1.024491e+04
12.7 1.022694e+04 1.025557e+04 1.025534e+04 1.022672e+04
13.7 1.027728e+04 1.025861e+04 1.025496e+04 1.027362e+04
14.7 1.020064e+04 1.025327e+04 1.024877e+04 1.019614e+04
15.7 1.025303e+04 1.024550e+04 1.024137e+04 1.024891e+04
16.7 1.021819e+04 1.024685e+04 1.024355e+04 1.021488e+04
17.7 1.024013e+04 1.025183e+04 1.024947e+04 1.023777e+04
0.9 1.027728e+04 1.025861e+04 1.025496e+04 1.027362e+04
1.9 1.020064e+04 1.025327e+04 1.024877e+04 1.019614e+04
2.9 1.025303e+04 1.024550e+04 1.024137e+04 1.024891e+04
3.9 1.021819e+04 1.024685e+04 1.024355e+04 1.021488e+04
4.9 1.024013e+04 1.025183e+04 1.024947e+04 1.023777e+04
5.9 1.026081e+04 1.025548e+04 1.025359e+04 1.025892e+04
6.9 1.024204e+04 1.025439e+04 1.025573e+04 1.024338e+04
7.9 1.020555e+04 1.024165e+04 1.025653e+04 1.022043e+04
8.9 1.018009e+04 1.023810e+04 1.025659e+04 1.019858e+04
9.9 1.024410e+04 1.024671e+04 1.025630e+04 1.025370e+04
10.9 1.026474e+04 1.026372e+04 1.025596e+04 1.025699e+04
11.9 1.033132e+04 1.027107e+04 1.025570e+04 1.031595e+04
12.9 1.026898e+04 1.025685e+04 1.025555e+04 1.026768e+04
13.9 1.023784e+04 1.024429e+04 1.025547e+04 1.024902e+04
14.9 1.021468e+04 1.024599e+04 1.025544e+04 1.022413e+04
15.9 1.025381e+04 1.025129e+04 1.025543e+04 1.025794e+04
16.9 1.029616e+04 1.025551e+04 1.025543e+04 1.029607e+04
17.9 1.027606e+04 1.025775e+04 1.025543e+04 1.027374e+04
0.8 1.023526e+04 1.025819e+04 1.025528e+04 1.023235e+04
1.8 1.027290e+04 1.025282e+04 1.025014e+04 1.027022e+04
2.8 1.023569e+04 1.024396e+04 1.024176e+04 1.023350e+04
3.8 1.025494e+04 1.024452e+04 1.024287e+04 1.025329e+04
4.8 1.025924e+04 1.024979e+04 1.024873e+04 1.025819e+04
5.8 1.025144e+04 1.025403e+04 1.025324e+04 1.025064e+04
6.8 1.031439e+04 1.025566e+04 1.025486e+04 1.031359e+04
7.8 1.025455e+04 1.024944e+04 1.024862e+04 1.025373e+04
8.8 1.022723e+04 1.024448e+04 1.024367e+04 1.022642e+04
9.8 1.025001e+04 1.024775e+04 1.024700e+04 1.024926e+04
10.8 1.024502e+04 1.025226e+04 1.025178e+04 1.024453e+04
11.8 1.020731e+04 1.025504e+04 1.025481e+04 1.020708e+04
12.8 1.018899e+04 1.025616e+04 1.025616e+04 1.018899e+04
13.8 1.025824e+04 1.024794e+04 1.025657e+04 1.026687e+04
14.8 1.026125e+04 1.023541e+04 1.025644e+04 1.028228e+04
15.8 1.024902e+04 1.023786e+04 1.025610e+04 1.026726e+04
16.8 1.026184e+04 1.024719e+04 1.025576e+04 1.027041e+04
17.8 1.025540e+04 1.025344e+04 1.025551e+04 1.025747e+04
0.1 1.025144e+04 1.025403e+04 1.025324e+04 1.025064e+04
1.1 1.031439e+04 1.025566e+04 1.025486e+04 1.031359e+04
2.1 1.025455e+04 1.024944e+04 1.024862e+04 1.025373e+04
3.1 1.022723e+04 1.024448e+04 1.024367e+04 1.022642e+04
4.1 1.025001e+04 1.024775e+04 1.024700e+04 1.024926e+04
5.1 1.024502e+04 1.025226e+04 1.025178e+04 1.024453e+04
6.1 1.020731e+04 1.025504e+04 1.025481e+04 1.020708e+04
7.1 1.018899e+04 1.025616e+04 1.025616e+04 1.018899e+04
8.1 1.025824e+04 1.024794e+04 1.025657e+04 1.026687e+04
9.1 1.026125e+04 1.023541e+04 1.025644e+04 1.028228e+04
10.1 1.024902e+04 1.023786e+04 1.025610e+04 1.026726e+04
11.1 1.026184e+04 1.024719e+04 1.025576e+04 1.027041e+04
12.1 1.025540e+04 1.025344e+04 1.025551e+04 1.025747e+04
13.1 1.026798e+04 1.025554e+04 1.025465e+04 1.026708e+04
14.1 1.023094e+04 1.024969e+04 1.024792e+04 1.022917e+04
15.1 1.027140e+04 1.024528e+04 1.024366e+04 1.026978e+04
16.1 1.023286e+04 1.024902e+04 1.024708e+04 1.023093e+04
17.1 1.026056e+04 1.025457e+04 1.025158e+04 1.025757e+04
0.1 1.025540e+04 1.025344e+04 1.025551e+04 1.025747e+04
1.1 1.026798e+04 1.025554e+04 1.025465e+04 1.026708e+04
2.1 1.023094e+04 1.024969e+04 1.024792e+04 1.022917e+04
3.1 1.027140e+04 1.024528e+04 1.024366e+04 1.026978e+04
4.1 1.023286e+04 1.024902e+04 1.024708e+04 1.023093e+04
5.1 1.026056e+04 1.025457e+04 1.025158e+04 1.025757e+04
6.1 1.026709e+04 1.025657e+04 1.025443e+04 1.026494e+04
7.1 1.022753e+04 1.025637e+04 1.025572e+04 1.022689e+04
8.1 1.028355e+04 1.025571e+04 1.025613e+04 1.028397e+04
9.1 1.024956e+04 1.025789e+04 1.025603e+04 1.024770e+04
10.1 1.026120e+04 1.026795e+04 1.025574e+04 1.024899e+04
11.1 1.024982e+04 1.026945e+04 1.025544e+04 1.023581e+04
12.1 1.027310e+04 1.026298e+04 1.025523e+04 1.026536e+04
13.1 1.024218e+04 1.025965e+04 1.025510e+04 1.023762e+04
14.1 1.030279e+04 1.026471e+04 1.025502e+04 1.029310e+04
15.1 1.024602e+04 1.026241e+04 1.025393e+04 1.023753e+04
16.1 1.022410e+04 1.025003e+04 1.024701e+04 1.022107e+04
17.1 1.021949e+04 1.024358e+04 1.024443e+04 1.022033e+04
0.2 1.030279e+04 1.026471e+04 1.025502e+04 1.029310e+04
1.2 1.024602e+04 1.026241e+04 1.025393e+04 1.023753e+04
2.2 1.022410e+04 1.025003e+04 1.024701e+04 1.022107e+04
3.2 1.021949e+04 1.024358e+04 1.024443e+04 1.022033e+04
4.2 1.023540e+04 1.024653e+04 1.024808e+04 1.023696e+04
5.2 1.026959e+04 1.025153e+04 1.025214e+04 1.027021e+04
6.2 1.027369e+04 1.025327e+04 1.025446e+04 1.027488e+04
7.2 1.027334e+04 1.024707e+04 1.025553e+04 1.028180e+04
8.2 1.021677e+04 1.023054e+04 1.025581e+04 1.024204e+04
9.2 1.024280e+04 1.022845e+04 1.025569e+04 1.027004e+04
10.2 1.026784e+04 1.024143e+04 1.025541e+04 1.028183e+04
11.2 1.022502e+04 1.026055e+04 1.025516e+04 1.021963e+04
12.2 1.032032e+04 1.026624e+04 1.025499e+04 1.030907e+04
13.2 1.026045e+04 1.026219e+04 1.025489e+04 1.025316e+04
14.2 1.023726e+04 1.025746e+04 1.025484e+04 1.023464e+04
15.2 1.027060e+04 1.025567e+04 1.025481e+04 1.026974e+04
16.2 1.024727e+04 1.026404e+04 1.025480e+04 1.023803e+04
17.2 1.030084e+04 1.026799e+04 1.025480e+04 1.028765e+04
0.7 1.024995e+04 1.026516e+04 1.025487e+04 1.023966e+04
1.7 1.028220e+04 1.025866e+04 1.025052e+04 1.027406e+04
2.7 1.024996e+04 1.024685e+04 1.024385e+04 1.024695e+04
3.7 1.022288e+04 1.024450e+04 1.024526e+04 1.022363e+04
4.7 1.024053e+04 1.024793e+04 1.025000e+04 1.024261e+04
5.7 1.027135e+04 1.025228e+04 1.025347e+04 1.027255e+04
6.7 1.024094e+04 1.025380e+04 1.025530e+04 1.024244e+04
7.7 1.029032e+04 1.025208e+04 1.025453e+04 1.029277e+04
8.7 1.024586e+04 1.024443e+04 1.024749e+04 1.024892e+04
9.7 1.022909e+04 1.024224e+04 1.024554e+04 1.023239e+04
10.7 1.025558e+04 1.024582e+04 1.024920e+04 1.025895e+04
11.7 1.026542e+04 1.024950e+04 1.025290e+04 1.026883e+04
12.7 1.025772e+04 1.025135e+04 1.025494e+04 1.026131e+04
13.7 1.028075e+04 1.025150e+04 1.025507e+04 1.028431e+04
14.7 1.031508e+04 1.024521e+04 1.024861e+04 1.031847e+04
15.7 1.026547e+04 1.024140e+04 1.024467e+04 1.026874e+04
16.7 1.028324e+04 1.024457e+04 1.024792e+04 1.028659e+04
17.7 1.024954e+04 1.024844e+04 1.025203e+04 1.025314e+04
0.3 1.024094e+04 1.025380e+04 1.025530e+04 1.024244e+04
1.3 1.029032e+04 1.025208e+04 1.025453e+04 1.029277e+04
2.3 1.024586e+04 1.024443e+04 1.024749e+04 1.024892e+04
3.3 1.022909e+04 1.024224e+04 1.024554e+04 1.023239e+04
4.3 1.025558e+04 1.024582e+04 1.024920e+04 1.025895e+04
5.3 1.026542e+04 1.024950e+04 1.025290e+04 1.026883e+04
6.3 1.025772e+04 1.025135e+04 1.025494e+04 1.026131e+04
7.3 1.028075e+04 1.025150e+04 1.025507e+04 1.028431e+04
8.3 1.031508e+04 1.024521e+04 1.024861e+04 1.031847e+04
9.3 1.026547e+04 1.024140e+04 1.024467e+04 1.026874e+04
10.3 1.028324e+04 1.024457e+04 1.024792e+04 1.028659e+04
11.3 1.024954e+04 1.024844e+04 1.025203e+04 1.025314e+04
12.3 1.026874e+04 1.024605e+04 1.025459e+04 1.027728e+04
13.3 1.024174e+04 1.023481e+04 1.025572e+04 1.026265e+04
14.3 1.028315e+04 1.023496e+04 1.025606e+04 1.030425e+04
15.3 1.025122e+04 1.024271e+04 1.025593e+04 1.026444e+04
16.3 1.024342e+04 1.025308e+04 1.025564e+04 1.024597e+04
17.3 1.025331e+04 1.026617e+04 1.025534e+04 1.024249e+04
0.1 1.025772e+04 1.025135e+04 1.025494e+04 1.026131e+04
1.1 1.028075e+04 1.025150e+04 1.025507e+04 1.028431e+04
2.1 1.031508e+04 1.024521e+04 1.024861e+04 1.031847e+04
3.1 1.026547e+04 1.024140e+04 1.024467e+04 1.026874e+04
4.1 1.028324e+04 1.024457e+04 1.024792e+04 1.028659e+04
5.1 1.024954e+04 1.024844e+04 1.025203e+04 1.025314e+04
6.1 1.026874e+04 1.024605e+04 1.025459e+04 1.027728e+04
7.1 1.024174e+04 1.023481e+04 1.025572e+04 1.026265e+04
8.1 1.028315e+04 1.023496e+04 1.025606e+04 1.030425e+04
9.1 1.025122e+04 1.024271e+04 1.025593e+04 1.026444e+04
10.1 1.024342e+04 1.025308e+04 1.025564e+04 1.024597e+04
11.1 1.025331e+04 1.026617e+04 1.025534e+04 1.024249e+04
12.1 1.026275e+04 1.026620e+04 1.025513e+04 1.025168e+04
13.1 1.020782e+04 1.025993e+04 1.025499e+04 1.020287e+04
14.1 1.022761e+04 1.025281e+04 1.025318e+04 1.022797e+04
15.1 1.024979e+04 1.024267e+04 1.024611e+04 1.025323e+04
16.1 1.026641e+04 1.023959e+04 1.024460e+04 1.027142e+04
17.1 1.023988e+04 1.024286e+04 1.024859e+04 1.024561e+04
0.3 1.020782e+04 1.025993e+04 1.025499e+04 1.020287e+04
1.3 1.022761e+04 1.025281e+04 1.025318e+04 1.022797e+04
2.3 1.024979e+04 1.024267e+04 1.024611e+04 1.025323e+04
3.3 1.026641e+04 1.023959e+04 1.024460e+04 1.027142e+04
4.3 1.023988e+04 1.024286e+04 1.024859e+04 1.024561e+04
5.3 1.024857e+04 1.024646e+04 1.025232e+04 1.025443e+04
6.3 1.024227e+04 1.025400e+04 1.025444e+04 1.024271e+04
7.3 1.024812e+04 1.026480e+04 1.025532e+04 1.023863e+04
8.3 1.025331e+04 1.026427e+04 1.025548e+04 1.024452e+04
9.3 1.025522e+04 1.026080e+04 1.025527e+04 1.024969e+04
10.3 1.031570e+04 1.025708e+04 1.025494e+04 1.031355e+04
11.3 1.025232e+04 1.026000e+04 1.025462e+04 1.024693e+04
12.3 1.026431e+04 1.026374e+04 1.025439e+04 1.025496e+04
13.3 1.020965e+04 1.026108e+04 1.025422e+04 1.020279e+04
14.3 1.024110e+04 1.026255e+04 1.025410e+04 1.023265e+04
15.3 1.027263e+04 1.025859e+04 1.025399e+04 1.026803e+04
16.3 1.024013e+04 1.025148e+04 1.025389e+04 1.024254e+04
