0.4 5.513577e+03 5.481380e+03 5.480019e+03 5.512216e+03
1.4 5.518827e+03 5.480029e+03 5.478817e+03 5.517615e+03
2.4 5.438458e+03 5.476420e+03 5.475339e+03 5.437376e+03
3.4 5.431219e+03 5.475985e+03 5.475039e+03 5.430274e+03
4.4 5.499957e+03 5.477888e+03 5.477089e+03 5.499158e+03
5.4 5.509830e+03 5.475160e+03 5.478875e+03 5.513545e+03
6.4 5.463643e+03 5.464630e+03 5.479808e+03 5.478821e+03
7.4 5.442164e+03 5.464830e+03 5.480194e+03 5.457527e+03
8.4 5.434456e+03 5.469904e+03 5.480255e+03 5.444808e+03
9.4 5.465292e+03 5.474516e+03 5.480149e+03 5.470925e+03
10.4 5.463056e+03 5.484824e+03 5.479995e+03 5.458226e+03
11.4 5.528186e+03 5.494237e+03 5.479865e+03 5.513813e+03
12.4 5.544091e+03 5.492314e+03 5.479775e+03 5.531552e+03
13.4 5.437288e+03 5.486810e+03 5.479718e+03 5.430196e+03
14.4 5.485446e+03 5.481074e+03 5.479684e+03 5.484056e+03
15.4 5.444242e+03 5.467582e+03 5.479662e+03 5.456322e+03
16.4 5.481605e+03 5.462831e+03 5.479645e+03 5.498420e+03
17.4 5.400767e+03 5.468041e+03 5.479631e+03 5.412357e+03
0.1 5.480141e+03 5.488353e+03 5.479699e+03 5.471487e+03
1.1 5.464884e+03 5.489146e+03 5.479367e+03 5.455105e+03
2.1 5.508750e+03 5.481079e+03 5.476085e+03 5.503756e+03
3.1 5.489576e+03 5.475403e+03 5.474174e+03 5.488347e+03
4.1 5.429719e+03 5.469792e+03 5.475842e+03 5.435769e+03
5.1 5.457141e+03 5.460579e+03 5.478077e+03 5.474639e+03
6.1 5.496129e+03 5.463732e+03 5.479426e+03 5.511823e+03
7.1 5.513044e+03 5.472174e+03 5.480082e+03 5.520953e+03
8.1 5.473959e+03 5.478449e+03 5.480293e+03 5.475804e+03
9.1 5.497085e+03 5.481434e+03 5.480269e+03 5.495920e+03
10.1 5.437333e+03 5.479788e+03 5.480149e+03 5.437695e+03
11.1 5.473627e+03 5.467422e+03 5.480032e+03 5.486238e+03
12.1 5.432128e+03 5.464710e+03 5.479951e+03 5.447369e+03
13.1 5.483967e+03 5.471766e+03 5.479912e+03 5.492113e+03
14.1 5.514157e+03 5.478173e+03 5.479899e+03 5.515882e+03
15.1 5.532725e+03 5.480818e+03 5.479901e+03 5.531807e+03
16.1 5.501726e+03 5.472775e+03 5.479910e+03 5.508861e+03
17.1 5.478104e+03 5.466627e+03 5.479922e+03 5.491399e+03
0.7 5.480871e+03 5.518437e+03 5.480049e+03 5.442483e+03
1.7 5.485830e+03 5.506479e+03 5.478097e+03 5.457448e+03
2.7 5.470582e+03 5.487427e+03 5.473949e+03 5.457104e+03
3.7 5.438146e+03 5.476559e+03 5.474105e+03 5.435692e+03
4.7 5.455981e+03 5.463008e+03 5.476862e+03 5.469835e+03
5.7 5.470744e+03 5.460623e+03 5.479034e+03 5.489154e+03
6.7 5.479030e+03 5.468208e+03 5.480205e+03 5.491027e+03
7.7 5.452280e+03 5.475878e+03 5.480706e+03 5.457107e+03
8.7 5.493126e+03 5.480819e+03 5.480795e+03 5.493102e+03
9.7 5.493186e+03 5.483321e+03 5.480687e+03 5.490552e+03
10.7 5.493077e+03 5.483633e+03 5.480532e+03 5.489976e+03
11.7 5.507405e+03 5.481806e+03 5.480407e+03 5.506006e+03
12.7 5.469682e+03 5.470476e+03 5.480329e+03 5.479535e+03
13.7 5.437887e+03 5.466039e+03 5.480142e+03 5.451990e+03
14.7 5.549479e+03 5.468521e+03 5.477164e+03 5.558122e+03
15.7 5.485033e+03 5.470674e+03 5.473603e+03 5.487962e+03
16.7 5.465218e+03 5.478891e+03 5.474650e+03 5.460976e+03
17.7 5.427285e+03 5.495934e+03 5.477502e+03 5.408852e+03
0.9 5.437887e+03 5.466039e+03 5.480142e+03 5.451990e+03
1.9 5.549479e+03 5.468521e+03 5.477164e+03 5.558122e+03
2.9 5.485033e+03 5.470674e+03 5.473603e+03 5.487962e+03
3.9 5.465218e+03 5.478891e+03 5.474650e+03 5.460976e+03
4.9 5.427285e+03 5.495934e+03 5.477502e+03 5.408852e+03
5.9 5.439147e+03 5.498689e+03 5.479485e+03 5.419943e+03
6.9 5.447410e+03 5.492088e+03 5.480517e+03 5.435839e+03
7.9 5.468185e+03 5.486583e+03 5.480899e+03 5.462501e+03
8.9 5.463701e+03 5.483142e+03 5.480927e+03 5.461486e+03
9.9 5.446771e+03 5.479769e+03 5.480789e+03 5.447791e+03
10.9 5.422119e+03 5.467312e+03 5.480627e+03 5.435434e+03
11.9 5.470742e+03 5.462337e+03 5.480500e+03 5.488905e+03
12.9 5.498028e+03 5.469237e+03 5.480427e+03 5.509218e+03
13.9 5.430329e+03 5.476577e+03 5.480390e+03 5.434142e+03
14.9 5.449720e+03 5.480627e+03 5.480374e+03 5.449467e+03
15.9 5.440139e+03 5.481580e+03 5.480369e+03 5.438928e+03
16.9 5.449021e+03 5.472149e+03 5.480368e+03 5.457241e+03
17.9 5.443039e+03 5.466530e+03 5.480369e+03 5.456877e+03
0.8 5.392326e+03 5.470981e+03 5.480298e+03 5.401642e+03
1.8 5.476745e+03 5.474362e+03 5.477824e+03 5.480207e+03
2.8 5.437312e+03 5.473736e+03 5.473791e+03 5.437367e+03
3.8 5.479538e+03 5.478913e+03 5.474325e+03 5.474950e+03
4.8 5.474380e+03 5.494709e+03 5.477145e+03 5.456816e+03
5.8 5.518786e+03 5.498468e+03 5.479314e+03 5.499632e+03
6.8 5.506533e+03 5.491494e+03 5.480096e+03 5.495134e+03
7.8 5.493512e+03 5.481772e+03 5.477090e+03 5.488830e+03
8.8 5.495444e+03 5.475548e+03 5.474707e+03 5.494603e+03
9.8 5.530450e+03 5.475856e+03 5.476312e+03 5.530906e+03
10.8 5.502940e+03 5.487451e+03 5.478612e+03 5.494100e+03
11.8 5.538146e+03 5.497445e+03 5.480069e+03 5.520770e+03
12.8 5.498608e+03 5.493650e+03 5.480722e+03 5.485680e+03
13.8 5.525087e+03 5.487058e+03 5.480918e+03 5.518947e+03
14.8 5.456162e+03 5.483093e+03 5.480855e+03 5.453925e+03
15.8 5.463530e+03 5.478456e+03 5.480693e+03 5.465767e+03
16.8 5.498857e+03 5.466136e+03 5.480528e+03 5.513249e+03
17.8 5.483578e+03 5.463985e+03 5.480410e+03 5.500003e+03
0.1 5.518786e+03 5.498468e+03 5.479314e+03 5.499632e+03
1.1 5.506533e+03 5.491494e+03 5.480096e+03 5.495134e+03
2.1 5.493512e+03 5.481772e+03 5.477090e+03 5.488830e+03
3.1 5.495444e+03 5.475548e+03 5.474707e+03 5.494603e+03
4.1 5.530450e+03 5.475856e+03 5.476312e+03 5.530906e+03
5.1 5.502940e+03 5.487451e+03 5.478612e+03 5.494100e+03
6.1 5.538146e+03 5.497445e+03 5.480069e+03 5.520770e+03
7.1 5.498608e+03 5.493650e+03 5.480722e+03 5.485680e+03
8.1 5.525087e+03 5.487058e+03 5.480918e+03 5.518947e+03
9.1 5.456162e+03 5.483093e+03 5.480855e+03 5.453925e+03
10.1 5.463530e+03 5.478456e+03 5.480693e+03 5.465767e+03
11.1 5.498857e+03 5.466136e+03 5.480528e+03 5.513249e+03
12.1 5.483578e+03 5.463985e+03 5.480410e+03 5.500003e+03
13.1 5.497790e+03 5.470117e+03 5.479994e+03 5.507666e+03
14.1 5.485489e+03 5.472758e+03 5.476756e+03 5.489487e+03
15.1 5.503833e+03 5.474034e+03 5.474706e+03 5.504506e+03
16.1 5.479493e+03 5.471394e+03 5.476353e+03 5.484452e+03
17.1 5.471761e+03 5.463391e+03 5.478517e+03 5.486888e+03
0.1 5.483578e+03 5.463985e+03 5.480410e+03 5.500003e+03
1.1 5.497790e+03 5.470117e+03 5.479994e+03 5.507666e+03
2.1 5.485489e+03 5.472758e+03 5.476756e+03 5.489487e+03
3.1 5.503833e+03 5.474034e+03 5.474706e+03 5.504506e+03
4.1 5.479493e+03 5.471394e+03 5.476353e+03 5.484452e+03
5.1 5.471761e+03 5.463391e+03 5.478517e+03 5.486888e+03
6.1 5.499225e+03 5.466456e+03 5.479887e+03 5.512656e+03
7.1 5.449383e+03 5.473718e+03 5.480510e+03 5.456175e+03
8.1 5.491648e+03 5.478676e+03 5.480706e+03 5.493679e+03
9.1 5.452437e+03 5.480541e+03 5.480660e+03 5.452556e+03
10.1 5.567204e+03 5.479361e+03 5.480520e+03 5.568363e+03
11.1 5.440756e+03 5.478879e+03 5.480376e+03 5.442253e+03
12.1 5.464812e+03 5.479494e+03 5.480273e+03 5.465591e+03
13.1 5.474607e+03 5.487525e+03 5.480209e+03 5.467292e+03
14.1 5.507828e+03 5.512553e+03 5.480172e+03 5.475447e+03
15.1 5.474210e+03 5.512745e+03 5.479646e+03 5.441111e+03
16.1 5.495267e+03 5.494449e+03 5.476315e+03 5.477133e+03
17.1 5.457842e+03 5.481133e+03 5.475073e+03 5.451781e+03
0.2 5.507828e+03 5.512553e+03 5.480172e+03 5.475447e+03
1.2 5.474210e+03 5.512745e+03 5.479646e+03 5.441111e+03
2.2 5.495267e+03 5.494449e+03 5.476315e+03 5.477133e+03
3.2 5.457842e+03 5.481133e+03 5.475073e+03 5.451781e+03
4.2 5.441160e+03 5.469354e+03 5.476832e+03 5.448638e+03
5.2 5.438553e+03 5.458700e+03 5.478788e+03 5.458641e+03
6.2 5.447250e+03 5.462274e+03 5.479901e+03 5.464878e+03
7.2 5.431165e+03 5.470765e+03 5.480417e+03 5.440817e+03
8.2 5.452341e+03 5.477179e+03 5.480553e+03 5.455715e+03
9.2 5.471024e+03 5.480296e+03 5.480494e+03 5.471222e+03
10.2 5.488006e+03 5.477623e+03 5.480363e+03 5.490745e+03
11.2 5.458778e+03 5.465147e+03 5.480242e+03 5.473874e+03
12.2 5.445313e+03 5.463674e+03 5.480157e+03 5.461797e+03
13.2 5.457573e+03 5.470321e+03 5.480110e+03 5.467362e+03
14.2 5.496614e+03 5.475993e+03 5.480085e+03 5.500706e+03
15.2 5.479895e+03 5.478844e+03 5.480073e+03 5.481124e+03
16.2 5.533013e+03 5.478273e+03 5.480068e+03 5.534808e+03
17.2 5.434525e+03 5.477697e+03 5.480066e+03 5.436894e+03
0.7 5.476521e+03 5.458683e+03 5.480101e+03 5.497938e+03
1.7 5.538049e+03 5.462108e+03 5.478008e+03 5.553949e+03
2.7 5.496844e+03 5.466271e+03 5.474795e+03 5.505369e+03
3.7 5.545646e+03 5.471671e+03 5.475474e+03 5.549449e+03
4.7 5.509435e+03 5.471515e+03 5.477757e+03 5.515677e+03
5.7 5.487474e+03 5.462723e+03 5.479429e+03 5.504179e+03
6.7 5.489032e+03 5.464219e+03 5.480308e+03 5.505122e+03
7.7 5.454015e+03 5.470362e+03 5.479935e+03 5.463588e+03
8.7 5.462979e+03 5.471970e+03 5.476549e+03 5.467559e+03
9.7 5.437240e+03 5.473444e+03 5.475611e+03 5.439407e+03
10.7 5.515142e+03 5.476080e+03 5.477369e+03 5.516430e+03
11.7 5.426223e+03 5.480902e+03 5.479153e+03 5.424474e+03
12.7 5.541596e+03 5.493971e+03 5.480135e+03 5.527759e+03
13.7 5.463466e+03 5.495114e+03 5.480195e+03 5.448547e+03
14.7 5.458959e+03 5.484327e+03 5.477085e+03 5.451717e+03
15.7 5.462740e+03 5.475800e+03 5.475188e+03 5.462128e+03
16.7 5.468724e+03 5.480157e+03 5.476755e+03 5.465321e+03
17.7 5.510105e+03 5.491590e+03 5.478736e+03 5.497250e+03
0.3 5.489032e+03 5.464219e+03 5.480308e+03 5.505122e+03
1.3 5.454015e+03 5.470362e+03 5.479935e+03 5.463588e+03
2.3 5.462979e+03 5.471970e+03 5.476549e+03 5.467559e+03
3.3 5.437240e+03 5.473444e+03 5.475611e+03 5.439407e+03
4.3 5.515142e+03 5.476080e+03 5.477369e+03 5.516430e+03
5.3 5.426223e+03 5.480902e+03 5.479153e+03 5.424474e+03
6.3 5.541596e+03 5.493971e+03 5.480135e+03 5.527759e+03
7.3 5.463466e+03 5.495114e+03 5.480195e+03 5.448547e+03
8.3 5.458959e+03 5.484327e+03 5.477085e+03 5.451717e+03
9.3 5.462740e+03 5.475800e+03 5.475188e+03 5.462128e+03
10.3 5.468724e+03 5.480157e+03 5.476755e+03 5.465321e+03
11.3 5.510105e+03 5.491590e+03 5.478736e+03 5.497250e+03
12.3 5.490105e+03 5.490174e+03 5.479963e+03 5.479895e+03
13.3 5.461214e+03 5.483774e+03 5.480512e+03 5.457952e+03
14.3 5.476335e+03 5.478794e+03 5.480672e+03 5.478213e+03
15.3 5.491200e+03 5.475798e+03 5.480613e+03 5.496015e+03
16.3 5.434805e+03 5.469211e+03 5.480471e+03 5.446065e+03
17.3 5.442499e+03 5.456992e+03 5.480328e+03 5.465834e+03
0.1 5.541596e+03 5.493971e+03 5.480135e+03 5.527759e+03
1.1 5.463466e+03 5.495114e+03 5.480195e+03 5.448547e+03
2.1 5.458959e+03 5.484327e+03 5.477085e+03 5.451717e+03
3.1 5.462740e+03 5.475800e+03 5.475188e+03 5.462128e+03
4.1 5.468724e+03 5.480157e+03 5.476755e+03 5.465321e+03
5.1 5.510105e+03 5.491590e+03 5.478736e+03 5.497250e+03
6.1 5.490105e+03 5.490174e+03 5.479963e+03 5.479895e+03
7.1 5.461214e+03 5.483774e+03 5.480512e+03 5.457952e+03
8.1 5.476335e+03 5.478794e+03 5.480672e+03 5.478213e+03
9.1 5.491200e+03 5.475798e+03 5.480613e+03 5.496015e+03
10.1 5.434805e+03 5.469211e+03 5.480471e+03 5.446065e+03
11.1 5.442499e+03 5.456992e+03 5.480328e+03 5.465834e+03
12.1 5.413000e+03 5.458312e+03 5.480224e+03 5.434913e+03
13.1 5.454273e+03 5.465892e+03 5.480157e+03 5.468538e+03
14.1 5.394540e+03 5.470921e+03 5.479286e+03 5.402905e+03
15.1 5.469540e+03 5.470435e+03 5.475882e+03 5.474986e+03
16.1 5.468131e+03 5.471116e+03 5.475155e+03 5.472171e+03
17.1 5.486331e+03 5.482449e+03 5.477075e+03 5.480957e+03
0.3 5.454273e+03 5.465892e+03 5.480157e+03 5.468538e+03
1.3 5.394540e+03 5.470921e+03 5.479286e+03 5.402905e+03
2.3 5.469540e+03 5.470435e+03 5.475882e+03 5.474986e+03
3.3 5.468131e+03 5.471116e+03 5.475155e+03 5.472171e+03
4.3 5.486331e+03 5.482449e+03 5.477075e+03 5.480957e+03
5.3 5.522926e+03 5.492313e+03 5.478873e+03 5.509486e+03
6.3 5.531402e+03 5.487053e+03 5.479895e+03 5.524244e+03
7.3 5.476297e+03 5.477726e+03 5.480315e+03 5.478886e+03
8.3 5.502259e+03 5.473755e+03 5.480395e+03 5.508898e+03
9.3 5.443382e+03 5.481272e+03 5.480292e+03 5.442402e+03
10.3 5.477756e+03 5.484366e+03 5.480132e+03 5.473522e+03
11.3 5.471776e+03 5.477972e+03 5.479982e+03 5.473786e+03
12.3 5.480091e+03 5.471599e+03 5.479870e+03 5.488361e+03
13.3 5.478019e+03 5.477284e+03 5.479788e+03 5.480524e+03
14.3 5.482716e+03 5.501178e+03 5.479728e+03 5.461266e+03
15.3 5.520240e+03 5.501915e+03 5.479676e+03 5.498001e+03
16.3 5.516538e+03 5.487121e+03 5.479628e+03 5.509044e+03
