0.6 1.838159e+03 1.816373e+03 1.798411e+03 1.820196e+03
1.6 1.816008e+03 1.806417e+03 1.797696e+03 1.807287e+03
2.6 1.819262e+03 1.799269e+03 1.796774e+03 1.816768e+03
3.6 1.820336e+03 1.796447e+03 1.797091e+03 1.820980e+03
4.6 1.835914e+03 1.796088e+03 1.797778e+03 1.837604e+03
5.6 1.847183e+03 1.801530e+03 1.798256e+03 1.843909e+03
6.6 1.805502e+03 1.813894e+03 1.798488e+03 1.790097e+03
7.6 1.828240e+03 1.814243e+03 1.798576e+03 1.812573e+03
8.6 1.801226e+03 1.804064e+03 1.798580e+03 1.795743e+03
9.6 1.819945e+03 1.796728e+03 1.798546e+03 1.821762e+03
10.6 1.829396e+03 1.795390e+03 1.798505e+03 1.832511e+03
11.6 1.770177e+03 1.795610e+03 1.798475e+03 1.773042e+03
12.6 1.741126e+03 1.786465e+03 1.798457e+03 1.753119e+03
13.6 1.780386e+03 1.776569e+03 1.798448e+03 1.802265e+03
14.6 1.785812e+03 1.779838e+03 1.798444e+03 1.804417e+03
15.6 1.784917e+03 1.783833e+03 1.798443e+03 1.799526e+03
16.6 1.775457e+03 1.790161e+03 1.798442e+03 1.783739e+03
17.6 1.804620e+03 1.796557e+03 1.798442e+03 1.806506e+03
0.9 1.826590e+03 1.811036e+03 1.798370e+03 1.813924e+03
1.9 1.806375e+03 1.803591e+03 1.797335e+03 1.800119e+03
2.9 1.782006e+03 1.799770e+03 1.796769e+03 1.779005e+03
3.9 1.793890e+03 1.807314e+03 1.797313e+03 1.783889e+03
4.9 1.792630e+03 1.819760e+03 1.797956e+03 1.770827e+03
5.9 1.784804e+03 1.817006e+03 1.798345e+03 1.766143e+03
6.9 1.795477e+03 1.805056e+03 1.798530e+03 1.788951e+03
7.9 1.790723e+03 1.798116e+03 1.798585e+03 1.791192e+03
8.9 1.827375e+03 1.791946e+03 1.798571e+03 1.834000e+03
9.9 1.797097e+03 1.789622e+03 1.798530e+03 1.806006e+03
10.9 1.777657e+03 1.792273e+03 1.798491e+03 1.783874e+03
11.9 1.796303e+03 1.794845e+03 1.798462e+03 1.799919e+03
12.9 1.786253e+03 1.797986e+03 1.798445e+03 1.786712e+03
13.9 1.799815e+03 1.795777e+03 1.798436e+03 1.802474e+03
14.9 1.807501e+03 1.785517e+03 1.798432e+03 1.820416e+03
15.9 1.781231e+03 1.786183e+03 1.798429e+03 1.793478e+03
16.9 1.815525e+03 1.792652e+03 1.798427e+03 1.821300e+03
17.9 1.771679e+03 1.792940e+03 1.798426e+03 1.777164e+03
0.8 1.795766e+03 1.819847e+03 1.798363e+03 1.774282e+03
1.8 1.775531e+03 1.809764e+03 1.797418e+03 1.763185e+03
2.8 1.791010e+03 1.803517e+03 1.796721e+03 1.784214e+03
3.8 1.759664e+03 1.798254e+03 1.797181e+03 1.758592e+03
4.8 1.826822e+03 1.791493e+03 1.797860e+03 1.833189e+03
5.8 1.770915e+03 1.791973e+03 1.798273e+03 1.777215e+03
6.8 1.782829e+03 1.794981e+03 1.798474e+03 1.786322e+03
7.8 1.790760e+03 1.798476e+03 1.798537e+03 1.790822e+03
8.8 1.803467e+03 1.801837e+03 1.798528e+03 1.800158e+03
9.8 1.786038e+03 1.802462e+03 1.798487e+03 1.782063e+03
10.8 1.847377e+03 1.790299e+03 1.798446e+03 1.855524e+03
11.8 1.804276e+03 1.780605e+03 1.798415e+03 1.822086e+03
12.8 1.797766e+03 1.786847e+03 1.798397e+03 1.809315e+03
13.8 1.787221e+03 1.796421e+03 1.798387e+03 1.789187e+03
14.8 1.766331e+03 1.803661e+03 1.798382e+03 1.761052e+03
15.8 1.777209e+03 1.806661e+03 1.798379e+03 1.768927e+03
16.8 1.852058e+03 1.802340e+03 1.798377e+03 1.848095e+03
17.8 1.813679e+03 1.795968e+03 1.798375e+03 1.816086e+03
0.3 1.771056e+03 1.812826e+03 1.798405e+03 1.756635e+03
1.3 1.765910e+03 1.805517e+03 1.798057e+03 1.758451e+03
2.3 1.782324e+03 1.800348e+03 1.796907e+03 1.778883e+03
3.3 1.853588e+03 1.797766e+03 1.796876e+03 1.852698e+03
4.3 1.805274e+03 1.792718e+03 1.797566e+03 1.810122e+03
5.3 1.769760e+03 1.791502e+03 1.798116e+03 1.776374e+03
6.3 1.777246e+03 1.793755e+03 1.798413e+03 1.781904e+03
7.3 1.802472e+03 1.795621e+03 1.798541e+03 1.805391e+03
8.3 1.801753e+03 1.798137e+03 1.798564e+03 1.802180e+03
9.3 1.815826e+03 1.794287e+03 1.798537e+03 1.820076e+03
10.3 1.771239e+03 1.779854e+03 1.798496e+03 1.789881e+03
11.3 1.776190e+03 1.778465e+03 1.798462e+03 1.796187e+03
12.3 1.750136e+03 1.786616e+03 1.798440e+03 1.761960e+03
13.3 1.790905e+03 1.789375e+03 1.798428e+03 1.799958e+03
14.3 1.797323e+03 1.793548e+03 1.798423e+03 1.802197e+03
15.3 1.786526e+03 1.798623e+03 1.798420e+03 1.786323e+03
16.3 1.784324e+03 1.801674e+03 1.798419e+03 1.781069e+03
17.3 1.849252e+03 1.804509e+03 1.798419e+03 1.843161e+03
0.8 1.810315e+03 1.813947e+03 1.798354e+03 1.794723e+03
1.8 1.819264e+03 1.806970e+03 1.797370e+03 1.809664e+03
2.8 1.797828e+03 1.801668e+03 1.796739e+03 1.792899e+03
3.8 1.803196e+03 1.807269e+03 1.797251e+03 1.793177e+03
4.8 1.840482e+03 1.817660e+03 1.797904e+03 1.820726e+03
5.8 1.794897e+03 1.814413e+03 1.798312e+03 1.778796e+03
6.8 1.824279e+03 1.803531e+03 1.798498e+03 1.819247e+03
7.8 1.827864e+03 1.796063e+03 1.798558e+03 1.830359e+03
8.8 1.793563e+03 1.784052e+03 1.798546e+03 1.808056e+03
9.8 1.764524e+03 1.780546e+03 1.798506e+03 1.782483e+03
10.8 1.798087e+03 1.787615e+03 1.798465e+03 1.808938e+03
11.8 1.822878e+03 1.790456e+03 1.798437e+03 1.830858e+03
12.8 1.788204e+03 1.791672e+03 1.798420e+03 1.794952e+03
13.8 1.796184e+03 1.792902e+03 1.798411e+03 1.801692e+03
14.8 1.814572e+03 1.791613e+03 1.798407e+03 1.821366e+03
15.8 1.766139e+03 1.794527e+03 1.798404e+03 1.770016e+03
16.8 1.802384e+03 1.797796e+03 1.798403e+03 1.802991e+03
17.8 1.783337e+03 1.798323e+03 1.798403e+03 1.783416e+03
0.3 1.763036e+03 1.812939e+03 1.798557e+03 1.748654e+03
1.3 1.805958e+03 1.808709e+03 1.798196e+03 1.795445e+03
2.3 1.815604e+03 1.800739e+03 1.797084e+03 1.811949e+03
3.3 1.768204e+03 1.796157e+03 1.797066e+03 1.769113e+03
4.3 1.821239e+03 1.794428e+03 1.797773e+03 1.824583e+03
