0.2 9.279391e+03 9.282522e+03 9.287904e+03 9.284772e+03
1.2 9.249822e+03 9.285191e+03 9.295617e+03 9.260248e+03
2.2 9.263823e+03 9.326882e+03 9.343512e+03 9.280453e+03
3.2 9.346409e+03 9.341901e+03 9.361473e+03 9.365980e+03
4.2 9.294436e+03 9.322659e+03 9.334774e+03 9.306551e+03
5.2 9.295626e+03 9.304176e+03 9.306513e+03 9.297964e+03
6.2 9.335090e+03 9.305574e+03 9.289800e+03 9.319316e+03
7.2 9.312367e+03 9.329545e+03 9.281943e+03 9.264765e+03
8.2 9.289892e+03 9.318370e+03 9.279717e+03 9.251239e+03
9.2 9.224117e+03 9.298408e+03 9.280436e+03 9.206145e+03
10.2 9.201963e+03 9.282686e+03 9.282187e+03 9.201464e+03
11.2 9.185059e+03 9.272427e+03 9.286105e+03 9.198736e+03
12.2 9.303859e+03 9.304768e+03 9.326569e+03 9.325660e+03
13.2 9.340720e+03 9.341645e+03 9.366052e+03 9.365126e+03
14.2 9.279320e+03 9.324962e+03 9.348910e+03 9.303269e+03
15.2 9.323142e+03 9.306281e+03 9.316277e+03 9.333138e+03
16.2 9.264059e+03 9.301844e+03 9.294240e+03 9.256454e+03
17.2 9.310036e+03 9.286082e+03 9.283103e+03 9.307057e+03
0.9 9.185059e+03 9.272427e+03 9.286105e+03 9.198736e+03
1.9 9.303859e+03 9.304768e+03 9.326569e+03 9.325660e+03
2.9 9.340720e+03 9.341645e+03 9.366052e+03 9.365126e+03
3.9 9.279320e+03 9.324962e+03 9.348910e+03 9.303269e+03
4.9 9.323142e+03 9.306281e+03 9.316277e+03 9.333138e+03
5.9 9.264059e+03 9.301844e+03 9.294240e+03 9.256454e+03
6.9 9.310036e+03 9.286082e+03 9.283103e+03 9.307057e+03
7.9 9.254742e+03 9.270669e+03 9.279330e+03 9.263404e+03
8.9 9.277339e+03 9.280911e+03 9.297830e+03 9.294259e+03
9.9 9.306056e+03 9.322015e+03 9.343056e+03 9.327097e+03
10.9 9.302917e+03 9.322667e+03 9.344645e+03 9.324895e+03
11.9 9.300636e+03 9.306891e+03 9.318320e+03 9.312065e+03
12.9 9.284551e+03 9.292169e+03 9.297316e+03 9.289698e+03
13.9 9.279437e+03 9.275568e+03 9.285906e+03 9.289776e+03
14.9 9.275416e+03 9.266622e+03 9.281410e+03 9.290204e+03
15.9 9.287449e+03 9.295248e+03 9.280783e+03 9.272984e+03
16.9 9.288323e+03 9.329965e+03 9.282142e+03 9.240500e+03
17.9 9.363565e+03 9.324203e+03 9.283969e+03 9.323332e+03
0.5 9.254742e+03 9.270669e+03 9.279330e+03 9.263404e+03
1.5 9.277339e+03 9.280911e+03 9.297830e+03 9.294259e+03
2.5 9.306056e+03 9.322015e+03 9.343056e+03 9.327097e+03
3.5 9.302917e+03 9.322667e+03 9.344645e+03 9.324895e+03
4.5 9.300636e+03 9.306891e+03 9.318320e+03 9.312065e+03
5.5 9.284551e+03 9.292169e+03 9.297316e+03 9.289698e+03
6.5 9.279437e+03 9.275568e+03 9.285906e+03 9.289776e+03
7.5 9.275416e+03 9.266622e+03 9.281410e+03 9.290204e+03
8.5 9.287449e+03 9.295248e+03 9.280783e+03 9.272984e+03
9.5 9.288323e+03 9.329965e+03 9.282142e+03 9.240500e+03
10.5 9.363565e+03 9.324203e+03 9.283969e+03 9.323332e+03
11.5 9.350691e+03 9.318270e+03 9.285538e+03 9.317959e+03
12.5 9.282659e+03 9.299478e+03 9.286569e+03 9.269750e+03
13.5 9.247917e+03 9.277317e+03 9.287199e+03 9.257799e+03
14.5 9.227653e+03 9.263350e+03 9.287590e+03 9.251893e+03
15.5 9.271605e+03 9.266531e+03 9.296440e+03 9.301514e+03
16.5 9.310861e+03 9.307564e+03 9.338459e+03 9.341755e+03
17.5 9.330880e+03 9.318169e+03 9.347983e+03 9.360694e+03
0.3 9.227653e+03 9.263350e+03 9.287590e+03 9.251893e+03
1.3 9.271605e+03 9.266531e+03 9.296440e+03 9.301514e+03
2.3 9.310861e+03 9.307564e+03 9.338459e+03 9.341755e+03
3.3 9.330880e+03 9.318169e+03 9.347983e+03 9.360694e+03
4.3 9.308175e+03 9.298043e+03 9.325030e+03 9.335162e+03
5.3 9.315881e+03 9.295124e+03 9.302500e+03 9.323257e+03
6.3 9.312927e+03 9.294517e+03 9.291165e+03 9.309575e+03
7.3 9.333637e+03 9.311793e+03 9.317750e+03 9.339595e+03
8.3 9.345632e+03 9.344619e+03 9.361984e+03 9.362996e+03
9.3 9.309437e+03 9.331336e+03 9.353094e+03 9.331195e+03
10.3 9.309514e+03 9.307862e+03 9.321021e+03 9.322673e+03
11.3 9.276150e+03 9.289730e+03 9.298537e+03 9.284957e+03
12.3 9.352520e+03 9.309321e+03 9.287083e+03 9.330282e+03
13.3 9.374362e+03 9.321939e+03 9.283071e+03 9.335494e+03
14.3 9.328963e+03 9.303858e+03 9.283113e+03 9.308218e+03
15.3 9.300683e+03 9.286676e+03 9.285093e+03 9.299101e+03
16.3 9.300697e+03 9.271948e+03 9.287352e+03 9.316101e+03
17.3 9.311379e+03 9.277392e+03 9.289187e+03 9.323174e+03
0.8 9.312927e+03 9.294517e+03 9.291165e+03 9.309575e+03
1.8 9.333637e+03 9.311793e+03 9.317750e+03 9.339595e+03
2.8 9.345632e+03 9.344619e+03 9.361984e+03 9.362996e+03
3.8 9.309437e+03 9.331336e+03 9.353094e+03 9.331195e+03
4.8 9.309514e+03 9.307862e+03 9.321021e+03 9.322673e+03
5.8 9.276150e+03 9.289730e+03 9.298537e+03 9.284957e+03
6.8 9.352520e+03 9.309321e+03 9.287083e+03 9.330282e+03
7.8 9.374362e+03 9.321939e+03 9.283071e+03 9.335494e+03
8.8 9.328963e+03 9.303858e+03 9.283113e+03 9.308218e+03
9.8 9.300683e+03 9.286676e+03 9.285093e+03 9.299101e+03
10.8 9.300697e+03 9.271948e+03 9.287352e+03 9.316101e+03
11.8 9.311379e+03 9.277392e+03 9.289187e+03 9.323174e+03
12.8 9.318812e+03 9.310879e+03 9.290375e+03 9.298307e+03
13.8 9.307416e+03 9.309818e+03 9.291102e+03 9.288699e+03
14.8 9.226290e+03 9.291079e+03 9.291561e+03 9.226772e+03
15.8 9.270739e+03 9.295577e+03 9.291875e+03 9.267037e+03
16.8 9.264255e+03 9.296503e+03 9.292121e+03 9.259873e+03
17.8 9.322564e+03 9.324584e+03 9.292339e+03 9.290319e+03
0.1 9.259717e+03 9.276891e+03 9.294223e+03 9.277048e+03
1.1 9.286633e+03 9.268873e+03 9.300503e+03 9.318262e+03
2.1 9.296083e+03 9.308693e+03 9.347570e+03 9.334959e+03
3.1 9.362225e+03 9.334684e+03 9.375550e+03 9.403092e+03
4.1 9.350029e+03 9.311835e+03 9.351232e+03 9.389426e+03
5.1 9.319686e+03 9.298193e+03 9.319253e+03 9.340746e+03
6.1 9.275063e+03 9.293269e+03 9.300175e+03 9.281970e+03
7.1 9.284961e+03 9.299899e+03 9.291241e+03 9.276303e+03
8.1 9.280148e+03 9.333793e+03 9.288483e+03 9.234838e+03
9.1 9.294327e+03 9.327059e+03 9.289237e+03 9.256505e+03
10.1 9.293842e+03 9.302325e+03 9.291355e+03 9.282872e+03
11.1 9.284207e+03 9.280318e+03 9.293401e+03 9.297290e+03
12.1 9.219722e+03 9.263856e+03 9.294898e+03 9.250765e+03
13.1 9.270356e+03 9.260009e+03 9.295854e+03 9.306201e+03
14.1 9.285090e+03 9.299982e+03 9.296397e+03 9.281505e+03
15.1 9.318811e+03 9.332893e+03 9.296711e+03 9.282628e+03
16.1 9.338718e+03 9.314073e+03 9.296905e+03 9.321550e+03
17.1 9.276581e+03 9.285421e+03 9.297052e+03 9.288211e+03
0.4 9.237098e+03 9.258628e+03 9.294171e+03 9.272641e+03
1.4 9.256236e+03 9.270178e+03 9.306645e+03 9.292703e+03
2.4 9.341565e+03 9.317985e+03 9.353289e+03 9.376869e+03
3.4 9.318023e+03 9.328024e+03 9.361561e+03 9.351560e+03
4.4 9.266549e+03 9.302064e+03 9.334039e+03 9.298524e+03
5.4 9.256551e+03 9.284025e+03 9.308680e+03 9.281205e+03
6.4 9.271314e+03 9.290564e+03 9.294108e+03 9.274858e+03
7.4 9.299784e+03 9.291172e+03 9.287828e+03 9.296439e+03
8.4 9.287240e+03 9.316061e+03 9.286209e+03 9.257388e+03
9.4 9.291172e+03 9.321729e+03 9.287064e+03 9.256507e+03
10.4 9.276111e+03 9.302916e+03 9.288672e+03 9.261867e+03
11.4 9.330758e+03 9.286585e+03 9.290111e+03 9.334284e+03
12.4 9.290354e+03 9.272211e+03 9.290992e+03 9.309135e+03
13.4 9.310869e+03 9.281695e+03 9.291433e+03 9.320606e+03
14.4 9.347006e+03 9.327955e+03 9.291574e+03 9.310625e+03
15.4 9.316270e+03 9.333045e+03 9.291577e+03 9.274802e+03
16.4 9.341523e+03 9.308711e+03 9.291521e+03 9.324333e+03
17.4 9.315608e+03 9.304721e+03 9.291439e+03 9.302326e+03
0.2 9.268611e+03 9.261390e+03 9.291179e+03 9.298400e+03
1.2 9.320390e+03 9.263466e+03 9.297775e+03 9.354698e+03
2.2 9.343373e+03 9.308092e+03 9.342779e+03 9.378060e+03
3.2 9.423943e+03 9.330427e+03 9.363741e+03 9.457257e+03
4.2 9.295351e+03 9.314863e+03 9.339365e+03 9.319853e+03
5.2 9.283191e+03 9.298207e+03 9.311438e+03 9.296421e+03
6.2 9.259398e+03 9.295218e+03 9.310535e+03 9.274715e+03
7.2 9.263840e+03 9.322405e+03 9.344392e+03 9.285827e+03
8.2 9.279145e+03 9.316463e+03 9.342181e+03 9.304863e+03
9.2 9.264092e+03 9.306380e+03 9.317130e+03 9.274842e+03
10.2 9.277105e+03 9.298056e+03 9.298642e+03 9.277691e+03
11.2 9.290341e+03 9.307842e+03 9.317635e+03 9.300133e+03
12.2 9.322831e+03 9.333363e+03 9.354463e+03 9.343931e+03
13.2 9.308735e+03 9.318421e+03 9.343979e+03 9.334292e+03
14.2 9.359275e+03 9.299361e+03 9.316133e+03 9.376046e+03
15.2 9.301551e+03 9.286866e+03 9.296943e+03 9.311627e+03
16.2 9.311088e+03 9.308053e+03 9.287497e+03 9.290532e+03
17.2 9.300038e+03 9.313798e+03 9.284356e+03 9.270596e+03
0.5 9.283191e+03 9.298207e+03 9.311438e+03 9.296421e+03
1.5 9.259398e+03 9.295218e+03 9.310535e+03 9.274715e+03
2.5 9.263840e+03 9.322405e+03 9.344392e+03 9.285827e+03
3.5 9.279145e+03 9.316463e+03 9.342181e+03 9.304863e+03
4.5 9.264092e+03 9.306380e+03 9.317130e+03 9.274842e+03
5.5 9.277105e+03 9.298056e+03 9.298642e+03 9.277691e+03
6.5 9.290341e+03 9.307842e+03 9.317635e+03 9.300133e+03
7.5 9.322831e+03 9.333363e+03 9.354463e+03 9.343931e+03
8.5 9.308735e+03 9.318421e+03 9.343979e+03 9.334292e+03
9.5 9.359275e+03 9.299361e+03 9.316133e+03 9.376046e+03
10.5 9.301551e+03 9.286866e+03 9.296943e+03 9.311627e+03
11.5 9.311088e+03 9.308053e+03 9.287497e+03 9.290532e+03
12.5 9.300038e+03 9.313798e+03 9.284356e+03 9.270596e+03
13.5 9.253910e+03 9.291789e+03 9.284598e+03 9.246719e+03
14.5 9.267986e+03 9.289515e+03 9.286333e+03 9.264804e+03
15.5 9.325059e+03 9.291910e+03 9.288247e+03 9.321396e+03
16.5 9.291336e+03 9.302323e+03 9.289746e+03 9.278759e+03
17.5 9.385423e+03 9.326350e+03 9.290657e+03 9.349731e+03
0.7 9.277105e+03 9.298056e+03 9.298642e+03 9.277691e+03
1.7 9.290341e+03 9.307842e+03 9.317635e+03 9.300133e+03
2.7 9.322831e+03 9.333363e+03 9.354463e+03 9.343931e+03
3.7 9.308735e+03 9.318421e+03 9.343979e+03 9.334292e+03
4.7 9.359275e+03 9.299361e+03 9.316133e+03 9.376046e+03
5.7 9.301551e+03 9.286866e+03 9.296943e+03 9.311627e+03
6.7 9.311088e+03 9.308053e+03 9.287497e+03 9.290532e+03
7.7 9.300038e+03 9.313798e+03 9.284356e+03 9.270596e+03
8.7 9.253910e+03 9.291789e+03 9.284598e+03 9.246719e+03
9.7 9.267986e+03 9.289515e+03 9.286333e+03 9.264804e+03
10.7 9.325059e+03 9.291910e+03 9.288247e+03 9.321396e+03
11.7 9.291336e+03 9.302323e+03 9.289746e+03 9.278759e+03
12.7 9.385423e+03 9.326350e+03 9.290657e+03 9.349731e+03
13.7 9.351675e+03 9.311874e+03 9.291169e+03 9.330969e+03
14.7 9.296204e+03 9.286929e+03 9.291425e+03 9.300700e+03
15.7 9.286038e+03 9.275968e+03 9.291561e+03 9.301630e+03
16.7 9.230814e+03 9.266460e+03 9.291640e+03 9.255994e+03
17.7 9.245036e+03 9.267012e+03 9.291693e+03 9.269717e+03
0.6 9.318396e+03 9.327641e+03 9.289127e+03 9.279882e+03
1.6 9.279491e+03 9.325188e+03 9.311596e+03 9.265899e+03
2.6 9.335898e+03 9.340749e+03 9.353875e+03 9.349024e+03
3.6 9.310919e+03 9.321272e+03 9.348282e+03 9.337929e+03
4.6 9.284304e+03 9.298342e+03 9.319398e+03 9.305361e+03
5.6 9.302185e+03 9.282172e+03 9.299033e+03 9.319046e+03
6.6 9.274180e+03 9.300702e+03 9.321607e+03 9.295085e+03
7.6 9.366094e+03 9.323316e+03 9.347893e+03 9.390671e+03
8.6 9.329489e+03 9.311108e+03 9.330326e+03 9.348706e+03
9.6 9.358307e+03 9.304732e+03 9.303767e+03 9.357342e+03
10.6 9.322881e+03 9.289566e+03 9.287012e+03 9.320328e+03
11.6 9.256239e+03 9.270638e+03 9.278906e+03 9.264507e+03
0.9 9.302185e+03 9.282172e+03 9.299033e+03 9.319046e+03
1.9 9.274180e+03 9.300702e+03 9.321607e+03 9.295085e+03
2.9 9.366094e+03 9.323316e+03 9.347893e+03 9.390671e+03
3.9 9.329489e+03 9.311108e+03 9.330326e+03 9.348706e+03
4.9 9.358307e+03 9.304732e+03 9.303767e+03 9.357342e+03
5.9 9.322881e+03 9.289566e+03 9.287012e+03 9.320328e+03
6.9 9.256239e+03 9.270638e+03 9.278906e+03 9.264507e+03
