1.091484e+04 1.068396e+04 1.063322e+04 1.096559e+04
1.075483e+04 1.068315e+04 1.063206e+04 1.080592e+04
1.081434e+04 1.068231e+04 1.063100e+04 1.086565e+04
1.077123e+04 1.068143e+04 1.066482e+04 1.078783e+04
1.086093e+04 1.068056e+04 1.076689e+04 1.077460e+04
1.078560e+04 1.067972e+04 1.077386e+04 1.069147e+04
1.058280e+04 1.067894e+04 1.071059e+04 1.055114e+04
1.059851e+04 1.067822e+04 1.067255e+04 1.060418e+04
1.072125e+04 1.067755e+04 1.068759e+04 1.071121e+04
1.065106e+04 1.069688e+04 1.069322e+04 1.065472e+04
1.064210e+04 1.081686e+04 1.078229e+04 1.067667e+04
1.077596e+04 1.086186e+04 1.080836e+04 1.082946e+04
1.074484e+04 1.079498e+04 1.076327e+04 1.077654e+04
1.067452e+04 1.072417e+04 1.072505e+04 1.067364e+04
1.075534e+04 1.068230e+04 1.072770e+04 1.070994e+04
1.074129e+04 1.066262e+04 1.078672e+04 1.061719e+04
1.072406e+04 1.065704e+04 1.075518e+04 1.062592e+04
1.061867e+04 1.065884e+04 1.071432e+04 1.056319e+04
1.055135e+04 1.066323e+04 1.067609e+04 1.053849e+04
1.046600e+04 1.067305e+04 1.064046e+04 1.049859e+04
1.068466e+04 1.077442e+04 1.071248e+04 1.074660e+04
1.081423e+04 1.087333e+04 1.080036e+04 1.088720e+04
1.065662e+04 1.083039e+04 1.075706e+04 1.072995e+04
1.073216e+04 1.074864e+04 1.072407e+04 1.075673e+04
1.068495e+04 1.069343e+04 1.073146e+04 1.064692e+04
1.071886e+04 1.066553e+04 1.068659e+04 1.069780e+04
1.054946e+04 1.065607e+04 1.063522e+04 1.057032e+04
1.058486e+04 1.070242e+04 1.065197e+04 1.063532e+04
1.071199e+04 1.081572e+04 1.075063e+04 1.077708e+04
1.072824e+04 1.081970e+04 1.075149e+04 1.079645e+04
1.073657e+04 1.075375e+04 1.072439e+04 1.076593e+04
1.071012e+04 1.070113e+04 1.069497e+04 1.071628e+04
1.062523e+04 1.067255e+04 1.064758e+04 1.065019e+04
1.059680e+04 1.066129e+04 1.061830e+04 1.063979e+04
1.068068e+04 1.065971e+04 1.069145e+04 1.064895e+04
1.068942e+04 1.066312e+04 1.078250e+04 1.057004e+04
1.087206e+04 1.066770e+04 1.076796e+04 1.077180e+04
1.082082e+04 1.067163e+04 1.075684e+04 1.073560e+04
1.065120e+04 1.067421e+04 1.070658e+04 1.061883e+04
1.054788e+04 1.067579e+04 1.064454e+04 1.057913e+04
1.049769e+04 1.067677e+04 1.060493e+04 1.056952e+04
1.063808e+04 1.069894e+04 1.061083e+04 1.072619e+04
1.071222e+04 1.080421e+04 1.071301e+04 1.080341e+04
1.076841e+04 1.082807e+04 1.073972e+04 1.085676e+04
1.073853e+04 1.077056e+04 1.069109e+04 1.081800e+04
1.076838e+04 1.071412e+04 1.070432e+04 1.077818e+04
1.074344e+04 1.068572e+04 1.071405e+04 1.071511e+04
1.076076e+04 1.075233e+04 1.074691e+04 1.076618e+04
1.080526e+04 1.086314e+04 1.081666e+04 1.085174e+04
1.073153e+04 1.084087e+04 1.077890e+04 1.079350e+04
1.072605e+04 1.076052e+04 1.073048e+04 1.075609e+04
1.065052e+04 1.070419e+04 1.068619e+04 1.066852e+04
1.079814e+04 1.067550e+04 1.073056e+04 1.074308e+04
1.087216e+04 1.066545e+04 1.075782e+04 1.077978e+04
1.082320e+04 1.066555e+04 1.071966e+04 1.076909e+04
1.077187e+04 1.067051e+04 1.069658e+04 1.074580e+04
1.076261e+04 1.067617e+04 1.065458e+04 1.078419e+04
1.076423e+04 1.068077e+04 1.065543e+04 1.078957e+04
1.075741e+04 1.068374e+04 1.073533e+04 1.070582e+04
1.069598e+04 1.068557e+04 1.072739e+04 1.065416e+04
1.060071e+04 1.068672e+04 1.067608e+04 1.061135e+04
1.068753e+04 1.068750e+04 1.069280e+04 1.068223e+04
1.064351e+04 1.068812e+04 1.069685e+04 1.063477e+04
1.067213e+04 1.068867e+04 1.077015e+04 1.059065e+04
1.083678e+04 1.068920e+04 1.081530e+04 1.071068e+04
1.082992e+04 1.068973e+04 1.074170e+04 1.077795e+04
1.086992e+04 1.069026e+04 1.068454e+04 1.087563e+04
1.070199e+04 1.069079e+04 1.065631e+04 1.073647e+04
1.072295e+04 1.069132e+04 1.070075e+04 1.071352e+04
1.078340e+04 1.069184e+04 1.078393e+04 1.069131e+04
1.075339e+04 1.069236e+04 1.075605e+04 1.068970e+04
1.076180e+04 1.069288e+04 1.071067e+04 1.074400e+04
1.063750e+04 1.069338e+04 1.065757e+04 1.067331e+04
1.064631e+04 1.070912e+04 1.062668e+04 1.072875e+04
1.070037e+04 1.082703e+04 1.071856e+04 1.080885e+04
1.084615e+04 1.089713e+04 1.077993e+04 1.096335e+04
1.073141e+04 1.083621e+04 1.072237e+04 1.084524e+04
1.078546e+04 1.075609e+04 1.070678e+04 1.083477e+04
1.073627e+04 1.070830e+04 1.070875e+04 1.073581e+04
1.068126e+04 1.068591e+04 1.071907e+04 1.064810e+04
1.065921e+04 1.067900e+04 1.079537e+04 1.054285e+04
1.075174e+04 1.068089e+04 1.077461e+04 1.065802e+04
1.071000e+04 1.068620e+04 1.073149e+04 1.066471e+04
1.067388e+04 1.069133e+04 1.067962e+04 1.068559e+04
1.056565e+04 1.069508e+04 1.062395e+04 1.063678e+04
1.064542e+04 1.069747e+04 1.060199e+04 1.074090e+04
1.065026e+04 1.069883e+04 1.070282e+04 1.064626e+04
1.078421e+04 1.069962e+04 1.078821e+04 1.069562e+04
1.080033e+04 1.070010e+04 1.073712e+04 1.076332e+04
1.063427e+04 1.070047e+04 1.066247e+04 1.067227e+04
1.073931e+04 1.070079e+04 1.064650e+04 1.079359e+04
1.064006e+04 1.070106e+04 1.064038e+04 1.070073e+04
1.069043e+04 1.070129e+04 1.070300e+04 1.068872e+04
1.070899e+04 1.070150e+04 1.079216e+04 1.061833e+04
1.072201e+04 1.070171e+04 1.078638e+04 1.063734e+04
1.073544e+04 1.070192e+04 1.080445e+04 1.063291e+04
1.074861e+04 1.070213e+04 1.075082e+04 1.069992e+04
1.070236e+04 1.070231e+04 1.068743e+04 1.071724e+04
1.066996e+04 1.070245e+04 1.074162e+04 1.063079e+04
1.076346e+04 1.070256e+04 1.074633e+04 1.071969e+04
1.067435e+04 1.070265e+04 1.068236e+04 1.069463e+04
1.076279e+04 1.070270e+04 1.068450e+04 1.078099e+04
1.072362e+04 1.070275e+04 1.068862e+04 1.073775e+04
1.077386e+04 1.070279e+04 1.073466e+04 1.074198e+04
1.085331e+04 1.070280e+04 1.075908e+04 1.079703e+04
1.075522e+04 1.070278e+04 1.069746e+04 1.076054e+04
1.064366e+04 1.070272e+04 1.063500e+04 1.071139e+04
1.074774e+04 1.070264e+04 1.063046e+04 1.081991e+04
1.065864e+04 1.070253e+04 1.063416e+04 1.072702e+04
1.052570e+04 1.070240e+04 1.061800e+04 1.061010e+04
1.072675e+04 1.070224e+04 1.067543e+04 1.075356e+04
1.073300e+04 1.070206e+04 1.078957e+04 1.064550e+04
1.074748e+04 1.070187e+04 1.079755e+04 1.065180e+04
1.081685e+04 1.070164e+04 1.081672e+04 1.070177e+04
1.079138e+04 1.070140e+04 1.076847e+04 1.072431e+04
1.078104e+04 1.070114e+04 1.068761e+04 1.079457e+04
1.071824e+04 1.070086e+04 1.072782e+04 1.069127e+04
1.080879e+04 1.070057e+04 1.077142e+04 1.073793e+04
1.064465e+04 1.070027e+04 1.071487e+04 1.063004e+04
1.077850e+04 1.069993e+04 1.072286e+04 1.075557e+04
1.070133e+04 1.069957e+04 1.074934e+04 1.065156e+04
1.061033e+04 1.069919e+04 1.069579e+04 1.061373e+04
1.063729e+04 1.069880e+04 1.070382e+04 1.063227e+04
1.072561e+04 1.069841e+04 1.077263e+04 1.065140e+04
1.071604e+04 1.069801e+04 1.074507e+04 1.066898e+04
1.067003e+04 1.069758e+04 1.070444e+04 1.066317e+04
1.067624e+04 1.069713e+04 1.066091e+04 1.071246e+04
1.063811e+04 1.069666e+04 1.062800e+04 1.070677e+04
1.076105e+04 1.069619e+04 1.069964e+04 1.075760e+04
1.085505e+04 1.069571e+04 1.075249e+04 1.079828e+04
1.076878e+04 1.069523e+04 1.072683e+04 1.073718e+04
1.076311e+04 1.069474e+04 1.070779e+04 1.075006e+04
1.061171e+04 1.069423e+04 1.066379e+04 1.064215e+04
1.050846e+04 1.069372e+04 1.062069e+04 1.058149e+04
1.051087e+04 1.069325e+04 1.059670e+04 1.060742e+04
1.060057e+04 1.072450e+04 1.062027e+04 1.070480e+04
1.072487e+04 1.084136e+04 1.073815e+04 1.082808e+04
1.075794e+04 1.086208e+04 1.076329e+04 1.085674e+04
1.065492e+04 1.079313e+04 1.069909e+04 1.074896e+04
1.062630e+04 1.072960e+04 1.066165e+04 1.069425e+04
1.069275e+04 1.069310e+04 1.070117e+04 1.068468e+04
1.067657e+04 1.067736e+04 1.070427e+04 1.064967e+04
1.071628e+04 1.067331e+04 1.075662e+04 1.063297e+04
1.066978e+04 1.067545e+04 1.076160e+04 1.058362e+04
1.066802e+04 1.067948e+04 1.072216e+04 1.062533e+04
1.076239e+04 1.068308e+04 1.069785e+04 1.074763e+04
1.064203e+04 1.068529e+04 1.065386e+04 1.067346e+04
1.072774e+04 1.068639e+04 1.066576e+04 1.074838e+04
1.078429e+04 1.068675e+04 1.078089e+04 1.069014e+04
1.076254e+04 1.068675e+04 1.079019e+04 1.065911e+04
1.082727e+04 1.068662e+04 1.072477e+04 1.078912e+04
1.076791e+04 1.068641e+04 1.071901e+04 1.073531e+04
1.069303e+04 1.068619e+04 1.068604e+04 1.069317e+04
1.068220e+04 1.068596e+04 1.063392e+04 1.073424e+04
1.055671e+04 1.068576e+04 1.060023e+04 1.064224e+04
1.068573e+04 1.070228e+04 1.060371e+04 1.078430e+04
1.077768e+04 1.081503e+04 1.071512e+04 1.087759e+04
1.095093e+04 1.086754e+04 1.077141e+04 1.104707e+04
1.063820e+04 1.080648e+04 1.074119e+04 1.070349e+04
1.068483e+04 1.073651e+04 1.071136e+04 1.070997e+04
1.067495e+04 1.073425e+04 1.070075e+04 1.070845e+04
1.070894e+04 1.081907e+04 1.076082e+04 1.076719e+04
1.065865e+04 1.081353e+04 1.074145e+04 1.073073e+04
1.069464e+04 1.075077e+04 1.073257e+04 1.071285e+04
1.065447e+04 1.070445e+04 1.072296e+04 1.063596e+04
1.068832e+04 1.075204e+04 1.073750e+04 1.070285e+04
1.072443e+04 1.084430e+04 1.078920e+04 1.077953e+04
1.077278e+04 1.081804e+04 1.074721e+04 1.084360e+04
1.082625e+04 1.074827e+04 1.070999e+04 1.086453e+04
1.068665e+04 1.070020e+04 1.068146e+04 1.070539e+04
1.071039e+04 1.067653e+04 1.073356e+04 1.065336e+04
1.076059e+04 1.066867e+04 1.074426e+04 1.068499e+04
1.064401e+04 1.066927e+04 1.068279e+04 1.063049e+04
1.071375e+04 1.067362e+04 1.067963e+04 1.070774e+04
1.072599e+04 1.067841e+04 1.068853e+04 1.071588e+04
1.063826e+04 1.068217e+04 1.071224e+04 1.060819e+04
1.085004e+04 1.068445e+04 1.077074e+04 1.076375e+04
1.080581e+04 1.068573e+04 1.073129e+04 1.076025e+04
1.072370e+04 1.068637e+04 1.067571e+04 1.073436e+04
1.064880e+04 1.068671e+04 1.067063e+04 1.066489e+04
1.051779e+04 1.068691e+04 1.064478e+04 1.055993e+04
1.055037e+04 1.068705e+04 1.063202e+04 1.060539e+04
1.061872e+04 1.068715e+04 1.071462e+04 1.059125e+04
1.071483e+04 1.068721e+04 1.073348e+04 1.066857e+04
1.074784e+04 1.068726e+04 1.067735e+04 1.075775e+04
1.066522e+04 1.068728e+04 1.064860e+04 1.070390e+04
1.079986e+04 1.068727e+04 1.072272e+04 1.076441e+04
1.069216e+04 1.068724e+04 1.073601e+04 1.064339e+04
1.082321e+04 1.068717e+04 1.077169e+04 1.073869e+04
1.080141e+04 1.068707e+04 1.077805e+04 1.071043e+04
1.079243e+04 1.068693e+04 1.075627e+04 1.072308e+04
1.079821e+04 1.068675e+04 1.077569e+04 1.070927e+04
1.084466e+04 1.068653e+04 1.075799e+04 1.077319e+04
1.080142e+04 1.068626e+04 1.078510e+04 1.070258e+04
1.083874e+04 1.068595e+04 1.074130e+04 1.078339e+04
1.063917e+04 1.068559e+04 1.065768e+04 1.066709e+04
1.072371e+04 1.068519e+04 1.062993e+04 1.077896e+04
1.064106e+04 1.068473e+04 1.066755e+04 1.065823e+04
1.051780e+04 1.068422e+04 1.065562e+04 1.054640e+04
1.053988e+04 1.068365e+04 1.062021e+04 1.060333e+04
1.054620e+04 1.068303e+04 1.062154e+04 1.060770e+04
1.071591e+04 1.068236e+04 1.071351e+04 1.068476e+04
1.074638e+04 1.068163e+04 1.073536e+04 1.069264e+04
1.073197e+04 1.068084e+04 1.075598e+04 1.065683e+04
1.076814e+04 1.068062e+04 1.077564e+04 1.067312e+04
1.070100e+04 1.073691e+04 1.076690e+04 1.067101e+04
1.081331e+04 1.084283e+04 1.080260e+04 1.085354e+04
1.076170e+04 1.082882e+04 1.075337e+04 1.083714e+04
1.070262e+04 1.075645e+04 1.070822e+04 1.075085e+04
1.072632e+04 1.070543e+04 1.067267e+04 1.075908e+04
1.069480e+04 1.076199e+04 1.071199e+04 1.074479e+04
1.081702e+04 1.082784e+04 1.076131e+04 1.088355e+04
1.079127e+04 1.078383e+04 1.073370e+04 1.084140e+04
1.079320e+04 1.071730e+04 1.073772e+04 1.077277e+04
1.073864e+04 1.067532e+04 1.069979e+04 1.071417e+04
1.058777e+04 1.065501e+04 1.063911e+04 1.060367e+04
1.049195e+04 1.064805e+04 1.060107e+04 1.053894e+04
