12339.50308  
12353.52947  
12317.57295  
12224.41534  
12275.28077  
12310.13609  
12290.73852  
12295.26241  
12304.8978  
12302.66709  
12226.61216  
12239.59336  
12259.19508  
12305.49344  
12297.39128  
12294.22414  
12270.27284  
12313.23807  
12317.69965  
12245.06285  
12313.11953  
12387.578  
12375.50486  
12377.6264  
12399.59519  
12326.1942  
12247.28078  
12261.1575  
12292.53077  
12284.189  
12277.67311  
12241.49338  
12279.95492  
12281.68329  
12306.53569  
12258.65359  
12261.52195  
12243.08054  
12241.24949  
12208.00087  
12362.34204  
12256.98267  
12265.79958  
12320.79494  
12356.63683  
12391.69921  
12335.04524  
12289.61142  
12283.63996  
12309.45949  
12340.76575  
12307.17853  
12321.68819  
12297.00109  
12315.52764  
12288.58547  
12287.52118  
12330.1617  
12353.22602  
12314.55914  
12312.4601  
12285.77697  
12319.93142  
12273.29558  
12208.34192  
12319.06417  
12339.68511  
12292.47776  
12346.17695  
12315.08222  
12222.83733  
12219.7566  
12207.19206  
12276.34479  
12277.31671  
12273.6348  
12319.64071  
12266.11154  
12282.35544  
12296.92441  
12268.89367  
12322.52211  
12274.65127  
12291.64716  
12280.35909  
12334.05349  
12307.46096  
12343.35412  
12380.45454  
12337.29649  
12294.9076  
12297.61829  
12305.9886  
12289.70586  
12286.71543  
12286.44737  
12312.23682  
12307.38416  
12312.54263  
12312.34698  
12273.9861  
12304.93688  
12279.5017  
12366.08341  
12282.50139  
12344.95348  
12319.73599  
12312.47422  
12294.76778  
12309.34306  
12267.48177  
12334.33264  
12293.56066  
12246.57056  
12239.72581  
12309.46711  
12209.8492  
12225.99445  
12321.76792  
12300.30292  
12345.99871  
12271.23593  
12269.77017  
12280.41438  
12263.23202  
12275.70249  
12303.59741  
12268.09513  
12352.37168  
12357.21812  
12367.03808  
12297.24773  
12304.1699  
12325.00294  
12270.74132  
12282.30984  
12253.72736  
12271.5086  
12333.7274  
12300.69708  
12300.9017  
12329.52698  
12317.92322  
12286.59192  
12274.88012  
12338.01992  
12290.35197  
12306.79184  
12247.56199  
12290.15201  
12314.86343  
12311.74731  
12330.07474  
12321.66464  
12378.25123  
12224.77167  
12286.86745  
12295.19138  
12303.85366  
12275.98684  
12302.86576  
12295.43377  
12270.77922  
12293.26292  
12289.15513  
12296.72893  
12276.83031  
12261.68912  
12306.09378  
12292.14335  
12271.79762  
12245.50872  
12276.99449  
12309.27066  
12281.21747  
12285.51846  
12289.29668  
12295.07412  
12320.08027  
12299.25509  
12259.58769  
12204.09719  
12252.3782  
12289.56489  
12347.6715  
12300.10751  
12313.99314  
12346.88859  
12285.68896  
12304.97764  
12229.25366  
12303.64213  
12278.33285  
12276.7609  
12340.07644  
12324.31082  
12345.34923  
12332.06098  
12356.37783  
12326.8306  
