0.4 9.281775e+03 8.946460e+03 8.883288e+03 9.218603e+03
1.4 8.991546e+03 8.924969e+03 8.897433e+03 8.964010e+03
2.4 9.157132e+03 9.071522e+03 8.960739e+03 9.046349e+03
3.4 8.778359e+03 8.687812e+03 8.993721e+03 9.084267e+03
4.4 9.046676e+03 8.904148e+03 8.959897e+03 9.102425e+03
5.4 8.758883e+03 8.879819e+03 8.916725e+03 8.795789e+03
6.4 8.654881e+03 8.934302e+03 8.889600e+03 8.610178e+03
7.4 8.922541e+03 8.888812e+03 8.876495e+03 8.910224e+03
8.4 8.798646e+03 8.879877e+03 8.872498e+03 8.791267e+03
9.4 8.826418e+03 8.906684e+03 8.873294e+03 8.793028e+03
10.4 8.872633e+03 8.906449e+03 8.875908e+03 8.842093e+03
11.4 8.823785e+03 8.909311e+03 8.878502e+03 8.792976e+03
12.4 8.905935e+03 8.908611e+03 8.880381e+03 8.877704e+03
13.4 8.753923e+03 8.868042e+03 8.881429e+03 8.767310e+03
14.4 8.739572e+03 8.882429e+03 8.881951e+03 8.739095e+03
15.4 8.740924e+03 8.895710e+03 8.882163e+03 8.727377e+03
16.4 8.962451e+03 8.916844e+03 8.882235e+03 8.927843e+03
17.4 8.676791e+03 8.916244e+03 8.882251e+03 8.642799e+03
18.4 8.648020e+03 8.874539e+03 8.882248e+03 8.655729e+03
1.0 8.846138e+03 8.880064e+03 8.886071e+03 8.852145e+03
2.0 8.634580e+03 8.666203e+03 8.928995e+03 8.897373e+03
3.0 8.379623e+03 8.433607e+03 8.988718e+03 8.934734e+03
4.0 8.486344e+03 8.564570e+03 8.979717e+03 8.901491e+03
5.0 9.036110e+03 9.084223e+03 8.935046e+03 8.886933e+03
6.0 8.755625e+03 8.901485e+03 8.899599e+03 8.753740e+03
7.0 8.958311e+03 8.881122e+03 8.881544e+03 8.958734e+03
8.0 8.992278e+03 8.986546e+03 8.874394e+03 8.880127e+03
9.0 8.810887e+03 8.905255e+03 8.873611e+03 8.779244e+03
10.0 8.957453e+03 8.895705e+03 8.875878e+03 8.937626e+03
11.0 8.928738e+03 8.872273e+03 8.878865e+03 8.935330e+03
12.0 8.896972e+03 8.840275e+03 8.881225e+03 8.937922e+03
13.0 8.706719e+03 8.858611e+03 8.882762e+03 8.730870e+03
14.0 9.001507e+03 8.880411e+03 8.883659e+03 9.004756e+03
15.0 8.784836e+03 8.903684e+03 8.884139e+03 8.765291e+03
16.0 8.890021e+03 8.869846e+03 8.884421e+03 8.904597e+03
17.0 8.797736e+03 8.817434e+03 8.884611e+03 8.864913e+03
18.0 8.762112e+03 8.833627e+03 8.884767e+03 8.813253e+03
19.0 8.867332e+03 8.882208e+03 8.884913e+03 8.870037e+03
