0.1 4.200840e+03 3.849400e+03 3.847958e+03 4.199398e+03
1.1 3.831569e+03 3.647032e+03 3.842651e+03 4.027187e+03
2.1 4.368922e+03 3.812175e+03 3.791905e+03 4.348652e+03
3.1 3.400312e+03 3.380200e+03 3.749841e+03 3.769953e+03
4.1 3.475277e+03 3.331738e+03 3.774496e+03 3.918035e+03
5.1 3.413430e+03 3.551542e+03 3.814831e+03 3.676720e+03
6.1 2.896749e+03 3.199833e+03 3.842140e+03 3.539055e+03
7.1 3.734109e+03 3.456416e+03 3.855286e+03 4.132979e+03
8.1 3.779735e+03 3.430138e+03 3.860170e+03 4.209767e+03
9.1 3.659115e+03 3.684813e+03 3.860240e+03 3.834543e+03
10.1 3.463583e+03 3.849390e+03 3.858352e+03 3.472545e+03
11.1 3.721944e+03 3.798063e+03 3.856229e+03 3.780109e+03
12.1 3.894719e+03 3.875064e+03 3.854787e+03 3.874443e+03
13.1 3.854842e+03 3.837102e+03 3.854026e+03 3.871766e+03
14.1 3.696677e+03 3.530797e+03 3.853792e+03 4.019672e+03
15.1 4.148867e+03 3.808319e+03 3.853832e+03 4.194380e+03
16.1 3.806753e+03 3.857847e+03 3.853997e+03 3.802904e+03
17.1 4.243027e+03 3.962824e+03 3.854209e+03 4.134412e+03
0.5 4.156314e+03 3.867858e+03 3.855366e+03 4.143822e+03
1.5 3.927944e+03 3.825951e+03 3.839163e+03 3.941156e+03
2.5 3.811061e+03 3.570143e+03 3.773302e+03 4.014220e+03
3.5 4.084749e+03 3.867359e+03 3.748634e+03 3.966024e+03
4.5 4.169066e+03 4.053993e+03 3.785971e+03 3.901044e+03
5.5 4.115164e+03 4.017289e+03 3.826717e+03 3.924592e+03
6.5 3.752492e+03 3.948473e+03 3.851098e+03 3.655117e+03
7.5 4.035715e+03 3.747238e+03 3.853441e+03 4.141918e+03
8.5 3.606261e+03 3.824184e+03 3.803378e+03 3.585456e+03
9.5 3.862465e+03 3.814365e+03 3.776834e+03 3.824933e+03
10.5 4.041545e+03 3.963792e+03 3.802857e+03 3.880610e+03
11.5 3.820606e+03 3.773187e+03 3.833963e+03 3.881382e+03
12.5 3.170632e+03 3.784721e+03 3.852707e+03 3.238618e+03
13.5 3.779574e+03 3.861449e+03 3.840179e+03 3.758305e+03
14.5 3.726460e+03 3.732745e+03 3.785336e+03 3.779051e+03
15.5 3.840940e+03 3.846030e+03 3.780054e+03 3.774963e+03
16.5 3.756567e+03 3.980006e+03 3.812187e+03 3.588748e+03
17.5 4.053884e+03 4.186179e+03 3.840585e+03 3.708291e+03
0.2 3.752492e+03 3.948473e+03 3.851098e+03 3.655117e+03
1.2 4.035715e+03 3.747238e+03 3.853441e+03 4.141918e+03
2.2 3.606261e+03 3.824184e+03 3.803378e+03 3.585456e+03
3.2 3.862465e+03 3.814365e+03 3.776834e+03 3.824933e+03
4.2 4.041545e+03 3.963792e+03 3.802857e+03 3.880610e+03
5.2 3.820606e+03 3.773187e+03 3.833963e+03 3.881382e+03
6.2 3.170632e+03 3.784721e+03 3.852707e+03 3.238618e+03
7.2 3.779574e+03 3.861449e+03 3.840179e+03 3.758305e+03
8.2 3.726460e+03 3.732745e+03 3.785336e+03 3.779051e+03
9.2 3.840940e+03 3.846030e+03 3.780054e+03 3.774963e+03
10.2 3.756567e+03 3.980006e+03 3.812187e+03 3.588748e+03
11.2 4.053884e+03 4.186179e+03 3.840585e+03 3.708291e+03
12.2 4.077276e+03 4.233255e+03 3.853747e+03 3.697769e+03
13.2 4.099903e+03 4.114463e+03 3.823309e+03 3.808750e+03
14.2 3.846197e+03 3.826162e+03 3.784302e+03 3.804337e+03
15.2 4.263884e+03 4.006895e+03 3.797397e+03 4.054386e+03
16.2 4.355748e+03 4.011881e+03 3.827593e+03 4.171459e+03
17.2 3.990347e+03 3.949260e+03 3.847278e+03 3.888365e+03
0.5 3.170632e+03 3.784721e+03 3.852707e+03 3.238618e+03
1.5 3.779574e+03 3.861449e+03 3.840179e+03 3.758305e+03
2.5 3.726460e+03 3.732745e+03 3.785336e+03 3.779051e+03
3.5 3.840940e+03 3.846030e+03 3.780054e+03 3.774963e+03
4.5 3.756567e+03 3.980006e+03 3.812187e+03 3.588748e+03
5.5 4.053884e+03 4.186179e+03 3.840585e+03 3.708291e+03
6.5 4.077276e+03 4.233255e+03 3.853747e+03 3.697769e+03
7.5 4.099903e+03 4.114463e+03 3.823309e+03 3.808750e+03
8.5 3.846197e+03 3.826162e+03 3.784302e+03 3.804337e+03
9.5 4.263884e+03 4.006895e+03 3.797397e+03 4.054386e+03
10.5 4.355748e+03 4.011881e+03 3.827593e+03 4.171459e+03
11.5 3.990347e+03 3.949260e+03 3.847278e+03 3.888365e+03
12.5 3.498377e+03 3.685047e+03 3.856880e+03 3.670210e+03
13.5 3.491738e+03 3.439536e+03 3.859905e+03 3.912108e+03
14.5 3.771034e+03 3.579925e+03 3.859389e+03 4.050498e+03
15.5 3.798941e+03 3.771127e+03 3.857260e+03 3.885075e+03
16.5 3.925427e+03 3.990589e+03 3.855020e+03 3.789859e+03
17.5 3.990256e+03 3.874553e+03 3.853248e+03 3.968951e+03
0.9 4.077276e+03 4.233255e+03 3.853747e+03 3.697769e+03
1.9 4.099903e+03 4.114463e+03 3.823309e+03 3.808750e+03
2.9 3.846197e+03 3.826162e+03 3.784302e+03 3.804337e+03
3.9 4.263884e+03 4.006895e+03 3.797397e+03 4.054386e+03
4.9 4.355748e+03 4.011881e+03 3.827593e+03 4.171459e+03
5.9 3.990347e+03 3.949260e+03 3.847278e+03 3.888365e+03
6.9 3.498377e+03 3.685047e+03 3.856880e+03 3.670210e+03
7.9 3.491738e+03 3.439536e+03 3.859905e+03 3.912108e+03
8.9 3.771034e+03 3.579925e+03 3.859389e+03 4.050498e+03
9.9 3.798941e+03 3.771127e+03 3.857260e+03 3.885075e+03
10.9 3.925427e+03 3.990589e+03 3.855020e+03 3.789859e+03
11.9 3.990256e+03 3.874553e+03 3.853248e+03 3.968951e+03
12.9 3.383779e+03 3.820615e+03 3.852106e+03 3.415269e+03
13.9 3.990424e+03 3.795850e+03 3.851402e+03 4.045976e+03
14.9 3.961045e+03 4.008319e+03 3.850951e+03 3.803677e+03
15.9 3.758452e+03 3.905089e+03 3.850627e+03 3.703990e+03
16.9 4.112776e+03 3.862535e+03 3.850358e+03 4.100599e+03
17.9 3.673924e+03 3.859097e+03 3.850124e+03 3.664951e+03
0.8 3.568388e+03 3.649236e+03 3.851103e+03 3.770255e+03
1.8 3.904883e+03 3.632333e+03 3.816684e+03 4.089234e+03
2.8 3.463862e+03 3.819433e+03 3.768718e+03 3.413148e+03
3.8 3.351173e+03 3.599855e+03 3.781385e+03 3.532703e+03
4.8 2.963510e+03 3.550086e+03 3.816965e+03 3.230389e+03
5.8 3.393203e+03 3.599953e+03 3.843237e+03 3.636487e+03
6.8 3.363187e+03 3.561145e+03 3.856384e+03 3.658425e+03
7.8 4.155814e+03 3.888937e+03 3.861689e+03 4.128566e+03
8.8 3.939022e+03 3.889410e+03 3.862287e+03 3.911899e+03
9.8 4.241518e+03 3.893175e+03 3.860796e+03 4.209140e+03
10.8 3.607556e+03 3.857924e+03 3.858869e+03 3.608502e+03
11.8 3.234266e+03 3.769421e+03 3.857455e+03 3.322300e+03
12.8 3.632928e+03 3.827146e+03 3.856603e+03 3.662385e+03
13.8 3.847920e+03 3.760162e+03 3.841034e+03 3.928791e+03
14.8 3.907611e+03 3.661339e+03 3.780104e+03 4.026375e+03
15.8 3.625674e+03 3.780001e+03 3.759042e+03 3.604715e+03
16.8 3.872746e+03 3.660004e+03 3.793854e+03 4.006596e+03
17.8 3.369099e+03 3.311074e+03 3.831142e+03 3.889167e+03
0.4 3.632928e+03 3.827146e+03 3.856603e+03 3.662385e+03
1.4 3.847920e+03 3.760162e+03 3.841034e+03 3.928791e+03
2.4 3.907611e+03 3.661339e+03 3.780104e+03 4.026375e+03
3.4 3.625674e+03 3.780001e+03 3.759042e+03 3.604715e+03
4.4 3.872746e+03 3.660004e+03 3.793854e+03 4.006596e+03
5.4 3.369099e+03 3.311074e+03 3.831142e+03 3.889167e+03
6.4 4.068043e+03 3.751603e+03 3.824593e+03 4.141033e+03
7.4 3.530849e+03 3.689350e+03 3.782437e+03 3.623935e+03
8.4 3.083760e+03 3.614254e+03 3.790354e+03 3.259860e+03
9.4 4.018785e+03 3.658809e+03 3.824392e+03 4.184368e+03
10.4 3.722774e+03 3.826180e+03 3.849755e+03 3.746349e+03
11.4 4.358536e+03 4.084786e+03 3.861750e+03 4.135499e+03
12.4 4.206238e+03 4.207649e+03 3.866026e+03 3.864615e+03
13.4 4.260468e+03 4.244131e+03 3.865996e+03 3.882333e+03
14.4 3.947031e+03 4.043349e+03 3.863999e+03 3.767681e+03
15.4 4.154431e+03 4.037889e+03 3.861625e+03 3.978167e+03
16.4 4.100283e+03 3.953810e+03 3.859823e+03 4.006295e+03
17.4 3.792157e+03 3.559622e+03 3.858687e+03 4.091222e+03
0.7 3.369099e+03 3.311074e+03 3.831142e+03 3.889167e+03
1.7 4.068043e+03 3.751603e+03 3.824593e+03 4.141033e+03
2.7 3.530849e+03 3.689350e+03 3.782437e+03 3.623935e+03
3.7 3.083760e+03 3.614254e+03 3.790354e+03 3.259860e+03
4.7 4.018785e+03 3.658809e+03 3.824392e+03 4.184368e+03
5.7 3.722774e+03 3.826180e+03 3.849755e+03 3.746349e+03
6.7 4.358536e+03 4.084786e+03 3.861750e+03 4.135499e+03
7.7 4.206238e+03 4.207649e+03 3.866026e+03 3.864615e+03
8.7 4.260468e+03 4.244131e+03 3.865996e+03 3.882333e+03
9.7 3.947031e+03 4.043349e+03 3.863999e+03 3.767681e+03
10.7 4.154431e+03 4.037889e+03 3.861625e+03 3.978167e+03
11.7 4.100283e+03 3.953810e+03 3.859823e+03 4.006295e+03
12.7 3.792157e+03 3.559622e+03 3.858687e+03 4.091222e+03
13.7 4.294067e+03 3.833361e+03 3.858049e+03 4.318756e+03
14.7 3.600071e+03 3.935147e+03 3.857465e+03 3.522389e+03
15.7 3.968480e+03 3.852387e+03 3.833323e+03 3.949416e+03
16.7 3.828700e+03 3.768930e+03 3.787270e+03 3.847040e+03
17.7 4.083216e+03 3.908474e+03 3.791365e+03 3.966108e+03
0.6 3.600071e+03 3.935147e+03 3.857465e+03 3.522389e+03
1.6 3.968480e+03 3.852387e+03 3.833323e+03 3.949416e+03
2.6 3.828700e+03 3.768930e+03 3.787270e+03 3.847040e+03
3.6 4.083216e+03 3.908474e+03 3.791365e+03 3.966108e+03
4.6 4.299204e+03 3.846736e+03 3.822336e+03 4.274804e+03
5.6 4.491911e+03 3.909268e+03 3.843515e+03 4.426159e+03
6.6 4.319354e+03 4.003578e+03 3.814733e+03 4.130509e+03
7.6 3.990680e+03 3.800251e+03 3.767559e+03 3.957988e+03
8.6 3.504979e+03 3.746500e+03 3.781320e+03 3.539799e+03
9.6 3.466185e+03 3.663484e+03 3.820454e+03 3.623155e+03
10.6 3.719689e+03 3.709966e+03 3.847196e+03 3.856920e+03
11.6 3.883252e+03 3.842053e+03 3.859772e+03 3.900971e+03
12.6 3.917136e+03 4.097511e+03 3.835351e+03 3.654976e+03
13.6 4.167469e+03 4.080474e+03 3.790654e+03 3.877649e+03
14.6 3.109723e+03 3.783516e+03 3.797386e+03 3.123593e+03
15.6 3.658249e+03 3.721299e+03 3.825992e+03 3.762942e+03
16.6 4.055869e+03 4.080452e+03 3.847125e+03 3.822542e+03
17.6 3.805756e+03 3.979561e+03 3.857312e+03 3.683506e+03
0.9 4.491911e+03 3.909268e+03 3.843515e+03 4.426159e+03
1.9 4.319354e+03 4.003578e+03 3.814733e+03 4.130509e+03
2.9 3.990680e+03 3.800251e+03 3.767559e+03 3.957988e+03
3.9 3.504979e+03 3.746500e+03 3.781320e+03 3.539799e+03
4.9 3.466185e+03 3.663484e+03 3.820454e+03 3.623155e+03
5.9 3.719689e+03 3.709966e+03 3.847196e+03 3.856920e+03
6.9 3.883252e+03 3.842053e+03 3.859772e+03 3.900971e+03
7.9 3.917136e+03 4.097511e+03 3.835351e+03 3.654976e+03
8.9 4.167469e+03 4.080474e+03 3.790654e+03 3.877649e+03
9.9 3.109723e+03 3.783516e+03 3.797386e+03 3.123593e+03
10.9 3.658249e+03 3.721299e+03 3.825992e+03 3.762942e+03
11.9 4.055869e+03 4.080452e+03 3.847125e+03 3.822542e+03
12.9 3.805756e+03 3.979561e+03 3.857312e+03 3.683506e+03
13.9 3.921183e+03 3.940349e+03 3.860968e+03 3.841802e+03
14.9 3.636403e+03 3.761879e+03 3.860805e+03 3.735329e+03
15.9 3.377040e+03 3.788141e+03 3.858856e+03 3.447754e+03
16.9 4.062834e+03 3.806363e+03 3.856557e+03 4.113028e+03
17.9 4.090650e+03 3.988083e+03 3.854740e+03 3.957308e+03
0.7 3.883252e+03 3.842053e+03 3.859772e+03 3.900971e+03
1.7 3.917136e+03 4.097511e+03 3.835351e+03 3.654976e+03
2.7 4.167469e+03 4.080474e+03 3.790654e+03 3.877649e+03
3.7 3.109723e+03 3.783516e+03 3.797386e+03 3.123593e+03
4.7 3.658249e+03 3.721299e+03 3.825992e+03 3.762942e+03
5.7 4.055869e+03 4.080452e+03 3.847125e+03 3.822542e+03
6.7 3.805756e+03 3.979561e+03 3.857312e+03 3.683506e+03
7.7 3.921183e+03 3.940349e+03 3.860968e+03 3.841802e+03
8.7 3.636403e+03 3.761879e+03 3.860805e+03 3.735329e+03
9.7 3.377040e+03 3.788141e+03 3.858856e+03 3.447754e+03
10.7 4.062834e+03 3.806363e+03 3.856557e+03 4.113028e+03
11.7 4.090650e+03 3.988083e+03 3.854740e+03 3.957308e+03
12.7 4.001152e+03 3.665625e+03 3.853488e+03 4.189015e+03
13.7 3.919183e+03 3.808669e+03 3.852662e+03 3.963177e+03
14.7 3.904512e+03 3.953925e+03 3.852104e+03 3.802690e+03
15.7 3.712101e+03 3.875975e+03 3.851669e+03 3.687795e+03
16.7 3.552352e+03 3.718843e+03 3.851289e+03 3.684798e+03
17.7 3.571535e+03 3.829112e+03 3.850928e+03 3.593352e+03
0.7 3.864692e+03 3.860619e+03 3.847569e+03 3.851643e+03
1.7 3.683806e+03 3.858536e+03 3.820279e+03 3.645549e+03
2.7 3.695853e+03 3.553875e+03 3.767163e+03 3.909141e+03
3.7 3.805037e+03 3.961029e+03 3.770384e+03 3.614392e+03
4.7 3.644564e+03 3.768505e+03 3.804952e+03 3.681011e+03
5.7 3.962493e+03 3.772418e+03 3.832706e+03 4.022781e+03
6.7 3.814180e+03 3.521330e+03 3.846790e+03 4.139640e+03
7.7 4.245642e+03 4.085286e+03 3.852353e+03 4.012709e+03
8.7 3.973600e+03 3.935199e+03 3.852900e+03 3.891301e+03
9.7 3.561346e+03 3.848833e+03 3.850970e+03 3.563483e+03
10.7 4.049223e+03 3.767555e+03 3.848413e+03 4.130082e+03
11.7 4.092456e+03 3.820828e+03 3.846315e+03 4.117943e+03
12.7 3.866827e+03 3.885287e+03 3.844854e+03 3.826394e+03
13.7 4.026065e+03 3.968170e+03 3.843896e+03 3.901791e+03
14.7 4.190405e+03 4.060246e+03 3.843269e+03 3.973428e+03
15.7 4.263356e+03 4.051366e+03 3.842800e+03 4.054790e+03
16.7 3.861716e+03 3.919145e+03 3.842407e+03 3.784977e+03
17.7 3.565522e+03 3.905517e+03 3.842043e+03 3.502048e+03
