0.8 8.671564e+03 8.703752e+03 8.718534e+03 8.686346e+03
1.8 8.525122e+03 8.709948e+03 8.729321e+03 8.544495e+03
2.8 8.741233e+03 8.680333e+03 8.737907e+03 8.798807e+03
3.8 8.646677e+03 8.707665e+03 8.732437e+03 8.671449e+03
4.8 8.726371e+03 8.718972e+03 8.724387e+03 8.731786e+03
5.8 8.808403e+03 8.749196e+03 8.719473e+03 8.778680e+03
6.8 8.722086e+03 8.741288e+03 8.717107e+03 8.697904e+03
7.8 8.792193e+03 8.862474e+03 8.716293e+03 8.646012e+03
8.8 8.830997e+03 8.796069e+03 8.716383e+03 8.751312e+03
9.8 8.836693e+03 8.773353e+03 8.716845e+03 8.780185e+03
10.8 8.748835e+03 8.856937e+03 8.717311e+03 8.609208e+03
11.8 8.758788e+03 8.744090e+03 8.717648e+03 8.732346e+03
12.8 8.830396e+03 8.707828e+03 8.717851e+03 8.840418e+03
13.8 8.681374e+03 8.706436e+03 8.717950e+03 8.692889e+03
14.8 8.621571e+03 8.610708e+03 8.717997e+03 8.728860e+03
15.8 8.568636e+03 8.665858e+03 8.718016e+03 8.620794e+03
16.8 8.784485e+03 8.740259e+03 8.718024e+03 8.762250e+03
17.8 8.664812e+03 8.690954e+03 8.718028e+03 8.691886e+03
0.7 8.803598e+03 8.715065e+03 8.718555e+03 8.807087e+03
1.7 8.878197e+03 8.749801e+03 8.729056e+03 8.857452e+03
2.7 8.699118e+03 8.747670e+03 8.738032e+03 8.689481e+03
3.7 8.696655e+03 8.706436e+03 8.732792e+03 8.723011e+03
4.7 8.683631e+03 8.717978e+03 8.724879e+03 8.690531e+03
5.7 8.797072e+03 8.724101e+03 8.719738e+03 8.792709e+03
6.7 8.678188e+03 8.704220e+03 8.717337e+03 8.691305e+03
7.7 8.775713e+03 8.715314e+03 8.716508e+03 8.776907e+03
8.7 8.631979e+03 8.755812e+03 8.716597e+03 8.592764e+03
9.7 8.895275e+03 8.844895e+03 8.717057e+03 8.767437e+03
10.7 8.635716e+03 8.681079e+03 8.717551e+03 8.672187e+03
11.7 8.876251e+03 8.735975e+03 8.717905e+03 8.858180e+03
12.7 8.759850e+03 8.726705e+03 8.718123e+03 8.751267e+03
13.7 8.683504e+03 8.712716e+03 8.718237e+03 8.689025e+03
14.7 8.715720e+03 8.710721e+03 8.718296e+03 8.723295e+03
15.7 8.594222e+03 8.713036e+03 8.718328e+03 8.599513e+03
16.7 8.696009e+03 8.714314e+03 8.718347e+03 8.700042e+03
17.7 8.764169e+03 8.719670e+03 8.718362e+03 8.762861e+03
0.8 8.693561e+03 8.711169e+03 8.718900e+03 8.701292e+03
1.8 8.690328e+03 8.725897e+03 8.729991e+03 8.694422e+03
2.8 8.762482e+03 8.694023e+03 8.738207e+03 8.806667e+03
3.8 8.758132e+03 8.742306e+03 8.732544e+03 8.748370e+03
4.8 8.728611e+03 8.714396e+03 8.724713e+03 8.738929e+03
5.8 8.820795e+03 8.709646e+03 8.719724e+03 8.830873e+03
6.8 8.688817e+03 8.722093e+03 8.717418e+03 8.684142e+03
7.8 8.675293e+03 8.690924e+03 8.716645e+03 8.701014e+03
8.8 8.679799e+03 8.638893e+03 8.716760e+03 8.757666e+03
9.8 8.684145e+03 8.617707e+03 8.717224e+03 8.783662e+03
10.8 8.578341e+03 8.651451e+03 8.717712e+03 8.644602e+03
11.8 8.736546e+03 8.730447e+03 8.718060e+03 8.724158e+03
12.8 8.781249e+03 8.721141e+03 8.718274e+03 8.778382e+03
13.8 8.725338e+03 8.717768e+03 8.718387e+03 8.725957e+03
14.8 8.644650e+03 8.710104e+03 8.718445e+03 8.652992e+03
15.8 8.836762e+03 8.736577e+03 8.718478e+03 8.818662e+03
16.8 8.768758e+03 8.732311e+03 8.718499e+03 8.754945e+03
17.8 8.643132e+03 8.731472e+03 8.718517e+03 8.630177e+03
