0.8 2.772058e+03 2.707689e+03 2.788959e+03 2.853327e+03
1.8 2.769509e+03 2.757681e+03 2.774296e+03 2.786124e+03
2.8 2.734873e+03 2.726169e+03 2.762624e+03 2.771328e+03
3.8 2.788633e+03 2.764160e+03 2.770060e+03 2.794533e+03
4.8 2.703545e+03 2.732236e+03 2.781003e+03 2.752312e+03
5.8 2.789861e+03 2.722462e+03 2.787682e+03 2.855081e+03
6.8 2.924026e+03 2.777689e+03 2.790899e+03 2.937235e+03
7.8 2.782412e+03 2.919684e+03 2.792004e+03 2.654732e+03
8.8 2.875828e+03 2.864436e+03 2.791882e+03 2.803274e+03
9.8 2.902788e+03 2.850398e+03 2.791255e+03 2.843644e+03
10.8 2.649205e+03 2.821520e+03 2.790621e+03 2.618306e+03
11.8 2.744256e+03 2.725804e+03 2.790162e+03 2.808614e+03
12.8 2.744802e+03 2.750522e+03 2.789887e+03 2.784166e+03
13.8 2.800598e+03 2.802135e+03 2.789752e+03 2.788215e+03
14.8 2.702037e+03 2.673534e+03 2.789689e+03 2.818192e+03
15.8 2.727524e+03 2.720834e+03 2.789663e+03 2.796353e+03
16.8 2.824909e+03 2.797130e+03 2.789652e+03 2.817431e+03
17.8 2.784816e+03 2.758200e+03 2.789646e+03 2.816262e+03
0.7 2.812497e+03 2.820794e+03 2.788930e+03 2.780633e+03
1.7 2.935926e+03 2.824525e+03 2.774656e+03 2.886057e+03
2.7 2.782502e+03 2.796217e+03 2.762454e+03 2.748739e+03
3.7 2.814121e+03 2.765025e+03 2.769578e+03 2.818673e+03
4.7 2.720775e+03 2.782565e+03 2.780334e+03 2.718543e+03
5.7 2.763806e+03 2.805429e+03 2.787322e+03 2.745699e+03
6.7 2.799479e+03 2.812053e+03 2.790586e+03 2.778013e+03
7.7 2.818670e+03 2.751468e+03 2.791713e+03 2.858915e+03
8.7 2.740566e+03 2.771631e+03 2.791591e+03 2.760526e+03
9.7 3.157248e+03 2.893468e+03 2.790966e+03 3.054746e+03
10.7 2.666113e+03 2.731923e+03 2.790295e+03 2.724484e+03
11.7 2.679714e+03 2.810424e+03 2.789813e+03 2.659103e+03
12.7 2.741021e+03 2.786916e+03 2.789516e+03 2.743621e+03
13.7 2.788109e+03 2.765608e+03 2.789362e+03 2.811863e+03
14.7 2.761244e+03 2.777822e+03 2.789282e+03 2.772704e+03
15.7 2.855242e+03 2.788937e+03 2.789239e+03 2.855545e+03
16.7 2.741403e+03 2.762581e+03 2.789212e+03 2.768034e+03
17.7 2.741812e+03 2.741323e+03 2.789192e+03 2.789681e+03
0.8 2.778829e+03 2.761820e+03 2.788461e+03 2.805470e+03
1.8 2.766137e+03 2.762328e+03 2.773385e+03 2.777193e+03
2.8 2.729000e+03 2.734314e+03 2.762216e+03 2.756902e+03
3.8 2.719044e+03 2.787097e+03 2.769914e+03 2.701862e+03
4.8 2.700633e+03 2.756701e+03 2.780558e+03 2.724491e+03
5.8 2.685904e+03 2.750827e+03 2.787340e+03 2.722417e+03
6.8 2.775965e+03 2.771370e+03 2.790475e+03 2.795070e+03
7.8 2.755102e+03 2.771626e+03 2.791526e+03 2.775002e+03
8.8 2.795880e+03 2.779961e+03 2.791369e+03 2.807288e+03
9.8 2.782943e+03 2.802817e+03 2.790739e+03 2.770865e+03
10.8 2.844563e+03 2.825958e+03 2.790076e+03 2.808680e+03
11.8 2.821790e+03 2.798720e+03 2.789603e+03 2.812673e+03
12.8 2.813936e+03 2.827458e+03 2.789311e+03 2.775788e+03
13.8 2.731554e+03 2.798786e+03 2.789158e+03 2.721926e+03
14.8 2.818341e+03 2.782052e+03 2.789079e+03 2.825368e+03
15.8 2.886459e+03 2.796718e+03 2.789035e+03 2.878776e+03
16.8 2.781993e+03 2.818157e+03 2.789006e+03 2.752842e+03
17.8 2.768836e+03 2.799245e+03 2.788982e+03 2.758573e+03
