0.6 8.990984e+03 8.941254e+03 8.959568e+03 9.009298e+03
1.6 8.979820e+03 9.001027e+03 8.989233e+03 8.968026e+03
2.6 8.995283e+03 9.016922e+03 9.022558e+03 9.000920e+03
3.6 8.957272e+03 9.001410e+03 9.008800e+03 8.964663e+03
4.6 9.000766e+03 8.988819e+03 8.982758e+03 8.994705e+03
5.6 8.930895e+03 8.947564e+03 8.965082e+03 8.948413e+03
6.6 8.928444e+03 8.938852e+03 8.956633e+03 8.946226e+03
7.6 9.029932e+03 8.950211e+03 8.953561e+03 9.033282e+03
8.6 9.048975e+03 8.978012e+03 8.953603e+03 9.024566e+03
9.6 9.027470e+03 8.995599e+03 8.955015e+03 8.986886e+03
10.6 8.961047e+03 8.967361e+03 8.956618e+03 8.950304e+03
11.6 9.011975e+03 8.941495e+03 8.957793e+03 9.028273e+03
12.6 8.885644e+03 8.950885e+03 8.958516e+03 8.893274e+03
13.6 9.010171e+03 8.968260e+03 8.958914e+03 9.000825e+03
14.6 8.993504e+03 8.991434e+03 8.959114e+03 8.961184e+03
15.6 9.091876e+03 9.019145e+03 8.959224e+03 9.031955e+03
16.6 9.038149e+03 9.012741e+03 8.959294e+03 8.984702e+03
17.6 8.935779e+03 8.974671e+03 8.959349e+03 8.920457e+03
0.1 8.961101e+03 8.957708e+03 8.957376e+03 8.960769e+03
1.1 8.904683e+03 8.949683e+03 8.964829e+03 8.919829e+03
2.1 9.082368e+03 8.964953e+03 9.007998e+03 9.125413e+03
3.1 9.136285e+03 9.021072e+03 9.018844e+03 9.134057e+03
4.1 9.156707e+03 8.999099e+03 8.994764e+03 9.152372e+03
5.1 8.909482e+03 8.866642e+03 8.971766e+03 9.014606e+03
6.1 8.763645e+03 8.866238e+03 8.958488e+03 8.855895e+03
7.1 8.825637e+03 8.969297e+03 8.952749e+03 8.809089e+03
8.1 8.916119e+03 8.953281e+03 8.951254e+03 8.914092e+03
9.1 8.791069e+03 8.946642e+03 8.952061e+03 8.796488e+03
10.1 8.953001e+03 8.965318e+03 8.953607e+03 8.941289e+03
11.1 8.943858e+03 8.946303e+03 8.955030e+03 8.952586e+03
12.1 8.973266e+03 8.936315e+03 8.955961e+03 8.992912e+03
13.1 8.973241e+03 8.934865e+03 8.956493e+03 8.994869e+03
14.1 8.875268e+03 8.934065e+03 8.956750e+03 8.897952e+03
15.1 8.914935e+03 8.945802e+03 8.956872e+03 8.926004e+03
16.1 9.107671e+03 8.954911e+03 8.956935e+03 9.109695e+03
17.1 9.085557e+03 8.966432e+03 8.956976e+03 9.076100e+03
0.8 8.963798e+03 8.944614e+03 8.959198e+03 8.978382e+03
1.8 8.843789e+03 8.972512e+03 8.995993e+03 8.867270e+03
2.8 8.976497e+03 9.052302e+03 9.021346e+03 8.945541e+03
3.8 9.040219e+03 9.086231e+03 9.002474e+03 8.956461e+03
4.8 9.017196e+03 8.984796e+03 8.977386e+03 9.009787e+03
5.8 8.804827e+03 8.948917e+03 8.961576e+03 8.817486e+03
6.8 8.877816e+03 8.944652e+03 8.954341e+03 8.887506e+03
7.8 9.163209e+03 8.965651e+03 8.951999e+03 9.149557e+03
8.8 8.866517e+03 8.925062e+03 8.952481e+03 8.893935e+03
9.8 8.963925e+03 8.922629e+03 8.954054e+03 8.995350e+03
10.8 8.983624e+03 9.002795e+03 8.955686e+03 8.936516e+03
11.8 9.194461e+03 8.966220e+03 8.956855e+03 9.185097e+03
12.8 9.026582e+03 8.958312e+03 8.957595e+03 9.025864e+03
13.8 9.010808e+03 8.981973e+03 8.958011e+03 8.986846e+03
14.8 9.058132e+03 8.935059e+03 8.958259e+03 9.081332e+03
15.8 8.937959e+03 8.966713e+03 8.958429e+03 8.929676e+03
16.8 8.805338e+03 8.920282e+03 8.958565e+03 8.843621e+03
17.8 8.878214e+03 8.960519e+03 8.958689e+03 8.876383e+03
