0.4 1.052690e+04 1.042724e+04 1.043931e+04 1.053897e+04
1.4 1.041743e+04 1.043563e+04 1.043859e+04 1.042039e+04
2.4 1.033474e+04 1.041419e+04 1.043603e+04 1.035658e+04
3.4 1.045697e+04 1.044666e+04 1.043524e+04 1.044555e+04
4.4 1.042918e+04 1.044692e+04 1.043665e+04 1.041891e+04
5.4 1.044740e+04 1.041582e+04 1.043812e+04 1.046970e+04
6.4 1.044790e+04 1.043104e+04 1.043889e+04 1.045575e+04
7.4 1.028041e+04 1.043106e+04 1.043787e+04 1.028722e+04
8.4 1.029518e+04 1.037092e+04 1.043531e+04 1.035957e+04
9.4 1.027065e+04 1.042516e+04 1.043531e+04 1.028080e+04
10.4 1.041239e+04 1.043364e+04 1.043695e+04 1.041570e+04
11.4 1.050255e+04 1.044760e+04 1.043823e+04 1.049318e+04
12.4 1.042281e+04 1.040024e+04 1.043889e+04 1.046146e+04
13.4 1.042327e+04 1.047379e+04 1.043822e+04 1.038770e+04
14.4 1.046124e+04 1.042968e+04 1.043590e+04 1.046746e+04
15.4 1.043720e+04 1.040526e+04 1.043563e+04 1.046757e+04
16.4 1.045484e+04 1.041287e+04 1.043692e+04 1.047889e+04
17.4 1.054378e+04 1.043500e+04 1.043803e+04 1.054682e+04
0.8 1.044790e+04 1.043104e+04 1.043889e+04 1.045575e+04
1.8 1.028041e+04 1.043106e+04 1.043787e+04 1.028722e+04
2.8 1.029518e+04 1.037092e+04 1.043531e+04 1.035957e+04
3.8 1.027065e+04 1.042516e+04 1.043531e+04 1.028080e+04
4.8 1.041239e+04 1.043364e+04 1.043695e+04 1.041570e+04
5.8 1.050255e+04 1.044760e+04 1.043823e+04 1.049318e+04
6.8 1.042281e+04 1.040024e+04 1.043889e+04 1.046146e+04
7.8 1.042327e+04 1.047379e+04 1.043822e+04 1.038770e+04
8.8 1.046124e+04 1.042968e+04 1.043590e+04 1.046746e+04
9.8 1.043720e+04 1.040526e+04 1.043563e+04 1.046757e+04
10.8 1.045484e+04 1.041287e+04 1.043692e+04 1.047889e+04
11.8 1.054378e+04 1.043500e+04 1.043803e+04 1.054682e+04
12.8 1.042627e+04 1.042049e+04 1.043863e+04 1.044441e+04
13.8 1.043433e+04 1.044044e+04 1.043885e+04 1.043274e+04
14.8 1.045293e+04 1.039712e+04 1.043886e+04 1.049467e+04
15.8 1.051713e+04 1.041123e+04 1.043876e+04 1.054467e+04
16.8 1.053122e+04 1.049310e+04 1.043863e+04 1.047676e+04
17.8 1.070164e+04 1.069131e+04 1.043852e+04 1.044885e+04
0.6 1.042281e+04 1.040024e+04 1.043889e+04 1.046146e+04
1.6 1.042327e+04 1.047379e+04 1.043822e+04 1.038770e+04
2.6 1.046124e+04 1.042968e+04 1.043590e+04 1.046746e+04
3.6 1.043720e+04 1.040526e+04 1.043563e+04 1.046757e+04
4.6 1.045484e+04 1.041287e+04 1.043692e+04 1.047889e+04
5.6 1.054378e+04 1.043500e+04 1.043803e+04 1.054682e+04
6.6 1.042627e+04 1.042049e+04 1.043863e+04 1.044441e+04
7.6 1.043433e+04 1.044044e+04 1.043885e+04 1.043274e+04
8.6 1.045293e+04 1.039712e+04 1.043886e+04 1.049467e+04
9.6 1.051713e+04 1.041123e+04 1.043876e+04 1.054467e+04
10.6 1.053122e+04 1.049310e+04 1.043863e+04 1.047676e+04
11.6 1.070164e+04 1.069131e+04 1.043852e+04 1.044885e+04
12.6 1.069678e+04 1.055728e+04 1.043844e+04 1.057794e+04
13.6 1.056833e+04 1.054373e+04 1.043839e+04 1.046299e+04
14.6 1.041115e+04 1.044154e+04 1.043834e+04 1.040795e+04
15.6 1.040254e+04 1.042234e+04 1.043831e+04 1.041852e+04
16.6 1.050177e+04 1.040934e+04 1.043828e+04 1.053072e+04
17.6 1.046106e+04 1.044360e+04 1.043826e+04 1.045573e+04
0.9 1.042455e+04 1.046251e+04 1.043795e+04 1.039999e+04
1.9 1.038975e+04 1.042777e+04 1.043637e+04 1.039835e+04
2.9 1.050961e+04 1.050561e+04 1.043405e+04 1.043805e+04
3.9 1.034596e+04 1.040624e+04 1.043451e+04 1.037423e+04
4.9 1.058477e+04 1.043250e+04 1.043624e+04 1.058850e+04
5.9 1.056000e+04 1.047662e+04 1.043749e+04 1.052087e+04
6.9 1.046704e+04 1.041619e+04 1.043814e+04 1.048899e+04
7.9 1.040166e+04 1.038948e+04 1.043840e+04 1.045058e+04
8.9 1.040642e+04 1.039316e+04 1.043843e+04 1.045169e+04
9.9 1.034760e+04 1.038886e+04 1.043835e+04 1.039709e+04
10.9 1.035801e+04 1.041389e+04 1.043825e+04 1.038237e+04
11.9 1.042107e+04 1.041774e+04 1.043817e+04 1.044150e+04
12.9 1.049239e+04 1.042743e+04 1.043812e+04 1.050308e+04
13.9 1.036622e+04 1.044812e+04 1.043810e+04 1.035620e+04
14.9 1.038505e+04 1.043930e+04 1.043809e+04 1.038384e+04
15.9 1.044390e+04 1.043312e+04 1.043809e+04 1.044887e+04
16.9 1.041172e+04 1.043051e+04 1.043809e+04 1.041929e+04
17.9 1.028761e+04 1.043052e+04 1.043809e+04 1.029518e+04
0.1 1.038330e+04 1.042771e+04 1.043811e+04 1.039370e+04
1.1 1.052781e+04 1.042782e+04 1.043787e+04 1.053786e+04
2.1 1.040299e+04 1.042918e+04 1.043583e+04 1.040965e+04
3.1 1.045679e+04 1.042780e+04 1.043444e+04 1.046343e+04
4.1 1.047282e+04 1.043791e+04 1.043548e+04 1.047039e+04
5.1 1.052095e+04 1.051071e+04 1.043695e+04 1.044720e+04
6.1 1.032073e+04 1.042385e+04 1.043786e+04 1.033473e+04
7.1 1.044169e+04 1.046310e+04 1.043829e+04 1.041687e+04
8.1 1.043712e+04 1.045814e+04 1.043844e+04 1.041741e+04
9.1 1.040544e+04 1.045536e+04 1.043842e+04 1.038850e+04
10.1 1.061362e+04 1.062187e+04 1.043833e+04 1.043008e+04
11.1 1.039480e+04 1.041315e+04 1.043824e+04 1.041990e+04
12.1 1.037803e+04 1.045431e+04 1.043818e+04 1.036190e+04
13.1 1.061029e+04 1.043624e+04 1.043814e+04 1.061219e+04
14.1 1.032642e+04 1.037839e+04 1.043813e+04 1.038615e+04
15.1 1.041118e+04 1.039981e+04 1.043812e+04 1.044949e+04
16.1 1.039079e+04 1.044253e+04 1.043812e+04 1.038637e+04
17.1 1.046591e+04 1.044040e+04 1.043811e+04 1.046363e+04
0.3 1.045184e+04 1.038701e+04 1.043812e+04 1.050295e+04
1.3 1.039513e+04 1.042602e+04 1.043765e+04 1.040675e+04
2.3 1.055284e+04 1.043681e+04 1.043581e+04 1.055183e+04
3.3 1.046891e+04 1.042413e+04 1.043547e+04 1.048025e+04
4.3 1.047104e+04 1.044435e+04 1.043656e+04 1.046325e+04
5.3 1.046546e+04 1.047081e+04 1.043753e+04 1.043218e+04
6.3 1.047294e+04 1.046134e+04 1.043808e+04 1.044968e+04
7.3 1.041556e+04 1.045513e+04 1.043832e+04 1.039875e+04
8.3 1.058174e+04 1.045606e+04 1.043838e+04 1.056406e+04
9.3 1.047884e+04 1.043863e+04 1.043834e+04 1.047855e+04
10.3 1.043775e+04 1.043273e+04 1.043828e+04 1.044329e+04
11.3 1.049276e+04 1.044658e+04 1.043822e+04 1.048440e+04
12.3 1.038447e+04 1.045153e+04 1.043818e+04 1.037112e+04
13.3 1.033059e+04 1.044324e+04 1.043816e+04 1.032552e+04
14.3 1.034097e+04 1.042951e+04 1.043816e+04 1.034963e+04
15.3 1.041238e+04 1.040036e+04 1.043816e+04 1.045018e+04
16.3 1.043939e+04 1.040450e+04 1.043816e+04 1.047305e+04
17.3 1.048429e+04 1.045571e+04 1.043817e+04 1.046674e+04
0.1 1.046317e+04 1.042758e+04 1.043832e+04 1.047391e+04
1.1 1.042176e+04 1.042705e+04 1.043810e+04 1.043281e+04
2.1 1.040163e+04 1.043939e+04 1.043601e+04 1.039825e+04
3.1 1.054223e+04 1.042652e+04 1.043470e+04 1.055040e+04
4.1 1.051153e+04 1.041684e+04 1.043574e+04 1.053044e+04
5.1 1.045691e+04 1.044121e+04 1.043724e+04 1.045293e+04
6.1 1.037254e+04 1.044340e+04 1.043815e+04 1.036729e+04
7.1 1.049964e+04 1.044457e+04 1.043861e+04 1.049368e+04
8.1 1.039700e+04 1.043972e+04 1.043876e+04 1.039604e+04
9.1 1.038897e+04 1.042873e+04 1.043876e+04 1.039900e+04
10.1 1.057034e+04 1.045747e+04 1.043869e+04 1.055156e+04
11.1 1.044300e+04 1.043319e+04 1.043862e+04 1.044843e+04
12.1 1.044963e+04 1.042753e+04 1.043844e+04 1.046055e+04
13.1 1.049871e+04 1.040856e+04 1.043670e+04 1.052685e+04
14.1 1.047097e+04 1.043887e+04 1.043513e+04 1.046724e+04
15.1 1.042924e+04 1.042796e+04 1.043595e+04 1.043723e+04
16.1 1.039594e+04 1.043473e+04 1.043734e+04 1.039856e+04
17.1 1.041868e+04 1.043363e+04 1.043829e+04 1.042334e+04
1.0 1.044963e+04 1.042753e+04 1.043844e+04 1.046055e+04
2.0 1.049871e+04 1.040856e+04 1.043670e+04 1.052685e+04
3.0 1.047097e+04 1.043887e+04 1.043513e+04 1.046724e+04
4.0 1.042924e+04 1.042796e+04 1.043595e+04 1.043723e+04
5.0 1.039594e+04 1.043473e+04 1.043734e+04 1.039856e+04
6.0 1.041868e+04 1.043363e+04 1.043829e+04 1.042334e+04
7.0 1.044373e+04 1.045812e+04 1.043875e+04 1.042435e+04
8.0 1.034289e+04 1.042523e+04 1.043892e+04 1.035658e+04
9.0 1.043197e+04 1.044235e+04 1.043893e+04 1.042856e+04
10.0 1.044314e+04 1.044643e+04 1.043888e+04 1.043558e+04
11.0 1.046561e+04 1.043688e+04 1.043881e+04 1.046754e+04
12.0 1.042720e+04 1.042789e+04 1.043877e+04 1.043808e+04
13.0 1.048112e+04 1.042605e+04 1.043875e+04 1.049382e+04
14.0 1.047791e+04 1.042575e+04 1.043875e+04 1.049091e+04
15.0 1.043089e+04 1.042971e+04 1.043804e+04 1.043922e+04
16.0 1.048695e+04 1.043773e+04 1.043538e+04 1.048460e+04
17.0 1.039788e+04 1.045000e+04 1.043462e+04 1.038249e+04
18.0 1.043730e+04 1.042328e+04 1.043615e+04 1.045018e+04
0.5 1.047791e+04 1.042575e+04 1.043875e+04 1.049091e+04
1.5 1.043089e+04 1.042971e+04 1.043804e+04 1.043922e+04
2.5 1.048695e+04 1.043773e+04 1.043538e+04 1.048460e+04
3.5 1.039788e+04 1.045000e+04 1.043462e+04 1.038249e+04
4.5 1.043730e+04 1.042328e+04 1.043615e+04 1.045018e+04
5.5 1.042026e+04 1.042424e+04 1.043778e+04 1.043380e+04
6.5 1.052839e+04 1.042763e+04 1.043872e+04 1.053949e+04
7.5 1.054085e+04 1.042780e+04 1.043916e+04 1.055221e+04
8.5 1.042543e+04 1.042664e+04 1.043928e+04 1.043808e+04
9.5 1.039580e+04 1.043000e+04 1.043909e+04 1.040490e+04
10.5 1.033675e+04 1.041566e+04 1.043698e+04 1.035807e+04
11.5 1.040045e+04 1.040185e+04 1.043472e+04 1.043331e+04
12.5 1.043579e+04 1.043186e+04 1.043544e+04 1.043937e+04
13.5 1.041822e+04 1.045086e+04 1.043723e+04 1.040459e+04
14.5 1.044938e+04 1.050622e+04 1.043850e+04 1.038166e+04
15.5 1.050618e+04 1.045369e+04 1.043917e+04 1.049166e+04
1.0 1.039580e+04 1.043000e+04 1.043909e+04 1.040490e+04
2.0 1.033675e+04 1.041566e+04 1.043698e+04 1.035807e+04
3.0 1.040045e+04 1.040185e+04 1.043472e+04 1.043331e+04
4.0 1.043579e+04 1.043186e+04 1.043544e+04 1.043937e+04
5.0 1.041822e+04 1.045086e+04 1.043723e+04 1.040459e+04
6.0 1.044938e+04 1.050622e+04 1.043850e+04 1.038166e+04
7.0 1.050618e+04 1.045369e+04 1.043917e+04 1.049166e+04
