0.8 8.947437e+03 8.874528e+03 8.837881e+03 8.910789e+03
1.8 8.806688e+03 8.847009e+03 8.849512e+03 8.809191e+03
2.8 8.769267e+03 8.808883e+03 8.857548e+03 8.817931e+03
3.8 8.917757e+03 8.845998e+03 8.851687e+03 8.923446e+03
4.8 8.814664e+03 8.851117e+03 8.843873e+03 8.807420e+03
5.8 8.768922e+03 8.820044e+03 8.838973e+03 8.787850e+03
6.8 8.851688e+03 8.862827e+03 8.836766e+03 8.825626e+03
7.8 8.901729e+03 8.866439e+03 8.836095e+03 8.871385e+03
8.8 8.864729e+03 8.814566e+03 8.836310e+03 8.886474e+03
9.8 8.818360e+03 8.817482e+03 8.836867e+03 8.837746e+03
10.8 8.872329e+03 8.799590e+03 8.837441e+03 8.910180e+03
11.8 8.867316e+03 8.851392e+03 8.837869e+03 8.853793e+03
12.8 8.841253e+03 8.837353e+03 8.838160e+03 8.842060e+03
13.8 8.834707e+03 8.856386e+03 8.841964e+03 8.820285e+03
14.8 8.952747e+03 8.870165e+03 8.855807e+03 8.938388e+03
15.8 8.830424e+03 8.830685e+03 8.857316e+03 8.857056e+03
16.8 8.870847e+03 8.844751e+03 8.849454e+03 8.875550e+03
17.8 8.755373e+03 8.773430e+03 8.842581e+03 8.824524e+03
0.2 8.841253e+03 8.837353e+03 8.838160e+03 8.842060e+03
1.2 8.834707e+03 8.856386e+03 8.841964e+03 8.820285e+03
2.2 8.952747e+03 8.870165e+03 8.855807e+03 8.938388e+03
3.2 8.830424e+03 8.830685e+03 8.857316e+03 8.857056e+03
4.2 8.870847e+03 8.844751e+03 8.849454e+03 8.875550e+03
5.2 8.755373e+03 8.773430e+03 8.842581e+03 8.824524e+03
6.2 8.754317e+03 8.784591e+03 8.838989e+03 8.808715e+03
7.2 8.857925e+03 8.802401e+03 8.837489e+03 8.893013e+03
8.2 8.854721e+03 8.882452e+03 8.837233e+03 8.809502e+03
9.2 8.798155e+03 8.845048e+03 8.837628e+03 8.790736e+03
10.2 8.877829e+03 8.884193e+03 8.838217e+03 8.831853e+03
11.2 8.880178e+03 8.849877e+03 8.838719e+03 8.869020e+03
12.2 8.906593e+03 8.841976e+03 8.839072e+03 8.903689e+03
13.2 8.927819e+03 8.842237e+03 8.839302e+03 8.924884e+03
14.2 8.798321e+03 8.857367e+03 8.839447e+03 8.780401e+03
15.2 8.877352e+03 8.855302e+03 8.839550e+03 8.861599e+03
16.2 8.775959e+03 8.829702e+03 8.839632e+03 8.785889e+03
17.2 8.790545e+03 8.835041e+03 8.839705e+03 8.795209e+03
0.7 8.952426e+03 8.846188e+03 8.840304e+03 8.946542e+03
1.7 8.835866e+03 8.866696e+03 8.850337e+03 8.819508e+03
2.7 8.767804e+03 8.897818e+03 8.860120e+03 8.730106e+03
3.7 8.849648e+03 8.868216e+03 8.855264e+03 8.836697e+03
4.7 8.768705e+03 8.828155e+03 8.847127e+03 8.787677e+03
5.7 8.823391e+03 8.833107e+03 8.841812e+03 8.832095e+03
6.7 8.773645e+03 8.835910e+03 8.839151e+03 8.776885e+03
7.7 8.776954e+03 8.845454e+03 8.838230e+03 8.769730e+03
8.7 8.981480e+03 8.842546e+03 8.838257e+03 8.977192e+03
9.7 8.914445e+03 8.813399e+03 8.838690e+03 8.939737e+03
10.7 8.849949e+03 8.813552e+03 8.839162e+03 8.875559e+03
11.7 8.865022e+03 8.829457e+03 8.839518e+03 8.875084e+03
12.7 8.948042e+03 8.921277e+03 8.839721e+03 8.866486e+03
13.7 8.778045e+03 8.838412e+03 8.839824e+03 8.779456e+03
14.7 8.718642e+03 8.689096e+03 8.839865e+03 8.869411e+03
15.7 8.776845e+03 8.797563e+03 8.839880e+03 8.819162e+03
16.7 8.755563e+03 8.826171e+03 8.839882e+03 8.769275e+03
17.7 8.787771e+03 8.824892e+03 8.839881e+03 8.802759e+03
0.8 8.890765e+03 8.848697e+03 8.840463e+03 8.882531e+03
1.8 8.876423e+03 8.868245e+03 8.851819e+03 8.859996e+03
2.8 8.991750e+03 8.858855e+03 8.860182e+03 8.993077e+03
3.8 8.910770e+03 8.861343e+03 8.854441e+03 8.903868e+03
4.8 8.781617e+03 8.837311e+03 8.846507e+03 8.790813e+03
5.8 8.834296e+03 8.790966e+03 8.841545e+03 8.884875e+03
6.8 8.789058e+03 8.826007e+03 8.839133e+03 8.802183e+03
7.8 8.818403e+03 8.821805e+03 8.838370e+03 8.834969e+03
8.8 8.896408e+03 8.834749e+03 8.838499e+03 8.900158e+03
9.8 8.828838e+03 8.833858e+03 8.838987e+03 8.833967e+03
10.8 8.895858e+03 8.874217e+03 8.839489e+03 8.861131e+03
11.8 8.708062e+03 8.861665e+03 8.839869e+03 8.686266e+03
12.8 8.820787e+03 8.834014e+03 8.840099e+03 8.826872e+03
13.8 8.812517e+03 8.809570e+03 8.840234e+03 8.843180e+03
14.8 8.792205e+03 8.807361e+03 8.840312e+03 8.825156e+03
15.8 8.805289e+03 8.826462e+03 8.840366e+03 8.819193e+03
16.8 8.765790e+03 8.824444e+03 8.840409e+03 8.781755e+03
17.8 8.730693e+03 8.831358e+03 8.840450e+03 8.739785e+03
