0.4 8.795478e+03 8.806945e+03 8.825189e+03 8.813721e+03
1.4 8.814678e+03 8.805307e+03 8.814422e+03 8.823793e+03
2.4 8.761014e+03 8.754475e+03 8.766231e+03 8.772770e+03
3.4 8.735692e+03 8.767685e+03 8.741125e+03 8.709133e+03
4.4 8.741072e+03 8.774466e+03 8.766872e+03 8.733478e+03
5.4 8.745042e+03 8.803610e+03 8.799736e+03 8.741168e+03
6.4 8.963086e+03 8.848910e+03 8.820384e+03 8.934561e+03
7.4 8.837689e+03 8.905825e+03 8.830360e+03 8.762224e+03
8.4 8.820615e+03 8.810558e+03 8.833402e+03 8.843460e+03
9.4 8.759278e+03 8.811066e+03 8.832797e+03 8.781009e+03
10.4 8.796129e+03 8.829621e+03 8.830807e+03 8.797315e+03
11.4 8.770186e+03 8.830992e+03 8.828832e+03 8.768026e+03
12.4 8.703525e+03 8.828805e+03 8.827402e+03 8.702122e+03
13.4 8.788743e+03 8.804269e+03 8.826604e+03 8.811079e+03
14.4 8.898613e+03 8.837467e+03 8.826206e+03 8.887353e+03
15.4 8.789596e+03 8.837052e+03 8.826046e+03 8.778589e+03
16.4 8.840791e+03 8.846902e+03 8.825990e+03 8.819879e+03
17.4 8.741690e+03 8.836881e+03 8.825978e+03 8.730787e+03
18.4 8.924933e+03 8.817768e+03 8.825981e+03 8.933145e+03
1.0 8.801310e+03 8.796121e+03 8.823070e+03 8.828258e+03
2.0 8.968255e+03 8.837158e+03 8.790395e+03 8.921492e+03
3.0 8.750216e+03 8.802547e+03 8.744933e+03 8.692602e+03
4.0 8.830589e+03 8.785359e+03 8.751785e+03 8.797015e+03
5.0 8.745949e+03 8.793052e+03 8.785789e+03 8.738687e+03
6.0 8.850951e+03 8.816295e+03 8.812772e+03 8.847428e+03
7.0 8.700860e+03 8.834415e+03 8.826516e+03 8.692962e+03
8.0 8.780357e+03 8.837735e+03 8.831959e+03 8.774581e+03
9.0 8.868291e+03 8.845063e+03 8.832555e+03 8.855783e+03
10.0 8.807658e+03 8.908516e+03 8.830829e+03 8.729972e+03
11.0 8.811852e+03 8.875436e+03 8.828556e+03 8.764971e+03
12.0 8.997932e+03 8.834072e+03 8.826759e+03 8.990619e+03
13.0 8.908283e+03 8.828625e+03 8.825589e+03 8.905247e+03
14.0 8.730350e+03 8.822199e+03 8.824906e+03 8.733057e+03
15.0 8.882132e+03 8.822557e+03 8.824541e+03 8.884117e+03
16.0 8.884351e+03 8.825499e+03 8.824326e+03 8.883178e+03
17.0 8.679398e+03 8.814984e+03 8.824182e+03 8.688596e+03
18.0 8.803331e+03 8.812126e+03 8.824063e+03 8.815268e+03
19.0 8.745117e+03 8.814075e+03 8.823952e+03 8.754994e+03
