0.4 7.285269e+03 7.003601e+03 6.942983e+03 7.224650e+03
1.4 7.058397e+03 6.962975e+03 6.965937e+03 7.061359e+03
2.4 7.244746e+03 7.136369e+03 7.068675e+03 7.177051e+03
3.4 6.962697e+03 6.870575e+03 7.122199e+03 7.214321e+03
4.4 6.999742e+03 7.009537e+03 7.067308e+03 7.057513e+03
5.4 6.947320e+03 6.957515e+03 6.997246e+03 6.987051e+03
6.4 6.741702e+03 6.984289e+03 6.953225e+03 6.710638e+03
7.4 7.120652e+03 6.975092e+03 6.931958e+03 7.077518e+03
8.4 6.833751e+03 6.897771e+03 6.925472e+03 6.861452e+03
9.4 6.981835e+03 6.928546e+03 6.926764e+03 6.980053e+03
10.4 6.995017e+03 6.941739e+03 6.931005e+03 6.984284e+03
11.4 6.880714e+03 6.946052e+03 6.935216e+03 6.869878e+03
12.4 7.013590e+03 6.947065e+03 6.938265e+03 7.004790e+03
13.4 6.858312e+03 6.893658e+03 6.939965e+03 6.904619e+03
14.4 6.768679e+03 6.928924e+03 6.940813e+03 6.780568e+03
15.4 6.824714e+03 6.940404e+03 6.941156e+03 6.825467e+03
16.4 6.934324e+03 6.959866e+03 6.941274e+03 6.915733e+03
17.4 6.902645e+03 6.951230e+03 6.941300e+03 6.892714e+03
18.4 6.812436e+03 6.939590e+03 6.941295e+03 6.814140e+03
1.0 6.754413e+03 6.962580e+03 6.947499e+03 6.739332e+03
2.0 6.782605e+03 6.803072e+03 7.017159e+03 6.996691e+03
3.0 6.608544e+03 6.663049e+03 7.114080e+03 7.059576e+03
4.0 6.728476e+03 6.756099e+03 7.099473e+03 7.071849e+03
5.0 7.138518e+03 7.115994e+03 7.026979e+03 7.049502e+03
6.0 6.875843e+03 6.953366e+03 6.969453e+03 6.891930e+03
7.0 7.102629e+03 6.943693e+03 6.940153e+03 7.099089e+03
8.0 7.062226e+03 7.074029e+03 6.928549e+03 6.916746e+03
9.0 6.973863e+03 6.945880e+03 6.927278e+03 6.955261e+03
10.0 6.899628e+03 6.939648e+03 6.930958e+03 6.890938e+03
11.0 6.902653e+03 6.923403e+03 6.935804e+03 6.915053e+03
12.0 7.052508e+03 6.915629e+03 6.939635e+03 7.076513e+03
13.0 6.815415e+03 6.920582e+03 6.942129e+03 6.836962e+03
14.0 6.946779e+03 6.934796e+03 6.943585e+03 6.955567e+03
15.0 6.761776e+03 6.946911e+03 6.944363e+03 6.759228e+03
16.0 6.946420e+03 6.927150e+03 6.944822e+03 6.964091e+03
17.0 7.047466e+03 6.910161e+03 6.945130e+03 7.082435e+03
18.0 6.865978e+03 6.923219e+03 6.945383e+03 6.888141e+03
19.0 6.793261e+03 6.949025e+03 6.945619e+03 6.789855e+03
