0.5 9.441573e+03 9.342305e+03 9.447030e+03 9.546298e+03
1.5 9.305736e+03 9.353084e+03 9.458089e+03 9.410742e+03
2.5 9.411108e+03 9.401792e+03 9.502262e+03 9.511578e+03
3.5 9.479796e+03 9.453312e+03 9.548342e+03 9.574827e+03
4.5 9.445246e+03 9.484618e+03 9.575093e+03 9.535721e+03
5.5 9.438697e+03 9.497734e+03 9.585034e+03 9.525998e+03
6.5 9.474897e+03 9.499919e+03 9.585375e+03 9.560354e+03
7.5 9.462832e+03 9.497243e+03 9.581660e+03 9.547249e+03
8.5 9.443331e+03 9.493365e+03 9.577222e+03 9.527189e+03
9.5 9.471622e+03 9.490047e+03 9.573568e+03 9.555143e+03
10.5 9.424460e+03 9.487820e+03 9.571106e+03 9.507746e+03
11.5 9.487387e+03 9.486680e+03 9.569779e+03 9.570486e+03
12.5 9.462235e+03 9.486200e+03 9.569137e+03 9.545173e+03
13.5 9.551104e+03 9.486107e+03 9.568898e+03 9.633895e+03
14.5 9.493222e+03 9.486187e+03 9.568845e+03 9.575879e+03
15.5 9.429793e+03 9.486341e+03 9.568875e+03 9.512326e+03
16.5 9.448935e+03 9.486523e+03 9.568942e+03 9.531354e+03
17.5 9.459656e+03 9.485294e+03 9.567609e+03 9.541971e+03
18.5 9.480847e+03 9.460550e+03 9.542770e+03 9.563067e+03
19.5 9.478062e+03 9.411626e+03 9.493761e+03 9.560196e+03
20.5 9.499909e+03 9.371903e+03 9.453961e+03 9.581967e+03
21.5 9.266488e+03 9.353449e+03 9.435439e+03 9.348478e+03
22.5 9.302195e+03 9.348563e+03 9.430494e+03 9.384126e+03
23.5 9.417359e+03 9.352713e+03 9.432457e+03 9.497104e+03
24.5 9.456509e+03 9.386024e+03 9.436845e+03 9.507330e+03
25.5 9.454383e+03 9.443517e+03 9.441337e+03 9.452203e+03
26.5 9.454110e+03 9.485764e+03 9.444640e+03 9.412986e+03
27.5 9.580692e+03 9.506307e+03 9.446776e+03 9.521161e+03
28.5 9.490692e+03 9.511793e+03 9.447951e+03 9.426851e+03
29.5 9.508567e+03 9.510189e+03 9.448585e+03 9.446963e+03
30.5 9.430817e+03 9.505898e+03 9.448942e+03 9.373861e+03
31.5 9.505736e+03 9.501731e+03 9.449167e+03 9.453172e+03
32.5 9.515392e+03 9.498609e+03 9.449340e+03 9.466122e+03
33.5 9.534159e+03 9.496802e+03 9.449494e+03 9.486851e+03
0.3 9.367356e+03 9.352476e+03 9.427826e+03 9.442706e+03
1.3 9.344373e+03 9.357386e+03 9.433818e+03 9.420806e+03
2.3 9.469543e+03 9.400813e+03 9.472487e+03 9.541217e+03
3.3 9.482595e+03 9.454333e+03 9.519718e+03 9.547979e+03
4.3 9.492446e+03 9.489487e+03 9.549174e+03 9.552133e+03
5.3 9.502489e+03 9.505307e+03 9.560599e+03 9.557781e+03
6.3 9.559491e+03 9.508862e+03 9.561126e+03 9.611755e+03
7.3 9.553999e+03 9.506756e+03 9.556840e+03 9.604082e+03
8.3 9.573335e+03 9.502965e+03 9.551372e+03 9.621741e+03
9.3 9.573035e+03 9.499535e+03 9.546482e+03 9.619983e+03
10.3 9.478984e+03 9.497170e+03 9.542737e+03 9.524552e+03
11.3 9.471008e+03 9.495962e+03 9.540166e+03 9.515212e+03
12.3 9.475169e+03 9.495491e+03 9.538318e+03 9.517996e+03
13.3 9.503339e+03 9.495475e+03 9.536901e+03 9.544766e+03
14.3 9.559266e+03 9.495676e+03 9.535675e+03 9.599264e+03
15.3 9.514958e+03 9.495988e+03 9.534523e+03 9.553493e+03
16.3 9.515231e+03 9.496377e+03 9.533395e+03 9.552249e+03
17.3 9.480094e+03 9.496318e+03 9.531759e+03 9.515535e+03
18.3 9.475684e+03 9.477981e+03 9.511796e+03 9.509499e+03
19.3 9.449061e+03 9.431021e+03 9.463170e+03 9.481209e+03
20.3 9.466369e+03 9.388245e+03 9.418693e+03 9.496817e+03
21.3 9.320259e+03 9.366934e+03 9.395649e+03 9.348973e+03
22.3 9.285531e+03 9.360542e+03 9.387492e+03 9.312481e+03
23.3 9.339204e+03 9.362101e+03 9.387254e+03 9.364358e+03
