0.9 9.248490e+03 9.353566e+03 9.452742e+03 9.347667e+03
1.9 9.333125e+03 9.374628e+03 9.469119e+03 9.427616e+03
2.9 9.343209e+03 9.411356e+03 9.501212e+03 9.433065e+03
3.9 9.381427e+03 9.440466e+03 9.526820e+03 9.467781e+03
4.9 9.418198e+03 9.455320e+03 9.539439e+03 9.502318e+03
5.9 9.576634e+03 9.459760e+03 9.542705e+03 9.659579e+03
6.9 9.406454e+03 9.459110e+03 9.541479e+03 9.488823e+03
7.9 9.457524e+03 9.456536e+03 9.538662e+03 9.539651e+03
8.9 9.572615e+03 9.453815e+03 9.535848e+03 9.654649e+03
9.9 9.375227e+03 9.451689e+03 9.533695e+03 9.457233e+03
10.9 9.575884e+03 9.450389e+03 9.532399e+03 9.657894e+03
11.9 9.517649e+03 9.449662e+03 9.531692e+03 9.599679e+03
12.9 9.418860e+03 9.449310e+03 9.531371e+03 9.500921e+03
13.9 9.430479e+03 9.449140e+03 9.531240e+03 9.512579e+03
14.9 9.363979e+03 9.449053e+03 9.531198e+03 9.446124e+03
15.9 9.409950e+03 9.449001e+03 9.531199e+03 9.492148e+03
16.9 9.438649e+03 9.448957e+03 9.531216e+03 9.520908e+03
17.9 9.421329e+03 9.444421e+03 9.526747e+03 9.503654e+03
18.9 9.415859e+03 9.419312e+03 9.501711e+03 9.498259e+03
19.9 9.330658e+03 9.386940e+03 9.469420e+03 9.413138e+03
20.9 9.311747e+03 9.367016e+03 9.449584e+03 9.394315e+03
21.9 9.409901e+03 9.358882e+03 9.441544e+03 9.492563e+03
22.9 9.270034e+03 9.357893e+03 9.440634e+03 9.352775e+03
23.9 9.321289e+03 9.371611e+03 9.442800e+03 9.392478e+03
24.9 9.461259e+03 9.431443e+03 9.445876e+03 9.475692e+03
25.9 9.498420e+03 9.498562e+03 9.448499e+03 9.448358e+03
26.9 9.546309e+03 9.540256e+03 9.450370e+03 9.456423e+03
27.9 9.520296e+03 9.556007e+03 9.451470e+03 9.415758e+03
28.9 9.543228e+03 9.557813e+03 9.452083e+03 9.437498e+03
29.9 9.521720e+03 9.553239e+03 9.452429e+03 9.420909e+03
30.9 9.622554e+03 9.547196e+03 9.452638e+03 9.527996e+03
31.9 9.605262e+03 9.541908e+03 9.452794e+03 9.516148e+03
32.9 9.593808e+03 9.538416e+03 9.452933e+03 9.508325e+03
33.9 9.555308e+03 9.536394e+03 9.453068e+03 9.471982e+03
