1.0 8.876283e+03 8.897161e+03 8.876670e+03 8.855791e+03
2.0 8.907633e+03 8.896194e+03 8.877564e+03 8.889004e+03
3.0 8.884709e+03 8.895953e+03 8.879207e+03 8.867963e+03
4.0 8.904168e+03 8.895689e+03 8.880414e+03 8.888893e+03
5.0 8.916639e+03 8.895193e+03 8.880984e+03 8.902430e+03
6.0 8.860013e+03 8.894596e+03 8.881116e+03 8.846534e+03
7.0 8.936245e+03 8.893991e+03 8.881046e+03 8.923300e+03
8.0 8.862889e+03 8.893419e+03 8.880901e+03 8.850372e+03
9.0 8.897051e+03 8.892913e+03 8.880765e+03 8.884902e+03
10.0 8.893310e+03 8.892474e+03 8.880663e+03 8.881499e+03
11.0 8.883026e+03 8.892097e+03 8.880603e+03 8.871532e+03
12.0 8.884296e+03 8.891765e+03 8.880572e+03 8.873103e+03
13.0 8.921009e+03 8.891466e+03 8.880557e+03 8.910100e+03
14.0 8.962627e+03 8.891189e+03 8.880552e+03 8.951990e+03
15.0 8.861915e+03 8.890931e+03 8.880551e+03 8.851535e+03
16.0 8.781915e+03 8.890690e+03 8.880552e+03 8.771778e+03
17.0 8.919726e+03 8.890463e+03 8.880554e+03 8.909817e+03
18.0 8.931024e+03 8.889953e+03 8.880258e+03 8.921329e+03
19.0 8.832175e+03 8.888421e+03 8.878926e+03 8.822680e+03
20.0 8.844546e+03 8.886668e+03 8.877358e+03 8.835236e+03
21.0 8.920650e+03 8.885591e+03 8.876441e+03 8.911501e+03
22.0 8.976145e+03 8.888244e+03 8.876092e+03 8.963994e+03
23.0 8.862777e+03 8.901962e+03 8.876066e+03 8.836881e+03
24.0 8.862091e+03 8.917056e+03 8.876182e+03 8.821217e+03
25.0 8.927545e+03 8.926214e+03 8.876335e+03 8.877666e+03
26.0 8.932538e+03 8.929527e+03 8.876462e+03 8.879472e+03
27.0 8.924559e+03 8.929740e+03 8.876550e+03 8.871368e+03
28.0 8.933061e+03 8.928554e+03 8.876603e+03 8.881110e+03
29.0 8.889628e+03 8.927083e+03 8.876631e+03 8.839177e+03
30.0 8.911639e+03 8.925823e+03 8.876647e+03 8.862463e+03
31.0 8.938786e+03 8.925003e+03 8.876657e+03 8.890440e+03
32.0 8.954424e+03 8.924540e+03 8.876664e+03 8.906548e+03
33.0 8.937330e+03 8.924314e+03 8.876671e+03 8.889687e+03
34.0 8.929708e+03 8.924234e+03 8.876677e+03 8.882151e+03
