0.7 1.218479e+04 1.220249e+04 1.221211e+04 1.219441e+04
1.7 1.224937e+04 1.223656e+04 1.224413e+04 1.225694e+04
2.7 1.224606e+04 1.220983e+04 1.227551e+04 1.231174e+04
3.7 1.215331e+04 1.219356e+04 1.225983e+04 1.221959e+04
4.7 1.227448e+04 1.226521e+04 1.223361e+04 1.224288e+04
5.7 1.213300e+04 1.224394e+04 1.221617e+04 1.210523e+04
6.7 1.210198e+04 1.218402e+04 1.220785e+04 1.212581e+04
7.7 1.212425e+04 1.212890e+04 1.220483e+04 1.220019e+04
8.7 1.235453e+04 1.226803e+04 1.220486e+04 1.229136e+04
9.7 1.239522e+04 1.225266e+04 1.220620e+04 1.234877e+04
10.7 1.227385e+04 1.224040e+04 1.220771e+04 1.224115e+04
11.7 1.222738e+04 1.222402e+04 1.220876e+04 1.221212e+04
12.7 1.215814e+04 1.221778e+04 1.220936e+04 1.214972e+04
13.7 1.214040e+04 1.220817e+04 1.220964e+04 1.214186e+04
14.7 1.224592e+04 1.222000e+04 1.220973e+04 1.223564e+04
15.7 1.216088e+04 1.220167e+04 1.220973e+04 1.216895e+04
16.7 1.222842e+04 1.221645e+04 1.220971e+04 1.222168e+04
17.7 1.225415e+04 1.222176e+04 1.220967e+04 1.224206e+04
1.0 1.231042e+04 1.220444e+04 1.221407e+04 1.232006e+04
2.0 1.206522e+04 1.221056e+04 1.225565e+04 1.211031e+04
3.0 1.244889e+04 1.229223e+04 1.227334e+04 1.243000e+04
4.0 1.224216e+04 1.224151e+04 1.225102e+04 1.225167e+04
5.0 1.209657e+04 1.222007e+04 1.222675e+04 1.210324e+04
6.0 1.224347e+04 1.219871e+04 1.221223e+04 1.225698e+04
7.0 1.219504e+04 1.219267e+04 1.220579e+04 1.220816e+04
8.0 1.216102e+04 1.217009e+04 1.220392e+04 1.219485e+04
9.0 1.195061e+04 1.203389e+04 1.220462e+04 1.212134e+04
10.0 1.218375e+04 1.219554e+04 1.220621e+04 1.219442e+04
11.0 1.221313e+04 1.220409e+04 1.220776e+04 1.221680e+04
12.0 1.215253e+04 1.220332e+04 1.220883e+04 1.215804e+04
13.0 1.215022e+04 1.220445e+04 1.221187e+04 1.215763e+04
14.0 1.238436e+04 1.222530e+04 1.225019e+04 1.240924e+04
15.0 1.226966e+04 1.225394e+04 1.227473e+04 1.229044e+04
16.0 1.218760e+04 1.222617e+04 1.225503e+04 1.221647e+04
17.0 1.232258e+04 1.221071e+04 1.222989e+04 1.234175e+04
18.0 1.227974e+04 1.219529e+04 1.221418e+04 1.229864e+04
0.8 1.215022e+04 1.220445e+04 1.221187e+04 1.215763e+04
1.8 1.238436e+04 1.222530e+04 1.225019e+04 1.240924e+04
2.8 1.226966e+04 1.225394e+04 1.227473e+04 1.229044e+04
3.8 1.218760e+04 1.222617e+04 1.225503e+04 1.221647e+04
4.8 1.232258e+04 1.221071e+04 1.222989e+04 1.234175e+04
5.8 1.227974e+04 1.219529e+04 1.221418e+04 1.229864e+04
6.8 1.214302e+04 1.218904e+04 1.220704e+04 1.216102e+04
7.8 1.214286e+04 1.221244e+04 1.220478e+04 1.213520e+04
8.8 1.227789e+04 1.217356e+04 1.220529e+04 1.230963e+04
9.8 1.221187e+04 1.227396e+04 1.220688e+04 1.214480e+04
10.8 1.224331e+04 1.220321e+04 1.220851e+04 1.224861e+04
11.8 1.213099e+04 1.224832e+04 1.220966e+04 1.209233e+04
12.8 1.216912e+04 1.222749e+04 1.221037e+04 1.215201e+04
13.8 1.223682e+04 1.222814e+04 1.221078e+04 1.221946e+04
14.8 1.212909e+04 1.220891e+04 1.221100e+04 1.213118e+04
15.8 1.231621e+04 1.221684e+04 1.221115e+04 1.231052e+04
16.8 1.223170e+04 1.220406e+04 1.221125e+04 1.223889e+04
17.8 1.226647e+04 1.220276e+04 1.221135e+04 1.227505e+04
0.3 1.221268e+04 1.219795e+04 1.221280e+04 1.222753e+04
1.3 1.217500e+04 1.223035e+04 1.222933e+04 1.217398e+04
2.3 1.239961e+04 1.229391e+04 1.227211e+04 1.237782e+04
3.3 1.213048e+04 1.225645e+04 1.227105e+04 1.214507e+04
4.3 1.219351e+04 1.226493e+04 1.224420e+04 1.217278e+04
5.3 1.237599e+04 1.222127e+04 1.222352e+04 1.237824e+04
6.3 1.210874e+04 1.220575e+04 1.221236e+04 1.211535e+04
7.3 1.221068e+04 1.217537e+04 1.220791e+04 1.224322e+04
8.3 1.226163e+04 1.214295e+04 1.220718e+04 1.232586e+04
9.3 1.230902e+04 1.230955e+04 1.220835e+04 1.220782e+04
10.3 1.225182e+04 1.223418e+04 1.220996e+04 1.222760e+04
11.3 1.210259e+04 1.219138e+04 1.221131e+04 1.212252e+04
12.3 1.221267e+04 1.218481e+04 1.221215e+04 1.224001e+04
13.3 1.226692e+04 1.212633e+04 1.221260e+04 1.235319e+04
14.3 1.226703e+04 1.223853e+04 1.221282e+04 1.224132e+04
15.3 1.209162e+04 1.217324e+04 1.221292e+04 1.213130e+04
16.3 1.209215e+04 1.216373e+04 1.221297e+04 1.214139e+04
17.3 1.214557e+04 1.221636e+04 1.221298e+04 1.214220e+04
0.4 1.217379e+04 1.219276e+04 1.220946e+04 1.219050e+04
1.4 1.218142e+04 1.224380e+04 1.222691e+04 1.216452e+04
2.4 1.228521e+04 1.223277e+04 1.226910e+04 1.232154e+04
3.4 1.212990e+04 1.227044e+04 1.226620e+04 1.212566e+04
4.4 1.222045e+04 1.222345e+04 1.223968e+04 1.223667e+04
5.4 1.215871e+04 1.220928e+04 1.221914e+04 1.216857e+04
6.4 1.228739e+04 1.220893e+04 1.220808e+04 1.228654e+04
7.4 1.220488e+04 1.220739e+04 1.220365e+04 1.220114e+04
8.4 1.209339e+04 1.218628e+04 1.220293e+04 1.211004e+04
9.4 1.221847e+04 1.220821e+04 1.221950e+04 1.222976e+04
10.4 1.221626e+04 1.221258e+04 1.226420e+04 1.226788e+04
11.4 1.216858e+04 1.215675e+04 1.226506e+04 1.227689e+04
12.4 1.222053e+04 1.225320e+04 1.223964e+04 1.220697e+04
13.4 1.219708e+04 1.221011e+04 1.221873e+04 1.220571e+04
14.4 1.212788e+04 1.218997e+04 1.220794e+04 1.214585e+04
15.4 1.219992e+04 1.219775e+04 1.220346e+04 1.220562e+04
16.4 1.233344e+04 1.221786e+04 1.220272e+04 1.231830e+04
17.4 1.224133e+04 1.221365e+04 1.220391e+04 1.223158e+04
0.3 1.209339e+04 1.218628e+04 1.220293e+04 1.211004e+04
1.3 1.221847e+04 1.220821e+04 1.221950e+04 1.222976e+04
2.3 1.221626e+04 1.221258e+04 1.226420e+04 1.226788e+04
3.3 1.216858e+04 1.215675e+04 1.226506e+04 1.227689e+04
4.3 1.222053e+04 1.225320e+04 1.223964e+04 1.220697e+04
5.3 1.219708e+04 1.221011e+04 1.221873e+04 1.220571e+04
6.3 1.212788e+04 1.218997e+04 1.220794e+04 1.214585e+04
7.3 1.219992e+04 1.219775e+04 1.220346e+04 1.220562e+04
8.3 1.233344e+04 1.221786e+04 1.220272e+04 1.231830e+04
9.3 1.224133e+04 1.221365e+04 1.220391e+04 1.223158e+04
10.3 1.224375e+04 1.220427e+04 1.220561e+04 1.224509e+04
11.3 1.221108e+04 1.219551e+04 1.220697e+04 1.222254e+04
12.3 1.205286e+04 1.215528e+04 1.220788e+04 1.210546e+04
13.3 1.220158e+04 1.219959e+04 1.220845e+04 1.221043e+04
14.3 1.224533e+04 1.220385e+04 1.220880e+04 1.225028e+04
15.3 1.233919e+04 1.219906e+04 1.220906e+04 1.234919e+04
16.3 1.216303e+04 1.222115e+04 1.220929e+04 1.215118e+04
17.3 1.227712e+04 1.225698e+04 1.220953e+04 1.222966e+04
