0.5 1.243756e+04 1.242655e+04 1.240923e+04 1.242024e+04
1.5 1.240051e+04 1.241859e+04 1.240283e+04 1.238476e+04
2.5 1.237850e+04 1.240477e+04 1.239119e+04 1.236491e+04
3.5 1.241771e+04 1.239843e+04 1.239333e+04 1.241261e+04
4.5 1.243252e+04 1.243697e+04 1.240117e+04 1.239671e+04
5.5 1.246745e+04 1.242749e+04 1.240699e+04 1.244695e+04
6.5 1.245521e+04 1.241738e+04 1.240990e+04 1.244772e+04
7.5 1.233815e+04 1.240673e+04 1.241107e+04 1.234248e+04
8.5 1.248491e+04 1.243672e+04 1.241121e+04 1.245940e+04
9.5 1.245405e+04 1.241547e+04 1.241087e+04 1.244945e+04
10.5 1.240797e+04 1.241753e+04 1.241042e+04 1.240086e+04
11.5 1.248857e+04 1.242292e+04 1.241007e+04 1.247572e+04
12.5 1.233312e+04 1.241438e+04 1.240987e+04 1.232861e+04
13.5 1.235276e+04 1.243115e+04 1.240976e+04 1.233137e+04
14.5 1.237314e+04 1.241073e+04 1.240972e+04 1.237213e+04
15.5 1.251653e+04 1.240106e+04 1.240971e+04 1.252518e+04
16.5 1.242265e+04 1.238696e+04 1.240971e+04 1.244541e+04
17.5 1.224279e+04 1.237256e+04 1.240972e+04 1.227995e+04
0.2 1.242269e+04 1.242167e+04 1.240972e+04 1.241074e+04
1.2 1.241903e+04 1.242826e+04 1.240631e+04 1.239708e+04
2.2 1.240621e+04 1.241473e+04 1.239340e+04 1.238488e+04
3.2 1.229760e+04 1.239694e+04 1.239207e+04 1.229272e+04
4.2 1.233216e+04 1.238895e+04 1.239955e+04 1.234277e+04
5.2 1.240045e+04 1.241023e+04 1.240610e+04 1.239632e+04
6.2 1.242893e+04 1.242528e+04 1.240956e+04 1.241320e+04
7.2 1.252726e+04 1.242018e+04 1.241103e+04 1.251811e+04
8.2 1.248029e+04 1.242939e+04 1.241133e+04 1.246223e+04
9.2 1.247682e+04 1.244029e+04 1.241102e+04 1.244755e+04
10.2 1.243808e+04 1.239812e+04 1.241052e+04 1.245048e+04
11.2 1.245359e+04 1.241700e+04 1.241010e+04 1.244668e+04
12.2 1.251301e+04 1.244367e+04 1.240981e+04 1.247915e+04
13.2 1.237146e+04 1.243779e+04 1.240955e+04 1.234322e+04
14.2 1.243808e+04 1.241703e+04 1.240166e+04 1.242271e+04
15.2 1.254085e+04 1.240439e+04 1.239079e+04 1.252725e+04
16.2 1.239987e+04 1.240111e+04 1.239411e+04 1.239288e+04
17.2 1.242384e+04 1.243600e+04 1.240185e+04 1.238968e+04
0.6 1.237146e+04 1.243779e+04 1.240955e+04 1.234322e+04
1.6 1.243808e+04 1.241703e+04 1.240166e+04 1.242271e+04
2.6 1.254085e+04 1.240439e+04 1.239079e+04 1.252725e+04
3.6 1.239987e+04 1.240111e+04 1.239411e+04 1.239288e+04
4.6 1.242384e+04 1.243600e+04 1.240185e+04 1.238968e+04
5.6 1.236825e+04 1.240816e+04 1.240728e+04 1.236737e+04
6.6 1.228986e+04 1.238798e+04 1.240991e+04 1.231178e+04
7.6 1.232563e+04 1.238108e+04 1.241089e+04 1.235545e+04
8.6 1.239482e+04 1.239987e+04 1.241088e+04 1.240583e+04
9.6 1.227892e+04 1.243026e+04 1.241045e+04 1.225910e+04
10.6 1.240207e+04 1.243297e+04 1.240994e+04 1.237905e+04
11.6 1.239118e+04 1.237524e+04 1.240955e+04 1.242549e+04
12.6 1.245765e+04 1.238749e+04 1.240929e+04 1.247945e+04
13.6 1.242522e+04 1.239915e+04 1.240914e+04 1.243521e+04
14.6 1.242381e+04 1.237546e+04 1.240905e+04 1.245739e+04
15.6 1.247006e+04 1.239439e+04 1.240899e+04 1.248466e+04
16.6 1.241505e+04 1.240292e+04 1.240894e+04 1.242106e+04
17.6 1.244548e+04 1.241080e+04 1.240889e+04 1.244357e+04
0.3 1.247348e+04 1.242298e+04 1.240956e+04 1.246006e+04
1.3 1.247164e+04 1.238713e+04 1.240536e+04 1.248987e+04
2.3 1.240681e+04 1.241064e+04 1.239246e+04 1.238863e+04
3.3 1.228754e+04 1.240450e+04 1.239247e+04 1.227550e+04
4.3 1.233662e+04 1.238873e+04 1.240015e+04 1.234804e+04
5.3 1.238879e+04 1.242257e+04 1.240651e+04 1.237273e+04
6.3 1.241347e+04 1.241579e+04 1.240983e+04 1.240751e+04
7.3 1.238906e+04 1.242528e+04 1.241126e+04 1.237504e+04
8.3 1.241435e+04 1.243155e+04 1.241152e+04 1.239432e+04
9.3 1.249867e+04 1.241766e+04 1.241123e+04 1.249223e+04
10.3 1.247082e+04 1.242156e+04 1.241077e+04 1.246003e+04
11.3 1.235902e+04 1.238912e+04 1.241040e+04 1.238030e+04
12.3 1.243526e+04 1.243525e+04 1.241016e+04 1.241018e+04
13.3 1.243942e+04 1.235095e+04 1.241004e+04 1.249851e+04
14.3 1.229840e+04 1.232407e+04 1.240999e+04 1.238432e+04
15.3 1.237239e+04 1.246162e+04 1.240997e+04 1.232074e+04
16.3 1.236286e+04 1.243003e+04 1.240996e+04 1.234278e+04
17.3 1.251846e+04 1.242270e+04 1.240449e+04 1.250025e+04
0.4 1.236286e+04 1.243003e+04 1.240996e+04 1.234278e+04
1.4 1.251846e+04 1.242270e+04 1.240449e+04 1.250025e+04
2.4 1.233336e+04 1.241070e+04 1.239223e+04 1.231489e+04
3.4 1.251433e+04 1.240302e+04 1.239321e+04 1.250452e+04
4.4 1.251145e+04 1.238683e+04 1.240113e+04 1.252575e+04
5.4 1.238034e+04 1.233413e+04 1.240703e+04 1.245324e+04
6.4 1.234895e+04 1.237989e+04 1.241017e+04 1.237922e+04
7.4 1.239355e+04 1.241273e+04 1.241139e+04 1.239221e+04
8.4 1.238211e+04 1.243066e+04 1.241127e+04 1.236273e+04
9.4 1.229794e+04 1.241914e+04 1.240110e+04 1.227990e+04
10.4 1.249705e+04 1.240601e+04 1.239170e+04 1.248274e+04
11.4 1.238547e+04 1.239646e+04 1.239607e+04 1.238508e+04
12.4 1.236301e+04 1.236159e+04 1.240341e+04 1.240483e+04
13.4 1.236683e+04 1.234043e+04 1.240815e+04 1.243456e+04
14.4 1.233515e+04 1.239332e+04 1.241049e+04 1.235232e+04
15.4 1.244304e+04 1.237914e+04 1.241124e+04 1.247513e+04
16.4 1.236201e+04 1.239244e+04 1.241112e+04 1.238069e+04
17.4 1.241056e+04 1.240020e+04 1.241063e+04 1.242099e+04
0.7 1.238211e+04 1.243066e+04 1.241127e+04 1.236273e+04
1.7 1.229794e+04 1.241914e+04 1.240110e+04 1.227990e+04
2.7 1.249705e+04 1.240601e+04 1.239170e+04 1.248274e+04
3.7 1.238547e+04 1.239646e+04 1.239607e+04 1.238508e+04
4.7 1.236301e+04 1.236159e+04 1.240341e+04 1.240483e+04
5.7 1.236683e+04 1.234043e+04 1.240815e+04 1.243456e+04
6.7 1.233515e+04 1.239332e+04 1.241049e+04 1.235232e+04
7.7 1.244304e+04 1.237914e+04 1.241124e+04 1.247513e+04
8.7 1.236201e+04 1.239244e+04 1.241112e+04 1.238069e+04
9.7 1.241056e+04 1.240020e+04 1.241063e+04 1.242099e+04
10.7 1.239108e+04 1.240917e+04 1.241011e+04 1.239202e+04
11.7 1.240223e+04 1.241571e+04 1.240970e+04 1.239622e+04
12.7 1.255401e+04 1.242497e+04 1.240944e+04 1.253848e+04
13.7 1.239837e+04 1.241747e+04 1.240926e+04 1.239015e+04
14.7 1.232933e+04 1.238983e+04 1.240913e+04 1.234864e+04
15.7 1.233025e+04 1.237674e+04 1.240903e+04 1.236254e+04
16.7 1.243069e+04 1.236529e+04 1.240894e+04 1.247434e+04
17.7 1.241286e+04 1.238661e+04 1.240885e+04 1.243510e+04
