0.1 1.327158e+04 1.318495e+04 1.312798e+04 1.321461e+04
1.1 1.296477e+04 1.315973e+04 1.312405e+04 1.292908e+04
2.1 1.325216e+04 1.315901e+04 1.310498e+04 1.319813e+04
3.1 1.323547e+04 1.309699e+04 1.310136e+04 1.323984e+04
4.1 1.313481e+04 1.316422e+04 1.311213e+04 1.308271e+04
5.1 1.295914e+04 1.309510e+04 1.312197e+04 1.298601e+04
6.1 1.319528e+04 1.312645e+04 1.312756e+04 1.319640e+04
7.1 1.310596e+04 1.308622e+04 1.312994e+04 1.314968e+04
8.1 1.298502e+04 1.311703e+04 1.313051e+04 1.299850e+04
9.1 1.317828e+04 1.317980e+04 1.313012e+04 1.312860e+04
10.1 1.322936e+04 1.313725e+04 1.312943e+04 1.322153e+04
11.1 1.323844e+04 1.317239e+04 1.312881e+04 1.319485e+04
12.1 1.306905e+04 1.310436e+04 1.312840e+04 1.309309e+04
13.1 1.307968e+04 1.315281e+04 1.312817e+04 1.305504e+04
14.1 1.314349e+04 1.317061e+04 1.312806e+04 1.310094e+04
15.1 1.310940e+04 1.318154e+04 1.312801e+04 1.305587e+04
16.1 1.311472e+04 1.313561e+04 1.312799e+04 1.310709e+04
17.1 1.306860e+04 1.314540e+04 1.312797e+04 1.305117e+04
0.2 1.316810e+04 1.321101e+04 1.312818e+04 1.308527e+04
1.2 1.299943e+04 1.316082e+04 1.312354e+04 1.296214e+04
2.2 1.304383e+04 1.310636e+04 1.310409e+04 1.304156e+04
3.2 1.302066e+04 1.309685e+04 1.310195e+04 1.302576e+04
4.2 1.317813e+04 1.313594e+04 1.311324e+04 1.315543e+04
5.2 1.313027e+04 1.316316e+04 1.312277e+04 1.308989e+04
6.2 1.329441e+04 1.314916e+04 1.312801e+04 1.327326e+04
7.2 1.304413e+04 1.310430e+04 1.313032e+04 1.307015e+04
8.2 1.320120e+04 1.306566e+04 1.313081e+04 1.326635e+04
9.2 1.304613e+04 1.304070e+04 1.313039e+04 1.313583e+04
10.2 1.317365e+04 1.306526e+04 1.312972e+04 1.323811e+04
11.2 1.326238e+04 1.313280e+04 1.312915e+04 1.325874e+04
12.2 1.301745e+04 1.316821e+04 1.312878e+04 1.297802e+04
13.2 1.301017e+04 1.314830e+04 1.312860e+04 1.299047e+04
14.2 1.315029e+04 1.313280e+04 1.312852e+04 1.314601e+04
15.2 1.314437e+04 1.312747e+04 1.312851e+04 1.314540e+04
16.2 1.294149e+04 1.312056e+04 1.312852e+04 1.294945e+04
17.2 1.333956e+04 1.318954e+04 1.312855e+04 1.327856e+04
0.6 1.315319e+04 1.317839e+04 1.313409e+04 1.310889e+04
1.6 1.342367e+04 1.313005e+04 1.312193e+04 1.341556e+04
2.6 1.330658e+04 1.310363e+04 1.310726e+04 1.331022e+04
3.6 1.302573e+04 1.312082e+04 1.311326e+04 1.301818e+04
4.6 1.321981e+04 1.316788e+04 1.312507e+04 1.317700e+04
5.6 1.310024e+04 1.317208e+04 1.313195e+04 1.306010e+04
6.6 1.313769e+04 1.312537e+04 1.311898e+04 1.313130e+04
7.6 1.295745e+04 1.307803e+04 1.311134e+04 1.299075e+04
8.6 1.312040e+04 1.312265e+04 1.312087e+04 1.311862e+04
9.6 1.303431e+04 1.315588e+04 1.313147e+04 1.300991e+04
10.6 1.334037e+04 1.315345e+04 1.313319e+04 1.332011e+04
11.6 1.289638e+04 1.312353e+04 1.311702e+04 1.288987e+04
12.6 1.299861e+04 1.311689e+04 1.311541e+04 1.299714e+04
13.6 1.328380e+04 1.310241e+04 1.312668e+04 1.330807e+04
0.9 1.310024e+04 1.317208e+04 1.313195e+04 1.306010e+04
1.9 1.313769e+04 1.312537e+04 1.311898e+04 1.313130e+04
2.9 1.295745e+04 1.307803e+04 1.311134e+04 1.299075e+04
3.9 1.312040e+04 1.312265e+04 1.312087e+04 1.311862e+04
4.9 1.303431e+04 1.315588e+04 1.313147e+04 1.300991e+04
5.9 1.334037e+04 1.315345e+04 1.313319e+04 1.332011e+04
6.9 1.289638e+04 1.312353e+04 1.311702e+04 1.288987e+04
7.9 1.299861e+04 1.311689e+04 1.311541e+04 1.299714e+04
8.9 1.328380e+04 1.310241e+04 1.312668e+04 1.330807e+04
0.2 1.303431e+04 1.315588e+04 1.313147e+04 1.300991e+04
1.2 1.334037e+04 1.315345e+04 1.313319e+04 1.332011e+04
2.2 1.289638e+04 1.312353e+04 1.311702e+04 1.288987e+04
3.2 1.299861e+04 1.311689e+04 1.311541e+04 1.299714e+04
4.2 1.328380e+04 1.310241e+04 1.312668e+04 1.330807e+04
