0.4 1.041468e+04 1.041233e+04 1.042568e+04 1.042803e+04
1.4 1.044600e+04 1.043050e+04 1.042506e+04 1.044056e+04
2.4 1.049933e+04 1.049254e+04 1.042343e+04 1.043022e+04
3.4 1.060515e+04 1.052297e+04 1.042351e+04 1.050569e+04
4.4 1.047525e+04 1.048275e+04 1.042450e+04 1.041701e+04
5.4 1.046410e+04 1.041077e+04 1.042529e+04 1.047862e+04
6.4 1.037530e+04 1.042038e+04 1.042569e+04 1.038061e+04
7.4 1.041066e+04 1.044716e+04 1.042586e+04 1.038936e+04
8.4 1.038021e+04 1.045925e+04 1.042588e+04 1.034684e+04
9.4 1.048628e+04 1.046631e+04 1.042584e+04 1.044581e+04
10.4 1.052069e+04 1.046969e+04 1.042578e+04 1.047677e+04
11.4 1.046026e+04 1.041930e+04 1.042573e+04 1.046669e+04
12.4 1.039052e+04 1.040439e+04 1.042569e+04 1.041183e+04
13.4 1.034379e+04 1.040265e+04 1.042568e+04 1.036681e+04
14.4 1.037492e+04 1.038417e+04 1.042567e+04 1.041642e+04
15.4 1.038425e+04 1.046868e+04 1.042566e+04 1.034124e+04
16.4 1.048109e+04 1.043895e+04 1.042566e+04 1.046780e+04
17.4 1.035664e+04 1.038425e+04 1.042566e+04 1.039805e+04
0.4 1.047653e+04 1.039434e+04 1.042572e+04 1.050790e+04
1.4 1.031944e+04 1.043382e+04 1.042498e+04 1.031059e+04
2.4 1.049939e+04 1.055425e+04 1.042343e+04 1.036858e+04
3.4 1.047562e+04 1.046748e+04 1.042361e+04 1.043175e+04
4.4 1.042704e+04 1.045791e+04 1.042463e+04 1.039376e+04
5.4 1.037368e+04 1.043127e+04 1.042538e+04 1.036779e+04
6.4 1.046072e+04 1.042924e+04 1.042578e+04 1.045725e+04
7.4 1.039068e+04 1.042749e+04 1.042593e+04 1.038913e+04
8.4 1.037716e+04 1.042963e+04 1.042596e+04 1.037348e+04
9.4 1.043115e+04 1.044368e+04 1.042592e+04 1.041338e+04
10.4 1.038500e+04 1.045503e+04 1.042586e+04 1.035583e+04
11.4 1.054263e+04 1.047352e+04 1.042581e+04 1.049492e+04
12.4 1.038260e+04 1.045215e+04 1.042579e+04 1.035624e+04
13.4 1.045680e+04 1.040324e+04 1.042577e+04 1.047933e+04
14.4 1.041502e+04 1.040043e+04 1.042577e+04 1.044036e+04
15.4 1.055135e+04 1.046544e+04 1.042577e+04 1.051168e+04
16.4 1.030409e+04 1.037870e+04 1.042577e+04 1.035117e+04
17.4 1.036782e+04 1.042916e+04 1.042577e+04 1.036443e+04
0.8 1.027007e+04 1.040677e+04 1.042571e+04 1.028901e+04
1.8 1.046333e+04 1.046004e+04 1.042428e+04 1.042757e+04
2.8 1.050252e+04 1.046179e+04 1.042338e+04 1.046410e+04
3.8 1.050685e+04 1.045472e+04 1.042412e+04 1.047625e+04
4.8 1.044377e+04 1.042801e+04 1.042507e+04 1.044083e+04
5.8 1.030756e+04 1.038284e+04 1.042567e+04 1.035038e+04
6.8 1.045449e+04 1.038358e+04 1.042594e+04 1.049686e+04
7.8 1.030921e+04 1.037604e+04 1.042603e+04 1.035920e+04
8.8 1.035681e+04 1.036259e+04 1.042602e+04 1.042024e+04
9.8 1.046559e+04 1.038008e+04 1.042597e+04 1.051147e+04
10.8 1.045226e+04 1.045243e+04 1.042591e+04 1.042575e+04
11.8 1.047471e+04 1.045534e+04 1.042587e+04 1.044524e+04
12.8 1.033323e+04 1.039916e+04 1.042585e+04 1.035993e+04
13.8 1.041052e+04 1.039768e+04 1.042585e+04 1.043869e+04
14.8 1.042168e+04 1.040348e+04 1.042584e+04 1.044405e+04
15.8 1.048324e+04 1.043786e+04 1.042584e+04 1.047122e+04
16.8 1.043951e+04 1.036203e+04 1.042584e+04 1.050333e+04
17.8 1.054317e+04 1.046529e+04 1.042585e+04 1.050373e+04
0.9 1.033758e+04 1.041995e+04 1.042574e+04 1.034337e+04
1.9 1.041201e+04 1.041704e+04 1.042422e+04 1.041919e+04
2.9 1.033874e+04 1.044023e+04 1.042345e+04 1.032196e+04
3.9 1.034808e+04 1.043931e+04 1.042423e+04 1.033300e+04
4.9 1.041263e+04 1.042625e+04 1.042518e+04 1.041156e+04
5.9 1.051333e+04 1.039552e+04 1.042574e+04 1.054355e+04
6.9 1.040688e+04 1.040910e+04 1.042600e+04 1.042378e+04
7.9 1.040248e+04 1.041620e+04 1.042607e+04 1.041235e+04
8.9 1.045740e+04 1.043061e+04 1.042605e+04 1.045284e+04
9.9 1.041337e+04 1.044803e+04 1.042599e+04 1.039133e+04
10.9 1.042489e+04 1.041446e+04 1.042594e+04 1.043637e+04
11.9 1.038466e+04 1.041739e+04 1.042584e+04 1.039312e+04
12.9 1.041364e+04 1.044725e+04 1.042454e+04 1.039093e+04
13.9 1.049516e+04 1.049114e+04 1.042342e+04 1.042745e+04
14.9 1.041531e+04 1.037868e+04 1.042406e+04 1.046069e+04
15.9 1.033206e+04 1.040211e+04 1.042502e+04 1.035497e+04
16.9 1.044114e+04 1.039830e+04 1.042565e+04 1.046849e+04
17.9 1.049624e+04 1.042865e+04 1.042591e+04 1.049349e+04
0.7 1.038466e+04 1.041739e+04 1.042584e+04 1.039312e+04
1.7 1.041364e+04 1.044725e+04 1.042454e+04 1.039093e+04
2.7 1.049516e+04 1.049114e+04 1.042342e+04 1.042745e+04
3.7 1.041531e+04 1.037868e+04 1.042406e+04 1.046069e+04
4.7 1.033206e+04 1.040211e+04 1.042502e+04 1.035497e+04
5.7 1.044114e+04 1.039830e+04 1.042565e+04 1.046849e+04
6.7 1.049624e+04 1.042865e+04 1.042591e+04 1.049349e+04
7.7 1.052827e+04 1.050565e+04 1.042480e+04 1.044742e+04
8.7 1.054530e+04 1.044200e+04 1.042360e+04 1.052690e+04
9.7 1.049811e+04 1.048035e+04 1.042413e+04 1.044188e+04
10.7 1.047749e+04 1.046552e+04 1.042506e+04 1.043703e+04
11.7 1.033681e+04 1.038294e+04 1.042564e+04 1.037951e+04
12.7 1.031281e+04 1.040046e+04 1.042592e+04 1.033827e+04
13.7 1.040996e+04 1.037216e+04 1.042601e+04 1.046381e+04
14.7 1.032493e+04 1.043649e+04 1.042600e+04 1.031444e+04
15.7 1.055345e+04 1.042909e+04 1.042593e+04 1.055029e+04
16.7 1.044595e+04 1.041809e+04 1.042587e+04 1.045373e+04
17.7 1.054509e+04 1.043404e+04 1.042582e+04 1.053686e+04
0.7 1.049624e+04 1.042865e+04 1.042591e+04 1.049349e+04
1.7 1.052827e+04 1.050565e+04 1.042480e+04 1.044742e+04
2.7 1.054530e+04 1.044200e+04 1.042360e+04 1.052690e+04
3.7 1.049811e+04 1.048035e+04 1.042413e+04 1.044188e+04
4.7 1.047749e+04 1.046552e+04 1.042506e+04 1.043703e+04
5.7 1.033681e+04 1.038294e+04 1.042564e+04 1.037951e+04
6.7 1.031281e+04 1.040046e+04 1.042592e+04 1.033827e+04
7.7 1.040996e+04 1.037216e+04 1.042601e+04 1.046381e+04
8.7 1.032493e+04 1.043649e+04 1.042600e+04 1.031444e+04
9.7 1.055345e+04 1.042909e+04 1.042593e+04 1.055029e+04
10.7 1.044595e+04 1.041809e+04 1.042587e+04 1.045373e+04
11.7 1.054509e+04 1.043404e+04 1.042582e+04 1.053686e+04
12.7 1.049809e+04 1.046460e+04 1.042578e+04 1.045927e+04
13.7 1.050041e+04 1.047765e+04 1.042576e+04 1.044852e+04
14.7 1.046351e+04 1.045548e+04 1.042575e+04 1.043379e+04
15.7 1.036880e+04 1.042744e+04 1.042574e+04 1.036711e+04
16.7 1.040560e+04 1.040633e+04 1.042573e+04 1.042500e+04
17.7 1.038771e+04 1.041765e+04 1.042573e+04 1.039579e+04
