0.1 9.716735e+03 9.526301e+03 9.471688e+03 9.662122e+03
1.1 9.707361e+03 9.471516e+03 9.474842e+03 9.710687e+03
2.1 9.637398e+03 9.543645e+03 9.507109e+03 9.600862e+03
3.1 9.666331e+03 9.593047e+03 9.558442e+03 9.631726e+03
4.1 9.679691e+03 9.701894e+03 9.593424e+03 9.571222e+03
5.1 9.775929e+03 9.723792e+03 9.608662e+03 9.660799e+03
6.1 9.836392e+03 9.754384e+03 9.611589e+03 9.693597e+03
7.1 9.813053e+03 9.701520e+03 9.608577e+03 9.720111e+03
8.1 9.595358e+03 9.542793e+03 9.603603e+03 9.656168e+03
9.1 9.650373e+03 9.582745e+03 9.599084e+03 9.666712e+03
10.1 9.676602e+03 9.623674e+03 9.595758e+03 9.648686e+03
11.1 9.672406e+03 9.601291e+03 9.593597e+03 9.664713e+03
12.1 9.715324e+03 9.594930e+03 9.592345e+03 9.712739e+03
13.1 9.664578e+03 9.652726e+03 9.591586e+03 9.603438e+03
14.1 9.606435e+03 9.588725e+03 9.591093e+03 9.608803e+03
15.1 9.630031e+03 9.599399e+03 9.590717e+03 9.621348e+03
16.1 9.540529e+03 9.626514e+03 9.590393e+03 9.504408e+03
17.1 9.590883e+03 9.664596e+03 9.590017e+03 9.516305e+03
18.1 9.490169e+03 9.628527e+03 9.576934e+03 9.438576e+03
19.1 9.666189e+03 9.605215e+03 9.531655e+03 9.592630e+03
20.1 9.634665e+03 9.570552e+03 9.484637e+03 9.548749e+03
21.1 9.562267e+03 9.545331e+03 9.457135e+03 9.474072e+03
22.1 9.536864e+03 9.518865e+03 9.447484e+03 9.465482e+03
23.1 9.422124e+03 9.427168e+03 9.447131e+03 9.442087e+03
24.1 9.332325e+03 9.330118e+03 9.450718e+03 9.452925e+03
25.1 9.423113e+03 9.272927e+03 9.455067e+03 9.605252e+03
26.1 9.462850e+03 9.257066e+03 9.458689e+03 9.664474e+03
27.1 9.419304e+03 9.268373e+03 9.460957e+03 9.611889e+03
28.1 9.421863e+03 9.289892e+03 9.462196e+03 9.594167e+03
29.1 9.329969e+03 9.288457e+03 9.462717e+03 9.504229e+03
30.1 9.386565e+03 9.300681e+03 9.462878e+03 9.548762e+03
31.1 9.419003e+03 9.329036e+03 9.462876e+03 9.552844e+03
32.1 9.293416e+03 9.333465e+03 9.462809e+03 9.422760e+03
33.1 9.262085e+03 9.339282e+03 9.462727e+03 9.385530e+03
