0.6 1.026007e+04 1.001659e+04 1.002633e+04 1.026981e+04
1.6 1.033198e+04 9.855402e+03 9.981430e+03 1.045801e+04
2.6 1.039794e+04 1.015343e+04 9.847743e+03 1.009226e+04
3.6 1.028753e+04 9.746622e+03 9.716632e+03 1.025754e+04
4.6 1.003758e+04 9.180472e+03 9.647679e+03 1.050479e+04
5.6 9.778737e+03 9.514964e+03 9.624509e+03 9.888282e+03
6.6 9.610506e+03 9.874631e+03 9.626385e+03 9.362260e+03
7.6 9.221274e+03 9.504696e+03 9.638078e+03 9.354656e+03
8.6 8.894163e+03 9.511393e+03 9.651563e+03 9.034333e+03
9.6 8.789927e+03 9.053150e+03 9.662058e+03 9.398835e+03
10.6 8.788208e+03 9.056793e+03 9.669053e+03 9.400468e+03
11.6 8.761627e+03 8.934710e+03 9.672893e+03 9.499811e+03
12.6 8.815322e+03 9.377765e+03 9.674852e+03 9.112408e+03
13.6 8.691179e+03 9.049513e+03 9.675797e+03 9.317463e+03
14.6 1.016561e+04 9.697265e+03 9.676221e+03 1.014456e+04
15.6 9.514999e+03 9.301891e+03 9.676419e+03 9.889527e+03
16.6 1.020264e+04 1.015145e+04 9.676506e+03 9.727703e+03
17.6 1.040094e+04 1.021323e+04 9.683962e+03 9.871672e+03
18.6 1.011152e+04 9.986824e+03 9.772944e+03 9.897644e+03
19.6 9.533279e+03 9.650400e+03 9.917365e+03 9.800245e+03
20.6 9.775612e+03 9.927662e+03 1.002460e+04 9.872546e+03
21.6 9.841704e+03 9.954904e+03 1.007139e+04 9.958185e+03
22.6 1.013706e+04 1.005921e+04 1.008191e+04 1.015975e+04
23.6 1.011651e+04 1.023635e+04 1.007463e+04 9.954783e+03
24.6 1.005078e+04 1.010624e+04 1.006162e+04 1.000616e+04
25.6 1.012172e+04 1.019647e+04 1.004898e+04 9.974227e+03
26.6 1.014599e+04 1.036505e+04 1.003998e+04 9.820916e+03
27.6 1.035730e+04 1.036383e+04 1.003437e+04 1.002783e+04
28.6 1.064153e+04 1.039983e+04 1.003116e+04 1.027287e+04
29.6 1.058672e+04 1.032492e+04 1.002947e+04 1.029127e+04
30.6 1.019148e+04 1.008221e+04 1.002846e+04 1.013773e+04
31.6 1.025482e+04 1.014047e+04 1.002775e+04 1.014210e+04
32.6 1.027127e+04 1.020644e+04 1.002714e+04 1.009198e+04
33.6 1.024989e+04 1.016709e+04 1.002654e+04 1.010935e+04
