0.4 1.403592e+04 1.431461e+04 1.421149e+04 1.393280e+04
1.4 1.372592e+04 1.425284e+04 1.418934e+04 1.366242e+04
2.4 1.410339e+04 1.416407e+04 1.409967e+04 1.403898e+04
3.4 1.409030e+04 1.408020e+04 1.399662e+04 1.400672e+04
4.4 1.377763e+04 1.410626e+04 1.393641e+04 1.360778e+04
5.4 1.469329e+04 1.406798e+04 1.391252e+04 1.453783e+04
6.4 1.383194e+04 1.404982e+04 1.390970e+04 1.369182e+04
7.4 1.310891e+04 1.359208e+04 1.391568e+04 1.343251e+04
8.4 1.337915e+04 1.366765e+04 1.392392e+04 1.363542e+04
9.4 1.380928e+04 1.375719e+04 1.393040e+04 1.398250e+04
10.4 1.368313e+04 1.380083e+04 1.393440e+04 1.381669e+04
11.4 1.350116e+04 1.388855e+04 1.393597e+04 1.354857e+04
12.4 1.453590e+04 1.401233e+04 1.393605e+04 1.445962e+04
13.4 1.392786e+04 1.387576e+04 1.393532e+04 1.398743e+04
14.4 1.466627e+04 1.379220e+04 1.393418e+04 1.480825e+04
15.4 1.420962e+04 1.382467e+04 1.393287e+04 1.431782e+04
16.4 1.418458e+04 1.364093e+04 1.393150e+04 1.447515e+04
17.4 1.374055e+04 1.387167e+04 1.393210e+04 1.380097e+04
18.4 1.332949e+04 1.374710e+04 1.397997e+04 1.356236e+04
19.4 1.388663e+04 1.396655e+04 1.408170e+04 1.400178e+04
20.4 1.406622e+04 1.414681e+04 1.416681e+04 1.408621e+04
21.4 1.404720e+04 1.422016e+04 1.420670e+04 1.403374e+04
22.4 1.438954e+04 1.422556e+04 1.421702e+04 1.438099e+04
23.4 1.436317e+04 1.422761e+04 1.421224e+04 1.434781e+04
24.4 1.428042e+04 1.419769e+04 1.420195e+04 1.428467e+04
25.4 1.442212e+04 1.416581e+04 1.419126e+04 1.444757e+04
26.4 1.387766e+04 1.415231e+04 1.418304e+04 1.390838e+04
27.4 1.413766e+04 1.409004e+04 1.417739e+04 1.422501e+04
28.4 1.412261e+04 1.411600e+04 1.417366e+04 1.418027e+04
29.4 1.409781e+04 1.416197e+04 1.417121e+04 1.410705e+04
30.4 1.385515e+04 1.417782e+04 1.416936e+04 1.384669e+04
31.4 1.406948e+04 1.406235e+04 1.416782e+04 1.417494e+04
32.4 1.406829e+04 1.414745e+04 1.416639e+04 1.408724e+04
33.4 1.405597e+04 1.418880e+04 1.416501e+04 1.403219e+04
0.6 1.421913e+04 1.415577e+04 1.415005e+04 1.421342e+04
1.6 1.430251e+04 1.419864e+04 1.411747e+04 1.422134e+04
2.6 1.432751e+04 1.418936e+04 1.401992e+04 1.415806e+04
3.6 1.396344e+04 1.409953e+04 1.392429e+04 1.378820e+04
4.6 1.393461e+04 1.412658e+04 1.386987e+04 1.367791e+04
5.6 1.375908e+04 1.410227e+04 1.385106e+04 1.350787e+04
6.6 1.425958e+04 1.403754e+04 1.385047e+04 1.407250e+04
7.6 1.387694e+04 1.405492e+04 1.385736e+04 1.367938e+04
8.6 1.406600e+04 1.408765e+04 1.386547e+04 1.384382e+04
9.6 1.405173e+04 1.407743e+04 1.387192e+04 1.384621e+04
10.6 1.418405e+04 1.405892e+04 1.387554e+04 1.400068e+04
11.6 1.415160e+04 1.412356e+04 1.387707e+04 1.390512e+04
12.6 1.405917e+04 1.401505e+04 1.387715e+04 1.392127e+04
13.6 1.366643e+04 1.391731e+04 1.387650e+04 1.362561e+04
14.6 1.423537e+04 1.406044e+04 1.387551e+04 1.405043e+04
15.6 1.373718e+04 1.407718e+04 1.387437e+04 1.353436e+04
16.6 1.391800e+04 1.416413e+04 1.387317e+04 1.362704e+04
17.6 1.365692e+04 1.407774e+04 1.387679e+04 1.345597e+04
18.6 1.437243e+04 1.390722e+04 1.393579e+04 1.440100e+04
19.6 1.367908e+04 1.397573e+04 1.404168e+04 1.374503e+04
20.6 1.281392e+04 1.399314e+04 1.411802e+04 1.293879e+04
21.6 1.432944e+04 1.407600e+04 1.415306e+04 1.440650e+04
22.6 1.426163e+04 1.410006e+04 1.416007e+04 1.432165e+04
23.6 1.450344e+04 1.409989e+04 1.415416e+04 1.455771e+04
24.6 1.417979e+04 1.403306e+04 1.414355e+04 1.429028e+04
25.6 1.460245e+04 1.405907e+04 1.413357e+04 1.467695e+04
26.6 1.408420e+04 1.407493e+04 1.412584e+04 1.413511e+04
27.6 1.449763e+04 1.433015e+04 1.412081e+04 1.428829e+04
28.6 1.450878e+04 1.426353e+04 1.411762e+04 1.436287e+04
29.6 1.437761e+04 1.433397e+04 1.411550e+04 1.415914e+04
30.6 1.485011e+04 1.409390e+04 1.411397e+04 1.487019e+04
31.6 1.442911e+04 1.425279e+04 1.411269e+04 1.428901e+04
32.6 1.457547e+04 1.423344e+04 1.411153e+04 1.445356e+04
33.6 1.442509e+04 1.419726e+04 1.411041e+04 1.433824e+04
