0.1 7.082594e+03 7.244384e+03 7.167495e+03 7.005705e+03
1.1 6.974400e+03 7.310032e+03 7.162181e+03 6.826549e+03
2.1 7.004981e+03 7.186909e+03 7.107830e+03 6.925902e+03
3.1 6.827962e+03 7.116106e+03 7.021365e+03 6.733221e+03
4.1 6.801668e+03 7.153308e+03 6.962440e+03 6.610800e+03
5.1 6.994516e+03 7.120471e+03 6.936772e+03 6.810817e+03
6.1 7.851545e+03 7.141606e+03 6.931843e+03 7.641782e+03
7.1 7.653350e+03 7.090957e+03 6.936915e+03 7.499309e+03
8.1 7.346564e+03 6.926420e+03 6.945294e+03 7.365437e+03
9.1 7.377941e+03 6.982676e+03 6.952905e+03 7.348170e+03
10.1 7.123943e+03 7.038605e+03 6.958508e+03 7.043846e+03
11.1 7.156104e+03 7.017932e+03 6.962148e+03 7.100321e+03
12.1 6.858559e+03 7.013481e+03 6.964257e+03 6.809335e+03
13.1 6.979291e+03 7.083830e+03 6.965536e+03 6.860998e+03
14.1 7.113788e+03 7.008940e+03 6.966367e+03 7.071215e+03
15.1 7.179104e+03 7.022364e+03 6.967000e+03 7.123740e+03
16.1 6.926794e+03 7.055168e+03 6.967546e+03 6.839172e+03
17.1 6.482312e+03 7.101130e+03 6.968178e+03 6.349360e+03
18.1 6.465944e+03 7.093201e+03 6.990216e+03 6.362959e+03
19.1 6.775430e+03 7.193712e+03 7.066484e+03 6.648203e+03
20.1 7.418016e+03 7.317206e+03 7.145684e+03 7.246494e+03
21.1 7.185318e+03 7.313966e+03 7.192007e+03 7.063359e+03
22.1 6.825264e+03 7.330755e+03 7.208265e+03 6.702774e+03
23.1 6.700438e+03 7.219666e+03 7.208858e+03 6.689631e+03
24.1 7.170175e+03 7.381007e+03 7.202817e+03 6.991984e+03
25.1 7.233552e+03 7.362274e+03 7.195492e+03 7.066769e+03
26.1 7.202726e+03 7.236888e+03 7.189389e+03 7.155228e+03
27.1 6.786397e+03 6.934706e+03 7.185569e+03 7.037260e+03
28.1 7.001645e+03 6.615942e+03 7.183482e+03 7.569185e+03
29.1 7.611647e+03 7.170329e+03 7.182605e+03 7.623922e+03
30.1 7.205699e+03 7.167362e+03 7.182333e+03 7.220671e+03
31.1 6.521161e+03 6.502026e+03 7.182337e+03 7.201472e+03
32.1 6.565266e+03 6.587648e+03 7.182450e+03 7.160068e+03
33.1 6.316983e+03 6.570322e+03 7.182588e+03 6.929248e+03
