0.1 9.158167e+03 9.054454e+03 9.065231e+03 9.168944e+03
1.1 9.167561e+03 8.926849e+03 9.066975e+03 9.307687e+03
2.1 9.193887e+03 9.051841e+03 9.084809e+03 9.226855e+03
3.1 9.170173e+03 9.067223e+03 9.113182e+03 9.216132e+03
4.1 9.226296e+03 9.143110e+03 9.132518e+03 9.215705e+03
5.1 9.189933e+03 9.164725e+03 9.140941e+03 9.166149e+03
6.1 9.179669e+03 9.189137e+03 9.142558e+03 9.133090e+03
7.1 9.123873e+03 9.143127e+03 9.140894e+03 9.121639e+03
8.1 9.025419e+03 9.020433e+03 9.138144e+03 9.143130e+03
9.1 9.065672e+03 9.052925e+03 9.135647e+03 9.148394e+03
10.1 9.065106e+03 9.082226e+03 9.133808e+03 9.116688e+03
11.1 9.068363e+03 9.066657e+03 9.132614e+03 9.134320e+03
12.1 9.068964e+03 9.061765e+03 9.131922e+03 9.139120e+03
13.1 9.072854e+03 9.098708e+03 9.131502e+03 9.105648e+03
14.1 9.035378e+03 9.055633e+03 9.131229e+03 9.110974e+03
15.1 9.074021e+03 9.061406e+03 9.131021e+03 9.143637e+03
16.1 9.096535e+03 9.077867e+03 9.130843e+03 9.149511e+03
17.1 9.117470e+03 9.101472e+03 9.130635e+03 9.146633e+03
18.1 9.119822e+03 9.081604e+03 9.123404e+03 9.161621e+03
19.1 9.117554e+03 9.071949e+03 9.098377e+03 9.143982e+03
20.1 9.027235e+03 9.003696e+03 9.072388e+03 9.095927e+03
21.1 9.034811e+03 9.073223e+03 9.057188e+03 9.018776e+03
22.1 9.027982e+03 9.049989e+03 9.051853e+03 9.029846e+03
23.1 9.030630e+03 9.008747e+03 9.051658e+03 9.073541e+03
24.1 9.041710e+03 9.009969e+03 9.053640e+03 9.085382e+03
25.1 9.085895e+03 8.986266e+03 9.056044e+03 9.155673e+03
26.1 9.099943e+03 8.983158e+03 9.058047e+03 9.174832e+03
27.1 9.067528e+03 8.998289e+03 9.059300e+03 9.128539e+03
28.1 9.051501e+03 9.016357e+03 9.059985e+03 9.095129e+03
29.1 9.012751e+03 8.994136e+03 9.060273e+03 9.078888e+03
30.1 9.003678e+03 8.997569e+03 9.060362e+03 9.066471e+03
31.1 8.984635e+03 9.024361e+03 9.060361e+03 9.020634e+03
32.1 8.995630e+03 9.022156e+03 9.060324e+03 9.033798e+03
33.1 9.016616e+03 9.023758e+03 9.060278e+03 9.053136e+03
