0.1 1.073851e+04 1.059681e+04 1.051630e+04 1.065800e+04
1.1 1.075817e+04 1.062752e+04 1.052076e+04 1.065142e+04
2.1 1.074007e+04 1.064069e+04 1.056642e+04 1.066579e+04
3.1 1.076181e+04 1.072392e+04 1.063905e+04 1.067694e+04
4.1 1.076853e+04 1.085681e+04 1.068855e+04 1.060027e+04
5.1 1.086320e+04 1.087668e+04 1.071011e+04 1.069663e+04
6.1 1.102889e+04 1.090759e+04 1.071425e+04 1.083556e+04
7.1 1.105584e+04 1.085314e+04 1.070999e+04 1.091269e+04
8.1 1.073929e+04 1.068319e+04 1.070295e+04 1.075905e+04
9.1 1.080803e+04 1.072266e+04 1.069656e+04 1.078193e+04
10.1 1.078755e+04 1.076606e+04 1.069185e+04 1.071334e+04
11.1 1.081281e+04 1.073987e+04 1.068879e+04 1.076173e+04
12.1 1.083524e+04 1.073200e+04 1.068702e+04 1.079026e+04
13.1 1.083139e+04 1.079749e+04 1.068595e+04 1.071985e+04
14.1 1.077425e+04 1.072434e+04 1.068525e+04 1.073516e+04
15.1 1.079289e+04 1.073639e+04 1.068472e+04 1.074122e+04
16.1 1.065596e+04 1.076724e+04 1.068426e+04 1.057299e+04
17.1 1.069424e+04 1.081059e+04 1.068373e+04 1.056737e+04
18.1 1.055393e+04 1.076323e+04 1.066522e+04 1.045592e+04
19.1 1.083536e+04 1.072257e+04 1.060115e+04 1.071394e+04
20.1 1.075648e+04 1.070472e+04 1.053462e+04 1.058637e+04
21.1 1.061964e+04 1.060869e+04 1.049571e+04 1.050666e+04
22.1 1.056881e+04 1.058271e+04 1.048205e+04 1.046815e+04
23.1 1.046689e+04 1.047896e+04 1.048155e+04 1.046948e+04
24.1 1.038093e+04 1.033270e+04 1.048663e+04 1.053486e+04
25.1 1.049511e+04 1.026646e+04 1.049278e+04 1.072143e+04
26.1 1.048556e+04 1.024876e+04 1.049791e+04 1.073471e+04
27.1 1.047230e+04 1.026207e+04 1.050111e+04 1.071134e+04
28.1 1.049405e+04 1.028858e+04 1.050287e+04 1.070834e+04
29.1 1.036139e+04 1.028837e+04 1.050360e+04 1.057662e+04
30.1 1.039532e+04 1.030354e+04 1.050383e+04 1.059561e+04
31.1 1.047352e+04 1.034213e+04 1.050383e+04 1.063523e+04
32.1 1.027374e+04 1.034762e+04 1.050373e+04 1.042986e+04
33.1 1.021333e+04 1.035498e+04 1.050362e+04 1.036197e+04
