1.0 9.023584e+03 9.162917e+03 9.092420e+03 8.953086e+03
2.0 9.153284e+03 9.155692e+03 9.087530e+03 9.085122e+03
3.0 9.153128e+03 9.176208e+03 9.079074e+03 9.055994e+03
4.0 9.356814e+03 9.212635e+03 9.073045e+03 9.217224e+03
5.0 9.423248e+03 9.107430e+03 9.070301e+03 9.386119e+03
6.0 9.414382e+03 9.179977e+03 9.069665e+03 9.304070e+03
7.0 9.439172e+03 9.286400e+03 9.070066e+03 9.222839e+03
8.0 9.441387e+03 9.321598e+03 9.070825e+03 9.190614e+03
9.0 9.444357e+03 9.062112e+03 9.071528e+03 9.453773e+03
10.0 9.411624e+03 9.254019e+03 9.072040e+03 9.229645e+03
11.0 9.438233e+03 9.349401e+03 9.072359e+03 9.161192e+03
12.0 9.341434e+03 9.224256e+03 9.072525e+03 9.189703e+03
13.0 9.331347e+03 9.249325e+03 9.072606e+03 9.154628e+03
14.0 9.369517e+03 9.108207e+03 9.072641e+03 9.333951e+03
15.0 9.338365e+03 9.161400e+03 9.072657e+03 9.249621e+03
16.0 9.232843e+03 9.056759e+03 9.072664e+03 9.248747e+03
17.0 9.262917e+03 9.135868e+03 9.072672e+03 9.199722e+03
18.0 9.060443e+03 8.978584e+03 9.074418e+03 9.156277e+03
19.0 9.125578e+03 9.138899e+03 9.081495e+03 9.068173e+03
20.0 9.367388e+03 9.182898e+03 9.089312e+03 9.273801e+03
21.0 9.219327e+03 9.100976e+03 9.094029e+03 9.212380e+03
22.0 9.234861e+03 9.134892e+03 9.095726e+03 9.195695e+03
23.0 9.311638e+03 9.298131e+03 9.095822e+03 9.109328e+03
24.0 9.433216e+03 9.433507e+03 9.095221e+03 9.094930e+03
25.0 9.412239e+03 9.398107e+03 9.094468e+03 9.108600e+03
26.0 9.471811e+03 9.544553e+03 9.093823e+03 9.021081e+03
27.0 9.471520e+03 9.528217e+03 9.093401e+03 9.036705e+03
28.0 9.443675e+03 9.399566e+03 9.093152e+03 9.137262e+03
29.0 9.479441e+03 9.427512e+03 9.093028e+03 9.144956e+03
30.0 9.468490e+03 9.484874e+03 9.092966e+03 9.076583e+03
31.0 9.468178e+03 9.455870e+03 9.092935e+03 9.105243e+03
32.0 9.467421e+03 9.413850e+03 9.092917e+03 9.146488e+03
33.0 9.448425e+03 9.547163e+03 9.092904e+03 8.994166e+03
34.0 9.450542e+03 9.324048e+03 9.092893e+03 9.219387e+03
0.4 8.605732e+03 8.942895e+03 9.092167e+03 8.755004e+03
1.4 8.705411e+03 8.979956e+03 9.090803e+03 8.816259e+03
2.4 8.656980e+03 8.985055e+03 9.084128e+03 8.756052e+03
3.4 8.697156e+03 8.903631e+03 9.075917e+03 8.869442e+03
4.4 8.607811e+03 8.819555e+03 9.070978e+03 8.859234e+03
5.4 8.668314e+03 9.063427e+03 9.068995e+03 8.673882e+03
6.4 8.638260e+03 8.861292e+03 9.068769e+03 8.845737e+03
7.4 8.674805e+03 8.878133e+03 9.069290e+03 8.865962e+03
8.4 8.642297e+03 8.957919e+03 9.070020e+03 8.754399e+03
9.4 8.680797e+03 9.007164e+03 9.070623e+03 8.744256e+03
10.4 8.749490e+03 9.099743e+03 9.071030e+03 8.720777e+03
11.4 8.761913e+03 9.091286e+03 9.071240e+03 8.741867e+03
12.4 8.914409e+03 9.111960e+03 9.071327e+03 8.873776e+03
13.4 8.883248e+03 9.027944e+03 9.071345e+03 8.926650e+03
14.4 9.097093e+03 9.200138e+03 9.071328e+03 8.968283e+03
15.4 9.133435e+03 9.072415e+03 9.071295e+03 9.132316e+03
16.4 9.182348e+03 9.076494e+03 9.071257e+03 9.177110e+03
17.4 9.129498e+03 8.987579e+03 9.071315e+03 9.213234e+03
18.4 9.067233e+03 9.085640e+03 9.074723e+03 9.056315e+03
19.4 9.041375e+03 9.094755e+03 9.082716e+03 9.029336e+03
20.4 9.278797e+03 9.012805e+03 9.089756e+03 9.355748e+03
21.4 9.327220e+03 9.153157e+03 9.093204e+03 9.267267e+03
22.4 9.291723e+03 9.161775e+03 9.094214e+03 9.224162e+03
23.4 9.159914e+03 8.980889e+03 9.093958e+03 9.272983e+03
24.4 8.989962e+03 9.009241e+03 9.093221e+03 9.073942e+03
25.4 9.190011e+03 8.956504e+03 9.092430e+03 9.325937e+03
26.4 9.202587e+03 9.004391e+03 9.091825e+03 9.290021e+03
27.4 9.219996e+03 9.009646e+03 9.091423e+03 9.301774e+03
28.4 9.117854e+03 9.013569e+03 9.091178e+03 9.195464e+03
29.4 9.111769e+03 9.026240e+03 9.091036e+03 9.176565e+03
30.4 9.092102e+03 9.046849e+03 9.090945e+03 9.136198e+03
31.4 9.149655e+03 9.107791e+03 9.090878e+03 9.132742e+03
32.4 8.970287e+03 9.068107e+03 9.090820e+03 8.993000e+03
33.4 9.068015e+03 9.098320e+03 9.090766e+03 9.060461e+03
