0.6 9.455281e+03 9.365945e+03 9.317516e+03 9.406852e+03
1.6 9.555308e+03 9.180583e+03 9.256603e+03 9.631328e+03
2.6 9.588133e+03 9.330679e+03 9.075247e+03 9.332702e+03
3.6 9.356932e+03 8.951979e+03 8.897387e+03 9.302340e+03
4.6 9.025752e+03 8.614137e+03 8.803848e+03 9.215463e+03
5.6 8.795691e+03 8.759913e+03 8.772417e+03 8.808195e+03
6.6 8.677219e+03 8.931564e+03 8.774962e+03 8.520617e+03
7.6 8.568309e+03 8.767948e+03 8.790824e+03 8.591185e+03
8.6 8.453476e+03 8.782540e+03 8.809118e+03 8.480054e+03
9.6 8.477897e+03 8.566384e+03 8.823354e+03 8.734868e+03
10.6 8.422201e+03 8.572016e+03 8.832843e+03 8.683028e+03
11.6 8.419701e+03 8.513566e+03 8.838053e+03 8.744189e+03
12.6 8.449858e+03 8.736061e+03 8.840710e+03 8.554507e+03
13.6 8.460473e+03 8.573238e+03 8.841992e+03 8.729227e+03
14.6 9.038015e+03 8.897887e+03 8.842567e+03 8.982695e+03
15.6 8.819113e+03 8.700912e+03 8.842836e+03 8.961037e+03
16.6 9.070154e+03 9.126372e+03 8.842954e+03 8.786736e+03
17.6 9.366012e+03 9.166876e+03 8.853068e+03 9.052205e+03
18.6 9.067713e+03 9.143125e+03 8.973778e+03 8.898366e+03
19.6 8.863023e+03 8.986254e+03 9.169695e+03 9.046464e+03
20.6 8.896484e+03 9.210953e+03 9.315161e+03 9.000692e+03
21.6 8.946905e+03 9.175813e+03 9.378633e+03 9.149725e+03
22.6 9.121518e+03 9.339597e+03 9.392907e+03 9.174827e+03
23.6 9.030470e+03 9.653437e+03 9.383032e+03 8.760064e+03
24.6 9.046328e+03 9.330151e+03 9.365381e+03 9.081557e+03
25.6 8.993185e+03 9.330922e+03 9.348241e+03 9.010504e+03
26.6 9.030425e+03 9.469173e+03 9.336023e+03 8.897275e+03
27.6 9.199671e+03 9.417612e+03 9.328413e+03 9.110472e+03
28.6 9.839023e+03 9.448825e+03 9.324068e+03 9.714266e+03
29.6 9.712969e+03 9.357793e+03 9.321766e+03 9.676942e+03
30.6 9.187946e+03 9.063994e+03 9.320397e+03 9.444349e+03
31.6 9.259294e+03 9.144179e+03 9.319444e+03 9.434559e+03
32.6 9.212880e+03 9.231204e+03 9.318617e+03 9.300294e+03
33.6 9.211458e+03 9.183859e+03 9.317804e+03 9.345402e+03
