9.773197e+03 9.493367e+03 9.580493e+03 9.686071e+03
9.665932e+03 9.493367e+03 9.575246e+03 9.584052e+03
8.896169e+03 9.493387e+03 9.585071e+03 8.804485e+03
8.988417e+03 9.495657e+03 9.574541e+03 8.909533e+03
9.847971e+03 9.500196e+03 9.542296e+03 9.805871e+03
9.600947e+03 9.507059e+03 9.510005e+03 9.598001e+03
9.607421e+03 9.531454e+03 9.533442e+03 9.605432e+03
9.849813e+03 9.528459e+03 9.515753e+03 9.862519e+03
9.479799e+03 9.524547e+03 9.505690e+03 9.498656e+03
9.119329e+03 9.397970e+03 9.243879e+03 9.273420e+03
9.041462e+03 9.417232e+03 9.286763e+03 9.171931e+03
9.106892e+03 9.440382e+03 9.337125e+03 9.210149e+03
9.198220e+03 9.451539e+03 9.361439e+03 9.288320e+03
9.178687e+03 9.474950e+03 9.410406e+03 9.243231e+03
9.633011e+03 9.508257e+03 9.479495e+03 9.661773e+03
9.734207e+03 9.472298e+03 9.403230e+03 9.803275e+03
9.674471e+03 9.450612e+03 9.356655e+03 9.768428e+03
9.503153e+03 9.459899e+03 9.374857e+03 9.588194e+03
9.412198e+03 9.411574e+03 9.272390e+03 9.551383e+03
9.049581e+03 9.473244e+03 9.401089e+03 9.121736e+03
9.023285e+03 9.431270e+03 9.332185e+03 9.122370e+03
9.147519e+03 9.468313e+03 9.451824e+03 9.164007e+03
9.422663e+03 9.491527e+03 9.538211e+03 9.375979e+03
9.456685e+03 9.492953e+03 9.561108e+03 9.388529e+03
9.599362e+03 9.493700e+03 9.565834e+03 9.527229e+03
9.706780e+03 9.491355e+03 9.559715e+03 9.638421e+03
9.753577e+03 9.492249e+03 9.551335e+03 9.694492e+03
9.724210e+03 9.492302e+03 9.544900e+03 9.671612e+03
9.562143e+03 9.492524e+03 9.549524e+03 9.505143e+03
9.520351e+03 9.493341e+03 9.507975e+03 9.505717e+03
9.561530e+03 9.493240e+03 9.531806e+03 9.522964e+03
9.514284e+03 9.493246e+03 9.569185e+03 9.438345e+03
9.349438e+03 9.493312e+03 9.580589e+03 9.262161e+03
9.531177e+03 9.493370e+03 9.488283e+03 9.536264e+03
9.564884e+03 9.493362e+03 9.554672e+03 9.503575e+03
9.503335e+03 9.493365e+03 9.586574e+03 9.410126e+03
9.695593e+03 9.493367e+03 9.542396e+03 9.646565e+03
9.713949e+03 9.493367e+03 9.549970e+03 9.657345e+03
9.649582e+03 9.493367e+03 9.500517e+03 9.642432e+03
9.676297e+03 9.493367e+03 9.517730e+03 9.651933e+03
9.714328e+03 9.493367e+03 9.480819e+03 9.726876e+03
9.724684e+03 9.493367e+03 9.506927e+03 9.711124e+03
9.708430e+03 9.493367e+03 9.455936e+03 9.745860e+03
9.702783e+03 9.493367e+03 9.514605e+03 9.681545e+03
9.630657e+03 9.493367e+03 9.526471e+03 9.597552e+03
9.740803e+03 9.493367e+03 9.522737e+03 9.711433e+03
9.692724e+03 9.493384e+03 9.522997e+03 9.663112e+03
9.654916e+03 9.502978e+03 9.520364e+03 9.637530e+03
9.579945e+03 9.533638e+03 9.540035e+03 9.573548e+03
9.553061e+03 9.542927e+03 9.518979e+03 9.577008e+03
9.479328e+03 9.568367e+03 9.547079e+03 9.500615e+03
9.539652e+03 9.568228e+03 9.538894e+03 9.568986e+03
9.573701e+03 9.550881e+03 9.502775e+03 9.621807e+03
9.537272e+03 9.553722e+03 9.511415e+03 9.579579e+03
9.598368e+03 9.560234e+03 9.528215e+03 9.630387e+03
9.543954e+03 9.555592e+03 9.520950e+03 9.578597e+03
9.565481e+03 9.549667e+03 9.509651e+03 9.605496e+03
9.517426e+03 9.566652e+03 9.545316e+03 9.538761e+03
9.523367e+03 9.537857e+03 9.484497e+03 9.576728e+03
9.403365e+03 9.512207e+03 9.429911e+03 9.485661e+03
9.405236e+03 9.550880e+03 9.509859e+03 9.446257e+03
9.119921e+03 9.555895e+03 9.519274e+03 9.156543e+03
9.471085e+03 9.579637e+03 9.567887e+03 9.482836e+03
9.245200e+03 9.555602e+03 9.518702e+03 9.282100e+03
9.690347e+03 9.494836e+03 9.416859e+03 9.768324e+03
9.738611e+03 9.487907e+03 9.447412e+03 9.779106e+03
8.929831e+03 9.490818e+03 9.479487e+03 8.941161e+03
9.453752e+03 9.501031e+03 9.516872e+03 9.437911e+03
9.641757e+03 9.499790e+03 9.519190e+03 9.622357e+03
9.628795e+03 9.496921e+03 9.511867e+03 9.613849e+03
9.560583e+03 9.502630e+03 9.511204e+03 9.552009e+03
9.726044e+03 9.485491e+03 9.500485e+03 9.711050e+03
9.689833e+03 9.448221e+03 9.485559e+03 9.652496e+03
9.722252e+03 9.500841e+03 9.652166e+03 9.570927e+03
9.692678e+03 9.459474e+03 9.592873e+03 9.559279e+03
9.705394e+03 9.481981e+03 9.647589e+03 9.539786e+03
9.683011e+03 9.389954e+03 9.453723e+03 9.619242e+03
9.724988e+03 9.456548e+03 9.585637e+03 9.595899e+03
9.687434e+03 9.453713e+03 9.572947e+03 9.568201e+03
9.683775e+03 9.443667e+03 9.546535e+03 9.580906e+03
9.689305e+03 9.496030e+03 9.652068e+03 9.533267e+03
9.639357e+03 9.490313e+03 9.637753e+03 9.491917e+03
9.578517e+03 9.508096e+03 9.673346e+03 9.413267e+03
9.686585e+03 9.529390e+03 9.716743e+03 9.499231e+03
9.664052e+03 9.528173e+03 9.713304e+03 9.478921e+03
9.585663e+03 9.498389e+03 9.650252e+03 9.433799e+03
8.931776e+03 9.414374e+03 9.473897e+03 8.872253e+03
9.033410e+03 9.412352e+03 9.463178e+03 8.982584e+03
8.959278e+03 9.458434e+03 9.513187e+03 8.904526e+03
8.889643e+03 9.486913e+03 9.506768e+03 8.869788e+03
9.042007e+03 9.493364e+03 9.475388e+03 9.059983e+03
8.950019e+03 9.500288e+03 9.464167e+03 8.986140e+03
9.032496e+03 9.500615e+03 9.461130e+03 9.071980e+03
9.038409e+03 9.497157e+03 9.453910e+03 9.081657e+03
9.089800e+03 9.495106e+03 9.436408e+03 9.148498e+03
9.134931e+03 9.495144e+03 9.398818e+03 9.231256e+03
9.068195e+03 9.494700e+03 9.359788e+03 9.203107e+03
9.111365e+03 9.493276e+03 9.441389e+03 9.163252e+03
9.134219e+03 9.493574e+03 9.369416e+03 9.258378e+03
9.169014e+03 9.493443e+03 9.376990e+03 9.285467e+03
9.125772e+03 9.493380e+03 9.407110e+03 9.212043e+03
9.212971e+03 9.493368e+03 9.425545e+03 9.280794e+03
9.252932e+03 9.493365e+03 9.458299e+03 9.287999e+03
9.352210e+03 9.493367e+03 9.455611e+03 9.389966e+03
9.470947e+03 9.493367e+03 9.462856e+03 9.501457e+03
9.424900e+03 9.493367e+03 9.434116e+03 9.484151e+03
9.632329e+03 9.493367e+03 9.493278e+03 9.632418e+03
9.638018e+03 9.493367e+03 9.449577e+03 9.681808e+03
9.653177e+03 9.493367e+03 9.451099e+03 9.695445e+03
9.644019e+03 9.493367e+03 9.420922e+03 9.716464e+03
9.592258e+03 9.493367e+03 9.457683e+03 9.627942e+03
9.595548e+03 9.493367e+03 9.466277e+03 9.622638e+03
9.686270e+03 9.493367e+03 9.462276e+03 9.717361e+03
9.585867e+03 9.493367e+03 9.468452e+03 9.610782e+03
9.545758e+03 9.493367e+03 9.465320e+03 9.573805e+03
9.728751e+03 9.493367e+03 9.474677e+03 9.747441e+03
9.650652e+03 9.493168e+03 9.473045e+03 9.670774e+03
9.682352e+03 9.482624e+03 9.485402e+03 9.679573e+03
9.697426e+03 9.475075e+03 9.533708e+03 9.638792e+03
9.670362e+03 9.462123e+03 9.556871e+03 9.575613e+03
9.680108e+03 9.456041e+03 9.568392e+03 9.567757e+03
9.700448e+03 9.463916e+03 9.590669e+03 9.573694e+03
9.688274e+03 9.480777e+03 9.623046e+03 9.546005e+03
9.699491e+03 9.525508e+03 9.710640e+03 9.514359e+03
9.680183e+03 9.498654e+03 9.649403e+03 9.529435e+03
9.712062e+03 9.519109e+03 9.688172e+03 9.542999e+03
9.648276e+03 9.437221e+03 9.514956e+03 9.570541e+03
9.673478e+03 9.485339e+03 9.614454e+03 9.544363e+03
9.632207e+03 9.444211e+03 9.528264e+03 9.548153e+03
9.349037e+03 9.451333e+03 9.543307e+03 9.257063e+03
9.533627e+03 9.451091e+03 9.543161e+03 9.441557e+03
9.624655e+03 9.484699e+03 9.613876e+03 9.495478e+03
9.579527e+03 9.485460e+03 9.615983e+03 9.449005e+03
9.559678e+03 9.485670e+03 9.606411e+03 9.438937e+03
9.509526e+03 9.485099e+03 9.552846e+03 9.441780e+03
9.559169e+03 9.488277e+03 9.494152e+03 9.553294e+03
9.669903e+03 9.493128e+03 9.468568e+03 9.694463e+03
9.680874e+03 9.494016e+03 9.454756e+03 9.720135e+03
9.683508e+03 9.497970e+03 9.437072e+03 9.744406e+03
9.702860e+03 9.435811e+03 9.589893e+03 9.548778e+03
9.719638e+03 9.482431e+03 9.493282e+03 9.708787e+03
9.694433e+03 9.609895e+03 9.241712e+03 1.006262e+04
9.561182e+03 9.521430e+03 9.426447e+03 9.656164e+03
9.490039e+03 9.428314e+03 9.614801e+03 9.303551e+03
9.305694e+03 9.529745e+03 9.415258e+03 9.420181e+03
9.140918e+03 9.531894e+03 9.412433e+03 9.260379e+03
9.079189e+03 9.653487e+03 9.173504e+03 9.559172e+03
9.080739e+03 9.654074e+03 9.173594e+03 9.561219e+03
8.995163e+03 9.686475e+03 9.110869e+03 9.570769e+03
9.062133e+03 9.573737e+03 9.334536e+03 9.301334e+03
8.936613e+03 9.658560e+03 9.168446e+03 9.426727e+03
9.755489e+03 9.493408e+03 9.495582e+03 9.753316e+03
9.445187e+03 9.595272e+03 9.295969e+03 9.744490e+03
9.761302e+03 9.378478e+03 9.725083e+03 9.414697e+03
9.879426e+03 9.366051e+03 9.750848e+03 9.494629e+03
9.682652e+03 9.451397e+03 9.582071e+03 9.551978e+03
9.381194e+03 9.540070e+03 9.409275e+03 9.511989e+03
9.525924e+03 9.495289e+03 9.497528e+03 9.523685e+03
9.548376e+03 9.473237e+03 9.544327e+03 9.477285e+03
9.716735e+03 9.481713e+03 9.526301e+03 9.672148e+03
9.707361e+03 9.508915e+03 9.471516e+03 9.744760e+03
9.637398e+03 9.492698e+03 9.543645e+03 9.586451e+03
9.666331e+03 9.494260e+03 9.593047e+03 9.567545e+03
9.679691e+03 9.456250e+03 9.701894e+03 9.434047e+03
9.775929e+03 9.454412e+03 9.723792e+03 9.506549e+03
9.836392e+03 9.441275e+03 9.754384e+03 9.523283e+03
9.813053e+03 9.468687e+03 9.701520e+03 9.580221e+03
9.595358e+03 9.550719e+03 9.542793e+03 9.603283e+03
9.650373e+03 9.528733e+03 9.582745e+03 9.596361e+03
9.676602e+03 9.506814e+03 9.623674e+03 9.559742e+03
9.672406e+03 9.518855e+03 9.601291e+03 9.589970e+03
9.715324e+03 9.522953e+03 9.594930e+03 9.643347e+03
9.664578e+03 9.493493e+03 9.652726e+03 9.505345e+03
9.606435e+03 9.528434e+03 9.588725e+03 9.546144e+03
9.630031e+03 9.524075e+03 9.599399e+03 9.554706e+03
9.540529e+03 9.511096e+03 9.626514e+03 9.425111e+03
9.590883e+03 9.492332e+03 9.664596e+03 9.418620e+03
9.490169e+03 9.506087e+03 9.628527e+03 9.367729e+03
9.666189e+03 9.496126e+03 9.605215e+03 9.557101e+03
9.634665e+03 9.490123e+03 9.570552e+03 9.554236e+03
9.562267e+03 9.492394e+03 9.545331e+03 9.509330e+03
9.536864e+03 9.492018e+03 9.518865e+03 9.510017e+03
9.422124e+03 9.493486e+03 9.427168e+03 9.488442e+03
9.332325e+03 9.490920e+03 9.330118e+03 9.493128e+03
9.423113e+03 9.491882e+03 9.272927e+03 9.642067e+03
9.462850e+03 9.492807e+03 9.257066e+03 9.698592e+03
9.419304e+03 9.493429e+03 9.268373e+03 9.644361e+03
9.421863e+03 9.493575e+03 9.289892e+03 9.625546e+03
9.329969e+03 9.493329e+03 9.288457e+03 9.534841e+03
9.386565e+03 9.493353e+03 9.300681e+03 9.579237e+03
9.419003e+03 9.493385e+03 9.329036e+03 9.583353e+03
9.293416e+03 9.493372e+03 9.333465e+03 9.453323e+03
9.262085e+03 9.493368e+03 9.339282e+03 9.416171e+03
9.209680e+03 9.493367e+03 9.336080e+03 9.366967e+03
9.137884e+03 9.493367e+03 9.321850e+03 9.309401e+03
9.195339e+03 9.493367e+03 9.329691e+03 9.359015e+03
9.194808e+03 9.493367e+03 9.335136e+03 9.353039e+03
9.196148e+03 9.493367e+03 9.363712e+03 9.325803e+03
9.316357e+03 9.493367e+03 9.402055e+03 9.407669e+03
9.656166e+03 9.493367e+03 9.509443e+03 9.640090e+03
9.507320e+03 9.493367e+03 9.600161e+03 9.400526e+03
9.522050e+03 9.493367e+03 9.649886e+03 9.365531e+03
