8.696372e+03 9.237142e+03 9.172271e+03 8.761243e+03
8.637099e+03 9.237142e+03 9.404752e+03 8.469488e+03
8.224542e+03 9.237208e+03 8.758258e+03 8.703492e+03
8.330053e+03 9.244623e+03 9.027127e+03 8.547549e+03
8.857320e+03 9.259449e+03 9.110090e+03 9.006679e+03
8.795532e+03 9.281866e+03 9.114291e+03 8.963107e+03
8.799339e+03 9.361549e+03 8.877654e+03 9.283234e+03
8.970870e+03 9.351766e+03 8.938555e+03 9.384081e+03
8.790985e+03 9.338989e+03 8.984489e+03 9.145485e+03
1.038024e+04 8.925538e+03 1.042747e+04 8.878306e+03
1.054592e+04 8.988454e+03 1.021512e+04 9.319256e+03
1.025582e+04 9.064072e+03 9.949949e+03 9.369938e+03
1.023061e+04 9.100515e+03 9.820447e+03 9.510681e+03
1.012454e+04 9.176985e+03 9.541854e+03 9.759675e+03
9.926899e+03 9.285779e+03 9.142654e+03 1.007002e+04
9.824081e+03 9.168323e+03 9.573787e+03 9.418617e+03
9.843182e+03 9.097486e+03 9.834339e+03 9.106329e+03
9.963232e+03 9.127824e+03 9.723053e+03 9.368002e+03
9.976059e+03 8.969974e+03 1.030363e+04 8.642402e+03
1.022969e+04 9.171413e+03 9.563079e+03 9.838023e+03
1.024055e+04 9.034309e+03 1.012588e+04 9.148979e+03
1.010656e+04 9.155306e+03 9.749806e+03 9.512056e+03
1.005031e+04 9.231133e+03 9.371207e+03 9.910235e+03
9.940525e+03 9.235789e+03 9.156490e+03 1.001982e+04
9.855280e+03 9.238231e+03 9.181655e+03 9.911856e+03
9.608616e+03 9.230970e+03 9.102090e+03 9.737497e+03
9.353777e+03 9.237267e+03 9.125600e+03 9.465444e+03
9.158797e+03 9.248625e+03 9.092462e+03 9.314960e+03
8.615470e+03 9.265137e+03 9.034449e+03 8.846157e+03
8.603936e+03 9.239247e+03 9.225722e+03 8.617461e+03
8.592446e+03 9.261467e+03 9.097105e+03 8.756808e+03
8.516369e+03 9.292984e+03 8.908346e+03 8.901007e+03
8.345339e+03 9.302522e+03 8.842823e+03 8.805038e+03
8.654557e+03 9.227436e+03 9.300251e+03 8.581742e+03
8.571044e+03 9.281907e+03 8.956772e+03 8.896179e+03
8.501485e+03 9.308500e+03 8.784131e+03 9.025853e+03
8.810071e+03 9.273445e+03 9.006586e+03 9.076929e+03
8.924946e+03 9.280594e+03 8.960378e+03 9.245162e+03
8.856186e+03 9.241459e+03 9.212330e+03 8.885315e+03
8.898574e+03 9.256525e+03 9.115856e+03 9.039244e+03
9.090614e+03 9.227612e+03 9.302519e+03 9.015707e+03
9.155079e+03 9.249902e+03 9.159578e+03 9.245403e+03
9.468458e+03 9.207270e+03 9.443377e+03 9.232352e+03
9.314196e+03 9.245529e+03 9.141286e+03 9.418438e+03
8.694128e+03 9.243811e+03 9.030513e+03 8.907426e+03
9.143350e+03 9.237345e+03 9.215161e+03 9.165534e+03
8.950010e+03 9.234942e+03 9.125529e+03 9.059423e+03
8.830627e+03 9.255032e+03 8.748200e+03 9.337459e+03
8.635203e+03 9.357628e+03 8.579388e+03 9.413444e+03
8.640034e+03 9.393797e+03 8.687506e+03 9.346325e+03
8.473129e+03 9.478456e+03 8.478315e+03 9.473270e+03
8.481106e+03 9.479889e+03 8.509813e+03 9.451182e+03
8.646139e+03 9.424377e+03 8.704545e+03 9.365971e+03
8.608092e+03 9.433996e+03 8.660138e+03 9.381949e+03
8.560846e+03 9.455428e+03 8.569819e+03 9.446455e+03
8.538885e+03 9.440351e+03 8.611506e+03 9.367731e+03
8.495596e+03 9.421027e+03 8.674273e+03 9.242351e+03
8.453647e+03 9.476515e+03 8.467362e+03 9.462800e+03
8.445411e+03 9.382466e+03 8.810801e+03 9.017077e+03
8.278158e+03 9.298681e+03 9.118770e+03 8.458068e+03
8.269009e+03 9.425005e+03 8.655203e+03 9.038812e+03
8.148133e+03 9.441386e+03 8.595852e+03 8.993666e+03
8.331351e+03 9.518936e+03 8.311723e+03 9.538564e+03
8.143607e+03 9.440426e+03 8.592414e+03 8.991620e+03
8.815254e+03 9.241941e+03 9.295986e+03 8.761208e+03
9.329817e+03 9.219308e+03 9.388411e+03 9.160713e+03
9.896318e+03 9.228816e+03 9.731314e+03 9.393821e+03
9.561669e+03 9.262177e+03 9.528491e+03 9.295355e+03
9.399174e+03 9.258124e+03 9.404183e+03 9.253116e+03
9.344923e+03 9.248752e+03 9.337551e+03 9.256123e+03
9.461873e+03 9.267991e+03 9.744219e+03 8.985645e+03
9.365068e+03 9.226176e+03 9.552317e+03 9.038927e+03
9.258308e+03 9.149171e+03 9.521831e+03 8.885648e+03
9.361779e+03 9.252060e+03 9.309558e+03 9.304282e+03
9.401090e+03 9.169081e+03 9.370333e+03 9.199839e+03
9.338380e+03 9.214229e+03 9.358047e+03 9.194562e+03
9.253794e+03 9.028850e+03 9.415030e+03 8.867614e+03
9.315814e+03 9.162957e+03 9.377971e+03 9.100800e+03
9.237717e+03 9.157236e+03 9.384234e+03 9.010719e+03
9.267944e+03 9.136987e+03 9.398617e+03 9.006314e+03
9.261732e+03 9.242509e+03 9.342920e+03 9.161320e+03
9.258027e+03 9.230989e+03 9.350094e+03 9.138922e+03
9.441603e+03 9.266825e+03 9.329586e+03 9.378842e+03
9.382198e+03 9.309735e+03 9.304669e+03 9.387264e+03
9.345372e+03 9.307283e+03 9.307514e+03 9.345140e+03
9.478369e+03 9.247262e+03 9.345736e+03 9.379895e+03
9.874717e+03 9.077955e+03 9.450926e+03 9.501746e+03
1.000695e+04 9.073881e+03 9.466612e+03 9.614223e+03
9.906703e+03 9.166746e+03 9.449985e+03 9.623464e+03
1.014099e+04 9.224136e+03 9.376576e+03 9.988550e+03
9.966517e+03 9.237137e+03 9.246468e+03 9.957186e+03
9.852076e+03 9.251089e+03 9.572423e+03 9.530742e+03
9.892178e+03 9.251743e+03 9.536906e+03 9.607015e+03
9.861789e+03 9.242347e+03 9.434480e+03 9.669656e+03
9.875982e+03 9.231090e+03 9.403930e+03 9.703142e+03
9.799247e+03 9.207606e+03 9.551178e+03 9.455675e+03
9.929737e+03 9.179272e+03 9.693656e+03 9.415352e+03
9.823992e+03 9.246491e+03 9.258680e+03 9.811802e+03
9.866728e+03 9.187373e+03 9.614817e+03 9.439284e+03
9.763522e+03 9.192722e+03 9.586556e+03 9.369688e+03
9.837095e+03 9.216444e+03 9.446930e+03 9.606609e+03
9.791438e+03 9.230848e+03 9.359944e+03 9.662342e+03
9.678409e+03 9.257160e+03 9.194733e+03 9.740836e+03
9.682315e+03 9.254882e+03 9.209697e+03 9.727499e+03
9.524069e+03 9.260844e+03 9.172676e+03 9.612238e+03
9.599564e+03 9.237638e+03 9.323468e+03 9.513734e+03
9.325080e+03 9.285901e+03 9.014859e+03 9.596122e+03
9.440376e+03 9.250568e+03 9.244218e+03 9.446725e+03
9.363067e+03 9.251973e+03 9.237205e+03 9.377835e+03
9.370619e+03 9.227463e+03 9.397055e+03 9.201027e+03
9.387842e+03 9.252427e+03 9.216366e+03 9.423903e+03
9.352844e+03 9.247598e+03 9.184913e+03 9.415529e+03
9.000456e+03 9.236097e+03 9.359970e+03 8.876582e+03
8.514509e+03 9.230971e+03 9.006380e+03 8.739100e+03
8.732968e+03 9.226099e+03 8.974206e+03 8.984861e+03
9.448941e+03 9.242067e+03 9.452500e+03 9.238509e+03
9.458454e+03 9.238503e+03 9.377527e+03 9.319430e+03
9.253162e+03 9.218862e+03 9.520692e+03 8.951332e+03
9.137877e+03 9.201453e+03 9.450351e+03 8.888979e+03
9.085315e+03 9.174852e+03 9.457290e+03 8.802876e+03
9.294762e+03 9.162232e+03 9.457480e+03 8.999514e+03
9.330215e+03 9.177890e+03 9.453940e+03 9.054166e+03
9.422510e+03 9.211787e+03 9.445857e+03 9.188440e+03
9.406850e+03 9.301898e+03 9.410993e+03 9.297755e+03
9.567129e+03 9.247796e+03 9.429812e+03 9.385114e+03
9.490252e+03 9.289017e+03 9.406542e+03 9.372727e+03
9.435197e+03 9.123998e+03 9.499526e+03 9.059668e+03
9.485974e+03 9.220965e+03 9.445619e+03 9.261320e+03
9.416425e+03 9.138083e+03 9.497668e+03 9.056839e+03
9.768960e+03 9.152435e+03 9.491360e+03 9.430035e+03
9.737104e+03 9.151948e+03 9.493910e+03 9.395142e+03
9.618229e+03 9.219674e+03 9.454691e+03 9.383213e+03
9.621493e+03 9.221209e+03 9.455907e+03 9.386795e+03
9.791916e+03 9.221631e+03 9.453707e+03 9.559839e+03
9.736130e+03 9.220481e+03 9.447215e+03 9.509395e+03
9.605016e+03 9.226885e+03 9.478604e+03 9.353298e+03
9.520713e+03 9.236662e+03 9.309621e+03 9.447753e+03
9.455281e+03 9.238519e+03 9.365945e+03 9.327855e+03
9.555308e+03 9.232615e+03 9.180583e+03 9.607340e+03
9.588133e+03 9.245552e+03 9.330679e+03 9.503007e+03
9.356932e+03 9.237734e+03 8.951979e+03 9.642687e+03
9.025752e+03 9.234145e+03 8.614137e+03 9.645760e+03
8.795691e+03 9.236795e+03 8.759913e+03 9.272573e+03
8.677219e+03 9.237521e+03 8.931564e+03 8.983177e+03
8.568309e+03 9.237048e+03 8.767948e+03 9.037410e+03
8.453476e+03 9.237102e+03 8.782540e+03 8.908038e+03
8.477897e+03 9.237080e+03 8.566384e+03 9.148593e+03
8.422201e+03 9.237121e+03 8.572016e+03 9.087306e+03
8.419701e+03 9.237135e+03 8.513566e+03 9.143270e+03
8.449858e+03 9.237142e+03 8.736061e+03 8.950939e+03
8.460473e+03 9.237142e+03 8.573238e+03 9.124378e+03
9.038015e+03 9.237142e+03 8.897887e+03 9.377270e+03
8.819113e+03 9.237142e+03 8.700912e+03 9.355344e+03
9.070154e+03 9.237142e+03 9.126372e+03 9.180923e+03
9.366012e+03 9.237142e+03 9.166876e+03 9.436278e+03
9.067713e+03 9.237142e+03 9.143125e+03 9.161730e+03
8.863023e+03 9.237142e+03 8.986254e+03 9.113911e+03
8.896484e+03 9.237142e+03 9.210953e+03 8.922673e+03
8.946905e+03 9.237142e+03 9.175813e+03 9.008234e+03
9.121518e+03 9.237142e+03 9.339597e+03 9.019063e+03
9.030470e+03 9.237142e+03 9.653437e+03 8.614174e+03
9.046328e+03 9.237142e+03 9.330151e+03 8.953319e+03
8.993185e+03 9.237142e+03 9.330922e+03 8.899405e+03
9.030425e+03 9.237142e+03 9.469173e+03 8.798394e+03
9.199671e+03 9.237142e+03 9.417612e+03 9.019201e+03
9.839023e+03 9.237142e+03 9.448825e+03 9.627340e+03
9.712969e+03 9.237142e+03 9.357793e+03 9.592318e+03
9.187946e+03 9.237142e+03 9.063994e+03 9.361094e+03
9.259294e+03 9.237142e+03 9.144179e+03 9.352257e+03
9.212880e+03 9.237142e+03 9.231204e+03 9.218818e+03
9.211458e+03 9.237142e+03 9.183859e+03 9.264741e+03
9.165747e+03 9.237142e+03 9.167908e+03 9.234980e+03
9.170504e+03 9.237142e+03 9.291107e+03 9.116539e+03
9.170199e+03 9.237142e+03 9.147116e+03 9.260225e+03
9.194379e+03 9.237142e+03 9.166286e+03 9.265235e+03
9.138189e+03 9.237142e+03 9.221329e+03 9.154002e+03
9.180919e+03 9.237142e+03 9.300503e+03 9.117558e+03
9.046551e+03 9.237142e+03 9.247546e+03 9.036147e+03
9.146672e+03 9.237142e+03 9.327544e+03 9.056270e+03
9.256921e+03 9.237142e+03 9.518549e+03 8.975514e+03
9.260765e+03 9.237154e+03 9.329041e+03 9.168878e+03
9.185810e+03 9.240044e+03 9.369938e+03 9.055916e+03
9.178210e+03 9.235714e+03 9.383371e+03 9.030553e+03
9.154914e+03 9.309257e+03 9.327993e+03 9.136177e+03
9.213372e+03 9.322484e+03 9.332598e+03 9.203258e+03
9.279997e+03 9.298528e+03 9.314110e+03 9.264415e+03
9.178237e+03 9.223677e+03 9.264985e+03 9.136929e+03
9.202114e+03 9.141126e+03 9.218690e+03 9.124551e+03
9.305700e+03 9.276603e+03 9.302958e+03 9.279344e+03
9.298967e+03 9.272686e+03 9.303411e+03 9.268242e+03
9.243689e+03 9.102210e+03 9.222824e+03 9.123074e+03
9.200046e+03 9.121837e+03 9.236051e+03 9.085832e+03
9.189493e+03 9.115971e+03 9.235345e+03 9.070119e+03
9.285567e+03 9.182860e+03 9.266530e+03 9.201897e+03
9.333705e+03 9.344827e+03 9.339818e+03 9.338713e+03
9.351095e+03 9.309332e+03 9.323775e+03 9.336652e+03
9.309421e+03 9.295143e+03 9.317278e+03 9.287285e+03
9.191542e+03 9.093413e+03 9.229081e+03 9.055874e+03
9.400037e+03 9.213197e+03 9.314086e+03 9.299149e+03
9.509392e+03 9.218255e+03 9.402603e+03 9.325044e+03
9.465635e+03 9.232785e+03 9.503520e+03 9.194900e+03
9.525314e+03 9.233649e+03 9.371542e+03 9.387421e+03
