0.2 8.769933e+03 8.738982e+03 8.749403e+03 8.780353e+03
1.2 8.658586e+03 8.734962e+03 8.748225e+03 8.671849e+03
2.2 8.718731e+03 8.725473e+03 8.739925e+03 8.733183e+03
3.2 8.700533e+03 8.722153e+03 8.736717e+03 8.715097e+03
4.2 8.716460e+03 8.741746e+03 8.741127e+03 8.715841e+03
5.2 8.764883e+03 8.769385e+03 8.746082e+03 8.741580e+03
6.2 8.780887e+03 8.782279e+03 8.748919e+03 8.747526e+03
7.2 8.786254e+03 8.810221e+03 8.750244e+03 8.726277e+03
8.2 8.748696e+03 8.798851e+03 8.750608e+03 8.700453e+03
9.2 8.740729e+03 8.762795e+03 8.750477e+03 8.728411e+03
10.2 8.711272e+03 8.736042e+03 8.750160e+03 8.725390e+03
11.2 8.693236e+03 8.726561e+03 8.749528e+03 8.716203e+03
12.2 8.744883e+03 8.718747e+03 8.742550e+03 8.768686e+03
13.2 8.689922e+03 8.714460e+03 8.736306e+03 8.711768e+03
14.2 8.663815e+03 8.720125e+03 8.739321e+03 8.683012e+03
15.2 8.787993e+03 8.727932e+03 8.744771e+03 8.804832e+03
16.2 8.718154e+03 8.733477e+03 8.748264e+03 8.732940e+03
17.2 8.769375e+03 8.737028e+03 8.750009e+03 8.782356e+03
0.9 8.693236e+03 8.726561e+03 8.749528e+03 8.716203e+03
1.9 8.744883e+03 8.718747e+03 8.742550e+03 8.768686e+03
2.9 8.689922e+03 8.714460e+03 8.736306e+03 8.711768e+03
3.9 8.663815e+03 8.720125e+03 8.739321e+03 8.683012e+03
4.9 8.787993e+03 8.727932e+03 8.744771e+03 8.804832e+03
5.9 8.718154e+03 8.733477e+03 8.748264e+03 8.732940e+03
6.9 8.769375e+03 8.737028e+03 8.750009e+03 8.782356e+03
7.9 8.784968e+03 8.765274e+03 8.750603e+03 8.770297e+03
8.9 8.704956e+03 8.806703e+03 8.750578e+03 8.648831e+03
9.9 8.744738e+03 8.795789e+03 8.750276e+03 8.699225e+03
10.9 8.763635e+03 8.760469e+03 8.749957e+03 8.753122e+03
11.9 8.788655e+03 8.740361e+03 8.749716e+03 8.798010e+03
12.9 8.808472e+03 8.771581e+03 8.749576e+03 8.786467e+03
13.9 8.820570e+03 8.795715e+03 8.749505e+03 8.774360e+03
14.9 8.794469e+03 8.776782e+03 8.749472e+03 8.767159e+03
15.9 8.851323e+03 8.759955e+03 8.749459e+03 8.840827e+03
16.9 8.759408e+03 8.753796e+03 8.749454e+03 8.755066e+03
17.9 8.769276e+03 8.743659e+03 8.749453e+03 8.775070e+03
1.0 8.664525e+03 8.694132e+03 8.748780e+03 8.719174e+03
2.0 8.702803e+03 8.700262e+03 8.740952e+03 8.743492e+03
3.0 8.698422e+03 8.710383e+03 8.736243e+03 8.724282e+03
4.0 8.650069e+03 8.723214e+03 8.740171e+03 8.667026e+03
5.0 8.708415e+03 8.733368e+03 8.745485e+03 8.720532e+03
6.0 8.719670e+03 8.738314e+03 8.748574e+03 8.729930e+03
7.0 8.741700e+03 8.733902e+03 8.744695e+03 8.752494e+03
8.0 8.757411e+03 8.724743e+03 8.736862e+03 8.769530e+03
9.0 8.770485e+03 8.729190e+03 8.738389e+03 8.779684e+03
10.0 8.774617e+03 8.760324e+03 8.744098e+03 8.758392e+03
11.0 8.762926e+03 8.770634e+03 8.748101e+03 8.740393e+03
12.0 8.764948e+03 8.761429e+03 8.750144e+03 8.753663e+03
13.0 8.792864e+03 8.785450e+03 8.750882e+03 8.758296e+03
14.0 8.769892e+03 8.799222e+03 8.750912e+03 8.721582e+03
15.0 8.769481e+03 8.780647e+03 8.750605e+03 8.739439e+03
16.0 8.740232e+03 8.766169e+03 8.750253e+03 8.724316e+03
17.0 8.762434e+03 8.751791e+03 8.749977e+03 8.760621e+03
18.0 8.765937e+03 8.744595e+03 8.749818e+03 8.771160e+03
0.7 8.719670e+03 8.738314e+03 8.748574e+03 8.729930e+03
1.7 8.741700e+03 8.733902e+03 8.744695e+03 8.752494e+03
2.7 8.757411e+03 8.724743e+03 8.736862e+03 8.769530e+03
3.7 8.770485e+03 8.729190e+03 8.738389e+03 8.779684e+03
4.7 8.774617e+03 8.760324e+03 8.744098e+03 8.758392e+03
5.7 8.762926e+03 8.770634e+03 8.748101e+03 8.740393e+03
6.7 8.764948e+03 8.761429e+03 8.750144e+03 8.753663e+03
7.7 8.792864e+03 8.785450e+03 8.750882e+03 8.758296e+03
8.7 8.769892e+03 8.799222e+03 8.750912e+03 8.721582e+03
9.7 8.769481e+03 8.780647e+03 8.750605e+03 8.739439e+03
10.7 8.740232e+03 8.766169e+03 8.750253e+03 8.724316e+03
11.7 8.762434e+03 8.751791e+03 8.749977e+03 8.760621e+03
12.7 8.765937e+03 8.744595e+03 8.749818e+03 8.771160e+03
13.7 8.825349e+03 8.739261e+03 8.749741e+03 8.835829e+03
14.7 8.878642e+03 8.741161e+03 8.749713e+03 8.887193e+03
15.7 8.758421e+03 8.745654e+03 8.749710e+03 8.762477e+03
16.7 8.683657e+03 8.742365e+03 8.749720e+03 8.691011e+03
17.7 8.710288e+03 8.761925e+03 8.749734e+03 8.698097e+03
0.7 8.725829e+03 8.730177e+03 8.749932e+03 8.745584e+03
1.7 8.849829e+03 8.731238e+03 8.744969e+03 8.863560e+03
2.7 8.780629e+03 8.724814e+03 8.735994e+03 8.791808e+03
3.7 8.784569e+03 8.730197e+03 8.737287e+03 8.791659e+03
4.7 8.782178e+03 8.761050e+03 8.743312e+03 8.764439e+03
5.7 8.792130e+03 8.772986e+03 8.747973e+03 8.767117e+03
6.7 8.703471e+03 8.760835e+03 8.750336e+03 8.692971e+03
7.7 8.598282e+03 8.746257e+03 8.750321e+03 8.602346e+03
8.7 8.604770e+03 8.730623e+03 8.742703e+03 8.616850e+03
9.7 8.575055e+03 8.723052e+03 8.738694e+03 8.590696e+03
10.7 8.649771e+03 8.725960e+03 8.742502e+03 8.666314e+03
11.7 8.712670e+03 8.733973e+03 8.746977e+03 8.725674e+03
12.7 8.769349e+03 8.763254e+03 8.749699e+03 8.755794e+03
13.7 8.749863e+03 8.773746e+03 8.750193e+03 8.726310e+03
14.7 8.805548e+03 8.753333e+03 8.742519e+03 8.794734e+03
15.7 8.771018e+03 8.733146e+03 8.736357e+03 8.774230e+03
16.7 8.647864e+03 8.729276e+03 8.740056e+03 8.658644e+03
17.7 8.722644e+03 8.732063e+03 8.745727e+03 8.736308e+03
0.1 8.703471e+03 8.760835e+03 8.750336e+03 8.692971e+03
1.1 8.598282e+03 8.746257e+03 8.750321e+03 8.602346e+03
2.1 8.604770e+03 8.730623e+03 8.742703e+03 8.616850e+03
3.1 8.575055e+03 8.723052e+03 8.738694e+03 8.590696e+03
4.1 8.649771e+03 8.725960e+03 8.742502e+03 8.666314e+03
5.1 8.712670e+03 8.733973e+03 8.746977e+03 8.725674e+03
6.1 8.769349e+03 8.763254e+03 8.749699e+03 8.755794e+03
7.1 8.749863e+03 8.773746e+03 8.750193e+03 8.726310e+03
8.1 8.805548e+03 8.753333e+03 8.742519e+03 8.794734e+03
9.1 8.771018e+03 8.733146e+03 8.736357e+03 8.774230e+03
10.1 8.647864e+03 8.729276e+03 8.740056e+03 8.658644e+03
11.1 8.722644e+03 8.732063e+03 8.745727e+03 8.736308e+03
12.1 8.704413e+03 8.734633e+03 8.749202e+03 8.718981e+03
13.1 8.744616e+03 8.748104e+03 8.750852e+03 8.747364e+03
14.1 8.876821e+03 8.799104e+03 8.751386e+03 8.829103e+03
15.1 8.825020e+03 8.810038e+03 8.751274e+03 8.766255e+03
16.1 8.887027e+03 8.790543e+03 8.750899e+03 8.847383e+03
17.1 8.772355e+03 8.771803e+03 8.750392e+03 8.750944e+03
1.0 8.749863e+03 8.773746e+03 8.750193e+03 8.726310e+03
2.0 8.805548e+03 8.753333e+03 8.742519e+03 8.794734e+03
3.0 8.771018e+03 8.733146e+03 8.736357e+03 8.774230e+03
4.0 8.647864e+03 8.729276e+03 8.740056e+03 8.658644e+03
5.0 8.722644e+03 8.732063e+03 8.745727e+03 8.736308e+03
6.0 8.704413e+03 8.734633e+03 8.749202e+03 8.718981e+03
7.0 8.744616e+03 8.748104e+03 8.750852e+03 8.747364e+03
8.0 8.876821e+03 8.799104e+03 8.751386e+03 8.829103e+03
9.0 8.825020e+03 8.810038e+03 8.751274e+03 8.766255e+03
10.0 8.887027e+03 8.790543e+03 8.750899e+03 8.847383e+03
11.0 8.772355e+03 8.771803e+03 8.750392e+03 8.750944e+03
12.0 8.762955e+03 8.747468e+03 8.744788e+03 8.760275e+03
13.0 8.750006e+03 8.726165e+03 8.736766e+03 8.760607e+03
14.0 8.730537e+03 8.722419e+03 8.738629e+03 8.746748e+03
15.0 8.722995e+03 8.738211e+03 8.744284e+03 8.729068e+03
16.0 8.779496e+03 8.768130e+03 8.748208e+03 8.759573e+03
17.0 8.691171e+03 8.780808e+03 8.750200e+03 8.660563e+03
18.0 8.805377e+03 8.816781e+03 8.750965e+03 8.739561e+03
0.7 8.772355e+03 8.771803e+03 8.750392e+03 8.750944e+03
1.7 8.762955e+03 8.747468e+03 8.744788e+03 8.760275e+03
2.7 8.750006e+03 8.726165e+03 8.736766e+03 8.760607e+03
3.7 8.730537e+03 8.722419e+03 8.738629e+03 8.746748e+03
4.7 8.722995e+03 8.738211e+03 8.744284e+03 8.729068e+03
5.7 8.779496e+03 8.768130e+03 8.748208e+03 8.759573e+03
6.7 8.691171e+03 8.780808e+03 8.750200e+03 8.660563e+03
7.7 8.805377e+03 8.816781e+03 8.750965e+03 8.739561e+03
8.7 8.884032e+03 8.817314e+03 8.750990e+03 8.817709e+03
9.7 8.887168e+03 8.779155e+03 8.750678e+03 8.858691e+03
10.7 8.817871e+03 8.746451e+03 8.750314e+03 8.821734e+03
11.7 8.771030e+03 8.735727e+03 8.750025e+03 8.785328e+03
12.7 8.781882e+03 8.738149e+03 8.749832e+03 8.793565e+03
13.7 8.761562e+03 8.738669e+03 8.749719e+03 8.772613e+03
14.7 8.716890e+03 8.730253e+03 8.749649e+03 8.736286e+03
15.7 8.693609e+03 8.703471e+03 8.749602e+03 8.739740e+03
16.7 8.722073e+03 8.701823e+03 8.749566e+03 8.769815e+03
17.7 8.745048e+03 8.719372e+03 8.749534e+03 8.775211e+03
0.1 8.737881e+03 8.717716e+03 8.749351e+03 8.769515e+03
1.1 8.736011e+03 8.730683e+03 8.748349e+03 8.753677e+03
2.1 8.715592e+03 8.730672e+03 8.740164e+03 8.725083e+03
3.1 8.721765e+03 8.730083e+03 8.735712e+03 8.727394e+03
4.1 8.783140e+03 8.735825e+03 8.740014e+03 8.787329e+03
5.1 8.741559e+03 8.741393e+03 8.745361e+03 8.745528e+03
6.1 8.697386e+03 8.743459e+03 8.748501e+03 8.702428e+03
7.1 8.736016e+03 8.745504e+03 8.749965e+03 8.740477e+03
8.1 8.716063e+03 8.752836e+03 8.750415e+03 8.713642e+03
9.1 8.777281e+03 8.754362e+03 8.750290e+03 8.773209e+03
10.1 8.663452e+03 8.745007e+03 8.749944e+03 8.668389e+03
11.1 8.653748e+03 8.713512e+03 8.749616e+03 8.689852e+03
12.1 8.692944e+03 8.705617e+03 8.749383e+03 8.736710e+03
13.1 8.759821e+03 8.759690e+03 8.749242e+03 8.749373e+03
14.1 8.790939e+03 8.804760e+03 8.749170e+03 8.735350e+03
15.1 8.692166e+03 8.797339e+03 8.749134e+03 8.643962e+03
16.1 8.671043e+03 8.782611e+03 8.749117e+03 8.637549e+03
17.1 8.715079e+03 8.764506e+03 8.749108e+03 8.699680e+03
0.8 8.732350e+03 8.697379e+03 8.748926e+03 8.783897e+03
1.8 8.691527e+03 8.701502e+03 8.742902e+03 8.732928e+03
2.8 8.808284e+03 8.710098e+03 8.735342e+03 8.833528e+03
3.8 8.763342e+03 8.728514e+03 8.737851e+03 8.772679e+03
4.8 8.838523e+03 8.765902e+03 8.743713e+03 8.816335e+03
5.8 8.831058e+03 8.775116e+03 8.747659e+03 8.803601e+03
6.8 8.826476e+03 8.766855e+03 8.749652e+03 8.809273e+03
7.8 8.817259e+03 8.801255e+03 8.750420e+03 8.766423e+03
8.8 8.804361e+03 8.824372e+03 8.750456e+03 8.730445e+03
9.8 8.717824e+03 8.795464e+03 8.750168e+03 8.672528e+03
10.8 8.744259e+03 8.760100e+03 8.749841e+03 8.734000e+03
11.8 8.764457e+03 8.734109e+03 8.749594e+03 8.779942e+03
12.8 8.717945e+03 8.722533e+03 8.749446e+03 8.744857e+03
13.8 8.627261e+03 8.722873e+03 8.749379e+03 8.653767e+03
14.8 8.693356e+03 8.731601e+03 8.749356e+03 8.711111e+03
15.8 8.770323e+03 8.739540e+03 8.749356e+03 8.780139e+03
16.8 8.746778e+03 8.740055e+03 8.749366e+03 8.756089e+03
17.8 8.845419e+03 8.743590e+03 8.749379e+03 8.851208e+03
0.9 8.750880e+03 8.748930e+03 8.749165e+03 8.751115e+03
1.9 8.648777e+03 8.723080e+03 8.742230e+03 8.667927e+03
2.9 8.708124e+03 8.709102e+03 8.734232e+03 8.733254e+03
3.9 8.617153e+03 8.711694e+03 8.736931e+03 8.642390e+03
4.9 8.745422e+03 8.721203e+03 8.743397e+03 8.767617e+03
5.9 8.720907e+03 8.729230e+03 8.747778e+03 8.739456e+03
6.9 8.668269e+03 8.739114e+03 8.750027e+03 8.679182e+03
7.9 8.709950e+03 8.743080e+03 8.750840e+03 8.717710e+03
8.9 8.772462e+03 8.740739e+03 8.750872e+03 8.782596e+03
9.9 8.687824e+03 8.745110e+03 8.750541e+03 8.693255e+03
10.9 8.746125e+03 8.748243e+03 8.750162e+03 8.748044e+03
11.9 8.760806e+03 8.742754e+03 8.749865e+03 8.767917e+03
12.9 8.770188e+03 8.736698e+03 8.749688e+03 8.783178e+03
13.9 8.791547e+03 8.732861e+03 8.749297e+03 8.807983e+03
14.9 8.772039e+03 8.725141e+03 8.743150e+03 8.790048e+03
15.9 8.754270e+03 8.719636e+03 8.738123e+03 8.772758e+03
16.9 8.759098e+03 8.722896e+03 8.741110e+03 8.777312e+03
17.9 8.785796e+03 8.728360e+03 8.745642e+03 8.803078e+03
0.9 8.791547e+03 8.732861e+03 8.749297e+03 8.807983e+03
1.9 8.772039e+03 8.725141e+03 8.743150e+03 8.790048e+03
2.9 8.754270e+03 8.719636e+03 8.738123e+03 8.772758e+03
3.9 8.759098e+03 8.722896e+03 8.741110e+03 8.777312e+03
4.9 8.785796e+03 8.728360e+03 8.745642e+03 8.803078e+03
5.9 8.741005e+03 8.731477e+03 8.748543e+03 8.758071e+03
6.9 8.742638e+03 8.732546e+03 8.749967e+03 8.760060e+03
7.9 8.692171e+03 8.739725e+03 8.750427e+03 8.702872e+03
8.9 8.746707e+03 8.787012e+03 8.750362e+03 8.710057e+03
9.9 8.764834e+03 8.805120e+03 8.750080e+03 8.709794e+03
10.9 8.803507e+03 8.786138e+03 8.749790e+03 8.767159e+03
11.9 8.751802e+03 8.766607e+03 8.749571e+03 8.734766e+03
