0.8 1.199767e+04 1.206094e+04 1.215280e+04 1.208953e+04
1.8 1.227840e+04 1.211634e+04 1.229174e+04 1.245380e+04
2.8 1.210890e+04 1.218324e+04 1.239461e+04 1.232027e+04
3.8 1.229996e+04 1.221502e+04 1.232324e+04 1.240818e+04
4.8 1.225526e+04 1.229174e+04 1.222467e+04 1.218819e+04
5.8 1.212664e+04 1.221403e+04 1.216179e+04 1.207440e+04
6.8 1.227406e+04 1.217094e+04 1.213259e+04 1.223571e+04
7.8 1.206409e+04 1.211946e+04 1.212264e+04 1.206727e+04
8.8 1.215119e+04 1.218542e+04 1.212385e+04 1.208962e+04
9.8 1.214717e+04 1.222581e+04 1.212943e+04 1.205079e+04
10.8 1.210647e+04 1.211728e+04 1.213532e+04 1.212451e+04
11.8 1.220342e+04 1.213244e+04 1.213944e+04 1.221041e+04
12.8 1.233587e+04 1.221456e+04 1.214189e+04 1.226319e+04
13.8 1.214290e+04 1.212944e+04 1.214307e+04 1.215653e+04
14.8 1.183444e+04 1.201270e+04 1.214360e+04 1.196534e+04
15.8 1.195758e+04 1.203997e+04 1.214383e+04 1.206144e+04
16.8 1.216206e+04 1.227441e+04 1.214392e+04 1.203156e+04
17.8 1.234033e+04 1.229758e+04 1.214398e+04 1.218673e+04
0.7 1.229176e+04 1.215891e+04 1.214760e+04 1.228045e+04
1.7 1.223766e+04 1.213063e+04 1.226780e+04 1.237483e+04
2.7 1.215091e+04 1.217843e+04 1.239336e+04 1.236584e+04
3.7 1.223516e+04 1.222898e+04 1.233682e+04 1.234299e+04
4.7 1.223277e+04 1.233768e+04 1.223614e+04 1.213124e+04
5.7 1.220123e+04 1.226005e+04 1.216978e+04 1.211096e+04
6.7 1.221513e+04 1.222586e+04 1.213656e+04 1.212583e+04
7.7 1.210766e+04 1.214978e+04 1.212511e+04 1.208300e+04
8.7 1.196438e+04 1.203395e+04 1.212557e+04 1.205599e+04
9.7 1.223362e+04 1.209948e+04 1.213118e+04 1.226533e+04
10.7 1.218323e+04 1.215183e+04 1.213734e+04 1.216875e+04
11.7 1.219186e+04 1.214552e+04 1.214208e+04 1.218843e+04
12.7 1.234841e+04 1.223448e+04 1.214491e+04 1.225884e+04
13.7 1.207397e+04 1.221397e+04 1.214645e+04 1.200645e+04
14.7 1.219038e+04 1.227254e+04 1.214718e+04 1.206501e+04
15.7 1.214174e+04 1.222300e+04 1.214754e+04 1.206628e+04
16.7 1.214166e+04 1.214593e+04 1.214776e+04 1.214350e+04
17.7 1.209856e+04 1.210767e+04 1.214792e+04 1.213882e+04
0.4 1.224689e+04 1.233967e+04 1.214738e+04 1.205461e+04
1.4 1.226426e+04 1.227242e+04 1.221899e+04 1.221082e+04
2.4 1.225852e+04 1.226882e+04 1.238174e+04 1.237143e+04
3.4 1.216408e+04 1.215658e+04 1.236447e+04 1.237198e+04
4.4 1.199599e+04 1.206233e+04 1.226245e+04 1.219611e+04
5.4 1.236623e+04 1.217938e+04 1.218333e+04 1.237018e+04
6.4 1.228686e+04 1.219221e+04 1.214324e+04 1.223789e+04
7.4 1.233554e+04 1.221886e+04 1.212669e+04 1.224338e+04
8.4 1.229766e+04 1.224925e+04 1.212453e+04 1.217294e+04
9.4 1.224130e+04 1.226648e+04 1.212905e+04 1.210388e+04
10.4 1.233533e+04 1.233697e+04 1.213527e+04 1.213363e+04
11.4 1.210135e+04 1.221580e+04 1.214014e+04 1.202570e+04
12.4 1.206371e+04 1.210174e+04 1.214326e+04 1.210522e+04
13.4 1.209448e+04 1.213174e+04 1.214485e+04 1.210759e+04
14.4 1.218440e+04 1.212217e+04 1.214558e+04 1.220781e+04
15.4 1.213166e+04 1.223084e+04 1.214588e+04 1.204669e+04
16.4 1.219364e+04 1.222281e+04 1.214594e+04 1.211678e+04
17.4 1.215283e+04 1.215991e+04 1.214593e+04 1.213885e+04
0.5 1.229516e+04 1.226718e+04 1.214730e+04 1.217529e+04
1.5 1.223263e+04 1.224524e+04 1.223637e+04 1.222376e+04
2.5 1.228287e+04 1.226514e+04 1.238857e+04 1.240630e+04
3.5 1.196726e+04 1.215770e+04 1.235546e+04 1.216502e+04
4.5 1.209210e+04 1.208625e+04 1.225320e+04 1.225905e+04
5.5 1.236188e+04 1.226513e+04 1.217841e+04 1.227516e+04
6.5 1.230784e+04 1.230571e+04 1.214145e+04 1.214358e+04
7.5 1.211093e+04 1.217293e+04 1.212687e+04 1.206487e+04
8.5 1.214453e+04 1.217630e+04 1.212583e+04 1.209406e+04
9.5 1.219014e+04 1.215476e+04 1.213086e+04 1.216624e+04
10.5 1.221167e+04 1.221173e+04 1.213718e+04 1.213713e+04
11.5 1.230793e+04 1.225892e+04 1.214201e+04 1.219102e+04
12.5 1.224474e+04 1.221137e+04 1.214506e+04 1.217843e+04
13.5 1.230571e+04 1.226676e+04 1.214664e+04 1.218559e+04
14.5 1.217364e+04 1.218894e+04 1.214739e+04 1.213209e+04
15.5 1.198174e+04 1.208642e+04 1.214772e+04 1.204304e+04
16.5 1.225775e+04 1.216809e+04 1.214786e+04 1.223752e+04
17.5 1.202052e+04 1.215739e+04 1.214791e+04 1.201104e+04
0.3 1.231218e+04 1.234195e+04 1.213311e+04 1.210334e+04
1.3 1.226136e+04 1.228102e+04 1.218049e+04 1.216083e+04
2.3 1.229681e+04 1.227861e+04 1.235156e+04 1.236977e+04
3.3 1.224215e+04 1.221077e+04 1.236027e+04 1.239165e+04
4.3 1.219747e+04 1.226003e+04 1.225770e+04 1.219515e+04
5.3 1.211288e+04 1.224315e+04 1.217424e+04 1.204397e+04
6.3 1.198775e+04 1.210471e+04 1.212865e+04 1.201168e+04
7.3 1.211782e+04 1.206784e+04 1.210839e+04 1.215836e+04
8.3 1.185320e+04 1.206853e+04 1.210382e+04 1.188850e+04
9.3 1.204338e+04 1.200561e+04 1.210704e+04 1.214481e+04
10.3 1.203090e+04 1.194924e+04 1.211228e+04 1.219394e+04
11.3 1.204018e+04 1.193126e+04 1.211657e+04 1.222550e+04
12.3 1.214200e+04 1.208295e+04 1.211911e+04 1.217816e+04
13.3 1.240442e+04 1.221555e+04 1.212005e+04 1.230892e+04
14.3 1.225996e+04 1.219711e+04 1.217195e+04 1.223480e+04
15.3 1.236656e+04 1.225517e+04 1.233976e+04 1.245115e+04
16.3 1.219078e+04 1.219503e+04 1.234867e+04 1.234442e+04
17.3 1.211586e+04 1.205980e+04 1.224623e+04 1.230230e+04
0.3 1.240442e+04 1.221555e+04 1.212005e+04 1.230892e+04
1.3 1.225996e+04 1.219711e+04 1.217195e+04 1.223480e+04
2.3 1.236656e+04 1.225517e+04 1.233976e+04 1.245115e+04
3.3 1.219078e+04 1.219503e+04 1.234867e+04 1.234442e+04
4.3 1.211586e+04 1.205980e+04 1.224623e+04 1.230230e+04
5.3 1.200373e+04 1.199630e+04 1.216291e+04 1.217034e+04
6.3 1.206830e+04 1.214993e+04 1.211673e+04 1.203510e+04
7.3 1.221481e+04 1.221689e+04 1.209739e+04 1.209531e+04
8.3 1.233310e+04 1.223129e+04 1.209305e+04 1.219486e+04
9.3 1.224842e+04 1.228255e+04 1.209652e+04 1.206239e+04
