0.6 1.527066e+03 1.459718e+03 1.545742e+03 1.613090e+03
1.6 1.615374e+03 1.525255e+03 1.594287e+03 1.684406e+03
2.6 1.440157e+03 1.616258e+03 1.666456e+03 1.490355e+03
3.6 1.571349e+03 1.629769e+03 1.646450e+03 1.588029e+03
4.6 1.617705e+03 1.642908e+03 1.594812e+03 1.569609e+03
5.6 1.315725e+03 1.609032e+03 1.559988e+03 1.266681e+03
6.6 1.445364e+03 1.560061e+03 1.542454e+03 1.427757e+03
7.6 1.522816e+03 1.525539e+03 1.535744e+03 1.533020e+03
8.6 1.437827e+03 1.504781e+03 1.535532e+03 1.468579e+03
9.6 1.543161e+03 1.474708e+03 1.538246e+03 1.606699e+03
10.6 1.560563e+03 1.454275e+03 1.541349e+03 1.647636e+03
11.6 1.525532e+03 1.466457e+03 1.543750e+03 1.602825e+03
12.6 1.601939e+03 1.487289e+03 1.545279e+03 1.659929e+03
13.6 1.377148e+03 1.507486e+03 1.546090e+03 1.415753e+03
14.6 1.643092e+03 1.520329e+03 1.546511e+03 1.669274e+03
15.6 1.589206e+03 1.558090e+03 1.546722e+03 1.577838e+03
16.6 1.482795e+03 1.611819e+03 1.546840e+03 1.417816e+03
17.6 1.414867e+03 1.595353e+03 1.546916e+03 1.366430e+03
0.1 1.472716e+03 1.461737e+03 1.545664e+03 1.556644e+03
1.1 1.674637e+03 1.477784e+03 1.558683e+03 1.755536e+03
2.1 1.833742e+03 1.579654e+03 1.643054e+03 1.897142e+03
3.1 1.724660e+03 1.613895e+03 1.664561e+03 1.775325e+03
4.1 1.712024e+03 1.578565e+03 1.617507e+03 1.750967e+03
5.1 1.538112e+03 1.588877e+03 1.573189e+03 1.522424e+03
6.1 1.510453e+03 1.594383e+03 1.547983e+03 1.464053e+03
7.1 1.544399e+03 1.576845e+03 1.536425e+03 1.503979e+03
8.1 1.694391e+03 1.588523e+03 1.533442e+03 1.639311e+03
9.1 1.497795e+03 1.584175e+03 1.534877e+03 1.448497e+03
10.1 1.781267e+03 1.629401e+03 1.537717e+03 1.689582e+03
11.1 1.686497e+03 1.622671e+03 1.540252e+03 1.604078e+03
12.1 1.568120e+03 1.605526e+03 1.541937e+03 1.504530e+03
13.1 1.607650e+03 1.600187e+03 1.542768e+03 1.550231e+03
14.1 1.359416e+03 1.557422e+03 1.543088e+03 1.345082e+03
15.1 1.535230e+03 1.550609e+03 1.543119e+03 1.527740e+03
16.1 1.434216e+03 1.596683e+03 1.543023e+03 1.380555e+03
17.1 1.727931e+03 1.584306e+03 1.542874e+03 1.686498e+03
0.0 1.559448e+03 1.451621e+03 1.540332e+03 1.648159e+03
1.0 1.584783e+03 1.470747e+03 1.552148e+03 1.666183e+03
2.0 1.840535e+03 1.574737e+03 1.634036e+03 1.899834e+03
3.0 1.759878e+03 1.617722e+03 1.660018e+03 1.802174e+03
4.0 1.506792e+03 1.581587e+03 1.615041e+03 1.540246e+03
5.0 1.282972e+03 1.536332e+03 1.569074e+03 1.315714e+03
6.0 1.506125e+03 1.486850e+03 1.543537e+03 1.562812e+03
7.0 1.374727e+03 1.462716e+03 1.531984e+03 1.443996e+03
8.0 1.481219e+03 1.471885e+03 1.528825e+03 1.538158e+03
9.0 1.288113e+03 1.497380e+03 1.539927e+03 1.330660e+03
10.0 1.598816e+03 1.591479e+03 1.625279e+03 1.632616e+03
11.0 1.503173e+03 1.624974e+03 1.657167e+03 1.535366e+03
12.0 1.285007e+03 1.558945e+03 1.615663e+03 1.341725e+03
13.0 1.773273e+03 1.493578e+03 1.570002e+03 1.849696e+03
14.0 1.638190e+03 1.483042e+03 1.544207e+03 1.699354e+03
15.0 1.383785e+03 1.497067e+03 1.532287e+03 1.419005e+03
16.0 1.516184e+03 1.504164e+03 1.529182e+03 1.541203e+03
17.0 1.581057e+03 1.522168e+03 1.530644e+03 1.589532e+03
1.0 1.288113e+03 1.497380e+03 1.539927e+03 1.330660e+03
2.0 1.598816e+03 1.591479e+03 1.625279e+03 1.632616e+03
3.0 1.503173e+03 1.624974e+03 1.657167e+03 1.535366e+03
4.0 1.285007e+03 1.558945e+03 1.615663e+03 1.341725e+03
5.0 1.773273e+03 1.493578e+03 1.570002e+03 1.849696e+03
6.0 1.638190e+03 1.483042e+03 1.544207e+03 1.699354e+03
7.0 1.383785e+03 1.497067e+03 1.532287e+03 1.419005e+03
8.0 1.516184e+03 1.504164e+03 1.529182e+03 1.541203e+03
9.0 1.581057e+03 1.522168e+03 1.530644e+03 1.589532e+03
10.0 1.537075e+03 1.592545e+03 1.533822e+03 1.478352e+03
11.0 1.681463e+03 1.608130e+03 1.536721e+03 1.610055e+03
12.0 1.552919e+03 1.608303e+03 1.538797e+03 1.483413e+03
13.0 1.356000e+03 1.605160e+03 1.540012e+03 1.290852e+03
14.0 1.665923e+03 1.547939e+03 1.540700e+03 1.658685e+03
15.0 1.455816e+03 1.482294e+03 1.541111e+03 1.514634e+03
16.0 1.613478e+03 1.467004e+03 1.541441e+03 1.687915e+03
17.0 1.455587e+03 1.512642e+03 1.577219e+03 1.520163e+03
18.0 1.313024e+03 1.604218e+03 1.657074e+03 1.365880e+03
0.4 1.613478e+03 1.467004e+03 1.541441e+03 1.687915e+03
1.4 1.455587e+03 1.512642e+03 1.577219e+03 1.520163e+03
2.4 1.313024e+03 1.604218e+03 1.657074e+03 1.365880e+03
3.4 1.455215e+03 1.621785e+03 1.650897e+03 1.484327e+03
4.4 1.911781e+03 1.645123e+03 1.599559e+03 1.866217e+03
5.4 1.670494e+03 1.625292e+03 1.561350e+03 1.606551e+03
6.4 1.719117e+03 1.570230e+03 1.541064e+03 1.689952e+03
7.4 1.527342e+03 1.529557e+03 1.533237e+03 1.531022e+03
8.4 1.595410e+03 1.547224e+03 1.532314e+03 1.580500e+03
9.4 1.725844e+03 1.613015e+03 1.534855e+03 1.647684e+03
10.4 1.418091e+03 1.598256e+03 1.538132e+03 1.357967e+03
11.4 1.468018e+03 1.554493e+03 1.540882e+03 1.454407e+03
12.4 1.562211e+03 1.542536e+03 1.542656e+03 1.562331e+03
13.4 1.498131e+03 1.527764e+03 1.543713e+03 1.514080e+03
14.4 1.542137e+03 1.520723e+03 1.544337e+03 1.565752e+03
15.4 1.580424e+03 1.595150e+03 1.544726e+03 1.530000e+03
16.4 1.482562e+03 1.629714e+03 1.545014e+03 1.397863e+03
17.4 1.516659e+03 1.584163e+03 1.545256e+03 1.477751e+03
0.2 1.355916e+03 1.455020e+03 1.548728e+03 1.449624e+03
1.2 1.374541e+03 1.477109e+03 1.567644e+03 1.465076e+03
2.2 1.603270e+03 1.581063e+03 1.653366e+03 1.675574e+03
3.2 1.809061e+03 1.606773e+03 1.665263e+03 1.867551e+03
4.2 1.505996e+03 1.573748e+03 1.617445e+03 1.549694e+03
5.2 1.309704e+03 1.601648e+03 1.573891e+03 1.281948e+03
6.2 1.516007e+03 1.623620e+03 1.550600e+03 1.442988e+03
7.2 1.394310e+03 1.578976e+03 1.540340e+03 1.355674e+03
8.2 1.431266e+03 1.530644e+03 1.538200e+03 1.438821e+03
9.2 1.376907e+03 1.508668e+03 1.540085e+03 1.408324e+03
10.2 1.573731e+03 1.499666e+03 1.543283e+03 1.617348e+03
11.2 1.634742e+03 1.498787e+03 1.546012e+03 1.681967e+03
12.2 1.404199e+03 1.570037e+03 1.547886e+03 1.382047e+03
13.2 1.750974e+03 1.633119e+03 1.548943e+03 1.666798e+03
14.2 1.370163e+03 1.602835e+03 1.549521e+03 1.316849e+03
15.2 1.529965e+03 1.583217e+03 1.549852e+03 1.496601e+03
16.2 1.538741e+03 1.596545e+03 1.550070e+03 1.492266e+03
17.2 1.545351e+03 1.590544e+03 1.550247e+03 1.505055e+03
