0.9 9.500165e+03 9.464690e+03 9.477960e+03 9.513436e+03
1.9 9.440011e+03 9.446189e+03 9.451260e+03 9.445082e+03
2.9 9.469029e+03 9.437935e+03 9.434202e+03 9.465296e+03
3.9 9.378520e+03 9.456698e+03 9.448100e+03 9.369922e+03
4.9 9.412170e+03 9.467204e+03 9.466230e+03 9.411196e+03
5.9 9.533858e+03 9.469536e+03 9.476978e+03 9.541300e+03
6.9 9.408896e+03 9.479618e+03 9.482057e+03 9.411335e+03
7.9 9.440336e+03 9.488242e+03 9.483700e+03 9.435795e+03
8.9 9.518151e+03 9.466244e+03 9.483369e+03 9.535276e+03
9.9 9.484972e+03 9.447456e+03 9.482255e+03 9.519771e+03
10.9 9.533482e+03 9.446386e+03 9.481167e+03 9.568262e+03
11.9 9.404221e+03 9.442555e+03 9.480380e+03 9.442046e+03
12.9 9.453810e+03 9.453860e+03 9.475038e+03 9.474987e+03
13.9 9.388896e+03 9.443799e+03 9.444254e+03 9.389350e+03
14.9 9.547661e+03 9.446166e+03 9.435424e+03 9.536919e+03
15.9 9.449454e+03 9.447540e+03 9.452179e+03 9.454093e+03
16.9 9.472382e+03 9.451567e+03 9.468588e+03 9.489404e+03
17.9 9.407996e+03 9.471318e+03 9.478100e+03 9.414778e+03
0.1 9.404221e+03 9.442555e+03 9.480380e+03 9.442046e+03
1.1 9.453810e+03 9.453860e+03 9.475038e+03 9.474987e+03
2.1 9.388896e+03 9.443799e+03 9.444254e+03 9.389350e+03
3.1 9.547661e+03 9.446166e+03 9.435424e+03 9.536919e+03
4.1 9.449454e+03 9.447540e+03 9.452179e+03 9.454093e+03
5.1 9.472382e+03 9.451567e+03 9.468588e+03 9.489404e+03
6.1 9.407996e+03 9.471318e+03 9.478100e+03 9.414778e+03
7.1 9.461159e+03 9.513024e+03 9.482193e+03 9.430328e+03
8.1 9.580404e+03 9.549902e+03 9.483236e+03 9.513737e+03
9.1 9.497609e+03 9.540617e+03 9.482610e+03 9.439602e+03
10.1 9.626002e+03 9.518092e+03 9.481443e+03 9.589353e+03
11.1 9.561462e+03 9.490102e+03 9.480355e+03 9.551716e+03
12.1 9.467542e+03 9.450698e+03 9.479621e+03 9.496465e+03
13.1 9.417211e+03 9.443291e+03 9.479177e+03 9.453096e+03
14.1 9.487763e+03 9.461277e+03 9.478936e+03 9.505422e+03
15.1 9.484123e+03 9.479155e+03 9.478797e+03 9.483765e+03
16.1 9.494119e+03 9.490556e+03 9.478707e+03 9.482270e+03
17.1 9.415791e+03 9.488315e+03 9.478638e+03 9.406114e+03
1.0 9.508235e+03 9.449352e+03 9.474138e+03 9.533020e+03
2.0 9.441270e+03 9.436097e+03 9.444483e+03 9.449655e+03
3.0 9.441028e+03 9.436072e+03 9.432964e+03 9.437919e+03
4.0 9.408886e+03 9.439232e+03 9.448980e+03 9.418634e+03
5.0 9.338992e+03 9.443286e+03 9.465912e+03 9.361618e+03
6.0 9.385219e+03 9.475288e+03 9.475973e+03 9.385904e+03
7.0 9.613468e+03 9.529626e+03 9.480414e+03 9.564256e+03
8.0 9.583831e+03 9.539762e+03 9.481681e+03 9.525750e+03
9.0 9.509560e+03 9.516630e+03 9.481183e+03 9.474113e+03
10.0 9.467273e+03 9.477287e+03 9.480078e+03 9.470064e+03
11.0 9.413043e+03 9.460116e+03 9.479020e+03 9.431947e+03
12.0 9.442775e+03 9.446403e+03 9.478311e+03 9.474683e+03
13.0 9.398052e+03 9.430168e+03 9.477899e+03 9.445783e+03
14.0 9.456479e+03 9.445797e+03 9.477698e+03 9.488380e+03
15.0 9.432854e+03 9.468839e+03 9.477605e+03 9.441621e+03
16.0 9.541855e+03 9.483754e+03 9.477563e+03 9.535664e+03
17.0 9.494802e+03 9.482593e+03 9.477543e+03 9.489753e+03
18.0 9.512224e+03 9.470417e+03 9.477531e+03 9.519339e+03
0.7 9.476044e+03 9.459327e+03 9.476887e+03 9.493604e+03
1.7 9.499191e+03 9.445842e+03 9.454144e+03 9.507492e+03
2.7 9.547029e+03 9.435200e+03 9.431967e+03 9.543796e+03
3.7 9.451372e+03 9.441931e+03 9.442436e+03 9.451878e+03
4.7 9.428029e+03 9.444480e+03 9.461273e+03 9.444823e+03
5.7 9.436122e+03 9.461758e+03 9.473256e+03 9.447620e+03
6.7 9.441045e+03 9.473045e+03 9.479236e+03 9.447236e+03
7.7 9.425665e+03 9.452927e+03 9.481283e+03 9.454021e+03
8.7 9.458097e+03 9.454926e+03 9.481205e+03 9.484376e+03
9.7 9.545281e+03 9.471474e+03 9.480175e+03 9.553982e+03
10.7 9.507146e+03 9.463466e+03 9.479077e+03 9.522757e+03
11.7 9.490627e+03 9.460628e+03 9.478245e+03 9.508245e+03
12.7 9.482594e+03 9.475351e+03 9.477761e+03 9.485005e+03
13.7 9.436931e+03 9.484609e+03 9.477511e+03 9.429833e+03
14.7 9.353561e+03 9.459874e+03 9.477394e+03 9.371080e+03
15.7 9.330412e+03 9.453135e+03 9.477346e+03 9.354623e+03
16.7 9.525124e+03 9.470861e+03 9.477327e+03 9.531589e+03
17.7 9.614324e+03 9.485385e+03 9.477320e+03 9.606259e+03
1.0 9.502264e+03 9.476223e+03 9.475420e+03 9.501461e+03
2.0 9.419406e+03 9.457441e+03 9.445823e+03 9.407788e+03
3.0 9.407533e+03 9.451852e+03 9.434358e+03 9.390039e+03
4.0 9.562128e+03 9.469124e+03 9.450422e+03 9.543426e+03
5.0 9.434540e+03 9.467383e+03 9.467731e+03 9.434888e+03
6.0 9.543610e+03 9.460046e+03 9.477495e+03 9.561059e+03
7.0 9.501345e+03 9.472471e+03 9.481967e+03 9.510840e+03
8.0 9.512366e+03 9.488660e+03 9.483259e+03 9.506965e+03
9.0 9.535158e+03 9.498044e+03 9.482779e+03 9.519893e+03
10.0 9.496850e+03 9.491790e+03 9.481656e+03 9.486717e+03
11.0 9.408056e+03 9.458955e+03 9.480630e+03 9.429731e+03
12.0 9.448813e+03 9.447040e+03 9.478232e+03 9.480005e+03
13.0 9.367574e+03 9.437289e+03 9.450249e+03 9.380534e+03
14.0 9.369827e+03 9.438391e+03 9.433781e+03 9.365217e+03
15.0 9.450641e+03 9.452160e+03 9.448031e+03 9.446513e+03
16.0 9.535152e+03 9.461502e+03 9.465591e+03 9.539241e+03
17.0 9.503769e+03 9.468155e+03 9.476275e+03 9.511889e+03
18.0 9.478944e+03 9.449496e+03 9.481370e+03 9.510818e+03
0.9 9.448813e+03 9.447040e+03 9.478232e+03 9.480005e+03
1.9 9.367574e+03 9.437289e+03 9.450249e+03 9.380534e+03
2.9 9.369827e+03 9.438391e+03 9.433781e+03 9.365217e+03
3.9 9.450641e+03 9.452160e+03 9.448031e+03 9.446513e+03
4.9 9.535152e+03 9.461502e+03 9.465591e+03 9.539241e+03
5.9 9.503769e+03 9.468155e+03 9.476275e+03 9.511889e+03
6.9 9.478944e+03 9.449496e+03 9.481370e+03 9.510818e+03
7.9 9.418852e+03 9.451369e+03 9.482879e+03 9.450361e+03
8.9 9.510771e+03 9.449849e+03 9.482468e+03 9.543389e+03
9.9 9.433153e+03 9.456097e+03 9.481318e+03 9.458374e+03
10.9 9.549511e+03 9.475204e+03 9.480168e+03 9.554475e+03
11.9 9.525834e+03 9.491658e+03 9.479296e+03 9.513471e+03
12.9 9.515693e+03 9.499347e+03 9.478746e+03 9.495093e+03
13.9 9.556291e+03 9.500731e+03 9.478396e+03 9.533956e+03
14.9 9.579676e+03 9.499261e+03 9.478159e+03 9.558573e+03
15.9 9.494176e+03 9.496532e+03 9.477967e+03 9.475611e+03
16.9 9.415549e+03 9.484711e+03 9.477789e+03 9.408627e+03
17.9 9.532336e+03 9.475149e+03 9.477612e+03 9.534798e+03
