0.6 1.494992e+03 1.563746e+03 1.550329e+03 1.481576e+03
1.6 1.664219e+03 1.562612e+03 1.585366e+03 1.686973e+03
2.6 1.538606e+03 1.580801e+03 1.624947e+03 1.582752e+03
3.6 1.556359e+03 1.555206e+03 1.608296e+03 1.609449e+03
4.6 1.612818e+03 1.522247e+03 1.577287e+03 1.667858e+03
5.6 1.494417e+03 1.545197e+03 1.556194e+03 1.505414e+03
6.6 1.518649e+03 1.651865e+03 1.546038e+03 1.412822e+03
7.6 1.878306e+03 1.663111e+03 1.542220e+03 1.757415e+03
8.6 1.824595e+03 1.594283e+03 1.542164e+03 1.772476e+03
9.6 1.763350e+03 1.562331e+03 1.543696e+03 1.744715e+03
10.6 1.716533e+03 1.580996e+03 1.545464e+03 1.681001e+03
11.6 1.549799e+03 1.583212e+03 1.546727e+03 1.513315e+03
12.6 1.343305e+03 1.637598e+03 1.547465e+03 1.253172e+03
13.6 1.616773e+03 1.627681e+03 1.547785e+03 1.536877e+03
14.6 1.355198e+03 1.569203e+03 1.547883e+03 1.333878e+03
15.6 1.473352e+03 1.541589e+03 1.547873e+03 1.479636e+03
16.6 1.332280e+03 1.523025e+03 1.547817e+03 1.357071e+03
17.6 1.196991e+03 1.477528e+03 1.547745e+03 1.267208e+03
0.4 1.510453e+03 1.594383e+03 1.547082e+03 1.463152e+03
1.4 1.544399e+03 1.576845e+03 1.568946e+03 1.536499e+03
2.4 1.694391e+03 1.588523e+03 1.617971e+03 1.723839e+03
3.4 1.497795e+03 1.584175e+03 1.613348e+03 1.526967e+03
4.4 1.781267e+03 1.629401e+03 1.582234e+03 1.734100e+03
5.4 1.686497e+03 1.622671e+03 1.558547e+03 1.622373e+03
6.4 1.568120e+03 1.605526e+03 1.545901e+03 1.508494e+03
7.4 1.607650e+03 1.600187e+03 1.540930e+03 1.548393e+03
8.4 1.359416e+03 1.557422e+03 1.540232e+03 1.342226e+03
9.4 1.535230e+03 1.550609e+03 1.541637e+03 1.526259e+03
10.4 1.434216e+03 1.596683e+03 1.543516e+03 1.381049e+03
11.4 1.727931e+03 1.584306e+03 1.545073e+03 1.688697e+03
12.4 1.652654e+03 1.546152e+03 1.546034e+03 1.652537e+03
13.4 1.498827e+03 1.520302e+03 1.546567e+03 1.525092e+03
14.4 1.439624e+03 1.554567e+03 1.546818e+03 1.431875e+03
15.4 1.546247e+03 1.588264e+03 1.546934e+03 1.504917e+03
16.4 1.510523e+03 1.579063e+03 1.563966e+03 1.495426e+03
17.4 1.573931e+03 1.594560e+03 1.615039e+03 1.594410e+03
0.3 1.546247e+03 1.588264e+03 1.546934e+03 1.504917e+03
1.3 1.510523e+03 1.579063e+03 1.563966e+03 1.495426e+03
2.3 1.573931e+03 1.594560e+03 1.615039e+03 1.594410e+03
3.3 1.715459e+03 1.574002e+03 1.615988e+03 1.757445e+03
4.3 1.669730e+03 1.550477e+03 1.585401e+03 1.704655e+03
5.3 1.801228e+03 1.603668e+03 1.560551e+03 1.758112e+03
6.3 1.718981e+03 1.613026e+03 1.546986e+03 1.652941e+03
7.3 1.605699e+03 1.579436e+03 1.541498e+03 1.567761e+03
8.3 1.690899e+03 1.554824e+03 1.540525e+03 1.676600e+03
9.3 1.489142e+03 1.527169e+03 1.541855e+03 1.503829e+03
10.3 1.644807e+03 1.505806e+03 1.543782e+03 1.682783e+03
11.3 1.476505e+03 1.495627e+03 1.545437e+03 1.526315e+03
12.3 1.332709e+03 1.478175e+03 1.546492e+03 1.401026e+03
13.3 1.559448e+03 1.451621e+03 1.547100e+03 1.654927e+03
14.3 1.584783e+03 1.470747e+03 1.547411e+03 1.661447e+03
15.3 1.840535e+03 1.574737e+03 1.547579e+03 1.813377e+03
16.3 1.759878e+03 1.617722e+03 1.547682e+03 1.689838e+03
17.3 1.506792e+03 1.581587e+03 1.547759e+03 1.472964e+03
0.7 1.681463e+03 1.608130e+03 1.549983e+03 1.623316e+03
1.7 1.552919e+03 1.608303e+03 1.590472e+03 1.535088e+03
2.7 1.356000e+03 1.605160e+03 1.624826e+03 1.375666e+03
3.7 1.665923e+03 1.547939e+03 1.605617e+03 1.723602e+03
4.7 1.455816e+03 1.482294e+03 1.574525e+03 1.548048e+03
5.7 1.613478e+03 1.467004e+03 1.555179e+03 1.701653e+03
6.7 1.455587e+03 1.512642e+03 1.545647e+03 1.488592e+03
7.7 1.313024e+03 1.604218e+03 1.542500e+03 1.251306e+03
8.7 1.455215e+03 1.621785e+03 1.542785e+03 1.376216e+03
9.7 1.911781e+03 1.645123e+03 1.544573e+03 1.811231e+03
10.7 1.670494e+03 1.625292e+03 1.546423e+03 1.591625e+03
11.7 1.719117e+03 1.570230e+03 1.547816e+03 1.696703e+03
12.7 1.527342e+03 1.529557e+03 1.548633e+03 1.546418e+03
13.7 1.595410e+03 1.547224e+03 1.549070e+03 1.597256e+03
14.7 1.725844e+03 1.613015e+03 1.549293e+03 1.662122e+03
15.7 1.418091e+03 1.598256e+03 1.549405e+03 1.369240e+03
16.7 1.468018e+03 1.554493e+03 1.549473e+03 1.462998e+03
17.7 1.562211e+03 1.542536e+03 1.549521e+03 1.569195e+03
0.3 1.867775e+03 1.595574e+03 1.550363e+03 1.822564e+03
1.3 1.711730e+03 1.582192e+03 1.569783e+03 1.699321e+03
2.3 1.584668e+03 1.592356e+03 1.620021e+03 1.612332e+03
3.3 1.318587e+03 1.567770e+03 1.618800e+03 1.369617e+03
4.3 1.540692e+03 1.544900e+03 1.587316e+03 1.583108e+03
5.3 1.685032e+03 1.594715e+03 1.563090e+03 1.653407e+03
6.3 1.617114e+03 1.596376e+03 1.550031e+03 1.570769e+03
7.3 1.514383e+03 1.555065e+03 1.544839e+03 1.504157e+03
8.3 1.585121e+03 1.569326e+03 1.544018e+03 1.559814e+03
9.3 1.550488e+03 1.576415e+03 1.545424e+03 1.519497e+03
10.3 1.631732e+03 1.542367e+03 1.547346e+03 1.636712e+03
11.3 1.640819e+03 1.513372e+03 1.548969e+03 1.676416e+03
12.3 1.525008e+03 1.564090e+03 1.549991e+03 1.510909e+03
13.3 1.689457e+03 1.621554e+03 1.550564e+03 1.618467e+03
14.3 1.762744e+03 1.590225e+03 1.550865e+03 1.723385e+03
15.3 1.580643e+03 1.539745e+03 1.551017e+03 1.591915e+03
16.3 1.705934e+03 1.524889e+03 1.551105e+03 1.732150e+03
17.3 1.450450e+03 1.523832e+03 1.551165e+03 1.477784e+03
0.6 1.752349e+03 1.620038e+03 1.543286e+03 1.675597e+03
1.6 1.827752e+03 1.615244e+03 1.573800e+03 1.786308e+03
2.6 1.665108e+03 1.618498e+03 1.616390e+03 1.663000e+03
