1.0 1.103712e+04 1.103599e+04 1.120438e+04 1.120551e+04
2.0 1.127505e+04 1.105908e+04 1.143039e+04 1.164635e+04
3.0 1.114798e+04 1.107440e+04 1.151025e+04 1.158383e+04
4.0 1.135254e+04 1.129549e+04 1.138701e+04 1.144406e+04
5.0 1.152380e+04 1.139893e+04 1.126171e+04 1.138658e+04
6.0 1.131090e+04 1.115561e+04 1.118892e+04 1.134420e+04
7.0 1.146612e+04 1.110551e+04 1.115501e+04 1.151562e+04
8.0 1.133814e+04 1.119361e+04 1.114573e+04 1.129025e+04
9.0 1.138658e+04 1.128930e+04 1.114933e+04 1.124660e+04
10.0 1.150414e+04 1.149493e+04 1.115733e+04 1.116654e+04
11.0 1.128566e+04 1.136459e+04 1.116475e+04 1.108581e+04
12.0 1.148025e+04 1.140096e+04 1.116989e+04 1.124919e+04
13.0 1.120552e+04 1.128319e+04 1.117261e+04 1.109494e+04
14.0 1.069862e+04 1.101694e+04 1.117386e+04 1.085555e+04
15.0 1.117195e+04 1.117601e+04 1.117430e+04 1.117024e+04
16.0 1.135350e+04 1.129597e+04 1.117439e+04 1.123193e+04
17.0 1.119237e+04 1.121875e+04 1.117435e+04 1.114797e+04
18.0 1.131497e+04 1.131479e+04 1.117427e+04 1.117445e+04
0.6 1.142632e+04 1.114307e+04 1.117420e+04 1.145745e+04
1.6 1.111078e+04 1.108925e+04 1.131928e+04 1.134081e+04
2.6 1.112363e+04 1.110761e+04 1.150733e+04 1.152334e+04
3.6 1.084155e+04 1.096392e+04 1.144230e+04 1.131994e+04
4.6 1.041649e+04 1.080051e+04 1.130342e+04 1.091940e+04
5.6 1.034810e+04 1.071173e+04 1.120681e+04 1.084318e+04
6.6 1.087503e+04 1.092157e+04 1.115995e+04 1.111341e+04
7.6 1.119759e+04 1.135725e+04 1.114208e+04 1.098242e+04
8.6 1.155669e+04 1.135997e+04 1.114148e+04 1.133821e+04
9.6 1.175650e+04 1.144169e+04 1.114831e+04 1.146311e+04
10.6 1.150775e+04 1.134294e+04 1.115640e+04 1.132121e+04
11.6 1.091992e+04 1.104113e+04 1.116230e+04 1.104109e+04
12.6 1.027521e+04 1.084669e+04 1.116582e+04 1.059434e+04
13.6 1.085628e+04 1.110765e+04 1.116741e+04 1.091604e+04
14.6 1.104261e+04 1.125326e+04 1.116793e+04 1.095729e+04
15.6 1.104143e+04 1.105555e+04 1.116793e+04 1.115382e+04
16.6 1.085545e+04 1.088737e+04 1.116768e+04 1.113576e+04
17.6 1.110913e+04 1.112812e+04 1.116731e+04 1.114833e+04
0.2 1.120369e+04 1.113699e+04 1.115420e+04 1.122090e+04
1.2 1.096017e+04 1.095654e+04 1.121945e+04 1.122308e+04
2.2 1.085798e+04 1.103973e+04 1.144926e+04 1.126750e+04
3.2 1.098654e+04 1.100063e+04 1.146828e+04 1.145420e+04
4.2 1.062913e+04 1.090463e+04 1.133031e+04 1.105481e+04
5.2 1.132032e+04 1.115800e+04 1.121609e+04 1.137841e+04
6.2 1.137728e+04 1.127319e+04 1.115270e+04 1.125679e+04
7.2 1.132116e+04 1.107547e+04 1.112633e+04 1.137202e+04
8.2 1.123405e+04 1.090238e+04 1.115342e+04 1.148509e+04
9.2 1.128337e+04 1.101714e+04 1.138936e+04 1.165559e+04
10.2 1.102442e+04 1.103852e+04 1.146389e+04 1.144979e+04
11.2 1.080257e+04 1.090398e+04 1.134383e+04 1.124242e+04
12.2 1.065113e+04 1.084042e+04 1.122557e+04 1.103628e+04
13.2 1.127147e+04 1.118350e+04 1.115788e+04 1.124585e+04
14.2 1.122141e+04 1.138268e+04 1.112693e+04 1.096566e+04
15.2 1.123513e+04 1.134020e+04 1.111923e+04 1.101416e+04
16.2 1.129842e+04 1.137259e+04 1.112366e+04 1.104949e+04
17.2 1.075860e+04 1.116939e+04 1.113204e+04 1.072125e+04
0.1 1.132116e+04 1.107547e+04 1.112633e+04 1.137202e+04
1.1 1.123405e+04 1.090238e+04 1.115342e+04 1.148509e+04
2.1 1.128337e+04 1.101714e+04 1.138936e+04 1.165559e+04
3.1 1.102442e+04 1.103852e+04 1.146389e+04 1.144979e+04
4.1 1.080257e+04 1.090398e+04 1.134383e+04 1.124242e+04
5.1 1.065113e+04 1.084042e+04 1.122557e+04 1.103628e+04
6.1 1.127147e+04 1.118350e+04 1.115788e+04 1.124585e+04
7.1 1.122141e+04 1.138268e+04 1.112693e+04 1.096566e+04
8.1 1.123513e+04 1.134020e+04 1.111923e+04 1.101416e+04
9.1 1.129842e+04 1.137259e+04 1.112366e+04 1.104949e+04
10.1 1.075860e+04 1.116939e+04 1.113204e+04 1.072125e+04
11.1 1.074354e+04 1.103082e+04 1.113967e+04 1.085238e+04
12.1 1.061378e+04 1.134718e+04 1.114499e+04 1.041159e+04
13.1 1.119477e+04 1.141803e+04 1.114799e+04 1.092473e+04
14.1 1.084086e+04 1.117316e+04 1.118580e+04 1.085350e+04
15.1 1.118722e+04 1.114646e+04 1.141398e+04 1.145475e+04
16.1 1.106529e+04 1.110605e+04 1.148093e+04 1.144016e+04
17.1 1.139473e+04 1.133866e+04 1.135423e+04 1.141030e+04
0.1 1.119477e+04 1.141803e+04 1.114799e+04 1.092473e+04
1.1 1.084086e+04 1.117316e+04 1.118580e+04 1.085350e+04
2.1 1.118722e+04 1.114646e+04 1.141398e+04 1.145475e+04
3.1 1.106529e+04 1.110605e+04 1.148093e+04 1.144016e+04
4.1 1.139473e+04 1.133866e+04 1.135423e+04 1.141030e+04
5.1 1.157087e+04 1.152698e+04 1.123197e+04 1.127586e+04
6.1 1.126486e+04 1.139861e+04 1.116114e+04 1.102739e+04
7.1 1.131494e+04 1.142638e+04 1.113069e+04 1.101925e+04
8.1 1.101321e+04 1.123517e+04 1.112303e+04 1.090107e+04
9.1 1.084396e+04 1.102104e+04 1.112780e+04 1.095071e+04
10.1 1.117628e+04 1.115590e+04 1.113664e+04 1.115702e+04
11.1 1.104828e+04 1.113469e+04 1.114492e+04 1.105851e+04
12.1 1.105859e+04 1.095870e+04 1.115060e+04 1.125049e+04
13.1 1.121879e+04 1.100492e+04 1.115411e+04 1.136798e+04
14.1 1.130072e+04 1.103407e+04 1.115623e+04 1.142287e+04
15.1 1.136114e+04 1.091171e+04 1.115759e+04 1.160702e+04
16.1 1.108604e+04 1.080945e+04 1.115866e+04 1.143525e+04
17.1 1.147050e+04 1.102909e+04 1.115958e+04 1.160098e+04
0.8 1.119789e+04 1.093666e+04 1.116894e+04 1.143018e+04
1.8 1.126430e+04 1.098476e+04 1.135568e+04 1.163522e+04
2.8 1.108768e+04 1.108005e+04 1.150350e+04 1.151113e+04
3.8 1.118858e+04 1.126297e+04 1.141461e+04 1.134022e+04
4.8 1.148260e+04 1.149552e+04 1.127719e+04 1.126427e+04
5.8 1.147515e+04 1.138450e+04 1.119286e+04 1.128350e+04
6.8 1.160888e+04 1.144635e+04 1.115194e+04 1.131447e+04
7.8 1.147387e+04 1.130279e+04 1.113916e+04 1.131024e+04
8.8 1.099154e+04 1.105332e+04 1.114148e+04 1.107970e+04
9.8 1.141383e+04 1.132662e+04 1.115033e+04 1.123754e+04
10.8 1.150818e+04 1.155162e+04 1.115936e+04 1.111592e+04
11.8 1.135603e+04 1.127739e+04 1.116633e+04 1.124497e+04
12.8 1.093960e+04 1.098151e+04 1.117075e+04 1.112884e+04
13.8 1.107626e+04 1.105364e+04 1.117349e+04 1.119611e+04
14.8 1.094896e+04 1.107391e+04 1.117530e+04 1.105036e+04
15.8 1.057449e+04 1.093101e+04 1.117664e+04 1.082012e+04
16.8 1.086270e+04 1.108975e+04 1.117777e+04 1.095072e+04
17.8 1.121100e+04 1.128016e+04 1.117883e+04 1.110967e+04
