0.9 1.057291e+04 1.043681e+04 1.043585e+04 1.057194e+04
1.9 1.035917e+04 1.042228e+04 1.041181e+04 1.034870e+04
2.9 1.059278e+04 1.040770e+04 1.039645e+04 1.058153e+04
3.9 1.027973e+04 1.041834e+04 1.040897e+04 1.027036e+04
4.9 1.026494e+04 1.044695e+04 1.042529e+04 1.024328e+04
5.9 1.045653e+04 1.046792e+04 1.043496e+04 1.042357e+04
6.9 1.043016e+04 1.046285e+04 1.043954e+04 1.040685e+04
7.9 1.043041e+04 1.045154e+04 1.044101e+04 1.041988e+04
8.9 1.055160e+04 1.047585e+04 1.044072e+04 1.051647e+04
9.9 1.054377e+04 1.049534e+04 1.043971e+04 1.048815e+04
10.9 1.042373e+04 1.048313e+04 1.043873e+04 1.037933e+04
11.9 1.059893e+04 1.047011e+04 1.043803e+04 1.056684e+04
12.9 1.060720e+04 1.044785e+04 1.043322e+04 1.059256e+04
13.9 1.036774e+04 1.040523e+04 1.040550e+04 1.036801e+04
14.9 1.035509e+04 1.039006e+04 1.039755e+04 1.036259e+04
15.9 1.043547e+04 1.041358e+04 1.041264e+04 1.043452e+04
16.9 1.039356e+04 1.043570e+04 1.042741e+04 1.038528e+04
17.9 1.050992e+04 1.043997e+04 1.043597e+04 1.050592e+04
0.1 1.059893e+04 1.047011e+04 1.043803e+04 1.056684e+04
1.1 1.060720e+04 1.044785e+04 1.043322e+04 1.059256e+04
2.1 1.036774e+04 1.040523e+04 1.040550e+04 1.036801e+04
3.1 1.035509e+04 1.039006e+04 1.039755e+04 1.036259e+04
4.1 1.043547e+04 1.041358e+04 1.041264e+04 1.043452e+04
5.1 1.039356e+04 1.043570e+04 1.042741e+04 1.038528e+04
6.1 1.050992e+04 1.043997e+04 1.043597e+04 1.050592e+04
7.1 1.033480e+04 1.044831e+04 1.043966e+04 1.032615e+04
8.1 1.062034e+04 1.045777e+04 1.044060e+04 1.060316e+04
9.1 1.031727e+04 1.045043e+04 1.044003e+04 1.030687e+04
10.1 1.047596e+04 1.043947e+04 1.043898e+04 1.047548e+04
11.1 1.054441e+04 1.045142e+04 1.043800e+04 1.053099e+04
12.1 1.039333e+04 1.049955e+04 1.043734e+04 1.033111e+04
13.1 1.035888e+04 1.050414e+04 1.043694e+04 1.029168e+04
14.1 1.053936e+04 1.047227e+04 1.043673e+04 1.050382e+04
15.1 1.049057e+04 1.040140e+04 1.043660e+04 1.052577e+04
16.1 1.049792e+04 1.030681e+04 1.043652e+04 1.062762e+04
17.1 1.036955e+04 1.032701e+04 1.043646e+04 1.047900e+04
1.0 1.049288e+04 1.044780e+04 1.043241e+04 1.047748e+04
2.0 1.049937e+04 1.041964e+04 1.040571e+04 1.048544e+04
3.0 1.050301e+04 1.040410e+04 1.039534e+04 1.049425e+04
4.0 1.026312e+04 1.042337e+04 1.040976e+04 1.024951e+04
5.0 1.040779e+04 1.044289e+04 1.042500e+04 1.038990e+04
6.0 1.007059e+04 1.044985e+04 1.043406e+04 1.005480e+04
7.0 1.064965e+04 1.046123e+04 1.043806e+04 1.062647e+04
8.0 1.028191e+04 1.045757e+04 1.043920e+04 1.026354e+04
9.0 1.045999e+04 1.045259e+04 1.043875e+04 1.044615e+04
10.0 1.060377e+04 1.047930e+04 1.043775e+04 1.056223e+04
11.0 1.058436e+04 1.048402e+04 1.043680e+04 1.053714e+04
12.0 1.063482e+04 1.047435e+04 1.043616e+04 1.059663e+04
13.0 1.053429e+04 1.047021e+04 1.043579e+04 1.049987e+04
14.0 1.044660e+04 1.045411e+04 1.043561e+04 1.042810e+04
15.0 1.056976e+04 1.043790e+04 1.043553e+04 1.056739e+04
16.0 1.059911e+04 1.042903e+04 1.043549e+04 1.060557e+04
17.0 1.028481e+04 1.043790e+04 1.043547e+04 1.028238e+04
18.0 1.048732e+04 1.045938e+04 1.043546e+04 1.046340e+04
0.7 1.042113e+04 1.042136e+04 1.043488e+04 1.043465e+04
1.7 1.024287e+04 1.041414e+04 1.041441e+04 1.024313e+04
2.7 1.033725e+04 1.039572e+04 1.039444e+04 1.033597e+04
3.7 1.046782e+04 1.042168e+04 1.040387e+04 1.045000e+04
4.7 1.037174e+04 1.046940e+04 1.042082e+04 1.032316e+04
5.7 1.053550e+04 1.047096e+04 1.043161e+04 1.049614e+04
6.7 1.041142e+04 1.045601e+04 1.043699e+04 1.039241e+04
7.7 1.053141e+04 1.045948e+04 1.043884e+04 1.051077e+04
8.7 1.037938e+04 1.045176e+04 1.043877e+04 1.036639e+04
9.7 1.057173e+04 1.044076e+04 1.043784e+04 1.056882e+04
10.7 1.068090e+04 1.046790e+04 1.043685e+04 1.064985e+04
11.7 1.066966e+04 1.047975e+04 1.043610e+04 1.062602e+04
12.7 1.049255e+04 1.045755e+04 1.043567e+04 1.047066e+04
13.7 1.043935e+04 1.043734e+04 1.043544e+04 1.043745e+04
14.7 1.037886e+04 1.044396e+04 1.043534e+04 1.037024e+04
15.7 1.009867e+04 1.044427e+04 1.043529e+04 1.008969e+04
16.7 1.025402e+04 1.043219e+04 1.043528e+04 1.025711e+04
17.7 1.052351e+04 1.042503e+04 1.043527e+04 1.053375e+04
1.0 1.044805e+04 1.044437e+04 1.043356e+04 1.043723e+04
2.0 1.053608e+04 1.041096e+04 1.040692e+04 1.053203e+04
3.0 1.016056e+04 1.039525e+04 1.039659e+04 1.016191e+04
4.0 1.056562e+04 1.040830e+04 1.041106e+04 1.056838e+04
5.0 1.055490e+04 1.045481e+04 1.042664e+04 1.052673e+04
6.0 1.040806e+04 1.049075e+04 1.043543e+04 1.035274e+04
7.0 1.046924e+04 1.047941e+04 1.043945e+04 1.042928e+04
8.0 1.017554e+04 1.040308e+04 1.044062e+04 1.021308e+04
9.0 1.007090e+04 1.031482e+04 1.044018e+04 1.019626e+04
10.0 1.053368e+04 1.033288e+04 1.043917e+04 1.063998e+04
11.0 1.034066e+04 1.039885e+04 1.043825e+04 1.038006e+04
12.0 1.056074e+04 1.043756e+04 1.043609e+04 1.055927e+04
13.0 1.061415e+04 1.042174e+04 1.041090e+04 1.060330e+04
14.0 1.046829e+04 1.040548e+04 1.039607e+04 1.045889e+04
15.0 1.048938e+04 1.043015e+04 1.040890e+04 1.046813e+04
16.0 1.048477e+04 1.046034e+04 1.042471e+04 1.044915e+04
17.0 1.059612e+04 1.047152e+04 1.043433e+04 1.055893e+04
18.0 1.061181e+04 1.050011e+04 1.043892e+04 1.055061e+04
0.9 1.056074e+04 1.043756e+04 1.043609e+04 1.055927e+04
1.9 1.061415e+04 1.042174e+04 1.041090e+04 1.060330e+04
2.9 1.046829e+04 1.040548e+04 1.039607e+04 1.045889e+04
3.9 1.048938e+04 1.043015e+04 1.040890e+04 1.046813e+04
4.9 1.048477e+04 1.046034e+04 1.042471e+04 1.044915e+04
5.9 1.059612e+04 1.047152e+04 1.043433e+04 1.055893e+04
6.9 1.061181e+04 1.050011e+04 1.043892e+04 1.055061e+04
7.9 1.054082e+04 1.049787e+04 1.044027e+04 1.048322e+04
8.9 1.051304e+04 1.050574e+04 1.043990e+04 1.044720e+04
9.9 1.050634e+04 1.049748e+04 1.043887e+04 1.044773e+04
10.9 1.036158e+04 1.046132e+04 1.043783e+04 1.033809e+04
11.9 1.049056e+04 1.035984e+04 1.043705e+04 1.056778e+04
12.9 1.034096e+04 1.029552e+04 1.043655e+04 1.048199e+04
13.9 1.053935e+04 1.032802e+04 1.043624e+04 1.064757e+04
14.9 1.022739e+04 1.037749e+04 1.043603e+04 1.028593e+04
15.9 1.041329e+04 1.041062e+04 1.043585e+04 1.043853e+04
16.9 1.043242e+04 1.044204e+04 1.043569e+04 1.042608e+04
17.9 1.043962e+04 1.045995e+04 1.043553e+04 1.041520e+04
