0.2 9.548418e+03 9.538882e+03 9.590731e+03 9.600267e+03
1.2 9.496914e+03 9.532803e+03 9.600935e+03 9.565046e+03
2.2 9.525745e+03 9.599215e+03 9.672883e+03 9.599413e+03
3.2 9.524049e+03 9.627630e+03 9.700687e+03 9.597105e+03
4.2 9.616265e+03 9.660238e+03 9.662461e+03 9.618487e+03
5.2 9.689120e+03 9.722069e+03 9.619515e+03 9.586567e+03
6.2 9.702603e+03 9.699166e+03 9.594926e+03 9.598362e+03
7.2 9.704569e+03 9.690814e+03 9.583440e+03 9.597194e+03
8.2 9.625410e+03 9.640143e+03 9.580283e+03 9.565550e+03
9.2 9.564223e+03 9.619556e+03 9.581413e+03 9.526080e+03
10.2 9.572650e+03 9.605868e+03 9.584168e+03 9.550950e+03
11.2 9.490695e+03 9.564793e+03 9.589644e+03 9.515545e+03
12.2 9.561744e+03 9.586357e+03 9.650131e+03 9.625518e+03
13.2 9.616752e+03 9.622840e+03 9.704255e+03 9.698167e+03
14.2 9.521026e+03 9.591955e+03 9.678119e+03 9.607190e+03
15.2 9.555480e+03 9.548493e+03 9.630874e+03 9.637861e+03
16.2 9.627054e+03 9.570903e+03 9.600602e+03 9.656754e+03
17.2 9.600312e+03 9.596886e+03 9.585474e+03 9.588901e+03
0.9 9.490695e+03 9.564793e+03 9.589644e+03 9.515545e+03
1.9 9.561744e+03 9.586357e+03 9.650131e+03 9.625518e+03
2.9 9.616752e+03 9.622840e+03 9.704255e+03 9.698167e+03
3.9 9.521026e+03 9.591955e+03 9.678119e+03 9.607190e+03
4.9 9.555480e+03 9.548493e+03 9.630874e+03 9.637861e+03
5.9 9.627054e+03 9.570903e+03 9.600602e+03 9.656754e+03
6.9 9.600312e+03 9.596886e+03 9.585474e+03 9.588901e+03
7.9 9.640603e+03 9.618398e+03 9.580323e+03 9.602527e+03
8.9 9.542591e+03 9.659742e+03 9.580545e+03 9.463393e+03
9.9 9.589871e+03 9.632840e+03 9.583157e+03 9.540188e+03
10.9 9.634325e+03 9.629338e+03 9.585924e+03 9.590911e+03
11.9 9.682926e+03 9.611262e+03 9.588015e+03 9.659680e+03
12.9 9.678780e+03 9.632089e+03 9.589225e+03 9.635916e+03
13.9 9.719569e+03 9.641837e+03 9.589845e+03 9.667577e+03
14.9 9.616254e+03 9.590285e+03 9.590130e+03 9.616099e+03
15.9 9.666383e+03 9.592763e+03 9.590241e+03 9.663861e+03
16.9 9.688146e+03 9.625395e+03 9.590281e+03 9.653032e+03
17.9 9.588398e+03 9.589804e+03 9.590291e+03 9.588885e+03
1.0 9.636407e+03 9.576494e+03 9.596128e+03 9.656041e+03
2.0 9.688058e+03 9.613360e+03 9.663980e+03 9.738677e+03
3.0 9.685661e+03 9.629685e+03 9.704794e+03 9.760771e+03
4.0 9.607890e+03 9.585292e+03 9.670749e+03 9.693346e+03
5.0 9.606141e+03 9.578680e+03 9.624685e+03 9.652146e+03
6.0 9.578007e+03 9.597206e+03 9.597917e+03 9.578718e+03
7.0 9.612553e+03 9.613264e+03 9.631533e+03 9.630822e+03
8.0 9.714665e+03 9.648004e+03 9.699433e+03 9.766094e+03
9.0 9.741976e+03 9.631815e+03 9.686196e+03 9.796357e+03
10.0 9.741812e+03 9.691706e+03 9.636707e+03 9.686813e+03
11.0 9.684333e+03 9.684257e+03 9.602016e+03 9.602092e+03
12.0 9.557128e+03 9.606524e+03 9.584304e+03 9.534908e+03
13.0 9.554522e+03 9.605485e+03 9.577910e+03 9.526947e+03
14.0 9.565589e+03 9.610231e+03 9.577647e+03 9.533005e+03
15.0 9.577980e+03 9.597126e+03 9.580305e+03 9.561158e+03
16.0 9.640184e+03 9.629611e+03 9.583358e+03 9.593931e+03
17.0 9.601315e+03 9.617034e+03 9.585748e+03 9.570029e+03
18.0 9.667785e+03 9.628517e+03 9.587130e+03 9.626398e+03
0.7 9.578007e+03 9.597206e+03 9.597917e+03 9.578718e+03
1.7 9.612553e+03 9.613264e+03 9.631533e+03 9.630822e+03
2.7 9.714665e+03 9.648004e+03 9.699433e+03 9.766094e+03
3.7 9.741976e+03 9.631815e+03 9.686196e+03 9.796357e+03
4.7 9.741812e+03 9.691706e+03 9.636707e+03 9.686813e+03
5.7 9.684333e+03 9.684257e+03 9.602016e+03 9.602092e+03
6.7 9.557128e+03 9.606524e+03 9.584304e+03 9.534908e+03
7.7 9.554522e+03 9.605485e+03 9.577910e+03 9.526947e+03
8.7 9.565589e+03 9.610231e+03 9.577647e+03 9.533005e+03
9.7 9.577980e+03 9.597126e+03 9.580305e+03 9.561158e+03
10.7 9.640184e+03 9.629611e+03 9.583358e+03 9.593931e+03
11.7 9.601315e+03 9.617034e+03 9.585748e+03 9.570029e+03
12.7 9.667785e+03 9.628517e+03 9.587130e+03 9.626398e+03
13.7 9.668346e+03 9.606880e+03 9.587799e+03 9.649265e+03
14.7 9.667283e+03 9.596283e+03 9.588043e+03 9.659043e+03
15.7 9.570365e+03 9.600294e+03 9.588061e+03 9.558133e+03
16.7 9.471248e+03 9.562482e+03 9.587983e+03 9.496749e+03
17.7 9.508026e+03 9.567068e+03 9.587861e+03 9.528818e+03
0.7 9.481547e+03 9.504355e+03 9.586141e+03 9.563332e+03
1.7 9.532713e+03 9.541219e+03 9.629157e+03 9.620651e+03
2.7 9.671929e+03 9.618994e+03 9.706956e+03 9.759891e+03
3.7 9.712368e+03 9.627294e+03 9.695746e+03 9.780820e+03
4.7 9.769701e+03 9.694610e+03 9.643527e+03 9.718618e+03
5.7 9.703768e+03 9.693886e+03 9.603120e+03 9.613003e+03
6.7 9.513633e+03 9.611401e+03 9.582641e+03 9.484873e+03
7.7 9.331891e+03 9.547396e+03 9.582771e+03 9.367266e+03
8.7 9.384497e+03 9.577775e+03 9.648801e+03 9.455524e+03
9.7 9.426269e+03 9.596462e+03 9.683556e+03 9.513363e+03
10.7 9.501481e+03 9.559161e+03 9.650544e+03 9.592863e+03
11.7 9.507318e+03 9.536252e+03 9.611759e+03 9.582824e+03
12.7 9.697241e+03 9.633901e+03 9.588162e+03 9.651501e+03
13.7 9.673041e+03 9.674938e+03 9.583876e+03 9.581979e+03
14.7 9.635789e+03 9.682564e+03 9.650396e+03 9.603621e+03
15.7 9.718623e+03 9.671204e+03 9.703810e+03 9.751229e+03
16.7 9.632188e+03 9.627845e+03 9.671745e+03 9.676088e+03
17.7 9.661755e+03 9.619291e+03 9.622587e+03 9.665050e+03
0.1 9.513633e+03 9.611401e+03 9.582641e+03 9.484873e+03
1.1 9.331891e+03 9.547396e+03 9.582771e+03 9.367266e+03
2.1 9.384497e+03 9.577775e+03 9.648801e+03 9.455524e+03
3.1 9.426269e+03 9.596462e+03 9.683556e+03 9.513363e+03
4.1 9.501481e+03 9.559161e+03 9.650544e+03 9.592863e+03
5.1 9.507318e+03 9.536252e+03 9.611759e+03 9.582824e+03
6.1 9.697241e+03 9.633901e+03 9.588162e+03 9.651501e+03
7.1 9.673041e+03 9.674938e+03 9.583876e+03 9.581979e+03
8.1 9.635789e+03 9.682564e+03 9.650396e+03 9.603621e+03
9.1 9.718623e+03 9.671204e+03 9.703810e+03 9.751229e+03
10.1 9.632188e+03 9.627845e+03 9.671745e+03 9.676088e+03
11.1 9.661755e+03 9.619291e+03 9.622587e+03 9.665050e+03
12.1 9.626576e+03 9.578644e+03 9.592467e+03 9.640399e+03
13.1 9.505205e+03 9.551108e+03 9.578169e+03 9.532267e+03
14.1 9.616743e+03 9.611518e+03 9.573540e+03 9.578766e+03
15.1 9.702027e+03 9.621972e+03 9.574509e+03 9.654565e+03
16.1 9.747154e+03 9.633091e+03 9.577762e+03 9.691824e+03
17.1 9.757466e+03 9.644136e+03 9.582152e+03 9.695482e+03
1.0 9.673041e+03 9.674938e+03 9.583876e+03 9.581979e+03
2.0 9.635789e+03 9.682564e+03 9.650396e+03 9.603621e+03
3.0 9.718623e+03 9.671204e+03 9.703810e+03 9.751229e+03
4.0 9.632188e+03 9.627845e+03 9.671745e+03 9.676088e+03
5.0 9.661755e+03 9.619291e+03 9.622587e+03 9.665050e+03
6.0 9.626576e+03 9.578644e+03 9.592467e+03 9.640399e+03
7.0 9.505205e+03 9.551108e+03 9.578169e+03 9.532267e+03
8.0 9.616743e+03 9.611518e+03 9.573540e+03 9.578766e+03
9.0 9.702027e+03 9.621972e+03 9.574509e+03 9.654565e+03
10.0 9.747154e+03 9.633091e+03 9.577762e+03 9.691824e+03
11.0 9.757466e+03 9.644136e+03 9.582152e+03 9.695482e+03
12.0 9.715630e+03 9.639112e+03 9.630732e+03 9.707249e+03
13.0 9.672590e+03 9.651513e+03 9.700264e+03 9.721340e+03
14.0 9.569193e+03 9.604790e+03 9.684116e+03 9.648519e+03
15.0 9.540582e+03 9.594597e+03 9.635096e+03 9.581081e+03
16.0 9.620004e+03 9.672667e+03 9.601089e+03 9.548425e+03
17.0 9.674699e+03 9.669192e+03 9.583817e+03 9.589324e+03
18.0 9.706838e+03 9.682470e+03 9.577185e+03 9.601552e+03
0.7 9.757466e+03 9.644136e+03 9.582152e+03 9.695482e+03
1.7 9.715630e+03 9.639112e+03 9.630732e+03 9.707249e+03
2.7 9.672590e+03 9.651513e+03 9.700264e+03 9.721340e+03
3.7 9.569193e+03 9.604790e+03 9.684116e+03 9.648519e+03
4.7 9.540582e+03 9.594597e+03 9.635096e+03 9.581081e+03
5.7 9.620004e+03 9.672667e+03 9.601089e+03 9.548425e+03
6.7 9.674699e+03 9.669192e+03 9.583817e+03 9.589324e+03
7.7 9.706838e+03 9.682470e+03 9.577185e+03 9.601552e+03
8.7 9.791844e+03 9.652834e+03 9.576969e+03 9.715979e+03
9.7 9.770615e+03 9.620826e+03 9.579676e+03 9.729465e+03
10.7 9.741671e+03 9.608324e+03 9.582829e+03 9.716176e+03
11.7 9.641171e+03 9.597014e+03 9.585337e+03 9.629494e+03
12.7 9.637753e+03 9.615854e+03 9.587009e+03 9.608909e+03
13.7 9.521647e+03 9.586036e+03 9.587985e+03 9.523596e+03
14.7 9.494251e+03 9.552775e+03 9.588592e+03 9.530068e+03
15.7 9.496942e+03 9.571387e+03 9.589002e+03 9.514557e+03
16.7 9.534472e+03 9.564500e+03 9.589318e+03 9.559290e+03
17.7 9.518313e+03 9.545127e+03 9.589589e+03 9.562775e+03
0.1 9.544560e+03 9.546244e+03 9.591177e+03 9.589493e+03
1.1 9.521687e+03 9.532433e+03 9.599864e+03 9.589119e+03
2.1 9.562924e+03 9.592470e+03 9.670814e+03 9.641267e+03
3.1 9.590517e+03 9.627604e+03 9.709400e+03 9.672312e+03
4.1 9.622290e+03 9.621940e+03 9.672110e+03 9.672460e+03
5.1 9.616111e+03 9.631245e+03 9.625764e+03 9.610630e+03
6.1 9.524441e+03 9.594479e+03 9.598545e+03 9.528507e+03
7.1 9.466442e+03 9.569027e+03 9.585851e+03 9.483266e+03
8.1 9.493473e+03 9.629497e+03 9.581956e+03 9.445932e+03
9.1 9.513363e+03 9.642953e+03 9.583042e+03 9.453452e+03
10.1 9.510497e+03 9.596625e+03 9.586035e+03 9.499907e+03
11.1 9.564767e+03 9.593799e+03 9.588878e+03 9.559847e+03
12.1 9.586974e+03 9.586298e+03 9.590900e+03 9.591576e+03
13.1 9.715901e+03 9.623006e+03 9.592120e+03 9.685014e+03
14.1 9.727602e+03 9.652799e+03 9.592743e+03 9.667546e+03
15.1 9.624253e+03 9.635604e+03 9.593056e+03 9.581704e+03
16.1 9.573892e+03 9.657843e+03 9.593207e+03 9.509256e+03
17.1 9.493320e+03 9.623931e+03 9.593288e+03 9.462677e+03
0.8 9.540390e+03 9.580731e+03 9.594863e+03 9.554522e+03
1.8 9.534508e+03 9.611654e+03 9.647074e+03 9.569928e+03
2.8 9.672654e+03 9.650467e+03 9.712607e+03 9.734794e+03
3.8 9.720707e+03 9.641109e+03 9.690864e+03 9.770461e+03
4.8 9.740422e+03 9.706270e+03 9.640046e+03 9.674197e+03
5.8 9.768899e+03 9.688044e+03 9.605843e+03 9.686699e+03
6.8 9.636758e+03 9.612801e+03 9.588569e+03 9.612526e+03
7.8 9.658167e+03 9.632313e+03 9.581915e+03 9.607769e+03
8.8 9.608833e+03 9.656716e+03 9.581596e+03 9.533713e+03
9.8 9.509920e+03 9.602113e+03 9.584094e+03 9.491902e+03
10.8 9.470842e+03 9.550059e+03 9.586932e+03 9.507715e+03
11.8 9.535894e+03 9.573112e+03 9.589071e+03 9.551853e+03
12.8 9.547163e+03 9.582318e+03 9.590355e+03 9.555201e+03
13.8 9.512203e+03 9.554373e+03 9.590935e+03 9.548765e+03
14.8 9.553415e+03 9.582524e+03 9.591133e+03 9.562025e+03
15.8 9.655164e+03 9.617332e+03 9.591131e+03 9.628963e+03
16.8 9.616015e+03 9.587393e+03 9.591048e+03 9.619671e+03
17.8 9.648284e+03 9.579319e+03 9.590934e+03 9.659900e+03
0.9 9.585987e+03 9.634977e+03 9.592787e+03 9.543796e+03
1.9 9.602879e+03 9.632383e+03 9.652905e+03 9.623401e+03
2.9 9.610862e+03 9.655606e+03 9.722233e+03 9.677489e+03
3.9 9.527596e+03 9.627888e+03 9.698834e+03 9.598543e+03
4.9 9.568438e+03 9.627425e+03 9.642783e+03 9.583796e+03
5.9 9.596085e+03 9.605247e+03 9.604811e+03 9.595649e+03
6.9 9.594462e+03 9.622791e+03 9.585320e+03 9.556991e+03
7.9 9.594094e+03 9.617811e+03 9.578271e+03 9.554554e+03
8.9 9.619263e+03 9.572163e+03 9.577990e+03 9.625090e+03
9.9 9.610800e+03 9.580563e+03 9.580867e+03 9.611103e+03
10.9 9.642804e+03 9.595225e+03 9.584147e+03 9.631727e+03
11.9 9.638983e+03 9.563599e+03 9.586719e+03 9.662103e+03
12.9 9.632067e+03 9.530764e+03 9.588257e+03 9.689561e+03
13.9 9.647312e+03 9.516246e+03 9.591646e+03 9.722712e+03
14.9 9.669503e+03 9.563348e+03 9.644930e+03 9.751085e+03
15.9 9.720345e+03 9.606910e+03 9.688498e+03 9.801934e+03
16.9 9.626542e+03 9.602067e+03 9.662609e+03 9.687084e+03
17.9 9.688465e+03 9.625547e+03 9.623325e+03 9.686243e+03
0.9 9.647312e+03 9.516246e+03 9.591646e+03 9.722712e+03
1.9 9.669503e+03 9.563348e+03 9.644930e+03 9.751085e+03
2.9 9.720345e+03 9.606910e+03 9.688498e+03 9.801934e+03
3.9 9.626542e+03 9.602067e+03 9.662609e+03 9.687084e+03
4.9 9.688465e+03 9.625547e+03 9.623325e+03 9.686243e+03
5.9 9.573877e+03 9.606558e+03 9.598178e+03 9.565497e+03
6.9 9.524073e+03 9.560186e+03 9.585834e+03 9.549721e+03
7.9 9.440373e+03 9.540813e+03 9.581854e+03 9.481414e+03
8.9 9.565724e+03 9.610957e+03 9.582413e+03 9.537181e+03
9.9 9.601445e+03 9.640927e+03 9.584859e+03 9.545377e+03
10.9 9.660510e+03 9.645210e+03 9.587374e+03 9.602675e+03
11.9 9.618916e+03 9.664286e+03 9.589269e+03 9.543899e+03
