1.247495e+04 1.211030e+04 1.202228e+04 1.256297e+04
1.220180e+04 1.211169e+04 1.201879e+04 1.229470e+04
1.213149e+04 1.211330e+04 1.201570e+04 1.222909e+04
1.196301e+04 1.219138e+04 1.208924e+04 1.206515e+04
1.225926e+04 1.242408e+04 1.231767e+04 1.236568e+04
1.232973e+04 1.245113e+04 1.234069e+04 1.244017e+04
1.219237e+04 1.231240e+04 1.221571e+04 1.228905e+04
1.219595e+04 1.218781e+04 1.219106e+04 1.219270e+04
1.199559e+04 1.212151e+04 1.214462e+04 1.197247e+04
1.181951e+04 1.209322e+04 1.205661e+04 1.185613e+04
1.190907e+04 1.208759e+04 1.199286e+04 1.200380e+04
1.196200e+04 1.209371e+04 1.199647e+04 1.205923e+04
1.217499e+04 1.210327e+04 1.220360e+04 1.207466e+04
1.221249e+04 1.211122e+04 1.228924e+04 1.203448e+04
1.237325e+04 1.211646e+04 1.226200e+04 1.222771e+04
1.223692e+04 1.211942e+04 1.226035e+04 1.209599e+04
1.213637e+04 1.212081e+04 1.222221e+04 1.203497e+04
1.228033e+04 1.212142e+04 1.227723e+04 1.212452e+04
1.229704e+04 1.212162e+04 1.221138e+04 1.220728e+04
1.222534e+04 1.212164e+04 1.216505e+04 1.218193e+04
1.220876e+04 1.212156e+04 1.212829e+04 1.220203e+04
1.195897e+04 1.212142e+04 1.205095e+04 1.202945e+04
1.213475e+04 1.212124e+04 1.215433e+04 1.210166e+04
1.214865e+04 1.212103e+04 1.227997e+04 1.198971e+04
1.208426e+04 1.212079e+04 1.219236e+04 1.201269e+04
1.199767e+04 1.212052e+04 1.206094e+04 1.205726e+04
1.227840e+04 1.212024e+04 1.211634e+04 1.228229e+04
1.210890e+04 1.211994e+04 1.218324e+04 1.204560e+04
1.229996e+04 1.211962e+04 1.221502e+04 1.220456e+04
1.225526e+04 1.211930e+04 1.229174e+04 1.208282e+04
1.212664e+04 1.211897e+04 1.221403e+04 1.203159e+04
1.227406e+04 1.211864e+04 1.217094e+04 1.222177e+04
1.206409e+04 1.211831e+04 1.211946e+04 1.206294e+04
1.215119e+04 1.211799e+04 1.218542e+04 1.208376e+04
1.214717e+04 1.211767e+04 1.222581e+04 1.203903e+04
1.210647e+04 1.211736e+04 1.211728e+04 1.210655e+04
1.220342e+04 1.211706e+04 1.213244e+04 1.218803e+04
1.233587e+04 1.211678e+04 1.221456e+04 1.223808e+04
1.214290e+04 1.211651e+04 1.212944e+04 1.212997e+04
1.183444e+04 1.211699e+04 1.201270e+04 1.193873e+04
1.195758e+04 1.221493e+04 1.203997e+04 1.213255e+04
1.216206e+04 1.247729e+04 1.227441e+04 1.236493e+04
1.234033e+04 1.250627e+04 1.229758e+04 1.254903e+04
1.215151e+04 1.234426e+04 1.214090e+04 1.235487e+04
1.225727e+04 1.220022e+04 1.205645e+04 1.240104e+04
1.220654e+04 1.211874e+04 1.207647e+04 1.224881e+04
1.203419e+04 1.214321e+04 1.208837e+04 1.208903e+04
1.231258e+04 1.234699e+04 1.223178e+04 1.242779e+04
1.227910e+04 1.238018e+04 1.222169e+04 1.243759e+04
1.201113e+04 1.226894e+04 1.210475e+04 1.217532e+04
1.215058e+04 1.216684e+04 1.213730e+04 1.218011e+04
1.227119e+04 1.211292e+04 1.215156e+04 1.223255e+04
1.225912e+04 1.208986e+04 1.225463e+04 1.209435e+04
1.235684e+04 1.208589e+04 1.229579e+04 1.214695e+04
1.229176e+04 1.209136e+04 1.215891e+04 1.222421e+04
1.223766e+04 1.209976e+04 1.213063e+04 1.220679e+04
1.215091e+04 1.210679e+04 1.217843e+04 1.207927e+04
1.223516e+04 1.211155e+04 1.222898e+04 1.211772e+04
1.223277e+04 1.211416e+04 1.233768e+04 1.200926e+04
1.220123e+04 1.211555e+04 1.226005e+04 1.205673e+04
1.221513e+04 1.211632e+04 1.222586e+04 1.210560e+04
1.210766e+04 1.211681e+04 1.214978e+04 1.207470e+04
1.196438e+04 1.211721e+04 1.203395e+04 1.204763e+04
1.223362e+04 1.211758e+04 1.209948e+04 1.225173e+04
1.218323e+04 1.211794e+04 1.215183e+04 1.214935e+04
1.219186e+04 1.211832e+04 1.214552e+04 1.216466e+04
1.234841e+04 1.211872e+04 1.223448e+04 1.223265e+04
1.207397e+04 1.216578e+04 1.221397e+04 1.202578e+04
1.219038e+04 1.235736e+04 1.227254e+04 1.227520e+04
1.214174e+04 1.239550e+04 1.222300e+04 1.231424e+04
1.214166e+04 1.228415e+04 1.214593e+04 1.227989e+04
1.209856e+04 1.218322e+04 1.210767e+04 1.217411e+04
1.198863e+04 1.212573e+04 1.201966e+04 1.209469e+04
1.191562e+04 1.210153e+04 1.204563e+04 1.197152e+04
1.213263e+04 1.209604e+04 1.220935e+04 1.201932e+04
1.209668e+04 1.210053e+04 1.219449e+04 1.200273e+04
1.204546e+04 1.210805e+04 1.216488e+04 1.198862e+04
1.203958e+04 1.211486e+04 1.211765e+04 1.203680e+04
1.210407e+04 1.211942e+04 1.217147e+04 1.205202e+04
1.217128e+04 1.212217e+04 1.222136e+04 1.207209e+04
1.220391e+04 1.212374e+04 1.217662e+04 1.215103e+04
1.225664e+04 1.212461e+04 1.224600e+04 1.213525e+04
1.213851e+04 1.212513e+04 1.218129e+04 1.208235e+04
1.212698e+04 1.216209e+04 1.207933e+04 1.220973e+04
1.240985e+04 1.234643e+04 1.216781e+04 1.258847e+04
1.214945e+04 1.239532e+04 1.217449e+04 1.237028e+04
1.239252e+04 1.229212e+04 1.215280e+04 1.253185e+04
1.219780e+04 1.218982e+04 1.217493e+04 1.221269e+04
1.201475e+04 1.213355e+04 1.208766e+04 1.206064e+04
1.181637e+04 1.210846e+04 1.198437e+04 1.194046e+04
1.187492e+04 1.210201e+04 1.192642e+04 1.205051e+04
1.186537e+04 1.210568e+04 1.203291e+04 1.193814e+04
1.226792e+04 1.211276e+04 1.226257e+04 1.211812e+04
1.238631e+04 1.211895e+04 1.225661e+04 1.224865e+04
1.235669e+04 1.212310e+04 1.224883e+04 1.223096e+04
1.218627e+04 1.212545e+04 1.218077e+04 1.213095e+04
1.196855e+04 1.212652e+04 1.204965e+04 1.204542e+04
1.199618e+04 1.212693e+04 1.197588e+04 1.214723e+04
1.217289e+04 1.212700e+04 1.213071e+04 1.216919e+04
1.226100e+04 1.212692e+04 1.221531e+04 1.217261e+04
1.217413e+04 1.212676e+04 1.211226e+04 1.218863e+04
1.210992e+04 1.212653e+04 1.201582e+04 1.222063e+04
1.224356e+04 1.212626e+04 1.208936e+04 1.228046e+04
1.212834e+04 1.212595e+04 1.213022e+04 1.212407e+04
1.218619e+04 1.212561e+04 1.225788e+04 1.205392e+04
1.224689e+04 1.212523e+04 1.233967e+04 1.203245e+04
1.226426e+04 1.212481e+04 1.227242e+04 1.211665e+04
1.225852e+04 1.212436e+04 1.226882e+04 1.211405e+04
1.216408e+04 1.212384e+04 1.215658e+04 1.213134e+04
1.199599e+04 1.212326e+04 1.206233e+04 1.205692e+04
1.236623e+04 1.212266e+04 1.217938e+04 1.230950e+04
1.228686e+04 1.212204e+04 1.219221e+04 1.221669e+04
1.233554e+04 1.212141e+04 1.221886e+04 1.223810e+04
1.229766e+04 1.212077e+04 1.224925e+04 1.216918e+04
1.224130e+04 1.212010e+04 1.226648e+04 1.209492e+04
1.233533e+04 1.211942e+04 1.233697e+04 1.211777e+04
1.210135e+04 1.211877e+04 1.221580e+04 1.200432e+04
1.206371e+04 1.211809e+04 1.210174e+04 1.208006e+04
1.209448e+04 1.211737e+04 1.213174e+04 1.208011e+04
1.218440e+04 1.211661e+04 1.212217e+04 1.217884e+04
1.213166e+04 1.211582e+04 1.223084e+04 1.201664e+04
1.219364e+04 1.211504e+04 1.222281e+04 1.208588e+04
1.215283e+04 1.211428e+04 1.215991e+04 1.210720e+04
1.230387e+04 1.211466e+04 1.212322e+04 1.229530e+04
1.231998e+04 1.221148e+04 1.213084e+04 1.240062e+04
1.229865e+04 1.238802e+04 1.222712e+04 1.245954e+04
1.197203e+04 1.235789e+04 1.215939e+04 1.217054e+04
1.201653e+04 1.223637e+04 1.207054e+04 1.218236e+04
1.202180e+04 1.214893e+04 1.213449e+04 1.203623e+04
1.201616e+04 1.210330e+04 1.211087e+04 1.200860e+04
1.190699e+04 1.211266e+04 1.204250e+04 1.197715e+04
1.230331e+04 1.230600e+04 1.217085e+04 1.243846e+04
1.224165e+04 1.239777e+04 1.222759e+04 1.241184e+04
1.215385e+04 1.229812e+04 1.211450e+04 1.233747e+04
1.207580e+04 1.218415e+04 1.201992e+04 1.224003e+04
1.209740e+04 1.211494e+04 1.210233e+04 1.211001e+04
1.212127e+04 1.208395e+04 1.211996e+04 1.208526e+04
1.183385e+04 1.207467e+04 1.203536e+04 1.187317e+04
1.189997e+04 1.207759e+04 1.198920e+04 1.198836e+04
1.213498e+04 1.208480e+04 1.216444e+04 1.205533e+04
1.229516e+04 1.209177e+04 1.226718e+04 1.211976e+04
1.223263e+04 1.209636e+04 1.224524e+04 1.208375e+04
1.228287e+04 1.209889e+04 1.226514e+04 1.211662e+04
1.196726e+04 1.210009e+04 1.215770e+04 1.190965e+04
1.209210e+04 1.216380e+04 1.208625e+04 1.216964e+04
1.236188e+04 1.242573e+04 1.226513e+04 1.252249e+04
1.230784e+04 1.249824e+04 1.230571e+04 1.250037e+04
1.211093e+04 1.234724e+04 1.217293e+04 1.228524e+04
1.214453e+04 1.219822e+04 1.217630e+04 1.216645e+04
1.219014e+04 1.211194e+04 1.215476e+04 1.214732e+04
1.221167e+04 1.207243e+04 1.221173e+04 1.207237e+04
1.230793e+04 1.206244e+04 1.225892e+04 1.211145e+04
1.224474e+04 1.206762e+04 1.221137e+04 1.210099e+04
1.230571e+04 1.207775e+04 1.226676e+04 1.211670e+04
1.217364e+04 1.208701e+04 1.218894e+04 1.207171e+04
1.198174e+04 1.213616e+04 1.208642e+04 1.203148e+04
1.225775e+04 1.231461e+04 1.216809e+04 1.240427e+04
1.202052e+04 1.234610e+04 1.215739e+04 1.220923e+04
1.193988e+04 1.224643e+04 1.205677e+04 1.212954e+04
1.215525e+04 1.215589e+04 1.206552e+04 1.224562e+04
1.202728e+04 1.210459e+04 1.207258e+04 1.205929e+04
1.210749e+04 1.208308e+04 1.201162e+04 1.217895e+04
1.204106e+04 1.208637e+04 1.196376e+04 1.216368e+04
1.223947e+04 1.224340e+04 1.209105e+04 1.239182e+04
1.227606e+04 1.239427e+04 1.222808e+04 1.244224e+04
1.223764e+04 1.232807e+04 1.215769e+04 1.240801e+04
1.216053e+04 1.220892e+04 1.204416e+04 1.232528e+04
1.227719e+04 1.212884e+04 1.208569e+04 1.232034e+04
1.212446e+04 1.209109e+04 1.215005e+04 1.206549e+04
1.215228e+04 1.207809e+04 1.223721e+04 1.199316e+04
1.238749e+04 1.207939e+04 1.234632e+04 1.212055e+04
1.227589e+04 1.208680e+04 1.226701e+04 1.209568e+04
1.226403e+04 1.209495e+04 1.224171e+04 1.211727e+04
1.214881e+04 1.210099e+04 1.215709e+04 1.209271e+04
1.209560e+04 1.210486e+04 1.204949e+04 1.215096e+04
1.215105e+04 1.210720e+04 1.216214e+04 1.209611e+04
1.220718e+04 1.210860e+04 1.225762e+04 1.205817e+04
1.218090e+04 1.210959e+04 1.215077e+04 1.213973e+04
1.182332e+04 1.211040e+04 1.203293e+04 1.190079e+04
1.212910e+04 1.211116e+04 1.205526e+04 1.218499e+04
1.199363e+04 1.211190e+04 1.206109e+04 1.204444e+04
1.197778e+04 1.212188e+04 1.201096e+04 1.208870e+04
1.204473e+04 1.228784e+04 1.212531e+04 1.220727e+04
1.216685e+04 1.242870e+04 1.224337e+04 1.235219e+04
1.213162e+04 1.235295e+04 1.216184e+04 1.232273e+04
1.207124e+04 1.222442e+04 1.209651e+04 1.219915e+04
1.221020e+04 1.214342e+04 1.210501e+04 1.224861e+04
1.241398e+04 1.210363e+04 1.211728e+04 1.240033e+04
1.228583e+04 1.209083e+04 1.230268e+04 1.207398e+04
1.240335e+04 1.209255e+04 1.233911e+04 1.215679e+04
1.236865e+04 1.210065e+04 1.226461e+04 1.220470e+04
1.201124e+04 1.210911e+04 1.217623e+04 1.194413e+04
1.199927e+04 1.211571e+04 1.222535e+04 1.188963e+04
1.231218e+04 1.211993e+04 1.234195e+04 1.209016e+04
1.226136e+04 1.212258e+04 1.228102e+04 1.210292e+04
1.229681e+04 1.212435e+04 1.227861e+04 1.214255e+04
1.224215e+04 1.215386e+04 1.221077e+04 1.218524e+04
1.219747e+04 1.235209e+04 1.226003e+04 1.228954e+04
1.211288e+04 1.242946e+04 1.224315e+04 1.229919e+04
1.198775e+04 1.232615e+04 1.210471e+04 1.220918e+04
1.211782e+04 1.220985e+04 1.206784e+04 1.225982e+04
1.185320e+04 1.214378e+04 1.206853e+04 1.192845e+04
1.204338e+04 1.211356e+04 1.200561e+04 1.215134e+04
1.203090e+04 1.210614e+04 1.194924e+04 1.218780e+04
1.204018e+04 1.211050e+04 1.193126e+04 1.221942e+04
1.214200e+04 1.211935e+04 1.208295e+04 1.217840e+04
1.240442e+04 1.212753e+04 1.221555e+04 1.231640e+04
1.225996e+04 1.213364e+04 1.219711e+04 1.219649e+04
1.236656e+04 1.213765e+04 1.225517e+04 1.224904e+04
1.219078e+04 1.214040e+04 1.219503e+04 1.213615e+04
1.211586e+04 1.214251e+04 1.205980e+04 1.219857e+04
1.200373e+04 1.214432e+04 1.199630e+04 1.215175e+04
1.206830e+04 1.214605e+04 1.214993e+04 1.206442e+04
1.221481e+04 1.214778e+04 1.221689e+04 1.214570e+04
1.233310e+04 1.214953e+04 1.223129e+04 1.225134e+04
1.224842e+04 1.215131e+04 1.228255e+04 1.211718e+04
1.199548e+04 1.215315e+04 1.217461e+04 1.197402e+04
