0.9 1.137465e+04 1.137580e+04 1.137438e+04 1.137323e+04
1.9 1.137649e+04 1.133169e+04 1.133055e+04 1.137535e+04
2.9 1.124183e+04 1.131064e+04 1.131017e+04 1.124136e+04
3.9 1.135449e+04 1.134845e+04 1.133266e+04 1.133870e+04
4.9 1.136941e+04 1.139406e+04 1.135916e+04 1.133451e+04
5.9 1.139439e+04 1.139809e+04 1.137442e+04 1.137072e+04
6.9 1.135304e+04 1.137538e+04 1.138157e+04 1.135923e+04
7.9 1.129663e+04 1.136541e+04 1.138356e+04 1.131478e+04
8.9 1.134501e+04 1.137055e+04 1.138286e+04 1.135732e+04
9.9 1.146015e+04 1.137519e+04 1.138109e+04 1.146605e+04
10.9 1.137037e+04 1.137443e+04 1.137943e+04 1.137537e+04
11.9 1.140080e+04 1.137253e+04 1.137821e+04 1.140648e+04
12.9 1.141194e+04 1.137310e+04 1.137749e+04 1.141633e+04
13.9 1.148562e+04 1.137637e+04 1.137708e+04 1.148633e+04
14.9 1.141018e+04 1.138011e+04 1.137684e+04 1.140691e+04
15.9 1.140257e+04 1.140824e+04 1.137668e+04 1.137101e+04
16.9 1.140536e+04 1.141553e+04 1.137656e+04 1.136639e+04
17.9 1.151170e+04 1.139675e+04 1.137645e+04 1.149140e+04
0.3 1.134880e+04 1.136690e+04 1.137920e+04 1.136110e+04
1.3 1.135322e+04 1.135125e+04 1.136299e+04 1.136497e+04
2.3 1.132879e+04 1.130572e+04 1.131687e+04 1.133993e+04
3.3 1.128422e+04 1.131120e+04 1.131814e+04 1.129116e+04
4.3 1.135739e+04 1.136364e+04 1.134666e+04 1.134041e+04
5.3 1.145847e+04 1.139424e+04 1.136864e+04 1.143287e+04
6.3 1.140009e+04 1.139348e+04 1.138039e+04 1.138700e+04
7.3 1.132762e+04 1.138518e+04 1.138543e+04 1.132786e+04
8.3 1.139656e+04 1.138058e+04 1.138633e+04 1.140232e+04
9.3 1.135416e+04 1.137644e+04 1.138523e+04 1.136295e+04
10.3 1.134680e+04 1.137467e+04 1.138366e+04 1.135579e+04
11.3 1.136110e+04 1.139491e+04 1.138238e+04 1.134857e+04
12.3 1.157532e+04 1.141288e+04 1.138158e+04 1.154402e+04
13.3 1.144795e+04 1.140242e+04 1.138121e+04 1.142674e+04
14.3 1.146737e+04 1.138554e+04 1.138108e+04 1.146291e+04
15.3 1.132349e+04 1.137508e+04 1.138108e+04 1.132949e+04
16.3 1.140829e+04 1.137133e+04 1.138113e+04 1.141809e+04
17.3 1.137756e+04 1.137405e+04 1.138120e+04 1.138470e+04
0.8 1.128467e+04 1.137303e+04 1.137909e+04 1.129073e+04
1.8 1.131960e+04 1.133125e+04 1.133872e+04 1.132708e+04
2.8 1.131204e+04 1.130443e+04 1.131308e+04 1.132069e+04
3.8 1.132060e+04 1.132423e+04 1.133335e+04 1.132972e+04
4.8 1.133452e+04 1.135161e+04 1.136079e+04 1.134370e+04
5.8 1.132197e+04 1.136818e+04 1.137723e+04 1.133103e+04
6.8 1.137016e+04 1.137503e+04 1.138520e+04 1.138032e+04
7.8 1.134465e+04 1.137521e+04 1.138771e+04 1.135715e+04
8.8 1.138982e+04 1.137503e+04 1.138732e+04 1.140211e+04
9.8 1.136314e+04 1.136573e+04 1.138573e+04 1.138313e+04
10.8 1.140312e+04 1.134414e+04 1.138415e+04 1.144314e+04
11.8 1.136908e+04 1.134587e+04 1.138301e+04 1.140621e+04
12.8 1.135646e+04 1.136316e+04 1.138236e+04 1.137566e+04
13.8 1.136404e+04 1.139465e+04 1.138203e+04 1.135143e+04
14.8 1.141369e+04 1.141534e+04 1.138188e+04 1.138023e+04
15.8 1.136752e+04 1.140702e+04 1.138181e+04 1.134231e+04
16.8 1.138414e+04 1.139070e+04 1.138178e+04 1.137521e+04
17.8 1.141514e+04 1.137973e+04 1.138175e+04 1.141715e+04
0.4 1.136255e+04 1.137835e+04 1.138167e+04 1.136586e+04
1.4 1.131401e+04 1.135927e+04 1.136420e+04 1.131894e+04
2.4 1.138128e+04 1.131107e+04 1.131834e+04 1.138855e+04
3.4 1.132059e+04 1.131319e+04 1.132064e+04 1.132805e+04
4.4 1.131775e+04 1.134408e+04 1.134840e+04 1.132207e+04
5.4 1.125896e+04 1.136787e+04 1.137060e+04 1.126169e+04
6.4 1.143859e+04 1.140311e+04 1.138193e+04 1.141742e+04
7.4 1.140003e+04 1.142671e+04 1.138664e+04 1.135996e+04
8.4 1.142963e+04 1.141351e+04 1.138729e+04 1.140340e+04
9.4 1.141142e+04 1.139319e+04 1.138600e+04 1.140423e+04
10.4 1.152371e+04 1.138197e+04 1.138419e+04 1.152593e+04
11.4 1.143789e+04 1.137890e+04 1.138273e+04 1.144172e+04
12.4 1.137366e+04 1.137517e+04 1.138164e+04 1.138013e+04
13.4 1.134573e+04 1.134888e+04 1.135787e+04 1.135472e+04
14.4 1.131130e+04 1.130548e+04 1.131542e+04 1.132124e+04
15.4 1.124415e+04 1.131297e+04 1.132284e+04 1.125401e+04
16.4 1.127250e+04 1.134078e+04 1.135080e+04 1.128252e+04
17.4 1.129873e+04 1.135935e+04 1.137153e+04 1.131091e+04
0.5 1.137366e+04 1.137517e+04 1.138164e+04 1.138013e+04
1.5 1.134573e+04 1.134888e+04 1.135787e+04 1.135472e+04
2.5 1.131130e+04 1.130548e+04 1.131542e+04 1.132124e+04
3.5 1.124415e+04 1.131297e+04 1.132284e+04 1.125401e+04
4.5 1.127250e+04 1.134078e+04 1.135080e+04 1.128252e+04
5.5 1.129873e+04 1.135935e+04 1.137153e+04 1.131091e+04
6.5 1.143859e+04 1.137070e+04 1.138180e+04 1.144969e+04
7.5 1.156528e+04 1.141826e+04 1.138580e+04 1.153282e+04
8.5 1.150759e+04 1.145374e+04 1.138612e+04 1.143997e+04
9.5 1.160799e+04 1.143103e+04 1.138468e+04 1.156164e+04
10.5 1.148465e+04 1.139594e+04 1.138286e+04 1.147157e+04
11.5 1.142455e+04 1.137200e+04 1.138144e+04 1.143399e+04
12.5 1.133711e+04 1.134109e+04 1.138052e+04 1.137654e+04
13.5 1.129256e+04 1.133229e+04 1.137998e+04 1.134025e+04
14.5 1.133677e+04 1.134518e+04 1.137968e+04 1.137127e+04
15.5 1.134138e+04 1.135752e+04 1.137949e+04 1.136335e+04
16.5 1.138425e+04 1.136414e+04 1.137936e+04 1.139946e+04
17.5 1.131024e+04 1.136947e+04 1.137925e+04 1.132002e+04
0.5 1.134290e+04 1.137383e+04 1.137727e+04 1.134634e+04
1.5 1.129134e+04 1.135341e+04 1.135517e+04 1.129310e+04
2.5 1.126900e+04 1.130675e+04 1.131175e+04 1.127400e+04
3.5 1.143521e+04 1.131634e+04 1.131864e+04 1.143751e+04
4.5 1.136013e+04 1.136569e+04 1.134729e+04 1.134174e+04
5.5 1.135007e+04 1.138778e+04 1.136769e+04 1.132999e+04
6.5 1.133534e+04 1.138579e+04 1.137819e+04 1.132774e+04
7.5 1.133013e+04 1.137871e+04 1.138238e+04 1.133380e+04
8.5 1.134195e+04 1.137127e+04 1.138273e+04 1.135342e+04
9.5 1.126049e+04 1.136566e+04 1.138129e+04 1.127612e+04
10.5 1.142708e+04 1.137378e+04 1.137952e+04 1.143283e+04
11.5 1.132076e+04 1.139579e+04 1.137810e+04 1.130307e+04
12.5 1.141002e+04 1.139718e+04 1.137716e+04 1.139000e+04
13.5 1.135021e+04 1.138133e+04 1.137662e+04 1.134551e+04
14.5 1.147248e+04 1.136687e+04 1.137631e+04 1.148192e+04
15.5 1.137636e+04 1.135884e+04 1.137611e+04 1.139363e+04
16.5 1.148482e+04 1.136129e+04 1.137596e+04 1.149949e+04
17.5 1.142657e+04 1.139120e+04 1.137582e+04 1.141119e+04
