0.9 1.227809e+04 1.222537e+04 1.224588e+04 1.229860e+04
1.9 1.221549e+04 1.224479e+04 1.224843e+04 1.221913e+04
2.9 1.231238e+04 1.225650e+04 1.224962e+04 1.230550e+04
3.9 1.219319e+04 1.224677e+04 1.224831e+04 1.219474e+04
4.9 1.213879e+04 1.223023e+04 1.224676e+04 1.215532e+04
5.9 1.216593e+04 1.223847e+04 1.224587e+04 1.217334e+04
6.9 1.217979e+04 1.226212e+04 1.224546e+04 1.216312e+04
7.9 1.226191e+04 1.226555e+04 1.224534e+04 1.224170e+04
8.9 1.217827e+04 1.222721e+04 1.224538e+04 1.219644e+04
9.9 1.217923e+04 1.220435e+04 1.224549e+04 1.222036e+04
10.9 1.212128e+04 1.222057e+04 1.224558e+04 1.214629e+04
11.9 1.221159e+04 1.224218e+04 1.224565e+04 1.221506e+04
12.9 1.221774e+04 1.223806e+04 1.224570e+04 1.222537e+04
13.9 1.217390e+04 1.220708e+04 1.224572e+04 1.221254e+04
14.9 1.217689e+04 1.220713e+04 1.224573e+04 1.221549e+04
15.9 1.219359e+04 1.221584e+04 1.224574e+04 1.222349e+04
16.9 1.220390e+04 1.222967e+04 1.224575e+04 1.221997e+04
17.9 1.226912e+04 1.224667e+04 1.224576e+04 1.226821e+04
0.3 1.219347e+04 1.223068e+04 1.224560e+04 1.220839e+04
1.3 1.216058e+04 1.224671e+04 1.224654e+04 1.216042e+04
2.3 1.227693e+04 1.225770e+04 1.224923e+04 1.226846e+04
3.3 1.223613e+04 1.225774e+04 1.224916e+04 1.222755e+04
4.3 1.227741e+04 1.223631e+04 1.224749e+04 1.228859e+04
5.3 1.223433e+04 1.222701e+04 1.224621e+04 1.225354e+04
6.3 1.214305e+04 1.223613e+04 1.224553e+04 1.215245e+04
7.3 1.228829e+04 1.225061e+04 1.224523e+04 1.228291e+04
8.3 1.229529e+04 1.227659e+04 1.224518e+04 1.226389e+04
9.3 1.233640e+04 1.228383e+04 1.224524e+04 1.229782e+04
10.3 1.230069e+04 1.227180e+04 1.224534e+04 1.227423e+04
11.3 1.220437e+04 1.224187e+04 1.224541e+04 1.220791e+04
12.3 1.213033e+04 1.221920e+04 1.224546e+04 1.215659e+04
13.3 1.232627e+04 1.222519e+04 1.224548e+04 1.234656e+04
14.3 1.227079e+04 1.223903e+04 1.224549e+04 1.227725e+04
15.3 1.226162e+04 1.224853e+04 1.224549e+04 1.225858e+04
16.3 1.230452e+04 1.224353e+04 1.224548e+04 1.230647e+04
17.3 1.220884e+04 1.220886e+04 1.224548e+04 1.224546e+04
0.8 1.219788e+04 1.220253e+04 1.224560e+04 1.224096e+04
1.8 1.227477e+04 1.222591e+04 1.224796e+04 1.229682e+04
2.8 1.224876e+04 1.224629e+04 1.224945e+04 1.225192e+04
3.8 1.229382e+04 1.225554e+04 1.224827e+04 1.228655e+04
4.8 1.225920e+04 1.225844e+04 1.224667e+04 1.224743e+04
5.8 1.221283e+04 1.225843e+04 1.224571e+04 1.220011e+04
6.8 1.216965e+04 1.226142e+04 1.224525e+04 1.215347e+04
7.8 1.226430e+04 1.226820e+04 1.224510e+04 1.224120e+04
8.8 1.225928e+04 1.226681e+04 1.224512e+04 1.223760e+04
9.8 1.226586e+04 1.227368e+04 1.224521e+04 1.223740e+04
10.8 1.226444e+04 1.229884e+04 1.224531e+04 1.221091e+04
11.8 1.226396e+04 1.229309e+04 1.224537e+04 1.221625e+04
12.8 1.235827e+04 1.227154e+04 1.224541e+04 1.233214e+04
13.8 1.225525e+04 1.225090e+04 1.224543e+04 1.224977e+04
14.8 1.223766e+04 1.223911e+04 1.224544e+04 1.224399e+04
15.8 1.223402e+04 1.223893e+04 1.224544e+04 1.224054e+04
16.8 1.231038e+04 1.224295e+04 1.224545e+04 1.231287e+04
17.8 1.223822e+04 1.224456e+04 1.224545e+04 1.223911e+04
0.4 1.221847e+04 1.218719e+04 1.224545e+04 1.227673e+04
1.4 1.224335e+04 1.220035e+04 1.224647e+04 1.228947e+04
2.4 1.218403e+04 1.222935e+04 1.224915e+04 1.220383e+04
3.4 1.219008e+04 1.223799e+04 1.224901e+04 1.220110e+04
4.4 1.212896e+04 1.221478e+04 1.224739e+04 1.216157e+04
5.4 1.218376e+04 1.221203e+04 1.224610e+04 1.221783e+04
6.4 1.215561e+04 1.221687e+04 1.224544e+04 1.218417e+04
7.4 1.216201e+04 1.222140e+04 1.224516e+04 1.218576e+04
8.4 1.220427e+04 1.223424e+04 1.224512e+04 1.221515e+04
9.4 1.224415e+04 1.224461e+04 1.224520e+04 1.224474e+04
10.4 1.223425e+04 1.222681e+04 1.224530e+04 1.225274e+04
11.4 1.210468e+04 1.219456e+04 1.224539e+04 1.215551e+04
12.4 1.221400e+04 1.220115e+04 1.224545e+04 1.225831e+04
13.4 1.222608e+04 1.222560e+04 1.224684e+04 1.224732e+04
14.4 1.222842e+04 1.224468e+04 1.224932e+04 1.223306e+04
15.4 1.223671e+04 1.225258e+04 1.224888e+04 1.223301e+04
16.4 1.221520e+04 1.225554e+04 1.224725e+04 1.220692e+04
17.4 1.228735e+04 1.226262e+04 1.224604e+04 1.227077e+04
0.5 1.221400e+04 1.220115e+04 1.224545e+04 1.225831e+04
1.5 1.222608e+04 1.222560e+04 1.224684e+04 1.224732e+04
2.5 1.222842e+04 1.224468e+04 1.224932e+04 1.223306e+04
3.5 1.223671e+04 1.225258e+04 1.224888e+04 1.223301e+04
4.5 1.221520e+04 1.225554e+04 1.224725e+04 1.220692e+04
5.5 1.228735e+04 1.226262e+04 1.224604e+04 1.227077e+04
6.5 1.225311e+04 1.226456e+04 1.224544e+04 1.223400e+04
7.5 1.229926e+04 1.227112e+04 1.224521e+04 1.227336e+04
8.5 1.226772e+04 1.227471e+04 1.224519e+04 1.223820e+04
9.5 1.226229e+04 1.226766e+04 1.224528e+04 1.223990e+04
10.5 1.227986e+04 1.226413e+04 1.224538e+04 1.226111e+04
11.5 1.227673e+04 1.226253e+04 1.224546e+04 1.225967e+04
12.5 1.229190e+04 1.228582e+04 1.224552e+04 1.225160e+04
13.5 1.228847e+04 1.228943e+04 1.224555e+04 1.224458e+04
14.5 1.226238e+04 1.227028e+04 1.224557e+04 1.223767e+04
15.5 1.227779e+04 1.225839e+04 1.224558e+04 1.226498e+04
16.5 1.220966e+04 1.225513e+04 1.224559e+04 1.220012e+04
17.5 1.223565e+04 1.224914e+04 1.224559e+04 1.223210e+04
0.5 1.218472e+04 1.216733e+04 1.224571e+04 1.226309e+04
1.5 1.221804e+04 1.217465e+04 1.224700e+04 1.229039e+04
2.5 1.221073e+04 1.220874e+04 1.224953e+04 1.225152e+04
3.5 1.223478e+04 1.222720e+04 1.224913e+04 1.225671e+04
4.5 1.224249e+04 1.221900e+04 1.224746e+04 1.227095e+04
5.5 1.218503e+04 1.222129e+04 1.224627e+04 1.221000e+04
6.5 1.223753e+04 1.224882e+04 1.224565e+04 1.223437e+04
7.5 1.226674e+04 1.227124e+04 1.224541e+04 1.224091e+04
8.5 1.228669e+04 1.226743e+04 1.224539e+04 1.226464e+04
9.5 1.230920e+04 1.225651e+04 1.224547e+04 1.229816e+04
10.5 1.226245e+04 1.224580e+04 1.224558e+04 1.226223e+04
11.5 1.213115e+04 1.223513e+04 1.224566e+04 1.214168e+04
12.5 1.226590e+04 1.223237e+04 1.224571e+04 1.227925e+04
13.5 1.233438e+04 1.223581e+04 1.224575e+04 1.234432e+04
14.5 1.215538e+04 1.223969e+04 1.224576e+04 1.216145e+04
15.5 1.227316e+04 1.224206e+04 1.224578e+04 1.227688e+04
16.5 1.216993e+04 1.223783e+04 1.224578e+04 1.217788e+04
17.5 1.228830e+04 1.221118e+04 1.224579e+04 1.232292e+04
