1.0 7.095071e+03 7.055122e+03 7.092053e+03 7.132003e+03
2.0 7.097654e+03 7.089426e+03 7.127170e+03 7.135398e+03
3.0 7.210642e+03 7.142389e+03 7.179110e+03 7.247362e+03
4.0 7.039900e+03 7.137194e+03 7.172208e+03 7.074914e+03
5.0 7.087947e+03 7.101088e+03 7.134417e+03 7.121277e+03
6.0 7.092366e+03 7.071996e+03 7.103948e+03 7.124319e+03
7.0 7.044657e+03 7.065278e+03 7.088295e+03 7.067674e+03
8.0 7.064079e+03 7.079078e+03 7.081922e+03 7.066922e+03
9.0 7.088639e+03 7.077952e+03 7.081171e+03 7.091859e+03
10.0 6.983547e+03 7.070024e+03 7.082995e+03 6.996517e+03
11.0 6.928930e+03 7.073063e+03 7.085466e+03 6.941333e+03
12.0 7.111647e+03 7.071850e+03 7.087423e+03 7.127220e+03
13.0 7.035343e+03 7.065405e+03 7.088705e+03 7.058642e+03
14.0 7.116811e+03 7.060863e+03 7.089396e+03 7.145344e+03
15.0 7.088427e+03 7.064459e+03 7.089751e+03 7.113720e+03
16.0 7.058387e+03 7.118970e+03 7.089937e+03 7.029354e+03
17.0 7.043548e+03 7.157747e+03 7.090043e+03 6.975844e+03
18.0 7.138916e+03 7.131259e+03 7.090119e+03 7.097776e+03
19.0 7.045833e+03 7.095174e+03 7.090185e+03 7.040845e+03
0.3 7.179339e+03 7.093770e+03 7.089649e+03 7.175218e+03
1.3 7.067606e+03 7.075039e+03 7.098695e+03 7.091261e+03
2.3 7.131227e+03 7.108223e+03 7.148100e+03 7.171103e+03
3.3 7.121305e+03 7.137881e+03 7.183673e+03 7.167096e+03
4.3 7.110760e+03 7.113539e+03 7.159720e+03 7.156941e+03
5.3 7.035151e+03 7.077047e+03 7.121478e+03 7.079581e+03
6.3 7.060079e+03 7.057041e+03 7.097135e+03 7.100173e+03
7.3 7.048676e+03 7.079306e+03 7.085298e+03 7.054667e+03
8.3 7.124026e+03 7.112466e+03 7.081241e+03 7.092801e+03
9.3 7.134670e+03 7.104008e+03 7.081661e+03 7.112324e+03
10.3 7.061720e+03 7.087084e+03 7.083920e+03 7.058556e+03
11.3 7.075491e+03 7.078363e+03 7.086231e+03 7.083359e+03
12.3 7.128522e+03 7.097209e+03 7.087934e+03 7.119247e+03
13.3 7.091670e+03 7.094664e+03 7.088982e+03 7.085989e+03
14.3 7.046769e+03 7.100481e+03 7.089523e+03 7.035811e+03
15.3 7.069731e+03 7.105363e+03 7.089798e+03 7.054166e+03
16.3 7.072880e+03 7.082706e+03 7.089935e+03 7.080109e+03
17.3 7.061148e+03 7.060037e+03 7.090018e+03 7.091129e+03
18.3 7.031884e+03 7.073093e+03 7.090080e+03 7.048872e+03
0.8 7.063758e+03 7.048485e+03 7.089178e+03 7.104452e+03
1.8 7.087405e+03 7.072840e+03 7.116171e+03 7.130735e+03
2.8 7.111561e+03 7.127410e+03 7.171076e+03 7.155227e+03
3.8 7.172426e+03 7.132764e+03 7.175700e+03 7.215361e+03
4.8 7.123790e+03 7.097527e+03 7.139444e+03 7.165706e+03
5.8 6.962497e+03 7.065408e+03 7.106374e+03 7.003462e+03
6.8 6.871952e+03 7.048250e+03 7.088527e+03 6.912229e+03
7.8 6.948805e+03 7.046565e+03 7.080862e+03 6.983102e+03
8.8 7.128122e+03 7.073011e+03 7.079238e+03 7.134349e+03
9.8 7.122119e+03 7.087995e+03 7.080732e+03 7.114855e+03
10.8 6.983182e+03 7.100046e+03 7.083173e+03 6.966309e+03
11.8 7.124192e+03 7.105904e+03 7.085231e+03 7.103519e+03
12.8 7.120658e+03 7.114107e+03 7.086611e+03 7.093161e+03
13.8 7.215622e+03 7.163950e+03 7.087423e+03 7.139095e+03
14.8 7.241400e+03 7.160032e+03 7.087851e+03 7.169219e+03
15.8 7.161504e+03 7.127273e+03 7.088100e+03 7.122331e+03
16.8 7.078935e+03 7.094980e+03 7.088269e+03 7.072224e+03
17.8 7.124475e+03 7.111955e+03 7.088417e+03 7.100937e+03
18.8 7.101055e+03 7.153444e+03 7.088570e+03 7.036181e+03
