0.9 9.223928e+03 9.214028e+03 9.202391e+03 9.212292e+03
1.9 9.243660e+03 9.213774e+03 9.198189e+03 9.228075e+03
2.9 9.218370e+03 9.208492e+03 9.192172e+03 9.202050e+03
3.9 9.257134e+03 9.210842e+03 9.193459e+03 9.239751e+03
4.9 9.203953e+03 9.220488e+03 9.197920e+03 9.181385e+03
5.9 9.182342e+03 9.217965e+03 9.201116e+03 9.165493e+03
6.9 9.190210e+03 9.191061e+03 9.202762e+03 9.201911e+03
7.9 9.174460e+03 9.179157e+03 9.203410e+03 9.198713e+03
8.9 9.178908e+03 9.187800e+03 9.203455e+03 9.194564e+03
9.9 9.160415e+03 9.173741e+03 9.203225e+03 9.189898e+03
10.9 9.148476e+03 9.169036e+03 9.202949e+03 9.182390e+03
11.9 9.211059e+03 9.198369e+03 9.202730e+03 9.215421e+03
12.9 9.172736e+03 9.230307e+03 9.202589e+03 9.145017e+03
13.9 9.125076e+03 9.237477e+03 9.202513e+03 9.090112e+03
14.9 9.202005e+03 9.243816e+03 9.202472e+03 9.160661e+03
15.9 9.188041e+03 9.233574e+03 9.202452e+03 9.156919e+03
16.9 9.184278e+03 9.194773e+03 9.202440e+03 9.191945e+03
17.9 9.226237e+03 9.171055e+03 9.202431e+03 9.257613e+03
18.9 9.162687e+03 9.179110e+03 9.202424e+03 9.186001e+03
0.4 9.215975e+03 9.205122e+03 9.202357e+03 9.213210e+03
1.4 9.237546e+03 9.210402e+03 9.200893e+03 9.228037e+03
2.4 9.279061e+03 9.202853e+03 9.194734e+03 9.270941e+03
3.4 9.226466e+03 9.198762e+03 9.193151e+03 9.220855e+03
4.4 9.234140e+03 9.205146e+03 9.196691e+03 9.225685e+03
5.4 9.281643e+03 9.210865e+03 9.200110e+03 9.270888e+03
6.4 9.228517e+03 9.209144e+03 9.202072e+03 9.221445e+03
7.4 9.194994e+03 9.215717e+03 9.202963e+03 9.182240e+03
8.4 9.284233e+03 9.234287e+03 9.203180e+03 9.253126e+03
9.4 9.295170e+03 9.232337e+03 9.203051e+03 9.265885e+03
10.4 9.248818e+03 9.217523e+03 9.202812e+03 9.234106e+03
11.4 9.192899e+03 9.205650e+03 9.202594e+03 9.189843e+03
12.4 9.187045e+03 9.198880e+03 9.202443e+03 9.190608e+03
13.4 9.253006e+03 9.192083e+03 9.202357e+03 9.263280e+03
14.4 9.224376e+03 9.185384e+03 9.202311e+03 9.241302e+03
15.4 9.219932e+03 9.186599e+03 9.202288e+03 9.235620e+03
16.4 9.244909e+03 9.191676e+03 9.202274e+03 9.255507e+03
17.4 9.235544e+03 9.195789e+03 9.202264e+03 9.242019e+03
18.4 9.305956e+03 9.204364e+03 9.202256e+03 9.303848e+03
0.1 9.138008e+03 9.194149e+03 9.202199e+03 9.146058e+03
1.1 9.096593e+03 9.194411e+03 9.201672e+03 9.103855e+03
2.1 9.167113e+03 9.189846e+03 9.196379e+03 9.173646e+03
3.1 9.163092e+03 9.186601e+03 9.192679e+03 9.169169e+03
4.1 9.182780e+03 9.189453e+03 9.195312e+03 9.188640e+03
5.1 9.212748e+03 9.197394e+03 9.199056e+03 9.214410e+03
6.1 9.230992e+03 9.237838e+03 9.201438e+03 9.194592e+03
7.1 9.266262e+03 9.255186e+03 9.202602e+03 9.213679e+03
8.1 9.210173e+03 9.235105e+03 9.202972e+03 9.178040e+03
9.1 9.259100e+03 9.213145e+03 9.202916e+03 9.248871e+03
10.1 9.287030e+03 9.214571e+03 9.202690e+03 9.275149e+03
11.1 9.139656e+03 9.230118e+03 9.202458e+03 9.111995e+03
12.1 9.125244e+03 9.225066e+03 9.202285e+03 9.102463e+03
13.1 9.158667e+03 9.218254e+03 9.202183e+03 9.142596e+03
14.1 9.203636e+03 9.219824e+03 9.202128e+03 9.185940e+03
15.1 9.177579e+03 9.211534e+03 9.202102e+03 9.168147e+03
16.1 9.207861e+03 9.201393e+03 9.202090e+03 9.208557e+03
17.1 9.220237e+03 9.201712e+03 9.202083e+03 9.220607e+03
18.1 9.237883e+03 9.215598e+03 9.202078e+03 9.224363e+03
0.8 9.134639e+03 9.207697e+03 9.202450e+03 9.129392e+03
1.8 9.081844e+03 9.208646e+03 9.198867e+03 9.072065e+03
2.8 9.172945e+03 9.202554e+03 9.192053e+03 9.162444e+03
3.8 9.176908e+03 9.201670e+03 9.192136e+03 9.167375e+03
4.8 9.210031e+03 9.207744e+03 9.196853e+03 9.199140e+03
5.8 9.265232e+03 9.216686e+03 9.200677e+03 9.249224e+03
6.8 9.253227e+03 9.217435e+03 9.202801e+03 9.238593e+03
7.8 9.251181e+03 9.212847e+03 9.203675e+03 9.242010e+03
8.8 9.223768e+03 9.204002e+03 9.203856e+03 9.223622e+03
9.8 9.199176e+03 9.197957e+03 9.203687e+03 9.204905e+03
10.8 9.196717e+03 9.199843e+03 9.203433e+03 9.200307e+03
11.8 9.229465e+03 9.204006e+03 9.203222e+03 9.228681e+03
12.8 9.230834e+03 9.205484e+03 9.203104e+03 9.228454e+03
13.8 9.193038e+03 9.186836e+03 9.203057e+03 9.209259e+03
14.8 9.175217e+03 9.164920e+03 9.203053e+03 9.213350e+03
15.8 9.194701e+03 9.162500e+03 9.203074e+03 9.235274e+03
16.8 9.179849e+03 9.152647e+03 9.203105e+03 9.230308e+03
17.8 9.166617e+03 9.160174e+03 9.203140e+03 9.209583e+03
18.8 9.118220e+03 9.162131e+03 9.203175e+03 9.159264e+03
0.4 9.174599e+03 9.171525e+03 9.203532e+03 9.206605e+03
1.4 9.168088e+03 9.189701e+03 9.202100e+03 9.180488e+03
2.4 9.134360e+03 9.195712e+03 9.195247e+03 9.133895e+03
3.4 9.198782e+03 9.199584e+03 9.192395e+03 9.191593e+03
4.4 9.232976e+03 9.236810e+03 9.196105e+03 9.192270e+03
5.4 9.303798e+03 9.266052e+03 9.200481e+03 9.238227e+03
6.4 9.348884e+03 9.247781e+03 9.200103e+03 9.301206e+03
7.4 9.338310e+03 9.216716e+03 9.194647e+03 9.316241e+03
8.4 9.273306e+03 9.202190e+03 9.194925e+03 9.266041e+03
9.4 9.242678e+03 9.205027e+03 9.199077e+03 9.236728e+03
10.4 9.210545e+03 9.207319e+03 9.202462e+03 9.205689e+03
11.4 9.187288e+03 9.204999e+03 9.203842e+03 9.186131e+03
12.4 9.228293e+03 9.198407e+03 9.199756e+03 9.229641e+03
13.4 9.189914e+03 9.192818e+03 9.195006e+03 9.192101e+03
14.4 9.179279e+03 9.194782e+03 9.196717e+03 9.181214e+03
15.4 9.178272e+03 9.225247e+03 9.200539e+03 9.153563e+03
16.4 9.217471e+03 9.259700e+03 9.203038e+03 9.160809e+03
17.4 9.227656e+03 9.247029e+03 9.202127e+03 9.182755e+03
18.4 9.184970e+03 9.217396e+03 9.196603e+03 9.164176e+03
0.7 9.303798e+03 9.266052e+03 9.200481e+03 9.238227e+03
1.7 9.348884e+03 9.247781e+03 9.200103e+03 9.301206e+03
2.7 9.338310e+03 9.216716e+03 9.194647e+03 9.316241e+03
3.7 9.273306e+03 9.202190e+03 9.194925e+03 9.266041e+03
4.7 9.242678e+03 9.205027e+03 9.199077e+03 9.236728e+03
5.7 9.210545e+03 9.207319e+03 9.202462e+03 9.205689e+03
6.7 9.187288e+03 9.204999e+03 9.203842e+03 9.186131e+03
7.7 9.228293e+03 9.198407e+03 9.199756e+03 9.229641e+03
8.7 9.189914e+03 9.192818e+03 9.195006e+03 9.192101e+03
9.7 9.179279e+03 9.194782e+03 9.196717e+03 9.181214e+03
10.7 9.178272e+03 9.225247e+03 9.200539e+03 9.153563e+03
11.7 9.217471e+03 9.259700e+03 9.203038e+03 9.160809e+03
12.7 9.227656e+03 9.247029e+03 9.202127e+03 9.182755e+03
13.7 9.184970e+03 9.217396e+03 9.196603e+03 9.164176e+03
14.7 9.155052e+03 9.200426e+03 9.195984e+03 9.150609e+03
15.7 9.179988e+03 9.195504e+03 9.199445e+03 9.183929e+03
16.7 9.129935e+03 9.198268e+03 9.202350e+03 9.134017e+03
17.7 9.175788e+03 9.205919e+03 9.203926e+03 9.173795e+03
18.7 9.340735e+03 9.210939e+03 9.204541e+03 9.334336e+03
1.0 9.187288e+03 9.204999e+03 9.203842e+03 9.186131e+03
2.0 9.228293e+03 9.198407e+03 9.199756e+03 9.229641e+03
3.0 9.189914e+03 9.192818e+03 9.195006e+03 9.192101e+03
4.0 9.179279e+03 9.194782e+03 9.196717e+03 9.181214e+03
5.0 9.178272e+03 9.225247e+03 9.200539e+03 9.153563e+03
6.0 9.217471e+03 9.259700e+03 9.203038e+03 9.160809e+03
7.0 9.227656e+03 9.247029e+03 9.202127e+03 9.182755e+03
8.0 9.184970e+03 9.217396e+03 9.196603e+03 9.164176e+03
9.0 9.155052e+03 9.200426e+03 9.195984e+03 9.150609e+03
10.0 9.179988e+03 9.195504e+03 9.199445e+03 9.183929e+03
11.0 9.129935e+03 9.198268e+03 9.202350e+03 9.134017e+03
12.0 9.175788e+03 9.205919e+03 9.203926e+03 9.173795e+03
13.0 9.340735e+03 9.210939e+03 9.204541e+03 9.334336e+03
14.0 9.242805e+03 9.229584e+03 9.204629e+03 9.217850e+03
15.0 9.422017e+03 9.237644e+03 9.204444e+03 9.388817e+03
16.0 9.156690e+03 9.224752e+03 9.204191e+03 9.136129e+03
17.0 9.320120e+03 9.209391e+03 9.203972e+03 9.314701e+03
18.0 9.255849e+03 9.198963e+03 9.203829e+03 9.260716e+03
19.0 9.263680e+03 9.194254e+03 9.203111e+03 9.272538e+03
0.5 9.217471e+03 9.259700e+03 9.203038e+03 9.160809e+03
1.5 9.227656e+03 9.247029e+03 9.202127e+03 9.182755e+03
2.5 9.184970e+03 9.217396e+03 9.196603e+03 9.164176e+03
3.5 9.155052e+03 9.200426e+03 9.195984e+03 9.150609e+03
4.5 9.179988e+03 9.195504e+03 9.199445e+03 9.183929e+03
5.5 9.129935e+03 9.198268e+03 9.202350e+03 9.134017e+03
6.5 9.175788e+03 9.205919e+03 9.203926e+03 9.173795e+03
7.5 9.340735e+03 9.210939e+03 9.204541e+03 9.334336e+03
8.5 9.242805e+03 9.229584e+03 9.204629e+03 9.217850e+03
9.5 9.422017e+03 9.237644e+03 9.204444e+03 9.388817e+03
10.5 9.156690e+03 9.224752e+03 9.204191e+03 9.136129e+03
11.5 9.320120e+03 9.209391e+03 9.203972e+03 9.314701e+03
12.5 9.255849e+03 9.198963e+03 9.203829e+03 9.260716e+03
13.5 9.263680e+03 9.194254e+03 9.203111e+03 9.272538e+03
14.5 9.177932e+03 9.188163e+03 9.197037e+03 9.186806e+03
15.5 9.138192e+03 9.183165e+03 9.190804e+03 9.145831e+03
16.5 9.161117e+03 9.186678e+03 9.192992e+03 9.167430e+03
17.5 9.186221e+03 9.193724e+03 9.198275e+03 9.190772e+03
18.5 9.144334e+03 9.204394e+03 9.202059e+03 9.141999e+03
0.1 9.255849e+03 9.198963e+03 9.203829e+03 9.260716e+03
1.1 9.263680e+03 9.194254e+03 9.203111e+03 9.272538e+03
2.1 9.177932e+03 9.188163e+03 9.197037e+03 9.186806e+03
3.1 9.138192e+03 9.183165e+03 9.190804e+03 9.145831e+03
4.1 9.161117e+03 9.186678e+03 9.192992e+03 9.167430e+03
5.1 9.186221e+03 9.193724e+03 9.198275e+03 9.190772e+03
6.1 9.144334e+03 9.204394e+03 9.202059e+03 9.141999e+03
7.1 9.122553e+03 9.208722e+03 9.204015e+03 9.117847e+03
8.1 9.115244e+03 9.203835e+03 9.204713e+03 9.116122e+03
9.1 9.147184e+03 9.176419e+03 9.204727e+03 9.175492e+03
10.1 9.125167e+03 9.146200e+03 9.204434e+03 9.183400e+03
11.1 9.156348e+03 9.138049e+03 9.204095e+03 9.222394e+03
12.1 9.101958e+03 9.133282e+03 9.203826e+03 9.172502e+03
13.1 9.242562e+03 9.158042e+03 9.203662e+03 9.288181e+03
14.1 9.189958e+03 9.200992e+03 9.203570e+03 9.192536e+03
15.1 9.175262e+03 9.218928e+03 9.203525e+03 9.159859e+03
16.1 9.152345e+03 9.214433e+03 9.203502e+03 9.141414e+03
17.1 9.157448e+03 9.205553e+03 9.203491e+03 9.155386e+03
18.1 9.153482e+03 9.200067e+03 9.203485e+03 9.156900e+03
0.7 9.209880e+03 9.221980e+03 9.203571e+03 9.191472e+03
1.7 9.275733e+03 9.204280e+03 9.200754e+03 9.272207e+03
2.7 9.217600e+03 9.183653e+03 9.193696e+03 9.227643e+03
3.7 9.208645e+03 9.181458e+03 9.193109e+03 9.220296e+03
4.7 9.181029e+03 9.223253e+03 9.197637e+03 9.155413e+03
5.7 9.268597e+03 9.237743e+03 9.201250e+03 9.232104e+03
6.7 9.198086e+03 9.213873e+03 9.198783e+03 9.182997e+03
7.7 9.146532e+03 9.187349e+03 9.193986e+03 9.153169e+03
8.7 9.165378e+03 9.192168e+03 9.195920e+03 9.169130e+03
9.7 9.235930e+03 9.230384e+03 9.200341e+03 9.205887e+03
10.7 9.179062e+03 9.229238e+03 9.203272e+03 9.153095e+03
11.7 9.218623e+03 9.206475e+03 9.204695e+03 9.216843e+03
12.7 9.254582e+03 9.188311e+03 9.205210e+03 9.271481e+03
1.0 9.268597e+03 9.237743e+03 9.201250e+03 9.232104e+03
2.0 9.198086e+03 9.213873e+03 9.198783e+03 9.182997e+03
3.0 9.146532e+03 9.187349e+03 9.193986e+03 9.153169e+03
4.0 9.165378e+03 9.192168e+03 9.195920e+03 9.169130e+03
5.0 9.235930e+03 9.230384e+03 9.200341e+03 9.205887e+03
6.0 9.179062e+03 9.229238e+03 9.203272e+03 9.153095e+03
7.0 9.218623e+03 9.206475e+03 9.204695e+03 9.216843e+03
8.0 9.254582e+03 9.188311e+03 9.205210e+03 9.271481e+03
