0.9 1.905611e+03 1.955314e+03 1.948886e+03 1.899182e+03
1.9 1.955039e+03 1.948907e+03 1.941570e+03 1.947702e+03
2.9 1.955614e+03 1.938631e+03 1.931092e+03 1.948075e+03
3.9 1.949868e+03 1.936641e+03 1.933332e+03 1.946559e+03
4.9 1.916070e+03 1.930738e+03 1.941101e+03 1.926433e+03
5.9 1.976755e+03 1.934645e+03 1.946665e+03 1.988774e+03
6.9 1.944427e+03 1.939956e+03 1.949533e+03 1.954004e+03
7.9 1.957520e+03 1.945636e+03 1.950660e+03 1.962544e+03
8.9 1.928033e+03 1.951809e+03 1.950739e+03 1.926964e+03
9.9 1.937543e+03 1.955020e+03 1.950338e+03 1.932862e+03
10.9 1.948555e+03 1.956026e+03 1.949857e+03 1.942386e+03
11.9 1.932015e+03 1.955490e+03 1.949477e+03 1.926002e+03
12.9 1.962641e+03 1.954207e+03 1.949230e+03 1.957664e+03
13.9 1.951268e+03 1.949171e+03 1.949098e+03 1.951194e+03
14.9 1.913033e+03 1.928625e+03 1.949028e+03 1.933436e+03
15.9 1.966886e+03 1.925585e+03 1.948992e+03 1.990293e+03
16.9 1.936213e+03 1.931885e+03 1.948971e+03 1.953298e+03
17.9 1.984166e+03 1.939444e+03 1.948956e+03 1.993678e+03
18.9 1.950558e+03 1.947794e+03 1.948943e+03 1.951707e+03
0.4 1.935367e+03 1.948119e+03 1.948827e+03 1.936075e+03
1.4 1.947019e+03 1.947467e+03 1.946278e+03 1.945830e+03
2.4 1.977855e+03 1.938417e+03 1.935552e+03 1.974990e+03
3.4 1.930599e+03 1.936068e+03 1.932796e+03 1.927327e+03
4.4 1.979744e+03 1.931730e+03 1.938961e+03 1.986975e+03
5.4 1.902232e+03 1.929077e+03 1.944913e+03 1.918069e+03
6.4 1.957884e+03 1.937338e+03 1.948330e+03 1.968876e+03
7.4 1.965404e+03 1.945702e+03 1.949883e+03 1.969585e+03
8.4 1.981910e+03 1.949037e+03 1.950260e+03 1.983132e+03
9.4 1.922000e+03 1.951061e+03 1.950035e+03 1.920973e+03
10.4 1.931176e+03 1.952411e+03 1.949618e+03 1.928383e+03
11.4 1.916466e+03 1.952763e+03 1.949240e+03 1.912943e+03
12.4 1.952813e+03 1.952949e+03 1.948976e+03 1.948840e+03
13.4 1.999892e+03 1.959680e+03 1.948827e+03 1.989038e+03
14.4 1.952913e+03 1.969894e+03 1.948747e+03 1.931766e+03
15.4 1.991101e+03 1.968125e+03 1.948706e+03 1.971683e+03
16.4 1.942619e+03 1.960105e+03 1.948682e+03 1.931196e+03
17.4 1.939762e+03 1.953663e+03 1.948665e+03 1.934764e+03
18.4 1.969610e+03 1.949805e+03 1.948651e+03 1.968455e+03
0.1 1.957097e+03 1.954239e+03 1.948552e+03 1.951410e+03
1.1 1.956227e+03 1.949738e+03 1.947635e+03 1.954124e+03
2.1 1.986101e+03 1.938888e+03 1.938418e+03 1.985632e+03
3.1 1.944986e+03 1.932055e+03 1.931974e+03 1.944906e+03
4.1 1.915657e+03 1.936896e+03 1.936560e+03 1.915321e+03
5.1 1.932409e+03 1.944830e+03 1.943079e+03 1.930658e+03
6.1 1.946086e+03 1.958199e+03 1.947227e+03 1.935114e+03
7.1 1.945419e+03 1.964258e+03 1.949254e+03 1.930415e+03
8.1 1.934934e+03 1.960325e+03 1.949897e+03 1.924507e+03
9.1 1.993424e+03 1.955003e+03 1.949800e+03 1.988221e+03
10.1 1.958623e+03 1.950515e+03 1.949406e+03 1.957514e+03
11.1 1.989695e+03 1.947040e+03 1.949003e+03 1.991658e+03
12.1 1.924143e+03 1.946506e+03 1.948701e+03 1.926338e+03
13.1 1.897633e+03 1.935887e+03 1.948524e+03 1.910270e+03
14.1 1.905945e+03 1.919491e+03 1.948428e+03 1.934883e+03
15.1 1.937018e+03 1.925204e+03 1.948383e+03 1.960197e+03
16.1 1.942012e+03 1.938009e+03 1.948362e+03 1.952365e+03
17.1 1.931081e+03 1.946509e+03 1.948349e+03 1.932921e+03
18.1 1.942586e+03 1.949586e+03 1.948341e+03 1.941340e+03
0.8 1.975956e+03 1.951578e+03 1.948989e+03 1.973368e+03
1.8 1.978496e+03 1.945341e+03 1.942749e+03 1.975904e+03
2.8 1.967785e+03 1.933286e+03 1.930884e+03 1.965382e+03
3.8 1.954373e+03 1.933205e+03 1.931029e+03 1.952197e+03
4.8 1.948218e+03 1.935630e+03 1.939243e+03 1.951831e+03
5.8 1.938068e+03 1.929604e+03 1.945902e+03 1.954366e+03
6.8 1.955137e+03 1.934404e+03 1.949600e+03 1.970333e+03
7.8 1.968411e+03 1.945704e+03 1.951122e+03 1.973828e+03
8.8 1.966961e+03 1.962205e+03 1.951438e+03 1.956194e+03
9.8 1.956221e+03 1.972432e+03 1.951142e+03 1.934931e+03
10.8 1.971989e+03 1.968318e+03 1.950700e+03 1.954370e+03
11.8 1.953006e+03 1.960252e+03 1.950333e+03 1.943088e+03
12.8 1.947817e+03 1.954361e+03 1.950128e+03 1.943584e+03
13.8 1.976865e+03 1.946959e+03 1.950045e+03 1.979951e+03
14.8 1.927226e+03 1.940806e+03 1.950038e+03 1.936458e+03
15.8 1.958141e+03 1.942124e+03 1.950075e+03 1.966092e+03
16.8 1.939440e+03 1.945631e+03 1.950130e+03 1.943939e+03
17.8 1.935323e+03 1.947517e+03 1.950190e+03 1.937996e+03
18.8 1.935877e+03 1.945186e+03 1.950252e+03 1.940943e+03
0.4 1.919126e+03 1.951445e+03 1.950873e+03 1.918554e+03
1.4 1.906107e+03 1.949957e+03 1.948379e+03 1.904529e+03
2.4 1.926559e+03 1.938424e+03 1.936447e+03 1.924582e+03
3.4 1.886722e+03 1.933762e+03 1.931480e+03 1.884441e+03
4.4 1.936445e+03 1.947515e+03 1.937939e+03 1.926869e+03
5.4 1.983362e+03 1.960884e+03 1.945561e+03 1.968039e+03
6.4 1.944835e+03 1.956284e+03 1.944903e+03 1.933454e+03
7.4 1.901285e+03 1.941095e+03 1.935402e+03 1.895591e+03
8.4 1.884278e+03 1.936027e+03 1.935885e+03 1.884136e+03
9.4 1.878657e+03 1.928534e+03 1.943116e+03 1.893238e+03
10.4 1.859697e+03 1.930121e+03 1.949010e+03 1.878586e+03
11.4 1.923966e+03 1.939752e+03 1.951413e+03 1.935626e+03
12.4 1.906812e+03 1.940103e+03 1.944297e+03 1.911006e+03
13.4 1.935477e+03 1.936081e+03 1.936026e+03 1.935421e+03
14.4 1.930052e+03 1.941128e+03 1.939006e+03 1.927931e+03
15.4 1.908789e+03 1.954503e+03 1.945661e+03 1.899947e+03
16.4 1.937286e+03 1.966006e+03 1.950012e+03 1.921293e+03
17.4 1.988495e+03 1.961175e+03 1.948427e+03 1.975747e+03
18.4 1.969695e+03 1.945512e+03 1.938807e+03 1.962990e+03
0.7 1.983362e+03 1.960884e+03 1.945561e+03 1.968039e+03
1.7 1.944835e+03 1.956284e+03 1.944903e+03 1.933454e+03
2.7 1.901285e+03 1.941095e+03 1.935402e+03 1.895591e+03
3.7 1.884278e+03 1.936027e+03 1.935885e+03 1.884136e+03
4.7 1.878657e+03 1.928534e+03 1.943116e+03 1.893238e+03
5.7 1.859697e+03 1.930121e+03 1.949010e+03 1.878586e+03
6.7 1.923966e+03 1.939752e+03 1.951413e+03 1.935626e+03
7.7 1.906812e+03 1.940103e+03 1.944297e+03 1.911006e+03
8.7 1.935477e+03 1.936081e+03 1.936026e+03 1.935421e+03
9.7 1.930052e+03 1.941128e+03 1.939006e+03 1.927931e+03
10.7 1.908789e+03 1.954503e+03 1.945661e+03 1.899947e+03
11.7 1.937286e+03 1.966006e+03 1.950012e+03 1.921293e+03
12.7 1.988495e+03 1.961175e+03 1.948427e+03 1.975747e+03
13.7 1.969695e+03 1.945512e+03 1.938807e+03 1.962990e+03
14.7 1.939904e+03 1.940339e+03 1.937729e+03 1.937295e+03
15.7 1.924550e+03 1.944234e+03 1.943757e+03 1.924073e+03
16.7 1.961018e+03 1.942561e+03 1.948815e+03 1.967271e+03
17.7 1.935338e+03 1.932687e+03 1.951558e+03 1.954210e+03
18.7 1.958324e+03 1.935336e+03 1.952630e+03 1.975618e+03
1.0 1.923966e+03 1.939752e+03 1.951413e+03 1.935626e+03
2.0 1.906812e+03 1.940103e+03 1.944297e+03 1.911006e+03
3.0 1.935477e+03 1.936081e+03 1.936026e+03 1.935421e+03
4.0 1.930052e+03 1.941128e+03 1.939006e+03 1.927931e+03
5.0 1.908789e+03 1.954503e+03 1.945661e+03 1.899947e+03
6.0 1.937286e+03 1.966006e+03 1.950012e+03 1.921293e+03
7.0 1.988495e+03 1.961175e+03 1.948427e+03 1.975747e+03
8.0 1.969695e+03 1.945512e+03 1.938807e+03 1.962990e+03
9.0 1.939904e+03 1.940339e+03 1.937729e+03 1.937295e+03
10.0 1.924550e+03 1.944234e+03 1.943757e+03 1.924073e+03
11.0 1.961018e+03 1.942561e+03 1.948815e+03 1.967271e+03
12.0 1.935338e+03 1.932687e+03 1.951558e+03 1.954210e+03
13.0 1.958324e+03 1.935336e+03 1.952630e+03 1.975618e+03
14.0 1.929191e+03 1.942056e+03 1.952783e+03 1.939918e+03
15.0 2.000748e+03 1.947215e+03 1.952461e+03 2.005994e+03
16.0 2.018576e+03 1.950878e+03 1.952020e+03 2.019718e+03
17.0 2.020111e+03 1.956542e+03 1.951640e+03 2.015209e+03
18.0 2.047852e+03 1.969791e+03 1.951391e+03 2.029452e+03
19.0 1.972601e+03 1.969532e+03 1.950140e+03 1.953208e+03
0.5 1.937286e+03 1.966006e+03 1.950012e+03 1.921293e+03
1.5 1.988495e+03 1.961175e+03 1.948427e+03 1.975747e+03
2.5 1.969695e+03 1.945512e+03 1.938807e+03 1.962990e+03
3.5 1.939904e+03 1.940339e+03 1.937729e+03 1.937295e+03
4.5 1.924550e+03 1.944234e+03 1.943757e+03 1.924073e+03
5.5 1.961018e+03 1.942561e+03 1.948815e+03 1.967271e+03
6.5 1.935338e+03 1.932687e+03 1.951558e+03 1.954210e+03
7.5 1.958324e+03 1.935336e+03 1.952630e+03 1.975618e+03
8.5 1.929191e+03 1.942056e+03 1.952783e+03 1.939918e+03
9.5 2.000748e+03 1.947215e+03 1.952461e+03 2.005994e+03
10.5 2.018576e+03 1.950878e+03 1.952020e+03 2.019718e+03
11.5 2.020111e+03 1.956542e+03 1.951640e+03 2.015209e+03
12.5 2.047852e+03 1.969791e+03 1.951391e+03 2.029452e+03
13.5 1.972601e+03 1.969532e+03 1.950140e+03 1.953208e+03
14.5 1.998093e+03 1.950943e+03 1.939563e+03 1.986712e+03
15.5 1.935708e+03 1.933369e+03 1.928710e+03 1.931049e+03
16.5 1.953171e+03 1.933347e+03 1.932519e+03 1.952343e+03
17.5 1.940724e+03 1.939179e+03 1.941719e+03 1.943264e+03
18.5 1.950186e+03 1.932512e+03 1.948308e+03 1.965982e+03
0.1 2.047852e+03 1.969791e+03 1.951391e+03 2.029452e+03
1.1 1.972601e+03 1.969532e+03 1.950140e+03 1.953208e+03
2.1 1.998093e+03 1.950943e+03 1.939563e+03 1.986712e+03
3.1 1.935708e+03 1.933369e+03 1.928710e+03 1.931049e+03
4.1 1.953171e+03 1.933347e+03 1.932519e+03 1.952343e+03
5.1 1.940724e+03 1.939179e+03 1.941719e+03 1.943264e+03
6.1 1.950186e+03 1.932512e+03 1.948308e+03 1.965982e+03
7.1 1.942432e+03 1.931602e+03 1.951714e+03 1.962544e+03
8.1 1.968739e+03 1.939742e+03 1.952930e+03 1.981926e+03
9.1 1.957220e+03 1.942291e+03 1.952954e+03 1.967883e+03
10.1 1.947171e+03 1.940062e+03 1.952444e+03 1.959553e+03
11.1 1.916525e+03 1.942484e+03 1.951853e+03 1.925894e+03
12.1 1.992183e+03 1.946628e+03 1.951384e+03 1.996940e+03
13.1 1.927724e+03 1.949429e+03 1.951098e+03 1.929394e+03
14.1 1.961194e+03 1.949821e+03 1.950939e+03 1.962312e+03
15.1 1.927817e+03 1.950529e+03 1.950860e+03 1.928148e+03
16.1 1.946929e+03 1.961050e+03 1.950821e+03 1.936700e+03
17.1 1.912140e+03 1.969789e+03 1.950801e+03 1.893152e+03
18.1 1.981577e+03 1.964771e+03 1.950791e+03 1.967596e+03
0.7 1.945024e+03 1.917862e+03 1.950941e+03 1.978103e+03
1.7 1.888347e+03 1.921492e+03 1.946035e+03 1.912890e+03
2.7 1.906734e+03 1.921972e+03 1.933746e+03 1.918508e+03
3.7 1.927260e+03 1.930052e+03 1.932723e+03 1.929931e+03
4.7 1.920438e+03 1.950979e+03 1.940607e+03 1.910066e+03
5.7 1.939018e+03 1.961057e+03 1.946899e+03 1.924860e+03
6.7 1.939427e+03 1.951493e+03 1.942604e+03 1.930538e+03
7.7 1.941446e+03 1.937179e+03 1.934251e+03 1.938518e+03
8.7 1.925032e+03 1.940347e+03 1.937618e+03 1.922303e+03
9.7 1.958331e+03 1.955272e+03 1.945316e+03 1.948375e+03
10.7 1.980155e+03 1.959130e+03 1.950419e+03 1.971444e+03
11.7 1.989400e+03 1.955895e+03 1.952897e+03 1.986402e+03
12.7 1.914496e+03 1.952459e+03 1.953795e+03 1.915832e+03
1.0 1.939018e+03 1.961057e+03 1.946899e+03 1.924860e+03
2.0 1.939427e+03 1.951493e+03 1.942604e+03 1.930538e+03
3.0 1.941446e+03 1.937179e+03 1.934251e+03 1.938518e+03
4.0 1.925032e+03 1.940347e+03 1.937618e+03 1.922303e+03
5.0 1.958331e+03 1.955272e+03 1.945316e+03 1.948375e+03
6.0 1.980155e+03 1.959130e+03 1.950419e+03 1.971444e+03
7.0 1.989400e+03 1.955895e+03 1.952897e+03 1.986402e+03
8.0 1.914496e+03 1.952459e+03 1.953795e+03 1.915832e+03
