0.2 1.016407e+04 1.017265e+04 1.018519e+04 1.017661e+04
1.2 1.014996e+04 1.017940e+04 1.018804e+04 1.015861e+04
2.2 1.018141e+04 1.019747e+04 1.019997e+04 1.018392e+04
3.2 1.021098e+04 1.020108e+04 1.020130e+04 1.021119e+04
4.2 1.015263e+04 1.018673e+04 1.019457e+04 1.016047e+04
5.2 1.013960e+04 1.017648e+04 1.018857e+04 1.015169e+04
6.2 1.012015e+04 1.017838e+04 1.018538e+04 1.012714e+04
7.2 1.015328e+04 1.018296e+04 1.018398e+04 1.015430e+04
8.2 1.013304e+04 1.018162e+04 1.018370e+04 1.013511e+04
9.2 1.017015e+04 1.017367e+04 1.018396e+04 1.018044e+04
10.2 1.016549e+04 1.017148e+04 1.018440e+04 1.017840e+04
11.2 1.013839e+04 1.015653e+04 1.018477e+04 1.016663e+04
12.2 1.015101e+04 1.015482e+04 1.018502e+04 1.018121e+04
13.2 1.017036e+04 1.016908e+04 1.018515e+04 1.018644e+04
14.2 1.013132e+04 1.018098e+04 1.018522e+04 1.013556e+04
15.2 1.018949e+04 1.017991e+04 1.018525e+04 1.019483e+04
16.2 1.013337e+04 1.017765e+04 1.018526e+04 1.014098e+04
17.2 1.018277e+04 1.017065e+04 1.018527e+04 1.019739e+04
0.5 1.013799e+04 1.016840e+04 1.018491e+04 1.015449e+04
1.5 1.023723e+04 1.018300e+04 1.019165e+04 1.024588e+04
2.5 1.021802e+04 1.019962e+04 1.020168e+04 1.022008e+04
3.5 1.016960e+04 1.020045e+04 1.019887e+04 1.016802e+04
4.5 1.020635e+04 1.019502e+04 1.019182e+04 1.020314e+04
5.5 1.021496e+04 1.018750e+04 1.018679e+04 1.021425e+04
6.5 1.020136e+04 1.017738e+04 1.018433e+04 1.020831e+04
7.5 1.022301e+04 1.017600e+04 1.018338e+04 1.023039e+04
8.5 1.019831e+04 1.018023e+04 1.018334e+04 1.020142e+04
9.5 1.023626e+04 1.018412e+04 1.018369e+04 1.023584e+04
10.5 1.022632e+04 1.018591e+04 1.018413e+04 1.022454e+04
11.5 1.019229e+04 1.017919e+04 1.018446e+04 1.019756e+04
12.5 1.014481e+04 1.016976e+04 1.018468e+04 1.015973e+04
13.5 1.016989e+04 1.017725e+04 1.018974e+04 1.018238e+04
14.5 1.019014e+04 1.019567e+04 1.020089e+04 1.019536e+04
15.5 1.021009e+04 1.019742e+04 1.019988e+04 1.021255e+04
16.5 1.018904e+04 1.018453e+04 1.019288e+04 1.019738e+04
17.5 1.016556e+04 1.017905e+04 1.018745e+04 1.017395e+04
0.4 1.014481e+04 1.016976e+04 1.018468e+04 1.015973e+04
1.4 1.016989e+04 1.017725e+04 1.018974e+04 1.018238e+04
2.4 1.019014e+04 1.019567e+04 1.020089e+04 1.019536e+04
3.4 1.021009e+04 1.019742e+04 1.019988e+04 1.021255e+04
4.4 1.018904e+04 1.018453e+04 1.019288e+04 1.019738e+04
5.4 1.016556e+04 1.017905e+04 1.018745e+04 1.017395e+04
6.4 1.016013e+04 1.018140e+04 1.018471e+04 1.016343e+04
7.4 1.019051e+04 1.018393e+04 1.018361e+04 1.019019e+04
8.4 1.017415e+04 1.018456e+04 1.018347e+04 1.017306e+04
9.4 1.017529e+04 1.018430e+04 1.018381e+04 1.017481e+04
10.4 1.021505e+04 1.017742e+04 1.018427e+04 1.022190e+04
11.4 1.013094e+04 1.017515e+04 1.018464e+04 1.014042e+04
12.4 1.018682e+04 1.017962e+04 1.018488e+04 1.019209e+04
13.4 1.018179e+04 1.018540e+04 1.018502e+04 1.018142e+04
14.4 1.021943e+04 1.019382e+04 1.018510e+04 1.021072e+04
15.4 1.023968e+04 1.019622e+04 1.018515e+04 1.022862e+04
16.4 1.023727e+04 1.019250e+04 1.018519e+04 1.022995e+04
17.4 1.011832e+04 1.018166e+04 1.018522e+04 1.012189e+04
0.7 1.018400e+04 1.016331e+04 1.018512e+04 1.020582e+04
1.7 1.019254e+04 1.017760e+04 1.019423e+04 1.020917e+04
2.7 1.021046e+04 1.019157e+04 1.020194e+04 1.022084e+04
3.7 1.018114e+04 1.019525e+04 1.019755e+04 1.018344e+04
4.7 1.018842e+04 1.020076e+04 1.019048e+04 1.017814e+04
5.7 1.019583e+04 1.020035e+04 1.018606e+04 1.018154e+04
6.7 1.022634e+04 1.021005e+04 1.018386e+04 1.020016e+04
7.7 1.022550e+04 1.020865e+04 1.018311e+04 1.019996e+04
8.7 1.022257e+04 1.020161e+04 1.018313e+04 1.020410e+04
9.7 1.017865e+04 1.019839e+04 1.018350e+04 1.016376e+04
10.7 1.019017e+04 1.019679e+04 1.018388e+04 1.017726e+04
11.7 1.020717e+04 1.020621e+04 1.018417e+04 1.018512e+04
12.7 1.016478e+04 1.019991e+04 1.018432e+04 1.014919e+04
13.7 1.021201e+04 1.018634e+04 1.018439e+04 1.021006e+04
14.7 1.017777e+04 1.017677e+04 1.018442e+04 1.018541e+04
