0.8 1.086331e+04 1.082946e+04 1.084797e+04 1.088182e+04
1.8 1.083673e+04 1.083210e+04 1.084378e+04 1.084841e+04
2.8 1.080234e+04 1.083351e+04 1.083869e+04 1.080752e+04
3.8 1.079025e+04 1.084530e+04 1.084049e+04 1.078544e+04
4.8 1.084344e+04 1.087772e+04 1.084454e+04 1.081025e+04
5.8 1.088217e+04 1.088156e+04 1.084726e+04 1.084786e+04
6.8 1.081770e+04 1.085456e+04 1.084864e+04 1.081178e+04
7.8 1.078699e+04 1.083446e+04 1.084918e+04 1.080171e+04
8.8 1.075385e+04 1.083394e+04 1.084922e+04 1.076913e+04
9.8 1.077750e+04 1.083893e+04 1.084904e+04 1.078762e+04
10.8 1.078720e+04 1.083686e+04 1.084883e+04 1.079918e+04
11.8 1.077949e+04 1.082619e+04 1.084869e+04 1.080199e+04
12.8 1.080052e+04 1.082547e+04 1.084861e+04 1.082365e+04
13.8 1.075917e+04 1.081842e+04 1.084858e+04 1.078933e+04
14.8 1.080062e+04 1.082041e+04 1.084859e+04 1.082880e+04
15.8 1.084568e+04 1.083277e+04 1.084861e+04 1.086152e+04
16.8 1.078843e+04 1.084183e+04 1.084863e+04 1.079524e+04
17.8 1.084091e+04 1.083606e+04 1.084866e+04 1.085352e+04
0.7 1.093093e+04 1.089420e+04 1.084889e+04 1.088562e+04
1.7 1.088391e+04 1.086309e+04 1.084533e+04 1.086615e+04
2.7 1.089043e+04 1.083911e+04 1.083804e+04 1.088936e+04
3.7 1.082405e+04 1.083122e+04 1.083819e+04 1.083101e+04
4.7 1.085873e+04 1.083355e+04 1.084303e+04 1.086821e+04
5.7 1.085384e+04 1.083785e+04 1.084700e+04 1.086300e+04
6.7 1.089040e+04 1.084122e+04 1.084920e+04 1.089839e+04
7.7 1.088199e+04 1.083923e+04 1.085011e+04 1.089287e+04
8.7 1.084132e+04 1.083402e+04 1.085029e+04 1.085759e+04
9.7 1.085939e+04 1.083520e+04 1.085011e+04 1.087429e+04
10.7 1.083170e+04 1.083978e+04 1.084984e+04 1.084176e+04
11.7 1.084857e+04 1.084332e+04 1.084960e+04 1.085485e+04
12.7 1.087891e+04 1.084282e+04 1.084722e+04 1.088332e+04
13.7 1.089695e+04 1.083798e+04 1.084169e+04 1.090065e+04
14.7 1.085896e+04 1.083819e+04 1.084189e+04 1.086266e+04
15.7 1.080334e+04 1.084350e+04 1.084529e+04 1.080514e+04
16.7 1.079841e+04 1.085688e+04 1.084808e+04 1.078960e+04
17.7 1.084379e+04 1.085985e+04 1.084953e+04 1.083347e+04
0.5 1.084857e+04 1.084332e+04 1.084960e+04 1.085485e+04
1.5 1.087891e+04 1.084282e+04 1.084722e+04 1.088332e+04
2.5 1.089695e+04 1.083798e+04 1.084169e+04 1.090065e+04
3.5 1.085896e+04 1.083819e+04 1.084189e+04 1.086266e+04
4.5 1.080334e+04 1.084350e+04 1.084529e+04 1.080514e+04
5.5 1.079841e+04 1.085688e+04 1.084808e+04 1.078960e+04
6.5 1.084379e+04 1.085985e+04 1.084953e+04 1.083347e+04
7.5 1.078244e+04 1.085399e+04 1.085015e+04 1.077860e+04
8.5 1.083297e+04 1.084847e+04 1.085027e+04 1.083477e+04
9.5 1.082866e+04 1.084616e+04 1.085014e+04 1.083264e+04
10.5 1.083341e+04 1.085438e+04 1.084995e+04 1.082898e+04
11.5 1.083947e+04 1.086075e+04 1.084981e+04 1.082853e+04
12.5 1.085804e+04 1.085593e+04 1.084972e+04 1.085183e+04
13.5 1.087156e+04 1.085307e+04 1.084968e+04 1.086817e+04
14.5 1.089897e+04 1.088393e+04 1.084967e+04 1.086471e+04
15.5 1.088663e+04 1.089685e+04 1.084967e+04 1.083945e+04
16.5 1.089299e+04 1.087748e+04 1.084969e+04 1.086520e+04
17.5 1.092202e+04 1.085653e+04 1.084944e+04 1.091493e+04
0.9 1.092202e+04 1.085653e+04 1.084944e+04 1.091493e+04
1.9 1.081982e+04 1.084013e+04 1.084444e+04 1.082413e+04
2.9 1.084332e+04 1.082766e+04 1.083697e+04 1.085264e+04
3.9 1.077517e+04 1.082768e+04 1.083811e+04 1.078560e+04
4.9 1.087583e+04 1.084905e+04 1.084355e+04 1.087032e+04
5.9 1.087752e+04 1.087736e+04 1.084781e+04 1.084797e+04
6.9 1.087506e+04 1.087453e+04 1.084998e+04 1.085050e+04
7.9 1.088812e+04 1.086044e+04 1.085084e+04 1.087852e+04
8.9 1.089884e+04 1.084765e+04 1.084882e+04 1.090001e+04
9.9 1.090431e+04 1.083671e+04 1.084312e+04 1.091072e+04
10.9 1.089299e+04 1.083437e+04 1.084275e+04 1.090137e+04
11.9 1.086732e+04 1.083748e+04 1.084585e+04 1.087569e+04
12.9 1.089472e+04 1.084093e+04 1.084842e+04 1.090221e+04
13.9 1.090007e+04 1.084296e+04 1.084939e+04 1.090650e+04
14.9 1.083680e+04 1.083860e+04 1.084422e+04 1.084242e+04
15.9 1.077997e+04 1.083208e+04 1.083713e+04 1.078502e+04
16.9 1.085015e+04 1.084529e+04 1.083889e+04 1.084375e+04
17.9 1.087902e+04 1.087576e+04 1.084420e+04 1.084746e+04
0.5 1.088812e+04 1.086044e+04 1.085084e+04 1.087852e+04
1.5 1.089884e+04 1.084765e+04 1.084882e+04 1.090001e+04
2.5 1.090431e+04 1.083671e+04 1.084312e+04 1.091072e+04
3.5 1.089299e+04 1.083437e+04 1.084275e+04 1.090137e+04
4.5 1.086732e+04 1.083748e+04 1.084585e+04 1.087569e+04
5.5 1.089472e+04 1.084093e+04 1.084842e+04 1.090221e+04
6.5 1.090007e+04 1.084296e+04 1.084939e+04 1.090650e+04
7.5 1.083680e+04 1.083860e+04 1.084422e+04 1.084242e+04
8.5 1.077997e+04 1.083208e+04 1.083713e+04 1.078502e+04
9.5 1.085015e+04 1.084529e+04 1.083889e+04 1.084375e+04
10.5 1.087902e+04 1.087576e+04 1.084420e+04 1.084746e+04
11.5 1.087046e+04 1.087386e+04 1.084815e+04 1.084475e+04
12.5 1.082612e+04 1.084837e+04 1.085008e+04 1.082783e+04
13.5 1.084157e+04 1.083549e+04 1.085080e+04 1.085688e+04
14.5 1.084291e+04 1.083634e+04 1.085079e+04 1.085737e+04
15.5 1.080837e+04 1.083717e+04 1.085047e+04 1.082167e+04
16.5 1.084464e+04 1.083273e+04 1.085009e+04 1.086200e+04
17.5 1.081060e+04 1.083392e+04 1.084884e+04 1.082552e+04
1.0 1.090007e+04 1.084296e+04 1.084939e+04 1.090650e+04
2.0 1.083680e+04 1.083860e+04 1.084422e+04 1.084242e+04
3.0 1.077997e+04 1.083208e+04 1.083713e+04 1.078502e+04
4.0 1.085015e+04 1.084529e+04 1.083889e+04 1.084375e+04
5.0 1.087902e+04 1.087576e+04 1.084420e+04 1.084746e+04
6.0 1.087046e+04 1.087386e+04 1.084815e+04 1.084475e+04
7.0 1.082612e+04 1.084837e+04 1.085008e+04 1.082783e+04
8.0 1.084157e+04 1.083549e+04 1.085080e+04 1.085688e+04
9.0 1.084291e+04 1.083634e+04 1.085079e+04 1.085737e+04
10.0 1.080837e+04 1.083717e+04 1.085047e+04 1.082167e+04
11.0 1.084464e+04 1.083273e+04 1.085009e+04 1.086200e+04
12.0 1.081060e+04 1.083392e+04 1.084884e+04 1.082552e+04
13.0 1.084505e+04 1.083366e+04 1.084272e+04 1.085412e+04
14.0 1.083151e+04 1.083545e+04 1.084050e+04 1.083656e+04
15.0 1.083908e+04 1.084050e+04 1.084359e+04 1.084217e+04
16.0 1.085424e+04 1.084668e+04 1.084702e+04 1.085458e+04
17.0 1.093038e+04 1.085941e+04 1.084896e+04 1.091993e+04
18.0 1.089405e+04 1.086244e+04 1.084983e+04 1.088144e+04
0.2 1.084464e+04 1.083273e+04 1.085009e+04 1.086200e+04
1.2 1.081060e+04 1.083392e+04 1.084884e+04 1.082552e+04
2.2 1.084505e+04 1.083366e+04 1.084272e+04 1.085412e+04
3.2 1.083151e+04 1.083545e+04 1.084050e+04 1.083656e+04
4.2 1.083908e+04 1.084050e+04 1.084359e+04 1.084217e+04
5.2 1.085424e+04 1.084668e+04 1.084702e+04 1.085458e+04
6.2 1.093038e+04 1.085941e+04 1.084896e+04 1.091993e+04
7.2 1.089405e+04 1.086244e+04 1.084983e+04 1.088144e+04
8.2 1.086400e+04 1.085591e+04 1.084956e+04 1.085765e+04
9.2 1.080903e+04 1.084443e+04 1.084389e+04 1.080849e+04
10.2 1.079311e+04 1.083625e+04 1.083902e+04 1.079589e+04
11.2 1.085821e+04 1.083726e+04 1.084146e+04 1.086241e+04
12.2 1.081854e+04 1.084105e+04 1.084561e+04 1.082310e+04
13.2 1.084939e+04 1.084387e+04 1.084821e+04 1.085372e+04
14.2 1.084752e+04 1.084187e+04 1.084946e+04 1.085510e+04
15.2 1.084171e+04 1.082937e+04 1.084986e+04 1.086220e+04
16.2 1.081974e+04 1.082677e+04 1.084977e+04 1.084274e+04
17.2 1.084786e+04 1.082808e+04 1.084948e+04 1.086926e+04
1.0 1.086400e+04 1.085591e+04 1.084956e+04 1.085765e+04
2.0 1.080903e+04 1.084443e+04 1.084389e+04 1.080849e+04
3.0 1.079311e+04 1.083625e+04 1.083902e+04 1.079589e+04
4.0 1.085821e+04 1.083726e+04 1.084146e+04 1.086241e+04
5.0 1.081854e+04 1.084105e+04 1.084561e+04 1.082310e+04
6.0 1.084939e+04 1.084387e+04 1.084821e+04 1.085372e+04
7.0 1.084752e+04 1.084187e+04 1.084946e+04 1.085510e+04
8.0 1.084171e+04 1.082937e+04 1.084986e+04 1.086220e+04
9.0 1.081974e+04 1.082677e+04 1.084977e+04 1.084274e+04
10.0 1.084786e+04 1.082808e+04 1.084948e+04 1.086926e+04
11.0 1.080056e+04 1.083089e+04 1.084918e+04 1.081885e+04
12.0 1.081726e+04 1.083785e+04 1.084895e+04 1.082836e+04
13.0 1.081167e+04 1.084376e+04 1.084880e+04 1.081670e+04
14.0 1.076977e+04 1.084678e+04 1.084870e+04 1.077169e+04
15.0 1.077853e+04 1.085434e+04 1.084863e+04 1.077282e+04
16.0 1.086342e+04 1.086686e+04 1.084858e+04 1.084515e+04
17.0 1.088019e+04 1.086616e+04 1.084854e+04 1.086257e+04
18.0 1.088499e+04 1.087434e+04 1.084850e+04 1.085914e+04
0.3 1.089557e+04 1.088757e+04 1.084844e+04 1.085644e+04
1.3 1.097422e+04 1.088088e+04 1.084702e+04 1.094037e+04
2.3 1.093304e+04 1.084956e+04 1.083968e+04 1.092316e+04
3.3 1.082685e+04 1.082815e+04 1.083611e+04 1.083481e+04
4.3 1.071628e+04 1.082354e+04 1.084013e+04 1.073288e+04
5.3 1.080206e+04 1.082824e+04 1.084505e+04 1.081887e+04
6.3 1.081212e+04 1.084178e+04 1.084795e+04 1.081829e+04
7.3 1.084796e+04 1.084655e+04 1.084932e+04 1.085073e+04
8.3 1.084107e+04 1.085338e+04 1.084976e+04 1.083745e+04
9.3 1.084523e+04 1.086074e+04 1.084967e+04 1.083416e+04
10.3 1.086481e+04 1.085416e+04 1.084938e+04 1.086004e+04
11.3 1.083556e+04 1.084850e+04 1.084911e+04 1.083617e+04
12.3 1.082073e+04 1.088135e+04 1.084893e+04 1.078831e+04
13.3 1.079160e+04 1.089206e+04 1.084882e+04 1.074837e+04
14.3 1.082817e+04 1.086821e+04 1.084878e+04 1.080874e+04
15.3 1.080507e+04 1.083340e+04 1.084877e+04 1.082045e+04
16.3 1.080489e+04 1.080707e+04 1.084878e+04 1.084659e+04
17.3 1.079576e+04 1.080205e+04 1.084879e+04 1.084250e+04
0.4 1.079151e+04 1.080579e+04 1.084880e+04 1.083452e+04
1.4 1.088897e+04 1.081477e+04 1.084728e+04 1.092148e+04
2.4 1.086483e+04 1.081955e+04 1.084147e+04 1.088675e+04
3.4 1.085341e+04 1.082532e+04 1.084067e+04 1.086877e+04
4.4 1.083824e+04 1.083973e+04 1.084401e+04 1.084252e+04
5.4 1.085093e+04 1.085052e+04 1.084708e+04 1.084750e+04
6.4 1.085216e+04 1.084752e+04 1.084874e+04 1.085338e+04
7.4 1.081329e+04 1.084093e+04 1.084948e+04 1.082184e+04
8.4 1.088794e+04 1.083310e+04 1.084964e+04 1.090447e+04
9.4 1.075211e+04 1.082378e+04 1.084951e+04 1.077784e+04
10.4 1.084238e+04 1.082195e+04 1.084929e+04 1.086972e+04
11.4 1.083256e+04 1.082600e+04 1.084910e+04 1.085565e+04
12.4 1.074119e+04 1.083007e+04 1.084897e+04 1.076010e+04
13.4 1.084506e+04 1.083233e+04 1.084890e+04 1.086163e+04
14.4 1.081072e+04 1.083171e+04 1.084730e+04 1.082631e+04
15.4 1.085234e+04 1.082401e+04 1.083949e+04 1.086782e+04
16.4 1.083685e+04 1.082074e+04 1.083595e+04 1.085206e+04
17.4 1.087283e+04 1.084499e+04 1.084018e+04 1.086803e+04
0.4 1.084506e+04 1.083233e+04 1.084890e+04 1.086163e+04
1.4 1.081072e+04 1.083171e+04 1.084730e+04 1.082631e+04
2.4 1.085234e+04 1.082401e+04 1.083949e+04 1.086782e+04
3.4 1.083685e+04 1.082074e+04 1.083595e+04 1.085206e+04
4.4 1.087283e+04 1.084499e+04 1.084018e+04 1.086803e+04
5.4 1.085528e+04 1.086688e+04 1.084511e+04 1.083351e+04
6.4 1.089938e+04 1.086486e+04 1.084809e+04 1.088261e+04
7.4 1.086416e+04 1.086316e+04 1.084950e+04 1.085050e+04
8.4 1.085063e+04 1.085966e+04 1.084988e+04 1.084086e+04
9.4 1.086828e+04 1.088290e+04 1.084974e+04 1.083512e+04
10.4 1.090624e+04 1.088448e+04 1.084939e+04 1.087115e+04
11.4 1.089583e+04 1.086862e+04 1.084906e+04 1.087627e+04
12.4 1.085655e+04 1.085750e+04 1.084881e+04 1.084786e+04
13.4 1.086118e+04 1.085685e+04 1.084865e+04 1.085297e+04
14.4 1.084657e+04 1.088012e+04 1.084855e+04 1.081501e+04
15.4 1.084519e+04 1.087131e+04 1.084848e+04 1.082236e+04
16.4 1.088492e+04 1.084677e+04 1.084842e+04 1.088657e+04
17.4 1.085600e+04 1.082892e+04 1.084837e+04 1.087544e+04
