1.0 9.303100e+03 9.304025e+03 9.315671e+03 9.314746e+03
2.0 9.288327e+03 9.318609e+03 9.336390e+03 9.306108e+03
3.0 9.298214e+03 9.324461e+03 9.345205e+03 9.318958e+03
4.0 9.296562e+03 9.312424e+03 9.334074e+03 9.318212e+03
5.0 9.278765e+03 9.301379e+03 9.321735e+03 9.299120e+03
6.0 9.347477e+03 9.316126e+03 9.314728e+03 9.346078e+03
7.0 9.290312e+03 9.345086e+03 9.311511e+03 9.256737e+03
8.0 9.341180e+03 9.339898e+03 9.310569e+03 9.311851e+03
9.0 9.308293e+03 9.325899e+03 9.310901e+03 9.293295e+03
10.0 9.319346e+03 9.321239e+03 9.311702e+03 9.309808e+03
11.0 9.318743e+03 9.309466e+03 9.312440e+03 9.321717e+03
12.0 9.302130e+03 9.297717e+03 9.312956e+03 9.317369e+03
13.0 9.311904e+03 9.300367e+03 9.313263e+03 9.324801e+03
14.0 9.326170e+03 9.321545e+03 9.313420e+03 9.318045e+03
15.0 9.316381e+03 9.321961e+03 9.313501e+03 9.307921e+03
16.0 9.317507e+03 9.308847e+03 9.313546e+03 9.322205e+03
17.0 9.310406e+03 9.298440e+03 9.313575e+03 9.325541e+03
18.0 9.286554e+03 9.294840e+03 9.313600e+03 9.305314e+03
0.8 9.312114e+03 9.320923e+03 9.312966e+03 9.304157e+03
1.8 9.317652e+03 9.328819e+03 9.330487e+03 9.319320e+03
2.8 9.315430e+03 9.331637e+03 9.344427e+03 9.328220e+03
3.8 9.374082e+03 9.324456e+03 9.335507e+03 9.385133e+03
4.8 9.341412e+03 9.326718e+03 9.322391e+03 9.337085e+03
5.8 9.341857e+03 9.320380e+03 9.314377e+03 9.335854e+03
6.8 9.345798e+03 9.318592e+03 9.310507e+03 9.337713e+03
7.8 9.309712e+03 9.311889e+03 9.309165e+03 9.306988e+03
8.8 9.261918e+03 9.301025e+03 9.309293e+03 9.270185e+03
9.8 9.344248e+03 9.305629e+03 9.310026e+03 9.348645e+03
10.8 9.321815e+03 9.315286e+03 9.310767e+03 9.317297e+03
11.8 9.339819e+03 9.309557e+03 9.311501e+03 9.341764e+03
12.8 9.312213e+03 9.313408e+03 9.326242e+03 9.325047e+03
13.8 9.349768e+03 9.324269e+03 9.343675e+03 9.369174e+03
14.8 9.327006e+03 9.320784e+03 9.337245e+03 9.343467e+03
15.8 9.300434e+03 9.323078e+03 9.324109e+03 9.301465e+03
16.8 9.333528e+03 9.316141e+03 9.315233e+03 9.332620e+03
17.8 9.314906e+03 9.302361e+03 9.310723e+03 9.323268e+03
0.6 9.339819e+03 9.309557e+03 9.311501e+03 9.341764e+03
1.6 9.312213e+03 9.313408e+03 9.326242e+03 9.325047e+03
2.6 9.349768e+03 9.324269e+03 9.343675e+03 9.369174e+03
3.6 9.327006e+03 9.320784e+03 9.337245e+03 9.343467e+03
4.6 9.300434e+03 9.323078e+03 9.324109e+03 9.301465e+03
5.6 9.333528e+03 9.316141e+03 9.315233e+03 9.332620e+03
6.6 9.314906e+03 9.302361e+03 9.310723e+03 9.323268e+03
7.6 9.318945e+03 9.298887e+03 9.309107e+03 9.329166e+03
8.6 9.294067e+03 9.307257e+03 9.309080e+03 9.295891e+03
9.6 9.299331e+03 9.310611e+03 9.309761e+03 9.298481e+03
10.6 9.320053e+03 9.334084e+03 9.310533e+03 9.296502e+03
11.6 9.367084e+03 9.344098e+03 9.311127e+03 9.334113e+03
12.6 9.378474e+03 9.325125e+03 9.311471e+03 9.364820e+03
13.6 9.272002e+03 9.305989e+03 9.311646e+03 9.277660e+03
14.6 9.315120e+03 9.301196e+03 9.311715e+03 9.325639e+03
15.6 9.276843e+03 9.298407e+03 9.311734e+03 9.290170e+03
16.6 9.375515e+03 9.309373e+03 9.311729e+03 9.377871e+03
17.6 9.299720e+03 9.323591e+03 9.311712e+03 9.287841e+03
0.1 9.337379e+03 9.321318e+03 9.307991e+03 9.324052e+03
1.1 9.333355e+03 9.319114e+03 9.310817e+03 9.325059e+03
2.1 9.353012e+03 9.326732e+03 9.332460e+03 9.358740e+03
3.1 9.341188e+03 9.323774e+03 9.338459e+03 9.355872e+03
4.1 9.272729e+03 9.320184e+03 9.326382e+03 9.278926e+03
5.1 9.305137e+03 9.322745e+03 9.314039e+03 9.296431e+03
6.1 9.325711e+03 9.320184e+03 9.315244e+03 9.320772e+03
7.1 9.358352e+03 9.327499e+03 9.333445e+03 9.364298e+03
8.1 9.296028e+03 9.318127e+03 9.331176e+03 9.309078e+03
9.1 9.275145e+03 9.301858e+03 9.318042e+03 9.291328e+03
10.1 9.273958e+03 9.291016e+03 9.307934e+03 9.290876e+03
0.4 9.305137e+03 9.322745e+03 9.314039e+03 9.296431e+03
1.4 9.325711e+03 9.320184e+03 9.315244e+03 9.320772e+03
2.4 9.358352e+03 9.327499e+03 9.333445e+03 9.364298e+03
3.4 9.296028e+03 9.318127e+03 9.331176e+03 9.309078e+03
4.4 9.275145e+03 9.301858e+03 9.318042e+03 9.291328e+03
5.4 9.273958e+03 9.291016e+03 9.307934e+03 9.290876e+03
