0.8 2.572937e+03 2.523779e+03 2.515242e+03 2.564399e+03
1.8 2.527367e+03 2.519356e+03 2.519127e+03 2.527138e+03
2.8 2.501064e+03 2.515252e+03 2.523848e+03 2.509661e+03
3.8 2.493772e+03 2.514767e+03 2.522178e+03 2.501184e+03
4.8 2.567093e+03 2.533798e+03 2.518427e+03 2.551722e+03
5.8 2.487935e+03 2.535093e+03 2.515907e+03 2.468749e+03
6.8 2.536426e+03 2.529020e+03 2.514628e+03 2.522034e+03
7.8 2.494459e+03 2.521235e+03 2.514126e+03 2.487349e+03
8.8 2.552969e+03 2.510383e+03 2.514087e+03 2.556673e+03
9.8 2.485406e+03 2.502189e+03 2.514253e+03 2.497471e+03
10.8 2.509323e+03 2.502651e+03 2.514443e+03 2.521114e+03
11.8 2.515755e+03 2.510803e+03 2.514581e+03 2.519533e+03
12.8 2.539757e+03 2.513673e+03 2.514655e+03 2.540740e+03
13.8 2.506968e+03 2.525628e+03 2.514679e+03 2.496018e+03
14.8 2.539143e+03 2.526963e+03 2.514674e+03 2.526854e+03
15.8 2.468828e+03 2.515731e+03 2.514655e+03 2.467751e+03
16.8 2.540053e+03 2.506477e+03 2.514629e+03 2.548206e+03
17.8 2.500136e+03 2.508465e+03 2.514602e+03 2.506273e+03
0.7 2.523032e+03 2.506174e+03 2.514394e+03 2.531253e+03
1.7 2.489587e+03 2.504021e+03 2.517692e+03 2.503258e+03
2.7 2.482063e+03 2.508496e+03 2.524453e+03 2.498021e+03
3.7 2.456596e+03 2.507985e+03 2.524315e+03 2.472925e+03
4.7 2.484688e+03 2.503989e+03 2.519828e+03 2.500526e+03
5.7 2.476095e+03 2.501034e+03 2.516141e+03 2.491202e+03
6.7 2.531239e+03 2.500880e+03 2.514101e+03 2.544460e+03
7.7 2.532477e+03 2.518221e+03 2.513263e+03 2.527519e+03
8.7 2.589301e+03 2.544528e+03 2.513094e+03 2.557867e+03
9.7 2.556299e+03 2.541399e+03 2.513260e+03 2.528161e+03
10.7 2.540394e+03 2.522721e+03 2.513511e+03 2.531184e+03
11.7 2.564028e+03 2.507657e+03 2.513731e+03 2.570103e+03
12.7 2.564674e+03 2.502018e+03 2.515937e+03 2.578593e+03
13.7 2.529963e+03 2.503966e+03 2.521067e+03 2.547065e+03
14.7 2.561026e+03 2.503418e+03 2.520877e+03 2.578486e+03
15.7 2.554135e+03 2.511142e+03 2.517725e+03 2.560718e+03
16.7 2.572216e+03 2.558910e+03 2.515146e+03 2.528452e+03
17.7 2.540559e+03 2.566750e+03 2.513802e+03 2.487611e+03
0.5 2.564028e+03 2.507657e+03 2.513731e+03 2.570103e+03
1.5 2.564674e+03 2.502018e+03 2.515937e+03 2.578593e+03
2.5 2.529963e+03 2.503966e+03 2.521067e+03 2.547065e+03
3.5 2.561026e+03 2.503418e+03 2.520877e+03 2.578486e+03
4.5 2.554135e+03 2.511142e+03 2.517725e+03 2.560718e+03
5.5 2.572216e+03 2.558910e+03 2.515146e+03 2.528452e+03
6.5 2.540559e+03 2.566750e+03 2.513802e+03 2.487611e+03
7.5 2.520795e+03 2.538917e+03 2.513224e+03 2.495102e+03
8.5 2.436470e+03 2.514613e+03 2.513115e+03 2.434972e+03
9.5 2.520830e+03 2.502484e+03 2.513229e+03 2.531575e+03
10.5 2.493196e+03 2.509009e+03 2.513405e+03 2.497592e+03
11.5 2.541709e+03 2.516455e+03 2.513543e+03 2.538797e+03
12.5 2.525165e+03 2.511441e+03 2.513626e+03 2.527349e+03
13.5 2.524878e+03 2.505058e+03 2.513662e+03 2.533481e+03
14.5 2.492039e+03 2.506297e+03 2.513670e+03 2.499412e+03
15.5 2.530439e+03 2.506843e+03 2.513665e+03 2.537262e+03
16.5 2.474011e+03 2.503686e+03 2.513655e+03 2.483981e+03
17.5 2.468950e+03 2.501174e+03 2.513885e+03 2.481660e+03
0.9 2.468950e+03 2.501174e+03 2.513885e+03 2.481660e+03
1.9 2.487223e+03 2.504660e+03 2.518518e+03 2.501081e+03
2.9 2.524677e+03 2.511345e+03 2.525443e+03 2.538775e+03
3.9 2.439950e+03 2.510591e+03 2.524381e+03 2.453741e+03
4.9 2.473614e+03 2.519871e+03 2.519340e+03 2.473083e+03
5.9 2.538114e+03 2.537074e+03 2.515389e+03 2.516429e+03
6.9 2.514710e+03 2.529479e+03 2.513381e+03 2.498612e+03
7.9 2.496839e+03 2.514189e+03 2.512584e+03 2.495234e+03
8.9 2.444177e+03 2.505704e+03 2.514456e+03 2.452928e+03
9.9 2.578052e+03 2.505916e+03 2.519744e+03 2.591879e+03
10.9 2.498654e+03 2.504279e+03 2.520080e+03 2.514455e+03
11.9 2.492233e+03 2.501297e+03 2.517207e+03 2.508144e+03
12.9 2.490195e+03 2.499628e+03 2.514827e+03 2.505394e+03
13.9 2.529051e+03 2.499595e+03 2.513925e+03 2.543381e+03
14.9 2.499258e+03 2.505034e+03 2.518722e+03 2.512946e+03
15.9 2.525362e+03 2.512015e+03 2.525293e+03 2.538639e+03
16.9 2.501988e+03 2.520834e+03 2.523661e+03 2.504816e+03
17.9 2.545058e+03 2.539000e+03 2.518735e+03 2.524793e+03
0.5 2.496839e+03 2.514189e+03 2.512584e+03 2.495234e+03
1.5 2.444177e+03 2.505704e+03 2.514456e+03 2.452928e+03
2.5 2.578052e+03 2.505916e+03 2.519744e+03 2.591879e+03
3.5 2.498654e+03 2.504279e+03 2.520080e+03 2.514455e+03
4.5 2.492233e+03 2.501297e+03 2.517207e+03 2.508144e+03
5.5 2.490195e+03 2.499628e+03 2.514827e+03 2.505394e+03
6.5 2.529051e+03 2.499595e+03 2.513925e+03 2.543381e+03
7.5 2.499258e+03 2.505034e+03 2.518722e+03 2.512946e+03
8.5 2.525362e+03 2.512015e+03 2.525293e+03 2.538639e+03
9.5 2.501988e+03 2.520834e+03 2.523661e+03 2.504816e+03
10.5 2.545058e+03 2.539000e+03 2.518735e+03 2.524793e+03
11.5 2.558993e+03 2.535639e+03 2.515079e+03 2.538433e+03
12.5 2.542077e+03 2.527138e+03 2.513291e+03 2.528230e+03
13.5 2.514836e+03 2.516086e+03 2.512625e+03 2.511375e+03
14.5 2.544336e+03 2.505612e+03 2.512628e+03 2.551352e+03
15.5 2.549169e+03 2.504858e+03 2.512925e+03 2.557237e+03
16.5 2.509325e+03 2.518035e+03 2.513280e+03 2.504571e+03
17.5 2.496700e+03 2.518440e+03 2.514441e+03 2.492701e+03
1.0 2.529051e+03 2.499595e+03 2.513925e+03 2.543381e+03
2.0 2.499258e+03 2.505034e+03 2.518722e+03 2.512946e+03
3.0 2.525362e+03 2.512015e+03 2.525293e+03 2.538639e+03
4.0 2.501988e+03 2.520834e+03 2.523661e+03 2.504816e+03
5.0 2.545058e+03 2.539000e+03 2.518735e+03 2.524793e+03
6.0 2.558993e+03 2.535639e+03 2.515079e+03 2.538433e+03
7.0 2.542077e+03 2.527138e+03 2.513291e+03 2.528230e+03
8.0 2.514836e+03 2.516086e+03 2.512625e+03 2.511375e+03
9.0 2.544336e+03 2.505612e+03 2.512628e+03 2.551352e+03
10.0 2.549169e+03 2.504858e+03 2.512925e+03 2.557237e+03
11.0 2.509325e+03 2.518035e+03 2.513280e+03 2.504571e+03
12.0 2.496700e+03 2.518440e+03 2.514441e+03 2.492701e+03
13.0 2.525726e+03 2.515212e+03 2.520109e+03 2.530623e+03
14.0 2.526467e+03 2.510772e+03 2.522170e+03 2.537865e+03
15.0 2.517045e+03 2.504686e+03 2.519302e+03 2.531660e+03
16.0 2.497097e+03 2.509402e+03 2.516125e+03 2.503820e+03
17.0 2.618852e+03 2.555511e+03 2.514331e+03 2.577672e+03
18.0 2.538936e+03 2.565773e+03 2.513517e+03 2.486680e+03
0.2 2.509325e+03 2.518035e+03 2.513280e+03 2.504571e+03
1.2 2.496700e+03 2.518440e+03 2.514441e+03 2.492701e+03
2.2 2.525726e+03 2.515212e+03 2.520109e+03 2.530623e+03
3.2 2.526467e+03 2.510772e+03 2.522170e+03 2.537865e+03
4.2 2.517045e+03 2.504686e+03 2.519302e+03 2.531660e+03
5.2 2.497097e+03 2.509402e+03 2.516125e+03 2.503820e+03
6.2 2.618852e+03 2.555511e+03 2.514331e+03 2.577672e+03
7.2 2.538936e+03 2.565773e+03 2.513517e+03 2.486680e+03
8.2 2.564357e+03 2.539728e+03 2.513769e+03 2.538398e+03
9.2 2.491057e+03 2.520343e+03 2.519030e+03 2.489743e+03
10.2 2.472650e+03 2.510746e+03 2.523537e+03 2.485441e+03
11.2 2.485854e+03 2.502444e+03 2.521281e+03 2.504690e+03
12.2 2.445228e+03 2.497088e+03 2.517436e+03 2.465576e+03
13.2 2.472107e+03 2.495605e+03 2.515021e+03 2.491523e+03
14.2 2.476860e+03 2.498595e+03 2.513866e+03 2.492131e+03
15.2 2.522114e+03 2.508700e+03 2.513492e+03 2.526907e+03
16.2 2.515468e+03 2.512093e+03 2.513574e+03 2.516948e+03
17.2 2.510455e+03 2.521178e+03 2.513846e+03 2.503123e+03
1.0 2.564357e+03 2.539728e+03 2.513769e+03 2.538398e+03
2.0 2.491057e+03 2.520343e+03 2.519030e+03 2.489743e+03
3.0 2.472650e+03 2.510746e+03 2.523537e+03 2.485441e+03
4.0 2.485854e+03 2.502444e+03 2.521281e+03 2.504690e+03
5.0 2.445228e+03 2.497088e+03 2.517436e+03 2.465576e+03
6.0 2.472107e+03 2.495605e+03 2.515021e+03 2.491523e+03
7.0 2.476860e+03 2.498595e+03 2.513866e+03 2.492131e+03
8.0 2.522114e+03 2.508700e+03 2.513492e+03 2.526907e+03
9.0 2.515468e+03 2.512093e+03 2.513574e+03 2.516948e+03
10.0 2.510455e+03 2.521178e+03 2.513846e+03 2.503123e+03
11.0 2.477750e+03 2.525497e+03 2.514122e+03 2.466374e+03
12.0 2.517206e+03 2.516274e+03 2.514334e+03 2.515266e+03
13.0 2.505441e+03 2.505990e+03 2.514478e+03 2.513929e+03
14.0 2.473848e+03 2.500462e+03 2.514568e+03 2.487955e+03
15.0 2.464803e+03 2.506435e+03 2.514631e+03 2.472998e+03
16.0 2.466986e+03 2.521906e+03 2.514678e+03 2.459758e+03
17.0 2.545594e+03 2.522208e+03 2.514719e+03 2.538104e+03
18.0 2.527411e+03 2.514916e+03 2.514757e+03 2.527252e+03
0.3 2.530772e+03 2.505701e+03 2.514810e+03 2.539882e+03
1.3 2.496360e+03 2.504801e+03 2.516122e+03 2.507682e+03
2.3 2.423476e+03 2.507357e+03 2.522929e+03 2.439047e+03
3.3 2.589752e+03 2.507985e+03 2.526234e+03 2.608001e+03
4.3 2.581737e+03 2.503253e+03 2.522509e+03 2.600993e+03
5.3 2.435531e+03 2.512217e+03 2.517956e+03 2.441270e+03
6.3 2.515751e+03 2.557727e+03 2.515260e+03 2.473284e+03
7.3 2.567797e+03 2.562305e+03 2.513991e+03 2.519483e+03
8.3 2.537281e+03 2.547567e+03 2.513588e+03 2.503302e+03
9.3 2.555138e+03 2.538578e+03 2.513670e+03 2.530230e+03
10.3 2.601636e+03 2.520646e+03 2.513936e+03 2.594927e+03
11.3 2.510413e+03 2.504004e+03 2.514187e+03 2.520596e+03
12.3 2.522500e+03 2.500844e+03 2.514358e+03 2.536014e+03
13.3 2.499857e+03 2.499799e+03 2.514452e+03 2.514510e+03
14.3 2.508093e+03 2.496946e+03 2.514490e+03 2.525636e+03
15.3 2.461558e+03 2.502768e+03 2.514499e+03 2.473289e+03
16.3 2.466736e+03 2.511846e+03 2.514494e+03 2.469384e+03
17.3 2.497675e+03 2.517135e+03 2.514484e+03 2.495023e+03
0.4 2.494846e+03 2.524384e+03 2.514474e+03 2.484936e+03
1.4 2.562147e+03 2.518336e+03 2.515887e+03 2.559698e+03
2.4 2.522313e+03 2.511557e+03 2.521268e+03 2.532024e+03
3.4 2.509415e+03 2.506058e+03 2.522009e+03 2.525367e+03
4.4 2.534399e+03 2.536958e+03 2.518918e+03 2.516359e+03
5.4 2.635363e+03 2.565180e+03 2.516067e+03 2.586249e+03
6.4 2.542522e+03 2.545330e+03 2.514530e+03 2.511722e+03
7.4 2.549559e+03 2.517167e+03 2.513848e+03 2.546240e+03
8.4 2.457146e+03 2.513722e+03 2.513700e+03 2.457124e+03
9.4 2.446776e+03 2.533554e+03 2.513817e+03 2.427039e+03
10.4 2.607973e+03 2.533536e+03 2.514021e+03 2.588458e+03
11.4 2.607529e+03 2.516013e+03 2.514196e+03 2.605712e+03
12.4 2.571853e+03 2.501316e+03 2.514317e+03 2.584853e+03
13.4 2.524422e+03 2.494232e+03 2.514387e+03 2.544576e+03
14.4 2.447414e+03 2.493217e+03 2.515864e+03 2.470061e+03
15.4 2.520270e+03 2.500519e+03 2.523102e+03 2.542852e+03
16.4 2.554998e+03 2.505668e+03 2.526385e+03 2.575715e+03
17.4 2.526646e+03 2.522273e+03 2.522461e+03 2.526835e+03
0.4 2.524422e+03 2.494232e+03 2.514387e+03 2.544576e+03
1.4 2.447414e+03 2.493217e+03 2.515864e+03 2.470061e+03
2.4 2.520270e+03 2.500519e+03 2.523102e+03 2.542852e+03
3.4 2.554998e+03 2.505668e+03 2.526385e+03 2.575715e+03
4.4 2.526646e+03 2.522273e+03 2.522461e+03 2.526835e+03
5.4 2.543794e+03 2.535179e+03 2.517899e+03 2.526514e+03
6.4 2.549331e+03 2.530896e+03 2.515131e+03 2.533566e+03
7.4 2.521472e+03 2.532107e+03 2.513830e+03 2.503194e+03
8.4 2.544735e+03 2.525281e+03 2.513471e+03 2.532924e+03
9.4 2.546293e+03 2.516321e+03 2.513608e+03 2.543580e+03
10.4 2.499288e+03 2.508676e+03 2.513926e+03 2.504538e+03
11.4 2.492872e+03 2.512234e+03 2.514236e+03 2.494874e+03
12.4 2.389079e+03 2.521816e+03 2.514469e+03 2.381731e+03
13.4 2.499840e+03 2.519096e+03 2.514616e+03 2.495360e+03
14.4 2.453096e+03 2.514643e+03 2.514711e+03 2.453164e+03
15.4 2.500302e+03 2.508198e+03 2.514776e+03 2.506879e+03
16.4 2.543273e+03 2.502357e+03 2.514829e+03 2.555746e+03
17.4 2.482281e+03 2.499326e+03 2.514879e+03 2.497834e+03
