1.0 9.570590e+03 9.524404e+03 9.530043e+03 9.576229e+03
2.0 9.591473e+03 9.525807e+03 9.530104e+03 9.595770e+03
3.0 9.548080e+03 9.526644e+03 9.530193e+03 9.551629e+03
4.0 9.581328e+03 9.526889e+03 9.530181e+03 9.584621e+03
5.0 9.559624e+03 9.526821e+03 9.530116e+03 9.562920e+03
6.0 9.574871e+03 9.526660e+03 9.530064e+03 9.578274e+03
7.0 9.600809e+03 9.525731e+03 9.530037e+03 9.605115e+03
8.0 9.621333e+03 9.523707e+03 9.530026e+03 9.627652e+03
9.0 9.569387e+03 9.523679e+03 9.530024e+03 9.575732e+03
10.0 9.484191e+03 9.527614e+03 9.530028e+03 9.486604e+03
11.0 9.513450e+03 9.542552e+03 9.530032e+03 9.500930e+03
12.0 9.549513e+03 9.545328e+03 9.530035e+03 9.534221e+03
13.0 9.472591e+03 9.537492e+03 9.530037e+03 9.465137e+03
14.0 9.512644e+03 9.530450e+03 9.530039e+03 9.512232e+03
15.0 9.520920e+03 9.527676e+03 9.530039e+03 9.523283e+03
16.0 9.513401e+03 9.538249e+03 9.530040e+03 9.505191e+03
17.0 9.524125e+03 9.546458e+03 9.530040e+03 9.507707e+03
18.0 9.531812e+03 9.540505e+03 9.530040e+03 9.521348e+03
19.0 9.533511e+03 9.536163e+03 9.530040e+03 9.527389e+03
0.3 9.561475e+03 9.564921e+03 9.530039e+03 9.526593e+03
1.3 9.588644e+03 9.545152e+03 9.530055e+03 9.573547e+03
2.3 9.548443e+03 9.531318e+03 9.530140e+03 9.547265e+03
3.3 9.516277e+03 9.524529e+03 9.530201e+03 9.521949e+03
4.3 9.529301e+03 9.522167e+03 9.530160e+03 9.537294e+03
5.3 9.549913e+03 9.522080e+03 9.530094e+03 9.557927e+03
6.3 9.518925e+03 9.521775e+03 9.530052e+03 9.527202e+03
7.3 9.515988e+03 9.505586e+03 9.530032e+03 9.540434e+03
8.3 9.497964e+03 9.487127e+03 9.530025e+03 9.540862e+03
9.3 9.512062e+03 9.492952e+03 9.530025e+03 9.549135e+03
10.3 9.492677e+03 9.504747e+03 9.530029e+03 9.517959e+03
11.3 9.479358e+03 9.510276e+03 9.530033e+03 9.499116e+03
12.3 9.459632e+03 9.499874e+03 9.530036e+03 9.489795e+03
13.3 9.489590e+03 9.501221e+03 9.530038e+03 9.518408e+03
14.3 9.503669e+03 9.512307e+03 9.530039e+03 9.521401e+03
15.3 9.485003e+03 9.520964e+03 9.530039e+03 9.494078e+03
16.3 9.488533e+03 9.525081e+03 9.530040e+03 9.493491e+03
17.3 9.518972e+03 9.525949e+03 9.530040e+03 9.523062e+03
18.3 9.499130e+03 9.511756e+03 9.530040e+03 9.517414e+03
0.8 9.511481e+03 9.524001e+03 9.530038e+03 9.517517e+03
1.8 9.527988e+03 9.518152e+03 9.530085e+03 9.539920e+03
2.8 9.441262e+03 9.515136e+03 9.530180e+03 9.456305e+03
3.8 9.508119e+03 9.513776e+03 9.530187e+03 9.524531e+03
4.8 9.550816e+03 9.513385e+03 9.530125e+03 9.567555e+03
5.8 9.418453e+03 9.513441e+03 9.530068e+03 9.435080e+03
6.8 9.507869e+03 9.513556e+03 9.530037e+03 9.524350e+03
7.8 9.483719e+03 9.513020e+03 9.530024e+03 9.500723e+03
8.8 9.524289e+03 9.510183e+03 9.530021e+03 9.544128e+03
9.8 9.535769e+03 9.509106e+03 9.530024e+03 9.556687e+03
10.8 9.556909e+03 9.523147e+03 9.530028e+03 9.563790e+03
11.8 9.551421e+03 9.535516e+03 9.530031e+03 9.545936e+03
12.8 9.562440e+03 9.536653e+03 9.530034e+03 9.555820e+03
13.8 9.543655e+03 9.543390e+03 9.530035e+03 9.530300e+03
14.8 9.560636e+03 9.543817e+03 9.530036e+03 9.546855e+03
15.8 9.541153e+03 9.568489e+03 9.530036e+03 9.502701e+03
16.8 9.541394e+03 9.569579e+03 9.530037e+03 9.501851e+03
17.8 9.577152e+03 9.554052e+03 9.530037e+03 9.553137e+03
18.8 9.535831e+03 9.544040e+03 9.530037e+03 9.521829e+03
