0.2 9.833606e+03 9.890860e+03 9.898968e+03 9.841714e+03
1.2 9.821244e+03 9.886277e+03 9.899305e+03 9.834273e+03
2.2 9.807970e+03 9.884226e+03 9.900977e+03 9.824721e+03
3.2 9.875764e+03 9.882813e+03 9.901255e+03 9.894206e+03
4.2 9.856795e+03 9.881318e+03 9.900302e+03 9.875779e+03
5.2 9.905147e+03 9.880589e+03 9.899463e+03 9.924021e+03
6.2 9.947252e+03 9.883027e+03 9.898997e+03 9.963222e+03
7.2 9.907385e+03 9.908794e+03 9.898788e+03 9.897379e+03
8.2 9.919760e+03 9.926936e+03 9.898741e+03 9.891565e+03
9.2 9.896927e+03 9.914462e+03 9.898775e+03 9.881240e+03
10.2 9.891519e+03 9.899278e+03 9.898833e+03 9.891074e+03
11.2 9.898952e+03 9.912902e+03 9.898884e+03 9.884934e+03
12.2 9.965445e+03 9.917989e+03 9.898919e+03 9.946375e+03
13.2 9.938430e+03 9.902799e+03 9.898937e+03 9.934567e+03
14.2 9.834546e+03 9.888615e+03 9.898945e+03 9.844876e+03
15.2 9.859945e+03 9.889477e+03 9.898949e+03 9.869417e+03
16.2 9.872431e+03 9.898993e+03 9.898950e+03 9.872388e+03
17.2 9.897573e+03 9.897014e+03 9.898950e+03 9.899509e+03
0.1 9.900849e+03 9.889832e+03 9.898961e+03 9.909978e+03
1.1 9.898325e+03 9.883442e+03 9.899272e+03 9.914155e+03
2.1 9.982098e+03 9.881827e+03 9.900908e+03 1.000118e+04
3.1 9.907886e+03 9.881125e+03 9.901271e+03 9.928031e+03
4.1 9.857402e+03 9.881080e+03 9.900356e+03 9.876678e+03
5.1 9.851152e+03 9.889827e+03 9.899503e+03 9.860828e+03
6.1 9.919671e+03 9.897423e+03 9.899015e+03 9.921263e+03
7.1 9.850186e+03 9.893168e+03 9.898807e+03 9.855824e+03
8.1 9.886241e+03 9.886174e+03 9.898757e+03 9.898823e+03
9.1 9.915604e+03 9.881754e+03 9.898791e+03 9.932642e+03
10.1 9.847608e+03 9.882121e+03 9.898852e+03 9.864340e+03
11.1 9.871113e+03 9.890598e+03 9.898907e+03 9.879422e+03
12.1 9.895368e+03 9.892917e+03 9.898944e+03 9.901395e+03
13.1 9.887839e+03 9.900432e+03 9.898966e+03 9.886373e+03
14.1 9.916812e+03 9.903799e+03 9.898977e+03 9.911989e+03
15.1 9.932563e+03 9.894752e+03 9.898983e+03 9.936794e+03
16.1 9.877580e+03 9.884868e+03 9.898986e+03 9.891698e+03
17.1 9.850310e+03 9.879770e+03 9.898988e+03 9.869528e+03
0.2 9.837639e+03 9.880791e+03 9.898905e+03 9.855753e+03
1.2 9.760051e+03 9.870362e+03 9.899369e+03 9.789058e+03
2.2 9.794100e+03 9.867576e+03 9.901003e+03 9.827527e+03
3.2 9.900214e+03 9.870230e+03 9.901139e+03 9.931123e+03
4.2 9.894837e+03 9.899553e+03 9.900159e+03 9.895443e+03
5.2 9.942784e+03 9.930299e+03 9.899348e+03 9.911833e+03
6.2 9.963536e+03 9.920612e+03 9.898898e+03 9.941822e+03
7.2 9.914108e+03 9.901432e+03 9.898711e+03 9.911388e+03
8.2 9.871256e+03 9.926139e+03 9.898672e+03 9.843789e+03
9.2 9.879969e+03 9.931993e+03 9.898709e+03 9.846685e+03
10.2 9.973927e+03 9.906418e+03 9.898768e+03 9.966277e+03
11.2 9.849765e+03 9.890730e+03 9.898819e+03 9.857854e+03
12.2 9.902060e+03 9.888644e+03 9.898851e+03 9.912267e+03
13.2 9.874135e+03 9.888608e+03 9.898869e+03 9.884396e+03
14.2 9.890280e+03 9.893694e+03 9.898878e+03 9.895465e+03
15.2 9.928464e+03 9.889650e+03 9.898882e+03 9.937696e+03
16.2 9.907696e+03 9.889092e+03 9.898885e+03 9.917489e+03
17.2 9.914102e+03 9.884534e+03 9.898935e+03 9.928503e+03
0.8 9.914102e+03 9.884534e+03 9.898935e+03 9.928503e+03
1.8 9.880077e+03 9.878030e+03 9.900213e+03 9.902260e+03
2.8 9.895249e+03 9.873788e+03 9.901306e+03 9.922767e+03
3.8 9.871185e+03 9.871107e+03 9.900670e+03 9.900747e+03
4.8 9.853806e+03 9.870168e+03 9.899689e+03 9.883326e+03
5.8 9.887488e+03 9.878126e+03 9.899086e+03 9.908448e+03
6.8 9.897660e+03 9.894842e+03 9.898796e+03 9.901614e+03
7.8 9.896870e+03 9.896806e+03 9.898698e+03 9.898763e+03
8.8 9.819869e+03 9.886563e+03 9.898713e+03 9.832019e+03
9.8 9.837610e+03 9.877104e+03 9.898774e+03 9.859280e+03
10.8 9.851219e+03 9.871994e+03 9.898836e+03 9.878060e+03
11.8 9.852296e+03 9.872335e+03 9.898884e+03 9.878845e+03
12.8 9.895851e+03 9.884620e+03 9.898915e+03 9.910145e+03
13.8 9.914497e+03 9.891624e+03 9.898934e+03 9.921807e+03
14.8 9.929700e+03 9.911734e+03 9.898947e+03 9.916913e+03
15.8 9.890936e+03 9.926778e+03 9.898957e+03 9.863115e+03
16.8 9.979735e+03 9.923247e+03 9.898966e+03 9.955454e+03
17.8 9.928378e+03 9.934834e+03 9.898974e+03 9.892519e+03
