0.2 9.297959e+03 9.220356e+03 9.201644e+03 9.279246e+03
1.2 9.315504e+03 9.209809e+03 9.201266e+03 9.306962e+03
2.2 9.196536e+03 9.199495e+03 9.199395e+03 9.196437e+03
3.2 9.156728e+03 9.194671e+03 9.199085e+03 9.161141e+03
4.2 9.117186e+03 9.193701e+03 9.200151e+03 9.123636e+03
5.2 9.138008e+03 9.194149e+03 9.201089e+03 9.144948e+03
6.2 9.096593e+03 9.194411e+03 9.201611e+03 9.103793e+03
7.2 9.167113e+03 9.189846e+03 9.201845e+03 9.179111e+03
8.2 9.163092e+03 9.186601e+03 9.201898e+03 9.178388e+03
9.2 9.182780e+03 9.189453e+03 9.201859e+03 9.195187e+03
10.2 9.212748e+03 9.197394e+03 9.201794e+03 9.217148e+03
11.2 9.230992e+03 9.237838e+03 9.201737e+03 9.194891e+03
12.2 9.266262e+03 9.255186e+03 9.201699e+03 9.212775e+03
13.2 9.210173e+03 9.235105e+03 9.201679e+03 9.176747e+03
14.2 9.259100e+03 9.213145e+03 9.201669e+03 9.247625e+03
15.2 9.287030e+03 9.214571e+03 9.201665e+03 9.274125e+03
16.2 9.139656e+03 9.230118e+03 9.201664e+03 9.111202e+03
17.2 9.125244e+03 9.225066e+03 9.201664e+03 9.101842e+03
0.1 9.209689e+03 9.220577e+03 9.201652e+03 9.190764e+03
1.1 9.198528e+03 9.212928e+03 9.201304e+03 9.186903e+03
2.1 9.258515e+03 9.205773e+03 9.199473e+03 9.252214e+03
3.1 9.230562e+03 9.202048e+03 9.199067e+03 9.227581e+03
4.1 9.192836e+03 9.202916e+03 9.200090e+03 9.190011e+03
5.1 9.191277e+03 9.219589e+03 9.201045e+03 9.172733e+03
6.1 9.269969e+03 9.233821e+03 9.201591e+03 9.237740e+03
7.1 9.274245e+03 9.226900e+03 9.201824e+03 9.249169e+03
8.1 9.249721e+03 9.214993e+03 9.201880e+03 9.236609e+03
9.1 9.228400e+03 9.207517e+03 9.201842e+03 9.222724e+03
10.1 9.145981e+03 9.196906e+03 9.201774e+03 9.150848e+03
11.1 9.152096e+03 9.170066e+03 9.201712e+03 9.183741e+03
12.1 9.123735e+03 9.164429e+03 9.201670e+03 9.160977e+03
13.1 9.191068e+03 9.155757e+03 9.201646e+03 9.236958e+03
14.1 9.148078e+03 9.154758e+03 9.201634e+03 9.194954e+03
15.1 9.152455e+03 9.175717e+03 9.201627e+03 9.178365e+03
16.1 9.154713e+03 9.196563e+03 9.201623e+03 9.159774e+03
17.1 9.134639e+03 9.207697e+03 9.201621e+03 9.128563e+03
0.2 9.156690e+03 9.224752e+03 9.201715e+03 9.133653e+03
1.2 9.320120e+03 9.209391e+03 9.201195e+03 9.311924e+03
2.2 9.255849e+03 9.198963e+03 9.199366e+03 9.256252e+03
3.2 9.263680e+03 9.194254e+03 9.199214e+03 9.268640e+03
4.2 9.177932e+03 9.188163e+03 9.200311e+03 9.190080e+03
5.2 9.138192e+03 9.183165e+03 9.201219e+03 9.156245e+03
6.2 9.161117e+03 9.186678e+03 9.201722e+03 9.176161e+03
7.2 9.186221e+03 9.193724e+03 9.201931e+03 9.194427e+03
8.2 9.144334e+03 9.204394e+03 9.201975e+03 9.141916e+03
9.2 9.122553e+03 9.208722e+03 9.201933e+03 9.115765e+03
10.2 9.115244e+03 9.203835e+03 9.201868e+03 9.113277e+03
11.2 9.147184e+03 9.176419e+03 9.201811e+03 9.172576e+03
12.2 9.125167e+03 9.146200e+03 9.201774e+03 9.180741e+03
13.2 9.156348e+03 9.138049e+03 9.201755e+03 9.220054e+03
14.2 9.101958e+03 9.133282e+03 9.201744e+03 9.170421e+03
15.2 9.242562e+03 9.158042e+03 9.201740e+03 9.286259e+03
16.2 9.189958e+03 9.200992e+03 9.201737e+03 9.190703e+03
17.2 9.175262e+03 9.218928e+03 9.201681e+03 9.158015e+03
0.8 9.175262e+03 9.218928e+03 9.201681e+03 9.158015e+03
1.8 9.152345e+03 9.214433e+03 9.200251e+03 9.138162e+03
2.8 9.157448e+03 9.205553e+03 9.199028e+03 9.150923e+03
3.8 9.153482e+03 9.200067e+03 9.199739e+03 9.153155e+03
4.8 9.109857e+03 9.196657e+03 9.200837e+03 9.114037e+03
5.8 9.184192e+03 9.191626e+03 9.201512e+03 9.194077e+03
6.8 9.058407e+03 9.184294e+03 9.201836e+03 9.075949e+03
7.8 9.188152e+03 9.183378e+03 9.201945e+03 9.206720e+03
8.8 9.295886e+03 9.187371e+03 9.201930e+03 9.310445e+03
9.8 9.233976e+03 9.190922e+03 9.201861e+03 9.244915e+03
10.8 9.272012e+03 9.192593e+03 9.201791e+03 9.281210e+03
11.8 9.247479e+03 9.197488e+03 9.201738e+03 9.251729e+03
12.8 9.216756e+03 9.219668e+03 9.201703e+03 9.198791e+03
13.8 9.257532e+03 9.229480e+03 9.201682e+03 9.229733e+03
14.8 9.259703e+03 9.227594e+03 9.201667e+03 9.233776e+03
15.8 9.209880e+03 9.221980e+03 9.201656e+03 9.189557e+03
16.8 9.275733e+03 9.204280e+03 9.201646e+03 9.273099e+03
17.8 9.217600e+03 9.183653e+03 9.201636e+03 9.235583e+03
