0.6 1.003641e+04 1.000131e+04 1.000398e+04 1.003908e+04
1.6 1.004161e+04 1.000035e+04 1.000319e+04 1.004445e+04
2.6 1.000324e+04 9.997913e+03 1.000093e+04 1.000625e+04
3.6 1.001919e+04 9.997281e+03 1.000048e+04 1.002239e+04
4.6 1.004318e+04 9.998456e+03 1.000185e+04 1.004657e+04
5.6 1.004344e+04 9.999597e+03 1.000317e+04 1.004701e+04
6.6 1.001658e+04 1.000047e+04 1.000389e+04 1.002000e+04
7.6 1.001992e+04 1.000749e+04 1.000420e+04 1.001663e+04
8.6 1.001059e+04 1.001726e+04 1.000428e+04 9.997604e+03
9.6 1.002483e+04 1.001862e+04 1.000422e+04 1.001042e+04
10.6 1.000685e+04 1.002332e+04 1.000411e+04 9.987643e+03
11.6 9.985669e+03 1.001780e+04 1.000368e+04 9.971543e+03
12.6 9.970383e+03 1.000585e+04 1.000181e+04 9.966344e+03
13.6 9.980057e+03 9.997850e+03 1.000112e+04 9.983327e+03
14.6 9.987458e+03 9.994510e+03 1.000210e+04 9.995044e+03
15.6 9.964350e+03 9.984016e+03 1.000316e+04 9.983493e+03
16.6 9.969209e+03 9.980117e+03 1.000376e+04 9.992850e+03
17.6 9.983553e+03 9.993612e+03 1.000402e+04 9.993965e+03
0.3 1.000685e+04 1.002332e+04 1.000411e+04 9.987643e+03
1.3 9.985669e+03 1.001780e+04 1.000368e+04 9.971543e+03
2.3 9.970383e+03 1.000585e+04 1.000181e+04 9.966344e+03
3.3 9.980057e+03 9.997850e+03 1.000112e+04 9.983327e+03
4.3 9.987458e+03 9.994510e+03 1.000210e+04 9.995044e+03
5.3 9.964350e+03 9.984016e+03 1.000316e+04 9.983493e+03
6.3 9.969209e+03 9.980117e+03 1.000376e+04 9.992850e+03
7.3 9.983553e+03 9.993612e+03 1.000402e+04 9.993965e+03
8.3 9.972505e+03 1.000947e+04 1.000409e+04 9.967120e+03
9.3 9.970860e+03 1.001486e+04 1.000404e+04 9.960045e+03
10.3 9.976554e+03 1.002872e+04 1.000396e+04 9.951789e+03
11.3 9.981958e+03 1.002620e+04 1.000356e+04 9.959315e+03
12.3 9.970565e+03 1.001080e+04 1.000157e+04 9.961337e+03
13.3 9.991333e+03 9.998690e+03 1.000053e+04 9.993178e+03
14.3 9.958054e+03 9.994015e+03 1.000154e+04 9.965577e+03
15.3 9.941494e+03 9.992947e+03 1.000279e+04 9.951332e+03
16.3 9.953564e+03 9.992408e+03 1.000261e+04 9.963768e+03
17.3 9.986741e+03 9.991257e+03 1.000097e+04 9.996456e+03
0.2 9.976554e+03 1.002872e+04 1.000396e+04 9.951789e+03
1.2 9.981958e+03 1.002620e+04 1.000356e+04 9.959315e+03
2.2 9.970565e+03 1.001080e+04 1.000157e+04 9.961337e+03
3.2 9.991333e+03 9.998690e+03 1.000053e+04 9.993178e+03
4.2 9.958054e+03 9.994015e+03 1.000154e+04 9.965577e+03
5.2 9.941494e+03 9.992947e+03 1.000279e+04 9.951332e+03
6.2 9.953564e+03 9.992408e+03 1.000261e+04 9.963768e+03
7.2 9.986741e+03 9.991257e+03 1.000097e+04 9.996456e+03
8.2 9.984071e+03 9.993056e+03 1.000108e+04 9.992095e+03
9.2 9.968240e+03 1.000168e+04 1.000231e+04 9.968879e+03
10.2 9.983987e+03 1.000510e+04 1.000329e+04 9.982171e+03
11.2 1.005876e+04 1.000186e+04 1.000375e+04 1.006066e+04
12.2 9.971660e+03 9.998014e+03 1.000375e+04 9.977393e+03
13.2 9.988911e+03 9.994048e+03 1.000211e+04 9.996971e+03
14.2 9.996317e+03 9.991883e+03 1.000103e+04 1.000547e+04
15.2 9.996079e+03 9.995915e+03 1.000177e+04 1.000194e+04
16.2 1.004022e+04 1.000316e+04 1.000277e+04 1.003983e+04
17.2 1.005010e+04 1.000505e+04 1.000339e+04 1.004844e+04
0.6 9.941494e+03 9.992947e+03 1.000279e+04 9.951332e+03
1.6 9.953564e+03 9.992408e+03 1.000261e+04 9.963768e+03
2.6 9.986741e+03 9.991257e+03 1.000097e+04 9.996456e+03
3.6 9.984071e+03 9.993056e+03 1.000108e+04 9.992095e+03
4.6 9.968240e+03 1.000168e+04 1.000231e+04 9.968879e+03
5.6 9.983987e+03 1.000510e+04 1.000329e+04 9.982171e+03
6.6 1.005876e+04 1.000186e+04 1.000375e+04 1.006066e+04
7.6 9.971660e+03 9.998014e+03 1.000375e+04 9.977393e+03
8.6 9.988911e+03 9.994048e+03 1.000211e+04 9.996971e+03
9.6 9.996317e+03 9.991883e+03 1.000103e+04 1.000547e+04
10.6 9.996079e+03 9.995915e+03 1.000177e+04 1.000194e+04
11.6 1.004022e+04 1.000316e+04 1.000277e+04 1.003983e+04
12.6 1.005010e+04 1.000505e+04 1.000339e+04 1.004844e+04
13.6 1.004618e+04 1.001119e+04 1.000367e+04 1.003866e+04
14.6 1.003711e+04 1.001117e+04 1.000375e+04 1.002969e+04
15.6 1.004882e+04 1.001349e+04 1.000371e+04 1.003904e+04
16.6 1.006017e+04 1.001485e+04 1.000363e+04 1.004895e+04
17.6 1.002190e+04 1.000672e+04 1.000354e+04 1.001873e+04
0.1 1.005876e+04 1.000186e+04 1.000375e+04 1.006066e+04
1.1 9.971660e+03 9.998014e+03 1.000375e+04 9.977393e+03
2.1 9.988911e+03 9.994048e+03 1.000211e+04 9.996971e+03
3.1 9.996317e+03 9.991883e+03 1.000103e+04 1.000547e+04
4.1 9.996079e+03 9.995915e+03 1.000177e+04 1.000194e+04
5.1 1.004022e+04 1.000316e+04 1.000277e+04 1.003983e+04
6.1 1.005010e+04 1.000505e+04 1.000339e+04 1.004844e+04
7.1 1.004618e+04 1.001119e+04 1.000367e+04 1.003866e+04
8.1 1.003711e+04 1.001117e+04 1.000375e+04 1.002969e+04
9.1 1.004882e+04 1.001349e+04 1.000371e+04 1.003904e+04
10.1 1.006017e+04 1.001485e+04 1.000363e+04 1.004895e+04
11.1 1.002190e+04 1.000672e+04 1.000354e+04 1.001873e+04
12.1 1.000677e+04 1.000424e+04 1.000348e+04 1.000601e+04
13.1 9.987370e+03 1.001229e+04 1.000344e+04 9.978521e+03
14.1 1.000921e+04 1.001012e+04 1.000341e+04 1.000250e+04
15.1 1.000727e+04 1.000133e+04 1.000339e+04 1.000933e+04
16.1 1.001219e+04 9.994766e+03 1.000337e+04 1.002079e+04
17.1 1.003027e+04 9.992419e+03 1.000336e+04 1.004121e+04
0.4 1.002843e+04 1.002913e+04 1.000326e+04 1.000256e+04
1.4 1.000724e+04 1.002013e+04 1.000273e+04 9.989832e+03
2.4 9.991432e+03 1.000384e+04 1.000100e+04 9.988596e+03
3.4 9.988991e+03 9.993706e+03 1.000080e+04 9.996081e+03
4.4 9.983804e+03 9.990392e+03 1.000183e+04 9.995246e+03
5.4 9.970372e+03 9.986260e+03 1.000275e+04 9.986864e+03
6.4 9.962575e+03 9.976279e+03 1.000327e+04 9.989569e+03
7.4 9.950947e+03 9.979537e+03 1.000350e+04 9.974905e+03
8.4 1.000239e+04 9.997804e+03 1.000355e+04 1.000814e+04
9.4 1.001247e+04 1.000746e+04 1.000352e+04 1.000853e+04
10.4 1.000882e+04 1.000512e+04 1.000346e+04 1.000716e+04
11.4 1.000021e+04 1.000077e+04 1.000341e+04 1.000284e+04
12.4 1.002062e+04 9.999356e+03 1.000338e+04 1.002464e+04
13.4 1.000099e+04 9.997942e+03 1.000336e+04 1.000641e+04
14.4 9.984250e+03 9.997073e+03 1.000336e+04 9.990535e+03
15.4 9.964759e+03 1.000580e+04 1.000336e+04 9.962319e+03
16.4 1.007471e+04 1.001359e+04 1.000337e+04 1.006448e+04
17.4 1.005144e+04 1.000898e+04 1.000337e+04 1.004583e+04
0.4 1.001844e+04 9.996997e+03 1.000338e+04 1.002483e+04
1.4 1.001449e+04 9.994289e+03 1.000285e+04 1.002305e+04
2.4 1.001753e+04 9.991627e+03 1.000089e+04 1.002680e+04
3.4 9.998816e+03 9.990889e+03 1.000055e+04 1.000847e+04
4.4 1.001740e+04 9.982915e+03 1.000171e+04 1.003619e+04
5.4 9.979524e+03 9.978322e+03 1.000277e+04 1.000397e+04
6.4 9.977268e+03 9.984037e+03 1.000337e+04 9.996599e+03
7.4 9.963715e+03 9.990990e+03 1.000364e+04 9.976363e+03
8.4 9.953788e+03 9.995170e+03 1.000370e+04 9.962321e+03
9.4 9.951160e+03 1.000296e+04 1.000366e+04 9.951861e+03
10.4 9.994797e+03 1.001471e+04 1.000359e+04 9.983682e+03
11.4 1.003074e+04 1.001442e+04 1.000353e+04 1.001985e+04
12.4 1.004262e+04 1.001140e+04 1.000349e+04 1.003472e+04
13.4 1.005914e+04 1.001628e+04 1.000347e+04 1.004634e+04
14.4 1.002453e+04 1.001138e+04 1.000346e+04 1.001661e+04
15.4 1.000693e+04 1.000579e+04 1.000346e+04 1.000460e+04
16.4 1.000170e+04 1.001827e+04 1.000346e+04 9.986889e+03
17.4 1.001349e+04 1.002879e+04 1.000346e+04 9.988158e+03
1.0 1.000960e+04 9.996012e+03 1.000336e+04 1.001695e+04
2.0 9.981633e+03 9.990474e+03 1.000182e+04 9.992976e+03
3.0 9.986729e+03 9.987511e+03 1.000010e+04 9.999319e+03
4.0 9.994669e+03 9.984247e+03 1.000073e+04 1.001115e+04
5.0 9.993896e+03 9.975589e+03 1.000214e+04 1.002045e+04
6.0 9.951669e+03 9.977376e+03 1.000263e+04 9.976919e+03
7.0 9.951644e+03 9.983320e+03 1.000149e+04 9.969817e+03
8.0 9.963185e+03 9.989024e+03 1.000146e+04 9.975619e+03
9.0 1.000297e+04 9.998330e+03 1.000241e+04 1.000705e+04
10.0 9.976544e+03 1.000464e+04 1.000319e+04 9.975094e+03
11.0 9.968124e+03 1.000217e+04 1.000356e+04 9.969512e+03
12.0 9.965837e+03 9.997683e+03 1.000365e+04 9.971803e+03
13.0 1.001934e+04 9.993198e+03 1.000240e+04 1.002854e+04
14.0 1.001864e+04 9.989605e+03 1.000055e+04 1.002958e+04
15.0 9.991917e+03 9.989073e+03 1.000086e+04 1.000370e+04
16.0 9.988174e+03 9.984559e+03 1.000210e+04 1.000572e+04
17.0 9.958334e+03 9.975484e+03 1.000302e+04 9.985872e+03
18.0 9.949027e+03 9.977831e+03 1.000350e+04 9.974698e+03
0.4 9.993896e+03 9.975589e+03 1.000214e+04 1.002045e+04
1.4 9.951669e+03 9.977376e+03 1.000263e+04 9.976919e+03
2.4 9.951644e+03 9.983320e+03 1.000149e+04 9.969817e+03
3.4 9.963185e+03 9.989024e+03 1.000146e+04 9.975619e+03
4.4 1.000297e+04 9.998330e+03 1.000241e+04 1.000705e+04
5.4 9.976544e+03 1.000464e+04 1.000319e+04 9.975094e+03
6.4 9.968124e+03 1.000217e+04 1.000356e+04 9.969512e+03
7.4 9.965837e+03 9.997683e+03 1.000365e+04 9.971803e+03
8.4 1.001934e+04 9.993198e+03 1.000240e+04 1.002854e+04
9.4 1.001864e+04 9.989605e+03 1.000055e+04 1.002958e+04
10.4 9.991917e+03 9.989073e+03 1.000086e+04 1.000370e+04
11.4 9.988174e+03 9.984559e+03 1.000210e+04 1.000572e+04
12.4 9.958334e+03 9.975484e+03 1.000302e+04 9.985872e+03
13.4 9.949027e+03 9.977831e+03 1.000350e+04 9.974698e+03
14.4 9.917801e+03 9.987074e+03 1.000368e+04 9.934407e+03
15.4 9.918023e+03 1.000327e+04 1.000369e+04 9.918440e+03
16.4 1.000032e+04 1.001202e+04 1.000362e+04 9.991911e+03
17.4 1.011499e+04 1.004719e+04 1.000353e+04 1.007133e+04
0.8 9.965837e+03 9.997683e+03 1.000365e+04 9.971803e+03
1.8 1.001934e+04 9.993198e+03 1.000240e+04 1.002854e+04
2.8 1.001864e+04 9.989605e+03 1.000055e+04 1.002958e+04
3.8 9.991917e+03 9.989073e+03 1.000086e+04 1.000370e+04
4.8 9.988174e+03 9.984559e+03 1.000210e+04 1.000572e+04
5.8 9.958334e+03 9.975484e+03 1.000302e+04 9.985872e+03
6.8 9.949027e+03 9.977831e+03 1.000350e+04 9.974698e+03
7.8 9.917801e+03 9.987074e+03 1.000368e+04 9.934407e+03
8.8 9.918023e+03 1.000327e+04 1.000369e+04 9.918440e+03
9.8 1.000032e+04 1.001202e+04 1.000362e+04 9.991911e+03
10.8 1.011499e+04 1.004719e+04 1.000353e+04 1.007133e+04
11.8 1.011541e+04 1.007214e+04 1.000346e+04 1.004673e+04
12.8 1.017350e+04 1.005178e+04 1.000342e+04 1.012514e+04
13.8 1.011449e+04 1.003002e+04 1.000339e+04 1.008786e+04
14.8 1.007605e+04 1.001261e+04 1.000337e+04 1.006682e+04
15.8 1.003393e+04 1.000861e+04 1.000336e+04 1.002868e+04
16.8 1.001973e+04 1.000319e+04 1.000336e+04 1.001989e+04
17.8 9.992802e+03 9.994457e+03 1.000335e+04 1.000169e+04
0.1 9.951341e+03 1.000363e+04 1.000323e+04 9.950944e+03
1.1 9.950233e+03 9.995883e+03 1.000307e+04 9.957424e+03
2.1 9.951221e+03 9.987227e+03 1.000128e+04 9.965269e+03
3.1 9.952449e+03 9.981661e+03 9.999170e+03 9.969958e+03
4.1 9.971918e+03 9.975606e+03 9.999692e+03 9.996003e+03
5.1 9.968524e+03 9.966782e+03 1.000141e+04 1.000315e+04
6.1 1.005406e+04 9.972608e+03 1.000265e+04 1.008410e+04
7.1 1.000296e+04 9.990620e+03 1.000331e+04 1.001565e+04
8.1 9.972349e+03 9.997397e+03 1.000354e+04 9.978497e+03
9.1 9.953886e+03 9.995454e+03 1.000356e+04 9.961991e+03
10.1 9.947153e+03 9.992017e+03 1.000347e+04 9.958602e+03
11.1 9.936328e+03 9.988214e+03 1.000336e+04 9.951471e+03
12.1 9.941872e+03 9.985540e+03 1.000327e+04 9.959599e+03
13.1 1.000396e+04 9.993964e+03 1.000321e+04 1.001321e+04
14.1 9.946044e+03 1.001373e+04 1.000318e+04 9.935488e+03
15.1 1.004537e+04 1.001515e+04 1.000316e+04 1.003338e+04
16.1 1.004574e+04 1.000140e+04 1.000315e+04 1.004748e+04
17.1 1.000847e+04 9.988824e+03 1.000314e+04 1.002278e+04
