0.2 1.044223e+04 1.048141e+04 1.049201e+04 1.045283e+04
1.2 1.042677e+04 1.050085e+04 1.049259e+04 1.041852e+04
2.2 1.040889e+04 1.051291e+04 1.049504e+04 1.039101e+04
3.2 1.047688e+04 1.051032e+04 1.049531e+04 1.046187e+04
4.2 1.041980e+04 1.047459e+04 1.049393e+04 1.043915e+04
5.2 1.041193e+04 1.045359e+04 1.049270e+04 1.045104e+04
6.2 1.036728e+04 1.046829e+04 1.049205e+04 1.039104e+04
7.2 1.034615e+04 1.048796e+04 1.049176e+04 1.034995e+04
8.2 1.034921e+04 1.048386e+04 1.049170e+04 1.035705e+04
9.2 1.042215e+04 1.045488e+04 1.049175e+04 1.045903e+04
10.2 1.047733e+04 1.045744e+04 1.049184e+04 1.051174e+04
11.2 1.043226e+04 1.048560e+04 1.049192e+04 1.043858e+04
12.2 1.041319e+04 1.050447e+04 1.049197e+04 1.040069e+04
13.2 1.061530e+04 1.050847e+04 1.049200e+04 1.059883e+04
14.2 1.043452e+04 1.050433e+04 1.049201e+04 1.042220e+04
15.2 1.048894e+04 1.047355e+04 1.049202e+04 1.050741e+04
16.2 1.047346e+04 1.045379e+04 1.049202e+04 1.051169e+04
17.2 1.050652e+04 1.046990e+04 1.049202e+04 1.052864e+04
0.5 1.031218e+04 1.047698e+04 1.049195e+04 1.032714e+04
1.5 1.042385e+04 1.048298e+04 1.049333e+04 1.043420e+04
2.5 1.046353e+04 1.049045e+04 1.049539e+04 1.046846e+04
3.5 1.046225e+04 1.049383e+04 1.049481e+04 1.046324e+04
4.5 1.049977e+04 1.049483e+04 1.049337e+04 1.049830e+04
5.5 1.059576e+04 1.049391e+04 1.049233e+04 1.059418e+04
6.5 1.058968e+04 1.049094e+04 1.049183e+04 1.059056e+04
7.5 1.052092e+04 1.049106e+04 1.049164e+04 1.052149e+04
8.5 1.046058e+04 1.049321e+04 1.049163e+04 1.045900e+04
9.5 1.055107e+04 1.049509e+04 1.049170e+04 1.054768e+04
10.5 1.058173e+04 1.049608e+04 1.049179e+04 1.057744e+04
11.5 1.053218e+04 1.049355e+04 1.049186e+04 1.053049e+04
12.5 1.042904e+04 1.048990e+04 1.049190e+04 1.043104e+04
13.5 1.051983e+04 1.049225e+04 1.049294e+04 1.052052e+04
14.5 1.047688e+04 1.049783e+04 1.049523e+04 1.047427e+04
15.5 1.050542e+04 1.049087e+04 1.049502e+04 1.050957e+04
16.5 1.043106e+04 1.046088e+04 1.049358e+04 1.046376e+04
17.5 1.043453e+04 1.045681e+04 1.049247e+04 1.047019e+04
0.4 1.042904e+04 1.048990e+04 1.049190e+04 1.043104e+04
1.4 1.051983e+04 1.049225e+04 1.049294e+04 1.052052e+04
2.4 1.047688e+04 1.049783e+04 1.049523e+04 1.047427e+04
3.4 1.050542e+04 1.049087e+04 1.049502e+04 1.050957e+04
4.4 1.043106e+04 1.046088e+04 1.049358e+04 1.046376e+04
5.4 1.043453e+04 1.045681e+04 1.049247e+04 1.047019e+04
6.4 1.046040e+04 1.047436e+04 1.049191e+04 1.047795e+04
7.4 1.048518e+04 1.047087e+04 1.049168e+04 1.050599e+04
8.4 1.039378e+04 1.042564e+04 1.049165e+04 1.045980e+04
9.4 1.035710e+04 1.043032e+04 1.049172e+04 1.041851e+04
10.4 1.043939e+04 1.046124e+04 1.049182e+04 1.046997e+04
11.4 1.046381e+04 1.048518e+04 1.049189e+04 1.047052e+04
12.4 1.042277e+04 1.049966e+04 1.049194e+04 1.041505e+04
13.4 1.048894e+04 1.050642e+04 1.049197e+04 1.047450e+04
14.4 1.058588e+04 1.050717e+04 1.049199e+04 1.057070e+04
15.4 1.048218e+04 1.050588e+04 1.049200e+04 1.046830e+04
16.4 1.049435e+04 1.050421e+04 1.049201e+04 1.048214e+04
17.4 1.045689e+04 1.049988e+04 1.049201e+04 1.044902e+04
0.7 1.042132e+04 1.046146e+04 1.049199e+04 1.045185e+04
1.7 1.050684e+04 1.046558e+04 1.049386e+04 1.053512e+04
2.7 1.051594e+04 1.046970e+04 1.049544e+04 1.054167e+04
3.7 1.056399e+04 1.047649e+04 1.049454e+04 1.058203e+04
4.7 1.056872e+04 1.049148e+04 1.049309e+04 1.057033e+04
5.7 1.052785e+04 1.050148e+04 1.049218e+04 1.051856e+04
6.7 1.048417e+04 1.056195e+04 1.049173e+04 1.041395e+04
7.7 1.050626e+04 1.057290e+04 1.049158e+04 1.042493e+04
8.7 1.058323e+04 1.053832e+04 1.049158e+04 1.053649e+04
9.7 1.053448e+04 1.050839e+04 1.049166e+04 1.051775e+04
10.7 1.052530e+04 1.050763e+04 1.049174e+04 1.050940e+04
11.7 1.055017e+04 1.055733e+04 1.049180e+04 1.048463e+04
12.7 1.051782e+04 1.054271e+04 1.049183e+04 1.046694e+04
13.7 1.049265e+04 1.049562e+04 1.049184e+04 1.048887e+04
14.7 1.053909e+04 1.046068e+04 1.049185e+04 1.057026e+04
