0.5 9.724067e+03 9.743033e+03 9.728757e+03 9.709792e+03
1.5 9.748205e+03 9.745608e+03 9.761760e+03 9.764357e+03
2.5 9.709499e+03 9.769549e+03 9.814442e+03 9.754392e+03
3.5 9.738478e+03 9.741872e+03 9.801247e+03 9.797852e+03
4.5 9.687971e+03 9.718601e+03 9.764893e+03 9.734263e+03
5.5 9.741550e+03 9.764456e+03 9.738622e+03 9.715716e+03
6.5 9.771005e+03 9.781104e+03 9.725653e+03 9.715554e+03
7.5 9.676522e+03 9.738756e+03 9.720521e+03 9.658286e+03
8.5 9.644655e+03 9.696777e+03 9.720114e+03 9.667992e+03
9.5 9.719300e+03 9.673846e+03 9.721808e+03 9.767263e+03
10.5 9.640931e+03 9.674591e+03 9.723930e+03 9.690270e+03
11.5 9.717010e+03 9.731137e+03 9.725511e+03 9.711384e+03
12.5 9.807020e+03 9.762070e+03 9.726469e+03 9.771419e+03
13.5 9.764303e+03 9.769308e+03 9.726912e+03 9.721908e+03
14.5 9.706495e+03 9.774961e+03 9.727071e+03 9.658605e+03
15.5 9.733568e+03 9.738908e+03 9.727089e+03 9.721749e+03
16.5 9.683136e+03 9.722310e+03 9.727042e+03 9.687867e+03
17.5 9.705629e+03 9.761255e+03 9.726970e+03 9.671344e+03
0.3 9.807762e+03 9.722788e+03 9.725475e+03 9.810448e+03
1.3 9.781167e+03 9.722435e+03 9.743875e+03 9.802607e+03
2.3 9.833695e+03 9.768255e+03 9.804529e+03 9.869969e+03
3.3 9.802118e+03 9.769440e+03 9.806306e+03 9.838984e+03
4.3 9.767079e+03 9.761978e+03 9.770073e+03 9.775174e+03
5.3 9.691517e+03 9.741346e+03 9.741199e+03 9.691370e+03
6.3 9.663628e+03 9.715119e+03 9.731184e+03 9.679693e+03
7.3 9.720537e+03 9.749535e+03 9.781932e+03 9.752934e+03
8.3 9.806294e+03 9.764007e+03 9.805228e+03 9.847515e+03
9.3 9.680244e+03 9.730956e+03 9.776039e+03 9.725327e+03
10.3 9.731785e+03 9.700844e+03 9.745186e+03 9.776127e+03
11.3 9.748617e+03 9.717163e+03 9.727592e+03 9.759046e+03
12.3 9.754310e+03 9.759209e+03 9.719736e+03 9.714837e+03
13.3 9.776691e+03 9.748966e+03 9.717892e+03 9.745617e+03
14.3 9.852109e+03 9.771351e+03 9.719194e+03 9.799953e+03
15.3 9.882311e+03 9.836995e+03 9.721557e+03 9.766873e+03
16.3 9.746317e+03 9.809048e+03 9.723738e+03 9.661007e+03
17.3 9.725892e+03 9.757197e+03 9.725307e+03 9.694002e+03
1.0 9.663628e+03 9.715119e+03 9.731184e+03 9.679693e+03
2.0 9.720537e+03 9.749535e+03 9.781932e+03 9.752934e+03
3.0 9.806294e+03 9.764007e+03 9.805228e+03 9.847515e+03
4.0 9.680244e+03 9.730956e+03 9.776039e+03 9.725327e+03
5.0 9.731785e+03 9.700844e+03 9.745186e+03 9.776127e+03
6.0 9.748617e+03 9.717163e+03 9.727592e+03 9.759046e+03
7.0 9.754310e+03 9.759209e+03 9.719736e+03 9.714837e+03
8.0 9.776691e+03 9.748966e+03 9.717892e+03 9.745617e+03
9.0 9.852109e+03 9.771351e+03 9.719194e+03 9.799953e+03
10.0 9.882311e+03 9.836995e+03 9.721557e+03 9.766873e+03
11.0 9.746317e+03 9.809048e+03 9.723738e+03 9.661007e+03
12.0 9.725892e+03 9.757197e+03 9.725307e+03 9.694002e+03
13.0 9.690977e+03 9.721626e+03 9.726239e+03 9.695589e+03
14.0 9.700284e+03 9.692841e+03 9.726780e+03 9.734223e+03
15.0 9.718737e+03 9.677157e+03 9.727099e+03 9.768679e+03
16.0 9.657191e+03 9.692878e+03 9.727323e+03 9.691637e+03
17.0 9.760177e+03 9.716658e+03 9.727509e+03 9.771028e+03
18.0 9.744822e+03 9.710240e+03 9.727682e+03 9.762264e+03
