0.2 1.200716e+04 1.204998e+04 1.217592e+04 1.213310e+04
1.2 1.204244e+04 1.206254e+04 1.216884e+04 1.214874e+04
2.2 1.193620e+04 1.208329e+04 1.213643e+04 1.198934e+04
3.2 1.205613e+04 1.211641e+04 1.213199e+04 1.207170e+04
4.2 1.227104e+04 1.214370e+04 1.215064e+04 1.227799e+04
5.2 1.203326e+04 1.208990e+04 1.216671e+04 1.211007e+04
6.2 1.193054e+04 1.203953e+04 1.217559e+04 1.206660e+04
7.2 1.202444e+04 1.207892e+04 1.217952e+04 1.212504e+04
8.2 1.194851e+04 1.213250e+04 1.217490e+04 1.199090e+04
9.2 1.198325e+04 1.213885e+04 1.214200e+04 1.198640e+04
10.2 1.214102e+04 1.214138e+04 1.213359e+04 1.213323e+04
11.2 1.213161e+04 1.209686e+04 1.215010e+04 1.218486e+04
12.2 1.203462e+04 1.206332e+04 1.216648e+04 1.213778e+04
13.2 1.194578e+04 1.206075e+04 1.217544e+04 1.206047e+04
14.2 1.206509e+04 1.204462e+04 1.217946e+04 1.219993e+04
15.2 1.200990e+04 1.209212e+04 1.218038e+04 1.209816e+04
16.2 1.212066e+04 1.215795e+04 1.217972e+04 1.214243e+04
17.2 1.219071e+04 1.221710e+04 1.217851e+04 1.215213e+04
0.1 1.202444e+04 1.207892e+04 1.217952e+04 1.212504e+04
1.1 1.194851e+04 1.213250e+04 1.217490e+04 1.199090e+04
2.1 1.198325e+04 1.213885e+04 1.214200e+04 1.198640e+04
3.1 1.214102e+04 1.214138e+04 1.213359e+04 1.213323e+04
4.1 1.213161e+04 1.209686e+04 1.215010e+04 1.218486e+04
5.1 1.203462e+04 1.206332e+04 1.216648e+04 1.213778e+04
6.1 1.194578e+04 1.206075e+04 1.217544e+04 1.206047e+04
7.1 1.206509e+04 1.204462e+04 1.217946e+04 1.219993e+04
8.1 1.200990e+04 1.209212e+04 1.218038e+04 1.209816e+04
9.1 1.212066e+04 1.215795e+04 1.217972e+04 1.214243e+04
10.1 1.219071e+04 1.221710e+04 1.217851e+04 1.215213e+04
11.1 1.222285e+04 1.224048e+04 1.217746e+04 1.215983e+04
12.1 1.217020e+04 1.223172e+04 1.217673e+04 1.211520e+04
13.1 1.225986e+04 1.221613e+04 1.217631e+04 1.222004e+04
14.1 1.216162e+04 1.220417e+04 1.217609e+04 1.213355e+04
15.1 1.212567e+04 1.219979e+04 1.217597e+04 1.210185e+04
16.1 1.204167e+04 1.221386e+04 1.217589e+04 1.200371e+04
17.1 1.236628e+04 1.222203e+04 1.217584e+04 1.232009e+04
0.2 1.218938e+04 1.208175e+04 1.217468e+04 1.228232e+04
1.2 1.217465e+04 1.208491e+04 1.216747e+04 1.225721e+04
2.2 1.212079e+04 1.210487e+04 1.213557e+04 1.215149e+04
3.2 1.224197e+04 1.214039e+04 1.213040e+04 1.223198e+04
4.2 1.234687e+04 1.216880e+04 1.214847e+04 1.232654e+04
5.2 1.235367e+04 1.212607e+04 1.216493e+04 1.239253e+04
6.2 1.223765e+04 1.210801e+04 1.217372e+04 1.230336e+04
7.2 1.233726e+04 1.214519e+04 1.217752e+04 1.236959e+04
8.2 1.239467e+04 1.218372e+04 1.217835e+04 1.238929e+04
9.2 1.243243e+04 1.217129e+04 1.217761e+04 1.243875e+04
10.2 1.205234e+04 1.210871e+04 1.217637e+04 1.212000e+04
11.2 1.240411e+04 1.211382e+04 1.217531e+04 1.246559e+04
12.2 1.223747e+04 1.213317e+04 1.217458e+04 1.227889e+04
13.2 1.210059e+04 1.208848e+04 1.217415e+04 1.218626e+04
14.2 1.214821e+04 1.208787e+04 1.217391e+04 1.223425e+04
15.2 1.205621e+04 1.207170e+04 1.217377e+04 1.215829e+04
16.2 1.216464e+04 1.209076e+04 1.217368e+04 1.224756e+04
17.2 1.214671e+04 1.213889e+04 1.217361e+04 1.218143e+04
