0.4 1.018786e+04 1.017927e+04 1.017771e+04 1.018630e+04
1.4 1.012823e+04 1.015843e+04 1.017557e+04 1.014538e+04
2.4 1.013173e+04 1.012305e+04 1.016601e+04 1.017470e+04
3.4 1.010503e+04 1.010358e+04 1.016103e+04 1.016249e+04
4.4 1.012042e+04 1.010355e+04 1.016614e+04 1.018302e+04
5.4 1.015453e+04 1.011169e+04 1.017266e+04 1.021550e+04
6.4 1.030130e+04 1.015361e+04 1.017676e+04 1.032445e+04
7.4 1.023653e+04 1.019663e+04 1.017873e+04 1.021864e+04
8.4 1.011067e+04 1.018331e+04 1.017934e+04 1.010670e+04
9.4 1.004393e+04 1.015319e+04 1.017922e+04 1.006996e+04
10.4 1.011607e+04 1.013320e+04 1.017882e+04 1.016169e+04
11.4 1.005898e+04 1.012322e+04 1.017843e+04 1.011419e+04
12.4 1.003549e+04 1.012982e+04 1.017815e+04 1.008382e+04
13.4 1.017024e+04 1.018228e+04 1.017799e+04 1.016595e+04
14.4 1.014751e+04 1.020207e+04 1.017791e+04 1.012335e+04
15.4 1.009473e+04 1.017493e+04 1.017788e+04 1.009768e+04
16.4 1.016631e+04 1.014606e+04 1.017787e+04 1.019811e+04
17.4 1.012633e+04 1.013052e+04 1.017787e+04 1.017367e+04
18.4 1.025350e+04 1.016247e+04 1.017787e+04 1.026889e+04
1.0 1.018216e+04 1.017547e+04 1.017729e+04 1.018398e+04
2.0 1.015044e+04 1.013821e+04 1.017081e+04 1.018304e+04
3.0 1.011172e+04 1.010937e+04 1.016179e+04 1.016413e+04
4.0 1.008481e+04 1.010317e+04 1.016315e+04 1.014479e+04
5.0 1.006909e+04 1.010960e+04 1.016989e+04 1.012939e+04
6.0 1.012569e+04 1.012860e+04 1.017525e+04 1.017233e+04
7.0 1.022600e+04 1.017737e+04 1.017797e+04 1.022660e+04
8.0 1.015575e+04 1.018941e+04 1.017905e+04 1.014540e+04
9.0 1.017167e+04 1.017845e+04 1.017917e+04 1.017239e+04
10.0 1.019842e+04 1.016879e+04 1.017883e+04 1.020846e+04
11.0 1.017392e+04 1.017750e+04 1.017838e+04 1.017479e+04
12.0 1.019597e+04 1.021437e+04 1.017802e+04 1.015962e+04
13.0 1.020984e+04 1.020201e+04 1.017779e+04 1.018562e+04
14.0 1.011347e+04 1.016465e+04 1.017765e+04 1.012647e+04
15.0 1.007891e+04 1.014114e+04 1.017758e+04 1.011535e+04
16.0 1.018214e+04 1.017521e+04 1.017754e+04 1.018447e+04
17.0 1.020756e+04 1.023009e+04 1.017751e+04 1.015498e+04
18.0 1.023035e+04 1.021556e+04 1.017749e+04 1.019227e+04
19.0 1.019421e+04 1.017343e+04 1.017746e+04 1.019825e+04
