0.8 1.076191e+04 1.080460e+04 1.089727e+04 1.085459e+04
1.8 1.053246e+04 1.078292e+04 1.084623e+04 1.059577e+04
2.8 1.052424e+04 1.072916e+04 1.077185e+04 1.056693e+04
3.8 1.055204e+04 1.076577e+04 1.078728e+04 1.057355e+04
4.8 1.086872e+04 1.086938e+04 1.084297e+04 1.084231e+04
5.8 1.089173e+04 1.091693e+04 1.088300e+04 1.085780e+04
6.8 1.107179e+04 1.090094e+04 1.089144e+04 1.106228e+04
7.8 1.084981e+04 1.079985e+04 1.081189e+04 1.086185e+04
8.8 1.072420e+04 1.072033e+04 1.074438e+04 1.074825e+04
9.8 1.063440e+04 1.075415e+04 1.078344e+04 1.066369e+04
10.8 1.071000e+04 1.082494e+04 1.084807e+04 1.073313e+04
11.8 1.088489e+04 1.091121e+04 1.089135e+04 1.086503e+04
12.8 1.080873e+04 1.093394e+04 1.090276e+04 1.077755e+04
13.8 1.092187e+04 1.084334e+04 1.083315e+04 1.091168e+04
14.8 1.074396e+04 1.076578e+04 1.077648e+04 1.075465e+04
15.8 1.092032e+04 1.077846e+04 1.081071e+04 1.095257e+04
16.8 1.090937e+04 1.081022e+04 1.086381e+04 1.096296e+04
17.8 1.081955e+04 1.084621e+04 1.089643e+04 1.086977e+04
0.2 1.089173e+04 1.091693e+04 1.088300e+04 1.085780e+04
1.2 1.107179e+04 1.090094e+04 1.089144e+04 1.106228e+04
2.2 1.084981e+04 1.079985e+04 1.081189e+04 1.086185e+04
3.2 1.072420e+04 1.072033e+04 1.074438e+04 1.074825e+04
4.2 1.063440e+04 1.075415e+04 1.078344e+04 1.066369e+04
5.2 1.071000e+04 1.082494e+04 1.084807e+04 1.073313e+04
6.2 1.088489e+04 1.091121e+04 1.089135e+04 1.086503e+04
7.2 1.080873e+04 1.093394e+04 1.090276e+04 1.077755e+04
8.2 1.092187e+04 1.084334e+04 1.083315e+04 1.091168e+04
9.2 1.074396e+04 1.076578e+04 1.077648e+04 1.075465e+04
10.2 1.092032e+04 1.077846e+04 1.081071e+04 1.095257e+04
11.2 1.090937e+04 1.081022e+04 1.086381e+04 1.096296e+04
12.2 1.081955e+04 1.084621e+04 1.089643e+04 1.086977e+04
13.2 1.077869e+04 1.088434e+04 1.091190e+04 1.080624e+04
14.2 1.085529e+04 1.094010e+04 1.091693e+04 1.083212e+04
15.2 1.102965e+04 1.096014e+04 1.091596e+04 1.098546e+04
16.2 1.096925e+04 1.093675e+04 1.091257e+04 1.094507e+04
17.2 1.093536e+04 1.090942e+04 1.090925e+04 1.093519e+04
0.1 1.088489e+04 1.091121e+04 1.089135e+04 1.086503e+04
1.1 1.080873e+04 1.093394e+04 1.090276e+04 1.077755e+04
2.1 1.092187e+04 1.084334e+04 1.083315e+04 1.091168e+04
3.1 1.074396e+04 1.076578e+04 1.077648e+04 1.075465e+04
4.1 1.092032e+04 1.077846e+04 1.081071e+04 1.095257e+04
5.1 1.090937e+04 1.081022e+04 1.086381e+04 1.096296e+04
6.1 1.081955e+04 1.084621e+04 1.089643e+04 1.086977e+04
7.1 1.077869e+04 1.088434e+04 1.091190e+04 1.080624e+04
8.1 1.085529e+04 1.094010e+04 1.091693e+04 1.083212e+04
9.1 1.102965e+04 1.096014e+04 1.091596e+04 1.098546e+04
10.1 1.096925e+04 1.093675e+04 1.091257e+04 1.094507e+04
11.1 1.093536e+04 1.090942e+04 1.090925e+04 1.093519e+04
12.1 1.105496e+04 1.089220e+04 1.090690e+04 1.106966e+04
13.1 1.098648e+04 1.088924e+04 1.090554e+04 1.100277e+04
14.1 1.097480e+04 1.091934e+04 1.090493e+04 1.096039e+04
15.1 1.101967e+04 1.093637e+04 1.090471e+04 1.098801e+04
16.1 1.085090e+04 1.096147e+04 1.090469e+04 1.079412e+04
17.1 1.092888e+04 1.098864e+04 1.090475e+04 1.084500e+04
0.8 1.079497e+04 1.088595e+04 1.090487e+04 1.081388e+04
1.8 1.080316e+04 1.084622e+04 1.085512e+04 1.081206e+04
2.8 1.086500e+04 1.076493e+04 1.076963e+04 1.086969e+04
3.8 1.074330e+04 1.078602e+04 1.078085e+04 1.073813e+04
4.8 1.071568e+04 1.088482e+04 1.083933e+04 1.067019e+04
5.8 1.099687e+04 1.093623e+04 1.088538e+04 1.094602e+04
6.8 1.110649e+04 1.092365e+04 1.089717e+04 1.108000e+04
7.8 1.093079e+04 1.083524e+04 1.083060e+04 1.092615e+04
8.8 1.078865e+04 1.079344e+04 1.080035e+04 1.079557e+04
9.8 1.101426e+04 1.082605e+04 1.083789e+04 1.102610e+04
10.8 1.092995e+04 1.086746e+04 1.088029e+04 1.094278e+04
11.8 1.099204e+04 1.085534e+04 1.086708e+04 1.100378e+04
12.8 1.087652e+04 1.078798e+04 1.079799e+04 1.088653e+04
13.8 1.093346e+04 1.079642e+04 1.080497e+04 1.094202e+04
14.8 1.095088e+04 1.084099e+04 1.085431e+04 1.096419e+04
15.8 1.086126e+04 1.086087e+04 1.089259e+04 1.089297e+04
16.8 1.096786e+04 1.086289e+04 1.089482e+04 1.099979e+04
17.8 1.074707e+04 1.080388e+04 1.082425e+04 1.076744e+04
0.2 1.099687e+04 1.093623e+04 1.088538e+04 1.094602e+04
1.2 1.110649e+04 1.092365e+04 1.089717e+04 1.108000e+04
2.2 1.093079e+04 1.083524e+04 1.083060e+04 1.092615e+04
3.2 1.078865e+04 1.079344e+04 1.080035e+04 1.079557e+04
4.2 1.101426e+04 1.082605e+04 1.083789e+04 1.102610e+04
5.2 1.092995e+04 1.086746e+04 1.088029e+04 1.094278e+04
6.2 1.099204e+04 1.085534e+04 1.086708e+04 1.100378e+04
7.2 1.087652e+04 1.078798e+04 1.079799e+04 1.088653e+04
8.2 1.093346e+04 1.079642e+04 1.080497e+04 1.094202e+04
9.2 1.095088e+04 1.084099e+04 1.085431e+04 1.096419e+04
10.2 1.086126e+04 1.086087e+04 1.089259e+04 1.089297e+04
11.2 1.096786e+04 1.086289e+04 1.089482e+04 1.099979e+04
12.2 1.074707e+04 1.080388e+04 1.082425e+04 1.076744e+04
13.2 1.063553e+04 1.079278e+04 1.080397e+04 1.064671e+04
14.2 1.061207e+04 1.083583e+04 1.084378e+04 1.062002e+04
15.2 1.063885e+04 1.085999e+04 1.088379e+04 1.066264e+04
16.2 1.090670e+04 1.087416e+04 1.090522e+04 1.093775e+04
17.2 1.087540e+04 1.089247e+04 1.091436e+04 1.089729e+04
0.6 1.092995e+04 1.086746e+04 1.088029e+04 1.094278e+04
1.6 1.099204e+04 1.085534e+04 1.086708e+04 1.100378e+04
2.6 1.087652e+04 1.078798e+04 1.079799e+04 1.088653e+04
3.6 1.093346e+04 1.079642e+04 1.080497e+04 1.094202e+04
4.6 1.095088e+04 1.084099e+04 1.085431e+04 1.096419e+04
5.6 1.086126e+04 1.086087e+04 1.089259e+04 1.089297e+04
6.6 1.096786e+04 1.086289e+04 1.089482e+04 1.099979e+04
7.6 1.074707e+04 1.080388e+04 1.082425e+04 1.076744e+04
8.6 1.063553e+04 1.079278e+04 1.080397e+04 1.064671e+04
9.6 1.061207e+04 1.083583e+04 1.084378e+04 1.062002e+04
10.6 1.063885e+04 1.085999e+04 1.088379e+04 1.066264e+04
11.6 1.090670e+04 1.087416e+04 1.090522e+04 1.093775e+04
12.6 1.087540e+04 1.089247e+04 1.091436e+04 1.089729e+04
13.6 1.098631e+04 1.090447e+04 1.091597e+04 1.099780e+04
14.6 1.080736e+04 1.092299e+04 1.091381e+04 1.079818e+04
15.6 1.090422e+04 1.094422e+04 1.091038e+04 1.087038e+04
16.6 1.097624e+04 1.093750e+04 1.090740e+04 1.094614e+04
17.6 1.094757e+04 1.094471e+04 1.090527e+04 1.090813e+04
0.3 1.086126e+04 1.086087e+04 1.089259e+04 1.089297e+04
1.3 1.096786e+04 1.086289e+04 1.089482e+04 1.099979e+04
2.3 1.074707e+04 1.080388e+04 1.082425e+04 1.076744e+04
3.3 1.063553e+04 1.079278e+04 1.080397e+04 1.064671e+04
4.3 1.061207e+04 1.083583e+04 1.084378e+04 1.062002e+04
5.3 1.063885e+04 1.085999e+04 1.088379e+04 1.066264e+04
6.3 1.090670e+04 1.087416e+04 1.090522e+04 1.093775e+04
7.3 1.087540e+04 1.089247e+04 1.091436e+04 1.089729e+04
8.3 1.098631e+04 1.090447e+04 1.091597e+04 1.099780e+04
9.3 1.080736e+04 1.092299e+04 1.091381e+04 1.079818e+04
10.3 1.090422e+04 1.094422e+04 1.091038e+04 1.087038e+04
11.3 1.097624e+04 1.093750e+04 1.090740e+04 1.094614e+04
12.3 1.094757e+04 1.094471e+04 1.090527e+04 1.090813e+04
13.3 1.112601e+04 1.097203e+04 1.090395e+04 1.105793e+04
14.3 1.083173e+04 1.094221e+04 1.090313e+04 1.079265e+04
15.3 1.064414e+04 1.085261e+04 1.090256e+04 1.069408e+04
16.3 1.080347e+04 1.080163e+04 1.090210e+04 1.090394e+04
17.3 1.075326e+04 1.082120e+04 1.090167e+04 1.083373e+04
0.9 1.101628e+04 1.085354e+04 1.089882e+04 1.106157e+04
1.9 1.088567e+04 1.082509e+04 1.084605e+04 1.090664e+04
2.9 1.082326e+04 1.078174e+04 1.078942e+04 1.083094e+04
3.9 1.095054e+04 1.081017e+04 1.081266e+04 1.095303e+04
4.9 1.074275e+04 1.085644e+04 1.085853e+04 1.074484e+04
5.9 1.075018e+04 1.088432e+04 1.088825e+04 1.075411e+04
6.9 1.086930e+04 1.089658e+04 1.090276e+04 1.087548e+04
7.9 1.097870e+04 1.088477e+04 1.089281e+04 1.098674e+04
8.9 1.072124e+04 1.080647e+04 1.081576e+04 1.073053e+04
9.9 1.092086e+04 1.077650e+04 1.078662e+04 1.093097e+04
10.9 1.084983e+04 1.081554e+04 1.082622e+04 1.086051e+04
11.9 1.104506e+04 1.085719e+04 1.086833e+04 1.105621e+04
12.9 1.092647e+04 1.088242e+04 1.089317e+04 1.093721e+04
13.9 1.101277e+04 1.091395e+04 1.090376e+04 1.100259e+04
14.9 1.109704e+04 1.094573e+04 1.090630e+04 1.105761e+04
15.9 1.109967e+04 1.093580e+04 1.090441e+04 1.106828e+04
16.9 1.081408e+04 1.091031e+04 1.090104e+04 1.080481e+04
17.9 1.084894e+04 1.089074e+04 1.089787e+04 1.085607e+04
0.3 1.086930e+04 1.089658e+04 1.090276e+04 1.087548e+04
1.3 1.097870e+04 1.088477e+04 1.089281e+04 1.098674e+04
2.3 1.072124e+04 1.080647e+04 1.081576e+04 1.073053e+04
3.3 1.092086e+04 1.077650e+04 1.078662e+04 1.093097e+04
4.3 1.084983e+04 1.081554e+04 1.082622e+04 1.086051e+04
5.3 1.104506e+04 1.085719e+04 1.086833e+04 1.105621e+04
6.3 1.092647e+04 1.088242e+04 1.089317e+04 1.093721e+04
7.3 1.101277e+04 1.091395e+04 1.090376e+04 1.100259e+04
8.3 1.109704e+04 1.094573e+04 1.090630e+04 1.105761e+04
9.3 1.109967e+04 1.093580e+04 1.090441e+04 1.106828e+04
10.3 1.081408e+04 1.091031e+04 1.090104e+04 1.080481e+04
11.3 1.084894e+04 1.089074e+04 1.089787e+04 1.085607e+04
12.3 1.093673e+04 1.088020e+04 1.089566e+04 1.095219e+04
13.3 1.093591e+04 1.087529e+04 1.089426e+04 1.095487e+04
14.3 1.092735e+04 1.087612e+04 1.089341e+04 1.094465e+04
15.3 1.095038e+04 1.089568e+04 1.089287e+04 1.094757e+04
16.3 1.093489e+04 1.090969e+04 1.089246e+04 1.091765e+04
17.3 1.110397e+04 1.092630e+04 1.089213e+04 1.106979e+04
0.1 1.110123e+04 1.087991e+04 1.089081e+04 1.111212e+04
1.1 1.100575e+04 1.085463e+04 1.088206e+04 1.103318e+04
2.1 1.076025e+04 1.077685e+04 1.081019e+04 1.079360e+04
3.1 1.082551e+04 1.073388e+04 1.076762e+04 1.085925e+04
4.1 1.092943e+04 1.077384e+04 1.080556e+04 1.096115e+04
5.1 1.079644e+04 1.082447e+04 1.085371e+04 1.082568e+04
6.1 1.079333e+04 1.085693e+04 1.088407e+04 1.082047e+04
7.1 1.094073e+04 1.087220e+04 1.089798e+04 1.096651e+04
8.1 1.084835e+04 1.087566e+04 1.090066e+04 1.087335e+04
9.1 1.078665e+04 1.082383e+04 1.084842e+04 1.081124e+04
10.1 1.086886e+04 1.076131e+04 1.078570e+04 1.089325e+04
11.1 1.084498e+04 1.078001e+04 1.080430e+04 1.086927e+04
12.1 1.081756e+04 1.082475e+04 1.084896e+04 1.084177e+04
13.1 1.087468e+04 1.085577e+04 1.087993e+04 1.089884e+04
14.1 1.069250e+04 1.087163e+04 1.089575e+04 1.071662e+04
15.1 1.078561e+04 1.087957e+04 1.090137e+04 1.080742e+04
16.1 1.083765e+04 1.089964e+04 1.090136e+04 1.083937e+04
17.1 1.081109e+04 1.090983e+04 1.089882e+04 1.080008e+04
0.8 1.084835e+04 1.087566e+04 1.090066e+04 1.087335e+04
1.8 1.078665e+04 1.082383e+04 1.084842e+04 1.081124e+04
2.8 1.086886e+04 1.076131e+04 1.078570e+04 1.089325e+04
3.8 1.084498e+04 1.078001e+04 1.080430e+04 1.086927e+04
4.8 1.081756e+04 1.082475e+04 1.084896e+04 1.084177e+04
5.8 1.087468e+04 1.085577e+04 1.087993e+04 1.089884e+04
6.8 1.069250e+04 1.087163e+04 1.089575e+04 1.071662e+04
7.8 1.078561e+04 1.087957e+04 1.090137e+04 1.080742e+04
8.8 1.083765e+04 1.089964e+04 1.090136e+04 1.083937e+04
9.8 1.081109e+04 1.090983e+04 1.089882e+04 1.080008e+04
10.8 1.094475e+04 1.090001e+04 1.089592e+04 1.094066e+04
11.8 1.103189e+04 1.095304e+04 1.089363e+04 1.097249e+04
12.8 1.098111e+04 1.099411e+04 1.089224e+04 1.087924e+04
13.8 1.107258e+04 1.095424e+04 1.089144e+04 1.100978e+04
14.8 1.100346e+04 1.092045e+04 1.089100e+04 1.097402e+04
15.8 1.107533e+04 1.092238e+04 1.089073e+04 1.104368e+04
16.8 1.099790e+04 1.090597e+04 1.089052e+04 1.098245e+04
17.8 1.107312e+04 1.088037e+04 1.089033e+04 1.108307e+04
0.6 1.081490e+04 1.091722e+04 1.088819e+04 1.078587e+04
1.6 1.089265e+04 1.085248e+04 1.085259e+04 1.089276e+04
2.6 1.071202e+04 1.077306e+04 1.079221e+04 1.073117e+04
3.6 1.062591e+04 1.077595e+04 1.080356e+04 1.065352e+04
4.6 1.075324e+04 1.081470e+04 1.084490e+04 1.078344e+04
5.6 1.088457e+04 1.084449e+04 1.087405e+04 1.091413e+04
6.6 1.086688e+04 1.086120e+04 1.088888e+04 1.089455e+04
7.6 1.084624e+04 1.086887e+04 1.089457e+04 1.087195e+04
8.6 1.063613e+04 1.087729e+04 1.089474e+04 1.065358e+04
9.6 1.080105e+04 1.090125e+04 1.089234e+04 1.079214e+04
10.6 1.092885e+04 1.090621e+04 1.088950e+04 1.091215e+04
11.6 1.099839e+04 1.088961e+04 1.088717e+04 1.099595e+04
12.6 1.092707e+04 1.087262e+04 1.088554e+04 1.093999e+04
13.6 1.075145e+04 1.086285e+04 1.088448e+04 1.077309e+04
14.6 1.085817e+04 1.085813e+04 1.088375e+04 1.088379e+04
15.6 1.096793e+04 1.085654e+04 1.088318e+04 1.099458e+04
16.6 1.094198e+04 1.085799e+04 1.088268e+04 1.096667e+04
17.6 1.080575e+04 1.087776e+04 1.088219e+04 1.081017e+04
