0.5 1.091263e+04 1.089393e+04 1.098407e+04 1.100277e+04
1.5 1.088531e+04 1.089348e+04 1.094901e+04 1.094084e+04
2.5 1.090761e+04 1.088450e+04 1.089303e+04 1.091614e+04
3.5 1.082432e+04 1.092643e+04 1.090705e+04 1.080495e+04
4.5 1.084400e+04 1.097364e+04 1.094568e+04 1.081603e+04
5.5 1.088907e+04 1.098887e+04 1.097359e+04 1.087378e+04
6.5 1.098719e+04 1.099524e+04 1.098737e+04 1.097932e+04
7.5 1.106207e+04 1.100676e+04 1.099282e+04 1.104813e+04
8.5 1.100844e+04 1.101436e+04 1.099325e+04 1.098732e+04
9.5 1.103850e+04 1.101663e+04 1.099145e+04 1.101332e+04
10.5 1.102743e+04 1.101389e+04 1.098920e+04 1.100274e+04
11.5 1.096930e+04 1.099947e+04 1.098752e+04 1.095735e+04
12.5 1.101771e+04 1.099236e+04 1.098650e+04 1.101185e+04
13.5 1.098226e+04 1.102417e+04 1.098603e+04 1.094412e+04
14.5 1.105215e+04 1.106077e+04 1.098586e+04 1.097723e+04
15.5 1.115275e+04 1.105356e+04 1.098584e+04 1.108503e+04
16.5 1.105017e+04 1.102804e+04 1.098589e+04 1.100802e+04
17.5 1.098267e+04 1.099939e+04 1.098597e+04 1.096925e+04
0.3 1.101651e+04 1.092927e+04 1.098756e+04 1.107479e+04
1.3 1.093319e+04 1.095014e+04 1.096801e+04 1.095106e+04
2.3 1.096297e+04 1.091713e+04 1.090357e+04 1.094941e+04
3.3 1.087664e+04 1.091687e+04 1.090168e+04 1.086145e+04
4.3 1.092061e+04 1.089660e+04 1.094017e+04 1.096418e+04
5.3 1.087713e+04 1.091032e+04 1.097085e+04 1.093766e+04
6.3 1.092258e+04 1.095392e+04 1.098149e+04 1.095015e+04
7.3 1.085434e+04 1.093312e+04 1.092757e+04 1.084879e+04
8.3 1.104013e+04 1.092606e+04 1.090282e+04 1.101689e+04
9.3 1.109976e+04 1.096454e+04 1.093383e+04 1.106905e+04
10.3 1.102840e+04 1.099794e+04 1.096661e+04 1.099708e+04
11.3 1.092231e+04 1.100184e+04 1.098531e+04 1.090577e+04
12.3 1.089338e+04 1.098833e+04 1.099365e+04 1.089870e+04
13.3 1.104992e+04 1.099173e+04 1.099561e+04 1.105380e+04
14.3 1.115186e+04 1.104529e+04 1.099423e+04 1.110079e+04
15.3 1.119839e+04 1.111924e+04 1.099172e+04 1.107087e+04
16.3 1.108196e+04 1.110069e+04 1.098940e+04 1.097068e+04
17.3 1.096186e+04 1.102812e+04 1.098773e+04 1.092147e+04
1.0 1.092258e+04 1.095392e+04 1.098149e+04 1.095015e+04
2.0 1.085434e+04 1.093312e+04 1.092757e+04 1.084879e+04
3.0 1.104013e+04 1.092606e+04 1.090282e+04 1.101689e+04
4.0 1.109976e+04 1.096454e+04 1.093383e+04 1.106905e+04
5.0 1.102840e+04 1.099794e+04 1.096661e+04 1.099708e+04
6.0 1.092231e+04 1.100184e+04 1.098531e+04 1.090577e+04
7.0 1.089338e+04 1.098833e+04 1.099365e+04 1.089870e+04
8.0 1.104992e+04 1.099173e+04 1.099561e+04 1.105380e+04
9.0 1.115186e+04 1.104529e+04 1.099423e+04 1.110079e+04
10.0 1.119839e+04 1.111924e+04 1.099172e+04 1.107087e+04
11.0 1.108196e+04 1.110069e+04 1.098940e+04 1.097068e+04
12.0 1.096186e+04 1.102812e+04 1.098773e+04 1.092147e+04
13.0 1.095907e+04 1.098086e+04 1.098674e+04 1.096496e+04
14.0 1.094039e+04 1.097493e+04 1.098617e+04 1.095163e+04
15.0 1.101948e+04 1.098149e+04 1.098583e+04 1.102382e+04
16.0 1.089966e+04 1.094660e+04 1.098559e+04 1.093864e+04
17.0 1.092409e+04 1.090624e+04 1.098539e+04 1.100325e+04
18.0 1.101062e+04 1.092934e+04 1.098521e+04 1.106649e+04
