0.2 9.627328e+03 9.556183e+03 9.522575e+03 9.593720e+03
1.2 9.633282e+03 9.541224e+03 9.540328e+03 9.632385e+03
2.2 9.689423e+03 9.578031e+03 9.621487e+03 9.732879e+03
3.2 9.683594e+03 9.564380e+03 9.632616e+03 9.751830e+03
4.2 9.504806e+03 9.518004e+03 9.585886e+03 9.572688e+03
5.2 9.575218e+03 9.539045e+03 9.545644e+03 9.581817e+03
6.2 9.559627e+03 9.567962e+03 9.523420e+03 9.515085e+03
7.2 9.486277e+03 9.533070e+03 9.513560e+03 9.466767e+03
8.2 9.449509e+03 9.500559e+03 9.525144e+03 9.474095e+03
9.2 9.536293e+03 9.553220e+03 9.607542e+03 9.590616e+03
10.2 9.488487e+03 9.566558e+03 9.628609e+03 9.550538e+03
11.2 9.535792e+03 9.574039e+03 9.587242e+03 9.548995e+03
12.2 9.524965e+03 9.573026e+03 9.546227e+03 9.498165e+03
13.2 9.516534e+03 9.556844e+03 9.523793e+03 9.483483e+03
14.2 9.511660e+03 9.557700e+03 9.513714e+03 9.467673e+03
15.2 9.578657e+03 9.520830e+03 9.511416e+03 9.569244e+03
16.2 9.485182e+03 9.498758e+03 9.513070e+03 9.499493e+03
17.2 9.500749e+03 9.555285e+03 9.516094e+03 9.461557e+03
0.1 9.486277e+03 9.533070e+03 9.513560e+03 9.466767e+03
1.1 9.449509e+03 9.500559e+03 9.525144e+03 9.474095e+03
2.1 9.536293e+03 9.553220e+03 9.607542e+03 9.590616e+03
3.1 9.488487e+03 9.566558e+03 9.628609e+03 9.550538e+03
4.1 9.535792e+03 9.574039e+03 9.587242e+03 9.548995e+03
5.1 9.524965e+03 9.573026e+03 9.546227e+03 9.498165e+03
6.1 9.516534e+03 9.556844e+03 9.523793e+03 9.483483e+03
7.1 9.511660e+03 9.557700e+03 9.513714e+03 9.467673e+03
8.1 9.578657e+03 9.520830e+03 9.511416e+03 9.569244e+03
9.1 9.485182e+03 9.498758e+03 9.513070e+03 9.499493e+03
10.1 9.500749e+03 9.555285e+03 9.516094e+03 9.461557e+03
11.1 9.585574e+03 9.577299e+03 9.518734e+03 9.527009e+03
12.1 9.409345e+03 9.531432e+03 9.520565e+03 9.398478e+03
13.1 9.422515e+03 9.484827e+03 9.521598e+03 9.459285e+03
14.1 9.471880e+03 9.458999e+03 9.522154e+03 9.535035e+03
15.1 9.456368e+03 9.459571e+03 9.522462e+03 9.519258e+03
16.1 9.487145e+03 9.523121e+03 9.522650e+03 9.486674e+03
17.1 9.588928e+03 9.557489e+03 9.522795e+03 9.554233e+03
0.2 9.506672e+03 9.544859e+03 9.525678e+03 9.487491e+03
1.2 9.551110e+03 9.557324e+03 9.543739e+03 9.537525e+03
2.2 9.511913e+03 9.601942e+03 9.623640e+03 9.533611e+03
3.2 9.577150e+03 9.588362e+03 9.636587e+03 9.625375e+03
4.2 9.515721e+03 9.538911e+03 9.591326e+03 9.568136e+03
5.2 9.520495e+03 9.546825e+03 9.550105e+03 9.523775e+03
6.2 9.507761e+03 9.547390e+03 9.528103e+03 9.488474e+03
7.2 9.483499e+03 9.512398e+03 9.518581e+03 9.489682e+03
8.2 9.483521e+03 9.481139e+03 9.516495e+03 9.518877e+03
9.2 9.580243e+03 9.492608e+03 9.518359e+03 9.605994e+03
10.2 9.547095e+03 9.544350e+03 9.521465e+03 9.524211e+03
11.2 9.551073e+03 9.542387e+03 9.524122e+03 9.532808e+03
12.2 9.524844e+03 9.526623e+03 9.525929e+03 9.524150e+03
13.2 9.557643e+03 9.556269e+03 9.527015e+03 9.528389e+03
14.2 9.534475e+03 9.557078e+03 9.527607e+03 9.505004e+03
15.2 9.566388e+03 9.573997e+03 9.527957e+03 9.520347e+03
16.2 9.491364e+03 9.562274e+03 9.528189e+03 9.457279e+03
17.2 9.466309e+03 9.525580e+03 9.528375e+03 9.469103e+03
