1.0 4.590326e+03 4.476733e+03 4.505337e+03 4.618929e+03
2.0 4.419869e+03 4.453774e+03 4.489446e+03 4.455541e+03
3.0 4.401471e+03 4.464464e+03 4.476841e+03 4.413848e+03
4.0 4.269756e+03 4.449341e+03 4.484754e+03 4.305170e+03
5.0 4.302171e+03 4.515924e+03 4.496701e+03 4.282947e+03
6.0 4.577851e+03 4.429108e+03 4.504417e+03 4.653160e+03
7.0 4.415104e+03 4.511958e+03 4.508261e+03 4.411407e+03
8.0 4.360521e+03 4.522925e+03 4.509571e+03 4.347166e+03
9.0 4.268438e+03 4.524734e+03 4.505299e+03 4.249003e+03
10.0 4.709537e+03 4.595479e+03 4.485800e+03 4.599857e+03
11.0 4.437261e+03 4.509677e+03 4.480148e+03 4.407732e+03
12.0 4.616909e+03 4.496386e+03 4.490534e+03 4.611056e+03
13.0 4.719362e+03 4.525096e+03 4.500689e+03 4.694955e+03
14.0 4.810616e+03 4.547280e+03 4.506622e+03 4.769958e+03
15.0 4.623542e+03 4.528668e+03 4.509189e+03 4.604064e+03
16.0 4.425117e+03 4.522144e+03 4.509306e+03 4.412279e+03
17.0 4.559959e+03 4.529573e+03 4.495926e+03 4.526312e+03
18.0 4.539517e+03 4.498847e+03 4.483033e+03 4.523703e+03
0.3 4.360521e+03 4.522925e+03 4.509571e+03 4.347166e+03
1.3 4.268438e+03 4.524734e+03 4.505299e+03 4.249003e+03
2.3 4.709537e+03 4.595479e+03 4.485800e+03 4.599857e+03
3.3 4.437261e+03 4.509677e+03 4.480148e+03 4.407732e+03
4.3 4.616909e+03 4.496386e+03 4.490534e+03 4.611056e+03
5.3 4.719362e+03 4.525096e+03 4.500689e+03 4.694955e+03
6.3 4.810616e+03 4.547280e+03 4.506622e+03 4.769958e+03
7.3 4.623542e+03 4.528668e+03 4.509189e+03 4.604064e+03
8.3 4.425117e+03 4.522144e+03 4.509306e+03 4.412279e+03
9.3 4.559959e+03 4.529573e+03 4.495926e+03 4.526312e+03
10.3 4.539517e+03 4.498847e+03 4.483033e+03 4.523703e+03
11.3 4.697872e+03 4.481111e+03 4.488527e+03 4.705287e+03
12.3 4.755096e+03 4.511156e+03 4.498489e+03 4.742429e+03
13.3 4.673822e+03 4.514069e+03 4.505068e+03 4.664821e+03
14.3 4.468930e+03 4.476658e+03 4.508351e+03 4.500623e+03
15.3 4.518772e+03 4.472078e+03 4.509454e+03 4.556149e+03
16.3 4.542145e+03 4.479498e+03 4.509363e+03 4.572010e+03
17.3 4.505969e+03 4.368915e+03 4.508761e+03 4.645815e+03
0.8 4.425117e+03 4.522144e+03 4.509306e+03 4.412279e+03
1.8 4.559959e+03 4.529573e+03 4.495926e+03 4.526312e+03
2.8 4.539517e+03 4.498847e+03 4.483033e+03 4.523703e+03
3.8 4.697872e+03 4.481111e+03 4.488527e+03 4.705287e+03
4.8 4.755096e+03 4.511156e+03 4.498489e+03 4.742429e+03
5.8 4.673822e+03 4.514069e+03 4.505068e+03 4.664821e+03
6.8 4.468930e+03 4.476658e+03 4.508351e+03 4.500623e+03
7.8 4.518772e+03 4.472078e+03 4.509454e+03 4.556149e+03
8.8 4.542145e+03 4.479498e+03 4.509363e+03 4.572010e+03
9.8 4.505969e+03 4.368915e+03 4.508761e+03 4.645815e+03
10.8 4.471517e+03 4.516504e+03 4.508114e+03 4.463126e+03
11.8 4.602085e+03 4.451737e+03 4.507618e+03 4.657966e+03
12.8 4.473045e+03 4.381600e+03 4.507316e+03 4.598762e+03
13.8 4.503253e+03 4.384881e+03 4.507142e+03 4.625514e+03
14.8 4.530922e+03 4.420078e+03 4.507044e+03 4.617889e+03
15.8 4.515863e+03 4.497531e+03 4.506981e+03 4.525313e+03
16.8 4.416133e+03 4.534046e+03 4.506930e+03 4.389017e+03
17.8 4.613423e+03 4.525225e+03 4.503298e+03 4.591497e+03
0.3 4.416133e+03 4.534046e+03 4.506930e+03 4.389017e+03
1.3 4.613423e+03 4.525225e+03 4.503298e+03 4.591497e+03
2.3 4.481387e+03 4.488741e+03 4.484585e+03 4.477230e+03
3.3 4.549686e+03 4.485661e+03 4.479435e+03 4.543460e+03
4.3 4.478903e+03 4.494269e+03 4.489616e+03 4.474250e+03
5.3 4.436129e+03 4.493567e+03 4.500056e+03 4.442618e+03
6.3 4.571582e+03 4.498889e+03 4.505851e+03 4.578544e+03
7.3 4.194887e+03 4.476495e+03 4.508471e+03 4.226863e+03
8.3 4.355348e+03 4.486491e+03 4.509092e+03 4.377949e+03
9.3 4.249561e+03 4.492652e+03 4.508698e+03 4.265606e+03
10.3 4.467580e+03 4.412783e+03 4.507940e+03 4.562736e+03
11.3 4.553310e+03 4.754117e+03 4.507262e+03 4.306454e+03
12.3 4.507247e+03 4.557050e+03 4.506776e+03 4.456973e+03
13.3 4.444877e+03 4.565841e+03 4.506459e+03 4.385496e+03
14.3 4.373039e+03 4.482874e+03 4.499529e+03 4.389694e+03
15.3 4.298559e+03 4.497796e+03 4.481356e+03 4.282118e+03
16.3 4.569175e+03 4.492195e+03 4.481249e+03 4.558228e+03
17.3 4.207255e+03 4.498647e+03 4.492442e+03 4.201050e+03
0.5 4.444877e+03 4.565841e+03 4.506459e+03 4.385496e+03
1.5 4.373039e+03 4.482874e+03 4.499529e+03 4.389694e+03
2.5 4.298559e+03 4.497796e+03 4.481356e+03 4.282118e+03
3.5 4.569175e+03 4.492195e+03 4.481249e+03 4.558228e+03
4.5 4.207255e+03 4.498647e+03 4.492442e+03 4.201050e+03
5.5 4.475010e+03 4.502681e+03 4.501305e+03 4.473634e+03
6.5 4.538568e+03 4.520265e+03 4.506043e+03 4.524346e+03
7.5 4.487239e+03 4.524497e+03 4.508032e+03 4.470774e+03
8.5 4.780808e+03 4.536980e+03 4.508327e+03 4.752155e+03
9.5 4.385628e+03 4.586108e+03 4.507796e+03 4.307317e+03
10.5 4.245803e+03 4.656305e+03 4.507066e+03 4.096563e+03
11.5 4.753397e+03 4.632313e+03 4.506451e+03 4.627535e+03
12.5 4.718002e+03 4.552014e+03 4.506032e+03 4.672021e+03
13.5 4.603588e+03 4.522444e+03 4.505791e+03 4.586936e+03
14.5 4.773047e+03 4.534141e+03 4.505651e+03 4.744557e+03
15.5 4.407255e+03 4.524259e+03 4.505567e+03 4.388563e+03
16.5 4.342727e+03 4.473367e+03 4.505512e+03 4.374872e+03
17.5 4.454537e+03 4.441511e+03 4.505469e+03 4.518495e+03
0.3 4.694445e+03 4.529227e+03 4.505245e+03 4.670463e+03
1.3 4.562879e+03 4.520161e+03 4.500711e+03 4.543429e+03
2.3 4.341717e+03 4.493166e+03 4.483544e+03 4.332096e+03
3.3 4.497833e+03 4.482509e+03 4.480637e+03 4.495961e+03
4.3 4.382719e+03 4.440512e+03 4.490732e+03 4.432939e+03
5.3 4.526117e+03 4.523783e+03 4.499683e+03 4.502017e+03
6.3 4.477427e+03 4.542636e+03 4.504749e+03 4.439540e+03
7.3 4.613121e+03 4.510956e+03 4.506875e+03 4.609039e+03
8.3 4.555640e+03 4.519962e+03 4.507353e+03 4.543031e+03
9.3 4.591813e+03 4.532634e+03 4.506953e+03 4.566132e+03
10.3 4.520852e+03 4.457366e+03 4.506295e+03 4.569781e+03
11.3 4.397498e+03 4.437102e+03 4.505709e+03 4.466104e+03
12.3 4.389113e+03 4.466627e+03 4.505330e+03 4.427816e+03
13.3 4.736255e+03 4.512615e+03 4.505117e+03 4.728757e+03
14.3 4.515774e+03 4.559519e+03 4.505010e+03 4.461265e+03
15.3 4.599167e+03 4.751985e+03 4.504962e+03 4.352144e+03
16.3 4.340598e+03 4.537448e+03 4.504940e+03 4.308090e+03
17.3 4.560519e+03 4.551257e+03 4.504927e+03 4.514188e+03
0.2 4.592360e+03 4.528094e+03 4.505063e+03 4.569329e+03
1.2 4.519402e+03 4.511317e+03 4.501798e+03 4.509883e+03
2.2 4.499520e+03 4.481197e+03 4.484911e+03 4.503233e+03
3.2 4.399500e+03 4.472832e+03 4.480043e+03 4.406711e+03
4.2 4.536820e+03 4.483373e+03 4.489674e+03 4.543121e+03
5.2 4.609913e+03 4.501197e+03 4.499047e+03 4.607763e+03
6.2 4.413792e+03 4.532564e+03 4.504529e+03 4.385758e+03
7.2 4.480320e+03 4.493307e+03 4.506922e+03 4.493935e+03
8.2 4.329997e+03 4.503442e+03 4.507573e+03 4.334127e+03
9.2 4.648074e+03 4.554153e+03 4.507278e+03 4.601199e+03
10.2 4.445713e+03 4.447722e+03 4.506674e+03 4.504665e+03
11.2 4.357655e+03 4.341779e+03 4.506114e+03 4.521989e+03
12.2 4.324029e+03 4.451310e+03 4.505754e+03 4.378473e+03
13.2 4.318885e+03 4.562591e+03 4.505565e+03 4.261859e+03
14.2 4.516946e+03 4.507483e+03 4.505487e+03 4.514950e+03
15.2 4.605160e+03 4.498299e+03 4.505472e+03 4.612333e+03
16.2 4.618574e+03 4.509636e+03 4.505484e+03 4.614421e+03
17.2 4.554276e+03 4.510412e+03 4.505507e+03 4.549371e+03
0.3 4.698245e+03 4.547518e+03 4.505628e+03 4.656354e+03
1.3 4.522186e+03 4.502832e+03 4.501822e+03 4.521177e+03
2.3 4.508859e+03 4.491692e+03 4.485713e+03 4.502880e+03
3.3 4.520397e+03 4.444859e+03 4.482746e+03 4.558285e+03
4.3 4.490676e+03 4.465825e+03 4.492033e+03 4.516885e+03
5.3 4.783768e+03 4.496458e+03 4.500716e+03 4.788026e+03
6.3 4.456178e+03 4.472008e+03 4.505425e+03 4.489596e+03
7.3 4.095341e+03 4.360562e+03 4.507511e+03 4.242290e+03
8.3 4.560287e+03 4.556238e+03 4.508033e+03 4.512081e+03
9.3 4.460502e+03 4.349084e+03 4.507720e+03 4.619138e+03
10.3 4.201300e+03 4.486749e+03 4.507139e+03 4.221690e+03
11.3 4.636283e+03 4.517596e+03 4.506645e+03 4.625333e+03
12.3 4.293456e+03 4.493109e+03 4.506327e+03 4.306674e+03
13.3 4.757566e+03 4.564530e+03 4.506159e+03 4.699195e+03
14.3 4.629926e+03 4.544223e+03 4.506093e+03 4.591796e+03
15.3 4.670793e+03 4.590507e+03 4.502176e+03 4.582462e+03
16.3 4.534225e+03 4.508831e+03 4.481971e+03 4.507364e+03
17.3 4.411083e+03 4.464930e+03 4.474555e+03 4.420709e+03
0.3 4.629926e+03 4.544223e+03 4.506093e+03 4.591796e+03
1.3 4.670793e+03 4.590507e+03 4.502176e+03 4.582462e+03
2.3 4.534225e+03 4.508831e+03 4.481971e+03 4.507364e+03
3.3 4.411083e+03 4.464930e+03 4.474555e+03 4.420709e+03
4.3 4.529502e+03 4.426918e+03 4.485951e+03 4.588535e+03
5.3 4.424165e+03 4.475254e+03 4.497895e+03 4.446806e+03
6.3 4.413346e+03 4.493947e+03 4.505046e+03 4.424445e+03
7.3 4.542562e+03 4.488499e+03 4.508210e+03 4.562274e+03
8.3 4.521011e+03 4.470555e+03 4.509115e+03 4.559571e+03
9.3 4.561714e+03 4.461151e+03 4.508781e+03 4.609344e+03
10.3 4.365873e+03 4.485696e+03 4.508021e+03 4.388198e+03
11.3 4.449204e+03 4.512421e+03 4.507297e+03 4.444080e+03
12.3 4.319457e+03 4.498109e+03 4.506817e+03 4.328165e+03
13.3 4.526779e+03 4.494793e+03 4.506551e+03 4.538536e+03
14.3 4.446834e+03 4.548687e+03 4.506426e+03 4.404573e+03
15.3 4.463493e+03 4.546449e+03 4.506383e+03 4.423427e+03
16.3 4.423157e+03 4.565019e+03 4.506376e+03 4.364514e+03
17.3 4.721293e+03 4.791038e+03 4.506383e+03 4.436638e+03
0.6 4.475604e+03 4.566533e+03 4.506351e+03 4.415422e+03
1.6 4.518147e+03 4.510859e+03 4.497026e+03 4.504315e+03
2.6 4.834861e+03 4.485282e+03 4.480443e+03 4.830023e+03
3.6 4.611375e+03 4.481526e+03 4.482991e+03 4.612840e+03
4.6 4.550939e+03 4.475180e+03 4.494200e+03 4.569959e+03
5.6 4.409567e+03 4.485999e+03 4.501785e+03 4.425353e+03
6.6 4.235920e+03 4.475052e+03 4.490339e+03 4.251208e+03
7.6 4.293416e+03 4.463114e+03 4.475406e+03 4.305708e+03
8.6 4.366510e+03 4.470078e+03 4.482421e+03 4.378853e+03
9.6 4.356199e+03 4.482356e+03 4.495546e+03 4.369389e+03
10.6 4.344588e+03 4.518275e+03 4.504334e+03 4.330647e+03
11.6 4.295208e+03 4.531502e+03 4.508369e+03 4.272075e+03
12.6 4.468721e+03 4.550293e+03 4.509708e+03 4.428137e+03
13.6 4.531433e+03 4.532205e+03 4.509531e+03 4.508758e+03
14.6 4.357888e+03 4.495169e+03 4.508717e+03 4.371435e+03
15.6 4.404871e+03 4.436921e+03 4.507838e+03 4.475789e+03
16.6 4.475773e+03 4.401397e+03 4.507206e+03 4.581582e+03
17.6 4.610131e+03 4.437298e+03 4.506827e+03 4.679660e+03
0.9 4.409567e+03 4.485999e+03 4.501785e+03 4.425353e+03
1.9 4.235920e+03 4.475052e+03 4.490339e+03 4.251208e+03
2.9 4.293416e+03 4.463114e+03 4.475406e+03 4.305708e+03
3.9 4.366510e+03 4.470078e+03 4.482421e+03 4.378853e+03
4.9 4.356199e+03 4.482356e+03 4.495546e+03 4.369389e+03
5.9 4.344588e+03 4.518275e+03 4.504334e+03 4.330647e+03
6.9 4.295208e+03 4.531502e+03 4.508369e+03 4.272075e+03
7.9 4.468721e+03 4.550293e+03 4.509708e+03 4.428137e+03
8.9 4.531433e+03 4.532205e+03 4.509531e+03 4.508758e+03
9.9 4.357888e+03 4.495169e+03 4.508717e+03 4.371435e+03
10.9 4.404871e+03 4.436921e+03 4.507838e+03 4.475789e+03
11.9 4.475773e+03 4.401397e+03 4.507206e+03 4.581582e+03
12.9 4.610131e+03 4.437298e+03 4.506827e+03 4.679660e+03
13.9 4.338312e+03 4.483912e+03 4.506626e+03 4.361026e+03
14.9 4.622425e+03 4.521281e+03 4.506536e+03 4.607681e+03
15.9 4.739255e+03 4.580489e+03 4.506496e+03 4.665262e+03
16.9 4.893821e+03 4.608452e+03 4.506479e+03 4.791849e+03
17.9 4.728626e+03 4.603625e+03 4.506472e+03 4.631473e+03
0.6 4.527700e+03 4.438737e+03 4.506467e+03 4.595429e+03
1.6 4.355118e+03 4.433485e+03 4.497965e+03 4.419598e+03
2.6 4.487880e+03 4.459075e+03 4.480345e+03 4.509150e+03
3.6 4.451137e+03 4.476526e+03 4.481777e+03 4.456389e+03
4.6 4.513349e+03 4.470557e+03 4.493273e+03 4.536065e+03
5.6 4.710144e+03 4.499766e+03 4.502237e+03 4.712615e+03
6.6 4.452587e+03 4.437285e+03 4.507098e+03 4.522400e+03
