0.4 9.186198e+03 9.103864e+03 9.084629e+03 9.166963e+03
1.4 9.084995e+03 9.104370e+03 9.093404e+03 9.074029e+03
2.4 9.139605e+03 9.116290e+03 9.111716e+03 9.135032e+03
3.4 9.066759e+03 9.095280e+03 9.109731e+03 9.081210e+03
4.4 9.120877e+03 9.087232e+03 9.097674e+03 9.131319e+03
5.4 9.060728e+03 9.063388e+03 9.088824e+03 9.086164e+03
6.4 9.207444e+03 9.123542e+03 9.084125e+03 9.168027e+03
7.4 9.092702e+03 9.114145e+03 9.082293e+03 9.060850e+03
8.4 9.086158e+03 9.089046e+03 9.082050e+03 9.079163e+03
9.4 9.063517e+03 9.068228e+03 9.082600e+03 9.077889e+03
10.4 9.174913e+03 9.085483e+03 9.083311e+03 9.172741e+03
11.4 9.006981e+03 9.094252e+03 9.083895e+03 8.996625e+03
12.4 9.026108e+03 9.085359e+03 9.084253e+03 9.025002e+03
13.4 9.041571e+03 9.066752e+03 9.084446e+03 9.059265e+03
14.4 9.109590e+03 9.075236e+03 9.084540e+03 9.118894e+03
15.4 9.077345e+03 9.073227e+03 9.084582e+03 9.088699e+03
16.4 9.088607e+03 9.070579e+03 9.084601e+03 9.102629e+03
17.4 9.048967e+03 9.090520e+03 9.084611e+03 9.043057e+03
0.4 9.152559e+03 9.121439e+03 9.083009e+03 9.114128e+03
1.4 9.159443e+03 9.117575e+03 9.090274e+03 9.132143e+03
2.4 9.167098e+03 9.081746e+03 9.109484e+03 9.194836e+03
3.4 9.118382e+03 9.077984e+03 9.108427e+03 9.148825e+03
4.4 9.138417e+03 9.066588e+03 9.096373e+03 9.168203e+03
5.4 9.092910e+03 9.070143e+03 9.087228e+03 9.109995e+03
6.4 9.134315e+03 9.090045e+03 9.082366e+03 9.126637e+03
7.4 9.060616e+03 9.086202e+03 9.080292e+03 9.054706e+03
8.4 8.983657e+03 9.078722e+03 9.079931e+03 8.984866e+03
9.4 9.109440e+03 9.084226e+03 9.080396e+03 9.105610e+03
10.4 9.004114e+03 9.064744e+03 9.081046e+03 9.020416e+03
11.4 9.073922e+03 9.091353e+03 9.081566e+03 9.064135e+03
12.4 9.082045e+03 9.094901e+03 9.081885e+03 9.069029e+03
13.4 9.103349e+03 9.102218e+03 9.082026e+03 9.083156e+03
14.4 9.166556e+03 9.088902e+03 9.082068e+03 9.159722e+03
15.4 9.148966e+03 9.109294e+03 9.082060e+03 9.121732e+03
16.4 9.021323e+03 9.113413e+03 9.082038e+03 8.989948e+03
17.4 9.091956e+03 9.103192e+03 9.089808e+03 9.078572e+03
0.4 9.021323e+03 9.113413e+03 9.082038e+03 8.989948e+03
1.4 9.091956e+03 9.103192e+03 9.089808e+03 9.078572e+03
2.4 9.043796e+03 9.081719e+03 9.108571e+03 9.070648e+03
3.4 9.081104e+03 9.096108e+03 9.107294e+03 9.092291e+03
4.4 8.980686e+03 9.098455e+03 9.095513e+03 8.977744e+03
5.4 9.118124e+03 9.112208e+03 9.086397e+03 9.092313e+03
6.4 9.109488e+03 9.080106e+03 9.081489e+03 9.110871e+03
7.4 9.154699e+03 9.056140e+03 9.079526e+03 9.178085e+03
8.4 9.023929e+03 9.079315e+03 9.079206e+03 9.023820e+03
9.4 9.071604e+03 9.044436e+03 9.079702e+03 9.106870e+03
10.4 9.050546e+03 9.035715e+03 9.080391e+03 9.095222e+03
11.4 9.046442e+03 9.026076e+03 9.080964e+03 9.101331e+03
12.4 9.146355e+03 9.068677e+03 9.081313e+03 9.158992e+03
13.4 9.075912e+03 9.093698e+03 9.081500e+03 9.063714e+03
14.4 9.187913e+03 9.088233e+03 9.081582e+03 9.181262e+03
15.4 9.042812e+03 9.085152e+03 9.082098e+03 9.039758e+03
16.4 9.045028e+03 9.083819e+03 9.097416e+03 9.058626e+03
17.4 8.975620e+03 9.064872e+03 9.110407e+03 9.021155e+03
0.7 9.042812e+03 9.085152e+03 9.082098e+03 9.039758e+03
1.7 9.045028e+03 9.083819e+03 9.097416e+03 9.058626e+03
2.7 8.975620e+03 9.064872e+03 9.110407e+03 9.021155e+03
3.7 9.004257e+03 9.087833e+03 9.102817e+03 9.019240e+03
4.7 9.162979e+03 9.098230e+03 9.091333e+03 9.156082e+03
5.7 9.105877e+03 9.086682e+03 9.083999e+03 9.103193e+03
6.7 9.132537e+03 9.077875e+03 9.080385e+03 9.135047e+03
7.7 8.982211e+03 9.079491e+03 9.079192e+03 8.981911e+03
8.7 9.080902e+03 9.102012e+03 9.079314e+03 9.058203e+03
9.7 9.054686e+03 9.106749e+03 9.079984e+03 9.027920e+03
10.7 9.106716e+03 9.121123e+03 9.081097e+03 9.066689e+03
11.7 9.088954e+03 9.096505e+03 9.096473e+03 9.088923e+03
12.7 9.082367e+03 9.087602e+03 9.110296e+03 9.105061e+03
13.7 9.186290e+03 9.077092e+03 9.103221e+03 9.212419e+03
14.7 9.075680e+03 9.073965e+03 9.091776e+03 9.093490e+03
15.7 9.109505e+03 9.080486e+03 9.084386e+03 9.113404e+03
16.7 9.167127e+03 9.079579e+03 9.080736e+03 9.168284e+03
17.7 9.052271e+03 9.045536e+03 9.079532e+03 9.086268e+03
0.7 9.106716e+03 9.121123e+03 9.081097e+03 9.066689e+03
1.7 9.088954e+03 9.096505e+03 9.096473e+03 9.088923e+03
2.7 9.082367e+03 9.087602e+03 9.110296e+03 9.105061e+03
3.7 9.186290e+03 9.077092e+03 9.103221e+03 9.212419e+03
4.7 9.075680e+03 9.073965e+03 9.091776e+03 9.093490e+03
5.7 9.109505e+03 9.080486e+03 9.084386e+03 9.113404e+03
6.7 9.167127e+03 9.079579e+03 9.080736e+03 9.168284e+03
7.7 9.052271e+03 9.045536e+03 9.079532e+03 9.086268e+03
8.7 9.069928e+03 9.034714e+03 9.079662e+03 9.114875e+03
9.7 9.066633e+03 9.050160e+03 9.080355e+03 9.096827e+03
10.7 9.137391e+03 9.072930e+03 9.081095e+03 9.145556e+03
11.7 9.022808e+03 9.088135e+03 9.081668e+03 9.016340e+03
12.7 9.059636e+03 9.070567e+03 9.082025e+03 9.071094e+03
13.7 9.134392e+03 9.101280e+03 9.082241e+03 9.115353e+03
14.7 9.176187e+03 9.106270e+03 9.082374e+03 9.152291e+03
15.7 9.135478e+03 9.128701e+03 9.082469e+03 9.089245e+03
16.7 9.067588e+03 9.109556e+03 9.082549e+03 9.040581e+03
17.7 9.069281e+03 9.063089e+03 9.082625e+03 9.088817e+03
0.7 9.080996e+03 9.112859e+03 9.083298e+03 9.051435e+03
1.7 9.127556e+03 9.091311e+03 9.097251e+03 9.133495e+03
2.7 9.065931e+03 9.082845e+03 9.111826e+03 9.094912e+03
3.7 9.082973e+03 9.080190e+03 9.105661e+03 9.108443e+03
4.7 9.113831e+03 9.095168e+03 9.093810e+03 9.112473e+03
5.7 9.061343e+03 9.077126e+03 9.086220e+03 9.070437e+03
6.7 9.149672e+03 9.079635e+03 9.082461e+03 9.152497e+03
7.7 9.085302e+03 9.063669e+03 9.081219e+03 9.102852e+03
8.7 9.013197e+03 9.078426e+03 9.081344e+03 9.016116e+03
9.7 9.091759e+03 9.117932e+03 9.082090e+03 9.055917e+03
10.7 9.159225e+03 9.114451e+03 9.082891e+03 9.127664e+03
11.7 9.014302e+03 9.074521e+03 9.083530e+03 9.023310e+03
12.7 9.016179e+03 9.060074e+03 9.083951e+03 9.040055e+03
13.7 9.046973e+03 9.060510e+03 9.084221e+03 9.070684e+03
14.7 9.048137e+03 9.070097e+03 9.084396e+03 9.062436e+03
15.7 9.180941e+03 9.076797e+03 9.084528e+03 9.188672e+03
16.7 9.050168e+03 9.085554e+03 9.084654e+03 9.049268e+03
17.7 8.935329e+03 9.045619e+03 9.084784e+03 8.974495e+03
