0.3 7.327503e+03 7.430677e+03 7.414878e+03 7.311704e+03
1.3 7.364059e+03 7.434845e+03 7.417528e+03 7.346741e+03
2.3 7.418996e+03 7.427375e+03 7.426192e+03 7.417813e+03
3.3 7.327557e+03 7.428148e+03 7.426478e+03 7.325887e+03
4.3 7.474583e+03 7.432721e+03 7.421481e+03 7.463342e+03
5.3 7.429118e+03 7.433789e+03 7.417278e+03 7.412606e+03
6.3 7.481059e+03 7.431502e+03 7.415105e+03 7.464661e+03
7.3 7.458979e+03 7.414721e+03 7.415669e+03 7.459928e+03
8.3 7.512158e+03 7.383224e+03 7.424014e+03 7.552947e+03
9.3 7.300875e+03 7.371677e+03 7.426469e+03 7.355667e+03
10.3 7.427263e+03 7.452992e+03 7.422052e+03 7.396323e+03
11.3 7.430240e+03 7.463301e+03 7.417857e+03 7.384796e+03
12.3 7.334523e+03 7.400047e+03 7.415478e+03 7.349954e+03
13.3 7.464558e+03 7.438524e+03 7.414494e+03 7.440528e+03
14.3 7.411959e+03 7.311019e+03 7.414293e+03 7.515234e+03
15.3 7.389804e+03 7.406728e+03 7.414517e+03 7.397593e+03
16.3 7.390754e+03 7.371378e+03 7.414873e+03 7.434250e+03
17.3 7.428891e+03 7.413879e+03 7.415198e+03 7.430211e+03
0.1 7.481059e+03 7.431502e+03 7.415105e+03 7.464661e+03
1.1 7.458979e+03 7.414721e+03 7.415669e+03 7.459928e+03
2.1 7.512158e+03 7.383224e+03 7.424014e+03 7.552947e+03
3.1 7.300875e+03 7.371677e+03 7.426469e+03 7.355667e+03
4.1 7.427263e+03 7.452992e+03 7.422052e+03 7.396323e+03
5.1 7.430240e+03 7.463301e+03 7.417857e+03 7.384796e+03
6.1 7.334523e+03 7.400047e+03 7.415478e+03 7.349954e+03
7.1 7.464558e+03 7.438524e+03 7.414494e+03 7.440528e+03
8.1 7.411959e+03 7.311019e+03 7.414293e+03 7.515234e+03
9.1 7.389804e+03 7.406728e+03 7.414517e+03 7.397593e+03
10.1 7.390754e+03 7.371378e+03 7.414873e+03 7.434250e+03
11.1 7.428891e+03 7.413879e+03 7.415198e+03 7.430211e+03
12.1 7.569804e+03 7.520048e+03 7.415423e+03 7.465180e+03
13.1 7.579337e+03 7.481040e+03 7.415566e+03 7.513862e+03
14.1 7.374585e+03 7.443788e+03 7.415655e+03 7.346452e+03
15.1 7.445140e+03 7.492055e+03 7.415714e+03 7.368799e+03
16.1 7.293157e+03 7.403376e+03 7.415759e+03 7.305540e+03
17.1 7.458806e+03 7.436769e+03 7.415797e+03 7.437834e+03
0.7 7.591218e+03 7.423201e+03 7.416168e+03 7.584185e+03
1.7 7.496560e+03 7.426702e+03 7.422605e+03 7.492462e+03
2.7 7.477093e+03 7.412282e+03 7.428507e+03 7.493318e+03
3.7 7.441006e+03 7.440446e+03 7.425315e+03 7.425874e+03
4.7 7.433442e+03 7.426617e+03 7.420159e+03 7.426985e+03
5.7 7.388431e+03 7.419783e+03 7.416947e+03 7.385595e+03
6.7 7.370608e+03 7.408943e+03 7.415384e+03 7.377049e+03
7.7 7.367238e+03 7.403302e+03 7.414829e+03 7.378766e+03
8.7 7.374619e+03 7.395187e+03 7.414868e+03 7.394299e+03
9.7 7.510674e+03 7.419791e+03 7.415157e+03 7.506040e+03
10.7 7.478455e+03 7.446206e+03 7.415458e+03 7.447707e+03
11.7 7.393547e+03 7.454911e+03 7.415680e+03 7.354316e+03
12.7 7.355210e+03 7.385423e+03 7.415815e+03 7.385602e+03
13.7 7.381137e+03 7.449420e+03 7.415884e+03 7.347601e+03
14.7 7.489648e+03 7.464765e+03 7.415920e+03 7.440803e+03
15.7 7.350667e+03 7.417951e+03 7.415939e+03 7.348655e+03
16.7 7.406037e+03 7.400355e+03 7.415953e+03 7.421635e+03
17.7 7.298507e+03 7.410199e+03 7.416947e+03 7.305254e+03
1.0 7.298507e+03 7.410199e+03 7.416947e+03 7.305254e+03
2.0 7.498811e+03 7.452250e+03 7.425131e+03 7.471692e+03
3.0 7.347003e+03 7.440418e+03 7.428315e+03 7.334901e+03
4.0 7.352904e+03 7.435088e+03 7.423906e+03 7.341722e+03
5.0 7.395341e+03 7.427069e+03 7.419247e+03 7.387519e+03
6.0 7.325716e+03 7.424779e+03 7.416483e+03 7.317420e+03
7.0 7.400662e+03 7.408159e+03 7.415270e+03 7.407772e+03
8.0 7.286767e+03 7.380282e+03 7.414933e+03 7.321418e+03
9.0 7.463127e+03 7.386524e+03 7.415084e+03 7.491687e+03
10.0 7.443528e+03 7.375893e+03 7.415404e+03 7.483039e+03
11.0 7.362593e+03 7.420760e+03 7.415711e+03 7.357543e+03
12.0 7.358165e+03 7.425552e+03 7.415922e+03 7.348535e+03
13.0 7.492109e+03 7.421095e+03 7.416053e+03 7.487067e+03
14.0 7.507333e+03 7.427712e+03 7.416125e+03 7.495746e+03
15.0 7.487929e+03 7.395689e+03 7.416169e+03 7.508408e+03
16.0 7.403439e+03 7.419989e+03 7.416199e+03 7.399649e+03
17.0 7.415136e+03 7.418587e+03 7.416223e+03 7.412772e+03
18.0 7.348586e+03 7.423088e+03 7.416245e+03 7.341743e+03
0.1 7.355402e+03 7.436159e+03 7.415591e+03 7.334834e+03
1.1 7.410595e+03 7.417796e+03 7.417164e+03 7.409963e+03
2.1 7.406181e+03 7.407223e+03 7.425815e+03 7.424773e+03
3.1 7.357895e+03 7.427691e+03 7.427474e+03 7.357678e+03
4.1 7.445773e+03 7.412071e+03 7.422660e+03 7.456362e+03
5.1 7.415048e+03 7.388298e+03 7.418078e+03 7.444829e+03
6.1 7.306290e+03 7.399833e+03 7.415570e+03 7.322027e+03
7.1 7.456491e+03 7.439341e+03 7.414419e+03 7.431569e+03
8.1 7.334598e+03 7.382589e+03 7.414119e+03 7.366128e+03
9.1 7.310583e+03 7.426200e+03 7.414244e+03 7.298628e+03
10.1 7.344025e+03 7.354903e+03 7.414516e+03 7.403637e+03
11.1 7.630921e+03 7.427109e+03 7.414744e+03 7.618557e+03
12.1 7.548798e+03 7.412266e+03 7.414885e+03 7.551417e+03
13.1 7.421055e+03 7.441907e+03 7.414942e+03 7.394089e+03
14.1 7.585974e+03 7.395635e+03 7.414947e+03 7.605286e+03
15.1 7.407991e+03 7.401498e+03 7.414927e+03 7.421419e+03
16.1 7.478077e+03 7.430960e+03 7.414894e+03 7.462011e+03
17.1 7.367232e+03 7.429019e+03 7.414976e+03 7.353189e+03
0.6 7.367232e+03 7.429019e+03 7.414976e+03 7.353189e+03
1.6 7.423820e+03 7.414709e+03 7.420753e+03 7.429864e+03
2.6 7.419068e+03 7.421718e+03 7.427246e+03 7.424596e+03
3.6 7.556521e+03 7.449072e+03 7.424510e+03 7.531958e+03
4.6 7.555619e+03 7.478696e+03 7.419367e+03 7.496290e+03
5.6 7.474976e+03 7.454073e+03 7.415864e+03 7.436766e+03
6.6 7.323790e+03 7.423155e+03 7.414169e+03 7.314804e+03
7.6 7.291849e+03 7.394185e+03 7.413529e+03 7.311194e+03
8.6 7.226474e+03 7.309684e+03 7.413500e+03 7.330290e+03
