1.0 1.085691e+04 1.084899e+04 1.092163e+04 1.092955e+04
2.0 1.098953e+04 1.096908e+04 1.096170e+04 1.098216e+04
3.0 1.101867e+04 1.097501e+04 1.099349e+04 1.103715e+04
4.0 1.098154e+04 1.097154e+04 1.097353e+04 1.098353e+04
5.0 1.086706e+04 1.092705e+04 1.094341e+04 1.088341e+04
6.0 1.095559e+04 1.092085e+04 1.092395e+04 1.095869e+04
7.0 1.092974e+04 1.089352e+04 1.091425e+04 1.095048e+04
8.0 1.101154e+04 1.090123e+04 1.091095e+04 1.102126e+04
9.0 1.084958e+04 1.090231e+04 1.092172e+04 1.086899e+04
10.0 1.098809e+04 1.096249e+04 1.097090e+04 1.099649e+04
11.0 1.097851e+04 1.096569e+04 1.098515e+04 1.099797e+04
12.0 1.096926e+04 1.093790e+04 1.095896e+04 1.099032e+04
13.0 1.079760e+04 1.089570e+04 1.093335e+04 1.083525e+04
14.0 1.092419e+04 1.095727e+04 1.091838e+04 1.088531e+04
15.0 1.084663e+04 1.089866e+04 1.091191e+04 1.085987e+04
16.0 1.095027e+04 1.089508e+04 1.091162e+04 1.096680e+04
17.0 1.080671e+04 1.093192e+04 1.094536e+04 1.082014e+04
18.0 1.098167e+04 1.096152e+04 1.097787e+04 1.099802e+04
0.3 1.101154e+04 1.090123e+04 1.091095e+04 1.102126e+04
1.3 1.084958e+04 1.090231e+04 1.092172e+04 1.086899e+04
2.3 1.098809e+04 1.096249e+04 1.097090e+04 1.099649e+04
3.3 1.097851e+04 1.096569e+04 1.098515e+04 1.099797e+04
4.3 1.096926e+04 1.093790e+04 1.095896e+04 1.099032e+04
5.3 1.079760e+04 1.089570e+04 1.093335e+04 1.083525e+04
6.3 1.092419e+04 1.095727e+04 1.091838e+04 1.088531e+04
7.3 1.084663e+04 1.089866e+04 1.091191e+04 1.085987e+04
8.3 1.095027e+04 1.089508e+04 1.091162e+04 1.096680e+04
9.3 1.080671e+04 1.093192e+04 1.094536e+04 1.082014e+04
10.3 1.098167e+04 1.096152e+04 1.097787e+04 1.099802e+04
11.3 1.094285e+04 1.095259e+04 1.096402e+04 1.095427e+04
12.3 1.087369e+04 1.092125e+04 1.093890e+04 1.089134e+04
13.3 1.082933e+04 1.090686e+04 1.092230e+04 1.084477e+04
14.3 1.090265e+04 1.091101e+04 1.091403e+04 1.090567e+04
15.3 1.093387e+04 1.094036e+04 1.091124e+04 1.090475e+04
16.3 1.092256e+04 1.094924e+04 1.091147e+04 1.088480e+04
17.3 1.084007e+04 1.093285e+04 1.091299e+04 1.082022e+04
0.8 1.095027e+04 1.089508e+04 1.091162e+04 1.096680e+04
1.8 1.080671e+04 1.093192e+04 1.094536e+04 1.082014e+04
2.8 1.098167e+04 1.096152e+04 1.097787e+04 1.099802e+04
3.8 1.094285e+04 1.095259e+04 1.096402e+04 1.095427e+04
4.8 1.087369e+04 1.092125e+04 1.093890e+04 1.089134e+04
5.8 1.082933e+04 1.090686e+04 1.092230e+04 1.084477e+04
6.8 1.090265e+04 1.091101e+04 1.091403e+04 1.090567e+04
7.8 1.093387e+04 1.094036e+04 1.091124e+04 1.090475e+04
8.8 1.092256e+04 1.094924e+04 1.091147e+04 1.088480e+04
9.8 1.084007e+04 1.093285e+04 1.091299e+04 1.082022e+04
10.8 1.094152e+04 1.090478e+04 1.091462e+04 1.095136e+04
11.8 1.078612e+04 1.090477e+04 1.091587e+04 1.079723e+04
12.8 1.091111e+04 1.097123e+04 1.091663e+04 1.085651e+04
13.8 1.089278e+04 1.097104e+04 1.091707e+04 1.083881e+04
14.8 1.092912e+04 1.095778e+04 1.091732e+04 1.088866e+04
15.8 1.081016e+04 1.097939e+04 1.091748e+04 1.074826e+04
16.8 1.092085e+04 1.092894e+04 1.091761e+04 1.090951e+04
17.8 1.086985e+04 1.092781e+04 1.092677e+04 1.086880e+04
0.3 1.092085e+04 1.092894e+04 1.091761e+04 1.090951e+04
1.3 1.086985e+04 1.092781e+04 1.092677e+04 1.086880e+04
2.3 1.099275e+04 1.095595e+04 1.097396e+04 1.101076e+04
3.3 1.097662e+04 1.096352e+04 1.098695e+04 1.100005e+04
4.3 1.092117e+04 1.093513e+04 1.096127e+04 1.094731e+04
5.3 1.102065e+04 1.091876e+04 1.093494e+04 1.103683e+04
6.3 1.095635e+04 1.090011e+04 1.092033e+04 1.097657e+04
7.3 1.093313e+04 1.090252e+04 1.091372e+04 1.094433e+04
8.3 1.088948e+04 1.089652e+04 1.091216e+04 1.090511e+04
9.3 1.099461e+04 1.090001e+04 1.091315e+04 1.100776e+04
10.3 1.098667e+04 1.095015e+04 1.091506e+04 1.095158e+04
11.3 1.082475e+04 1.089796e+04 1.091677e+04 1.084357e+04
12.3 1.090832e+04 1.093688e+04 1.091800e+04 1.088944e+04
13.3 1.093194e+04 1.094425e+04 1.091880e+04 1.090649e+04
14.3 1.094704e+04 1.085324e+04 1.093627e+04 1.103007e+04
15.3 1.095727e+04 1.098630e+04 1.098210e+04 1.095308e+04
16.3 1.098274e+04 1.093808e+04 1.098237e+04 1.102703e+04
17.3 1.097742e+04 1.093010e+04 1.095415e+04 1.100146e+04
0.5 1.093194e+04 1.094425e+04 1.091880e+04 1.090649e+04
1.5 1.094704e+04 1.085324e+04 1.093627e+04 1.103007e+04
2.5 1.095727e+04 1.098630e+04 1.098210e+04 1.095308e+04
3.5 1.098274e+04 1.093808e+04 1.098237e+04 1.102703e+04
4.5 1.097742e+04 1.093010e+04 1.095415e+04 1.100146e+04
5.5 1.092277e+04 1.089131e+04 1.093179e+04 1.096325e+04
6.5 1.091697e+04 1.089839e+04 1.091985e+04 1.093842e+04
7.5 1.100298e+04 1.090330e+04 1.091483e+04 1.101450e+04
8.5 1.092918e+04 1.092274e+04 1.091408e+04 1.092053e+04
9.5 1.091374e+04 1.095750e+04 1.091542e+04 1.087166e+04
10.5 1.110759e+04 1.100668e+04 1.091727e+04 1.101817e+04
11.5 1.088262e+04 1.099035e+04 1.091882e+04 1.081109e+04
12.5 1.093758e+04 1.091099e+04 1.091987e+04 1.094646e+04
13.5 1.096167e+04 1.091047e+04 1.092048e+04 1.097168e+04
14.5 1.099298e+04 1.093339e+04 1.092083e+04 1.098043e+04
15.5 1.089990e+04 1.092753e+04 1.092105e+04 1.089342e+04
16.5 1.092697e+04 1.092979e+04 1.092118e+04 1.091837e+04
17.5 1.085143e+04 1.091484e+04 1.092129e+04 1.085788e+04
0.3 1.097365e+04 1.087459e+04 1.092186e+04 1.102091e+04
1.3 1.086558e+04 1.091314e+04 1.093329e+04 1.088573e+04
2.3 1.090439e+04 1.093895e+04 1.097658e+04 1.094203e+04
3.3 1.088987e+04 1.095201e+04 1.098391e+04 1.092177e+04
4.3 1.092560e+04 1.094349e+04 1.095846e+04 1.094057e+04
5.3 1.099859e+04 1.091772e+04 1.093588e+04 1.101676e+04
6.3 1.086575e+04 1.089826e+04 1.092311e+04 1.089060e+04
7.3 1.094575e+04 1.090664e+04 1.091775e+04 1.095685e+04
8.3 1.090426e+04 1.092789e+04 1.091654e+04 1.089291e+04
9.3 1.089133e+04 1.093672e+04 1.091755e+04 1.087216e+04
10.3 1.090629e+04 1.097895e+04 1.091921e+04 1.084655e+04
11.3 1.090539e+04 1.095791e+04 1.092069e+04 1.086817e+04
12.3 1.086408e+04 1.094119e+04 1.092164e+04 1.084453e+04
13.3 1.098465e+04 1.093533e+04 1.092218e+04 1.097150e+04
14.3 1.104718e+04 1.093557e+04 1.092245e+04 1.103406e+04
15.3 1.090177e+04 1.087428e+04 1.092257e+04 1.095006e+04
16.3 1.087563e+04 1.094290e+04 1.092263e+04 1.085536e+04
17.3 1.082030e+04 1.090722e+04 1.092266e+04 1.083574e+04
0.2 1.108188e+04 1.097167e+04 1.092232e+04 1.103252e+04
1.2 1.096184e+04 1.093190e+04 1.093055e+04 1.096049e+04
2.2 1.101712e+04 1.095281e+04 1.097314e+04 1.103745e+04
3.2 1.089046e+04 1.095653e+04 1.098542e+04 1.091934e+04
4.2 1.098527e+04 1.092830e+04 1.096113e+04 1.101809e+04
5.2 1.093075e+04 1.091132e+04 1.093749e+04 1.095692e+04
6.2 1.092951e+04 1.088856e+04 1.092366e+04 1.096461e+04
7.2 1.087981e+04 1.088566e+04 1.091763e+04 1.091178e+04
8.2 1.088911e+04 1.090155e+04 1.091599e+04 1.090355e+04
9.2 1.093996e+04 1.090168e+04 1.091673e+04 1.095502e+04
10.2 1.088468e+04 1.093674e+04 1.091825e+04 1.086619e+04
11.2 1.089910e+04 1.095801e+04 1.091967e+04 1.086075e+04
12.2 1.095189e+04 1.097633e+04 1.092057e+04 1.089614e+04
13.2 1.092274e+04 1.088143e+04 1.092105e+04 1.096236e+04
14.2 1.085069e+04 1.092696e+04 1.092125e+04 1.084497e+04
15.2 1.085561e+04 1.090502e+04 1.092129e+04 1.087187e+04
16.2 1.093046e+04 1.091851e+04 1.092126e+04 1.093320e+04
17.2 1.083345e+04 1.093065e+04 1.092120e+04 1.082399e+04
0.3 1.101728e+04 1.093952e+04 1.092089e+04 1.099866e+04
1.3 1.089877e+04 1.091341e+04 1.093049e+04 1.091585e+04
2.3 1.091810e+04 1.094977e+04 1.097112e+04 1.093944e+04
3.3 1.082147e+04 1.094110e+04 1.097860e+04 1.085896e+04
4.3 1.091413e+04 1.093210e+04 1.095518e+04 1.093721e+04
5.3 1.096106e+04 1.093759e+04 1.093328e+04 1.095675e+04
6.3 1.090088e+04 1.092598e+04 1.092140e+04 1.089630e+04
7.3 1.105368e+04 1.097633e+04 1.091614e+04 1.099349e+04
8.3 1.098272e+04 1.092285e+04 1.091483e+04 1.097470e+04
9.3 1.083866e+04 1.088551e+04 1.091562e+04 1.086877e+04
10.3 1.079500e+04 1.088308e+04 1.091708e+04 1.082900e+04
11.3 1.088183e+04 1.088875e+04 1.091833e+04 1.091140e+04
12.3 1.098246e+04 1.095115e+04 1.091913e+04 1.095043e+04
13.3 1.092173e+04 1.093299e+04 1.091955e+04 1.090830e+04
14.3 1.094760e+04 1.092641e+04 1.091972e+04 1.094091e+04
15.3 1.099532e+04 1.097690e+04 1.092960e+04 1.094802e+04
16.3 1.096238e+04 1.098245e+04 1.098055e+04 1.096049e+04
17.3 1.097554e+04 1.098425e+04 1.099925e+04 1.099054e+04
0.3 1.094760e+04 1.092641e+04 1.091972e+04 1.094091e+04
1.3 1.099532e+04 1.097690e+04 1.092960e+04 1.094802e+04
2.3 1.096238e+04 1.098245e+04 1.098055e+04 1.096049e+04
3.3 1.097554e+04 1.098425e+04 1.099925e+04 1.099054e+04
4.3 1.092630e+04 1.093591e+04 1.097051e+04 1.096090e+04
5.3 1.095748e+04 1.091206e+04 1.094039e+04 1.098581e+04
6.3 1.085323e+04 1.092954e+04 1.092236e+04 1.084605e+04
7.3 1.086279e+04 1.088371e+04 1.091438e+04 1.089346e+04
8.3 1.095248e+04 1.088553e+04 1.091210e+04 1.097905e+04
9.3 1.090413e+04 1.087861e+04 1.091294e+04 1.093846e+04
10.3 1.094030e+04 1.089572e+04 1.091486e+04 1.095943e+04
11.3 1.088943e+04 1.089976e+04 1.091668e+04 1.090635e+04
12.3 1.092544e+04 1.090542e+04 1.091789e+04 1.093792e+04
13.3 1.088827e+04 1.090471e+04 1.091856e+04 1.090213e+04
14.3 1.099403e+04 1.093740e+04 1.091888e+04 1.097550e+04
15.3 1.093851e+04 1.090916e+04 1.091899e+04 1.094834e+04
16.3 1.097417e+04 1.095048e+04 1.091901e+04 1.094269e+04
17.3 1.077313e+04 1.085497e+04 1.091899e+04 1.083716e+04
0.6 1.088046e+04 1.094106e+04 1.091907e+04 1.085847e+04
1.6 1.088780e+04 1.093436e+04 1.094258e+04 1.089602e+04
2.6 1.092404e+04 1.095924e+04 1.098440e+04 1.094920e+04
3.6 1.087016e+04 1.095023e+04 1.097798e+04 1.089791e+04
4.6 1.089376e+04 1.091253e+04 1.094971e+04 1.093094e+04
5.6 1.087729e+04 1.089655e+04 1.093058e+04 1.091133e+04
6.6 1.094975e+04 1.092381e+04 1.095945e+04 1.098539e+04
7.6 1.105473e+04 1.096633e+04 1.099711e+04 1.108551e+04
8.6 1.095683e+04 1.095263e+04 1.097942e+04 1.098361e+04
9.6 1.092031e+04 1.092343e+04 1.094632e+04 1.094320e+04
10.6 1.099225e+04 1.095242e+04 1.092415e+04 1.096398e+04
11.6 1.093104e+04 1.094833e+04 1.091398e+04 1.089669e+04
12.6 1.101523e+04 1.093373e+04 1.091060e+04 1.099210e+04
13.6 1.098098e+04 1.091702e+04 1.091105e+04 1.097500e+04
14.6 1.095451e+04 1.089335e+04 1.091310e+04 1.097427e+04
15.6 1.097084e+04 1.093507e+04 1.091532e+04 1.095109e+04
16.6 1.106454e+04 1.099513e+04 1.091691e+04 1.098632e+04
17.6 1.086549e+04 1.099456e+04 1.091787e+04 1.078880e+04
0.9 1.087729e+04 1.089655e+04 1.093058e+04 1.091133e+04
1.9 1.094975e+04 1.092381e+04 1.095945e+04 1.098539e+04
2.9 1.105473e+04 1.096633e+04 1.099711e+04 1.108551e+04
3.9 1.095683e+04 1.095263e+04 1.097942e+04 1.098361e+04
4.9 1.092031e+04 1.092343e+04 1.094632e+04 1.094320e+04
5.9 1.099225e+04 1.095242e+04 1.092415e+04 1.096398e+04
6.9 1.093104e+04 1.094833e+04 1.091398e+04 1.089669e+04
7.9 1.101523e+04 1.093373e+04 1.091060e+04 1.099210e+04
8.9 1.098098e+04 1.091702e+04 1.091105e+04 1.097500e+04
9.9 1.095451e+04 1.089335e+04 1.091310e+04 1.097427e+04
10.9 1.097084e+04 1.093507e+04 1.091532e+04 1.095109e+04
11.9 1.106454e+04 1.099513e+04 1.091691e+04 1.098632e+04
12.9 1.086549e+04 1.099456e+04 1.091787e+04 1.078880e+04
13.9 1.099114e+04 1.096315e+04 1.091838e+04 1.094636e+04
14.9 1.085585e+04 1.092470e+04 1.091860e+04 1.084976e+04
15.9 1.090434e+04 1.095481e+04 1.091870e+04 1.086824e+04
16.9 1.085556e+04 1.094959e+04 1.091874e+04 1.082472e+04
17.9 1.102101e+04 1.096347e+04 1.091876e+04 1.097630e+04
0.6 1.086079e+04 1.094155e+04 1.091878e+04 1.083802e+04
1.6 1.105069e+04 1.097417e+04 1.094022e+04 1.101674e+04
2.6 1.107173e+04 1.098777e+04 1.098465e+04 1.106861e+04
3.6 1.098559e+04 1.095779e+04 1.098104e+04 1.100884e+04
4.6 1.090369e+04 1.092112e+04 1.095205e+04 1.093462e+04
5.6 1.092297e+04 1.091055e+04 1.092944e+04 1.094186e+04
6.6 1.078987e+04 1.091520e+04 1.091719e+04 1.079186e+04
