0.4 9.176903e+03 9.149604e+03 9.121660e+03 9.148959e+03
1.4 9.216693e+03 9.145924e+03 9.122839e+03 9.193609e+03
2.4 9.081959e+03 9.102483e+03 9.125695e+03 9.105170e+03
3.4 9.071294e+03 9.147236e+03 9.125535e+03 9.049593e+03
4.4 9.068875e+03 9.108333e+03 9.123700e+03 9.084243e+03
5.4 9.132794e+03 9.128857e+03 9.122309e+03 9.126246e+03
6.4 9.052411e+03 9.122024e+03 9.121559e+03 9.051947e+03
7.4 9.066188e+03 9.081283e+03 9.121259e+03 9.106163e+03
8.4 9.300183e+03 9.132957e+03 9.121207e+03 9.288433e+03
9.4 9.217438e+03 9.138831e+03 9.121282e+03 9.199889e+03
10.4 9.031155e+03 9.056345e+03 9.121386e+03 9.096196e+03
11.4 9.128368e+03 9.159164e+03 9.121472e+03 9.090676e+03
12.4 9.115357e+03 9.094503e+03 9.121524e+03 9.142379e+03
13.4 9.020822e+03 9.109369e+03 9.121551e+03 9.033005e+03
14.4 9.122651e+03 9.114348e+03 9.121563e+03 9.129866e+03
15.4 9.045380e+03 9.138307e+03 9.121567e+03 9.028640e+03
16.4 8.978569e+03 9.142742e+03 9.122418e+03 8.958245e+03
17.4 9.015450e+03 9.102738e+03 9.125393e+03 9.038105e+03
0.2 9.045380e+03 9.138307e+03 9.121567e+03 9.028640e+03
1.2 8.978569e+03 9.142742e+03 9.122418e+03 8.958245e+03
2.2 9.015450e+03 9.102738e+03 9.125393e+03 9.038105e+03
3.2 9.155444e+03 9.095640e+03 9.125645e+03 9.185449e+03
4.2 9.205288e+03 9.124440e+03 9.123868e+03 9.204716e+03
5.2 9.120357e+03 9.129510e+03 9.122399e+03 9.113246e+03
6.2 9.139536e+03 9.129573e+03 9.121585e+03 9.131548e+03
7.2 9.098994e+03 9.125125e+03 9.121251e+03 9.095120e+03
8.2 9.175952e+03 9.113749e+03 9.121183e+03 9.183387e+03
9.2 9.016217e+03 9.096385e+03 9.121256e+03 9.041088e+03
10.2 9.066793e+03 9.147762e+03 9.121366e+03 9.040397e+03
11.2 9.105324e+03 9.155216e+03 9.121462e+03 9.071570e+03
12.2 9.079354e+03 9.149153e+03 9.121524e+03 9.051725e+03
13.2 9.125795e+03 9.129190e+03 9.121559e+03 9.118164e+03
14.2 9.208497e+03 9.115467e+03 9.121578e+03 9.214608e+03
15.2 9.112322e+03 9.121507e+03 9.121588e+03 9.112403e+03
16.2 9.080549e+03 9.126705e+03 9.121594e+03 9.075439e+03
17.2 9.128438e+03 9.138849e+03 9.121599e+03 9.111187e+03
0.1 9.165778e+03 9.134029e+03 9.121603e+03 9.153353e+03
1.1 9.094702e+03 9.128205e+03 9.122224e+03 9.088721e+03
2.1 9.211510e+03 9.103616e+03 9.125209e+03 9.233103e+03
3.1 9.189061e+03 9.110375e+03 9.125781e+03 9.204467e+03
4.1 9.241859e+03 9.114880e+03 9.124101e+03 9.251081e+03
5.1 9.048162e+03 9.121278e+03 9.122568e+03 9.049452e+03
6.1 9.132519e+03 9.146803e+03 9.121698e+03 9.107414e+03
7.1 8.964824e+03 9.048303e+03 9.121331e+03 9.037852e+03
8.1 9.205814e+03 9.129876e+03 9.121246e+03 9.197185e+03
9.1 9.186484e+03 9.176549e+03 9.121312e+03 9.131247e+03
10.1 9.027421e+03 9.026657e+03 9.121424e+03 9.122188e+03
11.1 9.193395e+03 9.173129e+03 9.121525e+03 9.141790e+03
12.1 9.186428e+03 9.139506e+03 9.121591e+03 9.168513e+03
13.1 9.124138e+03 9.114972e+03 9.121631e+03 9.130796e+03
14.1 9.015515e+03 9.054927e+03 9.121651e+03 9.082239e+03
15.1 9.130271e+03 9.072306e+03 9.121662e+03 9.179628e+03
16.1 9.019542e+03 9.069334e+03 9.121669e+03 9.071877e+03
17.1 9.158967e+03 9.112155e+03 9.121673e+03 9.168485e+03
0.7 9.199581e+03 9.146019e+03 9.121769e+03 9.175331e+03
1.7 9.136882e+03 9.139095e+03 9.123959e+03 9.121746e+03
2.7 9.096099e+03 9.095906e+03 9.126093e+03 9.126286e+03
3.7 9.088086e+03 9.087970e+03 9.125041e+03 9.125157e+03
4.7 9.155280e+03 9.126351e+03 9.123275e+03 9.152204e+03
5.7 9.004498e+03 9.113566e+03 9.122123e+03 9.013055e+03
6.7 9.087596e+03 9.070333e+03 9.121548e+03 9.138811e+03
7.7 9.145704e+03 9.089161e+03 9.121352e+03 9.177895e+03
8.7 9.045976e+03 9.108797e+03 9.121363e+03 9.058541e+03
9.7 9.040926e+03 9.108802e+03 9.121462e+03 9.053586e+03
10.7 9.048927e+03 9.108996e+03 9.121569e+03 9.061499e+03
11.7 9.078688e+03 9.102598e+03 9.121650e+03 9.097740e+03
12.7 9.132702e+03 9.058292e+03 9.121698e+03 9.196109e+03
13.7 9.093836e+03 9.117648e+03 9.121724e+03 9.097912e+03
14.7 9.227010e+03 9.118237e+03 9.121736e+03 9.230508e+03
15.7 9.204301e+03 9.155902e+03 9.121742e+03 9.170141e+03
16.7 9.212308e+03 9.181984e+03 9.121746e+03 9.152070e+03
17.7 9.189880e+03 9.153276e+03 9.121749e+03 9.158353e+03
0.6 9.155693e+03 9.145493e+03 9.121814e+03 9.132015e+03
1.6 9.132952e+03 9.126481e+03 9.123701e+03 9.130172e+03
2.6 9.065050e+03 9.097043e+03 9.126120e+03 9.094127e+03
3.6 9.042075e+03 9.080202e+03 9.125304e+03 9.087177e+03
4.6 9.070876e+03 9.106703e+03 9.123517e+03 9.087690e+03
5.6 9.183198e+03 9.122486e+03 9.122298e+03 9.183010e+03
6.6 9.088349e+03 9.105458e+03 9.121678e+03 9.104569e+03
7.6 9.217333e+03 9.135413e+03 9.121458e+03 9.203377e+03
8.6 9.201323e+03 9.166687e+03 9.121457e+03 9.156093e+03
9.6 9.163112e+03 9.134170e+03 9.121554e+03 9.150497e+03
10.6 9.110786e+03 9.112747e+03 9.121666e+03 9.119705e+03
11.6 9.060610e+03 9.118356e+03 9.121755e+03 9.064009e+03
12.6 9.153925e+03 9.120909e+03 9.121810e+03 9.154826e+03
13.6 9.102609e+03 9.118056e+03 9.121842e+03 9.106396e+03
14.6 9.102318e+03 9.110647e+03 9.121860e+03 9.113531e+03
15.6 9.160196e+03 9.063251e+03 9.121870e+03 9.218816e+03
16.6 9.046561e+03 9.075498e+03 9.121878e+03 9.092941e+03
17.6 9.032009e+03 9.089530e+03 9.121884e+03 9.064364e+03
0.5 9.030318e+03 9.144273e+03 9.121390e+03 9.007436e+03
1.5 9.185903e+03 9.125624e+03 9.122765e+03 9.183044e+03
2.5 9.087242e+03 9.140297e+03 9.125504e+03 9.072450e+03
