0.4 4.997648e+03 4.835793e+03 4.811210e+03 4.973065e+03
1.4 4.664346e+03 4.848837e+03 4.830568e+03 4.646077e+03
2.4 4.666711e+03 4.886899e+03 4.870969e+03 4.650780e+03
3.4 4.893735e+03 4.887400e+03 4.866588e+03 4.872923e+03
4.4 4.929144e+03 4.854413e+03 4.839990e+03 4.914720e+03
5.4 4.982316e+03 4.845712e+03 4.820466e+03 4.957070e+03
6.4 5.064342e+03 4.814733e+03 4.810097e+03 5.059706e+03
7.4 4.708767e+03 4.815949e+03 4.806056e+03 4.698875e+03
8.4 4.654364e+03 4.788011e+03 4.805521e+03 4.671874e+03
9.4 4.776684e+03 4.752201e+03 4.806734e+03 4.831217e+03
10.4 4.802710e+03 4.839318e+03 4.808302e+03 4.771693e+03
11.4 4.723133e+03 4.809384e+03 4.809590e+03 4.723340e+03
12.4 4.859232e+03 4.757872e+03 4.810380e+03 4.911740e+03
13.4 4.657206e+03 4.786078e+03 4.810806e+03 4.681934e+03
14.4 4.861349e+03 4.938776e+03 4.811014e+03 4.733588e+03
15.4 5.001196e+03 4.967646e+03 4.811106e+03 4.844655e+03
16.4 4.826977e+03 4.876374e+03 4.811148e+03 4.761752e+03
17.4 4.719434e+03 4.804051e+03 4.811169e+03 4.726552e+03
0.4 4.802549e+03 4.817208e+03 4.807636e+03 4.792976e+03
1.4 4.764127e+03 4.837501e+03 4.823664e+03 4.750290e+03
2.4 5.033400e+03 4.902231e+03 4.866045e+03 4.997215e+03
3.4 4.847156e+03 4.896229e+03 4.863711e+03 4.814639e+03
4.4 4.896173e+03 4.863277e+03 4.837120e+03 4.870016e+03
5.4 4.827680e+03 4.827163e+03 4.816943e+03 4.817460e+03
6.4 4.811099e+03 4.767704e+03 4.806217e+03 4.849613e+03
7.4 4.688767e+03 4.746654e+03 4.801642e+03 4.743755e+03
8.4 4.761852e+03 4.772895e+03 4.800844e+03 4.789801e+03
9.4 4.754540e+03 4.785527e+03 4.801872e+03 4.770885e+03
10.4 4.667007e+03 4.776315e+03 4.803304e+03 4.693996e+03
11.4 4.841648e+03 4.584738e+03 4.804453e+03 5.061364e+03
12.4 4.980900e+03 4.844319e+03 4.805157e+03 4.941738e+03
13.4 5.005170e+03 4.749939e+03 4.805466e+03 5.060698e+03
14.4 4.833964e+03 4.926025e+03 4.805560e+03 4.713498e+03
15.4 5.043536e+03 4.912449e+03 4.805542e+03 4.936629e+03
16.4 4.677871e+03 4.811081e+03 4.805494e+03 4.672283e+03
17.4 5.025175e+03 4.874330e+03 4.822635e+03 4.973480e+03
0.4 4.677871e+03 4.811081e+03 4.805494e+03 4.672283e+03
1.4 5.025175e+03 4.874330e+03 4.822635e+03 4.973480e+03
2.4 5.028252e+03 4.881397e+03 4.864029e+03 5.010883e+03
3.4 5.078422e+03 4.864921e+03 4.861213e+03 5.074714e+03
4.4 4.816964e+03 4.775276e+03 4.835222e+03 4.876910e+03
5.4 4.765265e+03 4.721106e+03 4.815111e+03 4.859269e+03
6.4 4.799944e+03 4.747730e+03 4.804283e+03 4.856497e+03
7.4 4.681012e+03 4.809097e+03 4.799953e+03 4.671868e+03
8.4 4.728141e+03 4.789983e+03 4.799245e+03 4.737403e+03
9.4 4.739593e+03 4.849245e+03 4.800341e+03 4.690689e+03
10.4 4.933123e+03 4.841381e+03 4.801860e+03 4.893601e+03
11.4 4.882954e+03 4.849128e+03 4.803125e+03 4.836951e+03
12.4 4.797000e+03 4.835986e+03 4.803895e+03 4.764910e+03
13.4 4.865137e+03 4.834358e+03 4.804307e+03 4.835085e+03
14.4 4.565016e+03 4.829487e+03 4.804487e+03 4.540016e+03
15.4 4.767078e+03 4.823452e+03 4.805627e+03 4.749253e+03
16.4 4.701542e+03 4.860862e+03 4.839421e+03 4.680101e+03
17.4 4.788519e+03 4.905469e+03 4.868079e+03 4.751129e+03
0.7 4.767078e+03 4.823452e+03 4.805627e+03 4.749253e+03
1.7 4.701542e+03 4.860862e+03 4.839421e+03 4.680101e+03
2.7 4.788519e+03 4.905469e+03 4.868079e+03 4.751129e+03
3.7 4.701750e+03 4.855825e+03 4.851335e+03 4.697260e+03
4.7 4.894365e+03 5.138506e+03 4.825999e+03 4.581858e+03
5.7 4.886232e+03 4.710945e+03 4.809819e+03 4.985106e+03
6.7 4.964206e+03 4.777338e+03 4.801846e+03 4.988715e+03
7.7 4.902976e+03 4.783266e+03 4.799214e+03 4.918924e+03
8.7 4.871679e+03 4.794095e+03 4.799483e+03 4.877067e+03
9.7 4.816565e+03 4.791153e+03 4.800962e+03 4.826374e+03
10.7 4.758341e+03 4.799399e+03 4.803417e+03 4.762359e+03
11.7 4.779684e+03 4.857040e+03 4.837340e+03 4.759984e+03
12.7 4.882975e+03 4.899752e+03 4.867835e+03 4.851059e+03
13.7 4.795307e+03 4.880375e+03 4.852226e+03 4.767158e+03
14.7 4.768417e+03 4.823206e+03 4.826977e+03 4.772187e+03
15.7 4.850790e+03 4.765789e+03 4.810673e+03 4.895674e+03
16.7 4.765124e+03 4.764493e+03 4.802621e+03 4.803253e+03
17.7 4.822456e+03 4.815888e+03 4.799965e+03 4.806533e+03
0.7 4.758341e+03 4.799399e+03 4.803417e+03 4.762359e+03
1.7 4.779684e+03 4.857040e+03 4.837340e+03 4.759984e+03
2.7 4.882975e+03 4.899752e+03 4.867835e+03 4.851059e+03
3.7 4.795307e+03 4.880375e+03 4.852226e+03 4.767158e+03
4.7 4.768417e+03 4.823206e+03 4.826977e+03 4.772187e+03
5.7 4.850790e+03 4.765789e+03 4.810673e+03 4.895674e+03
6.7 4.765124e+03 4.764493e+03 4.802621e+03 4.803253e+03
7.7 4.822456e+03 4.815888e+03 4.799965e+03 4.806533e+03
8.7 4.865125e+03 4.844224e+03 4.800252e+03 4.821153e+03
9.7 4.750831e+03 4.806647e+03 4.801780e+03 4.745965e+03
10.7 4.761395e+03 4.750857e+03 4.803413e+03 4.813952e+03
11.7 4.753347e+03 4.753511e+03 4.804677e+03 4.804514e+03
12.7 4.748775e+03 4.797198e+03 4.805465e+03 4.757041e+03
13.7 4.783071e+03 4.775731e+03 4.805943e+03 4.813283e+03
14.7 4.769227e+03 4.786986e+03 4.806234e+03 4.788476e+03
15.7 4.663168e+03 4.810698e+03 4.806444e+03 4.658914e+03
16.7 4.810023e+03 4.828244e+03 4.806621e+03 4.788400e+03
17.7 4.817469e+03 4.833311e+03 4.806788e+03 4.790947e+03
0.7 4.865012e+03 4.815431e+03 4.808272e+03 4.857853e+03
1.7 4.982579e+03 4.861946e+03 4.839056e+03 4.959689e+03
2.7 5.035822e+03 4.901984e+03 4.871210e+03 5.005048e+03
3.7 4.940142e+03 4.882546e+03 4.857610e+03 4.915207e+03
4.7 4.970374e+03 4.972797e+03 4.831464e+03 4.829042e+03
5.7 4.110344e+03 4.476435e+03 4.814721e+03 4.448629e+03
6.7 4.232377e+03 4.644075e+03 4.806426e+03 4.394728e+03
7.7 5.313956e+03 4.991557e+03 4.803687e+03 5.126085e+03
8.7 5.033905e+03 4.919528e+03 4.803963e+03 4.918340e+03
9.7 4.954923e+03 4.938626e+03 4.805609e+03 4.821906e+03
10.7 4.770071e+03 4.877277e+03 4.807375e+03 4.700169e+03
11.7 4.873463e+03 4.872037e+03 4.808785e+03 4.810211e+03
12.7 4.929200e+03 4.806156e+03 4.809714e+03 4.932758e+03
13.7 4.744504e+03 4.759470e+03 4.810311e+03 4.795344e+03
14.7 4.678419e+03 4.751475e+03 4.810695e+03 4.737640e+03
15.7 4.722869e+03 4.727043e+03 4.810987e+03 4.806813e+03
16.7 4.778992e+03 4.734097e+03 4.811265e+03 4.856160e+03
17.7 4.720912e+03 4.791982e+03 4.811552e+03 4.740482e+03
