0.7 1.068076e+04 1.071107e+04 1.072790e+04 1.069759e+04
1.7 1.096547e+04 1.093568e+04 1.086398e+04 1.089376e+04
2.7 1.096580e+04 1.119623e+04 1.098880e+04 1.075836e+04
3.7 1.108263e+04 1.074675e+04 1.092192e+04 1.125779e+04
4.7 1.065859e+04 1.068244e+04 1.081367e+04 1.078982e+04
5.7 1.051414e+04 1.062219e+04 1.077199e+04 1.066393e+04
6.7 1.023537e+04 1.062077e+04 1.091551e+04 1.053010e+04
7.7 1.056724e+04 1.063171e+04 1.096025e+04 1.089578e+04
8.7 1.072845e+04 1.093385e+04 1.086511e+04 1.065971e+04
9.7 1.111020e+04 1.070452e+04 1.077309e+04 1.117877e+04
10.7 1.095445e+04 1.063985e+04 1.072518e+04 1.103978e+04
11.7 1.020469e+04 1.064154e+04 1.070563e+04 1.026878e+04
12.7 1.049057e+04 1.072150e+04 1.070225e+04 1.047132e+04
13.7 1.085298e+04 1.092684e+04 1.070735e+04 1.063349e+04
14.7 1.103606e+04 1.100372e+04 1.071516e+04 1.074751e+04
15.7 1.107766e+04 1.089123e+04 1.072187e+04 1.090831e+04
16.7 1.059993e+04 1.071847e+04 1.072655e+04 1.060801e+04
17.7 1.054318e+04 1.069873e+04 1.072947e+04 1.057392e+04
0.0 1.065859e+04 1.068244e+04 1.081367e+04 1.078982e+04
1.0 1.051414e+04 1.062219e+04 1.077199e+04 1.066393e+04
2.0 1.023537e+04 1.062077e+04 1.091551e+04 1.053010e+04
3.0 1.056724e+04 1.063171e+04 1.096025e+04 1.089578e+04
4.0 1.072845e+04 1.093385e+04 1.086511e+04 1.065971e+04
5.0 1.111020e+04 1.070452e+04 1.077309e+04 1.117877e+04
6.0 1.095445e+04 1.063985e+04 1.072518e+04 1.103978e+04
7.0 1.020469e+04 1.064154e+04 1.070563e+04 1.026878e+04
8.0 1.049057e+04 1.072150e+04 1.070225e+04 1.047132e+04
9.0 1.085298e+04 1.092684e+04 1.070735e+04 1.063349e+04
10.0 1.103606e+04 1.100372e+04 1.071516e+04 1.074751e+04
11.0 1.107766e+04 1.089123e+04 1.072187e+04 1.090831e+04
12.0 1.059993e+04 1.071847e+04 1.072655e+04 1.060801e+04
13.0 1.054318e+04 1.069873e+04 1.072947e+04 1.057392e+04
14.0 1.066211e+04 1.088692e+04 1.073118e+04 1.050638e+04
15.0 1.108010e+04 1.097856e+04 1.073228e+04 1.083382e+04
16.0 1.126328e+04 1.095436e+04 1.073308e+04 1.104200e+04
17.0 1.079901e+04 1.098290e+04 1.073376e+04 1.054987e+04
0.4 1.129918e+04 1.078609e+04 1.074290e+04 1.125599e+04
1.4 1.129629e+04 1.106182e+04 1.081920e+04 1.105367e+04
2.4 1.119768e+04 1.097860e+04 1.099244e+04 1.121153e+04
3.4 1.136585e+04 1.101180e+04 1.097425e+04 1.132831e+04
4.4 1.052482e+04 1.058152e+04 1.086595e+04 1.080925e+04
5.4 1.045150e+04 1.067224e+04 1.078203e+04 1.056130e+04
6.4 1.034374e+04 1.073465e+04 1.073961e+04 1.034870e+04
7.4 1.031308e+04 1.058410e+04 1.072221e+04 1.045119e+04
8.4 1.031527e+04 1.050847e+04 1.072010e+04 1.052690e+04
9.4 1.016057e+04 1.048344e+04 1.072514e+04 1.040227e+04
10.4 1.054792e+04 1.058030e+04 1.073199e+04 1.069961e+04
11.4 1.037624e+04 1.058965e+04 1.073739e+04 1.052397e+04
12.4 1.053088e+04 1.038473e+04 1.074091e+04 1.088706e+04
13.4 1.066173e+04 1.059276e+04 1.074280e+04 1.081177e+04
14.4 1.038276e+04 1.056282e+04 1.074378e+04 1.056373e+04
15.4 1.105523e+04 1.073290e+04 1.074431e+04 1.106664e+04
16.4 1.102397e+04 1.073909e+04 1.074464e+04 1.102951e+04
17.4 1.084627e+04 1.076710e+04 1.074489e+04 1.082406e+04
0.2 1.088048e+04 1.080240e+04 1.072578e+04 1.080386e+04
1.2 1.094865e+04 1.088416e+04 1.076517e+04 1.082966e+04
2.2 1.111454e+04 1.129287e+04 1.094448e+04 1.076615e+04
3.2 1.030881e+04 1.053771e+04 1.097394e+04 1.074504e+04
4.2 1.129755e+04 1.097488e+04 1.086827e+04 1.119093e+04
5.2 1.097566e+04 1.082749e+04 1.077516e+04 1.092333e+04
6.2 1.035249e+04 1.046569e+04 1.072203e+04 1.060884e+04
7.2 1.080073e+04 1.069371e+04 1.069887e+04 1.080589e+04
8.2 1.095988e+04 1.080110e+04 1.069252e+04 1.085130e+04
9.2 1.066441e+04 1.085422e+04 1.069511e+04 1.050530e+04
