0.1 1.114763e+04 1.072272e+04 1.048988e+04 1.091479e+04
1.1 1.129075e+04 1.064009e+04 1.057625e+04 1.122691e+04
2.1 1.117211e+04 1.071254e+04 1.104781e+04 1.150737e+04
3.1 1.110692e+04 1.109574e+04 1.113897e+04 1.115014e+04
4.1 1.143767e+04 1.072898e+04 1.087085e+04 1.157955e+04
5.1 1.012165e+04 1.044007e+04 1.062972e+04 1.031130e+04
6.1 9.934042e+03 1.056243e+04 1.049434e+04 9.865950e+03
7.1 1.058599e+04 1.043084e+04 1.043291e+04 1.058807e+04
8.1 1.069009e+04 1.069369e+04 1.041778e+04 1.041418e+04
9.1 1.099363e+04 1.067572e+04 1.043997e+04 1.075788e+04
10.1 1.115718e+04 1.043767e+04 1.081725e+04 1.153676e+04
11.1 1.110574e+04 1.080195e+04 1.113965e+04 1.144343e+04
12.1 9.954778e+03 1.040099e+04 1.096830e+04 1.052209e+04
13.1 9.961297e+03 1.040315e+04 1.069984e+04 1.025799e+04
14.1 1.050622e+04 1.023498e+04 1.052420e+04 1.079544e+04
15.1 1.041280e+04 1.040185e+04 1.044154e+04 1.045248e+04
16.1 1.085317e+04 1.049184e+04 1.041268e+04 1.077401e+04
17.1 1.032699e+04 1.039121e+04 1.041481e+04 1.035059e+04
0.7 1.099363e+04 1.067572e+04 1.043997e+04 1.075788e+04
1.7 1.115718e+04 1.043767e+04 1.081725e+04 1.153676e+04
2.7 1.110574e+04 1.080195e+04 1.113965e+04 1.144343e+04
3.7 9.954778e+03 1.040099e+04 1.096830e+04 1.052209e+04
4.7 9.961297e+03 1.040315e+04 1.069984e+04 1.025799e+04
5.7 1.050622e+04 1.023498e+04 1.052420e+04 1.079544e+04
6.7 1.041280e+04 1.040185e+04 1.044154e+04 1.045248e+04
7.7 1.085317e+04 1.049184e+04 1.041268e+04 1.077401e+04
8.7 1.032699e+04 1.039121e+04 1.041481e+04 1.035059e+04
9.7 1.012786e+04 1.061749e+04 1.042988e+04 9.940243e+03
10.7 1.028744e+04 1.036250e+04 1.044619e+04 1.037113e+04
11.7 9.852400e+03 1.012333e+04 1.045775e+04 1.018682e+04
12.7 1.063986e+04 1.012525e+04 1.046460e+04 1.097920e+04
13.7 1.039406e+04 1.083572e+04 1.046817e+04 1.002651e+04
14.7 1.073388e+04 1.091263e+04 1.046979e+04 1.029104e+04
15.7 1.057233e+04 1.109030e+04 1.047059e+04 9.952627e+03
16.7 1.046530e+04 1.098897e+04 1.047106e+04 9.947384e+03
17.7 1.075468e+04 1.089992e+04 1.047146e+04 1.032622e+04
1.0 1.041941e+04 1.067656e+04 1.051859e+04 1.026144e+04
2.0 1.067246e+04 1.089807e+04 1.096386e+04 1.073825e+04
3.0 1.030177e+04 1.114779e+04 1.115407e+04 1.030805e+04
4.0 1.102848e+04 1.135853e+04 1.092422e+04 1.059416e+04
5.0 1.120090e+04 1.089380e+04 1.066165e+04 1.096874e+04
6.0 1.104128e+04 1.095163e+04 1.064422e+04 1.073387e+04
7.0 1.149774e+04 1.142492e+04 1.104661e+04 1.111943e+04
8.0 1.135484e+04 1.096092e+04 1.105430e+04 1.144822e+04
9.0 1.165930e+04 1.066513e+04 1.079007e+04 1.178424e+04
10.0 1.030867e+04 1.023597e+04 1.057464e+04 1.064735e+04
11.0 1.035104e+04 1.018064e+04 1.046901e+04 1.063941e+04
12.0 1.043652e+04 9.786539e+03 1.042843e+04 1.107840e+04
13.0 1.021953e+04 1.072231e+04 1.042607e+04 9.923288e+03
14.0 1.020739e+04 1.044213e+04 1.044165e+04 1.020690e+04
15.0 1.018603e+04 1.067266e+04 1.046196e+04 9.975333e+03
16.0 1.108809e+04 1.049935e+04 1.047844e+04 1.106718e+04
17.0 1.066143e+04 1.064437e+04 1.048980e+04 1.050687e+04
18.0 1.130980e+04 1.070659e+04 1.049661e+04 1.109982e+04
0.3 1.120090e+04 1.089380e+04 1.066165e+04 1.096874e+04
1.3 1.104128e+04 1.095163e+04 1.064422e+04 1.073387e+04
2.3 1.149774e+04 1.142492e+04 1.104661e+04 1.111943e+04
3.3 1.135484e+04 1.096092e+04 1.105430e+04 1.144822e+04
4.3 1.165930e+04 1.066513e+04 1.079007e+04 1.178424e+04
5.3 1.030867e+04 1.023597e+04 1.057464e+04 1.064735e+04
6.3 1.035104e+04 1.018064e+04 1.046901e+04 1.063941e+04
7.3 1.043652e+04 9.786539e+03 1.042843e+04 1.107840e+04
8.3 1.021953e+04 1.072231e+04 1.042607e+04 9.923288e+03
9.3 1.020739e+04 1.044213e+04 1.044165e+04 1.020690e+04
10.3 1.018603e+04 1.067266e+04 1.046196e+04 9.975333e+03
11.3 1.108809e+04 1.049935e+04 1.047844e+04 1.106718e+04
12.3 1.066143e+04 1.064437e+04 1.048980e+04 1.050687e+04
13.3 1.130980e+04 1.070659e+04 1.049661e+04 1.109982e+04
14.3 1.029074e+04 1.052949e+04 1.050079e+04 1.026204e+04
15.3 1.164288e+04 1.044113e+04 1.050361e+04 1.170537e+04
16.3 1.088682e+04 1.051244e+04 1.050581e+04 1.088019e+04
17.3 1.175595e+04 1.047120e+04 1.050776e+04 1.179251e+04
0.7 1.104088e+04 9.983569e+03 1.052531e+04 1.158262e+04
1.7 1.055904e+04 1.070313e+04 1.085270e+04 1.070861e+04
2.7 1.042580e+04 1.072136e+04 1.119779e+04 1.090223e+04
3.7 1.086103e+04 1.109598e+04 1.104000e+04 1.080504e+04
4.7 1.098375e+04 1.076095e+04 1.076263e+04 1.098543e+04
5.7 1.073256e+04 1.067143e+04 1.057630e+04 1.063743e+04
6.7 9.162631e+03 1.039570e+04 1.048744e+04 9.254368e+03
7.7 8.945701e+03 1.045017e+04 1.045492e+04 8.950455e+03
8.7 1.063011e+04 1.050946e+04 1.045575e+04 1.057640e+04
9.7 9.854923e+03 1.068249e+04 1.047053e+04 9.642973e+03
10.7 1.066416e+04 1.054512e+04 1.048728e+04 1.060632e+04
11.7 1.119430e+04 1.036182e+04 1.049948e+04 1.133196e+04
12.7 1.086542e+04 1.040093e+04 1.050704e+04 1.097154e+04
13.7 1.159100e+04 1.070983e+04 1.051097e+04 1.139214e+04
14.7 1.004394e+04 9.729543e+03 1.051302e+04 1.082741e+04
15.7 8.792825e+03 1.041862e+04 1.051420e+04 8.888405e+03
16.7 1.080006e+04 1.052905e+04 1.051506e+04 1.078607e+04
17.7 1.219862e+04 1.093329e+04 1.051588e+04 1.178121e+04
