0.6 9.046468e+03 9.162281e+03 9.151387e+03 9.035574e+03
1.6 9.106914e+03 9.158066e+03 9.159967e+03 9.108814e+03
2.6 9.122659e+03 9.186597e+03 9.181658e+03 9.117721e+03
3.6 9.184836e+03 9.189564e+03 9.183638e+03 9.178910e+03
4.6 9.207105e+03 9.170566e+03 9.170659e+03 9.207198e+03
5.6 9.187149e+03 9.173284e+03 9.159220e+03 9.173085e+03
6.6 9.118979e+03 9.196398e+03 9.153266e+03 9.075846e+03
7.6 9.044792e+03 9.155476e+03 9.150874e+03 9.040191e+03
8.6 9.195364e+03 9.179092e+03 9.152024e+03 9.168296e+03
9.6 9.221206e+03 9.176346e+03 9.170351e+03 9.215211e+03
10.6 9.153033e+03 9.197638e+03 9.190819e+03 9.146214e+03
11.6 9.137024e+03 9.211334e+03 9.184817e+03 9.110506e+03
12.6 9.117259e+03 9.143302e+03 9.169773e+03 9.143729e+03
13.6 9.153731e+03 9.275096e+03 9.158959e+03 9.037594e+03
14.6 9.151291e+03 9.208641e+03 9.153776e+03 9.096426e+03
15.6 9.228052e+03 9.123539e+03 9.151957e+03 9.256470e+03
16.6 9.156917e+03 9.184906e+03 9.152137e+03 9.124148e+03
17.6 9.163614e+03 9.158956e+03 9.153171e+03 9.157830e+03
1.0 9.195364e+03 9.179092e+03 9.152024e+03 9.168296e+03
2.0 9.221206e+03 9.176346e+03 9.170351e+03 9.215211e+03
3.0 9.153033e+03 9.197638e+03 9.190819e+03 9.146214e+03
4.0 9.137024e+03 9.211334e+03 9.184817e+03 9.110506e+03
5.0 9.117259e+03 9.143302e+03 9.169773e+03 9.143729e+03
6.0 9.153731e+03 9.275096e+03 9.158959e+03 9.037594e+03
7.0 9.151291e+03 9.208641e+03 9.153776e+03 9.096426e+03
8.0 9.228052e+03 9.123539e+03 9.151957e+03 9.256470e+03
9.0 9.156917e+03 9.184906e+03 9.152137e+03 9.124148e+03
10.0 9.163614e+03 9.158956e+03 9.153171e+03 9.157830e+03
11.0 9.168904e+03 9.162234e+03 9.154349e+03 9.161019e+03
12.0 9.145256e+03 9.140214e+03 9.155265e+03 9.160306e+03
13.0 9.146253e+03 9.145053e+03 9.155897e+03 9.157097e+03
14.0 9.122955e+03 9.137478e+03 9.156298e+03 9.141775e+03
15.0 9.133382e+03 9.122531e+03 9.156568e+03 9.167418e+03
16.0 9.087330e+03 9.118381e+03 9.156769e+03 9.125718e+03
17.0 9.200404e+03 9.161610e+03 9.156936e+03 9.195730e+03
18.0 9.114288e+03 9.134060e+03 9.157085e+03 9.137313e+03
0.2 9.083376e+03 9.045274e+03 9.159060e+03 9.197162e+03
1.2 9.124165e+03 9.005027e+03 9.161707e+03 9.280845e+03
2.2 9.176895e+03 9.144840e+03 9.180438e+03 9.212493e+03
3.2 9.144633e+03 9.204631e+03 9.189218e+03 9.129220e+03
4.2 9.149317e+03 9.205825e+03 9.179188e+03 9.122680e+03
5.2 9.121589e+03 9.224050e+03 9.167689e+03 9.065228e+03
6.2 9.150906e+03 9.187224e+03 9.160766e+03 9.124448e+03
7.2 9.118702e+03 9.154974e+03 9.157496e+03 9.121224e+03
8.2 9.129430e+03 9.166495e+03 9.156563e+03 9.119498e+03
9.2 9.114027e+03 9.143745e+03 9.156859e+03 9.127141e+03
10.2 9.119781e+03 9.147281e+03 9.157604e+03 9.130104e+03
11.2 9.112994e+03 9.166306e+03 9.158321e+03 9.105009e+03
12.2 9.134866e+03 9.186755e+03 9.158836e+03 9.106947e+03
13.2 9.169826e+03 9.154220e+03 9.159128e+03 9.174734e+03
14.2 9.187553e+03 9.172568e+03 9.159279e+03 9.174264e+03
15.2 9.174355e+03 9.184224e+03 9.159344e+03 9.149475e+03
16.2 9.136415e+03 9.171360e+03 9.159372e+03 9.124427e+03
17.2 9.175964e+03 9.183550e+03 9.159384e+03 9.151798e+03
0.9 9.120080e+03 9.116113e+03 9.157697e+03 9.161665e+03
1.9 9.126108e+03 9.190379e+03 9.171419e+03 9.107148e+03
2.9 9.145720e+03 9.210976e+03 9.187470e+03 9.122214e+03
3.9 9.199984e+03 9.206783e+03 9.181555e+03 9.174756e+03
4.9 9.171657e+03 9.200602e+03 9.168810e+03 9.139865e+03
5.9 9.188242e+03 9.213436e+03 9.159777e+03 9.134583e+03
6.9 9.248175e+03 9.204732e+03 9.155330e+03 9.198773e+03
7.9 9.193311e+03 9.192806e+03 9.153585e+03 9.154090e+03
8.9 9.242891e+03 9.168813e+03 9.153448e+03 9.227527e+03
9.9 9.067376e+03 9.153603e+03 9.154003e+03 9.067776e+03
10.9 9.235573e+03 9.144874e+03 9.154677e+03 9.245377e+03
11.9 9.272516e+03 9.154636e+03 9.155152e+03 9.273032e+03
12.9 9.233039e+03 9.205487e+03 9.155410e+03 9.182962e+03
13.9 9.247980e+03 9.190038e+03 9.157455e+03 9.215396e+03
14.9 9.151635e+03 9.189890e+03 9.176322e+03 9.138068e+03
15.9 9.322620e+03 9.208505e+03 9.193384e+03 9.307499e+03
16.9 9.221460e+03 9.198522e+03 9.184742e+03 9.207680e+03
17.9 9.174610e+03 9.180622e+03 9.168970e+03 9.162959e+03
0.1 9.233039e+03 9.205487e+03 9.155410e+03 9.182962e+03
1.1 9.247980e+03 9.190038e+03 9.157455e+03 9.215396e+03
2.1 9.151635e+03 9.189890e+03 9.176322e+03 9.138068e+03
3.1 9.322620e+03 9.208505e+03 9.193384e+03 9.307499e+03
4.1 9.221460e+03 9.198522e+03 9.184742e+03 9.207680e+03
5.1 9.174610e+03 9.180622e+03 9.168970e+03 9.162959e+03
6.1 9.178548e+03 9.182752e+03 9.158678e+03 9.154474e+03
7.1 9.252009e+03 9.159419e+03 9.153552e+03 9.246142e+03
8.1 9.151407e+03 9.186158e+03 9.151657e+03 9.116905e+03
9.1 9.201516e+03 9.202872e+03 9.151654e+03 9.150297e+03
10.1 9.158018e+03 9.180885e+03 9.152455e+03 9.129589e+03
11.1 9.288300e+03 9.133816e+03 9.153315e+03 9.307799e+03
12.1 9.133956e+03 9.164266e+03 9.153940e+03 9.123630e+03
13.1 9.041991e+03 9.144949e+03 9.154301e+03 9.051343e+03
14.1 9.121657e+03 9.153737e+03 9.154454e+03 9.122374e+03
15.1 9.116479e+03 9.170924e+03 9.154498e+03 9.100053e+03
16.1 9.066193e+03 9.156051e+03 9.154488e+03 9.064630e+03
17.1 9.100992e+03 9.161533e+03 9.154459e+03 9.093918e+03
0.9 9.206586e+03 9.150274e+03 9.155312e+03 9.211624e+03
1.9 9.339106e+03 9.192979e+03 9.169892e+03 9.316018e+03
2.9 9.147024e+03 9.196285e+03 9.184522e+03 9.135261e+03
3.9 9.113218e+03 9.197961e+03 9.177823e+03 9.093080e+03
4.9 9.062098e+03 9.115017e+03 9.165543e+03 9.112625e+03
5.9 9.200555e+03 9.150143e+03 9.161433e+03 9.211844e+03
6.9 9.301180e+03 9.216887e+03 9.175668e+03 9.259961e+03
7.9 9.183330e+03 9.169966e+03 9.178609e+03 9.191973e+03
8.9 9.201348e+03 9.165351e+03 9.168184e+03 9.204182e+03
9.9 9.309352e+03 9.332056e+03 9.158774e+03 9.136069e+03
10.9 8.203298e+03 8.254441e+03 9.154003e+03 9.102860e+03
11.9 8.957431e+03 9.005808e+03 9.163757e+03 9.115380e+03
12.9 9.221482e+03 9.187208e+03 9.185208e+03 9.219482e+03
13.9 9.240692e+03 9.203800e+03 9.183879e+03 9.220771e+03
14.9 9.219322e+03 9.197687e+03 9.170143e+03 9.191779e+03
15.9 9.272117e+03 9.272483e+03 9.159093e+03 9.158727e+03
16.9 9.279887e+03 9.306119e+03 9.153500e+03 9.127267e+03
17.9 9.341139e+03 9.245274e+03 9.151262e+03 9.247126e+03
0.3 9.062098e+03 9.115017e+03 9.165543e+03 9.112625e+03
1.3 9.200555e+03 9.150143e+03 9.161433e+03 9.211844e+03
2.3 9.301180e+03 9.216887e+03 9.175668e+03 9.259961e+03
3.3 9.183330e+03 9.169966e+03 9.178609e+03 9.191973e+03
4.3 9.201348e+03 9.165351e+03 9.168184e+03 9.204182e+03
5.3 9.309352e+03 9.332056e+03 9.158774e+03 9.136069e+03
6.3 8.203298e+03 8.254441e+03 9.154003e+03 9.102860e+03
7.3 8.957431e+03 9.005808e+03 9.163757e+03 9.115380e+03
8.3 9.221482e+03 9.187208e+03 9.185208e+03 9.219482e+03
9.3 9.240692e+03 9.203800e+03 9.183879e+03 9.220771e+03
10.3 9.219322e+03 9.197687e+03 9.170143e+03 9.191779e+03
11.3 9.272117e+03 9.272483e+03 9.159093e+03 9.158727e+03
12.3 9.279887e+03 9.306119e+03 9.153500e+03 9.127267e+03
13.3 9.341139e+03 9.245274e+03 9.151262e+03 9.247126e+03
14.3 9.146272e+03 9.294767e+03 9.151057e+03 9.002563e+03
15.3 9.383260e+03 9.177146e+03 9.151795e+03 9.357909e+03
16.3 9.286820e+03 9.150230e+03 9.152769e+03 9.289358e+03
17.3 9.179290e+03 9.155040e+03 9.153542e+03 9.177792e+03
0.7 8.203298e+03 8.254441e+03 9.154003e+03 9.102860e+03
1.7 8.957431e+03 9.005808e+03 9.163757e+03 9.115380e+03
2.7 9.221482e+03 9.187208e+03 9.185208e+03 9.219482e+03
3.7 9.240692e+03 9.203800e+03 9.183879e+03 9.220771e+03
4.7 9.219322e+03 9.197687e+03 9.170143e+03 9.191779e+03
5.7 9.272117e+03 9.272483e+03 9.159093e+03 9.158727e+03
6.7 9.279887e+03 9.306119e+03 9.153500e+03 9.127267e+03
7.7 9.341139e+03 9.245274e+03 9.151262e+03 9.247126e+03
8.7 9.146272e+03 9.294767e+03 9.151057e+03 9.002563e+03
9.7 9.383260e+03 9.177146e+03 9.151795e+03 9.357909e+03
10.7 9.286820e+03 9.150230e+03 9.152769e+03 9.289358e+03
11.7 9.179290e+03 9.155040e+03 9.153542e+03 9.177792e+03
12.7 9.207000e+03 9.159324e+03 9.154056e+03 9.201733e+03
13.7 9.175324e+03 9.174397e+03 9.154343e+03 9.155269e+03
14.7 9.166445e+03 9.182837e+03 9.155092e+03 9.138700e+03
15.7 9.174454e+03 9.183921e+03 9.169468e+03 9.160001e+03
16.7 9.224198e+03 9.203332e+03 9.188295e+03 9.209160e+03
17.7 9.294744e+03 9.195351e+03 9.183449e+03 9.282842e+03
0.9 9.166445e+03 9.182837e+03 9.155092e+03 9.138700e+03
1.9 9.174454e+03 9.183921e+03 9.169468e+03 9.160001e+03
2.9 9.224198e+03 9.203332e+03 9.188295e+03 9.209160e+03
3.9 9.294744e+03 9.195351e+03 9.183449e+03 9.282842e+03
4.9 9.229688e+03 9.157509e+03 9.169386e+03 9.241565e+03
5.9 8.952063e+03 9.124897e+03 9.159228e+03 8.986394e+03
6.9 9.178249e+03 9.148603e+03 9.153948e+03 9.183594e+03
7.9 9.128710e+03 9.151062e+03 9.152017e+03 9.129665e+03
8.9 9.091488e+03 9.127739e+03 9.151926e+03 9.115675e+03
9.9 9.085691e+03 9.155344e+03 9.152689e+03 9.083036e+03
10.9 9.124316e+03 9.183600e+03 9.153601e+03 9.094318e+03
11.9 9.085242e+03 9.178757e+03 9.154341e+03 9.060826e+03
12.9 9.149108e+03 9.159029e+03 9.154807e+03 9.144887e+03
13.9 9.124535e+03 9.140340e+03 9.155085e+03 9.139280e+03
14.9 9.176665e+03 9.168304e+03 9.155242e+03 9.163604e+03
15.9 8.604839e+03 8.804179e+03 9.155343e+03 8.956002e+03
16.9 8.815974e+03 9.134100e+03 9.155420e+03 8.837294e+03
17.9 9.122806e+03 9.064025e+03 9.155487e+03 9.214269e+03
0.5 9.160875e+03 9.194478e+03 9.155833e+03 9.122229e+03
1.5 9.173002e+03 9.183798e+03 9.162440e+03 9.151644e+03
2.5 9.206206e+03 9.208222e+03 9.187066e+03 9.185050e+03
3.5 9.213444e+03 9.213669e+03 9.196959e+03 9.196734e+03
4.5 9.245388e+03 9.219345e+03 9.182990e+03 9.209033e+03
5.5 9.249121e+03 9.191411e+03 9.167439e+03 9.225150e+03
6.5 9.204068e+03 9.170114e+03 9.157944e+03 9.191898e+03
7.5 9.212793e+03 9.174229e+03 9.153766e+03 9.192330e+03
8.5 9.221369e+03 9.185173e+03 9.152621e+03 9.188818e+03
9.5 9.208605e+03 9.225254e+03 9.153137e+03 9.136488e+03
10.5 9.234978e+03 9.168756e+03 9.154240e+03 9.220463e+03
11.5 9.269308e+03 9.184759e+03 9.155537e+03 9.240087e+03
12.5 9.186420e+03 9.157299e+03 9.166820e+03 9.195941e+03
13.5 9.170537e+03 9.189864e+03 9.185849e+03 9.166522e+03
14.5 9.182048e+03 9.198615e+03 9.183739e+03 9.167172e+03
15.5 9.319511e+03 9.208302e+03 9.171295e+03 9.282504e+03
16.5 9.298645e+03 9.207532e+03 9.161632e+03 9.252745e+03
17.5 9.339139e+03 9.239236e+03 9.156794e+03 9.256698e+03
0.7 9.269308e+03 9.184759e+03 9.155537e+03 9.240087e+03
1.7 9.186420e+03 9.157299e+03 9.166820e+03 9.195941e+03
2.7 9.170537e+03 9.189864e+03 9.185849e+03 9.166522e+03
3.7 9.182048e+03 9.198615e+03 9.183739e+03 9.167172e+03
4.7 9.319511e+03 9.208302e+03 9.171295e+03 9.282504e+03
5.7 9.298645e+03 9.207532e+03 9.161632e+03 9.252745e+03
6.7 9.339139e+03 9.239236e+03 9.156794e+03 9.256698e+03
7.7 9.043898e+03 8.955980e+03 9.154927e+03 9.242845e+03
8.7 9.302653e+03 9.219067e+03 9.154807e+03 9.238393e+03
9.7 9.233557e+03 9.237401e+03 9.155537e+03 9.151693e+03
10.7 9.147617e+03 9.197756e+03 9.156472e+03 9.106334e+03
11.7 9.194167e+03 9.178156e+03 9.157240e+03 9.173251e+03
12.7 9.118146e+03 9.131530e+03 9.157787e+03 9.144403e+03
13.7 9.232679e+03 9.167300e+03 9.158164e+03 9.223543e+03
14.7 9.080676e+03 9.171286e+03 9.158434e+03 9.067824e+03
15.7 8.920667e+03 9.100412e+03 9.158657e+03 8.978912e+03
16.7 9.099084e+03 9.088080e+03 9.158863e+03 9.169866e+03
17.7 9.139968e+03 9.152873e+03 9.159067e+03 9.146163e+03
