0.4 8.641493e+03 8.604878e+03 8.599104e+03 8.635719e+03
1.4 8.668711e+03 8.682183e+03 8.605502e+03 8.592031e+03
2.4 8.529097e+03 8.621612e+03 8.619797e+03 8.527282e+03
3.4 8.710967e+03 8.672184e+03 8.618504e+03 8.657287e+03
4.4 8.672955e+03 8.597595e+03 8.609513e+03 8.684873e+03
5.4 8.604872e+03 8.613814e+03 8.602553e+03 8.593612e+03
6.4 8.592655e+03 8.468914e+03 8.599053e+03 8.722793e+03
7.4 8.625713e+03 8.570846e+03 8.597656e+03 8.652523e+03
8.4 8.615303e+03 8.582219e+03 8.597500e+03 8.630584e+03
9.4 8.597859e+03 8.567339e+03 8.597954e+03 8.628473e+03
10.4 8.511338e+03 8.607013e+03 8.598557e+03 8.502882e+03
11.4 8.697166e+03 8.633004e+03 8.599039e+03 8.663202e+03
12.4 8.609467e+03 8.567242e+03 8.599361e+03 8.641585e+03
13.4 8.526691e+03 8.519743e+03 8.599556e+03 8.606504e+03
14.4 8.577695e+03 8.566562e+03 8.599669e+03 8.610802e+03
15.4 8.685997e+03 8.535234e+03 8.599743e+03 8.750506e+03
16.4 8.650505e+03 8.604848e+03 8.599798e+03 8.645455e+03
17.4 8.522943e+03 8.576319e+03 8.599845e+03 8.546470e+03
0.7 8.707003e+03 8.540603e+03 8.599504e+03 8.765904e+03
1.7 8.582686e+03 8.606658e+03 8.610810e+03 8.586837e+03
2.7 8.624332e+03 8.705435e+03 8.621151e+03 8.540048e+03
3.7 8.170168e+03 8.175666e+03 8.615565e+03 8.610066e+03
4.7 8.798396e+03 8.472258e+03 8.606690e+03 8.932829e+03
5.7 8.853092e+03 8.573750e+03 8.600857e+03 8.880199e+03
6.7 8.742337e+03 8.566587e+03 8.598122e+03 8.773872e+03
7.7 8.787637e+03 8.619667e+03 8.603512e+03 8.771482e+03
8.7 8.661375e+03 8.665399e+03 8.618007e+03 8.613984e+03
9.7 8.703112e+03 8.656798e+03 8.616977e+03 8.663292e+03
10.7 8.539461e+03 8.595054e+03 8.608266e+03 8.552673e+03
11.7 8.755310e+03 8.536487e+03 8.601864e+03 8.820687e+03
12.7 8.529862e+03 8.559710e+03 8.598552e+03 8.568704e+03
13.7 8.706139e+03 8.624904e+03 8.597217e+03 8.678452e+03
14.7 8.671086e+03 8.672171e+03 8.597092e+03 8.596007e+03
15.7 8.751138e+03 8.635156e+03 8.597545e+03 8.713526e+03
16.7 8.606134e+03 8.584406e+03 8.598108e+03 8.619835e+03
17.7 8.642014e+03 8.559247e+03 8.598560e+03 8.681327e+03
0.4 8.742337e+03 8.566587e+03 8.598122e+03 8.773872e+03
1.4 8.787637e+03 8.619667e+03 8.603512e+03 8.771482e+03
2.4 8.661375e+03 8.665399e+03 8.618007e+03 8.613984e+03
3.4 8.703112e+03 8.656798e+03 8.616977e+03 8.663292e+03
4.4 8.539461e+03 8.595054e+03 8.608266e+03 8.552673e+03
5.4 8.755310e+03 8.536487e+03 8.601864e+03 8.820687e+03
6.4 8.529862e+03 8.559710e+03 8.598552e+03 8.568704e+03
7.4 8.706139e+03 8.624904e+03 8.597217e+03 8.678452e+03
8.4 8.671086e+03 8.672171e+03 8.597092e+03 8.596007e+03
9.4 8.751138e+03 8.635156e+03 8.597545e+03 8.713526e+03
10.4 8.606134e+03 8.584406e+03 8.598108e+03 8.619835e+03
11.4 8.642014e+03 8.559247e+03 8.598560e+03 8.681327e+03
12.4 8.527065e+03 8.575933e+03 8.598856e+03 8.549988e+03
13.4 8.755128e+03 8.642734e+03 8.599015e+03 8.711409e+03
14.4 7.927229e+03 8.354929e+03 8.599100e+03 8.171400e+03
15.4 8.085832e+03 8.510494e+03 8.599145e+03 8.174483e+03
16.4 8.666603e+03 8.582100e+03 8.599173e+03 8.683675e+03
17.4 8.602092e+03 8.582839e+03 8.599195e+03 8.618448e+03
0.6 8.556605e+03 8.656751e+03 8.599399e+03 8.499252e+03
1.6 8.302207e+03 8.609563e+03 8.608857e+03 8.301500e+03
2.6 8.751800e+03 8.643167e+03 8.620997e+03 8.729629e+03
3.6 8.670820e+03 8.564098e+03 8.617060e+03 8.723783e+03
4.6 8.513199e+03 8.566792e+03 8.607793e+03 8.554199e+03
5.6 8.531730e+03 8.456925e+03 8.601606e+03 8.676411e+03
6.6 8.399902e+03 8.504749e+03 8.598438e+03 8.493591e+03
7.6 8.565594e+03 8.602368e+03 8.597278e+03 8.560504e+03
8.6 8.430597e+03 8.502577e+03 8.597216e+03 8.525235e+03
9.6 8.436239e+03 8.578086e+03 8.597666e+03 8.455819e+03
10.6 8.544851e+03 8.579813e+03 8.598181e+03 8.563218e+03
11.6 9.011254e+03 8.840090e+03 8.598578e+03 8.769742e+03
12.6 9.035746e+03 8.887542e+03 8.598805e+03 8.747010e+03
13.6 8.608191e+03 8.636937e+03 8.598916e+03 8.570170e+03
14.6 8.520350e+03 8.603497e+03 8.598960e+03 8.515813e+03
