0.1 8.660026e+03 8.623302e+03 8.597518e+03 8.634242e+03
1.1 8.669736e+03 8.573393e+03 8.601677e+03 8.698020e+03
2.1 8.653058e+03 8.672170e+03 8.624388e+03 8.605275e+03
3.1 8.645308e+03 8.615239e+03 8.628778e+03 8.658847e+03
4.1 8.652585e+03 8.610704e+03 8.615865e+03 8.657747e+03
5.1 8.521912e+03 8.586164e+03 8.604253e+03 8.540000e+03
6.1 8.481279e+03 8.569017e+03 8.597733e+03 8.509995e+03
7.1 8.567883e+03 8.535158e+03 8.594774e+03 8.627499e+03
8.1 8.676345e+03 8.682962e+03 8.594046e+03 8.587429e+03
9.1 8.730665e+03 8.645839e+03 8.595114e+03 8.679940e+03
10.1 8.656274e+03 8.606990e+03 8.613284e+03 8.662567e+03
11.1 8.775228e+03 8.696106e+03 8.628810e+03 8.707933e+03
12.1 8.633832e+03 8.743292e+03 8.620558e+03 8.511098e+03
13.1 8.559688e+03 8.614159e+03 8.607629e+03 8.553158e+03
14.1 8.438708e+03 8.604273e+03 8.599171e+03 8.433606e+03
15.1 8.609534e+03 8.588528e+03 8.595189e+03 8.616196e+03
16.1 8.671741e+03 8.584484e+03 8.593800e+03 8.681056e+03
17.1 8.730515e+03 8.529987e+03 8.593902e+03 8.794430e+03
0.7 8.730665e+03 8.645839e+03 8.595114e+03 8.679940e+03
1.7 8.656274e+03 8.606990e+03 8.613284e+03 8.662567e+03
2.7 8.775228e+03 8.696106e+03 8.628810e+03 8.707933e+03
3.7 8.633832e+03 8.743292e+03 8.620558e+03 8.511098e+03
4.7 8.559688e+03 8.614159e+03 8.607629e+03 8.553158e+03
5.7 8.438708e+03 8.604273e+03 8.599171e+03 8.433606e+03
6.7 8.609534e+03 8.588528e+03 8.595189e+03 8.616196e+03
7.7 8.671741e+03 8.584484e+03 8.593800e+03 8.681056e+03
8.7 8.730515e+03 8.529987e+03 8.593902e+03 8.794430e+03
9.7 8.707133e+03 8.595621e+03 8.594628e+03 8.706140e+03
10.7 8.644260e+03 8.607744e+03 8.595414e+03 8.631929e+03
11.7 8.715234e+03 8.568189e+03 8.595971e+03 8.743016e+03
12.7 8.593543e+03 8.576708e+03 8.596300e+03 8.613136e+03
13.7 8.693522e+03 8.603994e+03 8.596472e+03 8.686001e+03
14.7 8.446816e+03 8.604798e+03 8.596550e+03 8.438569e+03
15.7 8.414587e+03 8.664291e+03 8.596589e+03 8.346885e+03
16.7 8.536611e+03 8.745741e+03 8.596611e+03 8.387482e+03
17.7 8.564463e+03 8.712120e+03 8.596631e+03 8.448974e+03
1.0 8.516199e+03 8.604415e+03 8.598900e+03 8.510684e+03
2.0 8.514451e+03 8.620120e+03 8.620345e+03 8.514676e+03
3.0 8.503698e+03 8.618233e+03 8.629505e+03 8.514970e+03
4.0 8.542644e+03 8.584142e+03 8.618436e+03 8.576937e+03
5.0 8.508004e+03 8.628494e+03 8.605790e+03 8.485300e+03
6.0 8.557365e+03 8.644108e+03 8.604951e+03 8.518208e+03
7.0 8.463518e+03 8.570527e+03 8.624330e+03 8.517321e+03
8.0 8.596880e+03 8.629948e+03 8.624700e+03 8.591631e+03
9.0 8.597777e+03 8.565716e+03 8.611975e+03 8.644036e+03
10.0 8.849051e+03 8.651275e+03 8.601600e+03 8.799376e+03
11.0 8.611759e+03 8.588398e+03 8.596513e+03 8.619874e+03
12.0 8.610023e+03 8.517263e+03 8.594558e+03 8.687318e+03
13.0 8.694240e+03 8.719380e+03 8.594444e+03 8.569304e+03
14.0 8.690636e+03 8.613460e+03 8.595195e+03 8.672371e+03
15.0 8.627928e+03 8.610012e+03 8.596173e+03 8.614089e+03
16.0 8.692138e+03 8.594216e+03 8.596967e+03 8.694889e+03
17.0 8.644983e+03 8.624879e+03 8.597514e+03 8.617618e+03
18.0 8.786845e+03 8.651137e+03 8.597842e+03 8.733550e+03
0.3 8.508004e+03 8.628494e+03 8.605790e+03 8.485300e+03
1.3 8.557365e+03 8.644108e+03 8.604951e+03 8.518208e+03
2.3 8.463518e+03 8.570527e+03 8.624330e+03 8.517321e+03
3.3 8.596880e+03 8.629948e+03 8.624700e+03 8.591631e+03
4.3 8.597777e+03 8.565716e+03 8.611975e+03 8.644036e+03
5.3 8.849051e+03 8.651275e+03 8.601600e+03 8.799376e+03
6.3 8.611759e+03 8.588398e+03 8.596513e+03 8.619874e+03
7.3 8.610023e+03 8.517263e+03 8.594558e+03 8.687318e+03
8.3 8.694240e+03 8.719380e+03 8.594444e+03 8.569304e+03
9.3 8.690636e+03 8.613460e+03 8.595195e+03 8.672371e+03
10.3 8.627928e+03 8.610012e+03 8.596173e+03 8.614089e+03
11.3 8.692138e+03 8.594216e+03 8.596967e+03 8.694889e+03
12.3 8.644983e+03 8.624879e+03 8.597514e+03 8.617618e+03
13.3 8.786845e+03 8.651137e+03 8.597842e+03 8.733550e+03
14.3 8.495943e+03 8.614582e+03 8.598043e+03 8.479404e+03
15.3 8.757491e+03 8.514544e+03 8.598179e+03 8.841126e+03
16.3 8.547393e+03 8.539828e+03 8.598285e+03 8.605849e+03
17.3 8.571666e+03 8.555916e+03 8.598379e+03 8.614128e+03
0.7 8.490034e+03 8.428739e+03 8.599224e+03 8.660519e+03
1.7 8.891681e+03 8.606020e+03 8.614991e+03 8.900652e+03
2.7 8.771218e+03 8.726482e+03 8.631611e+03 8.676347e+03
3.7 8.673537e+03 8.584087e+03 8.624011e+03 8.713461e+03
4.7 8.691605e+03 8.576304e+03 8.610653e+03 8.725954e+03
5.7 8.646772e+03 8.661946e+03 8.601680e+03 8.586506e+03
6.7 8.556605e+03 8.656751e+03 8.597400e+03 8.497254e+03
7.7 8.302207e+03 8.609563e+03 8.595834e+03 8.288477e+03
8.7 8.751800e+03 8.643167e+03 8.595874e+03 8.704507e+03
9.7 8.670820e+03 8.564098e+03 8.596586e+03 8.703309e+03
10.7 8.513199e+03 8.566792e+03 8.597392e+03 8.543799e+03
11.7 8.531730e+03 8.456925e+03 8.597980e+03 8.672785e+03
12.7 8.399902e+03 8.504749e+03 8.598344e+03 8.493498e+03
13.7 8.565594e+03 8.602368e+03 8.598534e+03 8.561759e+03
14.7 8.430597e+03 8.502577e+03 8.598632e+03 8.526651e+03
15.7 8.436239e+03 8.578086e+03 8.598689e+03 8.456842e+03
16.7 8.544851e+03 8.579813e+03 8.598730e+03 8.563768e+03
17.7 9.011254e+03 8.840090e+03 8.598770e+03 8.769934e+03
