0.2 7.272421e+03 7.209674e+03 7.139981e+03 7.202728e+03
1.2 7.391293e+03 7.199765e+03 7.153873e+03 7.345402e+03
2.2 7.308034e+03 7.200847e+03 7.222620e+03 7.329807e+03
3.2 7.149032e+03 7.217823e+03 7.234063e+03 7.165272e+03
4.2 7.284599e+03 7.287827e+03 7.195972e+03 7.192745e+03
5.2 7.202715e+03 7.154376e+03 7.160526e+03 7.208864e+03
6.2 7.094706e+03 7.093340e+03 7.141408e+03 7.142774e+03
7.2 7.331838e+03 7.055828e+03 7.132880e+03 7.408890e+03
8.2 7.245101e+03 7.169988e+03 7.130968e+03 7.206081e+03
9.2 7.181040e+03 7.023205e+03 7.132358e+03 7.290193e+03
10.2 7.146390e+03 7.007490e+03 7.134850e+03 7.273750e+03
11.2 7.177654e+03 7.103039e+03 7.136983e+03 7.211598e+03
12.2 7.146721e+03 7.137188e+03 7.138429e+03 7.147962e+03
13.2 7.115664e+03 7.150355e+03 7.139207e+03 7.104517e+03
14.2 7.250885e+03 7.150709e+03 7.139589e+03 7.239765e+03
15.2 7.194238e+03 7.241842e+03 7.139765e+03 7.092160e+03
16.2 7.162704e+03 7.194668e+03 7.139840e+03 7.107876e+03
17.2 7.105328e+03 7.167237e+03 7.139877e+03 7.077968e+03
0.8 7.199857e+03 7.213339e+03 7.143037e+03 7.129556e+03
1.8 7.277306e+03 7.150399e+03 7.201695e+03 7.328603e+03
2.8 7.326300e+03 7.319086e+03 7.238999e+03 7.246212e+03
3.8 6.917941e+03 7.195611e+03 7.209736e+03 6.932067e+03
4.8 7.110663e+03 7.155344e+03 7.170059e+03 7.125377e+03
5.8 7.226328e+03 7.101086e+03 7.146322e+03 7.271565e+03
6.8 7.060949e+03 7.095274e+03 7.134875e+03 7.100551e+03
7.8 7.069968e+03 7.103594e+03 7.131329e+03 7.097703e+03
8.8 6.994421e+03 7.115858e+03 7.131976e+03 7.010539e+03
9.8 7.020447e+03 7.181599e+03 7.134370e+03 6.973218e+03
10.8 6.996858e+03 7.147823e+03 7.136728e+03 6.985764e+03
11.8 6.994708e+03 7.127426e+03 7.138461e+03 7.005742e+03
12.8 6.901962e+03 7.095112e+03 7.139462e+03 6.946312e+03
13.8 7.233810e+03 7.120674e+03 7.139994e+03 7.253130e+03
14.8 7.268576e+03 7.153308e+03 7.140267e+03 7.255535e+03
15.8 7.055448e+03 7.156938e+03 7.140410e+03 7.038919e+03
16.8 7.309092e+03 7.137214e+03 7.140501e+03 7.312378e+03
17.8 7.156809e+03 7.123969e+03 7.140571e+03 7.173410e+03
0.9 7.264510e+03 7.177770e+03 7.144718e+03 7.231458e+03
1.9 7.063161e+03 7.106746e+03 7.205316e+03 7.161730e+03
2.9 7.634904e+03 7.540221e+03 7.238706e+03 7.333389e+03
3.9 7.301345e+03 7.141265e+03 7.206555e+03 7.366636e+03
4.9 7.281952e+03 7.282476e+03 7.168471e+03 7.167947e+03
5.9 7.119125e+03 7.209049e+03 7.145086e+03 7.055162e+03
6.9 7.380183e+03 7.165278e+03 7.134524e+03 7.349429e+03
7.9 7.471455e+03 7.129299e+03 7.131259e+03 7.473416e+03
8.9 7.205823e+03 7.115915e+03 7.132097e+03 7.222006e+03
9.9 7.141091e+03 7.107311e+03 7.134487e+03 7.168267e+03
10.9 7.284908e+03 7.104344e+03 7.136887e+03 7.317451e+03
11.9 7.285718e+03 7.100925e+03 7.138556e+03 7.323349e+03
12.9 7.078237e+03 7.101229e+03 7.139561e+03 7.116568e+03
13.9 7.049035e+03 7.166927e+03 7.140122e+03 7.022229e+03
14.9 7.081735e+03 7.045571e+03 7.140426e+03 7.176590e+03
15.9 7.130412e+03 7.077292e+03 7.140622e+03 7.193741e+03
16.9 7.120901e+03 7.164682e+03 7.140774e+03 7.096993e+03
17.9 6.997872e+03 7.175023e+03 7.140917e+03 6.963766e+03
