0.2 8.424163e+03 8.454521e+03 8.408929e+03 8.378571e+03
1.2 8.499543e+03 8.471053e+03 8.392297e+03 8.420786e+03
2.2 8.203347e+03 8.356113e+03 8.309989e+03 8.157222e+03
3.2 8.268044e+03 8.341297e+03 8.296289e+03 8.223036e+03
4.2 8.494686e+03 8.441739e+03 8.341893e+03 8.394840e+03
5.2 8.324967e+03 8.389515e+03 8.384332e+03 8.319784e+03
6.2 8.546264e+03 8.393847e+03 8.407221e+03 8.559637e+03
7.2 8.440265e+03 8.320388e+03 8.417430e+03 8.537308e+03
8.2 8.361363e+03 8.397319e+03 8.419720e+03 8.383764e+03
9.2 8.330247e+03 8.264346e+03 8.418056e+03 8.483956e+03
10.2 8.319303e+03 8.361976e+03 8.415072e+03 8.372400e+03
11.2 8.154096e+03 8.412364e+03 8.412518e+03 8.154250e+03
12.2 8.358813e+03 8.292148e+03 8.410788e+03 8.477452e+03
13.2 8.376806e+03 8.322811e+03 8.409856e+03 8.463850e+03
14.2 8.409955e+03 8.432057e+03 8.409398e+03 8.387296e+03
15.2 8.332643e+03 8.373167e+03 8.409188e+03 8.368664e+03
16.2 8.353280e+03 8.368014e+03 8.409098e+03 8.394365e+03
17.2 8.276527e+03 8.377026e+03 8.409054e+03 8.308555e+03
0.8 8.529980e+03 8.482235e+03 8.405270e+03 8.453016e+03
1.8 8.580264e+03 8.400048e+03 8.335042e+03 8.515258e+03
2.8 8.393439e+03 8.366713e+03 8.290379e+03 8.317105e+03
3.8 8.279934e+03 8.392000e+03 8.325414e+03 8.213349e+03
4.8 8.325738e+03 8.458619e+03 8.372919e+03 8.240037e+03
5.8 8.399660e+03 8.407459e+03 8.401337e+03 8.393537e+03
6.8 8.273586e+03 8.407719e+03 8.415042e+03 8.280909e+03
7.8 8.218447e+03 8.418600e+03 8.419288e+03 8.219135e+03
8.8 8.228414e+03 8.405132e+03 8.418513e+03 8.241796e+03
9.8 8.222104e+03 8.421663e+03 8.415647e+03 8.216088e+03
10.8 8.210584e+03 8.359943e+03 8.412824e+03 8.263465e+03
11.8 8.289810e+03 8.362243e+03 8.410749e+03 8.338316e+03
12.8 8.225200e+03 8.396413e+03 8.409550e+03 8.238337e+03
13.8 8.473201e+03 8.401658e+03 8.408914e+03 8.480457e+03
14.8 8.310389e+03 8.338815e+03 8.408587e+03 8.380161e+03
15.8 8.806780e+03 8.408237e+03 8.408416e+03 8.806959e+03
16.8 8.973780e+03 8.545474e+03 8.408307e+03 8.836613e+03
17.8 8.469339e+03 8.423064e+03 8.408223e+03 8.454498e+03
0.9 8.481123e+03 8.429768e+03 8.403257e+03 8.454612e+03
1.9 8.298680e+03 8.384713e+03 8.330707e+03 8.244674e+03
2.9 8.389173e+03 8.362390e+03 8.290730e+03 8.317513e+03
3.9 8.569086e+03 8.384003e+03 8.329223e+03 8.514307e+03
4.9 8.537987e+03 8.337136e+03 8.374819e+03 8.575670e+03
5.9 8.326825e+03 8.425704e+03 8.402817e+03 8.303938e+03
6.9 8.401227e+03 8.455932e+03 8.415462e+03 8.360758e+03
7.9 8.495327e+03 8.435419e+03 8.419371e+03 8.479278e+03
8.9 8.352996e+03 8.382978e+03 8.418368e+03 8.388386e+03
9.9 8.398780e+03 8.398771e+03 8.415507e+03 8.415516e+03
10.9 8.381420e+03 8.450419e+03 8.412634e+03 8.343635e+03
11.9 8.431950e+03 8.388223e+03 8.410635e+03 8.454361e+03
12.9 8.414491e+03 8.385697e+03 8.409432e+03 8.438226e+03
13.9 8.398828e+03 8.436751e+03 8.408761e+03 8.370837e+03
14.9 8.399397e+03 8.216168e+03 8.408396e+03 8.591625e+03
15.9 8.344536e+03 8.252418e+03 8.408162e+03 8.500280e+03
16.9 8.385016e+03 8.448632e+03 8.407979e+03 8.344363e+03
17.9 8.502702e+03 8.568129e+03 8.407808e+03 8.342381e+03
