0.2 1.197162e+04 1.195535e+04 1.214369e+04 1.215997e+04
1.2 1.198484e+04 1.198443e+04 1.214365e+04 1.214405e+04
2.2 1.208355e+04 1.206066e+04 1.214343e+04 1.216632e+04
3.2 1.204761e+04 1.198330e+04 1.214339e+04 1.220769e+04
4.2 1.210816e+04 1.207271e+04 1.214351e+04 1.217896e+04
5.2 1.208884e+04 1.209035e+04 1.214363e+04 1.214212e+04
6.2 1.224143e+04 1.225063e+04 1.214369e+04 1.213449e+04
7.2 1.197014e+04 1.196582e+04 1.214371e+04 1.214804e+04
8.2 1.216339e+04 1.214394e+04 1.214372e+04 1.216317e+04
9.2 1.211995e+04 1.214565e+04 1.214371e+04 1.211801e+04
10.2 1.204477e+04 1.205295e+04 1.214371e+04 1.213553e+04
11.2 1.219443e+04 1.217276e+04 1.214370e+04 1.216537e+04
12.2 1.214755e+04 1.213690e+04 1.214369e+04 1.215434e+04
13.2 1.212213e+04 1.209045e+04 1.214369e+04 1.217537e+04
14.2 1.216833e+04 1.212864e+04 1.214369e+04 1.218338e+04
15.2 1.205052e+04 1.206886e+04 1.214369e+04 1.212535e+04
16.2 1.215021e+04 1.209122e+04 1.214369e+04 1.220268e+04
17.2 1.218245e+04 1.212896e+04 1.214369e+04 1.219718e+04
0.1 1.211112e+04 1.212286e+04 1.214369e+04 1.213195e+04
1.1 1.210714e+04 1.214473e+04 1.214365e+04 1.210605e+04
2.1 1.213819e+04 1.213946e+04 1.214343e+04 1.214216e+04
3.1 1.194748e+04 1.198145e+04 1.214338e+04 1.210941e+04
4.1 1.212229e+04 1.213143e+04 1.214350e+04 1.213436e+04
5.1 1.195701e+04 1.194913e+04 1.214362e+04 1.215150e+04
6.1 1.218828e+04 1.212487e+04 1.214368e+04 1.220710e+04
7.1 1.207287e+04 1.206468e+04 1.214371e+04 1.215190e+04
8.1 1.213838e+04 1.216393e+04 1.214371e+04 1.211816e+04
9.1 1.195201e+04 1.198504e+04 1.214371e+04 1.211068e+04
10.1 1.205744e+04 1.206407e+04 1.214370e+04 1.213707e+04
11.1 1.200026e+04 1.204290e+04 1.214370e+04 1.210106e+04
12.1 1.213058e+04 1.217700e+04 1.214369e+04 1.209727e+04
13.1 1.194907e+04 1.198287e+04 1.214369e+04 1.210990e+04
14.1 1.227748e+04 1.224387e+04 1.214369e+04 1.217730e+04
15.1 1.226679e+04 1.221739e+04 1.214369e+04 1.219309e+04
16.1 1.210315e+04 1.212912e+04 1.214369e+04 1.211771e+04
17.1 1.214144e+04 1.214338e+04 1.214369e+04 1.214175e+04
0.5 1.221253e+04 1.219790e+04 1.214369e+04 1.215831e+04
1.5 1.206422e+04 1.205085e+04 1.214358e+04 1.215695e+04
2.5 1.204073e+04 1.204287e+04 1.214339e+04 1.214125e+04
3.5 1.209759e+04 1.208399e+04 1.214342e+04 1.215702e+04
4.5 1.216063e+04 1.215280e+04 1.214355e+04 1.215138e+04
5.5 1.217671e+04 1.216475e+04 1.214365e+04 1.215561e+04
6.5 1.215344e+04 1.211735e+04 1.214370e+04 1.217979e+04
7.5 1.207965e+04 1.207410e+04 1.214372e+04 1.214926e+04
8.5 1.205409e+04 1.205315e+04 1.214365e+04 1.214459e+04
9.5 1.199267e+04 1.203575e+04 1.214343e+04 1.210036e+04
10.5 1.208530e+04 1.214436e+04 1.214341e+04 1.208436e+04
11.5 1.209291e+04 1.213284e+04 1.214354e+04 1.210360e+04
12.5 1.206048e+04 1.206696e+04 1.214364e+04 1.213716e+04
13.5 1.225990e+04 1.227966e+04 1.214369e+04 1.212394e+04
14.5 1.223917e+04 1.226747e+04 1.214371e+04 1.211541e+04
15.5 1.205145e+04 1.208079e+04 1.214372e+04 1.211438e+04
16.5 1.212024e+04 1.209809e+04 1.214371e+04 1.216586e+04
17.5 1.207350e+04 1.210451e+04 1.214370e+04 1.211270e+04
0.3 1.207965e+04 1.207410e+04 1.214372e+04 1.214926e+04
1.3 1.205409e+04 1.205315e+04 1.214365e+04 1.214459e+04
2.3 1.199267e+04 1.203575e+04 1.214343e+04 1.210036e+04
3.3 1.208530e+04 1.214436e+04 1.214341e+04 1.208436e+04
4.3 1.209291e+04 1.213284e+04 1.214354e+04 1.210360e+04
5.3 1.206048e+04 1.206696e+04 1.214364e+04 1.213716e+04
6.3 1.225990e+04 1.227966e+04 1.214369e+04 1.212394e+04
7.3 1.223917e+04 1.226747e+04 1.214371e+04 1.211541e+04
8.3 1.205145e+04 1.208079e+04 1.214372e+04 1.211438e+04
9.3 1.212024e+04 1.209809e+04 1.214371e+04 1.216586e+04
10.3 1.207350e+04 1.210451e+04 1.214370e+04 1.211270e+04
11.3 1.215816e+04 1.218354e+04 1.214370e+04 1.211832e+04
12.3 1.210746e+04 1.211871e+04 1.214369e+04 1.213245e+04
13.3 1.216970e+04 1.215875e+04 1.214369e+04 1.215464e+04
14.3 1.207026e+04 1.204251e+04 1.214369e+04 1.217144e+04
15.3 1.206824e+04 1.208223e+04 1.214369e+04 1.212969e+04
16.3 1.214294e+04 1.212399e+04 1.214369e+04 1.216264e+04
17.3 1.217229e+04 1.217203e+04 1.214369e+04 1.214394e+04
0.9 1.213388e+04 1.209916e+04 1.214366e+04 1.217838e+04
1.9 1.226707e+04 1.224309e+04 1.214346e+04 1.216744e+04
2.9 1.219882e+04 1.218738e+04 1.214336e+04 1.215480e+04
3.9 1.220156e+04 1.219853e+04 1.214347e+04 1.214650e+04
4.9 1.208987e+04 1.211033e+04 1.214359e+04 1.212313e+04
5.9 1.210981e+04 1.211635e+04 1.214366e+04 1.213712e+04
6.9 1.204719e+04 1.203723e+04 1.214370e+04 1.215366e+04
7.9 1.208874e+04 1.206820e+04 1.214371e+04 1.216425e+04
8.9 1.215067e+04 1.212397e+04 1.214370e+04 1.217040e+04
9.9 1.213106e+04 1.211493e+04 1.214369e+04 1.215983e+04
10.9 1.214355e+04 1.209378e+04 1.214369e+04 1.219346e+04
11.9 1.224153e+04 1.218790e+04 1.214368e+04 1.219732e+04
12.9 1.221873e+04 1.221258e+04 1.214368e+04 1.214983e+04
13.9 1.215761e+04 1.212769e+04 1.214368e+04 1.217359e+04
14.9 1.214319e+04 1.216916e+04 1.214368e+04 1.211770e+04
15.9 1.219249e+04 1.220810e+04 1.214368e+04 1.212806e+04
16.9 1.207900e+04 1.208660e+04 1.214368e+04 1.213608e+04
17.9 1.208707e+04 1.209553e+04 1.214368e+04 1.213521e+04
