0.4 9.666078e+03 9.670046e+03 9.729285e+03 9.725317e+03
1.4 9.710633e+03 9.723123e+03 9.726953e+03 9.714464e+03
2.4 9.703844e+03 9.710445e+03 9.722017e+03 9.715415e+03
3.4 9.746168e+03 9.730938e+03 9.722680e+03 9.737910e+03
4.4 9.690188e+03 9.705524e+03 9.725833e+03 9.710496e+03
5.4 9.708874e+03 9.719124e+03 9.728242e+03 9.717992e+03
6.4 9.709124e+03 9.725422e+03 9.729457e+03 9.713159e+03
7.4 9.735487e+03 9.733712e+03 9.729956e+03 9.731731e+03
8.4 9.691337e+03 9.735330e+03 9.730018e+03 9.686025e+03
9.4 9.762919e+03 9.735026e+03 9.729879e+03 9.757771e+03
10.4 9.730269e+03 9.743836e+03 9.729690e+03 9.716123e+03
11.4 9.698763e+03 9.720187e+03 9.729545e+03 9.708121e+03
12.4 9.697561e+03 9.727682e+03 9.729453e+03 9.699332e+03
13.4 9.806266e+03 9.768231e+03 9.729407e+03 9.767443e+03
14.4 9.787578e+03 9.739670e+03 9.729388e+03 9.777296e+03
15.4 9.732253e+03 9.731634e+03 9.729382e+03 9.730001e+03
16.4 9.720670e+03 9.726459e+03 9.729381e+03 9.723592e+03
17.4 9.713393e+03 9.725206e+03 9.729383e+03 9.717570e+03
0.1 9.751335e+03 9.745943e+03 9.729398e+03 9.734790e+03
1.1 9.751152e+03 9.755325e+03 9.728411e+03 9.724238e+03
2.1 9.722342e+03 9.736748e+03 9.723102e+03 9.708696e+03
3.1 9.722911e+03 9.737716e+03 9.722062e+03 9.707257e+03
4.1 9.742441e+03 9.731480e+03 9.725054e+03 9.736015e+03
5.1 9.713525e+03 9.731542e+03 9.727743e+03 9.709726e+03
6.1 9.724353e+03 9.733529e+03 9.729247e+03 9.720071e+03
7.1 9.733450e+03 9.732997e+03 9.729921e+03 9.730374e+03
8.1 9.716207e+03 9.736207e+03 9.730077e+03 9.710077e+03
9.1 9.693129e+03 9.714965e+03 9.729968e+03 9.708132e+03
10.1 9.689687e+03 9.700590e+03 9.729778e+03 9.718875e+03
11.1 9.695599e+03 9.714138e+03 9.729610e+03 9.711071e+03
12.1 9.734003e+03 9.729583e+03 9.729496e+03 9.733916e+03
13.1 9.727107e+03 9.731737e+03 9.729433e+03 9.724803e+03
14.1 9.725787e+03 9.725661e+03 9.729402e+03 9.729528e+03
15.1 9.704984e+03 9.726429e+03 9.729387e+03 9.707942e+03
16.1 9.699808e+03 9.725564e+03 9.729380e+03 9.703624e+03
17.1 9.692447e+03 9.706776e+03 9.729376e+03 9.715048e+03
0.3 9.726206e+03 9.723679e+03 9.729297e+03 9.731824e+03
1.3 9.729862e+03 9.728798e+03 9.727805e+03 9.728868e+03
2.3 9.739682e+03 9.730617e+03 9.722502e+03 9.731567e+03
3.3 9.724262e+03 9.723605e+03 9.722200e+03 9.722857e+03
4.3 9.706227e+03 9.712487e+03 9.725247e+03 9.718987e+03
5.3 9.732872e+03 9.738320e+03 9.727862e+03 9.722414e+03
6.3 9.708334e+03 9.729938e+03 9.729230e+03 9.707626e+03
7.3 9.695078e+03 9.730511e+03 9.729818e+03 9.694385e+03
8.3 9.701786e+03 9.729369e+03 9.729922e+03 9.702339e+03
9.3 9.739451e+03 9.719889e+03 9.729791e+03 9.749354e+03
10.3 9.724586e+03 9.721282e+03 9.729590e+03 9.732894e+03
11.3 9.714124e+03 9.701661e+03 9.729422e+03 9.741884e+03
12.3 9.704953e+03 9.711359e+03 9.729308e+03 9.722902e+03
13.3 9.706947e+03 9.718351e+03 9.729245e+03 9.717841e+03
14.3 9.714444e+03 9.722351e+03 9.729210e+03 9.721303e+03
15.3 9.726817e+03 9.729392e+03 9.729190e+03 9.726614e+03
16.3 9.704029e+03 9.703093e+03 9.729177e+03 9.730113e+03
17.3 9.744648e+03 9.722559e+03 9.729166e+03 9.751256e+03
