0.1 7.701256e+03 7.765858e+03 7.788801e+03 7.724199e+03
1.1 7.684341e+03 7.709771e+03 7.788712e+03 7.763282e+03
2.1 7.673026e+03 7.764213e+03 7.787743e+03 7.696556e+03
3.1 7.731431e+03 7.763833e+03 7.786837e+03 7.754435e+03
4.1 7.780741e+03 7.797891e+03 7.787280e+03 7.770130e+03
5.1 7.693706e+03 7.733466e+03 7.788105e+03 7.748346e+03
6.1 7.887695e+03 7.776467e+03 7.788646e+03 7.899874e+03
7.1 7.828378e+03 7.779458e+03 7.788917e+03 7.837837e+03
8.1 7.812427e+03 7.755609e+03 7.789018e+03 7.845836e+03
9.1 7.833403e+03 7.790250e+03 7.789020e+03 7.832173e+03
10.1 7.832797e+03 7.782749e+03 7.788980e+03 7.839028e+03
11.1 7.825418e+03 7.789601e+03 7.788937e+03 7.824753e+03
12.1 7.851799e+03 7.782815e+03 7.788905e+03 7.857890e+03
13.1 7.890983e+03 7.838770e+03 7.788888e+03 7.841101e+03
14.1 7.774842e+03 7.799402e+03 7.788882e+03 7.764321e+03
15.1 7.728467e+03 7.781410e+03 7.788881e+03 7.735939e+03
16.1 7.725922e+03 7.767048e+03 7.788884e+03 7.747758e+03
17.1 7.700517e+03 7.733266e+03 7.788888e+03 7.756139e+03
0.2 7.765015e+03 7.784114e+03 7.788920e+03 7.769821e+03
1.2 7.819760e+03 7.836286e+03 7.788772e+03 7.772246e+03
2.2 7.816640e+03 7.807533e+03 7.787704e+03 7.796811e+03
3.2 7.796514e+03 7.781307e+03 7.787019e+03 7.802226e+03
4.2 7.739723e+03 7.773152e+03 7.787571e+03 7.754142e+03
5.2 7.738755e+03 7.807944e+03 7.788342e+03 7.719153e+03
6.2 7.753351e+03 7.817998e+03 7.788813e+03 7.724167e+03
7.2 7.745948e+03 7.759228e+03 7.789040e+03 7.775760e+03
8.2 7.809277e+03 7.793131e+03 7.789117e+03 7.805263e+03
9.2 7.772943e+03 7.806196e+03 7.789107e+03 7.755854e+03
10.2 7.841576e+03 7.827471e+03 7.789064e+03 7.803169e+03
11.2 7.721388e+03 7.714457e+03 7.788944e+03 7.795875e+03
12.2 7.824941e+03 7.797268e+03 7.788033e+03 7.815706e+03
13.2 7.803034e+03 7.726680e+03 7.787285e+03 7.863639e+03
14.2 7.787582e+03 7.766334e+03 7.787704e+03 7.808952e+03
15.2 7.778309e+03 7.740212e+03 7.788390e+03 7.826488e+03
16.2 7.758569e+03 7.764537e+03 7.788824e+03 7.782855e+03
17.2 7.709400e+03 7.735615e+03 7.789035e+03 7.762821e+03
1.0 7.721388e+03 7.714457e+03 7.788944e+03 7.795875e+03
2.0 7.824941e+03 7.797268e+03 7.788033e+03 7.815706e+03
3.0 7.803034e+03 7.726680e+03 7.787285e+03 7.863639e+03
4.0 7.787582e+03 7.766334e+03 7.787704e+03 7.808952e+03
5.0 7.778309e+03 7.740212e+03 7.788390e+03 7.826488e+03
6.0 7.758569e+03 7.764537e+03 7.788824e+03 7.782855e+03
7.0 7.709400e+03 7.735615e+03 7.789035e+03 7.762821e+03
8.0 7.753443e+03 7.767657e+03 7.789110e+03 7.774896e+03
9.0 7.731066e+03 7.760241e+03 7.789105e+03 7.759930e+03
10.0 7.809203e+03 7.800271e+03 7.789066e+03 7.797998e+03
11.0 7.754886e+03 7.737684e+03 7.789026e+03 7.806228e+03
12.0 7.855002e+03 7.812691e+03 7.788881e+03 7.831192e+03
13.0 7.839033e+03 7.795010e+03 7.787787e+03 7.831810e+03
14.0 7.786213e+03 7.771265e+03 7.786845e+03 7.801794e+03
15.0 7.788836e+03 7.775651e+03 7.787320e+03 7.800506e+03
16.0 7.857859e+03 7.850892e+03 7.788177e+03 7.795144e+03
17.0 7.837928e+03 7.824394e+03 7.788755e+03 7.802290e+03
18.0 7.744202e+03 7.769549e+03 7.789047e+03 7.763699e+03
0.1 7.754886e+03 7.737684e+03 7.789026e+03 7.806228e+03
1.1 7.855002e+03 7.812691e+03 7.788881e+03 7.831192e+03
2.1 7.839033e+03 7.795010e+03 7.787787e+03 7.831810e+03
3.1 7.786213e+03 7.771265e+03 7.786845e+03 7.801794e+03
4.1 7.788836e+03 7.775651e+03 7.787320e+03 7.800506e+03
5.1 7.857859e+03 7.850892e+03 7.788177e+03 7.795144e+03
6.1 7.837928e+03 7.824394e+03 7.788755e+03 7.802290e+03
7.1 7.744202e+03 7.769549e+03 7.789047e+03 7.763699e+03
8.1 7.753175e+03 7.789073e+03 7.789146e+03 7.753248e+03
9.1 7.771188e+03 7.799089e+03 7.789142e+03 7.761241e+03
10.1 7.775393e+03 7.800597e+03 7.789093e+03 7.763890e+03
11.1 7.801709e+03 7.822589e+03 7.789023e+03 7.768143e+03
12.1 7.803973e+03 7.813218e+03 7.788384e+03 7.779139e+03
13.1 7.794295e+03 7.796762e+03 7.787657e+03 7.785190e+03
14.1 7.791042e+03 7.805212e+03 7.787900e+03 7.773729e+03
15.1 7.796076e+03 7.814023e+03 7.788436e+03 7.770489e+03
16.1 7.784083e+03 7.802643e+03 7.788804e+03 7.770245e+03
17.1 7.773188e+03 7.801971e+03 7.788992e+03 7.760209e+03
0.8 7.801709e+03 7.822589e+03 7.789023e+03 7.768143e+03
1.8 7.803973e+03 7.813218e+03 7.788384e+03 7.779139e+03
2.8 7.794295e+03 7.796762e+03 7.787657e+03 7.785190e+03
3.8 7.791042e+03 7.805212e+03 7.787900e+03 7.773729e+03
4.8 7.796076e+03 7.814023e+03 7.788436e+03 7.770489e+03
5.8 7.784083e+03 7.802643e+03 7.788804e+03 7.770245e+03
6.8 7.773188e+03 7.801971e+03 7.788992e+03 7.760209e+03
7.8 7.771214e+03 7.793744e+03 7.789058e+03 7.766528e+03
8.8 7.751800e+03 7.792001e+03 7.789057e+03 7.748856e+03
9.8 7.811323e+03 7.813330e+03 7.789027e+03 7.787020e+03
10.8 7.800989e+03 7.799260e+03 7.788992e+03 7.790721e+03
11.8 7.797503e+03 7.806763e+03 7.788963e+03 7.779703e+03
12.8 7.794102e+03 7.818386e+03 7.788607e+03 7.764323e+03
13.8 7.811051e+03 7.803694e+03 7.787691e+03 7.795049e+03
14.8 7.802042e+03 7.797168e+03 7.787683e+03 7.792557e+03
15.8 7.799952e+03 7.834150e+03 7.788230e+03 7.754032e+03
16.8 7.793949e+03 7.778789e+03 7.788688e+03 7.803849e+03
17.8 7.803766e+03 7.782854e+03 7.788926e+03 7.809839e+03
0.5 7.797503e+03 7.806763e+03 7.788963e+03 7.779703e+03
1.5 7.794102e+03 7.818386e+03 7.788607e+03 7.764323e+03
2.5 7.811051e+03 7.803694e+03 7.787691e+03 7.795049e+03
3.5 7.802042e+03 7.797168e+03 7.787683e+03 7.792557e+03
4.5 7.799952e+03 7.834150e+03 7.788230e+03 7.754032e+03
5.5 7.793949e+03 7.778789e+03 7.788688e+03 7.803849e+03
6.5 7.803766e+03 7.782854e+03 7.788926e+03 7.809839e+03
7.5 7.750319e+03 7.776507e+03 7.789026e+03 7.762839e+03
8.5 7.718108e+03 7.753700e+03 7.789042e+03 7.753449e+03
9.5 7.741163e+03 7.770833e+03 7.789016e+03 7.759346e+03
10.5 7.833035e+03 7.800092e+03 7.788978e+03 7.821921e+03
11.5 7.823780e+03 7.819192e+03 7.788948e+03 7.793536e+03
12.5 7.772400e+03 7.764890e+03 7.788927e+03 7.796436e+03
13.5 7.811699e+03 7.759410e+03 7.788915e+03 7.841204e+03
14.5 7.826556e+03 7.785113e+03 7.788908e+03 7.830351e+03
15.5 7.887580e+03 7.810384e+03 7.788904e+03 7.866100e+03
16.5 7.867774e+03 7.811043e+03 7.788901e+03 7.845632e+03
17.5 7.815314e+03 7.790000e+03 7.788899e+03 7.814212e+03
0.2 7.733978e+03 7.752798e+03 7.788892e+03 7.770072e+03
1.2 7.836356e+03 7.822144e+03 7.788738e+03 7.802949e+03
2.2 7.798868e+03 7.790955e+03 7.787575e+03 7.795489e+03
3.2 7.788724e+03 7.760463e+03 7.786652e+03 7.814913e+03
4.2 7.810271e+03 7.804412e+03 7.787160e+03 7.793019e+03
5.2 7.881260e+03 7.804386e+03 7.788078e+03 7.864952e+03
6.2 7.812144e+03 7.763472e+03 7.788675e+03 7.837348e+03
7.2 7.771708e+03 7.770352e+03 7.788974e+03 7.790330e+03
8.2 7.768577e+03 7.775525e+03 7.789073e+03 7.782125e+03
9.2 7.807908e+03 7.794846e+03 7.789066e+03 7.802129e+03
10.2 7.798855e+03 7.778527e+03 7.789012e+03 7.809340e+03
11.2 7.795019e+03 7.789471e+03 7.788955e+03 7.794504e+03
12.2 7.728739e+03 7.758748e+03 7.788911e+03 7.758902e+03
13.2 7.766245e+03 7.770819e+03 7.788885e+03 7.784311e+03
14.2 7.791099e+03 7.780398e+03 7.788870e+03 7.799572e+03
15.2 7.787514e+03 7.793319e+03 7.788862e+03 7.783057e+03
16.2 7.827202e+03 7.787398e+03 7.788857e+03 7.828662e+03
17.2 7.828659e+03 7.797222e+03 7.788591e+03 7.820028e+03
0.4 7.827202e+03 7.787398e+03 7.788857e+03 7.828662e+03
1.4 7.828659e+03 7.797222e+03 7.788591e+03 7.820028e+03
2.4 7.788311e+03 7.769636e+03 7.787658e+03 7.806333e+03
3.4 7.771864e+03 7.767057e+03 7.787509e+03 7.792315e+03
4.4 7.746564e+03 7.759762e+03 7.788062e+03 7.774864e+03
5.4 7.750310e+03 7.763687e+03 7.788550e+03 7.775173e+03
6.4 7.732867e+03 7.768836e+03 7.788826e+03 7.752857e+03
7.4 7.752267e+03 7.756500e+03 7.788940e+03 7.784708e+03
8.4 7.746217e+03 7.748974e+03 7.788965e+03 7.786208e+03
9.4 7.815280e+03 7.820232e+03 7.788941e+03 7.783989e+03
10.4 7.826639e+03 7.787904e+03 7.788904e+03 7.827638e+03
11.4 7.831836e+03 7.793166e+03 7.788870e+03 7.827540e+03
12.4 7.774676e+03 7.798416e+03 7.788848e+03 7.765108e+03
13.4 7.803928e+03 7.791673e+03 7.788834e+03 7.801090e+03
14.4 7.785454e+03 7.790541e+03 7.788827e+03 7.783740e+03
15.4 7.744363e+03 7.762699e+03 7.788822e+03 7.770486e+03
16.4 7.743462e+03 7.803765e+03 7.788819e+03 7.728517e+03
17.4 7.776137e+03 7.812792e+03 7.788817e+03 7.752162e+03
0.1 7.838819e+03 7.816234e+03 7.788803e+03 7.811388e+03
1.1 7.762949e+03 7.761349e+03 7.788697e+03 7.790296e+03
2.1 7.730140e+03 7.785093e+03 7.787707e+03 7.732754e+03
3.1 7.689437e+03 7.736581e+03 7.786885e+03 7.739740e+03
4.1 7.827517e+03 7.841039e+03 7.787353e+03 7.773832e+03
5.1 7.838055e+03 7.824506e+03 7.788119e+03 7.801668e+03
6.1 7.753961e+03 7.774564e+03 7.788632e+03 7.768029e+03
7.1 7.767097e+03 7.806068e+03 7.788874e+03 7.749903e+03
8.1 7.749419e+03 7.855382e+03 7.788958e+03 7.682995e+03
9.1 7.784133e+03 7.812771e+03 7.788951e+03 7.760313e+03
10.1 7.784362e+03 7.807569e+03 7.788906e+03 7.765699e+03
11.1 7.773120e+03 7.748621e+03 7.788858e+03 7.813357e+03
12.1 7.767332e+03 7.779955e+03 7.788823e+03 7.776201e+03
13.1 7.808241e+03 7.798292e+03 7.788802e+03 7.798751e+03
14.1 7.786148e+03 7.829022e+03 7.788791e+03 7.745917e+03
15.1 7.754315e+03 7.804400e+03 7.788786e+03 7.738702e+03
16.1 7.759774e+03 7.779081e+03 7.788784e+03 7.769478e+03
17.1 7.734022e+03 7.779393e+03 7.788783e+03 7.743413e+03
0.5 7.802978e+03 7.797465e+03 7.788876e+03 7.794388e+03
1.5 7.823350e+03 7.780433e+03 7.788468e+03 7.831385e+03
2.5 7.751283e+03 7.790480e+03 7.787423e+03 7.748226e+03
3.5 7.746078e+03 7.769841e+03 7.787372e+03 7.763609e+03
4.5 7.765813e+03 7.748027e+03 7.788043e+03 7.805829e+03
5.5 7.787189e+03 7.768149e+03 7.788600e+03 7.807639e+03
6.5 7.810217e+03 7.806439e+03 7.788911e+03 7.792689e+03
7.5 7.863936e+03 7.809756e+03 7.789041e+03 7.843222e+03
8.5 7.810936e+03 7.804255e+03 7.789071e+03 7.795752e+03
9.5 7.804063e+03 7.775409e+03 7.789049e+03 7.817702e+03
10.5 7.789895e+03 7.758301e+03 7.788748e+03 7.820341e+03
11.5 7.727098e+03 7.740899e+03 7.787657e+03 7.773856e+03
12.5 7.784845e+03 7.793102e+03 7.787420e+03 7.779163e+03
13.5 7.832383e+03 7.804715e+03 7.788013e+03 7.815680e+03
14.5 7.745573e+03 7.796751e+03 7.788598e+03 7.737420e+03
15.5 7.722895e+03 7.795171e+03 7.788922e+03 7.716645e+03
16.5 7.729481e+03 7.794557e+03 7.789070e+03 7.723994e+03
17.5 7.758633e+03 7.785731e+03 7.789092e+03 7.761994e+03
0.4 7.804063e+03 7.775409e+03 7.789049e+03 7.817702e+03
1.4 7.789895e+03 7.758301e+03 7.788748e+03 7.820341e+03
2.4 7.727098e+03 7.740899e+03 7.787657e+03 7.773856e+03
3.4 7.784845e+03 7.793102e+03 7.787420e+03 7.779163e+03
4.4 7.832383e+03 7.804715e+03 7.788013e+03 7.815680e+03
5.4 7.745573e+03 7.796751e+03 7.788598e+03 7.737420e+03
6.4 7.722895e+03 7.795171e+03 7.788922e+03 7.716645e+03
7.4 7.729481e+03 7.794557e+03 7.789070e+03 7.723994e+03
8.4 7.758633e+03 7.785731e+03 7.789092e+03 7.761994e+03
9.4 7.744157e+03 7.766281e+03 7.788482e+03 7.766358e+03
10.4 7.806609e+03 7.785372e+03 7.787378e+03 7.808615e+03
11.4 7.792769e+03 7.792383e+03 7.787474e+03 7.787859e+03
12.4 7.794474e+03 7.782282e+03 7.788184e+03 7.800376e+03
13.4 7.768658e+03 7.771848e+03 7.788718e+03 7.785529e+03
14.4 7.788518e+03 7.813162e+03 7.788999e+03 7.764355e+03
15.4 7.820227e+03 7.798503e+03 7.789114e+03 7.810838e+03
16.4 7.773285e+03 7.776037e+03 7.789127e+03 7.786374e+03
17.4 7.808276e+03 7.794685e+03 7.789090e+03 7.802681e+03
0.7 7.758633e+03 7.785731e+03 7.789092e+03 7.761994e+03
1.7 7.744157e+03 7.766281e+03 7.788482e+03 7.766358e+03
2.7 7.806609e+03 7.785372e+03 7.787378e+03 7.808615e+03
3.7 7.792769e+03 7.792383e+03 7.787474e+03 7.787859e+03
4.7 7.794474e+03 7.782282e+03 7.788184e+03 7.800376e+03
5.7 7.768658e+03 7.771848e+03 7.788718e+03 7.785529e+03
6.7 7.788518e+03 7.813162e+03 7.788999e+03 7.764355e+03
7.7 7.820227e+03 7.798503e+03 7.789114e+03 7.810838e+03
8.7 7.773285e+03 7.776037e+03 7.789127e+03 7.786374e+03
9.7 7.808276e+03 7.794685e+03 7.789090e+03 7.802681e+03
10.7 7.838505e+03 7.798785e+03 7.789044e+03 7.828765e+03
11.7 7.809010e+03 7.786262e+03 7.789006e+03 7.811754e+03
12.7 7.790459e+03 7.813908e+03 7.788980e+03 7.765531e+03
