0.5 1.013713e+04 1.011727e+04 1.011850e+04 1.013836e+04
1.5 1.014496e+04 1.011005e+04 1.011327e+04 1.014818e+04
2.5 1.015718e+04 1.009771e+04 1.009406e+04 1.015354e+04
3.5 1.003396e+04 1.009228e+04 1.008562e+04 1.002730e+04
4.5 1.008363e+04 1.010347e+04 1.009597e+04 1.007613e+04
5.5 1.005064e+04 1.011631e+04 1.010837e+04 1.004271e+04
6.5 1.014659e+04 1.012025e+04 1.011529e+04 1.014163e+04
7.5 1.021144e+04 1.010984e+04 1.010919e+04 1.021079e+04
8.5 1.007835e+04 1.008550e+04 1.009262e+04 1.008547e+04
9.5 1.013290e+04 1.008781e+04 1.009328e+04 1.013836e+04
10.5 1.011411e+04 1.010298e+04 1.010419e+04 1.011532e+04
11.5 1.009050e+04 1.011416e+04 1.011252e+04 1.008886e+04
12.5 1.006019e+04 1.011005e+04 1.011677e+04 1.006691e+04
13.5 1.005135e+04 1.010567e+04 1.011837e+04 1.006405e+04
14.5 1.002941e+04 1.010802e+04 1.011837e+04 1.003976e+04
15.5 1.005729e+04 1.011522e+04 1.011763e+04 1.005970e+04
16.5 1.017022e+04 1.011995e+04 1.011675e+04 1.016702e+04
17.5 1.020222e+04 1.012176e+04 1.011602e+04 1.019648e+04
0.8 1.014659e+04 1.012025e+04 1.011529e+04 1.014163e+04
1.8 1.021144e+04 1.010984e+04 1.010919e+04 1.021079e+04
2.8 1.007835e+04 1.008550e+04 1.009262e+04 1.008547e+04
3.8 1.013290e+04 1.008781e+04 1.009328e+04 1.013836e+04
4.8 1.011411e+04 1.010298e+04 1.010419e+04 1.011532e+04
5.8 1.009050e+04 1.011416e+04 1.011252e+04 1.008886e+04
6.8 1.006019e+04 1.011005e+04 1.011677e+04 1.006691e+04
7.8 1.005135e+04 1.010567e+04 1.011837e+04 1.006405e+04
8.8 1.002941e+04 1.010802e+04 1.011837e+04 1.003976e+04
9.8 1.005729e+04 1.011522e+04 1.011763e+04 1.005970e+04
10.8 1.017022e+04 1.011995e+04 1.011675e+04 1.016702e+04
11.8 1.020222e+04 1.012176e+04 1.011602e+04 1.019648e+04
12.8 1.013472e+04 1.011975e+04 1.011552e+04 1.013050e+04
13.8 1.001604e+04 1.010720e+04 1.011522e+04 1.002406e+04
14.8 1.003791e+04 1.009615e+04 1.011503e+04 1.005679e+04
15.8 1.000637e+04 1.009483e+04 1.011491e+04 1.002645e+04
16.8 1.011664e+04 1.011292e+04 1.011481e+04 1.011853e+04
17.8 1.014207e+04 1.007800e+04 1.011474e+04 1.017881e+04
0.8 1.012621e+04 1.011881e+04 1.011414e+04 1.012154e+04
1.8 1.015165e+04 1.011511e+04 1.010528e+04 1.014182e+04
2.8 1.009177e+04 1.009832e+04 1.008950e+04 1.008295e+04
3.8 1.010704e+04 1.009996e+04 1.009137e+04 1.009845e+04
4.8 1.014353e+04 1.010693e+04 1.010230e+04 1.013890e+04
5.8 1.013265e+04 1.011789e+04 1.011049e+04 1.012525e+04
6.8 1.005225e+04 1.011220e+04 1.011481e+04 1.005485e+04
7.8 1.006561e+04 1.011292e+04 1.011659e+04 1.006928e+04
8.8 1.006364e+04 1.010973e+04 1.011683e+04 1.007073e+04
9.8 1.012847e+04 1.010785e+04 1.011633e+04 1.013695e+04
10.8 1.004002e+04 1.010694e+04 1.011241e+04 1.004549e+04
11.8 1.002841e+04 1.009318e+04 1.009623e+04 1.003146e+04
12.8 1.009070e+04 1.009297e+04 1.009012e+04 1.008785e+04
13.8 9.987818e+03 1.010359e+04 1.009870e+04 9.982930e+03
14.8 1.006118e+04 1.011863e+04 1.010821e+04 1.005076e+04
15.8 1.002650e+04 1.011991e+04 1.011365e+04 1.002025e+04
16.8 1.011742e+04 1.012493e+04 1.011614e+04 1.010863e+04
17.8 1.014812e+04 1.011456e+04 1.011684e+04 1.015041e+04
0.3 1.012847e+04 1.010785e+04 1.011633e+04 1.013695e+04
1.3 1.004002e+04 1.010694e+04 1.011241e+04 1.004549e+04
2.3 1.002841e+04 1.009318e+04 1.009623e+04 1.003146e+04
3.3 1.009070e+04 1.009297e+04 1.009012e+04 1.008785e+04
4.3 9.987818e+03 1.010359e+04 1.009870e+04 9.982930e+03
5.3 1.006118e+04 1.011863e+04 1.010821e+04 1.005076e+04
6.3 1.002650e+04 1.011991e+04 1.011365e+04 1.002025e+04
7.3 1.011742e+04 1.012493e+04 1.011614e+04 1.010863e+04
8.3 1.014812e+04 1.011456e+04 1.011684e+04 1.015041e+04
9.3 1.007817e+04 1.010683e+04 1.011657e+04 1.008790e+04
10.3 1.014793e+04 1.010965e+04 1.011594e+04 1.015422e+04
11.3 1.010443e+04 1.011656e+04 1.011537e+04 1.010323e+04
12.3 1.013440e+04 1.012198e+04 1.011496e+04 1.012737e+04
13.3 1.018246e+04 1.011668e+04 1.010976e+04 1.017554e+04
14.3 1.013618e+04 1.009817e+04 1.009069e+04 1.012870e+04
15.3 9.991960e+03 1.009062e+04 1.008244e+04 9.983783e+03
16.3 1.006421e+04 1.010647e+04 1.009301e+04 1.005075e+04
17.3 1.012083e+04 1.012832e+04 1.010537e+04 1.009788e+04
0.5 1.013440e+04 1.012198e+04 1.011496e+04 1.012737e+04
1.5 1.018246e+04 1.011668e+04 1.010976e+04 1.017554e+04
2.5 1.013618e+04 1.009817e+04 1.009069e+04 1.012870e+04
3.5 9.991960e+03 1.009062e+04 1.008244e+04 9.983783e+03
4.5 1.006421e+04 1.010647e+04 1.009301e+04 1.005075e+04
5.5 1.012083e+04 1.012832e+04 1.010537e+04 1.009788e+04
6.5 1.016916e+04 1.012475e+04 1.011303e+04 1.015744e+04
7.5 1.013580e+04 1.011583e+04 1.011646e+04 1.013643e+04
8.5 1.014858e+04 1.011963e+04 1.011747e+04 1.014642e+04
9.5 1.011304e+04 1.011308e+04 1.011715e+04 1.011710e+04
10.5 1.006504e+04 1.008804e+04 1.011635e+04 1.009335e+04
11.5 1.007031e+04 1.011746e+04 1.011555e+04 1.006840e+04
12.5 1.010928e+04 1.012045e+04 1.011501e+04 1.010384e+04
13.5 1.015487e+04 1.010413e+04 1.011468e+04 1.016542e+04
14.5 1.014926e+04 1.008464e+04 1.011452e+04 1.017914e+04
15.5 1.017335e+04 1.010553e+04 1.011442e+04 1.018224e+04
16.5 1.025160e+04 1.019238e+04 1.011437e+04 1.017359e+04
17.5 1.021573e+04 1.025124e+04 1.011434e+04 1.007882e+04
0.1 1.010719e+04 1.012415e+04 1.011415e+04 1.009719e+04
1.1 1.013974e+04 1.012193e+04 1.011291e+04 1.013072e+04
2.1 1.016988e+04 1.010985e+04 1.010035e+04 1.016038e+04
3.1 1.011897e+04 1.010385e+04 1.009275e+04 1.010787e+04
4.1 1.006542e+04 1.010395e+04 1.009922e+04 1.006068e+04
5.1 1.013361e+04 1.011284e+04 1.010751e+04 1.012829e+04
6.1 1.012308e+04 1.011718e+04 1.011263e+04 1.011854e+04
7.1 1.011803e+04 1.011582e+04 1.011102e+04 1.011323e+04
8.1 1.018078e+04 1.010161e+04 1.009469e+04 1.017386e+04
9.1 1.022081e+04 1.009365e+04 1.008834e+04 1.021550e+04
10.1 1.018232e+04 1.010153e+04 1.009746e+04 1.017824e+04
11.1 1.009331e+04 1.011178e+04 1.010734e+04 1.008887e+04
12.1 1.008224e+04 1.011845e+04 1.011322e+04 1.007701e+04
13.1 1.005303e+04 1.011664e+04 1.011575e+04 1.005214e+04
14.1 1.007116e+04 1.011006e+04 1.011641e+04 1.007751e+04
15.1 1.009407e+04 1.010502e+04 1.011603e+04 1.010507e+04
16.1 1.009671e+04 1.010584e+04 1.011530e+04 1.010617e+04
17.1 1.007430e+04 1.011495e+04 1.011462e+04 1.007398e+04
0.4 1.012308e+04 1.011718e+04 1.011263e+04 1.011854e+04
1.4 1.011803e+04 1.011582e+04 1.011102e+04 1.011323e+04
2.4 1.018078e+04 1.010161e+04 1.009469e+04 1.017386e+04
3.4 1.022081e+04 1.009365e+04 1.008834e+04 1.021550e+04
4.4 1.018232e+04 1.010153e+04 1.009746e+04 1.017824e+04
5.4 1.009331e+04 1.011178e+04 1.010734e+04 1.008887e+04
6.4 1.008224e+04 1.011845e+04 1.011322e+04 1.007701e+04
7.4 1.005303e+04 1.011664e+04 1.011575e+04 1.005214e+04
8.4 1.007116e+04 1.011006e+04 1.011641e+04 1.007751e+04
9.4 1.009407e+04 1.010502e+04 1.011603e+04 1.010507e+04
10.4 1.009671e+04 1.010584e+04 1.011530e+04 1.010617e+04
11.4 1.007430e+04 1.011495e+04 1.011462e+04 1.007398e+04
12.4 1.015673e+04 1.011809e+04 1.011416e+04 1.015280e+04
13.4 1.010117e+04 1.011379e+04 1.011389e+04 1.010127e+04
14.4 1.009235e+04 1.010135e+04 1.011376e+04 1.010475e+04
15.4 1.007300e+04 1.009817e+04 1.011369e+04 1.008851e+04
16.4 1.007892e+04 1.010949e+04 1.011365e+04 1.008308e+04
17.4 1.008378e+04 1.011522e+04 1.011363e+04 1.008219e+04
0.2 1.003986e+04 1.010684e+04 1.011354e+04 1.004656e+04
1.2 1.011821e+04 1.010564e+04 1.011155e+04 1.012412e+04
2.2 1.017726e+04 1.009480e+04 1.009792e+04 1.018038e+04
3.2 1.009721e+04 1.009821e+04 1.009128e+04 1.009028e+04
4.2 1.008268e+04 1.010413e+04 1.009862e+04 1.007717e+04
5.2 1.010481e+04 1.011961e+04 1.010738e+04 1.009257e+04
6.2 1.014637e+04 1.012826e+04 1.011249e+04 1.013060e+04
7.2 1.008921e+04 1.011874e+04 1.011487e+04 1.008533e+04
8.2 1.007275e+04 1.010380e+04 1.011560e+04 1.008456e+04
9.2 1.011267e+04 1.010803e+04 1.011541e+04 1.012005e+04
10.2 1.013290e+04 1.008415e+04 1.011487e+04 1.016362e+04
11.2 1.005157e+04 1.009643e+04 1.011436e+04 1.006950e+04
12.2 1.007671e+04 1.012510e+04 1.011401e+04 1.006563e+04
13.2 1.014360e+04 1.013889e+04 1.011382e+04 1.011853e+04
14.2 1.012510e+04 1.009810e+04 1.011373e+04 1.014072e+04
15.2 1.013894e+04 1.010137e+04 1.011370e+04 1.015126e+04
16.2 1.010534e+04 1.010170e+04 1.011370e+04 1.011734e+04
17.2 1.007215e+04 1.011044e+04 1.011371e+04 1.007542e+04
0.4 1.012301e+04 1.010786e+04 1.011375e+04 1.012890e+04
1.4 1.007092e+04 1.004171e+04 1.010969e+04 1.013890e+04
2.4 1.014392e+04 1.008679e+04 1.009131e+04 1.014845e+04
3.4 1.011323e+04 1.010108e+04 1.008141e+04 1.009356e+04
4.4 1.007742e+04 1.009984e+04 1.009123e+04 1.006881e+04
5.4 1.004254e+04 1.011039e+04 1.010387e+04 1.003602e+04
6.4 1.012035e+04 1.011342e+04 1.011193e+04 1.011886e+04
7.4 1.015960e+04 1.009663e+04 1.011562e+04 1.017858e+04
8.4 1.008931e+04 1.009253e+04 1.011678e+04 1.011357e+04
9.4 1.009650e+04 1.010209e+04 1.011653e+04 1.011094e+04
10.4 1.010404e+04 1.011630e+04 1.011576e+04 1.010351e+04
11.4 1.012609e+04 1.012048e+04 1.011497e+04 1.012058e+04
12.4 1.006117e+04 1.011365e+04 1.011442e+04 1.006193e+04
13.4 1.007636e+04 1.009940e+04 1.011409e+04 1.009105e+04
14.4 1.009358e+04 1.009814e+04 1.011393e+04 1.010936e+04
15.4 1.018091e+04 1.013340e+04 1.011385e+04 1.016137e+04
16.4 1.016398e+04 1.015134e+04 1.011381e+04 1.012645e+04
17.4 1.014214e+04 1.012379e+04 1.011379e+04 1.013214e+04
0.3 1.014214e+04 1.012379e+04 1.011379e+04 1.013214e+04
1.3 1.017798e+04 1.013003e+04 1.011074e+04 1.015870e+04
2.3 1.010528e+04 1.010568e+04 1.009392e+04 1.009353e+04
3.3 1.005652e+04 1.009584e+04 1.008433e+04 1.004500e+04
4.3 1.002991e+04 1.009868e+04 1.009322e+04 1.002445e+04
5.3 1.008167e+04 1.009961e+04 1.010466e+04 1.008673e+04
6.3 1.014196e+04 1.010737e+04 1.011194e+04 1.014653e+04
7.3 1.012426e+04 1.010172e+04 1.011526e+04 1.013781e+04
8.3 1.011550e+04 1.010535e+04 1.011630e+04 1.012645e+04
9.3 1.011060e+04 1.010994e+04 1.011607e+04 1.011672e+04
10.3 1.007055e+04 1.011597e+04 1.011535e+04 1.006993e+04
11.3 1.010314e+04 1.011831e+04 1.011461e+04 1.009944e+04
12.3 1.010848e+04 1.011343e+04 1.011409e+04 1.010914e+04
13.3 1.009590e+04 1.010261e+04 1.011378e+04 1.010707e+04
14.3 1.012168e+04 1.009450e+04 1.011361e+04 1.014079e+04
15.3 1.009942e+04 1.011836e+04 1.011352e+04 1.009458e+04
16.3 1.012849e+04 1.016300e+04 1.011347e+04 1.007896e+04
17.3 1.017071e+04 1.008516e+04 1.011344e+04 1.019899e+04
1.0 1.012957e+04 1.011566e+04 1.011265e+04 1.012656e+04
2.0 1.010746e+04 1.011099e+04 1.010115e+04 1.009761e+04
3.0 1.008042e+04 1.010293e+04 1.009202e+04 1.006951e+04
4.0 1.010064e+04 1.011114e+04 1.009761e+04 1.008711e+04
5.0 1.011896e+04 1.012224e+04 1.010610e+04 1.010282e+04
6.0 1.010991e+04 1.012881e+04 1.011157e+04 1.009267e+04
7.0 1.016082e+04 1.012950e+04 1.011426e+04 1.014558e+04
8.0 1.012646e+04 1.012445e+04 1.011514e+04 1.011715e+04
9.0 1.007323e+04 1.011729e+04 1.011505e+04 1.007099e+04
10.0 1.014447e+04 1.010563e+04 1.011455e+04 1.015339e+04
11.0 1.006595e+04 1.010471e+04 1.011403e+04 1.007527e+04
12.0 1.005993e+04 1.010937e+04 1.011365e+04 1.006420e+04
13.0 1.005577e+04 1.009936e+04 1.011342e+04 1.006984e+04
14.0 1.006913e+04 1.008149e+04 1.011331e+04 1.010095e+04
15.0 1.001585e+04 1.009710e+04 1.011326e+04 1.003201e+04
16.0 1.013849e+04 1.011597e+04 1.011325e+04 1.013578e+04
17.0 1.024639e+04 1.011356e+04 1.011326e+04 1.024608e+04
18.0 1.023720e+04 1.011456e+04 1.011327e+04 1.023590e+04
0.3 1.012908e+04 1.011629e+04 1.011401e+04 1.012680e+04
1.3 1.006759e+04 1.011354e+04 1.011108e+04 1.006514e+04
2.3 1.005985e+04 1.009387e+04 1.009511e+04 1.006110e+04
3.3 1.007167e+04 1.008748e+04 1.008779e+04 1.007197e+04
4.3 1.007756e+04 1.009733e+04 1.009668e+04 1.007692e+04
5.3 1.014890e+04 1.010674e+04 1.010705e+04 1.014921e+04
6.3 1.014706e+04 1.011454e+04 1.011350e+04 1.014602e+04
