0.8 9.595246e+03 9.599063e+03 9.632494e+03 9.628677e+03
1.8 9.635914e+03 9.636839e+03 9.642831e+03 9.641906e+03
2.8 9.658949e+03 9.654953e+03 9.649466e+03 9.653462e+03
3.8 9.644743e+03 9.648495e+03 9.644222e+03 9.640470e+03
4.8 9.686652e+03 9.646154e+03 9.637489e+03 9.677988e+03
5.8 9.663771e+03 9.661166e+03 9.633304e+03 9.635910e+03
6.8 9.698011e+03 9.652707e+03 9.631428e+03 9.676732e+03
7.8 9.578925e+03 9.634386e+03 9.630863e+03 9.575402e+03
8.8 9.622665e+03 9.634808e+03 9.631052e+03 9.618908e+03
9.8 9.605491e+03 9.634046e+03 9.631524e+03 9.602969e+03
10.8 9.643979e+03 9.634635e+03 9.632004e+03 9.641348e+03
11.8 9.613407e+03 9.626861e+03 9.632353e+03 9.618900e+03
12.8 9.594159e+03 9.639076e+03 9.632582e+03 9.587665e+03
13.8 9.643379e+03 9.637045e+03 9.632720e+03 9.639053e+03
14.8 9.648831e+03 9.637933e+03 9.632809e+03 9.643707e+03
15.8 9.655436e+03 9.636164e+03 9.632874e+03 9.652146e+03
16.8 9.585942e+03 9.626614e+03 9.632927e+03 9.592256e+03
17.8 9.601030e+03 9.615909e+03 9.632974e+03 9.618095e+03
0.8 9.587859e+03 9.628401e+03 9.633921e+03 9.593379e+03
1.8 9.615958e+03 9.644031e+03 9.644170e+03 9.616098e+03
2.8 9.656968e+03 9.646026e+03 9.650742e+03 9.661683e+03
3.8 9.650218e+03 9.643611e+03 9.645393e+03 9.652000e+03
4.8 9.678155e+03 9.636083e+03 9.638580e+03 9.680652e+03
5.8 9.629553e+03 9.634668e+03 9.634319e+03 9.629204e+03
6.8 9.602423e+03 9.633052e+03 9.632369e+03 9.601740e+03
7.8 9.659474e+03 9.624025e+03 9.631739e+03 9.667188e+03
8.8 9.616795e+03 9.634927e+03 9.631856e+03 9.613724e+03
9.8 9.659695e+03 9.635980e+03 9.632265e+03 9.655980e+03
10.8 9.622054e+03 9.623998e+03 9.632684e+03 9.630740e+03
11.8 9.607348e+03 9.616071e+03 9.632976e+03 9.624252e+03
12.8 9.661169e+03 9.636723e+03 9.633147e+03 9.657592e+03
13.8 9.747159e+03 9.680264e+03 9.633236e+03 9.700132e+03
14.8 9.685240e+03 9.687083e+03 9.633279e+03 9.631437e+03
15.8 9.589669e+03 9.644278e+03 9.633301e+03 9.578693e+03
16.8 9.580199e+03 9.634821e+03 9.633313e+03 9.578691e+03
17.8 9.715567e+03 9.644507e+03 9.633320e+03 9.704380e+03
0.8 9.594058e+03 9.634740e+03 9.633812e+03 9.593129e+03
1.8 9.631062e+03 9.651302e+03 9.644147e+03 9.623907e+03
2.8 9.709317e+03 9.659338e+03 9.650718e+03 9.700698e+03
3.8 9.623608e+03 9.645828e+03 9.645556e+03 9.623336e+03
4.8 9.633492e+03 9.627793e+03 9.638557e+03 9.644256e+03
5.8 9.619672e+03 9.627042e+03 9.634367e+03 9.626998e+03
6.8 9.617562e+03 9.618287e+03 9.632344e+03 9.631619e+03
7.8 9.597800e+03 9.634127e+03 9.631714e+03 9.595386e+03
8.8 9.659857e+03 9.650638e+03 9.631822e+03 9.641042e+03
9.8 9.635112e+03 9.653371e+03 9.632238e+03 9.613980e+03
10.8 9.654902e+03 9.621092e+03 9.632648e+03 9.666459e+03
11.8 9.660407e+03 9.622919e+03 9.632947e+03 9.670435e+03
12.8 9.617128e+03 9.625527e+03 9.633117e+03 9.624718e+03
13.8 9.620397e+03 9.631313e+03 9.633205e+03 9.622289e+03
14.8 9.623058e+03 9.638688e+03 9.633246e+03 9.617616e+03
15.8 9.664614e+03 9.634042e+03 9.633265e+03 9.663837e+03
16.8 9.663062e+03 9.649461e+03 9.633274e+03 9.646875e+03
17.8 9.613789e+03 9.625576e+03 9.633281e+03 9.621494e+03
0.6 9.596757e+03 9.634456e+03 9.633348e+03 9.595649e+03
1.6 9.605895e+03 9.641581e+03 9.641134e+03 9.605447e+03
2.6 9.605853e+03 9.650923e+03 9.650496e+03 9.605426e+03
3.6 9.649858e+03 9.649240e+03 9.646983e+03 9.647602e+03
4.6 9.665548e+03 9.643580e+03 9.639863e+03 9.661831e+03
5.6 9.604615e+03 9.636619e+03 9.634975e+03 9.602971e+03
6.6 9.670411e+03 9.626966e+03 9.632628e+03 9.676072e+03
7.6 9.641574e+03 9.631147e+03 9.631765e+03 9.642192e+03
8.6 9.671482e+03 9.635749e+03 9.631764e+03 9.667498e+03
9.6 9.598143e+03 9.629781e+03 9.632148e+03 9.600510e+03
10.6 9.620100e+03 9.622005e+03 9.632594e+03 9.630688e+03
11.6 9.617751e+03 9.627429e+03 9.632926e+03 9.623247e+03
12.6 9.659942e+03 9.634723e+03 9.633134e+03 9.658353e+03
13.6 9.663064e+03 9.634369e+03 9.633253e+03 9.661948e+03
14.6 9.685361e+03 9.635836e+03 9.633318e+03 9.682843e+03
15.6 9.675405e+03 9.641701e+03 9.633358e+03 9.667063e+03
16.6 9.581705e+03 9.624773e+03 9.633389e+03 9.590321e+03
17.6 9.588017e+03 9.627039e+03 9.633417e+03 9.594395e+03
