0.5 1.032338e+04 1.031063e+04 1.031188e+04 1.032462e+04
1.5 1.034099e+04 1.031070e+04 1.031324e+04 1.034353e+04
2.5 1.033901e+04 1.031650e+04 1.031824e+04 1.034076e+04
3.5 1.030837e+04 1.031977e+04 1.032044e+04 1.030905e+04
4.5 1.036262e+04 1.033058e+04 1.031775e+04 1.034979e+04
5.5 1.029732e+04 1.029294e+04 1.031452e+04 1.031890e+04
6.5 1.026695e+04 1.027892e+04 1.031271e+04 1.030075e+04
7.5 1.033346e+04 1.029954e+04 1.031430e+04 1.034823e+04
8.5 1.031448e+04 1.031678e+04 1.031862e+04 1.031632e+04
9.5 1.032141e+04 1.031899e+04 1.031845e+04 1.032086e+04
10.5 1.024619e+04 1.029907e+04 1.031561e+04 1.026272e+04
11.5 1.026055e+04 1.029236e+04 1.031344e+04 1.028163e+04
12.5 1.029835e+04 1.030284e+04 1.031233e+04 1.030784e+04
13.5 1.031048e+04 1.031206e+04 1.031191e+04 1.031033e+04
14.5 1.030304e+04 1.031719e+04 1.031191e+04 1.029776e+04
15.5 1.026158e+04 1.031233e+04 1.031211e+04 1.026135e+04
16.5 1.032200e+04 1.031430e+04 1.031234e+04 1.032004e+04
17.5 1.034006e+04 1.031360e+04 1.031252e+04 1.033899e+04
0.8 1.026695e+04 1.027892e+04 1.031271e+04 1.030075e+04
1.8 1.033346e+04 1.029954e+04 1.031430e+04 1.034823e+04
2.8 1.031448e+04 1.031678e+04 1.031862e+04 1.031632e+04
3.8 1.032141e+04 1.031899e+04 1.031845e+04 1.032086e+04
4.8 1.024619e+04 1.029907e+04 1.031561e+04 1.026272e+04
5.8 1.026055e+04 1.029236e+04 1.031344e+04 1.028163e+04
6.8 1.029835e+04 1.030284e+04 1.031233e+04 1.030784e+04
7.8 1.031048e+04 1.031206e+04 1.031191e+04 1.031033e+04
8.8 1.030304e+04 1.031719e+04 1.031191e+04 1.029776e+04
9.8 1.026158e+04 1.031233e+04 1.031211e+04 1.026135e+04
10.8 1.032200e+04 1.031430e+04 1.031234e+04 1.032004e+04
11.8 1.034006e+04 1.031360e+04 1.031252e+04 1.033899e+04
12.8 1.033130e+04 1.031072e+04 1.031265e+04 1.033323e+04
13.8 1.032145e+04 1.031357e+04 1.031273e+04 1.032062e+04
14.8 1.035185e+04 1.030526e+04 1.031278e+04 1.035937e+04
15.8 1.033600e+04 1.029657e+04 1.031282e+04 1.035226e+04
16.8 1.030387e+04 1.030502e+04 1.031284e+04 1.031169e+04
17.8 1.028421e+04 1.029528e+04 1.031286e+04 1.030179e+04
0.8 1.032495e+04 1.031372e+04 1.031301e+04 1.032424e+04
1.8 1.035747e+04 1.031380e+04 1.031532e+04 1.035899e+04
2.8 1.037262e+04 1.031830e+04 1.031943e+04 1.037375e+04
3.8 1.035107e+04 1.031533e+04 1.031894e+04 1.035468e+04
4.8 1.033360e+04 1.030080e+04 1.031610e+04 1.034890e+04
5.8 1.032093e+04 1.028819e+04 1.031397e+04 1.034670e+04
6.8 1.031427e+04 1.030394e+04 1.031284e+04 1.032317e+04
7.8 1.030680e+04 1.030651e+04 1.031238e+04 1.031267e+04
8.8 1.027468e+04 1.031524e+04 1.031232e+04 1.027176e+04
9.8 1.029326e+04 1.031169e+04 1.031245e+04 1.029402e+04
10.8 1.031992e+04 1.032235e+04 1.031347e+04 1.031103e+04
11.8 1.027339e+04 1.031452e+04 1.031768e+04 1.027655e+04
12.8 1.029119e+04 1.031948e+04 1.031927e+04 1.029098e+04
13.8 1.029050e+04 1.031618e+04 1.031703e+04 1.029136e+04
14.8 1.030165e+04 1.031284e+04 1.031456e+04 1.030337e+04
15.8 1.025772e+04 1.030985e+04 1.031314e+04 1.026101e+04
16.8 1.032175e+04 1.031255e+04 1.031250e+04 1.032170e+04
17.8 1.033703e+04 1.031539e+04 1.031231e+04 1.033394e+04
0.3 1.029326e+04 1.031169e+04 1.031245e+04 1.029402e+04
1.3 1.031992e+04 1.032235e+04 1.031347e+04 1.031103e+04
2.3 1.027339e+04 1.031452e+04 1.031768e+04 1.027655e+04
3.3 1.029119e+04 1.031948e+04 1.031927e+04 1.029098e+04
4.3 1.029050e+04 1.031618e+04 1.031703e+04 1.029136e+04
5.3 1.030165e+04 1.031284e+04 1.031456e+04 1.030337e+04
6.3 1.025772e+04 1.030985e+04 1.031314e+04 1.026101e+04
7.3 1.032175e+04 1.031255e+04 1.031250e+04 1.032170e+04
8.3 1.033703e+04 1.031539e+04 1.031231e+04 1.033394e+04
9.3 1.033079e+04 1.031652e+04 1.031238e+04 1.032666e+04
10.3 1.029121e+04 1.031573e+04 1.031255e+04 1.028803e+04
11.3 1.035192e+04 1.031905e+04 1.031270e+04 1.034556e+04
12.3 1.030836e+04 1.031500e+04 1.031280e+04 1.030617e+04
13.3 1.033243e+04 1.031193e+04 1.031416e+04 1.033466e+04
14.3 1.033720e+04 1.031753e+04 1.031912e+04 1.033880e+04
15.3 1.029182e+04 1.032023e+04 1.032127e+04 1.029286e+04
16.3 1.035318e+04 1.032174e+04 1.031852e+04 1.034996e+04
17.3 1.038674e+04 1.037998e+04 1.031530e+04 1.032206e+04
0.5 1.030836e+04 1.031500e+04 1.031280e+04 1.030617e+04
1.5 1.033243e+04 1.031193e+04 1.031416e+04 1.033466e+04
2.5 1.033720e+04 1.031753e+04 1.031912e+04 1.033880e+04
3.5 1.029182e+04 1.032023e+04 1.032127e+04 1.029286e+04
4.5 1.035318e+04 1.032174e+04 1.031852e+04 1.034996e+04
5.5 1.038674e+04 1.037998e+04 1.031530e+04 1.032206e+04
6.5 1.037739e+04 1.036148e+04 1.031330e+04 1.032921e+04
7.5 1.035127e+04 1.033025e+04 1.031241e+04 1.033343e+04
8.5 1.031953e+04 1.032038e+04 1.031215e+04 1.031129e+04
9.5 1.030822e+04 1.031863e+04 1.031223e+04 1.030182e+04
10.5 1.030364e+04 1.031974e+04 1.031244e+04 1.029634e+04
11.5 1.026872e+04 1.031453e+04 1.031265e+04 1.026684e+04
12.5 1.035226e+04 1.031167e+04 1.031279e+04 1.035338e+04
13.5 1.033645e+04 1.031155e+04 1.031287e+04 1.033777e+04
14.5 1.032975e+04 1.033192e+04 1.031292e+04 1.031075e+04
15.5 1.033301e+04 1.032367e+04 1.031294e+04 1.032228e+04
16.5 1.033299e+04 1.034179e+04 1.031296e+04 1.030416e+04
17.5 1.032371e+04 1.034470e+04 1.031296e+04 1.029197e+04
0.1 1.031112e+04 1.031058e+04 1.031301e+04 1.031355e+04
1.1 1.030655e+04 1.031174e+04 1.031334e+04 1.030815e+04
2.1 1.035620e+04 1.031504e+04 1.031661e+04 1.035776e+04
3.1 1.032381e+04 1.031615e+04 1.031859e+04 1.032625e+04
4.1 1.030668e+04 1.030923e+04 1.031690e+04 1.031435e+04
5.1 1.028988e+04 1.029295e+04 1.031474e+04 1.031167e+04
6.1 1.028735e+04 1.029529e+04 1.031341e+04 1.030546e+04
7.1 1.029056e+04 1.030619e+04 1.031383e+04 1.029819e+04
8.1 1.030756e+04 1.031518e+04 1.031808e+04 1.031046e+04
9.1 1.031163e+04 1.031998e+04 1.031973e+04 1.031139e+04
10.1 1.026403e+04 1.031863e+04 1.031736e+04 1.026275e+04
11.1 1.026167e+04 1.031092e+04 1.031479e+04 1.026553e+04
12.1 1.031400e+04 1.029332e+04 1.031326e+04 1.033394e+04
13.1 1.028555e+04 1.029798e+04 1.031259e+04 1.030016e+04
14.1 1.032309e+04 1.030681e+04 1.031243e+04 1.032870e+04
15.1 1.033657e+04 1.031322e+04 1.031252e+04 1.033587e+04
16.1 1.030392e+04 1.032002e+04 1.031271e+04 1.029662e+04
17.1 1.027824e+04 1.031830e+04 1.031289e+04 1.027282e+04
0.4 1.028735e+04 1.029529e+04 1.031341e+04 1.030546e+04
1.4 1.029056e+04 1.030619e+04 1.031383e+04 1.029819e+04
2.4 1.030756e+04 1.031518e+04 1.031808e+04 1.031046e+04
3.4 1.031163e+04 1.031998e+04 1.031973e+04 1.031139e+04
4.4 1.026403e+04 1.031863e+04 1.031736e+04 1.026275e+04
5.4 1.026167e+04 1.031092e+04 1.031479e+04 1.026553e+04
6.4 1.031400e+04 1.029332e+04 1.031326e+04 1.033394e+04
7.4 1.028555e+04 1.029798e+04 1.031259e+04 1.030016e+04
8.4 1.032309e+04 1.030681e+04 1.031243e+04 1.032870e+04
9.4 1.033657e+04 1.031322e+04 1.031252e+04 1.033587e+04
10.4 1.030392e+04 1.032002e+04 1.031271e+04 1.029662e+04
11.4 1.027824e+04 1.031830e+04 1.031289e+04 1.027282e+04
12.4 1.025513e+04 1.031383e+04 1.031301e+04 1.025430e+04
13.4 1.024996e+04 1.030981e+04 1.031308e+04 1.025323e+04
14.4 1.028844e+04 1.030204e+04 1.031311e+04 1.029952e+04
15.4 1.033140e+04 1.031538e+04 1.031313e+04 1.032915e+04
16.4 1.028493e+04 1.030850e+04 1.031314e+04 1.028957e+04
17.4 1.035245e+04 1.031287e+04 1.031315e+04 1.035273e+04
0.2 1.031075e+04 1.032115e+04 1.031317e+04 1.030278e+04
1.2 1.034465e+04 1.031604e+04 1.031369e+04 1.034230e+04
2.2 1.033038e+04 1.031435e+04 1.031724e+04 1.033327e+04
3.2 1.031166e+04 1.032005e+04 1.031897e+04 1.031058e+04
4.2 1.031642e+04 1.031680e+04 1.031706e+04 1.031667e+04
5.2 1.032451e+04 1.031674e+04 1.031478e+04 1.032255e+04
6.2 1.030745e+04 1.031365e+04 1.031345e+04 1.030725e+04
7.2 1.024800e+04 1.030565e+04 1.031283e+04 1.025517e+04
8.2 1.029931e+04 1.031032e+04 1.031263e+04 1.030163e+04
9.2 1.027832e+04 1.029341e+04 1.031269e+04 1.029760e+04
10.2 1.029200e+04 1.029558e+04 1.031283e+04 1.030924e+04
11.2 1.030864e+04 1.030185e+04 1.031296e+04 1.031976e+04
12.2 1.033255e+04 1.030790e+04 1.031305e+04 1.033771e+04
13.2 1.033520e+04 1.031420e+04 1.031310e+04 1.033410e+04
14.2 1.031493e+04 1.029652e+04 1.031312e+04 1.033154e+04
15.2 1.033825e+04 1.030742e+04 1.031313e+04 1.034396e+04
16.2 1.034552e+04 1.031757e+04 1.031313e+04 1.034108e+04
17.2 1.033342e+04 1.031455e+04 1.031313e+04 1.033199e+04
0.4 1.032259e+04 1.032314e+04 1.031312e+04 1.031256e+04
1.4 1.033671e+04 1.032100e+04 1.031417e+04 1.032989e+04
2.4 1.037488e+04 1.032273e+04 1.031896e+04 1.037111e+04
3.4 1.029582e+04 1.031884e+04 1.032154e+04 1.029852e+04
4.4 1.029058e+04 1.031757e+04 1.031898e+04 1.029200e+04
5.4 1.029038e+04 1.031484e+04 1.031569e+04 1.029123e+04
6.4 1.027442e+04 1.030094e+04 1.031359e+04 1.028707e+04
7.4 1.030467e+04 1.030393e+04 1.031263e+04 1.031337e+04
8.4 1.033927e+04 1.032025e+04 1.031233e+04 1.033135e+04
9.4 1.033806e+04 1.032992e+04 1.031239e+04 1.032053e+04
10.4 1.027262e+04 1.031552e+04 1.031259e+04 1.026970e+04
11.4 1.030141e+04 1.031231e+04 1.031280e+04 1.030189e+04
12.4 1.030199e+04 1.031082e+04 1.031294e+04 1.030412e+04
13.4 1.028840e+04 1.031142e+04 1.031303e+04 1.029002e+04
14.4 1.032273e+04 1.032393e+04 1.031307e+04 1.031186e+04
15.4 1.034482e+04 1.032304e+04 1.031309e+04 1.033488e+04
16.4 1.028614e+04 1.031479e+04 1.031310e+04 1.028445e+04
17.4 1.032124e+04 1.030870e+04 1.031311e+04 1.032565e+04
0.3 1.032124e+04 1.030870e+04 1.031311e+04 1.032565e+04
1.3 1.033458e+04 1.031344e+04 1.031390e+04 1.033504e+04
2.3 1.037070e+04 1.031770e+04 1.031828e+04 1.037128e+04
3.3 1.033746e+04 1.031799e+04 1.032078e+04 1.034024e+04
4.3 1.034986e+04 1.031812e+04 1.031846e+04 1.035020e+04
5.3 1.032950e+04 1.030565e+04 1.031548e+04 1.033934e+04
6.3 1.031989e+04 1.029873e+04 1.031359e+04 1.033475e+04
7.3 1.026762e+04 1.030563e+04 1.031272e+04 1.027471e+04
8.3 1.027286e+04 1.029901e+04 1.031245e+04 1.028630e+04
9.3 1.024332e+04 1.030636e+04 1.031251e+04 1.024947e+04
10.3 1.026246e+04 1.030682e+04 1.031270e+04 1.026834e+04
11.3 1.033933e+04 1.031182e+04 1.031289e+04 1.034041e+04
12.3 1.032460e+04 1.031158e+04 1.031303e+04 1.032604e+04
13.3 1.034381e+04 1.030583e+04 1.031311e+04 1.035109e+04
14.3 1.033310e+04 1.030394e+04 1.031315e+04 1.034232e+04
15.3 1.032203e+04 1.032667e+04 1.031318e+04 1.030854e+04
16.3 1.033928e+04 1.033347e+04 1.031319e+04 1.031900e+04
17.3 1.034376e+04 1.031712e+04 1.031320e+04 1.033984e+04
1.0 1.033885e+04 1.031577e+04 1.031340e+04 1.033648e+04
2.0 1.031942e+04 1.031544e+04 1.031640e+04 1.032038e+04
3.0 1.026375e+04 1.031866e+04 1.031878e+04 1.026387e+04
4.0 1.029088e+04 1.031627e+04 1.031732e+04 1.029193e+04
5.0 1.032784e+04 1.031661e+04 1.031511e+04 1.032634e+04
6.0 1.031935e+04 1.035023e+04 1.031369e+04 1.028280e+04
7.0 1.030102e+04 1.031502e+04 1.031298e+04 1.029898e+04
8.0 1.032701e+04 1.032612e+04 1.031275e+04 1.031364e+04
9.0 1.031563e+04 1.031395e+04 1.031278e+04 1.031446e+04
10.0 1.032111e+04 1.031528e+04 1.031291e+04 1.031874e+04
11.0 1.028930e+04 1.031458e+04 1.031304e+04 1.028776e+04
12.0 1.031233e+04 1.031379e+04 1.031314e+04 1.031169e+04
13.0 1.029481e+04 1.031472e+04 1.031320e+04 1.029330e+04
14.0 1.031235e+04 1.031923e+04 1.031323e+04 1.030635e+04
15.0 1.030764e+04 1.031778e+04 1.031324e+04 1.030311e+04
16.0 1.034221e+04 1.031458e+04 1.031325e+04 1.034088e+04
17.0 1.034114e+04 1.031128e+04 1.031325e+04 1.034311e+04
18.0 1.034128e+04 1.031012e+04 1.031324e+04 1.034440e+04
0.3 1.029695e+04 1.031285e+04 1.031305e+04 1.029715e+04
1.3 1.033133e+04 1.031207e+04 1.031381e+04 1.033307e+04
2.3 1.030337e+04 1.031609e+04 1.031797e+04 1.030525e+04
3.3 1.030198e+04 1.031821e+04 1.031988e+04 1.030364e+04
4.3 1.030309e+04 1.031568e+04 1.031756e+04 1.030498e+04
5.3 1.033124e+04 1.031301e+04 1.031486e+04 1.033310e+04
6.3 1.032358e+04 1.031317e+04 1.031318e+04 1.032359e+04
