0.2 9.728798e+03 9.749286e+03 9.728706e+03 9.708218e+03
1.2 9.753581e+03 9.751274e+03 9.729333e+03 9.731639e+03
2.2 9.730284e+03 9.735579e+03 9.732127e+03 9.726833e+03
3.2 9.720148e+03 9.717733e+03 9.732602e+03 9.735017e+03
4.2 9.736836e+03 9.735122e+03 9.730983e+03 9.732698e+03
5.2 9.742832e+03 9.734463e+03 9.729560e+03 9.737928e+03
6.2 9.754212e+03 9.732431e+03 9.728757e+03 9.750538e+03
7.2 9.760989e+03 9.766280e+03 9.728418e+03 9.723127e+03
8.2 9.761649e+03 9.743074e+03 9.728340e+03 9.746916e+03
9.2 9.741080e+03 9.755666e+03 9.728401e+03 9.713816e+03
10.2 9.762472e+03 9.766325e+03 9.728503e+03 9.724650e+03
11.2 9.746624e+03 9.755167e+03 9.728594e+03 9.720052e+03
12.2 9.751335e+03 9.745943e+03 9.728654e+03 9.734046e+03
13.2 9.751152e+03 9.755325e+03 9.728687e+03 9.724514e+03
14.2 9.722342e+03 9.736748e+03 9.728705e+03 9.714299e+03
15.2 9.722911e+03 9.737716e+03 9.728713e+03 9.713909e+03
16.2 9.742441e+03 9.731480e+03 9.728718e+03 9.739679e+03
17.2 9.713525e+03 9.731542e+03 9.728721e+03 9.710703e+03
0.5 9.671612e+03 9.683382e+03 9.728691e+03 9.716921e+03
1.5 9.776560e+03 9.792213e+03 9.730083e+03 9.714430e+03
2.5 9.751866e+03 9.737533e+03 9.732609e+03 9.746942e+03
3.5 9.688594e+03 9.682106e+03 9.732152e+03 9.738640e+03
4.5 9.729678e+03 9.723591e+03 9.730464e+03 9.736551e+03
5.5 9.768275e+03 9.750501e+03 9.729212e+03 9.746987e+03
6.5 9.757538e+03 9.733890e+03 9.728590e+03 9.752238e+03
7.5 9.734955e+03 9.733520e+03 9.728343e+03 9.729778e+03
8.5 9.685126e+03 9.715309e+03 9.728317e+03 9.698134e+03
9.5 9.725761e+03 9.716755e+03 9.728396e+03 9.737402e+03
10.5 9.761400e+03 9.744720e+03 9.728498e+03 9.745178e+03
11.5 9.780953e+03 9.759260e+03 9.728576e+03 9.750270e+03
12.5 9.747949e+03 9.737008e+03 9.728624e+03 9.739565e+03
13.5 9.720888e+03 9.734372e+03 9.728650e+03 9.715166e+03
14.5 9.733036e+03 9.730270e+03 9.728661e+03 9.731427e+03
15.5 9.734030e+03 9.728814e+03 9.728666e+03 9.733882e+03
16.5 9.774643e+03 9.751633e+03 9.728667e+03 9.751677e+03
17.5 9.773486e+03 9.740464e+03 9.728667e+03 9.761689e+03
0.5 9.707731e+03 9.714741e+03 9.728651e+03 9.721641e+03
1.5 9.689039e+03 9.718963e+03 9.729973e+03 9.700049e+03
2.5 9.703517e+03 9.715377e+03 9.732575e+03 9.720714e+03
3.5 9.709591e+03 9.725551e+03 9.732157e+03 9.716197e+03
4.5 9.748051e+03 9.733830e+03 9.730473e+03 9.744695e+03
5.5 9.729903e+03 9.730720e+03 9.729207e+03 9.728389e+03
6.5 9.716673e+03 9.727732e+03 9.728574e+03 9.717515e+03
7.5 9.700230e+03 9.699987e+03 9.728319e+03 9.728562e+03
8.5 9.761852e+03 9.742558e+03 9.728295e+03 9.747589e+03
9.5 9.760236e+03 9.742932e+03 9.728376e+03 9.745679e+03
10.5 9.727496e+03 9.733215e+03 9.728482e+03 9.722763e+03
11.5 9.726993e+03 9.730995e+03 9.728565e+03 9.724563e+03
12.5 9.722658e+03 9.730365e+03 9.728619e+03 9.720912e+03
13.5 9.704879e+03 9.730678e+03 9.728649e+03 9.702850e+03
14.5 9.693844e+03 9.724232e+03 9.728666e+03 9.698277e+03
15.5 9.717255e+03 9.731037e+03 9.728676e+03 9.714894e+03
16.5 9.748310e+03 9.737881e+03 9.728684e+03 9.739113e+03
17.5 9.749060e+03 9.728388e+03 9.728691e+03 9.749363e+03
