0.3 9.670211e+03 9.615821e+03 9.633076e+03 9.687466e+03
1.3 9.614354e+03 9.626557e+03 9.636565e+03 9.624363e+03
2.3 9.656388e+03 9.641466e+03 9.649030e+03 9.663952e+03
3.3 9.637743e+03 9.676673e+03 9.649717e+03 9.610787e+03
4.3 9.604941e+03 9.642484e+03 9.642332e+03 9.604789e+03
5.3 9.668675e+03 9.649518e+03 9.636334e+03 9.655491e+03
6.3 9.654069e+03 9.628877e+03 9.633085e+03 9.658277e+03
7.3 9.663568e+03 9.629389e+03 9.631676e+03 9.665855e+03
8.3 9.676377e+03 9.633831e+03 9.631405e+03 9.673952e+03
9.3 9.637188e+03 9.630220e+03 9.631701e+03 9.638668e+03
10.3 9.663345e+03 9.634275e+03 9.632143e+03 9.661212e+03
11.3 9.690625e+03 9.639626e+03 9.632516e+03 9.683515e+03
12.3 9.666759e+03 9.630279e+03 9.632762e+03 9.669242e+03
13.3 9.610819e+03 9.626821e+03 9.632891e+03 9.616889e+03
14.3 9.696146e+03 9.630622e+03 9.632953e+03 9.698477e+03
15.3 9.636428e+03 9.637107e+03 9.632978e+03 9.632299e+03
16.3 9.614687e+03 9.633740e+03 9.632987e+03 9.613934e+03
17.3 9.635975e+03 9.644780e+03 9.632990e+03 9.624185e+03
0.6 9.607348e+03 9.616071e+03 9.633168e+03 9.624444e+03
1.6 9.661169e+03 9.636723e+03 9.640593e+03 9.665039e+03
2.6 9.747159e+03 9.680264e+03 9.650899e+03 9.717794e+03
3.6 9.685240e+03 9.687083e+03 9.647705e+03 9.645863e+03
4.6 9.589669e+03 9.644278e+03 9.640149e+03 9.585540e+03
5.6 9.580199e+03 9.634821e+03 9.635116e+03 9.580494e+03
6.6 9.715567e+03 9.644507e+03 9.632594e+03 9.703654e+03
7.6 9.665007e+03 9.663711e+03 9.631636e+03 9.632932e+03
8.6 9.674746e+03 9.687689e+03 9.631617e+03 9.618674e+03
9.6 9.686745e+03 9.642349e+03 9.632018e+03 9.676414e+03
10.6 9.642219e+03 9.623780e+03 9.632471e+03 9.650910e+03
11.6 9.644979e+03 9.637460e+03 9.632821e+03 9.640339e+03
12.6 9.630929e+03 9.630104e+03 9.633044e+03 9.633870e+03
13.6 9.574317e+03 9.617473e+03 9.633165e+03 9.590009e+03
14.6 9.629977e+03 9.646647e+03 9.633231e+03 9.616561e+03
15.6 9.659450e+03 9.641409e+03 9.633267e+03 9.651309e+03
16.6 9.656022e+03 9.637554e+03 9.633292e+03 9.651761e+03
17.6 9.644435e+03 9.635948e+03 9.633313e+03 9.641799e+03
1.0 9.651711e+03 9.623747e+03 9.634756e+03 9.662720e+03
2.0 9.607927e+03 9.654829e+03 9.646645e+03 9.599743e+03
3.0 9.660839e+03 9.675384e+03 9.650835e+03 9.636290e+03
4.0 9.686282e+03 9.648328e+03 9.644363e+03 9.682317e+03
5.0 9.680562e+03 9.643862e+03 9.637706e+03 9.674405e+03
6.0 9.624692e+03 9.627037e+03 9.633782e+03 9.631437e+03
7.0 9.588743e+03 9.636118e+03 9.632062e+03 9.584687e+03
8.0 9.596757e+03 9.634456e+03 9.631586e+03 9.593887e+03
9.0 9.605895e+03 9.641581e+03 9.631799e+03 9.596112e+03
10.0 9.605853e+03 9.650923e+03 9.632245e+03 9.587175e+03
11.0 9.649858e+03 9.649240e+03 9.632670e+03 9.633289e+03
12.0 9.665548e+03 9.643580e+03 9.632958e+03 9.654925e+03
13.0 9.604615e+03 9.636619e+03 9.633131e+03 9.601127e+03
14.0 9.670411e+03 9.626966e+03 9.633222e+03 9.676667e+03
15.0 9.641574e+03 9.631147e+03 9.633274e+03 9.643701e+03
16.0 9.671482e+03 9.635749e+03 9.633307e+03 9.669041e+03
17.0 9.598143e+03 9.629781e+03 9.633334e+03 9.601696e+03
18.0 9.620100e+03 9.622005e+03 9.633359e+03 9.631453e+03
