0.3 1.014840e+04 1.014720e+04 1.021966e+04 1.022086e+04
1.3 1.009243e+04 1.014302e+04 1.021306e+04 1.016247e+04
2.3 1.013618e+04 1.018688e+04 1.019431e+04 1.014361e+04
3.3 1.024604e+04 1.020820e+04 1.019480e+04 1.023265e+04
4.3 1.037616e+04 1.022993e+04 1.020608e+04 1.035231e+04
5.3 1.044314e+04 1.024859e+04 1.021526e+04 1.040982e+04
6.3 1.016715e+04 1.025007e+04 1.022001e+04 1.013708e+04
7.3 1.008867e+04 1.020677e+04 1.022202e+04 1.010392e+04
8.3 1.006652e+04 1.020407e+04 1.022236e+04 1.008481e+04
9.3 1.035888e+04 1.022793e+04 1.022190e+04 1.035286e+04
10.3 1.019070e+04 1.024490e+04 1.022122e+04 1.016701e+04
11.3 1.036211e+04 1.027289e+04 1.022067e+04 1.030989e+04
12.3 1.020352e+04 1.023519e+04 1.022031e+04 1.018864e+04
13.3 1.020785e+04 1.018809e+04 1.022013e+04 1.023989e+04
14.3 1.008298e+04 1.018833e+04 1.022005e+04 1.011470e+04
15.3 1.042768e+04 1.026269e+04 1.022002e+04 1.038502e+04
16.3 1.032226e+04 1.029808e+04 1.022001e+04 1.024419e+04
17.3 1.035459e+04 1.033714e+04 1.022001e+04 1.023747e+04
0.1 1.004250e+04 1.014609e+04 1.021999e+04 1.011640e+04
1.1 1.020088e+04 1.018337e+04 1.021608e+04 1.023358e+04
2.1 1.030413e+04 1.026924e+04 1.019718e+04 1.023208e+04
3.1 1.043060e+04 1.023487e+04 1.019358e+04 1.038931e+04
4.1 1.018904e+04 1.020080e+04 1.020424e+04 1.019248e+04
5.1 1.009205e+04 1.009565e+04 1.021396e+04 1.021037e+04
6.1 1.021251e+04 1.013268e+04 1.021949e+04 1.029932e+04
7.1 1.014657e+04 1.020659e+04 1.022183e+04 1.016181e+04
8.1 1.028146e+04 1.024216e+04 1.022238e+04 1.026169e+04
9.1 1.030836e+04 1.021845e+04 1.022198e+04 1.031189e+04
10.1 1.008673e+04 1.019614e+04 1.022129e+04 1.011187e+04
11.1 1.021778e+04 1.020677e+04 1.022066e+04 1.023166e+04
12.1 1.026856e+04 1.020931e+04 1.022025e+04 1.027949e+04
13.1 1.014720e+04 1.021931e+04 1.022001e+04 1.014789e+04
14.1 1.030867e+04 1.024602e+04 1.021989e+04 1.028254e+04
15.1 1.026237e+04 1.020044e+04 1.021983e+04 1.028176e+04
16.1 1.021208e+04 1.017499e+04 1.021980e+04 1.025689e+04
17.1 1.017370e+04 1.017618e+04 1.021978e+04 1.021730e+04
1.0 1.025464e+04 1.020140e+04 1.021755e+04 1.027080e+04
2.0 1.020644e+04 1.020272e+04 1.019971e+04 1.020343e+04
3.0 1.012244e+04 1.018162e+04 1.019212e+04 1.013294e+04
4.0 1.005524e+04 1.020633e+04 1.020169e+04 1.005061e+04
5.0 1.009050e+04 1.017595e+04 1.021210e+04 1.012665e+04
6.0 1.015126e+04 1.022545e+04 1.021834e+04 1.014415e+04
7.0 1.029394e+04 1.025427e+04 1.022110e+04 1.026077e+04
8.0 1.016209e+04 1.024151e+04 1.022191e+04 1.014249e+04
9.0 1.025187e+04 1.026412e+04 1.022163e+04 1.020937e+04
10.0 1.032583e+04 1.025646e+04 1.022095e+04 1.029033e+04
11.0 1.019234e+04 1.027789e+04 1.022030e+04 1.013475e+04
12.0 1.023281e+04 1.021371e+04 1.021987e+04 1.023897e+04
13.0 1.008646e+04 1.016635e+04 1.021961e+04 1.013972e+04
14.0 1.028512e+04 1.022445e+04 1.021948e+04 1.028016e+04
15.0 1.016370e+04 1.018219e+04 1.021942e+04 1.020093e+04
16.0 1.011087e+04 1.020005e+04 1.021940e+04 1.013022e+04
17.0 1.022355e+04 1.023875e+04 1.021939e+04 1.020419e+04
18.0 9.956029e+03 1.019761e+04 1.021939e+04 9.977811e+03
0.2 1.022179e+04 1.018197e+04 1.022000e+04 1.025982e+04
1.2 1.010972e+04 1.017136e+04 1.021465e+04 1.015300e+04
2.2 1.010199e+04 1.021149e+04 1.019583e+04 1.008633e+04
3.2 1.026086e+04 1.024431e+04 1.019447e+04 1.021102e+04
4.2 1.004424e+04 1.024751e+04 1.020555e+04 1.000228e+04
5.2 1.029381e+04 1.025087e+04 1.021490e+04 1.025784e+04
6.2 1.027223e+04 1.023685e+04 1.022009e+04 1.025547e+04
7.2 1.012651e+04 1.017183e+04 1.022225e+04 1.017693e+04
8.2 1.004454e+04 1.015967e+04 1.022271e+04 1.010758e+04
9.2 1.009857e+04 1.021510e+04 1.022229e+04 1.010576e+04
10.2 1.021485e+04 1.027584e+04 1.022163e+04 1.016065e+04
11.2 1.019654e+04 1.026354e+04 1.022107e+04 1.015406e+04
12.2 1.019567e+04 1.022121e+04 1.022071e+04 1.019517e+04
13.2 1.012405e+04 1.021653e+04 1.022053e+04 1.012805e+04
14.2 1.030661e+04 1.022406e+04 1.022045e+04 1.030300e+04
15.2 1.027637e+04 1.025880e+04 1.022043e+04 1.023800e+04
16.2 1.023270e+04 1.022494e+04 1.022044e+04 1.022820e+04
17.2 1.038529e+04 1.016439e+04 1.022045e+04 1.044135e+04
0.8 1.029951e+04 1.018994e+04 1.021964e+04 1.032921e+04
1.8 1.022081e+04 1.020265e+04 1.020373e+04 1.022189e+04
2.8 1.019161e+04 1.020739e+04 1.019276e+04 1.017698e+04
3.8 1.029996e+04 1.027092e+04 1.020099e+04 1.023003e+04
4.8 1.034313e+04 1.029997e+04 1.021189e+04 1.025504e+04
5.8 1.033962e+04 1.023186e+04 1.021877e+04 1.032653e+04
6.8 1.011857e+04 1.021789e+04 1.022194e+04 1.012262e+04
7.8 1.020958e+04 1.021910e+04 1.022298e+04 1.021346e+04
8.8 1.017510e+04 1.027411e+04 1.022282e+04 1.012381e+04
9.8 1.023720e+04 1.022893e+04 1.022217e+04 1.023044e+04
10.8 1.030717e+04 1.022471e+04 1.022150e+04 1.030396e+04
11.8 1.047025e+04 1.037229e+04 1.022103e+04 1.031898e+04
12.8 1.023149e+04 1.026015e+04 1.022075e+04 1.019208e+04
13.8 1.031575e+04 1.023577e+04 1.022059e+04 1.030057e+04
14.8 1.012611e+04 1.017879e+04 1.022052e+04 1.016784e+04
15.8 1.032171e+04 1.021772e+04 1.022048e+04 1.032447e+04
16.8 1.026273e+04 1.020320e+04 1.022045e+04 1.027998e+04
17.8 1.019642e+04 1.020949e+04 1.022042e+04 1.020736e+04
0.4 1.029125e+04 1.020083e+04 1.022023e+04 1.031065e+04
1.4 1.031640e+04 1.021543e+04 1.021219e+04 1.031317e+04
2.4 1.025545e+04 1.019108e+04 1.019399e+04 1.025836e+04
3.4 1.011873e+04 1.018070e+04 1.019586e+04 1.013389e+04
4.4 1.021974e+04 1.023662e+04 1.020718e+04 1.019029e+04
5.4 1.014900e+04 1.023605e+04 1.021594e+04 1.012889e+04
6.4 1.030537e+04 1.022052e+04 1.022034e+04 1.030519e+04
7.4 1.025836e+04 1.010601e+04 1.022213e+04 1.037448e+04
8.4 1.013620e+04 1.022285e+04 1.022230e+04 1.013565e+04
9.4 1.019341e+04 1.026832e+04 1.022173e+04 1.014682e+04
10.4 1.020343e+04 1.020642e+04 1.022096e+04 1.021796e+04
11.4 1.011424e+04 1.015419e+04 1.022034e+04 1.018039e+04
12.4 1.023294e+04 1.014814e+04 1.021992e+04 1.030472e+04
13.4 1.022906e+04 1.024449e+04 1.021966e+04 1.020423e+04
14.4 1.032090e+04 1.029100e+04 1.021950e+04 1.024939e+04
15.4 1.027111e+04 1.023193e+04 1.021938e+04 1.025856e+04
16.4 1.015380e+04 1.017700e+04 1.021928e+04 1.019607e+04
17.4 1.021877e+04 1.017944e+04 1.021918e+04 1.025851e+04
