0.6 1.963530e+03 2.341076e+03 2.390078e+03 2.012533e+03
1.6 2.294181e+03 2.314255e+03 2.377407e+03 2.357333e+03
2.6 2.134832e+03 2.227629e+03 2.361083e+03 2.268286e+03
3.6 2.435398e+03 2.519326e+03 2.366686e+03 2.282757e+03
4.6 2.348405e+03 2.428976e+03 2.378865e+03 2.298294e+03
5.6 2.178320e+03 2.389807e+03 2.387339e+03 2.175852e+03
6.6 2.166032e+03 2.357307e+03 2.391453e+03 2.200177e+03
7.6 2.308024e+03 2.363120e+03 2.393009e+03 2.337913e+03
8.6 2.517549e+03 2.444854e+03 2.393076e+03 2.465771e+03
9.6 2.413352e+03 2.408896e+03 2.392471e+03 2.396927e+03
10.6 2.367999e+03 2.396723e+03 2.391752e+03 2.363028e+03
11.6 2.382513e+03 2.384454e+03 2.391223e+03 2.389282e+03
12.6 2.441964e+03 2.407283e+03 2.390905e+03 2.425587e+03
13.6 2.487870e+03 2.445485e+03 2.390741e+03 2.433126e+03
14.6 2.532278e+03 2.393830e+03 2.390672e+03 2.529120e+03
15.6 2.452932e+03 2.408073e+03 2.390646e+03 2.435505e+03
16.6 2.394483e+03 2.406793e+03 2.390638e+03 2.378329e+03
17.6 2.393337e+03 2.389308e+03 2.390636e+03 2.394665e+03
0.9 2.368924e+03 2.326926e+03 2.389359e+03 2.431357e+03
1.9 2.582306e+03 2.436332e+03 2.371010e+03 2.516984e+03
2.9 2.642430e+03 2.506070e+03 2.360994e+03 2.497354e+03
3.9 2.404869e+03 2.352857e+03 2.370622e+03 2.422633e+03
4.9 2.365252e+03 2.310997e+03 2.382028e+03 2.436283e+03
5.9 2.466491e+03 2.349523e+03 2.388913e+03 2.505882e+03
6.9 2.494065e+03 2.408995e+03 2.392194e+03 2.477265e+03
7.9 2.190642e+03 2.393249e+03 2.393170e+03 2.190563e+03
8.9 2.016526e+03 2.324277e+03 2.392917e+03 2.085167e+03
9.9 2.387158e+03 2.452676e+03 2.392201e+03 2.326683e+03
10.9 2.478721e+03 2.433065e+03 2.391498e+03 2.437154e+03
11.9 2.414014e+03 2.357350e+03 2.390986e+03 2.447650e+03
12.9 2.444276e+03 2.383896e+03 2.390690e+03 2.451070e+03
13.9 2.528967e+03 2.409607e+03 2.390530e+03 2.509889e+03
14.9 2.388490e+03 2.415447e+03 2.390448e+03 2.363491e+03
15.9 2.450808e+03 2.418886e+03 2.390402e+03 2.422323e+03
16.9 2.468620e+03 2.369025e+03 2.390370e+03 2.489965e+03
17.9 2.278069e+03 2.222353e+03 2.390343e+03 2.446059e+03
0.8 2.294485e+03 2.307581e+03 2.389240e+03 2.376144e+03
1.8 2.338345e+03 2.257411e+03 2.372485e+03 2.453418e+03
2.8 2.302761e+03 2.292308e+03 2.360144e+03 2.370597e+03
3.8 2.315139e+03 2.254088e+03 2.368295e+03 2.429346e+03
4.8 2.380793e+03 2.410532e+03 2.380312e+03 2.350573e+03
5.8 2.534169e+03 2.389622e+03 2.387633e+03 2.532180e+03
6.8 2.418345e+03 2.379437e+03 2.391193e+03 2.430101e+03
7.8 2.178476e+03 2.373747e+03 2.392323e+03 2.197052e+03
8.8 2.176279e+03 2.363743e+03 2.392154e+03 2.204690e+03
9.8 2.349878e+03 2.373013e+03 2.391430e+03 2.368295e+03
10.8 2.313597e+03 2.396075e+03 2.390700e+03 2.308222e+03
11.8 2.364039e+03 2.438160e+03 2.390154e+03 2.316033e+03
12.8 2.519635e+03 2.411020e+03 2.389831e+03 2.498446e+03
13.8 2.653368e+03 2.391885e+03 2.389657e+03 2.651140e+03
14.8 2.526512e+03 2.506002e+03 2.389566e+03 2.410076e+03
15.8 2.375865e+03 2.490411e+03 2.389516e+03 2.274970e+03
16.8 2.237127e+03 2.429602e+03 2.389482e+03 2.197007e+03
17.8 2.398229e+03 2.450819e+03 2.389455e+03 2.336865e+03
0.3 2.424123e+03 2.348637e+03 2.389969e+03 2.465455e+03
1.3 2.499693e+03 2.332411e+03 2.383812e+03 2.551093e+03
2.3 2.168322e+03 2.187636e+03 2.363436e+03 2.344122e+03
3.3 2.299390e+03 2.423469e+03 2.362874e+03 2.238795e+03
4.3 2.286632e+03 2.349191e+03 2.375103e+03 2.312544e+03
5.3 2.559516e+03 2.385670e+03 2.384857e+03 2.558703e+03
6.3 2.416147e+03 2.365927e+03 2.390112e+03 2.440332e+03
7.3 2.618164e+03 2.442943e+03 2.392380e+03 2.567601e+03
8.3 2.541028e+03 2.370100e+03 2.392800e+03 2.563728e+03
9.3 2.533810e+03 2.387643e+03 2.392310e+03 2.538476e+03
10.3 2.585733e+03 2.452623e+03 2.391590e+03 2.524700e+03
11.3 2.311958e+03 2.461074e+03 2.390987e+03 2.241871e+03
12.3 2.287159e+03 2.405589e+03 2.390593e+03 2.272164e+03
13.3 2.511474e+03 2.379970e+03 2.390388e+03 2.521892e+03
14.3 2.156592e+03 2.332503e+03 2.390289e+03 2.214377e+03
15.3 2.539785e+03 2.351359e+03 2.390245e+03 2.578672e+03
16.3 2.307594e+03 2.339673e+03 2.390228e+03 2.358149e+03
17.3 2.307965e+03 2.365085e+03 2.390221e+03 2.333102e+03
0.8 2.497620e+03 2.363474e+03 2.389078e+03 2.523224e+03
1.8 2.342775e+03 2.409743e+03 2.371638e+03 2.304670e+03
2.8 2.385264e+03 2.348830e+03 2.360451e+03 2.396885e+03
3.8 2.217384e+03 2.377072e+03 2.369530e+03 2.209841e+03
4.8 2.506366e+03 2.368190e+03 2.381098e+03 2.519274e+03
5.8 2.627258e+03 2.357976e+03 2.388328e+03 2.657611e+03
6.8 2.422070e+03 2.380808e+03 2.391630e+03 2.432892e+03
7.8 2.465434e+03 2.344361e+03 2.392688e+03 2.513761e+03
8.8 2.544667e+03 2.435614e+03 2.392476e+03 2.501528e+03
9.8 2.447481e+03 2.439468e+03 2.391768e+03 2.399781e+03
10.8 2.485841e+03 2.414052e+03 2.391044e+03 2.462833e+03
11.8 2.308159e+03 2.414608e+03 2.390539e+03 2.284090e+03
12.8 2.541938e+03 2.409240e+03 2.390240e+03 2.522938e+03
13.8 2.289289e+03 2.299695e+03 2.390080e+03 2.379674e+03
14.8 2.289487e+03 2.296818e+03 2.390005e+03 2.382674e+03
15.8 2.332833e+03 2.366854e+03 2.389967e+03 2.355947e+03
16.8 2.266404e+03 2.374798e+03 2.389949e+03 2.281555e+03
17.8 2.272339e+03 2.384121e+03 2.389938e+03 2.278156e+03
0.3 2.675285e+03 2.370696e+03 2.392665e+03 2.697254e+03
1.3 2.476799e+03 2.392847e+03 2.386268e+03 2.470219e+03
2.3 2.321734e+03 2.317716e+03 2.366567e+03 2.370585e+03
3.3 2.212632e+03 2.279004e+03 2.366252e+03 2.299880e+03
4.3 2.357087e+03 2.301744e+03 2.378770e+03 2.434113e+03
