0.8 8.882705e+03 8.894494e+03 8.907674e+03 8.895884e+03
1.8 8.906957e+03 8.895878e+03 8.905867e+03 8.916946e+03
2.8 8.882105e+03 8.898313e+03 8.904531e+03 8.888323e+03
3.8 8.913957e+03 8.901409e+03 8.905462e+03 8.918010e+03
4.8 8.882462e+03 8.898966e+03 8.906748e+03 8.890244e+03
5.8 8.892941e+03 8.892139e+03 8.907570e+03 8.908373e+03
6.8 8.855885e+03 8.893788e+03 8.907953e+03 8.870050e+03
7.8 8.909925e+03 8.908670e+03 8.908086e+03 8.909341e+03
8.8 8.950812e+03 8.928138e+03 8.908074e+03 8.930748e+03
9.8 8.932969e+03 8.927295e+03 8.908004e+03 8.913678e+03
10.8 8.911836e+03 8.919426e+03 8.907930e+03 8.900340e+03
11.8 8.926084e+03 8.918756e+03 8.907880e+03 8.915208e+03
12.8 8.873847e+03 8.916100e+03 8.907851e+03 8.865598e+03
13.8 8.910306e+03 8.915409e+03 8.907839e+03 8.902736e+03
14.8 8.907780e+03 8.915099e+03 8.907836e+03 8.900517e+03
15.8 8.943961e+03 8.910755e+03 8.907836e+03 8.941042e+03
16.8 8.922877e+03 8.906006e+03 8.907838e+03 8.924709e+03
17.8 8.901934e+03 8.902122e+03 8.907840e+03 8.907652e+03
0.8 8.914187e+03 8.892532e+03 8.907742e+03 8.929397e+03
1.8 8.856069e+03 8.894378e+03 8.905882e+03 8.867574e+03
2.8 8.889074e+03 8.897878e+03 8.904601e+03 8.895797e+03
3.8 8.889657e+03 8.896920e+03 8.905556e+03 8.898294e+03
4.8 8.955702e+03 8.893075e+03 8.906852e+03 8.969479e+03
5.8 8.851727e+03 8.896366e+03 8.907620e+03 8.862980e+03
6.8 8.854654e+03 8.900719e+03 8.906828e+03 8.860763e+03
7.8 8.908715e+03 8.902367e+03 8.904967e+03 8.911314e+03
8.8 8.896935e+03 8.904367e+03 8.905375e+03 8.897942e+03
9.8 8.915908e+03 8.905740e+03 8.906657e+03 8.916825e+03
10.8 8.897206e+03 8.904961e+03 8.907521e+03 8.899766e+03
11.8 8.876809e+03 8.904704e+03 8.907944e+03 8.880049e+03
12.8 8.880750e+03 8.904243e+03 8.908098e+03 8.884605e+03
13.8 8.910722e+03 8.897353e+03 8.908092e+03 8.921460e+03
14.8 8.913265e+03 8.895483e+03 8.908012e+03 8.925794e+03
15.8 8.890396e+03 8.898923e+03 8.907924e+03 8.899397e+03
16.8 8.881102e+03 8.896320e+03 8.907855e+03 8.892637e+03
17.8 8.839830e+03 8.894270e+03 8.907810e+03 8.853370e+03
0.5 8.851727e+03 8.896366e+03 8.907620e+03 8.862980e+03
1.5 8.854654e+03 8.900719e+03 8.906828e+03 8.860763e+03
2.5 8.908715e+03 8.902367e+03 8.904967e+03 8.911314e+03
3.5 8.896935e+03 8.904367e+03 8.905375e+03 8.897942e+03
4.5 8.915908e+03 8.905740e+03 8.906657e+03 8.916825e+03
5.5 8.897206e+03 8.904961e+03 8.907521e+03 8.899766e+03
6.5 8.876809e+03 8.904704e+03 8.907944e+03 8.880049e+03
7.5 8.880750e+03 8.904243e+03 8.908098e+03 8.884605e+03
8.5 8.910722e+03 8.897353e+03 8.908092e+03 8.921460e+03
9.5 8.913265e+03 8.895483e+03 8.908012e+03 8.925794e+03
10.5 8.890396e+03 8.898923e+03 8.907924e+03 8.899397e+03
11.5 8.881102e+03 8.896320e+03 8.907855e+03 8.892637e+03
12.5 8.839830e+03 8.894270e+03 8.907810e+03 8.853370e+03
13.5 8.903936e+03 8.907136e+03 8.907783e+03 8.904583e+03
14.5 8.922714e+03 8.927723e+03 8.907767e+03 8.902758e+03
15.5 8.952141e+03 8.928405e+03 8.907757e+03 8.931492e+03
16.5 8.934292e+03 8.923750e+03 8.907749e+03 8.918290e+03
17.5 8.879105e+03 8.919031e+03 8.907741e+03 8.867816e+03
0.6 8.867258e+03 8.900800e+03 8.908026e+03 8.874485e+03
1.6 8.895517e+03 8.902997e+03 8.906668e+03 8.899188e+03
2.6 8.923023e+03 8.903805e+03 8.904900e+03 8.924118e+03
