0.4 9.878520e+03 9.899306e+03 9.898403e+03 9.877617e+03
1.4 9.890067e+03 9.905663e+03 9.910805e+03 9.895210e+03
2.4 9.986288e+03 9.930142e+03 9.938593e+03 9.994739e+03
3.4 9.963770e+03 9.928103e+03 9.936386e+03 9.972053e+03
4.4 9.914144e+03 9.917043e+03 9.918438e+03 9.915539e+03
5.4 9.871276e+03 9.905977e+03 9.905574e+03 9.870874e+03
6.4 9.883442e+03 9.916715e+03 9.919934e+03 9.886661e+03
7.4 9.912351e+03 9.931559e+03 9.938109e+03 9.918900e+03
8.4 9.974781e+03 9.922449e+03 9.927873e+03 9.980205e+03
9.4 9.913618e+03 9.913716e+03 9.910950e+03 9.910853e+03
10.4 9.968062e+03 9.905648e+03 9.900760e+03 9.963175e+03
11.4 9.883881e+03 9.899801e+03 9.896059e+03 9.880139e+03
12.4 9.864325e+03 9.895202e+03 9.894736e+03 9.863859e+03
13.4 9.880220e+03 9.891404e+03 9.895174e+03 9.883990e+03
14.4 9.914748e+03 9.898329e+03 9.896366e+03 9.912785e+03
15.4 9.908259e+03 9.906040e+03 9.897544e+03 9.899762e+03
16.4 9.906872e+03 9.902170e+03 9.898440e+03 9.903143e+03
17.4 9.918768e+03 9.895620e+03 9.898997e+03 9.922144e+03
0.7 9.871276e+03 9.905977e+03 9.905574e+03 9.870874e+03
1.7 9.883442e+03 9.916715e+03 9.919934e+03 9.886661e+03
2.7 9.912351e+03 9.931559e+03 9.938109e+03 9.918900e+03
3.7 9.974781e+03 9.922449e+03 9.927873e+03 9.980205e+03
4.7 9.913618e+03 9.913716e+03 9.910950e+03 9.910853e+03
5.7 9.968062e+03 9.905648e+03 9.900760e+03 9.963175e+03
6.7 9.883881e+03 9.899801e+03 9.896059e+03 9.880139e+03
7.7 9.864325e+03 9.895202e+03 9.894736e+03 9.863859e+03
8.7 9.880220e+03 9.891404e+03 9.895174e+03 9.883990e+03
9.7 9.914748e+03 9.898329e+03 9.896366e+03 9.912785e+03
10.7 9.908259e+03 9.906040e+03 9.897544e+03 9.899762e+03
11.7 9.906872e+03 9.902170e+03 9.898440e+03 9.903143e+03
12.7 9.918768e+03 9.895620e+03 9.898997e+03 9.922144e+03
13.7 9.859889e+03 9.891520e+03 9.899331e+03 9.867700e+03
14.7 9.865914e+03 9.889867e+03 9.899539e+03 9.875586e+03
15.7 9.907723e+03 9.894258e+03 9.899684e+03 9.913148e+03
16.7 9.877936e+03 9.903801e+03 9.899803e+03 9.873938e+03
17.7 9.836240e+03 9.904436e+03 9.899913e+03 9.831717e+03
0.1 9.942507e+03 9.902578e+03 9.900612e+03 9.940541e+03
1.1 9.893638e+03 9.902379e+03 9.905155e+03 9.896414e+03
2.1 9.893446e+03 9.926627e+03 9.933934e+03 9.900753e+03
3.1 9.908729e+03 9.932202e+03 9.942092e+03 9.918619e+03
4.1 9.890645e+03 9.916315e+03 9.926148e+03 9.900477e+03
5.1 9.891957e+03 9.910517e+03 9.910551e+03 9.891991e+03
6.1 9.911736e+03 9.908296e+03 9.901474e+03 9.904914e+03
7.1 9.901691e+03 9.906021e+03 9.897514e+03 9.893184e+03
8.1 9.891044e+03 9.910008e+03 9.896437e+03 9.877473e+03
9.1 9.911426e+03 9.908732e+03 9.896934e+03 9.899628e+03
10.1 9.882165e+03 9.920858e+03 9.897943e+03 9.859250e+03
11.1 9.904532e+03 9.927929e+03 9.898877e+03 9.875480e+03
12.1 9.905494e+03 9.915028e+03 9.899477e+03 9.889943e+03
13.1 9.875098e+03 9.899462e+03 9.899804e+03 9.875440e+03
14.1 9.921888e+03 9.890562e+03 9.899939e+03 9.931265e+03
15.1 9.886810e+03 9.886828e+03 9.899978e+03 9.899960e+03
16.1 9.928866e+03 9.887070e+03 9.899973e+03 9.941769e+03
17.1 9.872175e+03 9.898326e+03 9.899949e+03 9.873798e+03
0.4 9.899304e+03 9.894519e+03 9.899356e+03 9.904141e+03
1.4 9.896113e+03 9.903876e+03 9.911725e+03 9.903962e+03
2.4 9.903872e+03 9.930289e+03 9.939482e+03 9.913064e+03
3.4 9.911021e+03 9.927317e+03 9.936863e+03 9.920568e+03
4.4 9.920446e+03 9.911552e+03 9.919246e+03 9.928141e+03
5.4 9.940733e+03 9.907014e+03 9.905589e+03 9.939307e+03
6.4 9.895214e+03 9.903517e+03 9.898673e+03 9.890370e+03
7.4 9.884165e+03 9.896493e+03 9.895858e+03 9.883530e+03
8.4 9.890147e+03 9.894052e+03 9.895463e+03 9.891558e+03
9.4 9.937925e+03 9.893222e+03 9.896260e+03 9.940963e+03
10.4 9.899673e+03 9.891308e+03 9.897351e+03 9.905716e+03
11.4 9.928163e+03 9.890322e+03 9.898211e+03 9.936052e+03
12.4 9.910803e+03 9.895845e+03 9.898760e+03 9.913718e+03
13.4 9.848228e+03 9.902854e+03 9.899068e+03 9.844442e+03
14.4 9.912473e+03 9.900691e+03 9.899221e+03 9.911003e+03
15.4 9.883108e+03 9.895654e+03 9.899303e+03 9.886758e+03
16.4 9.860177e+03 9.894864e+03 9.899353e+03 9.864666e+03
17.4 9.935705e+03 9.895217e+03 9.899395e+03 9.939883e+03
0.1 9.878012e+03 9.903572e+03 9.899480e+03 9.873920e+03
1.1 9.918692e+03 9.906162e+03 9.904116e+03 9.916646e+03
2.1 9.920816e+03 9.929509e+03 9.932991e+03 9.924298e+03
3.1 9.934221e+03 9.934017e+03 9.941468e+03 9.941672e+03
4.1 9.958234e+03 9.916411e+03 9.925411e+03 9.967235e+03
5.1 9.903977e+03 9.906242e+03 9.909924e+03 9.907659e+03
6.1 9.928466e+03 9.903596e+03 9.900961e+03 9.925831e+03
7.1 9.932622e+03 9.899245e+03 9.897121e+03 9.930498e+03
8.1 9.907874e+03 9.897366e+03 9.896170e+03 9.906678e+03
9.1 9.898406e+03 9.895799e+03 9.896795e+03 9.899402e+03
10.1 9.914106e+03 9.902164e+03 9.897938e+03 9.909880e+03
11.1 9.932621e+03 9.906362e+03 9.899011e+03 9.925271e+03
12.1 9.890752e+03 9.901386e+03 9.899756e+03 9.889122e+03
13.1 9.846438e+03 9.897922e+03 9.900226e+03 9.848743e+03
14.1 9.853786e+03 9.895696e+03 9.900523e+03 9.858613e+03
15.1 9.918147e+03 9.897802e+03 9.900723e+03 9.921068e+03
16.1 9.944970e+03 9.900810e+03 9.900884e+03 9.945043e+03
17.1 9.881797e+03 9.898586e+03 9.901030e+03 9.884241e+03
