0.6 1.375702e+03 1.456928e+03 1.457621e+03 1.376394e+03
1.6 1.375908e+03 1.444531e+03 1.443287e+03 1.374665e+03
2.6 1.357053e+03 1.424765e+03 1.421991e+03 1.354278e+03
3.6 1.528557e+03 1.431076e+03 1.427854e+03 1.525335e+03
4.6 1.474774e+03 1.445997e+03 1.443038e+03 1.471816e+03
5.6 1.242129e+03 1.452533e+03 1.453266e+03 1.242862e+03
6.6 1.448656e+03 1.445457e+03 1.458398e+03 1.461597e+03
7.6 1.401668e+03 1.442019e+03 1.460343e+03 1.419992e+03
8.6 1.466359e+03 1.447584e+03 1.460371e+03 1.479146e+03
9.6 1.466694e+03 1.443042e+03 1.459533e+03 1.483185e+03
10.6 1.426313e+03 1.422628e+03 1.458577e+03 1.462262e+03
11.6 1.442672e+03 1.423255e+03 1.457825e+03 1.477242e+03
12.6 1.468457e+03 1.429671e+03 1.457329e+03 1.496116e+03
13.6 1.493329e+03 1.437500e+03 1.457046e+03 1.512875e+03
14.6 1.512084e+03 1.428764e+03 1.456878e+03 1.540198e+03
15.6 1.454383e+03 1.416688e+03 1.456770e+03 1.494465e+03
16.6 1.456536e+03 1.433656e+03 1.456689e+03 1.479568e+03
17.6 1.432484e+03 1.469641e+03 1.456618e+03 1.419461e+03
0.5 1.509244e+03 1.442131e+03 1.456832e+03 1.523944e+03
1.5 1.445134e+03 1.436877e+03 1.443866e+03 1.452123e+03
2.5 1.449721e+03 1.417517e+03 1.421926e+03 1.454130e+03
3.5 1.335913e+03 1.421668e+03 1.426247e+03 1.340492e+03
4.5 1.467186e+03 1.440934e+03 1.441567e+03 1.467819e+03
5.5 1.540737e+03 1.468285e+03 1.452342e+03 1.524794e+03
6.5 1.604316e+03 1.477474e+03 1.457981e+03 1.584823e+03
7.5 1.468925e+03 1.485089e+03 1.460135e+03 1.443971e+03
8.5 1.453115e+03 1.487648e+03 1.460371e+03 1.425838e+03
9.5 1.407307e+03 1.473519e+03 1.459676e+03 1.393464e+03
10.5 1.392173e+03 1.454301e+03 1.458821e+03 1.396694e+03
11.5 1.434960e+03 1.434791e+03 1.458144e+03 1.458313e+03
12.5 1.364099e+03 1.430527e+03 1.457751e+03 1.391323e+03
13.5 1.445189e+03 1.433710e+03 1.457561e+03 1.469040e+03
14.5 1.458009e+03 1.440449e+03 1.457489e+03 1.475049e+03
15.5 1.507668e+03 1.448650e+03 1.457481e+03 1.516499e+03
16.5 1.448569e+03 1.468775e+03 1.457498e+03 1.437293e+03
17.5 1.524593e+03 1.486555e+03 1.457527e+03 1.495564e+03
0.5 1.474315e+03 1.453802e+03 1.457986e+03 1.478499e+03
1.5 1.507893e+03 1.445331e+03 1.445649e+03 1.508211e+03
2.5 1.549414e+03 1.425065e+03 1.423013e+03 1.547362e+03
3.5 1.452224e+03 1.432170e+03 1.427295e+03 1.447349e+03
4.5 1.513123e+03 1.457312e+03 1.442228e+03 1.498039e+03
5.5 1.560315e+03 1.474094e+03 1.453303e+03 1.539524e+03
6.5 1.532245e+03 1.473492e+03 1.458806e+03 1.517560e+03
7.5 1.561740e+03 1.467475e+03 1.460999e+03 1.555264e+03
8.5 1.596011e+03 1.462586e+03 1.461183e+03 1.594608e+03
9.5 1.517372e+03 1.459402e+03 1.460456e+03 1.518427e+03
10.5 1.427534e+03 1.457324e+03 1.459524e+03 1.429733e+03
11.5 1.441082e+03 1.453575e+03 1.458801e+03 1.446308e+03
12.5 1.288548e+03 1.450509e+03 1.458272e+03 1.296311e+03
13.5 1.472570e+03 1.439714e+03 1.445672e+03 1.478528e+03
14.5 1.371480e+03 1.420081e+03 1.423138e+03 1.374536e+03
15.5 1.310472e+03 1.430372e+03 1.427101e+03 1.307201e+03
16.5 1.489402e+03 1.465198e+03 1.441986e+03 1.466189e+03
17.5 1.450956e+03 1.483378e+03 1.453023e+03 1.420601e+03
0.5 1.288548e+03 1.450509e+03 1.458272e+03 1.296311e+03
1.5 1.472570e+03 1.439714e+03 1.445672e+03 1.478528e+03
2.5 1.371480e+03 1.420081e+03 1.423138e+03 1.374536e+03
3.5 1.310472e+03 1.430372e+03 1.427101e+03 1.307201e+03
4.5 1.489402e+03 1.465198e+03 1.441986e+03 1.466189e+03
5.5 1.450956e+03 1.483378e+03 1.453023e+03 1.420601e+03
6.5 1.476167e+03 1.480605e+03 1.458494e+03 1.454055e+03
7.5 1.525926e+03 1.489796e+03 1.460632e+03 1.496761e+03
8.5 1.467486e+03 1.489503e+03 1.460813e+03 1.438796e+03
9.5 1.502938e+03 1.475450e+03 1.460058e+03 1.487546e+03
10.5 1.411319e+03 1.462929e+03 1.459099e+03 1.407489e+03
11.5 1.479986e+03 1.457438e+03 1.458353e+03 1.480901e+03
12.5 1.362293e+03 1.468861e+03 1.457870e+03 1.351303e+03
13.5 1.395624e+03 1.485347e+03 1.457588e+03 1.367865e+03
14.5 1.323659e+03 1.480979e+03 1.457435e+03 1.300115e+03
15.5 1.354386e+03 1.481270e+03 1.457341e+03 1.330457e+03
16.5 1.460805e+03 1.488035e+03 1.457276e+03 1.430046e+03
17.5 1.464883e+03 1.475597e+03 1.457222e+03 1.446508e+03
0.7 1.478740e+03 1.465432e+03 1.458351e+03 1.471659e+03
1.7 1.616579e+03 1.451357e+03 1.441066e+03 1.606287e+03
2.7 1.426460e+03 1.435933e+03 1.422928e+03 1.413455e+03
3.7 1.419178e+03 1.444198e+03 1.431374e+03 1.406355e+03
4.7 1.459223e+03 1.455955e+03 1.446277e+03 1.449545e+03
5.7 1.469280e+03 1.466323e+03 1.456368e+03 1.459325e+03
6.7 1.440111e+03 1.473739e+03 1.461284e+03 1.427657e+03
7.7 1.451640e+03 1.442120e+03 1.463184e+03 1.472704e+03
8.7 1.404934e+03 1.397129e+03 1.463338e+03 1.471144e+03
