0.4 3.272501e+03 3.308640e+03 3.301504e+03 3.265365e+03
1.4 3.181932e+03 3.278220e+03 3.306626e+03 3.210338e+03
2.4 3.263500e+03 3.273144e+03 3.318103e+03 3.308458e+03
3.4 3.398962e+03 3.277127e+03 3.317191e+03 3.439027e+03
4.4 3.445389e+03 3.315840e+03 3.309778e+03 3.439328e+03
5.4 3.309771e+03 3.323693e+03 3.304465e+03 3.290544e+03
6.4 3.293521e+03 3.308173e+03 3.310396e+03 3.295744e+03
7.4 3.086555e+03 3.295780e+03 3.317903e+03 3.108678e+03
8.4 3.001694e+03 3.300793e+03 3.313675e+03 3.014576e+03
9.4 3.300613e+03 3.349934e+03 3.306686e+03 3.257364e+03
10.4 3.402911e+03 3.358496e+03 3.302477e+03 3.346892e+03
11.4 3.362138e+03 3.327116e+03 3.300536e+03 3.335557e+03
12.4 3.123755e+03 3.296571e+03 3.299989e+03 3.127173e+03
13.4 3.289185e+03 3.276121e+03 3.300170e+03 3.313234e+03
14.4 3.026742e+03 3.260630e+03 3.300662e+03 3.066774e+03
15.4 3.068112e+03 3.253509e+03 3.301149e+03 3.115752e+03
16.4 3.335560e+03 3.258169e+03 3.301519e+03 3.378911e+03
17.4 3.242755e+03 3.265989e+03 3.301749e+03 3.278514e+03
0.7 3.309771e+03 3.323693e+03 3.304465e+03 3.290544e+03
1.7 3.293521e+03 3.308173e+03 3.310396e+03 3.295744e+03
2.7 3.086555e+03 3.295780e+03 3.317903e+03 3.108678e+03
3.7 3.001694e+03 3.300793e+03 3.313675e+03 3.014576e+03
4.7 3.300613e+03 3.349934e+03 3.306686e+03 3.257364e+03
5.7 3.402911e+03 3.358496e+03 3.302477e+03 3.346892e+03
6.7 3.362138e+03 3.327116e+03 3.300536e+03 3.335557e+03
7.7 3.123755e+03 3.296571e+03 3.299989e+03 3.127173e+03
8.7 3.289185e+03 3.276121e+03 3.300170e+03 3.313234e+03
9.7 3.026742e+03 3.260630e+03 3.300662e+03 3.066774e+03
10.7 3.068112e+03 3.253509e+03 3.301149e+03 3.115752e+03
11.7 3.335560e+03 3.258169e+03 3.301519e+03 3.378911e+03
12.7 3.242755e+03 3.265989e+03 3.301749e+03 3.278514e+03
13.7 3.136717e+03 3.272117e+03 3.301887e+03 3.166487e+03
14.7 3.166692e+03 3.277323e+03 3.301973e+03 3.191342e+03
15.7 3.119549e+03 3.311890e+03 3.302033e+03 3.109692e+03
16.7 3.314786e+03 3.375076e+03 3.302082e+03 3.241792e+03
17.7 3.535504e+03 3.375997e+03 3.302127e+03 3.461634e+03
0.1 3.342677e+03 3.349460e+03 3.302416e+03 3.295634e+03
1.1 3.325142e+03 3.317467e+03 3.304293e+03 3.311968e+03
2.1 3.217865e+03 3.297765e+03 3.316179e+03 3.236279e+03
3.1 3.301410e+03 3.282803e+03 3.319548e+03 3.338155e+03
4.1 3.169378e+03 3.267546e+03 3.312963e+03 3.214795e+03
5.1 3.122351e+03 3.252634e+03 3.306521e+03 3.176238e+03
6.1 3.089477e+03 3.246149e+03 3.302772e+03 3.146100e+03
7.1 3.268080e+03 3.355842e+03 3.301136e+03 3.213374e+03
8.1 3.359796e+03 3.556429e+03 3.300692e+03 3.104059e+03
9.1 3.561201e+03 3.529928e+03 3.300897e+03 3.332170e+03
10.1 3.159487e+03 3.433083e+03 3.301314e+03 3.027718e+03
11.1 3.179395e+03 3.356400e+03 3.301699e+03 3.124695e+03
12.1 3.285064e+03 3.293755e+03 3.301947e+03 3.293256e+03
13.1 3.139650e+03 3.252927e+03 3.302082e+03 3.188805e+03
14.1 3.239685e+03 3.237519e+03 3.302138e+03 3.304303e+03
15.1 3.317553e+03 3.236946e+03 3.302154e+03 3.382761e+03
16.1 3.406170e+03 3.241867e+03 3.302152e+03 3.466455e+03
17.1 3.285172e+03 3.241503e+03 3.302142e+03 3.345811e+03
0.4 3.176060e+03 3.285870e+03 3.301897e+03 3.192087e+03
1.4 3.069861e+03 3.273763e+03 3.307006e+03 3.103104e+03
2.4 3.207141e+03 3.276955e+03 3.318470e+03 3.248655e+03
3.4 3.286503e+03 3.273085e+03 3.317388e+03 3.330807e+03
4.4 3.314835e+03 3.276799e+03 3.310112e+03 3.348149e+03
5.4 3.311299e+03 3.328047e+03 3.304471e+03 3.287723e+03
6.4 3.240666e+03 3.346497e+03 3.301615e+03 3.195785e+03
7.4 3.529170e+03 3.315024e+03 3.300453e+03 3.514598e+03
8.4 3.466091e+03 3.262002e+03 3.300290e+03 3.504378e+03
9.4 3.405103e+03 3.235185e+03 3.300619e+03 3.470536e+03
10.4 3.439159e+03 3.238421e+03 3.301069e+03 3.501806e+03
11.4 3.421010e+03 3.250514e+03 3.301424e+03 3.471921e+03
12.4 3.543389e+03 3.295867e+03 3.301651e+03 3.549173e+03
13.4 3.365876e+03 3.344770e+03 3.301778e+03 3.322885e+03
14.4 3.453445e+03 3.332338e+03 3.301842e+03 3.422948e+03
15.4 3.505623e+03 3.298145e+03 3.301875e+03 3.509354e+03
16.4 3.288100e+03 3.257216e+03 3.301896e+03 3.332780e+03
17.4 3.337404e+03 3.232536e+03 3.301913e+03 3.406781e+03
0.1 3.386565e+03 3.325673e+03 3.301949e+03 3.362841e+03
1.1 3.657543e+03 3.330321e+03 3.303863e+03 3.631084e+03
2.1 3.417557e+03 3.314917e+03 3.315789e+03 3.418430e+03
3.1 3.591995e+03 3.296183e+03 3.319290e+03 3.615102e+03
4.1 3.568009e+03 3.280045e+03 3.312658e+03 3.600623e+03
5.1 3.322494e+03 3.308577e+03 3.306262e+03 3.320179e+03
6.1 3.463728e+03 3.346143e+03 3.302560e+03 3.420145e+03
7.1 3.501739e+03 3.330558e+03 3.300974e+03 3.472155e+03
8.1 3.434164e+03 3.301559e+03 3.300581e+03 3.433186e+03
9.1 3.263362e+03 3.288508e+03 3.300840e+03 3.275694e+03
10.1 3.363425e+03 3.334274e+03 3.301312e+03 3.330463e+03
11.1 3.422372e+03 3.364483e+03 3.301755e+03 3.359644e+03
12.1 3.307293e+03 3.330481e+03 3.302062e+03 3.278874e+03
13.1 3.065970e+03 3.269520e+03 3.302257e+03 3.098707e+03
14.1 3.244709e+03 3.236521e+03 3.302379e+03 3.310567e+03
15.1 3.195114e+03 3.269381e+03 3.302462e+03 3.228194e+03
16.1 3.252017e+03 3.310847e+03 3.302528e+03 3.243699e+03
17.1 3.281027e+03 3.296626e+03 3.302589e+03 3.286989e+03
