0.6 8.884428e+03 8.895763e+03 8.905779e+03 8.894444e+03
1.6 8.861287e+03 8.901456e+03 8.908504e+03 8.868335e+03
2.6 8.895627e+03 8.914323e+03 8.916856e+03 8.898160e+03
3.6 8.937802e+03 8.919269e+03 8.918525e+03 8.937058e+03
4.6 8.925873e+03 8.921239e+03 8.913379e+03 8.918013e+03
5.6 8.919853e+03 8.918960e+03 8.908519e+03 8.909411e+03
6.6 8.956270e+03 8.912423e+03 8.905719e+03 8.949566e+03
7.6 8.901187e+03 8.901181e+03 8.904433e+03 8.904439e+03
8.6 8.880628e+03 8.893176e+03 8.904099e+03 8.891551e+03
9.6 8.900949e+03 8.895003e+03 8.904248e+03 8.910194e+03
10.6 8.897838e+03 8.899665e+03 8.904545e+03 8.902718e+03
11.6 8.931658e+03 8.903063e+03 8.904806e+03 8.933401e+03
12.6 8.905780e+03 8.905125e+03 8.905148e+03 8.905803e+03
13.6 8.932309e+03 8.910382e+03 8.909731e+03 8.931657e+03
14.6 8.917811e+03 8.919099e+03 8.918392e+03 8.917103e+03
15.6 8.892961e+03 8.918912e+03 8.918438e+03 8.892487e+03
16.6 8.933961e+03 8.915146e+03 8.912696e+03 8.931511e+03
17.6 8.914258e+03 8.914363e+03 8.907682e+03 8.907577e+03
0.8 8.905780e+03 8.905125e+03 8.905148e+03 8.905803e+03
1.8 8.932309e+03 8.910382e+03 8.909731e+03 8.931657e+03
2.8 8.917811e+03 8.919099e+03 8.918392e+03 8.917103e+03
3.8 8.892961e+03 8.918912e+03 8.918438e+03 8.892487e+03
4.8 8.933961e+03 8.915146e+03 8.912696e+03 8.931511e+03
5.8 8.914258e+03 8.914363e+03 8.907682e+03 8.907577e+03
6.8 8.918383e+03 8.910806e+03 8.905015e+03 8.912592e+03
7.8 8.932817e+03 8.906581e+03 8.903872e+03 8.930109e+03
8.8 8.926569e+03 8.905978e+03 8.905461e+03 8.926052e+03
9.8 8.900268e+03 8.913091e+03 8.913724e+03 8.900900e+03
10.8 8.951840e+03 8.917221e+03 8.918095e+03 8.952714e+03
11.8 8.895856e+03 8.918131e+03 8.914039e+03 8.891765e+03
12.8 8.860691e+03 8.916694e+03 8.908760e+03 8.852757e+03
13.8 8.909589e+03 8.911178e+03 8.905596e+03 8.904007e+03
14.8 8.870688e+03 8.908781e+03 8.904114e+03 8.866021e+03
15.8 8.923950e+03 8.911143e+03 8.903662e+03 8.916469e+03
16.8 8.892596e+03 8.910422e+03 8.903790e+03 8.885964e+03
17.8 8.885073e+03 8.907007e+03 8.904140e+03 8.882207e+03
0.4 8.932817e+03 8.906581e+03 8.903872e+03 8.930109e+03
1.4 8.926569e+03 8.905978e+03 8.905461e+03 8.926052e+03
2.4 8.900268e+03 8.913091e+03 8.913724e+03 8.900900e+03
3.4 8.951840e+03 8.917221e+03 8.918095e+03 8.952714e+03
4.4 8.895856e+03 8.918131e+03 8.914039e+03 8.891765e+03
5.4 8.860691e+03 8.916694e+03 8.908760e+03 8.852757e+03
6.4 8.909589e+03 8.911178e+03 8.905596e+03 8.904007e+03
7.4 8.870688e+03 8.908781e+03 8.904114e+03 8.866021e+03
8.4 8.923950e+03 8.911143e+03 8.903662e+03 8.916469e+03
9.4 8.892596e+03 8.910422e+03 8.903790e+03 8.885964e+03
10.4 8.885073e+03 8.907007e+03 8.904140e+03 8.882207e+03
11.4 8.932769e+03 8.903319e+03 8.904472e+03 8.933922e+03
12.4 8.881678e+03 8.895469e+03 8.904708e+03 8.890916e+03
13.4 8.920329e+03 8.892628e+03 8.904851e+03 8.932552e+03
14.4 8.910923e+03 8.896398e+03 8.904925e+03 8.919450e+03
15.4 8.877142e+03 8.900682e+03 8.904985e+03 8.881445e+03
16.4 8.929247e+03 8.905842e+03 8.907633e+03 8.931039e+03
17.4 8.871074e+03 8.914292e+03 8.914862e+03 8.871645e+03
0.5 8.877142e+03 8.900682e+03 8.904985e+03 8.881445e+03
1.5 8.929247e+03 8.905842e+03 8.907633e+03 8.931039e+03
2.5 8.871074e+03 8.914292e+03 8.914862e+03 8.871645e+03
3.5 8.927725e+03 8.915488e+03 8.915651e+03 8.927887e+03
4.5 8.898022e+03 8.911024e+03 8.911242e+03 8.898240e+03
5.5 8.911217e+03 8.909094e+03 8.907272e+03 8.909395e+03
6.5 8.889592e+03 8.911178e+03 8.905156e+03 8.883570e+03
7.5 8.905526e+03 8.911068e+03 8.905813e+03 8.900272e+03
8.5 8.942286e+03 8.914968e+03 8.912776e+03 8.940094e+03
9.5 8.916777e+03 8.915269e+03 8.915147e+03 8.916655e+03
10.5 8.975952e+03 8.914135e+03 8.911400e+03 8.973217e+03
11.5 8.924769e+03 8.913071e+03 8.907582e+03 8.919279e+03
12.5 8.901175e+03 8.909038e+03 8.905388e+03 8.897525e+03
13.5 8.888161e+03 8.905300e+03 8.904406e+03 8.887267e+03
14.5 8.946973e+03 8.903485e+03 8.904186e+03 8.947673e+03
15.5 8.917751e+03 8.904879e+03 8.904359e+03 8.917231e+03
16.5 8.938488e+03 8.910027e+03 8.904659e+03 8.933120e+03
17.5 8.931317e+03 8.911603e+03 8.904933e+03 8.924648e+03
0.4 8.889592e+03 8.911178e+03 8.905156e+03 8.883570e+03
1.4 8.905526e+03 8.911068e+03 8.905813e+03 8.900272e+03
2.4 8.942286e+03 8.914968e+03 8.912776e+03 8.940094e+03
3.4 8.916777e+03 8.915269e+03 8.915147e+03 8.916655e+03
4.4 8.975952e+03 8.914135e+03 8.911400e+03 8.973217e+03
5.4 8.924769e+03 8.913071e+03 8.907582e+03 8.919279e+03
6.4 8.901175e+03 8.909038e+03 8.905388e+03 8.897525e+03
7.4 8.888161e+03 8.905300e+03 8.904406e+03 8.887267e+03
8.4 8.946973e+03 8.903485e+03 8.904186e+03 8.947673e+03
9.4 8.917751e+03 8.904879e+03 8.904359e+03 8.917231e+03
10.4 8.938488e+03 8.910027e+03 8.904659e+03 8.933120e+03
11.4 8.931317e+03 8.911603e+03 8.904933e+03 8.924648e+03
12.4 8.935832e+03 8.908857e+03 8.905130e+03 8.932105e+03
13.4 8.889599e+03 8.906082e+03 8.905248e+03 8.888764e+03
14.4 8.887930e+03 8.904479e+03 8.905318e+03 8.888769e+03
15.4 8.897389e+03 8.904264e+03 8.905791e+03 8.898916e+03
16.4 8.932509e+03 8.909090e+03 8.910752e+03 8.934171e+03
17.4 8.908794e+03 8.912598e+03 8.914098e+03 8.910294e+03
1.0 8.897389e+03 8.904264e+03 8.905791e+03 8.898916e+03
2.0 8.932509e+03 8.909090e+03 8.910752e+03 8.934171e+03
3.0 8.908794e+03 8.912598e+03 8.914098e+03 8.910294e+03
4.0 8.918983e+03 8.912254e+03 8.911588e+03 8.918318e+03
5.0 8.876353e+03 8.913699e+03 8.908127e+03 8.870780e+03
6.0 8.922334e+03 8.909404e+03 8.906046e+03 8.918976e+03
7.0 8.893300e+03 8.898424e+03 8.905066e+03 8.899941e+03
8.0 8.882705e+03 8.894494e+03 8.904755e+03 8.892966e+03
9.0 8.906957e+03 8.895878e+03 8.904830e+03 8.915909e+03
10.0 8.882105e+03 8.898313e+03 8.905059e+03 8.888851e+03
11.0 8.913957e+03 8.901409e+03 8.905284e+03 8.917832e+03
12.0 8.882462e+03 8.898966e+03 8.905452e+03 8.888948e+03
13.0 8.892941e+03 8.892139e+03 8.905560e+03 8.906362e+03
14.0 8.855885e+03 8.893788e+03 8.905623e+03 8.867720e+03
15.0 8.909925e+03 8.908670e+03 8.905664e+03 8.906919e+03
16.0 8.950812e+03 8.928138e+03 8.905692e+03 8.928366e+03
17.0 8.932969e+03 8.927295e+03 8.905719e+03 8.911392e+03
18.0 8.911836e+03 8.919426e+03 8.907663e+03 8.900072e+03
0.4 8.932969e+03 8.927295e+03 8.905719e+03 8.911392e+03
1.4 8.911836e+03 8.919426e+03 8.907663e+03 8.900072e+03
2.4 8.926084e+03 8.918756e+03 8.914404e+03 8.921732e+03
3.4 8.873847e+03 8.916100e+03 8.915686e+03 8.873432e+03
4.4 8.910306e+03 8.915409e+03 8.911754e+03 8.906651e+03
5.4 8.907780e+03 8.915099e+03 8.908097e+03 8.900778e+03
6.4 8.943961e+03 8.910755e+03 8.906007e+03 8.939213e+03
7.4 8.922877e+03 8.906006e+03 8.905130e+03 8.922001e+03
8.4 8.901934e+03 8.902122e+03 8.904934e+03 8.904746e+03
9.4 8.905942e+03 8.901317e+03 8.905100e+03 8.909725e+03
10.4 8.921522e+03 8.901971e+03 8.905375e+03 8.924926e+03
11.4 8.894535e+03 8.903288e+03 8.905624e+03 8.896871e+03
12.4 8.882302e+03 8.905069e+03 8.906220e+03 8.883453e+03
13.4 8.938887e+03 8.911876e+03 8.912195e+03 8.939205e+03
14.4 8.913294e+03 8.918248e+03 8.918160e+03 8.913206e+03
15.4 8.895133e+03 8.918104e+03 8.915845e+03 8.892873e+03
16.4 8.906058e+03 8.917621e+03 8.910746e+03 8.899182e+03
17.4 8.895920e+03 8.911508e+03 8.907325e+03 8.891737e+03
1.0 8.882302e+03 8.905069e+03 8.906220e+03 8.883453e+03
2.0 8.938887e+03 8.911876e+03 8.912195e+03 8.939205e+03
3.0 8.913294e+03 8.918248e+03 8.918160e+03 8.913206e+03
4.0 8.895133e+03 8.918104e+03 8.915845e+03 8.892873e+03
5.0 8.906058e+03 8.917621e+03 8.910746e+03 8.899182e+03
6.0 8.895920e+03 8.911508e+03 8.907325e+03 8.891737e+03
7.0 8.919057e+03 8.898055e+03 8.905588e+03 8.926590e+03
8.0 8.914187e+03 8.892532e+03 8.904982e+03 8.926636e+03
9.0 8.856069e+03 8.894378e+03 8.904986e+03 8.866677e+03
10.0 8.889074e+03 8.897878e+03 8.905269e+03 8.896465e+03
11.0 8.889657e+03 8.896920e+03 8.905581e+03 8.898319e+03
12.0 8.955702e+03 8.893075e+03 8.905825e+03 8.968452e+03
13.0 8.851727e+03 8.896366e+03 8.905972e+03 8.861332e+03
14.0 8.854654e+03 8.900719e+03 8.906054e+03 8.859989e+03
15.0 8.908715e+03 8.902367e+03 8.906097e+03 8.912445e+03
16.0 8.896935e+03 8.904367e+03 8.906119e+03 8.898686e+03
17.0 8.915908e+03 8.905740e+03 8.906131e+03 8.916300e+03
18.0 8.897206e+03 8.904961e+03 8.906138e+03 8.898383e+03
0.4 8.864213e+03 8.924277e+03 8.906156e+03 8.846092e+03
1.4 8.890701e+03 8.927284e+03 8.907832e+03 8.871249e+03
2.4 8.941394e+03 8.926213e+03 8.915147e+03 8.930327e+03
3.4 8.914936e+03 8.921867e+03 8.917764e+03 8.910832e+03
4.4 8.950903e+03 8.914703e+03 8.913638e+03 8.949839e+03
5.4 8.917047e+03 8.914424e+03 8.909225e+03 8.911847e+03
6.4 8.888585e+03 8.913368e+03 8.906572e+03 8.881789e+03
7.4 8.912064e+03 8.909205e+03 8.905403e+03 8.908262e+03
8.4 8.873177e+03 8.905969e+03 8.905075e+03 8.872283e+03
9.4 8.909417e+03 8.904967e+03 8.905548e+03 8.909998e+03
10.4 8.936252e+03 8.910012e+03 8.911170e+03 8.937410e+03
11.4 8.911827e+03 8.916679e+03 8.917907e+03 8.913055e+03
12.4 8.904283e+03 8.915102e+03 8.916077e+03 8.905258e+03
13.4 8.899351e+03 8.914404e+03 8.911052e+03 8.895998e+03
14.4 8.928724e+03 8.916011e+03 8.907571e+03 8.920284e+03
15.4 8.938598e+03 8.912219e+03 8.905803e+03 8.932182e+03
16.4 8.905401e+03 8.906752e+03 8.905129e+03 8.903778e+03
17.4 8.888189e+03 8.904383e+03 8.905110e+03 8.888917e+03
1.0 8.909417e+03 8.904967e+03 8.905548e+03 8.909998e+03
2.0 8.936252e+03 8.910012e+03 8.911170e+03 8.937410e+03
3.0 8.911827e+03 8.916679e+03 8.917907e+03 8.913055e+03
4.0 8.904283e+03 8.915102e+03 8.916077e+03 8.905258e+03
5.0 8.899351e+03 8.914404e+03 8.911052e+03 8.895998e+03
6.0 8.928724e+03 8.916011e+03 8.907571e+03 8.920284e+03
7.0 8.938598e+03 8.912219e+03 8.905803e+03 8.932182e+03
8.0 8.905401e+03 8.906752e+03 8.905129e+03 8.903778e+03
9.0 8.888189e+03 8.904383e+03 8.905110e+03 8.888917e+03
10.0 8.901445e+03 8.904161e+03 8.905384e+03 8.902668e+03
11.0 8.894903e+03 8.901393e+03 8.905697e+03 8.899208e+03
12.0 8.918424e+03 8.894734e+03 8.905941e+03 8.929631e+03
13.0 8.861698e+03 8.895929e+03 8.906097e+03 8.871867e+03
14.0 8.901488e+03 8.900575e+03 8.906182e+03 8.907095e+03
15.0 8.896931e+03 8.902796e+03 8.906228e+03 8.900362e+03
16.0 8.917812e+03 8.904179e+03 8.906254e+03 8.919888e+03
17.0 8.916462e+03 8.905782e+03 8.906272e+03 8.916951e+03
18.0 8.910094e+03 8.906272e+03 8.906287e+03 8.910109e+03
1.0 8.909890e+03 8.901387e+03 8.906980e+03 8.915483e+03
2.0 8.938795e+03 8.911238e+03 8.912638e+03 8.940195e+03
3.0 8.926199e+03 8.919575e+03 8.918595e+03 8.925220e+03
4.0 8.924719e+03 8.920796e+03 8.916221e+03 8.920144e+03
5.0 8.932067e+03 8.921983e+03 8.911335e+03 8.921420e+03
6.0 8.914912e+03 8.917547e+03 8.907909e+03 8.905275e+03
7.0 8.967510e+03 8.910230e+03 8.906263e+03 8.963543e+03
8.0 8.910578e+03 8.905490e+03 8.905666e+03 8.910755e+03
9.0 8.883920e+03 8.904735e+03 8.905691e+03 8.884876e+03
10.0 8.896227e+03 8.904952e+03 8.905980e+03 8.897254e+03
11.0 8.893468e+03 8.905621e+03 8.906311e+03 8.894158e+03
12.0 8.897894e+03 8.905780e+03 8.906563e+03 8.898677e+03
13.0 8.910055e+03 8.905753e+03 8.906731e+03 8.911033e+03
14.0 8.921383e+03 8.906483e+03 8.906831e+03 8.921731e+03
15.0 8.918366e+03 8.906828e+03 8.906894e+03 8.918432e+03
16.0 8.921074e+03 8.906009e+03 8.906939e+03 8.922005e+03
17.0 8.908127e+03 8.899063e+03 8.906978e+03 8.916041e+03
18.0 8.914424e+03 8.896443e+03 8.907014e+03 8.924994e+03
