1.0 1.165579e+03 1.165622e+03 1.168105e+03 1.168062e+03
2.0 1.173803e+03 1.171723e+03 1.173973e+03 1.176054e+03
3.0 1.186947e+03 1.174612e+03 1.176252e+03 1.188587e+03
4.0 1.170829e+03 1.172240e+03 1.173164e+03 1.171753e+03
5.0 1.193102e+03 1.172919e+03 1.169742e+03 1.189925e+03
6.0 1.200315e+03 1.174422e+03 1.167796e+03 1.193689e+03
7.0 1.195094e+03 1.171706e+03 1.166885e+03 1.190273e+03
8.0 1.190887e+03 1.168375e+03 1.166631e+03 1.189143e+03
9.0 1.178230e+03 1.166387e+03 1.166717e+03 1.178560e+03
10.0 1.138586e+03 1.165486e+03 1.166934e+03 1.140034e+03
11.0 1.165620e+03 1.164347e+03 1.167133e+03 1.168406e+03
12.0 1.136356e+03 1.162667e+03 1.167274e+03 1.140962e+03
13.0 1.170643e+03 1.162854e+03 1.167351e+03 1.175140e+03
14.0 1.152017e+03 1.169096e+03 1.167391e+03 1.150311e+03
15.0 1.171892e+03 1.179888e+03 1.167410e+03 1.159414e+03
16.0 1.195473e+03 1.178906e+03 1.167419e+03 1.183986e+03
17.0 1.171880e+03 1.172717e+03 1.167425e+03 1.166588e+03
18.0 1.180335e+03 1.167791e+03 1.167430e+03 1.179974e+03
0.8 1.144985e+03 1.162062e+03 1.167686e+03 1.150609e+03
1.8 1.144798e+03 1.167740e+03 1.172680e+03 1.149738e+03
2.8 1.196906e+03 1.172776e+03 1.176381e+03 1.200510e+03
3.8 1.181138e+03 1.171231e+03 1.173839e+03 1.183746e+03
4.8 1.151600e+03 1.168761e+03 1.170321e+03 1.153160e+03
5.8 1.202365e+03 1.167726e+03 1.168082e+03 1.202721e+03
6.8 1.159337e+03 1.166768e+03 1.167050e+03 1.159619e+03
7.8 1.172302e+03 1.165720e+03 1.166706e+03 1.173288e+03
8.8 1.174921e+03 1.165883e+03 1.166763e+03 1.175801e+03
9.8 1.192971e+03 1.169901e+03 1.166976e+03 1.190046e+03
10.8 1.150824e+03 1.171503e+03 1.167199e+03 1.146520e+03
11.8 1.176625e+03 1.169298e+03 1.167358e+03 1.174685e+03
12.8 1.153285e+03 1.166891e+03 1.167456e+03 1.153850e+03
13.8 1.173429e+03 1.165012e+03 1.167509e+03 1.175925e+03
14.8 1.161655e+03 1.162942e+03 1.167537e+03 1.166250e+03
15.8 1.144576e+03 1.162629e+03 1.167553e+03 1.149500e+03
16.8 1.166161e+03 1.163633e+03 1.167565e+03 1.170093e+03
17.8 1.157243e+03 1.169542e+03 1.167574e+03 1.155275e+03
0.8 1.163149e+03 1.164479e+03 1.167903e+03 1.166573e+03
1.8 1.169966e+03 1.171704e+03 1.172890e+03 1.171151e+03
2.8 1.186309e+03 1.176477e+03 1.176586e+03 1.186418e+03
3.8 1.160685e+03 1.174060e+03 1.174032e+03 1.160657e+03
4.8 1.174676e+03 1.168561e+03 1.170506e+03 1.176621e+03
5.8 1.156198e+03 1.162124e+03 1.168259e+03 1.162333e+03
6.8 1.178530e+03 1.160938e+03 1.167218e+03 1.184810e+03
7.8 1.160431e+03 1.164385e+03 1.166868e+03 1.162913e+03
8.8 1.191317e+03 1.166904e+03 1.166911e+03 1.191325e+03
9.8 1.180055e+03 1.167383e+03 1.167113e+03 1.179785e+03
10.8 1.167613e+03 1.166155e+03 1.167325e+03 1.168783e+03
11.8 1.164652e+03 1.164815e+03 1.167472e+03 1.167310e+03
12.8 1.198122e+03 1.169521e+03 1.167557e+03 1.196158e+03
13.8 1.223321e+03 1.180419e+03 1.167599e+03 1.210501e+03
14.8 1.183470e+03 1.181367e+03 1.167615e+03 1.169718e+03
15.8 1.162421e+03 1.180776e+03 1.167620e+03 1.149265e+03
16.8 1.155896e+03 1.177836e+03 1.167619e+03 1.145679e+03
17.8 1.163575e+03 1.171699e+03 1.167615e+03 1.159491e+03
1.0 1.162332e+03 1.166909e+03 1.168079e+03 1.163502e+03
2.0 1.185589e+03 1.175096e+03 1.173943e+03 1.184437e+03
3.0 1.191703e+03 1.178063e+03 1.176005e+03 1.189646e+03
4.0 1.187534e+03 1.174883e+03 1.172801e+03 1.185453e+03
5.0 1.185604e+03 1.171197e+03 1.169441e+03 1.183848e+03
6.0 1.172933e+03 1.168894e+03 1.167560e+03 1.171599e+03
7.0 1.152063e+03 1.166680e+03 1.166702e+03 1.152085e+03
8.0 1.157677e+03 1.164951e+03 1.166459e+03 1.159185e+03
9.0 1.196928e+03 1.165430e+03 1.166611e+03 1.198109e+03
10.0 1.148068e+03 1.170648e+03 1.170818e+03 1.148238e+03
11.0 1.145222e+03 1.176329e+03 1.175794e+03 1.144687e+03
12.0 1.181826e+03 1.174147e+03 1.174222e+03 1.181901e+03
13.0 1.166164e+03 1.168297e+03 1.170570e+03 1.168437e+03
14.0 1.138534e+03 1.166016e+03 1.168151e+03 1.140669e+03
15.0 1.154356e+03 1.166219e+03 1.166921e+03 1.155058e+03
16.0 1.170140e+03 1.168566e+03 1.166484e+03 1.168058e+03
17.0 1.174056e+03 1.172963e+03 1.166479e+03 1.167573e+03
18.0 1.192937e+03 1.173016e+03 1.166676e+03 1.186598e+03
0.6 1.196928e+03 1.165430e+03 1.166611e+03 1.198109e+03
1.6 1.148068e+03 1.170648e+03 1.170818e+03 1.148238e+03
2.6 1.145222e+03 1.176329e+03 1.175794e+03 1.144687e+03
3.6 1.181826e+03 1.174147e+03 1.174222e+03 1.181901e+03
4.6 1.166164e+03 1.168297e+03 1.170570e+03 1.168437e+03
5.6 1.138534e+03 1.166016e+03 1.168151e+03 1.140669e+03
6.6 1.154356e+03 1.166219e+03 1.166921e+03 1.155058e+03
7.6 1.170140e+03 1.168566e+03 1.166484e+03 1.168058e+03
8.6 1.174056e+03 1.172963e+03 1.166479e+03 1.167573e+03
9.6 1.192937e+03 1.173016e+03 1.166676e+03 1.186598e+03
10.6 1.183120e+03 1.170186e+03 1.166895e+03 1.179830e+03
11.6 1.174198e+03 1.165153e+03 1.167066e+03 1.176111e+03
12.6 1.149100e+03 1.163064e+03 1.167168e+03 1.153204e+03
13.6 1.149708e+03 1.164532e+03 1.167224e+03 1.152400e+03
14.6 1.144775e+03 1.167776e+03 1.167254e+03 1.144253e+03
15.6 1.157180e+03 1.169568e+03 1.167270e+03 1.154882e+03
16.6 1.142160e+03 1.169482e+03 1.167281e+03 1.139959e+03
17.6 1.166056e+03 1.168829e+03 1.167290e+03 1.164517e+03
0.4 1.148183e+03 1.166176e+03 1.167461e+03 1.149468e+03
1.4 1.161556e+03 1.168638e+03 1.170046e+03 1.162964e+03
2.4 1.171534e+03 1.175168e+03 1.175823e+03 1.172190e+03
3.4 1.169677e+03 1.174705e+03 1.175300e+03 1.170271e+03
4.4 1.152511e+03 1.167990e+03 1.171664e+03 1.156186e+03
5.4 1.163562e+03 1.163262e+03 1.168851e+03 1.169150e+03
6.4 1.157429e+03 1.163863e+03 1.167435e+03 1.161002e+03
7.4 1.171904e+03 1.167093e+03 1.166871e+03 1.171682e+03
8.4 1.163737e+03 1.169105e+03 1.166808e+03 1.161439e+03
9.4 1.181720e+03 1.167324e+03 1.166992e+03 1.181387e+03
10.4 1.176295e+03 1.165064e+03 1.167237e+03 1.178468e+03
11.4 1.171587e+03 1.166092e+03 1.167434e+03 1.172929e+03
12.4 1.172460e+03 1.168876e+03 1.167567e+03 1.171151e+03
13.4 1.148795e+03 1.170731e+03 1.167650e+03 1.145714e+03
14.4 1.174413e+03 1.175084e+03 1.167700e+03 1.167029e+03
15.4 1.169825e+03 1.176411e+03 1.167735e+03 1.161149e+03
16.4 1.167550e+03 1.163808e+03 1.167763e+03 1.171506e+03
17.4 1.154563e+03 1.150554e+03 1.167790e+03 1.171799e+03
