0.4 1.426792e+04 1.422592e+04 1.418048e+04 1.422247e+04
1.4 1.422346e+04 1.420396e+04 1.418435e+04 1.420385e+04
2.4 1.420296e+04 1.419852e+04 1.419302e+04 1.419746e+04
3.4 1.421683e+04 1.419798e+04 1.419233e+04 1.421118e+04
4.4 1.410826e+04 1.421897e+04 1.418673e+04 1.407602e+04
5.4 1.400694e+04 1.422221e+04 1.418272e+04 1.396744e+04
6.4 1.425507e+04 1.421319e+04 1.418720e+04 1.422908e+04
7.4 1.413660e+04 1.420635e+04 1.419287e+04 1.412312e+04
8.4 1.408263e+04 1.418873e+04 1.418967e+04 1.408358e+04
9.4 1.409191e+04 1.415727e+04 1.418439e+04 1.411903e+04
10.4 1.426680e+04 1.414847e+04 1.418121e+04 1.429954e+04
11.4 1.420424e+04 1.415596e+04 1.417975e+04 1.422803e+04
12.4 1.420171e+04 1.416804e+04 1.417933e+04 1.421300e+04
13.4 1.400974e+04 1.417826e+04 1.417947e+04 1.401095e+04
14.4 1.412437e+04 1.415220e+04 1.417984e+04 1.415202e+04
15.4 1.415631e+04 1.412593e+04 1.418021e+04 1.421058e+04
16.4 1.411752e+04 1.414356e+04 1.418049e+04 1.415445e+04
17.4 1.411935e+04 1.417078e+04 1.418066e+04 1.412923e+04
0.7 1.400694e+04 1.422221e+04 1.418272e+04 1.396744e+04
1.7 1.425507e+04 1.421319e+04 1.418720e+04 1.422908e+04
2.7 1.413660e+04 1.420635e+04 1.419287e+04 1.412312e+04
3.7 1.408263e+04 1.418873e+04 1.418967e+04 1.408358e+04
4.7 1.409191e+04 1.415727e+04 1.418439e+04 1.411903e+04
5.7 1.426680e+04 1.414847e+04 1.418121e+04 1.429954e+04
6.7 1.420424e+04 1.415596e+04 1.417975e+04 1.422803e+04
7.7 1.420171e+04 1.416804e+04 1.417933e+04 1.421300e+04
8.7 1.400974e+04 1.417826e+04 1.417947e+04 1.401095e+04
9.7 1.412437e+04 1.415220e+04 1.417984e+04 1.415202e+04
10.7 1.415631e+04 1.412593e+04 1.418021e+04 1.421058e+04
11.7 1.411752e+04 1.414356e+04 1.418049e+04 1.415445e+04
12.7 1.411935e+04 1.417078e+04 1.418066e+04 1.412923e+04
13.7 1.404278e+04 1.418835e+04 1.418077e+04 1.403520e+04
14.7 1.408948e+04 1.419651e+04 1.418083e+04 1.407380e+04
15.7 1.403357e+04 1.418682e+04 1.418088e+04 1.402762e+04
16.7 1.395262e+04 1.416254e+04 1.418091e+04 1.397099e+04
17.7 1.408313e+04 1.416113e+04 1.418095e+04 1.410295e+04
0.1 1.425906e+04 1.425355e+04 1.418117e+04 1.418668e+04
1.1 1.423096e+04 1.423437e+04 1.418258e+04 1.417918e+04
2.1 1.429195e+04 1.422269e+04 1.419157e+04 1.426082e+04
3.1 1.420209e+04 1.421231e+04 1.419411e+04 1.418389e+04
4.1 1.418370e+04 1.419685e+04 1.418914e+04 1.417599e+04
5.1 1.417237e+04 1.415227e+04 1.418427e+04 1.420436e+04
6.1 1.397603e+04 1.412488e+04 1.418144e+04 1.403258e+04
7.1 1.414737e+04 1.416073e+04 1.418020e+04 1.416684e+04
8.1 1.412634e+04 1.421913e+04 1.417986e+04 1.408707e+04
9.1 1.418736e+04 1.422449e+04 1.418002e+04 1.414289e+04
10.1 1.416130e+04 1.418713e+04 1.418033e+04 1.415450e+04
11.1 1.406984e+04 1.415963e+04 1.418062e+04 1.409084e+04
12.1 1.407586e+04 1.416440e+04 1.418081e+04 1.409227e+04
13.1 1.415099e+04 1.417770e+04 1.418091e+04 1.415421e+04
14.1 1.415240e+04 1.418679e+04 1.418096e+04 1.414657e+04
15.1 1.417332e+04 1.419171e+04 1.418097e+04 1.416259e+04
16.1 1.422753e+04 1.418996e+04 1.418097e+04 1.421853e+04
17.1 1.419515e+04 1.415068e+04 1.418096e+04 1.422543e+04
0.4 1.425192e+04 1.420573e+04 1.418077e+04 1.422696e+04
1.4 1.419793e+04 1.419726e+04 1.418463e+04 1.418530e+04
2.4 1.417318e+04 1.419889e+04 1.419330e+04 1.416758e+04
3.4 1.407287e+04 1.419472e+04 1.419248e+04 1.407063e+04
4.4 1.420364e+04 1.419483e+04 1.418698e+04 1.419579e+04
5.4 1.422463e+04 1.422471e+04 1.418272e+04 1.418264e+04
6.4 1.420626e+04 1.423516e+04 1.418056e+04 1.415167e+04
7.4 1.434189e+04 1.421350e+04 1.417968e+04 1.430807e+04
8.4 1.431612e+04 1.416104e+04 1.417956e+04 1.433464e+04
9.4 1.430494e+04 1.413610e+04 1.417981e+04 1.434864e+04
10.4 1.432384e+04 1.414866e+04 1.418015e+04 1.435533e+04
11.4 1.416971e+04 1.416748e+04 1.418042e+04 1.418264e+04
12.4 1.419629e+04 1.420204e+04 1.418059e+04 1.417483e+04
13.4 1.427747e+04 1.423524e+04 1.418068e+04 1.422292e+04
14.4 1.420300e+04 1.422858e+04 1.418073e+04 1.415515e+04
15.4 1.424374e+04 1.420659e+04 1.418076e+04 1.421791e+04
16.4 1.427582e+04 1.416393e+04 1.418077e+04 1.429266e+04
17.4 1.421158e+04 1.413571e+04 1.418079e+04 1.425666e+04
0.1 1.417540e+04 1.421327e+04 1.418081e+04 1.414295e+04
1.1 1.425083e+04 1.422422e+04 1.418226e+04 1.420887e+04
2.1 1.440257e+04 1.422032e+04 1.419127e+04 1.437353e+04
3.1 1.426083e+04 1.421089e+04 1.419392e+04 1.424385e+04
4.1 1.427993e+04 1.419725e+04 1.418891e+04 1.427159e+04
5.1 1.426615e+04 1.417301e+04 1.418407e+04 1.427721e+04
6.1 1.415495e+04 1.415255e+04 1.418128e+04 1.418367e+04
7.1 1.418201e+04 1.415588e+04 1.418008e+04 1.420621e+04
8.1 1.428217e+04 1.416426e+04 1.417978e+04 1.429769e+04
9.1 1.411582e+04 1.418258e+04 1.417997e+04 1.411322e+04
10.1 1.426833e+04 1.422946e+04 1.418033e+04 1.421920e+04
11.1 1.433279e+04 1.425797e+04 1.418067e+04 1.425549e+04
12.1 1.419186e+04 1.423847e+04 1.418090e+04 1.413429e+04
13.1 1.412036e+04 1.418184e+04 1.418105e+04 1.411957e+04
14.1 1.419106e+04 1.415156e+04 1.418114e+04 1.422065e+04
15.1 1.411514e+04 1.418106e+04 1.418120e+04 1.411528e+04
16.1 1.405097e+04 1.421786e+04 1.418125e+04 1.401437e+04
17.1 1.417733e+04 1.420978e+04 1.418130e+04 1.414884e+04
