0.4 1.012676e+04 1.012471e+04 1.011670e+04 1.011876e+04
1.4 1.011777e+04 1.010734e+04 1.011659e+04 1.012702e+04
2.4 1.012702e+04 1.009721e+04 1.011634e+04 1.014615e+04
3.4 1.010017e+04 1.009701e+04 1.011636e+04 1.011952e+04
4.4 1.012356e+04 1.011548e+04 1.011652e+04 1.012460e+04
5.4 1.012297e+04 1.012024e+04 1.011664e+04 1.011936e+04
6.4 1.009659e+04 1.011010e+04 1.011651e+04 1.010300e+04
7.4 1.010341e+04 1.010081e+04 1.011635e+04 1.011895e+04
8.4 1.010702e+04 1.010763e+04 1.011644e+04 1.011582e+04
9.4 1.016107e+04 1.014131e+04 1.011659e+04 1.013635e+04
10.4 1.011492e+04 1.014832e+04 1.011668e+04 1.008329e+04
11.4 1.009230e+04 1.012770e+04 1.011673e+04 1.008132e+04
12.4 1.007914e+04 1.010816e+04 1.011674e+04 1.008772e+04
13.4 1.009956e+04 1.009843e+04 1.011673e+04 1.011787e+04
14.4 1.012978e+04 1.011762e+04 1.011672e+04 1.012889e+04
15.4 1.011039e+04 1.013770e+04 1.011671e+04 1.008940e+04
16.4 1.010452e+04 1.012703e+04 1.011670e+04 1.009419e+04
17.4 1.008168e+04 1.010929e+04 1.011670e+04 1.008909e+04
0.7 1.012297e+04 1.012024e+04 1.011664e+04 1.011936e+04
1.7 1.009659e+04 1.011010e+04 1.011651e+04 1.010300e+04
2.7 1.010341e+04 1.010081e+04 1.011635e+04 1.011895e+04
3.7 1.010702e+04 1.010763e+04 1.011644e+04 1.011582e+04
4.7 1.016107e+04 1.014131e+04 1.011659e+04 1.013635e+04
5.7 1.011492e+04 1.014832e+04 1.011668e+04 1.008329e+04
6.7 1.009230e+04 1.012770e+04 1.011673e+04 1.008132e+04
7.7 1.007914e+04 1.010816e+04 1.011674e+04 1.008772e+04
8.7 1.009956e+04 1.009843e+04 1.011673e+04 1.011787e+04
9.7 1.012978e+04 1.011762e+04 1.011672e+04 1.012889e+04
10.7 1.011039e+04 1.013770e+04 1.011671e+04 1.008940e+04
11.7 1.010452e+04 1.012703e+04 1.011670e+04 1.009419e+04
12.7 1.008168e+04 1.010929e+04 1.011670e+04 1.008909e+04
13.7 1.008915e+04 1.009792e+04 1.011670e+04 1.010793e+04
14.7 1.008997e+04 1.009319e+04 1.011669e+04 1.011347e+04
15.7 1.010401e+04 1.011066e+04 1.011669e+04 1.011004e+04
16.7 1.015038e+04 1.014771e+04 1.011669e+04 1.011937e+04
17.7 1.013026e+04 1.014906e+04 1.011669e+04 1.009789e+04
0.1 1.010674e+04 1.012621e+04 1.011668e+04 1.009722e+04
1.1 1.009381e+04 1.011289e+04 1.011664e+04 1.009756e+04
2.1 1.009060e+04 1.010030e+04 1.011638e+04 1.010669e+04
3.1 1.008060e+04 1.009337e+04 1.011631e+04 1.010353e+04
4.1 1.005492e+04 1.009377e+04 1.011645e+04 1.007760e+04
5.1 1.012215e+04 1.011978e+04 1.011659e+04 1.011897e+04
6.1 1.010434e+04 1.013796e+04 1.011668e+04 1.008306e+04
7.1 1.010407e+04 1.013245e+04 1.011671e+04 1.008833e+04
8.1 1.008192e+04 1.012733e+04 1.011672e+04 1.007131e+04
9.1 1.011890e+04 1.012086e+04 1.011672e+04 1.011475e+04
10.1 1.011410e+04 1.013764e+04 1.011671e+04 1.009317e+04
11.1 1.017178e+04 1.014803e+04 1.011670e+04 1.014045e+04
12.1 1.011097e+04 1.012989e+04 1.011669e+04 1.009777e+04
13.1 1.010379e+04 1.010800e+04 1.011669e+04 1.011249e+04
14.1 1.011156e+04 1.009557e+04 1.011669e+04 1.013267e+04
15.1 1.009548e+04 1.009041e+04 1.011669e+04 1.012176e+04
16.1 1.008998e+04 1.009207e+04 1.011669e+04 1.011460e+04
17.1 1.012556e+04 1.012081e+04 1.011669e+04 1.012144e+04
0.4 1.009349e+04 1.010748e+04 1.011670e+04 1.010271e+04
1.4 1.008976e+04 1.010035e+04 1.011658e+04 1.010599e+04
2.4 1.009592e+04 1.009675e+04 1.011633e+04 1.011550e+04
3.4 1.007789e+04 1.009564e+04 1.011636e+04 1.009861e+04
4.4 1.009408e+04 1.010054e+04 1.011652e+04 1.011006e+04
5.4 1.011067e+04 1.012523e+04 1.011664e+04 1.010208e+04
6.4 1.013970e+04 1.013443e+04 1.011670e+04 1.012198e+04
7.4 1.012614e+04 1.012179e+04 1.011673e+04 1.012108e+04
8.4 1.009898e+04 1.010457e+04 1.011673e+04 1.011114e+04
9.4 1.010728e+04 1.009518e+04 1.011672e+04 1.012882e+04
10.4 1.009955e+04 1.009321e+04 1.011671e+04 1.012305e+04
11.4 1.010490e+04 1.009489e+04 1.011671e+04 1.012672e+04
12.4 1.012570e+04 1.011239e+04 1.011670e+04 1.013001e+04
13.4 1.012952e+04 1.013250e+04 1.011670e+04 1.011372e+04
14.4 1.014706e+04 1.012674e+04 1.011670e+04 1.013702e+04
15.4 1.010188e+04 1.011215e+04 1.011670e+04 1.010642e+04
16.4 1.011499e+04 1.009948e+04 1.011670e+04 1.013221e+04
17.4 1.013829e+04 1.009255e+04 1.011670e+04 1.016244e+04
0.1 1.013464e+04 1.012687e+04 1.011669e+04 1.012447e+04
1.1 1.013987e+04 1.012572e+04 1.011665e+04 1.013081e+04
2.1 1.011033e+04 1.011250e+04 1.011639e+04 1.011422e+04
3.1 1.010389e+04 1.010235e+04 1.011632e+04 1.011785e+04
4.1 1.011664e+04 1.009881e+04 1.011646e+04 1.013429e+04
5.1 1.015710e+04 1.012064e+04 1.011660e+04 1.015307e+04
6.1 1.016779e+04 1.014550e+04 1.011668e+04 1.013897e+04
7.1 1.015754e+04 1.013603e+04 1.011672e+04 1.013823e+04
8.1 1.011925e+04 1.011636e+04 1.011672e+04 1.011961e+04
9.1 1.011216e+04 1.010672e+04 1.011672e+04 1.012216e+04
10.1 1.015879e+04 1.012536e+04 1.011671e+04 1.015014e+04
11.1 1.015476e+04 1.013822e+04 1.011670e+04 1.013323e+04
12.1 1.013378e+04 1.012420e+04 1.011669e+04 1.012627e+04
13.1 1.010737e+04 1.010366e+04 1.011669e+04 1.012040e+04
14.1 1.010334e+04 1.009217e+04 1.011669e+04 1.012785e+04
15.1 1.009940e+04 1.010348e+04 1.011668e+04 1.011260e+04
16.1 1.012615e+04 1.011798e+04 1.011668e+04 1.012485e+04
17.1 1.010172e+04 1.011161e+04 1.011668e+04 1.010679e+04
