0.8 8.909589e+03 8.911178e+03 8.907059e+03 8.905469e+03
1.8 8.870688e+03 8.908781e+03 8.909607e+03 8.871514e+03
2.8 8.923950e+03 8.911143e+03 8.914637e+03 8.927444e+03
3.8 8.892596e+03 8.910422e+03 8.914822e+03 8.896996e+03
4.8 8.885073e+03 8.907007e+03 8.911415e+03 8.889482e+03
5.8 8.932769e+03 8.903319e+03 8.908531e+03 8.937981e+03
6.8 8.881678e+03 8.895469e+03 8.906937e+03 8.893146e+03
7.8 8.920329e+03 8.892628e+03 8.906248e+03 8.933950e+03
8.8 8.910923e+03 8.896398e+03 8.906118e+03 8.920643e+03
9.8 8.877142e+03 8.900682e+03 8.906260e+03 8.882720e+03
10.8 8.929247e+03 8.905842e+03 8.906472e+03 8.929878e+03
11.8 8.871074e+03 8.914292e+03 8.906652e+03 8.863435e+03
12.8 8.927725e+03 8.915488e+03 8.906771e+03 8.919008e+03
13.8 8.898022e+03 8.911024e+03 8.906833e+03 8.893832e+03
14.8 8.911217e+03 8.909094e+03 8.906864e+03 8.908986e+03
15.8 8.889592e+03 8.911178e+03 8.906876e+03 8.885290e+03
16.8 8.905526e+03 8.911068e+03 8.906883e+03 8.901341e+03
17.8 8.942286e+03 8.914968e+03 8.906886e+03 8.934204e+03
18.8 8.916777e+03 8.915269e+03 8.906890e+03 8.908398e+03
0.7 8.946973e+03 8.903485e+03 8.906941e+03 8.950428e+03
1.7 8.917751e+03 8.904879e+03 8.908907e+03 8.921778e+03
2.7 8.938488e+03 8.910027e+03 8.913958e+03 8.942419e+03
3.7 8.931317e+03 8.911603e+03 8.915183e+03 8.934898e+03
4.7 8.935832e+03 8.908857e+03 8.912047e+03 8.939022e+03
5.7 8.889599e+03 8.906082e+03 8.908966e+03 8.892483e+03
6.7 8.887930e+03 8.904479e+03 8.907151e+03 8.890601e+03
7.7 8.897389e+03 8.904264e+03 8.906375e+03 8.899500e+03
8.7 8.932509e+03 8.909090e+03 8.906186e+03 8.929605e+03
9.7 8.908794e+03 8.912598e+03 8.906310e+03 8.902506e+03
10.7 8.918983e+03 8.912254e+03 8.906533e+03 8.913263e+03
11.7 8.876353e+03 8.913699e+03 8.906739e+03 8.869393e+03
12.7 8.922334e+03 8.909404e+03 8.906878e+03 8.919808e+03
13.7 8.893300e+03 8.898424e+03 8.906960e+03 8.901835e+03
14.7 8.882705e+03 8.894494e+03 8.907005e+03 8.895216e+03
15.7 8.906957e+03 8.895878e+03 8.907030e+03 8.918109e+03
16.7 8.882105e+03 8.898313e+03 8.907046e+03 8.890839e+03
17.7 8.913957e+03 8.901409e+03 8.907058e+03 8.919606e+03
18.7 8.882462e+03 8.898966e+03 8.907068e+03 8.890564e+03
0.4 8.922714e+03 8.927723e+03 8.907152e+03 8.902142e+03
1.4 8.952141e+03 8.928405e+03 8.908174e+03 8.931909e+03
2.4 8.934292e+03 8.923750e+03 8.912857e+03 8.923399e+03
3.4 8.879105e+03 8.919031e+03 8.915671e+03 8.875746e+03
4.4 8.919369e+03 8.912515e+03 8.913248e+03 8.920102e+03
5.4 8.900706e+03 8.907171e+03 8.909831e+03 8.903366e+03
6.4 8.920900e+03 8.904585e+03 8.907723e+03 8.924038e+03
7.4 8.878052e+03 8.903838e+03 8.906718e+03 8.880931e+03
8.4 8.923041e+03 8.903338e+03 8.906392e+03 8.926095e+03
9.4 8.942429e+03 8.896882e+03 8.906452e+03 8.951999e+03
10.4 8.903251e+03 8.890747e+03 8.906664e+03 8.919168e+03
11.4 8.938048e+03 8.902715e+03 8.906873e+03 8.942206e+03
12.4 8.864213e+03 8.924277e+03 8.907025e+03 8.846961e+03
13.4 8.890701e+03 8.927284e+03 8.907119e+03 8.870536e+03
14.4 8.941394e+03 8.926213e+03 8.907169e+03 8.922349e+03
15.4 8.914936e+03 8.921867e+03 8.907195e+03 8.900264e+03
16.4 8.950903e+03 8.914703e+03 8.907211e+03 8.943412e+03
17.4 8.917047e+03 8.914424e+03 8.907223e+03 8.909845e+03
18.4 8.888585e+03 8.913368e+03 8.907232e+03 8.882450e+03
