0.6 1.192595e+04 1.190046e+04 1.191104e+04 1.193653e+04
1.6 1.192902e+04 1.191351e+04 1.193926e+04 1.195477e+04
2.6 1.205438e+04 1.199199e+04 1.202576e+04 1.208815e+04
3.6 1.190805e+04 1.200774e+04 1.204305e+04 1.194336e+04
4.6 1.190995e+04 1.196124e+04 1.198975e+04 1.193847e+04
5.6 1.183582e+04 1.191539e+04 1.193942e+04 1.185985e+04
6.6 1.185780e+04 1.188896e+04 1.191041e+04 1.187925e+04
7.6 1.199296e+04 1.192169e+04 1.189710e+04 1.196837e+04
8.6 1.190857e+04 1.195910e+04 1.189364e+04 1.184310e+04
9.6 1.183447e+04 1.193823e+04 1.189518e+04 1.179142e+04
10.6 1.185206e+04 1.190429e+04 1.189825e+04 1.184602e+04
11.6 1.175734e+04 1.188288e+04 1.190096e+04 1.177542e+04
12.6 1.181199e+04 1.187466e+04 1.190450e+04 1.184183e+04
13.6 1.190004e+04 1.191843e+04 1.195197e+04 1.193358e+04
14.6 1.198122e+04 1.200875e+04 1.204166e+04 1.201414e+04
15.6 1.194512e+04 1.201162e+04 1.204215e+04 1.197565e+04
16.6 1.192547e+04 1.195111e+04 1.198267e+04 1.195704e+04
17.6 1.188763e+04 1.189414e+04 1.193075e+04 1.192424e+04
0.8 1.181199e+04 1.187466e+04 1.190450e+04 1.184183e+04
1.8 1.190004e+04 1.191843e+04 1.195197e+04 1.193358e+04
2.8 1.198122e+04 1.200875e+04 1.204166e+04 1.201414e+04
3.8 1.194512e+04 1.201162e+04 1.204215e+04 1.197565e+04
4.8 1.192547e+04 1.195111e+04 1.198267e+04 1.195704e+04
5.8 1.188763e+04 1.189414e+04 1.193075e+04 1.192424e+04
6.8 1.187047e+04 1.186884e+04 1.190313e+04 1.190476e+04
7.8 1.185620e+04 1.186234e+04 1.189129e+04 1.188516e+04
8.8 1.190337e+04 1.188249e+04 1.190774e+04 1.192862e+04
9.8 1.210430e+04 1.197002e+04 1.199332e+04 1.212759e+04
10.8 1.205910e+04 1.201641e+04 1.203859e+04 1.208128e+04
11.8 1.198161e+04 1.197944e+04 1.199658e+04 1.199875e+04
12.8 1.192040e+04 1.192826e+04 1.194191e+04 1.193405e+04
13.8 1.196575e+04 1.189446e+04 1.190915e+04 1.198044e+04
14.8 1.179618e+04 1.191686e+04 1.189379e+04 1.177311e+04
15.8 1.209454e+04 1.199126e+04 1.188911e+04 1.199240e+04
16.8 1.196380e+04 1.199472e+04 1.189044e+04 1.185953e+04
17.8 1.196821e+04 1.194320e+04 1.189406e+04 1.191908e+04
0.4 1.185620e+04 1.186234e+04 1.189129e+04 1.188516e+04
1.4 1.190337e+04 1.188249e+04 1.190774e+04 1.192862e+04
2.4 1.210430e+04 1.197002e+04 1.199332e+04 1.212759e+04
3.4 1.205910e+04 1.201641e+04 1.203859e+04 1.208128e+04
4.4 1.198161e+04 1.197944e+04 1.199658e+04 1.199875e+04
5.4 1.192040e+04 1.192826e+04 1.194191e+04 1.193405e+04
6.4 1.196575e+04 1.189446e+04 1.190915e+04 1.198044e+04
7.4 1.179618e+04 1.191686e+04 1.189379e+04 1.177311e+04
8.4 1.209454e+04 1.199126e+04 1.188911e+04 1.199240e+04
9.4 1.196380e+04 1.199472e+04 1.189044e+04 1.185953e+04
10.4 1.196821e+04 1.194320e+04 1.189406e+04 1.191908e+04
11.4 1.189321e+04 1.190943e+04 1.189750e+04 1.188128e+04
12.4 1.210882e+04 1.193846e+04 1.189994e+04 1.207031e+04
13.4 1.194888e+04 1.194855e+04 1.190142e+04 1.190175e+04
14.4 1.185446e+04 1.191877e+04 1.190219e+04 1.183789e+04
15.4 1.185585e+04 1.189069e+04 1.190282e+04 1.186798e+04
16.4 1.195081e+04 1.190396e+04 1.193024e+04 1.197710e+04
17.4 1.194206e+04 1.197371e+04 1.200511e+04 1.197347e+04
0.5 1.185585e+04 1.189069e+04 1.190282e+04 1.186798e+04
1.5 1.195081e+04 1.190396e+04 1.193024e+04 1.197710e+04
2.5 1.194206e+04 1.197371e+04 1.200511e+04 1.197347e+04
3.5 1.200312e+04 1.198150e+04 1.201327e+04 1.203489e+04
4.5 1.192545e+04 1.193771e+04 1.196762e+04 1.195536e+04
5.5 1.182948e+04 1.189554e+04 1.192650e+04 1.186045e+04
6.5 1.178618e+04 1.186872e+04 1.190459e+04 1.182205e+04
7.5 1.180970e+04 1.187774e+04 1.191139e+04 1.184335e+04
8.5 1.201678e+04 1.195515e+04 1.198350e+04 1.204512e+04
9.5 1.198459e+04 1.198314e+04 1.200806e+04 1.200951e+04
10.5 1.190464e+04 1.194029e+04 1.196925e+04 1.193360e+04
11.5 1.190783e+04 1.189640e+04 1.192971e+04 1.194114e+04
12.5 1.188648e+04 1.187643e+04 1.190699e+04 1.191704e+04
13.5 1.193778e+04 1.187041e+04 1.189681e+04 1.196418e+04
14.5 1.194680e+04 1.187099e+04 1.189453e+04 1.197035e+04
15.5 1.203562e+04 1.190541e+04 1.189633e+04 1.202654e+04
16.5 1.196507e+04 1.199008e+04 1.189944e+04 1.187443e+04
17.5 1.203209e+04 1.201230e+04 1.190228e+04 1.192207e+04
0.4 1.178618e+04 1.186872e+04 1.190459e+04 1.182205e+04
1.4 1.180970e+04 1.187774e+04 1.191139e+04 1.184335e+04
2.4 1.201678e+04 1.195515e+04 1.198350e+04 1.204512e+04
3.4 1.198459e+04 1.198314e+04 1.200806e+04 1.200951e+04
4.4 1.190464e+04 1.194029e+04 1.196925e+04 1.193360e+04
5.4 1.190783e+04 1.189640e+04 1.192971e+04 1.194114e+04
6.4 1.188648e+04 1.187643e+04 1.190699e+04 1.191704e+04
7.4 1.193778e+04 1.187041e+04 1.189681e+04 1.196418e+04
8.4 1.194680e+04 1.187099e+04 1.189453e+04 1.197035e+04
9.4 1.203562e+04 1.190541e+04 1.189633e+04 1.202654e+04
10.4 1.196507e+04 1.199008e+04 1.189944e+04 1.187443e+04
11.4 1.203209e+04 1.201230e+04 1.190228e+04 1.192207e+04
12.4 1.188900e+04 1.196318e+04 1.190432e+04 1.183014e+04
13.4 1.172073e+04 1.191413e+04 1.190554e+04 1.171214e+04
14.4 1.185897e+04 1.188504e+04 1.190627e+04 1.188020e+04
15.4 1.187664e+04 1.187696e+04 1.191116e+04 1.191083e+04
16.4 1.198670e+04 1.192489e+04 1.196254e+04 1.202434e+04
17.4 1.190746e+04 1.196117e+04 1.199719e+04 1.194349e+04
1.0 1.187664e+04 1.187696e+04 1.191116e+04 1.191083e+04
2.0 1.198670e+04 1.192489e+04 1.196254e+04 1.202434e+04
3.0 1.190746e+04 1.196117e+04 1.199719e+04 1.194349e+04
4.0 1.191222e+04 1.193541e+04 1.197120e+04 1.194801e+04
5.0 1.194406e+04 1.189527e+04 1.193535e+04 1.198414e+04
6.0 1.194207e+04 1.189176e+04 1.191380e+04 1.196412e+04
7.0 1.195439e+04 1.194315e+04 1.190365e+04 1.191489e+04
8.0 1.202661e+04 1.195409e+04 1.190044e+04 1.197296e+04
9.0 1.193654e+04 1.192243e+04 1.190121e+04 1.191532e+04
10.0 1.181203e+04 1.189338e+04 1.190358e+04 1.182223e+04
11.0 1.196080e+04 1.188096e+04 1.190591e+04 1.198576e+04
12.0 1.200012e+04 1.191476e+04 1.190765e+04 1.199301e+04
13.0 1.201993e+04 1.197792e+04 1.190877e+04 1.195078e+04
14.0 1.193895e+04 1.197076e+04 1.190943e+04 1.187762e+04
15.0 1.199472e+04 1.193727e+04 1.190984e+04 1.196729e+04
16.0 1.199124e+04 1.192140e+04 1.191014e+04 1.197997e+04
17.0 1.188816e+04 1.190166e+04 1.191041e+04 1.189691e+04
18.0 1.194973e+04 1.190373e+04 1.193055e+04 1.197654e+04
0.4 1.188816e+04 1.190166e+04 1.191041e+04 1.189691e+04
1.4 1.194973e+04 1.190373e+04 1.193055e+04 1.197654e+04
2.4 1.205063e+04 1.196487e+04 1.200036e+04 1.208613e+04
3.4 1.191485e+04 1.197630e+04 1.201364e+04 1.195219e+04
4.4 1.195053e+04 1.194137e+04 1.197292e+04 1.198209e+04
5.4 1.187309e+04 1.190887e+04 1.193504e+04 1.189926e+04
6.4 1.194644e+04 1.188733e+04 1.191340e+04 1.197251e+04
7.4 1.189544e+04 1.191270e+04 1.190432e+04 1.188706e+04
8.4 1.196225e+04 1.199054e+04 1.190229e+04 1.187400e+04
9.4 1.211793e+04 1.199107e+04 1.190400e+04 1.203087e+04
10.4 1.183060e+04 1.191724e+04 1.190685e+04 1.182021e+04
11.4 1.178702e+04 1.186810e+04 1.190943e+04 1.182836e+04
12.4 1.183031e+04 1.186335e+04 1.191561e+04 1.188257e+04
13.4 1.191221e+04 1.192764e+04 1.197748e+04 1.196205e+04
14.4 1.199955e+04 1.199445e+04 1.203926e+04 1.204436e+04
15.4 1.188819e+04 1.197250e+04 1.201528e+04 1.193098e+04
16.4 1.198504e+04 1.191660e+04 1.196248e+04 1.203091e+04
17.4 1.191967e+04 1.190088e+04 1.192705e+04 1.194584e+04
1.0 1.183031e+04 1.186335e+04 1.191561e+04 1.188257e+04
2.0 1.191221e+04 1.192764e+04 1.197748e+04 1.196205e+04
3.0 1.199955e+04 1.199445e+04 1.203926e+04 1.204436e+04
4.0 1.188819e+04 1.197250e+04 1.201528e+04 1.193098e+04
5.0 1.198504e+04 1.191660e+04 1.196248e+04 1.203091e+04
6.0 1.191967e+04 1.190088e+04 1.192705e+04 1.194584e+04
7.0 1.188989e+04 1.195596e+04 1.190906e+04 1.184300e+04
8.0 1.194431e+04 1.197326e+04 1.190278e+04 1.187383e+04
9.0 1.181778e+04 1.193569e+04 1.190282e+04 1.178490e+04
10.0 1.185852e+04 1.189947e+04 1.190575e+04 1.186481e+04
11.0 1.183759e+04 1.192012e+04 1.190899e+04 1.182646e+04
12.0 1.206946e+04 1.196612e+04 1.191151e+04 1.201486e+04
13.0 1.194412e+04 1.195065e+04 1.191304e+04 1.190650e+04
14.0 1.189839e+04 1.191225e+04 1.191388e+04 1.190002e+04
15.0 1.204047e+04 1.188476e+04 1.191433e+04 1.207005e+04
16.0 1.192408e+04 1.187328e+04 1.191456e+04 1.196535e+04
17.0 1.195353e+04 1.188911e+04 1.191468e+04 1.197911e+04
18.0 1.202126e+04 1.195805e+04 1.191476e+04 1.197798e+04
0.4 1.191453e+04 1.194853e+04 1.191494e+04 1.188094e+04
1.4 1.189070e+04 1.193331e+04 1.193230e+04 1.188968e+04
2.4 1.189971e+04 1.198397e+04 1.200806e+04 1.192379e+04
3.4 1.204735e+04 1.199796e+04 1.203516e+04 1.208455e+04
4.4 1.194431e+04 1.195239e+04 1.199244e+04 1.198435e+04
5.4 1.197878e+04 1.191344e+04 1.194673e+04 1.201206e+04
6.4 1.185411e+04 1.189080e+04 1.191925e+04 1.188256e+04
7.4 1.182917e+04 1.187836e+04 1.190714e+04 1.185795e+04
8.4 1.178297e+04 1.187383e+04 1.190375e+04 1.181288e+04
9.4 1.192896e+04 1.187823e+04 1.190865e+04 1.195937e+04
10.4 1.185959e+04 1.193640e+04 1.196687e+04 1.189006e+04
11.4 1.196150e+04 1.200639e+04 1.203665e+04 1.199176e+04
12.4 1.196545e+04 1.198785e+04 1.201769e+04 1.199529e+04
13.4 1.193044e+04 1.194005e+04 1.196564e+04 1.195604e+04
14.4 1.192215e+04 1.190903e+04 1.192960e+04 1.194271e+04
15.4 1.190826e+04 1.190961e+04 1.191129e+04 1.190994e+04
16.4 1.199458e+04 1.194794e+04 1.190431e+04 1.195096e+04
17.4 1.185461e+04 1.194274e+04 1.190411e+04 1.181597e+04
1.0 1.192896e+04 1.187823e+04 1.190865e+04 1.195937e+04
2.0 1.185959e+04 1.193640e+04 1.196687e+04 1.189006e+04
3.0 1.196150e+04 1.200639e+04 1.203665e+04 1.199176e+04
4.0 1.196545e+04 1.198785e+04 1.201769e+04 1.199529e+04
5.0 1.193044e+04 1.194005e+04 1.196564e+04 1.195604e+04
6.0 1.192215e+04 1.190903e+04 1.192960e+04 1.194271e+04
7.0 1.190826e+04 1.190961e+04 1.191129e+04 1.190994e+04
8.0 1.199458e+04 1.194794e+04 1.190431e+04 1.195096e+04
9.0 1.185461e+04 1.194274e+04 1.190411e+04 1.181597e+04
10.0 1.192024e+04 1.191354e+04 1.190695e+04 1.191365e+04
11.0 1.192081e+04 1.189456e+04 1.191019e+04 1.193645e+04
12.0 1.191641e+04 1.188841e+04 1.191271e+04 1.194071e+04
13.0 1.184313e+04 1.188470e+04 1.191433e+04 1.187276e+04
14.0 1.184444e+04 1.189567e+04 1.191521e+04 1.186397e+04
15.0 1.193874e+04 1.196315e+04 1.191569e+04 1.189127e+04
16.0 1.205644e+04 1.198803e+04 1.191595e+04 1.198437e+04
17.0 1.200735e+04 1.195062e+04 1.191614e+04 1.197288e+04
18.0 1.190326e+04 1.188774e+04 1.191630e+04 1.193182e+04
1.0 1.195379e+04 1.189601e+04 1.192347e+04 1.198125e+04
2.0 1.198767e+04 1.194570e+04 1.198207e+04 1.202404e+04
3.0 1.202828e+04 1.200450e+04 1.204377e+04 1.206755e+04
4.0 1.204330e+04 1.198291e+04 1.201918e+04 1.207957e+04
5.0 1.197835e+04 1.193950e+04 1.196858e+04 1.200743e+04
6.0 1.196286e+04 1.191805e+04 1.193310e+04 1.197790e+04
7.0 1.200590e+04 1.197144e+04 1.191605e+04 1.195050e+04
8.0 1.200877e+04 1.200746e+04 1.190987e+04 1.191118e+04
9.0 1.195496e+04 1.196621e+04 1.191013e+04 1.189888e+04
10.0 1.185500e+04 1.189416e+04 1.191311e+04 1.187395e+04
11.0 1.189271e+04 1.185538e+04 1.191655e+04 1.195388e+04
12.0 1.191067e+04 1.189508e+04 1.191916e+04 1.193475e+04
13.0 1.194534e+04 1.194504e+04 1.192090e+04 1.192120e+04
14.0 1.184055e+04 1.192801e+04 1.192193e+04 1.183447e+04
15.0 1.184012e+04 1.187753e+04 1.192258e+04 1.188517e+04
16.0 1.186290e+04 1.186930e+04 1.192306e+04 1.191665e+04
17.0 1.190173e+04 1.193414e+04 1.192345e+04 1.189104e+04
18.0 1.192205e+04 1.196918e+04 1.192382e+04 1.187669e+04
