0.9 1.111399e+04 1.115816e+04 1.104184e+04 1.099767e+04
1.9 1.103825e+04 1.110465e+04 1.108010e+04 1.101370e+04
2.9 1.100628e+04 1.104674e+04 1.109935e+04 1.105889e+04
3.9 1.091930e+04 1.098612e+04 1.107968e+04 1.101285e+04
4.9 1.080718e+04 1.094953e+04 1.105575e+04 1.091340e+04
5.9 1.095393e+04 1.101637e+04 1.104180e+04 1.097936e+04
6.9 1.110794e+04 1.109817e+04 1.103517e+04 1.104494e+04
7.9 1.108975e+04 1.107466e+04 1.103320e+04 1.104829e+04
8.9 1.115133e+04 1.105269e+04 1.103369e+04 1.113234e+04
9.9 1.107467e+04 1.103084e+04 1.103516e+04 1.107899e+04
10.9 1.107618e+04 1.109860e+04 1.103655e+04 1.101413e+04
11.9 1.106702e+04 1.112033e+04 1.103755e+04 1.098425e+04
12.9 1.095095e+04 1.105166e+04 1.103980e+04 1.093909e+04
13.9 1.096585e+04 1.101741e+04 1.107415e+04 1.102258e+04
14.9 1.102654e+04 1.100494e+04 1.109952e+04 1.112113e+04
15.9 1.098071e+04 1.097594e+04 1.108220e+04 1.108697e+04
16.9 1.106328e+04 1.101647e+04 1.105769e+04 1.110450e+04
17.9 1.112938e+04 1.107469e+04 1.104289e+04 1.109758e+04
0.8 1.095095e+04 1.105166e+04 1.103980e+04 1.093909e+04
1.8 1.096585e+04 1.101741e+04 1.107415e+04 1.102258e+04
2.8 1.102654e+04 1.100494e+04 1.109952e+04 1.112113e+04
3.8 1.098071e+04 1.097594e+04 1.108220e+04 1.108697e+04
4.8 1.106328e+04 1.101647e+04 1.105769e+04 1.110450e+04
5.8 1.112938e+04 1.107469e+04 1.104289e+04 1.109758e+04
6.8 1.111947e+04 1.105362e+04 1.103583e+04 1.110168e+04
7.8 1.111940e+04 1.103729e+04 1.103347e+04 1.111558e+04
8.8 1.103707e+04 1.100702e+04 1.103385e+04 1.106390e+04
9.8 1.097230e+04 1.098393e+04 1.103533e+04 1.102370e+04
10.8 1.111619e+04 1.106553e+04 1.103680e+04 1.108746e+04
11.8 1.112895e+04 1.109957e+04 1.103788e+04 1.106725e+04
12.8 1.108621e+04 1.106377e+04 1.103854e+04 1.106098e+04
13.8 1.105074e+04 1.104069e+04 1.103889e+04 1.104894e+04
14.8 1.101403e+04 1.103782e+04 1.103907e+04 1.101528e+04
15.8 1.101717e+04 1.110773e+04 1.103917e+04 1.094861e+04
16.8 1.103966e+04 1.109368e+04 1.103924e+04 1.098522e+04
17.8 1.102670e+04 1.105584e+04 1.103929e+04 1.101016e+04
0.8 1.113097e+04 1.116140e+04 1.104016e+04 1.100973e+04
1.8 1.123710e+04 1.111344e+04 1.107327e+04 1.119693e+04
2.8 1.108148e+04 1.105436e+04 1.109961e+04 1.112673e+04
3.8 1.095712e+04 1.099013e+04 1.108278e+04 1.104977e+04
4.8 1.088912e+04 1.094508e+04 1.105853e+04 1.100257e+04
5.8 1.093332e+04 1.092610e+04 1.104290e+04 1.105013e+04
6.8 1.103999e+04 1.099557e+04 1.103560e+04 1.108002e+04
7.8 1.111503e+04 1.111956e+04 1.103307e+04 1.102854e+04
8.8 1.113229e+04 1.111237e+04 1.103332e+04 1.105324e+04
9.8 1.107740e+04 1.108970e+04 1.103466e+04 1.102237e+04
10.8 1.111669e+04 1.105650e+04 1.103610e+04 1.109629e+04
11.8 1.111321e+04 1.110132e+04 1.103711e+04 1.104900e+04
12.8 1.112772e+04 1.115494e+04 1.103772e+04 1.101050e+04
13.8 1.107590e+04 1.111160e+04 1.103801e+04 1.100231e+04
14.8 1.103466e+04 1.105512e+04 1.103813e+04 1.101767e+04
15.8 1.096574e+04 1.099018e+04 1.103817e+04 1.101373e+04
16.8 1.100329e+04 1.098360e+04 1.103818e+04 1.105787e+04
17.8 1.104840e+04 1.108584e+04 1.103818e+04 1.100074e+04
0.9 1.123465e+04 1.109221e+04 1.104043e+04 1.118287e+04
1.9 1.103438e+04 1.105688e+04 1.107617e+04 1.105367e+04
2.9 1.101609e+04 1.102005e+04 1.109901e+04 1.109504e+04
3.9 1.095882e+04 1.097504e+04 1.108044e+04 1.106422e+04
4.9 1.101998e+04 1.101454e+04 1.105621e+04 1.106166e+04
5.9 1.112699e+04 1.109797e+04 1.104185e+04 1.107087e+04
6.9 1.105867e+04 1.107102e+04 1.103507e+04 1.102272e+04
7.9 1.096584e+04 1.099929e+04 1.103288e+04 1.099943e+04
8.9 1.097014e+04 1.098083e+04 1.103333e+04 1.102264e+04
9.9 1.096181e+04 1.098252e+04 1.103481e+04 1.101411e+04
10.9 1.099072e+04 1.102478e+04 1.103625e+04 1.100220e+04
11.9 1.118588e+04 1.111724e+04 1.103728e+04 1.110592e+04
12.9 1.123048e+04 1.109022e+04 1.103790e+04 1.117816e+04
13.9 1.116769e+04 1.103566e+04 1.103822e+04 1.117024e+04
14.9 1.118255e+04 1.104939e+04 1.103838e+04 1.117155e+04
15.9 1.097129e+04 1.101980e+04 1.103848e+04 1.098997e+04
16.9 1.104614e+04 1.099116e+04 1.103854e+04 1.109352e+04
17.9 1.105509e+04 1.107263e+04 1.103859e+04 1.102105e+04
0.1 1.115549e+04 1.114330e+04 1.103929e+04 1.105148e+04
1.1 1.104490e+04 1.105937e+04 1.104650e+04 1.103203e+04
2.1 1.100886e+04 1.101840e+04 1.108766e+04 1.107812e+04
3.1 1.097236e+04 1.099251e+04 1.109809e+04 1.107794e+04
4.1 1.106696e+04 1.105420e+04 1.107531e+04 1.108807e+04
5.1 1.113598e+04 1.110589e+04 1.105314e+04 1.108324e+04
6.1 1.108868e+04 1.107841e+04 1.104105e+04 1.105131e+04
7.1 1.105599e+04 1.107485e+04 1.103569e+04 1.101683e+04
8.1 1.095892e+04 1.102484e+04 1.103436e+04 1.096844e+04
9.1 1.091492e+04 1.096324e+04 1.103521e+04 1.098689e+04
10.1 1.097038e+04 1.095375e+04 1.103679e+04 1.105343e+04
11.1 1.103954e+04 1.106080e+04 1.103818e+04 1.101691e+04
12.1 1.120073e+04 1.108965e+04 1.103912e+04 1.115021e+04
13.1 1.108609e+04 1.102359e+04 1.103968e+04 1.110218e+04
14.1 1.091501e+04 1.098152e+04 1.103998e+04 1.097347e+04
15.1 1.100501e+04 1.102158e+04 1.104013e+04 1.102356e+04
16.1 1.101982e+04 1.103205e+04 1.104022e+04 1.102798e+04
17.1 1.110028e+04 1.108836e+04 1.104028e+04 1.105220e+04
0.5 1.110083e+04 1.110986e+04 1.103919e+04 1.103016e+04
1.5 1.111564e+04 1.107697e+04 1.106307e+04 1.110174e+04
2.5 1.107295e+04 1.104993e+04 1.109825e+04 1.112127e+04
3.5 1.111755e+04 1.104614e+04 1.108911e+04 1.116052e+04
4.5 1.113189e+04 1.111789e+04 1.106342e+04 1.107742e+04
5.5 1.111313e+04 1.110879e+04 1.104582e+04 1.105016e+04
6.5 1.114241e+04 1.106525e+04 1.103669e+04 1.111384e+04
7.5 1.106730e+04 1.102854e+04 1.103325e+04 1.107201e+04
8.5 1.109821e+04 1.106295e+04 1.103294e+04 1.106819e+04
9.5 1.112215e+04 1.109605e+04 1.103412e+04 1.106023e+04
10.5 1.109896e+04 1.104871e+04 1.103552e+04 1.108578e+04
11.5 1.102448e+04 1.101359e+04 1.103662e+04 1.104751e+04
12.5 1.094828e+04 1.100944e+04 1.103724e+04 1.097609e+04
13.5 1.100623e+04 1.098926e+04 1.103754e+04 1.105451e+04
14.5 1.097828e+04 1.096875e+04 1.103766e+04 1.104719e+04
