0.2 8.973409e+03 8.982594e+03 8.994314e+03 8.985128e+03
1.2 8.958365e+03 8.985125e+03 8.996074e+03 8.969314e+03
2.2 8.985285e+03 8.992620e+03 9.002271e+03 8.994935e+03
3.2 9.002522e+03 8.994355e+03 9.002721e+03 9.010888e+03
4.2 9.017957e+03 8.991639e+03 8.999073e+03 9.025391e+03
5.2 8.973047e+03 8.989069e+03 8.995941e+03 8.979919e+03
6.2 8.964829e+03 8.989571e+03 8.994294e+03 8.969551e+03
7.2 8.986143e+03 8.999249e+03 8.993586e+03 8.980480e+03
8.2 8.988799e+03 9.002112e+03 8.993437e+03 8.980125e+03
9.2 8.986456e+03 8.991177e+03 8.993578e+03 8.988857e+03
10.2 8.974351e+03 8.978648e+03 8.993804e+03 8.989507e+03
11.2 8.969345e+03 8.978063e+03 8.993990e+03 8.985272e+03
12.2 8.998144e+03 8.986803e+03 8.994110e+03 9.005451e+03
13.2 8.994652e+03 9.004935e+03 8.994175e+03 8.983892e+03
14.2 9.009750e+03 9.009984e+03 8.994204e+03 8.993970e+03
15.2 8.992337e+03 9.016396e+03 8.994215e+03 8.970155e+03
16.2 8.956746e+03 9.016083e+03 8.994217e+03 8.934881e+03
17.2 8.975868e+03 9.004329e+03 8.994217e+03 8.965756e+03
0.2 8.975135e+03 8.985179e+03 8.994197e+03 8.984153e+03
1.2 9.004118e+03 8.985215e+03 8.995713e+03 9.014616e+03
2.2 8.994795e+03 8.993055e+03 9.002059e+03 9.003798e+03
3.2 9.041573e+03 8.995520e+03 9.002758e+03 9.048811e+03
4.2 9.033868e+03 8.996949e+03 8.999081e+03 9.036000e+03
5.2 9.017770e+03 9.019296e+03 8.995977e+03 8.994451e+03
6.2 9.016833e+03 9.028024e+03 8.994275e+03 8.983083e+03
7.2 9.015693e+03 9.000388e+03 8.993525e+03 9.008830e+03
8.2 8.979187e+03 8.964426e+03 8.993369e+03 9.008131e+03
9.2 8.972256e+03 8.970289e+03 8.993510e+03 8.995477e+03
10.2 8.963553e+03 9.006837e+03 8.993733e+03 8.950448e+03
11.2 8.982606e+03 9.016403e+03 8.993924e+03 8.960126e+03
12.2 8.991048e+03 8.985291e+03 8.994049e+03 8.999806e+03
13.2 8.976142e+03 8.961878e+03 8.994113e+03 9.008377e+03
14.2 8.960956e+03 8.964767e+03 8.994142e+03 8.990331e+03
15.2 8.907783e+03 8.974002e+03 8.994152e+03 8.927933e+03
16.2 8.931604e+03 8.983364e+03 8.994153e+03 8.942393e+03
17.2 8.982008e+03 8.992115e+03 8.994151e+03 8.984043e+03
0.8 8.989234e+03 8.987918e+03 8.994265e+03 8.995581e+03
1.8 9.011319e+03 8.994543e+03 8.999366e+03 9.016142e+03
2.8 8.959677e+03 8.999095e+03 9.003140e+03 8.963723e+03
3.8 9.008956e+03 8.996624e+03 9.000518e+03 9.012850e+03
4.8 9.004788e+03 8.990457e+03 8.996821e+03 9.011152e+03
5.8 8.991039e+03 8.985207e+03 8.994582e+03 9.000414e+03
6.8 8.944829e+03 8.984856e+03 8.993505e+03 8.953478e+03
7.8 8.971361e+03 8.987807e+03 8.993134e+03 8.976688e+03
8.8 9.017172e+03 8.991522e+03 8.993172e+03 9.018823e+03
9.8 9.024246e+03 8.991905e+03 8.993375e+03 9.025716e+03
10.8 8.971646e+03 8.993979e+03 8.993579e+03 8.971245e+03
11.8 9.019381e+03 9.007148e+03 8.993723e+03 9.005956e+03
12.8 9.054331e+03 9.011760e+03 8.993805e+03 9.036376e+03
13.8 9.104459e+03 9.015597e+03 8.993839e+03 9.082701e+03
14.8 9.065600e+03 9.016514e+03 8.993849e+03 9.042935e+03
15.8 9.006911e+03 9.005166e+03 8.993846e+03 8.995592e+03
16.8 9.020101e+03 8.993772e+03 8.993839e+03 9.020167e+03
17.8 9.052050e+03 8.987401e+03 8.993829e+03 9.058479e+03
0.5 8.982419e+03 8.974083e+03 8.993801e+03 9.002137e+03
1.5 8.938655e+03 8.981567e+03 8.997224e+03 8.954312e+03
2.5 8.949652e+03 8.991530e+03 9.002635e+03 8.960757e+03
3.5 9.001777e+03 8.993064e+03 9.001325e+03 9.010038e+03
4.5 9.020031e+03 8.994450e+03 8.997566e+03 9.023147e+03
5.5 8.989069e+03 9.004269e+03 8.994852e+03 8.979653e+03
6.5 9.038809e+03 9.004354e+03 8.993517e+03 9.027973e+03
7.5 8.965333e+03 9.009381e+03 8.993000e+03 8.948951e+03
8.5 8.971706e+03 9.010939e+03 8.992962e+03 8.953728e+03
9.5 8.997354e+03 9.000248e+03 8.993148e+03 8.990254e+03
10.5 8.971175e+03 8.986872e+03 8.993379e+03 8.977682e+03
11.5 8.957987e+03 8.977529e+03 8.993556e+03 8.974014e+03
12.5 8.955895e+03 8.976060e+03 8.993666e+03 8.973502e+03
13.5 8.967204e+03 8.978566e+03 8.993944e+03 8.982583e+03
14.5 8.939512e+03 8.985895e+03 8.998951e+03 8.952568e+03
15.5 9.003163e+03 8.991798e+03 9.002930e+03 9.014296e+03
16.5 8.991552e+03 9.005453e+03 9.000425e+03 8.986524e+03
17.5 9.050199e+03 9.028747e+03 8.996804e+03 9.018257e+03
0.8 8.967204e+03 8.978566e+03 8.993944e+03 8.982583e+03
1.8 8.939512e+03 8.985895e+03 8.998951e+03 8.952568e+03
2.8 9.003163e+03 8.991798e+03 9.002930e+03 9.014296e+03
3.8 8.991552e+03 9.005453e+03 9.000425e+03 8.986524e+03
4.8 9.050199e+03 9.028747e+03 8.996804e+03 9.018257e+03
5.8 9.079130e+03 9.022398e+03 8.994479e+03 9.051211e+03
6.8 9.014743e+03 9.008982e+03 8.993403e+03 8.999163e+03
7.8 8.998901e+03 9.011578e+03 8.993042e+03 8.980365e+03
8.8 8.991965e+03 9.003967e+03 8.993098e+03 8.981095e+03
9.8 9.028997e+03 8.990034e+03 8.993320e+03 9.032283e+03
10.8 9.039965e+03 8.977142e+03 8.993556e+03 9.056378e+03
11.8 9.042706e+03 8.972158e+03 8.993727e+03 9.064275e+03
12.8 9.012995e+03 8.973791e+03 8.993838e+03 9.033042e+03
13.8 8.945836e+03 8.978705e+03 8.995806e+03 8.962937e+03
14.8 8.972559e+03 8.987241e+03 9.002023e+03 8.987340e+03
15.8 8.999138e+03 8.993049e+03 9.002334e+03 9.008423e+03
16.8 9.018776e+03 9.015418e+03 8.998693e+03 9.002050e+03
17.8 9.021628e+03 9.022125e+03 8.995627e+03 8.995129e+03
0.3 9.012995e+03 8.973791e+03 8.993838e+03 9.033042e+03
1.3 8.945836e+03 8.978705e+03 8.995806e+03 8.962937e+03
2.3 8.972559e+03 8.987241e+03 9.002023e+03 8.987340e+03
3.3 8.999138e+03 8.993049e+03 9.002334e+03 9.008423e+03
4.3 9.018776e+03 9.015418e+03 8.998693e+03 9.002050e+03
5.3 9.021628e+03 9.022125e+03 8.995627e+03 8.995129e+03
6.3 8.951800e+03 8.991699e+03 8.994037e+03 8.954138e+03
7.3 8.958612e+03 8.955532e+03 8.993375e+03 8.996455e+03
8.3 8.930419e+03 8.956638e+03 8.993265e+03 8.967046e+03
9.3 8.995668e+03 8.982025e+03 8.993437e+03 9.007081e+03
10.3 8.979270e+03 8.994950e+03 8.993691e+03 8.978012e+03
11.3 8.958734e+03 8.994718e+03 8.993903e+03 8.957919e+03
12.3 8.955006e+03 9.004719e+03 8.994049e+03 8.944336e+03
13.3 8.997800e+03 9.006722e+03 8.994140e+03 8.985218e+03
14.3 9.027232e+03 9.019558e+03 8.994195e+03 9.001869e+03
15.3 9.072439e+03 9.027859e+03 8.994232e+03 9.038812e+03
16.3 9.008124e+03 9.018482e+03 8.994261e+03 8.983903e+03
17.3 8.962344e+03 9.015799e+03 8.994287e+03 8.940832e+03
