0.2 9.557412e+03 9.535307e+03 9.533716e+03 9.555821e+03
1.2 9.529447e+03 9.533528e+03 9.530096e+03 9.526015e+03
2.2 9.551174e+03 9.522137e+03 9.517359e+03 9.546397e+03
3.2 9.508018e+03 9.522089e+03 9.516434e+03 9.502363e+03
4.2 9.536297e+03 9.530006e+03 9.523932e+03 9.530223e+03
5.2 9.500808e+03 9.536519e+03 9.530370e+03 9.494658e+03
6.2 9.559131e+03 9.538235e+03 9.533756e+03 9.554652e+03
7.2 9.523435e+03 9.531045e+03 9.535211e+03 9.527601e+03
8.2 9.550865e+03 9.528875e+03 9.535517e+03 9.557507e+03
9.2 9.583083e+03 9.544210e+03 9.535228e+03 9.574101e+03
10.2 9.589145e+03 9.562719e+03 9.534763e+03 9.561188e+03
11.2 9.618193e+03 9.560074e+03 9.534380e+03 9.592499e+03
12.2 9.614167e+03 9.546503e+03 9.534134e+03 9.601798e+03
13.2 9.546241e+03 9.527141e+03 9.534000e+03 9.553100e+03
14.2 9.504053e+03 9.521215e+03 9.533942e+03 9.516780e+03
15.2 9.489781e+03 9.519530e+03 9.533919e+03 9.504171e+03
16.2 9.490459e+03 9.522027e+03 9.533913e+03 9.502345e+03
17.2 9.496859e+03 9.529881e+03 9.533915e+03 9.500893e+03
0.2 9.528308e+03 9.527815e+03 9.533955e+03 9.534448e+03
1.2 9.567183e+03 9.528310e+03 9.530840e+03 9.569712e+03
2.2 9.551049e+03 9.520492e+03 9.517795e+03 9.548352e+03
3.2 9.543961e+03 9.522092e+03 9.516357e+03 9.538226e+03
4.2 9.538380e+03 9.529154e+03 9.523917e+03 9.533142e+03
5.2 9.547812e+03 9.523976e+03 9.530297e+03 9.554133e+03
6.2 9.491844e+03 9.522438e+03 9.533796e+03 9.503201e+03
7.2 9.525413e+03 9.532973e+03 9.535336e+03 9.527776e+03
8.2 9.537105e+03 9.544461e+03 9.535657e+03 9.528302e+03
9.2 9.561100e+03 9.542570e+03 9.535368e+03 9.553898e+03
10.2 9.522888e+03 9.528492e+03 9.534909e+03 9.529305e+03
11.2 9.512851e+03 9.526057e+03 9.534517e+03 9.521311e+03
12.2 9.507456e+03 9.536557e+03 9.534260e+03 9.505159e+03
13.2 9.563936e+03 9.544358e+03 9.534128e+03 9.553705e+03
14.2 9.547523e+03 9.539541e+03 9.534068e+03 9.542050e+03
15.2 9.514396e+03 9.533251e+03 9.534048e+03 9.515193e+03
16.2 9.519357e+03 9.527482e+03 9.534045e+03 9.525920e+03
17.2 9.485458e+03 9.504564e+03 9.534050e+03 9.514944e+03
0.8 9.542603e+03 9.530668e+03 9.533815e+03 9.545750e+03
1.8 9.571932e+03 9.525056e+03 9.523331e+03 9.570207e+03
2.8 9.522302e+03 9.520434e+03 9.515571e+03 9.517439e+03
3.8 9.528059e+03 9.527150e+03 9.520962e+03 9.521870e+03
4.8 9.523869e+03 9.529551e+03 9.528561e+03 9.522879e+03
5.8 9.491363e+03 9.527453e+03 9.533163e+03 9.497073e+03
6.8 9.547405e+03 9.531707e+03 9.535377e+03 9.551075e+03
7.8 9.543520e+03 9.524885e+03 9.536141e+03 9.554776e+03
8.8 9.470652e+03 9.505204e+03 9.536063e+03 9.501510e+03
9.8 9.516568e+03 9.510707e+03 9.535644e+03 9.541505e+03
10.8 9.529201e+03 9.523559e+03 9.535226e+03 9.540869e+03
11.8 9.544067e+03 9.522661e+03 9.534930e+03 9.556335e+03
12.8 9.516004e+03 9.523814e+03 9.534762e+03 9.526951e+03
13.8 9.529831e+03 9.525914e+03 9.534691e+03 9.538607e+03
14.8 9.563651e+03 9.527934e+03 9.534671e+03 9.570388e+03
15.8 9.545855e+03 9.534433e+03 9.534677e+03 9.546099e+03
16.8 9.518397e+03 9.540047e+03 9.534692e+03 9.513042e+03
17.8 9.549708e+03 9.542711e+03 9.534711e+03 9.541708e+03
0.5 9.510243e+03 9.529820e+03 9.534769e+03 9.515192e+03
1.5 9.518984e+03 9.521798e+03 9.527733e+03 9.524919e+03
2.5 9.517567e+03 9.515577e+03 9.516610e+03 9.518600e+03
3.5 9.489132e+03 9.522464e+03 9.519303e+03 9.485971e+03
4.5 9.503609e+03 9.529367e+03 9.527030e+03 9.501271e+03
5.5 9.490273e+03 9.526039e+03 9.532608e+03 9.496843e+03
6.5 9.557567e+03 9.528007e+03 9.535353e+03 9.564912e+03
7.5 9.565557e+03 9.528073e+03 9.536415e+03 9.573900e+03
8.5 9.537736e+03 9.528776e+03 9.536494e+03 9.545453e+03
9.5 9.553032e+03 9.534343e+03 9.536111e+03 9.554800e+03
10.5 9.543922e+03 9.533126e+03 9.535636e+03 9.546432e+03
11.5 9.481239e+03 9.527129e+03 9.535274e+03 9.489384e+03
12.5 9.462769e+03 9.530032e+03 9.535046e+03 9.467783e+03
13.5 9.523935e+03 9.536087e+03 9.534475e+03 9.522323e+03
14.5 9.514896e+03 9.530049e+03 9.524182e+03 9.509029e+03
15.5 9.533360e+03 9.523666e+03 9.516003e+03 9.525696e+03
16.5 9.521065e+03 9.521962e+03 9.521153e+03 9.520255e+03
17.5 9.532909e+03 9.516403e+03 9.528596e+03 9.545102e+03
0.8 9.523935e+03 9.536087e+03 9.534475e+03 9.522323e+03
1.8 9.514896e+03 9.530049e+03 9.524182e+03 9.509029e+03
2.8 9.533360e+03 9.523666e+03 9.516003e+03 9.525696e+03
3.8 9.521065e+03 9.521962e+03 9.521153e+03 9.520255e+03
4.8 9.532909e+03 9.516403e+03 9.528596e+03 9.545102e+03
5.8 9.576947e+03 9.522614e+03 9.533376e+03 9.587709e+03
6.8 9.587024e+03 9.536891e+03 9.535588e+03 9.585721e+03
7.8 9.606977e+03 9.554708e+03 9.536329e+03 9.588598e+03
8.8 9.540517e+03 9.557499e+03 9.536214e+03 9.519233e+03
9.8 9.611061e+03 9.549741e+03 9.535758e+03 9.597078e+03
10.8 9.512108e+03 9.534016e+03 9.535274e+03 9.513366e+03
11.8 9.589888e+03 9.526908e+03 9.534921e+03 9.597900e+03
12.8 9.592120e+03 9.530670e+03 9.534694e+03 9.596143e+03
13.8 9.505965e+03 9.532025e+03 9.530648e+03 9.504588e+03
14.8 9.517625e+03 9.522805e+03 9.517868e+03 9.512688e+03
15.8 9.487310e+03 9.522137e+03 9.517230e+03 9.482403e+03
16.8 9.510812e+03 9.518130e+03 9.524714e+03 9.517396e+03
17.8 9.531385e+03 9.519756e+03 9.531017e+03 9.542646e+03
0.3 9.592120e+03 9.530670e+03 9.534694e+03 9.596143e+03
1.3 9.505965e+03 9.532025e+03 9.530648e+03 9.504588e+03
2.3 9.517625e+03 9.522805e+03 9.517868e+03 9.512688e+03
3.3 9.487310e+03 9.522137e+03 9.517230e+03 9.482403e+03
4.3 9.510812e+03 9.518130e+03 9.524714e+03 9.517396e+03
5.3 9.531385e+03 9.519756e+03 9.531017e+03 9.542646e+03
6.3 9.514634e+03 9.532559e+03 9.534284e+03 9.516359e+03
7.3 9.578126e+03 9.545089e+03 9.535644e+03 9.568681e+03
8.3 9.572526e+03 9.544650e+03 9.535872e+03 9.563748e+03
9.3 9.498029e+03 9.530885e+03 9.535517e+03 9.502660e+03
10.3 9.505971e+03 9.525690e+03 9.534995e+03 9.515276e+03
11.3 9.513393e+03 9.529551e+03 9.534559e+03 9.518401e+03
12.3 9.488196e+03 9.527190e+03 9.534260e+03 9.495266e+03
13.3 9.483009e+03 9.527558e+03 9.534072e+03 9.489524e+03
14.3 9.477077e+03 9.522102e+03 9.533960e+03 9.488935e+03
15.3 9.520973e+03 9.518292e+03 9.533883e+03 9.536564e+03
16.3 9.548045e+03 9.530681e+03 9.533823e+03 9.551188e+03
17.3 9.566984e+03 9.549758e+03 9.533770e+03 9.550996e+03
