0.4 1.002958e+04 9.995325e+03 1.001672e+04 1.005097e+04
1.4 1.005228e+04 1.000788e+04 1.003031e+04 1.007471e+04
2.4 1.007986e+04 1.004190e+04 1.006532e+04 1.010328e+04
3.4 1.003699e+04 1.004117e+04 1.006555e+04 1.006138e+04
4.4 1.001753e+04 1.001899e+04 1.004431e+04 1.004285e+04
5.4 1.001874e+04 1.000895e+04 1.002680e+04 1.003659e+04
6.4 1.001613e+04 1.001926e+04 1.001782e+04 1.001468e+04
7.4 9.998903e+03 1.002552e+04 1.001417e+04 9.987552e+03
8.4 1.005138e+04 1.005492e+04 1.001366e+04 1.001012e+04
9.4 9.976587e+03 1.005276e+04 1.001475e+04 9.938586e+03
10.4 1.002651e+04 1.004758e+04 1.001627e+04 9.995199e+03
11.4 9.977102e+03 1.004236e+04 1.001794e+04 9.952681e+03
12.4 1.002303e+04 1.003893e+04 1.004015e+04 1.002426e+04
13.4 1.005776e+04 1.004784e+04 1.007259e+04 1.008251e+04
14.4 1.000821e+04 1.002809e+04 1.006478e+04 1.004491e+04
15.4 1.001627e+04 1.002208e+04 1.004192e+04 1.003612e+04
16.4 1.004018e+04 1.006084e+04 1.002618e+04 1.000552e+04
17.4 1.003439e+04 1.006369e+04 1.001821e+04 9.988909e+03
0.7 9.977102e+03 1.004236e+04 1.001794e+04 9.952681e+03
1.7 1.002303e+04 1.003893e+04 1.004015e+04 1.002426e+04
2.7 1.005776e+04 1.004784e+04 1.007259e+04 1.008251e+04
3.7 1.000821e+04 1.002809e+04 1.006478e+04 1.004491e+04
4.7 1.001627e+04 1.002208e+04 1.004192e+04 1.003612e+04
5.7 1.004018e+04 1.006084e+04 1.002618e+04 1.000552e+04
6.7 1.003439e+04 1.006369e+04 1.001821e+04 9.988909e+03
7.7 1.003478e+04 1.006706e+04 1.001514e+04 9.982872e+03
8.7 1.006707e+04 1.004588e+04 1.001503e+04 1.003622e+04
9.7 1.003898e+04 1.001026e+04 1.001626e+04 1.004498e+04
10.7 1.005294e+04 9.996330e+03 1.001768e+04 1.007429e+04
11.7 1.004806e+04 1.002031e+04 1.001878e+04 1.004654e+04
12.7 9.993646e+03 1.002010e+04 1.001950e+04 9.993045e+03
13.7 9.945650e+03 1.000090e+04 1.001988e+04 9.964630e+03
14.7 9.958850e+03 9.985961e+03 1.002008e+04 9.992970e+03
15.7 9.968930e+03 9.987671e+03 1.002018e+04 1.000144e+04
16.7 1.001055e+04 1.003193e+04 1.002024e+04 9.998867e+03
17.7 1.007710e+04 1.004629e+04 1.002028e+04 1.005110e+04
0.8 9.965203e+03 9.985481e+03 1.002181e+04 1.000154e+04
1.8 1.000814e+04 1.000198e+04 1.005015e+04 1.005630e+04
2.8 1.002741e+04 1.002758e+04 1.007874e+04 1.007857e+04
3.8 1.000248e+04 1.002126e+04 1.006554e+04 1.004676e+04
4.8 1.003638e+04 1.002138e+04 1.004194e+04 1.005694e+04
5.8 1.006084e+04 1.001742e+04 1.002595e+04 1.006937e+04
6.8 1.002818e+04 1.004942e+04 1.001834e+04 9.997098e+03
7.8 1.004268e+04 1.005924e+04 1.001559e+04 9.999029e+03
8.8 9.992377e+03 1.002863e+04 1.001572e+04 9.979464e+03
9.8 1.005179e+04 1.002535e+04 1.001704e+04 1.004347e+04
10.8 1.003884e+04 1.002865e+04 1.001853e+04 1.002872e+04
11.8 9.992131e+03 1.000890e+04 1.001963e+04 1.000285e+04
12.8 1.003606e+04 1.001808e+04 1.002032e+04 1.003831e+04
13.8 1.007580e+04 1.003889e+04 1.002070e+04 1.005761e+04
14.8 1.008129e+04 1.003092e+04 1.002091e+04 1.007127e+04
15.8 1.007616e+04 1.004033e+04 1.002103e+04 1.005685e+04
16.8 1.006592e+04 1.002867e+04 1.002112e+04 1.005837e+04
17.8 1.002014e+04 1.000668e+04 1.002657e+04 1.004004e+04
0.1 1.006592e+04 1.002867e+04 1.002112e+04 1.005837e+04
1.1 1.002014e+04 1.000668e+04 1.002657e+04 1.004004e+04
2.1 1.003965e+04 1.002367e+04 1.006258e+04 1.007856e+04
3.1 1.004210e+04 1.002986e+04 1.007735e+04 1.008959e+04
4.1 1.002937e+04 1.001936e+04 1.005764e+04 1.006765e+04
5.1 1.003336e+04 1.001729e+04 1.003654e+04 1.005262e+04
6.1 9.999687e+03 1.001569e+04 1.003741e+04 1.002141e+04
7.1 1.000292e+04 1.003638e+04 1.006892e+04 1.003546e+04
8.1 9.965701e+03 1.002973e+04 1.006896e+04 1.000493e+04
9.1 1.005326e+04 1.002162e+04 1.004656e+04 1.007821e+04
10.1 1.002689e+04 1.001566e+04 1.002927e+04 1.004050e+04
11.1 1.002888e+04 1.002498e+04 1.002036e+04 1.002426e+04
12.1 1.001580e+04 1.003381e+04 1.001713e+04 9.999116e+03
13.1 1.001955e+04 1.002175e+04 1.001694e+04 1.001475e+04
14.1 1.004022e+04 1.002903e+04 1.001827e+04 1.002947e+04
15.1 1.000956e+04 1.001873e+04 1.001991e+04 1.001075e+04
16.1 9.976626e+03 1.000352e+04 1.002129e+04 9.994402e+03
17.1 1.000623e+04 1.003741e+04 1.002220e+04 9.991013e+03
0.4 1.003336e+04 1.001729e+04 1.003654e+04 1.005262e+04
1.4 9.999687e+03 1.001569e+04 1.003741e+04 1.002141e+04
2.4 1.000292e+04 1.003638e+04 1.006892e+04 1.003546e+04
3.4 9.965701e+03 1.002973e+04 1.006896e+04 1.000493e+04
4.4 1.005326e+04 1.002162e+04 1.004656e+04 1.007821e+04
5.4 1.002689e+04 1.001566e+04 1.002927e+04 1.004050e+04
6.4 1.002888e+04 1.002498e+04 1.002036e+04 1.002426e+04
7.4 1.001580e+04 1.003381e+04 1.001713e+04 9.999116e+03
8.4 1.001955e+04 1.002175e+04 1.001694e+04 1.001475e+04
9.4 1.004022e+04 1.002903e+04 1.001827e+04 1.002947e+04
10.4 1.000956e+04 1.001873e+04 1.001991e+04 1.001075e+04
11.4 9.976626e+03 1.000352e+04 1.002129e+04 9.994402e+03
12.4 1.000623e+04 1.003741e+04 1.002220e+04 9.991013e+03
13.4 1.007823e+04 1.005019e+04 1.002274e+04 1.005078e+04
14.4 1.006725e+04 1.004906e+04 1.002307e+04 1.004125e+04
15.4 1.005245e+04 1.006206e+04 1.002327e+04 1.001366e+04
16.4 1.003178e+04 1.005297e+04 1.002342e+04 1.000223e+04
17.4 1.002081e+04 1.006408e+04 1.002355e+04 9.980271e+03
0.7 1.000774e+04 1.001814e+04 1.002024e+04 1.000983e+04
1.7 1.000782e+04 1.002351e+04 1.004240e+04 1.002671e+04
2.7 1.005838e+04 1.004290e+04 1.008116e+04 1.009664e+04
3.7 1.006593e+04 1.002633e+04 1.007512e+04 1.011471e+04
4.7 1.006668e+04 1.001573e+04 1.004828e+04 1.009923e+04
5.7 1.010836e+04 1.005103e+04 1.002765e+04 1.008498e+04
6.7 1.006037e+04 1.004063e+04 1.001714e+04 1.003688e+04
7.7 1.003350e+04 1.001569e+04 1.001280e+04 1.003062e+04
8.7 1.006195e+04 1.004202e+04 1.001207e+04 1.003200e+04
9.7 1.006776e+04 1.004902e+04 1.001308e+04 1.003182e+04
10.7 1.001935e+04 1.001572e+04 1.001449e+04 1.001812e+04
11.7 1.000484e+04 9.995709e+03 1.001554e+04 1.002468e+04
12.7 1.002285e+04 1.001417e+04 1.001612e+04 1.002480e+04
13.7 1.001006e+04 1.001562e+04 1.002223e+04 1.001667e+04
14.7 1.002564e+04 1.003176e+04 1.005931e+04 1.005318e+04
15.7 1.000752e+04 1.003107e+04 1.007351e+04 1.004996e+04
16.7 1.005668e+04 1.001700e+04 1.005299e+04 1.009267e+04
17.7 9.997273e+03 1.001103e+04 1.003101e+04 1.001726e+04
0.2 1.002285e+04 1.001417e+04 1.001612e+04 1.002480e+04
1.2 1.001006e+04 1.001562e+04 1.002223e+04 1.001667e+04
2.2 1.002564e+04 1.003176e+04 1.005931e+04 1.005318e+04
3.2 1.000752e+04 1.003107e+04 1.007351e+04 1.004996e+04
4.2 1.005668e+04 1.001700e+04 1.005299e+04 1.009267e+04
5.2 9.997273e+03 1.001103e+04 1.003101e+04 1.001726e+04
6.2 1.001534e+04 1.001185e+04 1.001778e+04 1.002127e+04
7.2 1.003641e+04 1.006087e+04 1.001182e+04 9.987353e+03
8.2 1.006896e+04 1.006801e+04 1.000998e+04 1.001092e+04
9.2 1.006280e+04 1.003295e+04 1.001043e+04 1.004028e+04
10.2 1.007008e+04 1.002962e+04 1.001168e+04 1.005214e+04
11.2 9.956607e+03 1.002075e+04 1.001577e+04 9.951628e+03
12.2 9.997068e+03 1.002893e+04 1.005116e+04 1.001930e+04
13.2 1.000797e+04 1.003568e+04 1.007752e+04 1.004981e+04
14.2 1.002260e+04 1.003440e+04 1.006026e+04 1.004846e+04
15.2 1.007984e+04 1.006131e+04 1.003509e+04 1.005362e+04
16.2 1.002084e+04 1.004141e+04 1.001870e+04 9.998125e+03
17.2 9.983263e+03 1.000220e+04 1.001103e+04 9.992091e+03
1.0 9.956607e+03 1.002075e+04 1.001577e+04 9.951628e+03
2.0 9.997068e+03 1.002893e+04 1.005116e+04 1.001930e+04
3.0 1.000797e+04 1.003568e+04 1.007752e+04 1.004981e+04
4.0 1.002260e+04 1.003440e+04 1.006026e+04 1.004846e+04
5.0 1.007984e+04 1.006131e+04 1.003509e+04 1.005362e+04
6.0 1.002084e+04 1.004141e+04 1.001870e+04 9.998125e+03
7.0 9.983263e+03 1.000220e+04 1.001103e+04 9.992091e+03
8.0 9.980656e+03 9.985193e+03 1.001807e+04 1.001353e+04
9.0 1.000382e+04 1.001499e+04 1.005960e+04 1.004842e+04
10.0 1.005352e+04 1.002227e+04 1.007133e+04 1.010258e+04
11.0 1.006005e+04 9.999568e+03 1.004887e+04 1.010935e+04
12.0 9.992802e+03 9.994526e+03 1.002718e+04 1.002546e+04
13.0 1.000816e+04 1.004157e+04 1.001463e+04 9.981222e+03
14.0 1.004021e+04 1.005072e+04 1.000927e+04 9.998767e+03
15.0 1.002836e+04 1.006339e+04 1.000799e+04 9.972953e+03
16.0 1.005713e+04 1.005555e+04 1.000892e+04 1.001051e+04
17.0 1.009489e+04 1.003691e+04 1.001055e+04 1.006853e+04
18.0 1.003372e+04 1.002750e+04 1.001219e+04 1.001841e+04
0.3 9.983263e+03 1.000220e+04 1.001103e+04 9.992091e+03
1.3 9.980656e+03 9.985193e+03 1.001807e+04 1.001353e+04
2.3 1.000382e+04 1.001499e+04 1.005960e+04 1.004842e+04
3.3 1.005352e+04 1.002227e+04 1.007133e+04 1.010258e+04
4.3 1.006005e+04 9.999568e+03 1.004887e+04 1.010935e+04
5.3 9.992802e+03 9.994526e+03 1.002718e+04 1.002546e+04
6.3 1.000816e+04 1.004157e+04 1.001463e+04 9.981222e+03
7.3 1.004021e+04 1.005072e+04 1.000927e+04 9.998767e+03
8.3 1.002836e+04 1.006339e+04 1.000799e+04 9.972953e+03
9.3 1.005713e+04 1.005555e+04 1.000892e+04 1.001051e+04
10.3 1.009489e+04 1.003691e+04 1.001055e+04 1.006853e+04
11.3 1.003372e+04 1.002750e+04 1.001219e+04 1.001841e+04
12.3 1.001524e+04 1.001937e+04 1.003073e+04 1.002660e+04
13.3 1.002898e+04 1.003927e+04 1.007495e+04 1.006465e+04
14.3 1.006227e+04 1.003338e+04 1.007649e+04 1.010538e+04
15.3 1.008980e+04 1.005519e+04 1.004945e+04 1.008406e+04
16.3 1.012339e+04 1.005721e+04 1.002650e+04 1.009268e+04
17.3 1.007578e+04 1.001942e+04 1.001455e+04 1.007090e+04
0.5 1.003372e+04 1.002750e+04 1.001219e+04 1.001841e+04
1.5 1.001524e+04 1.001937e+04 1.003073e+04 1.002660e+04
2.5 1.002898e+04 1.003927e+04 1.007495e+04 1.006465e+04
3.5 1.006227e+04 1.003338e+04 1.007649e+04 1.010538e+04
4.5 1.008980e+04 1.005519e+04 1.004945e+04 1.008406e+04
5.5 1.012339e+04 1.005721e+04 1.002650e+04 1.009268e+04
6.5 1.007578e+04 1.001942e+04 1.001455e+04 1.007090e+04
7.5 1.006137e+04 9.986745e+03 1.001094e+04 1.008557e+04
8.5 1.006643e+04 1.000144e+04 1.004282e+04 1.010781e+04
9.5 1.006884e+04 1.004238e+04 1.009122e+04 1.011767e+04
10.5 1.000876e+04 1.003332e+04 1.008422e+04 1.005966e+04
11.5 9.943153e+03 1.000223e+04 1.005149e+04 9.992421e+03
12.5 9.969547e+03 9.996257e+03 1.002686e+04 1.000015e+04
13.5 9.956982e+03 9.998455e+03 1.001393e+04 9.972462e+03
14.5 9.944681e+03 9.986931e+03 1.000922e+04 9.966974e+03
15.5 9.981072e+03 1.000622e+04 1.000907e+04 9.983921e+03
16.5 1.004578e+04 1.005191e+04 1.001107e+04 1.000493e+04
17.5 1.005183e+04 1.004986e+04 1.001351e+04 1.001547e+04
0.9 1.006137e+04 9.986745e+03 1.001094e+04 1.008557e+04
1.9 1.006643e+04 1.000144e+04 1.004282e+04 1.010781e+04
2.9 1.006884e+04 1.004238e+04 1.009122e+04 1.011767e+04
3.9 1.000876e+04 1.003332e+04 1.008422e+04 1.005966e+04
4.9 9.943153e+03 1.000223e+04 1.005149e+04 9.992421e+03
5.9 9.969547e+03 9.996257e+03 1.002686e+04 1.000015e+04
6.9 9.956982e+03 9.998455e+03 1.001393e+04 9.972462e+03
7.9 9.944681e+03 9.986931e+03 1.000922e+04 9.966974e+03
8.9 9.981072e+03 1.000622e+04 1.000907e+04 9.983921e+03
9.9 1.004578e+04 1.005191e+04 1.001107e+04 1.000493e+04
10.9 1.005183e+04 1.004986e+04 1.001351e+04 1.001547e+04
11.9 1.008914e+04 1.006287e+04 1.001555e+04 1.004181e+04
12.9 1.005552e+04 1.005320e+04 1.001981e+04 1.002213e+04
13.9 1.001136e+04 1.004942e+04 1.005649e+04 1.001843e+04
14.9 1.002715e+04 1.004458e+04 1.008194e+04 1.006451e+04
15.9 9.965624e+03 1.001357e+04 1.006504e+04 1.001709e+04
16.9 1.004772e+04 1.002201e+04 1.003977e+04 1.006547e+04
17.9 9.999577e+03 1.005031e+04 1.002438e+04 9.973653e+03
1.0 1.005552e+04 1.005320e+04 1.001981e+04 1.002213e+04
2.0 1.001136e+04 1.004942e+04 1.005649e+04 1.001843e+04
3.0 1.002715e+04 1.004458e+04 1.008194e+04 1.006451e+04
4.0 9.965624e+03 1.001357e+04 1.006504e+04 1.001709e+04
5.0 1.004772e+04 1.002201e+04 1.003977e+04 1.006547e+04
6.0 9.999577e+03 1.005031e+04 1.002438e+04 9.973653e+03
7.0 1.000887e+04 1.005179e+04 1.001708e+04 9.974163e+03
8.0 1.006772e+04 1.006722e+04 1.001502e+04 1.001552e+04
9.0 1.003043e+04 1.004344e+04 1.001576e+04 1.000276e+04
10.0 9.985167e+03 1.001549e+04 1.001770e+04 9.987372e+03
11.0 1.005290e+04 1.003787e+04 1.001966e+04 1.003469e+04
12.0 9.987421e+03 1.003142e+04 1.002123e+04 9.977229e+03
13.0 9.960885e+03 1.000100e+04 1.002233e+04 9.982213e+03
14.0 9.948691e+03 9.985314e+03 1.002313e+04 9.986509e+03
15.0 1.004162e+04 1.002587e+04 1.002377e+04 1.003951e+04
16.0 1.005181e+04 1.004598e+04 1.002432e+04 1.003015e+04
17.0 1.004652e+04 1.003962e+04 1.002484e+04 1.003175e+04
18.0 1.005862e+04 1.004107e+04 1.002535e+04 1.004290e+04
