0.3 9.449251e+03 9.487202e+03 9.491506e+03 9.453555e+03
1.3 9.438531e+03 9.501405e+03 9.499167e+03 9.436293e+03
2.3 9.452009e+03 9.524080e+03 9.518964e+03 9.446893e+03
3.3 9.493515e+03 9.524327e+03 9.518501e+03 9.487689e+03
4.3 9.485208e+03 9.511913e+03 9.506122e+03 9.479417e+03
5.3 9.521446e+03 9.501577e+03 9.496599e+03 9.516469e+03
6.3 9.466344e+03 9.495350e+03 9.491475e+03 9.462469e+03
7.3 9.532691e+03 9.488346e+03 9.489452e+03 9.533798e+03
8.3 9.538329e+03 9.472925e+03 9.489154e+03 9.554558e+03
9.3 9.447346e+03 9.472166e+03 9.489733e+03 9.464913e+03
10.3 9.472018e+03 9.481417e+03 9.490517e+03 9.481118e+03
11.3 9.455306e+03 9.489398e+03 9.491184e+03 9.457092e+03
12.3 9.506122e+03 9.492688e+03 9.491614e+03 9.505049e+03
13.3 9.487586e+03 9.489254e+03 9.491868e+03 9.490200e+03
14.3 9.519810e+03 9.488392e+03 9.492015e+03 9.523432e+03
15.3 9.549232e+03 9.509135e+03 9.492104e+03 9.532202e+03
16.3 9.523087e+03 9.535046e+03 9.492168e+03 9.480209e+03
17.3 9.622133e+03 9.528187e+03 9.492221e+03 9.586167e+03
0.3 9.551125e+03 9.488058e+03 9.490773e+03 9.553840e+03
1.3 9.544902e+03 9.499946e+03 9.497839e+03 9.542795e+03
2.3 9.575588e+03 9.522728e+03 9.518002e+03 9.570862e+03
3.3 9.481206e+03 9.522931e+03 9.517422e+03 9.475697e+03
4.3 9.548226e+03 9.510755e+03 9.505223e+03 9.542693e+03
5.3 9.453084e+03 9.501079e+03 9.495281e+03 9.447286e+03
6.3 9.568405e+03 9.495709e+03 9.490119e+03 9.562815e+03
7.3 9.525364e+03 9.492699e+03 9.487892e+03 9.520557e+03
8.3 9.459268e+03 9.487119e+03 9.487472e+03 9.459621e+03
9.3 9.459466e+03 9.472590e+03 9.487913e+03 9.474789e+03
10.3 9.431006e+03 9.471915e+03 9.488594e+03 9.447685e+03
11.3 9.472166e+03 9.477885e+03 9.489129e+03 9.483410e+03
12.3 9.491182e+03 9.484322e+03 9.489454e+03 9.496314e+03
13.3 9.429915e+03 9.494455e+03 9.489589e+03 9.425049e+03
14.3 9.599854e+03 9.504096e+03 9.489618e+03 9.585376e+03
15.3 9.518380e+03 9.501481e+03 9.489594e+03 9.506492e+03
16.3 9.451051e+03 9.489573e+03 9.489545e+03 9.451023e+03
17.3 9.467929e+03 9.484112e+03 9.489489e+03 9.473306e+03
0.4 9.494416e+03 9.486434e+03 9.489244e+03 9.497226e+03
1.4 9.498899e+03 9.497628e+03 9.497816e+03 9.499088e+03
2.4 9.554670e+03 9.519324e+03 9.517092e+03 9.552437e+03
3.4 9.535167e+03 9.518726e+03 9.515244e+03 9.531685e+03
4.4 9.488489e+03 9.506810e+03 9.502967e+03 9.484646e+03
5.4 9.508404e+03 9.496391e+03 9.493446e+03 9.505459e+03
6.4 9.419582e+03 9.487804e+03 9.488616e+03 9.420394e+03
7.4 9.522230e+03 9.484658e+03 9.486640e+03 9.524212e+03
8.4 9.481461e+03 9.486139e+03 9.486349e+03 9.481671e+03
9.4 9.609502e+03 9.493789e+03 9.492261e+03 9.607974e+03
10.4 9.481089e+03 9.516243e+03 9.513736e+03 9.478582e+03
11.4 9.474434e+03 9.519041e+03 9.516042e+03 9.471435e+03
12.4 9.501882e+03 9.508271e+03 9.504596e+03 9.498206e+03
13.4 9.476095e+03 9.497969e+03 9.494460e+03 9.472586e+03
14.4 9.477656e+03 9.475785e+03 9.489094e+03 9.490965e+03
15.4 9.498349e+03 9.453182e+03 9.486762e+03 9.531929e+03
16.4 9.523713e+03 9.458345e+03 9.486321e+03 9.551690e+03
17.4 9.503498e+03 9.469806e+03 9.486813e+03 9.520505e+03
0.2 9.481461e+03 9.486139e+03 9.486349e+03 9.481671e+03
1.2 9.609502e+03 9.493789e+03 9.492261e+03 9.607974e+03
2.2 9.481089e+03 9.516243e+03 9.513736e+03 9.478582e+03
3.2 9.474434e+03 9.519041e+03 9.516042e+03 9.471435e+03
4.2 9.501882e+03 9.508271e+03 9.504596e+03 9.498206e+03
5.2 9.476095e+03 9.497969e+03 9.494460e+03 9.472586e+03
6.2 9.477656e+03 9.475785e+03 9.489094e+03 9.490965e+03
7.2 9.498349e+03 9.453182e+03 9.486762e+03 9.531929e+03
8.2 9.523713e+03 9.458345e+03 9.486321e+03 9.551690e+03
9.2 9.503498e+03 9.469806e+03 9.486813e+03 9.520505e+03
10.2 9.526887e+03 9.482451e+03 9.489457e+03 9.533892e+03
11.2 9.503604e+03 9.509204e+03 9.509048e+03 9.503449e+03
12.2 9.561395e+03 9.522202e+03 9.518290e+03 9.557483e+03
13.2 9.538429e+03 9.513350e+03 9.508444e+03 9.533522e+03
14.2 9.558173e+03 9.501686e+03 9.497275e+03 9.553762e+03
15.2 9.521339e+03 9.491320e+03 9.490533e+03 9.520552e+03
16.2 9.505786e+03 9.483550e+03 9.487544e+03 9.509781e+03
17.2 9.450185e+03 9.482862e+03 9.486688e+03 9.454011e+03
0.9 9.526887e+03 9.482451e+03 9.489457e+03 9.533892e+03
1.9 9.503604e+03 9.509204e+03 9.509048e+03 9.503449e+03
2.9 9.561395e+03 9.522202e+03 9.518290e+03 9.557483e+03
3.9 9.538429e+03 9.513350e+03 9.508444e+03 9.533522e+03
4.9 9.558173e+03 9.501686e+03 9.497275e+03 9.553762e+03
5.9 9.521339e+03 9.491320e+03 9.490533e+03 9.520552e+03
6.9 9.505786e+03 9.483550e+03 9.487544e+03 9.509781e+03
7.9 9.450185e+03 9.482862e+03 9.486688e+03 9.454011e+03
8.9 9.376006e+03 9.486023e+03 9.487036e+03 9.377019e+03
9.9 9.436539e+03 9.494722e+03 9.487815e+03 9.429632e+03
10.9 9.392275e+03 9.501271e+03 9.488582e+03 9.379587e+03
11.9 9.502287e+03 9.499149e+03 9.489127e+03 9.492266e+03
12.9 9.512234e+03 9.491535e+03 9.489480e+03 9.510179e+03
13.9 9.455879e+03 9.483079e+03 9.489693e+03 9.462493e+03
14.9 9.495689e+03 9.487219e+03 9.489838e+03 9.498308e+03
15.9 9.490958e+03 9.519847e+03 9.489952e+03 9.461063e+03
16.9 9.500387e+03 9.530123e+03 9.490054e+03 9.460318e+03
17.9 9.483244e+03 9.512980e+03 9.490155e+03 9.460420e+03
0.6 9.515072e+03 9.490314e+03 9.490594e+03 9.515353e+03
1.6 9.472098e+03 9.502599e+03 9.504604e+03 9.474102e+03
2.6 9.595507e+03 9.518530e+03 9.520269e+03 9.597246e+03
3.6 9.511449e+03 9.510625e+03 9.513961e+03 9.514785e+03
4.6 9.496593e+03 9.494312e+03 9.501920e+03 9.504201e+03
5.6 9.496899e+03 9.487766e+03 9.493928e+03 9.503062e+03
6.6 9.438891e+03 9.495727e+03 9.489958e+03 9.433121e+03
7.6 9.473954e+03 9.526337e+03 9.488640e+03 9.436258e+03
8.6 9.501329e+03 9.531187e+03 9.488778e+03 9.458920e+03
9.6 9.461721e+03 9.516108e+03 9.489556e+03 9.435169e+03
10.6 9.434816e+03 9.502219e+03 9.490412e+03 9.423010e+03
11.6 9.496427e+03 9.489258e+03 9.491104e+03 9.498272e+03
12.6 9.489373e+03 9.483901e+03 9.491567e+03 9.497039e+03
13.6 9.576879e+03 9.484393e+03 9.491879e+03 9.584365e+03
14.6 9.522077e+03 9.485489e+03 9.492098e+03 9.528687e+03
15.6 9.548854e+03 9.490208e+03 9.492276e+03 9.550921e+03
16.6 9.585059e+03 9.495823e+03 9.492437e+03 9.581673e+03
17.6 9.463774e+03 9.496711e+03 9.492589e+03 9.459652e+03
