0.4 9.839687e+03 9.807909e+03 9.831654e+03 9.863432e+03
1.4 9.778030e+03 9.819402e+03 9.831217e+03 9.789845e+03
2.4 9.939714e+03 9.814918e+03 9.829060e+03 9.953857e+03
3.4 9.723311e+03 9.801364e+03 9.826608e+03 9.748555e+03
4.4 9.704083e+03 9.850471e+03 9.825118e+03 9.678730e+03
5.4 9.717852e+03 9.784679e+03 9.824537e+03 9.757710e+03
6.4 9.913099e+03 9.809280e+03 9.824491e+03 9.928310e+03
7.4 9.882696e+03 9.869604e+03 9.824677e+03 9.837770e+03
8.4 9.747398e+03 9.801679e+03 9.824914e+03 9.770633e+03
9.4 9.999244e+03 9.852464e+03 9.825114e+03 9.971894e+03
10.4 9.833652e+03 9.887387e+03 9.825254e+03 9.771520e+03
11.4 9.878413e+03 9.864524e+03 9.825332e+03 9.839221e+03
12.4 9.964105e+03 9.886810e+03 9.825374e+03 9.902669e+03
13.4 9.854774e+03 9.874862e+03 9.825392e+03 9.805304e+03
14.4 9.763329e+03 9.854722e+03 9.825400e+03 9.734008e+03
15.4 9.899599e+03 9.828762e+03 9.825404e+03 9.896240e+03
16.4 9.854389e+03 9.851311e+03 9.825404e+03 9.828483e+03
17.4 9.822516e+03 9.811541e+03 9.825447e+03 9.836421e+03
18.4 9.876550e+03 9.841704e+03 9.826556e+03 9.861403e+03
19.4 9.773817e+03 9.821278e+03 9.829063e+03 9.781603e+03
20.4 9.907655e+03 9.823245e+03 9.831235e+03 9.915645e+03
21.4 9.812339e+03 9.812325e+03 9.832293e+03 9.832307e+03
22.4 9.715029e+03 9.831183e+03 9.832605e+03 9.716452e+03
23.4 9.774347e+03 9.840860e+03 9.832528e+03 9.766015e+03
24.4 9.880550e+03 9.836497e+03 9.832308e+03 9.876361e+03
25.4 9.891929e+03 9.819550e+03 9.832072e+03 9.904451e+03
26.4 9.848338e+03 9.809509e+03 9.831895e+03 9.870724e+03
27.4 9.891748e+03 9.858111e+03 9.831779e+03 9.865416e+03
28.4 9.842970e+03 9.800604e+03 9.831714e+03 9.874080e+03
29.4 9.812412e+03 9.770338e+03 9.831678e+03 9.873752e+03
30.4 9.712500e+03 9.806217e+03 9.831657e+03 9.737941e+03
31.4 9.827606e+03 9.802575e+03 9.831643e+03 9.856675e+03
32.4 9.810634e+03 9.813639e+03 9.831632e+03 9.828626e+03
33.4 9.810340e+03 9.785881e+03 9.831621e+03 9.856080e+03
