0.1 1.184338e+04 1.183409e+04 1.182604e+04 1.183533e+04
1.1 1.181848e+04 1.185911e+04 1.182691e+04 1.178628e+04
2.1 1.192736e+04 1.191805e+04 1.183559e+04 1.184490e+04
3.1 1.189145e+04 1.184892e+04 1.185011e+04 1.189264e+04
4.1 1.190110e+04 1.184458e+04 1.186034e+04 1.191686e+04
5.1 1.191117e+04 1.183524e+04 1.186500e+04 1.194093e+04
6.1 1.184580e+04 1.184590e+04 1.186611e+04 1.186601e+04
7.1 1.182379e+04 1.185182e+04 1.186549e+04 1.183746e+04
8.1 1.186729e+04 1.182515e+04 1.186428e+04 1.190642e+04
9.1 1.169808e+04 1.183158e+04 1.186318e+04 1.172968e+04
10.1 1.169766e+04 1.182561e+04 1.186241e+04 1.173445e+04
11.1 1.173706e+04 1.182159e+04 1.186196e+04 1.177743e+04
12.1 1.185748e+04 1.180919e+04 1.186177e+04 1.191006e+04
13.1 1.187808e+04 1.181991e+04 1.186173e+04 1.191990e+04
14.1 1.188700e+04 1.183100e+04 1.186176e+04 1.191776e+04
15.1 1.169581e+04 1.182062e+04 1.186183e+04 1.173702e+04
16.1 1.184181e+04 1.181276e+04 1.186191e+04 1.189096e+04
17.1 1.188342e+04 1.182491e+04 1.186199e+04 1.192050e+04
18.1 1.177789e+04 1.184830e+04 1.185891e+04 1.178850e+04
19.1 1.190628e+04 1.186540e+04 1.184675e+04 1.188763e+04
20.1 1.186912e+04 1.188811e+04 1.183359e+04 1.181460e+04
21.1 1.185188e+04 1.192005e+04 1.182578e+04 1.175762e+04
22.1 1.177682e+04 1.185882e+04 1.182307e+04 1.174107e+04
23.1 1.191696e+04 1.183817e+04 1.182304e+04 1.190184e+04
24.1 1.183457e+04 1.182957e+04 1.182417e+04 1.182917e+04
25.1 1.172361e+04 1.184002e+04 1.182555e+04 1.170914e+04
26.1 1.182392e+04 1.183611e+04 1.182673e+04 1.181454e+04
27.1 1.180608e+04 1.184420e+04 1.182753e+04 1.178941e+04
28.1 1.198152e+04 1.184240e+04 1.182804e+04 1.196716e+04
29.1 1.176323e+04 1.184642e+04 1.182833e+04 1.174514e+04
30.1 1.183178e+04 1.184764e+04 1.182852e+04 1.181266e+04
31.1 1.179913e+04 1.184537e+04 1.182866e+04 1.178242e+04
32.1 1.182186e+04 1.184226e+04 1.182877e+04 1.180838e+04
33.1 1.182347e+04 1.184160e+04 1.182888e+04 1.181075e+04
