0.5 2.330032e+03 2.325999e+03 2.327873e+03 2.331907e+03
1.5 2.130128e+03 2.217681e+03 2.324733e+03 2.237181e+03
2.5 2.201011e+03 2.259265e+03 2.310612e+03 2.252358e+03
3.5 2.312565e+03 2.306092e+03 2.295242e+03 2.301715e+03
4.5 2.221834e+03 2.284555e+03 2.285998e+03 2.223278e+03
5.5 2.202227e+03 2.292476e+03 2.282723e+03 2.192474e+03
6.5 2.278159e+03 2.388327e+03 2.282596e+03 2.172427e+03
7.5 2.398626e+03 2.283084e+03 2.283877e+03 2.399419e+03
8.5 2.489594e+03 2.354568e+03 2.285439e+03 2.420465e+03
9.5 2.480451e+03 2.331945e+03 2.286784e+03 2.435291e+03
10.5 2.519444e+03 2.379955e+03 2.287687e+03 2.427176e+03
11.5 2.050381e+03 2.248133e+03 2.288235e+03 2.090483e+03
12.5 2.244405e+03 2.359461e+03 2.288552e+03 2.173495e+03
13.5 2.294875e+03 2.247171e+03 2.288733e+03 2.336436e+03
14.5 2.534682e+03 2.321238e+03 2.288851e+03 2.502295e+03
15.5 2.477517e+03 2.388627e+03 2.288939e+03 2.377829e+03
16.5 2.122285e+03 2.310565e+03 2.289016e+03 2.100736e+03
17.5 2.219989e+03 2.229603e+03 2.289448e+03 2.279834e+03
18.5 2.101744e+03 2.120612e+03 2.297174e+03 2.278306e+03
19.5 2.171700e+03 2.254594e+03 2.313770e+03 2.230876e+03
20.5 2.326480e+03 2.296959e+03 2.326956e+03 2.356477e+03
21.5 2.535672e+03 2.396564e+03 2.333475e+03 2.472582e+03
22.5 2.347127e+03 2.283641e+03 2.335377e+03 2.398863e+03
23.5 2.174125e+03 2.317362e+03 2.334899e+03 2.191661e+03
24.5 2.564268e+03 2.303878e+03 2.333527e+03 2.593917e+03
25.5 2.452946e+03 2.312716e+03 2.332168e+03 2.472398e+03
26.5 2.466839e+03 2.275256e+03 2.331154e+03 2.522738e+03
27.5 2.185016e+03 2.305651e+03 2.330529e+03 2.209894e+03
28.5 2.210577e+03 2.329901e+03 2.330226e+03 2.210902e+03
29.5 2.327279e+03 2.301888e+03 2.330105e+03 2.355495e+03
30.5 2.297418e+03 2.317368e+03 2.330083e+03 2.310133e+03
31.5 2.300470e+03 2.302570e+03 2.330103e+03 2.328003e+03
32.5 2.240195e+03 2.309545e+03 2.330139e+03 2.260789e+03
33.5 2.410624e+03 2.284444e+03 2.330182e+03 2.456361e+03
0.9 2.146589e+03 2.230837e+03 2.330461e+03 2.246212e+03
1.9 2.196163e+03 2.191744e+03 2.322794e+03 2.327213e+03
2.9 2.177975e+03 2.229802e+03 2.306254e+03 2.254427e+03
3.9 2.104315e+03 2.221723e+03 2.293120e+03 2.175712e+03
4.9 2.452910e+03 2.394896e+03 2.286560e+03 2.344574e+03
5.9 2.186422e+03 2.212830e+03 2.284794e+03 2.258386e+03
6.9 2.118645e+03 2.123101e+03 2.285313e+03 2.280857e+03
7.9 2.164829e+03 2.231944e+03 2.286722e+03 2.219606e+03
8.9 2.324401e+03 2.219891e+03 2.288115e+03 2.392626e+03
9.9 2.263725e+03 2.255696e+03 2.289180e+03 2.297209e+03
10.9 2.182416e+03 2.162422e+03 2.289811e+03 2.309805e+03
11.9 2.372240e+03 2.319028e+03 2.290135e+03 2.343348e+03
12.9 2.481642e+03 2.301115e+03 2.290275e+03 2.470802e+03
13.9 2.130019e+03 2.368676e+03 2.290311e+03 2.051654e+03
14.9 2.239072e+03 2.246664e+03 2.290301e+03 2.282710e+03
15.9 2.344820e+03 2.178503e+03 2.290270e+03 2.456587e+03
16.9 2.134012e+03 2.163084e+03 2.290230e+03 2.261158e+03
17.9 2.318316e+03 2.365312e+03 2.292288e+03 2.245293e+03
18.9 2.200364e+03 2.367446e+03 2.304658e+03 2.137577e+03
19.9 2.237443e+03 2.385980e+03 2.321011e+03 2.172474e+03
20.9 2.064557e+03 2.278206e+03 2.331173e+03 2.117524e+03
21.9 2.253741e+03 2.297495e+03 2.335277e+03 2.291523e+03
22.9 2.239341e+03 2.399952e+03 2.335814e+03 2.175203e+03
23.9 2.157762e+03 2.389139e+03 2.334712e+03 2.103335e+03
24.9 2.144773e+03 2.226464e+03 2.333129e+03 2.251438e+03
25.9 1.991404e+03 2.270316e+03 2.331765e+03 2.052852e+03
26.9 2.372935e+03 2.312692e+03 2.330795e+03 2.391038e+03
27.9 2.448132e+03 2.304242e+03 2.330184e+03 2.474073e+03
28.9 2.243962e+03 2.177699e+03 2.329837e+03 2.396101e+03
29.9 2.255465e+03 2.235029e+03 2.329628e+03 2.350064e+03
30.9 2.285262e+03 2.249474e+03 2.329488e+03 2.365277e+03
31.9 2.153036e+03 2.260981e+03 2.329375e+03 2.221430e+03
32.9 2.063298e+03 2.168687e+03 2.329270e+03 2.223881e+03
33.9 2.076323e+03 2.323247e+03 2.329166e+03 2.082243e+03
