0.4 1.005117e+04 1.002131e+04 9.889321e+03 9.919182e+03
1.4 9.993874e+03 9.933925e+03 9.889227e+03 9.949175e+03
2.4 9.817114e+03 9.724271e+03 9.888760e+03 9.981603e+03
3.4 9.895442e+03 9.837192e+03 9.888229e+03 9.946478e+03
4.4 9.928553e+03 9.929920e+03 9.887907e+03 9.886540e+03
5.4 9.750679e+03 9.850044e+03 9.887781e+03 9.788416e+03
6.4 9.888746e+03 9.877055e+03 9.887771e+03 9.899462e+03
7.4 9.984236e+03 9.941288e+03 9.887811e+03 9.930759e+03
8.4 9.836943e+03 9.866617e+03 9.887862e+03 9.858188e+03
9.4 9.950815e+03 9.927363e+03 9.887906e+03 9.911359e+03
10.4 1.001465e+04 9.973834e+03 9.887936e+03 9.928753e+03
11.4 9.834824e+03 9.945865e+03 9.887953e+03 9.776912e+03
12.4 9.895886e+03 9.976302e+03 9.887962e+03 9.807547e+03
13.4 9.982872e+03 9.960754e+03 9.887966e+03 9.910085e+03
14.4 9.993691e+03 9.933820e+03 9.887968e+03 9.947839e+03
15.4 9.854436e+03 9.898900e+03 9.887968e+03 9.843504e+03
16.4 9.943636e+03 9.929251e+03 9.887969e+03 9.902354e+03
17.4 9.908604e+03 9.875467e+03 9.887978e+03 9.921115e+03
18.4 9.930638e+03 9.929459e+03 9.888218e+03 9.889397e+03
19.4 9.906003e+03 9.866200e+03 9.888760e+03 9.928564e+03
20.4 9.870591e+03 9.918138e+03 9.889230e+03 9.841683e+03
21.4 9.939994e+03 9.975058e+03 9.889459e+03 9.854395e+03
22.4 9.851634e+03 9.869141e+03 9.889527e+03 9.872020e+03
23.4 9.803401e+03 9.815482e+03 9.889510e+03 9.877429e+03
24.4 9.688406e+03 9.790322e+03 9.889463e+03 9.787546e+03
25.4 9.926681e+03 9.847478e+03 9.889412e+03 9.968616e+03
26.4 9.926745e+03 9.860748e+03 9.889373e+03 9.955370e+03
27.4 1.000872e+04 9.952530e+03 9.889348e+03 9.945541e+03
28.4 9.993423e+03 9.865884e+03 9.889334e+03 1.001687e+04
29.4 9.817498e+03 9.821226e+03 9.889326e+03 9.885599e+03
30.4 9.938213e+03 9.871013e+03 9.889322e+03 9.956521e+03
31.4 9.911622e+03 9.862405e+03 9.889319e+03 9.938535e+03
32.4 9.897785e+03 9.879274e+03 9.889316e+03 9.907828e+03
33.4 9.744536e+03 9.828181e+03 9.889314e+03 9.805670e+03
