0.5 9.218574e+03 9.251489e+03 9.235772e+03 9.202857e+03
1.5 9.306135e+03 9.238834e+03 9.241595e+03 9.308895e+03
2.5 9.215711e+03 9.239663e+03 9.263769e+03 9.239817e+03
3.5 9.422762e+03 9.260644e+03 9.286432e+03 9.448549e+03
4.5 9.374712e+03 9.280352e+03 9.299437e+03 9.393797e+03
5.5 9.182024e+03 9.231507e+03 9.304202e+03 9.254720e+03
6.5 9.242521e+03 9.273847e+03 9.304295e+03 9.272970e+03
7.5 9.192303e+03 9.262453e+03 9.302428e+03 9.232278e+03
8.5 9.318899e+03 9.298412e+03 9.300231e+03 9.320719e+03
9.5 9.362404e+03 9.332664e+03 9.298434e+03 9.328173e+03
10.5 9.175092e+03 9.327416e+03 9.297228e+03 9.144904e+03
11.5 9.245266e+03 9.273246e+03 9.296581e+03 9.268600e+03
12.5 9.268896e+03 9.252806e+03 9.296269e+03 9.312359e+03
13.5 9.175069e+03 9.242380e+03 9.296153e+03 9.228842e+03
14.5 9.326537e+03 9.255499e+03 9.296127e+03 9.367165e+03
15.5 9.298568e+03 9.285124e+03 9.296142e+03 9.309586e+03
16.5 9.144384e+03 9.285372e+03 9.296175e+03 9.155187e+03
17.5 9.234180e+03 9.261422e+03 9.295419e+03 9.268177e+03
18.5 9.315493e+03 9.241985e+03 9.282669e+03 9.356177e+03
19.5 9.334993e+03 9.227812e+03 9.258314e+03 9.365495e+03
20.5 9.301178e+03 9.216534e+03 9.238841e+03 9.323485e+03
21.5 9.229986e+03 9.213902e+03 9.229877e+03 9.245962e+03
22.5 9.137058e+03 9.179023e+03 9.227547e+03 9.185582e+03
23.5 9.255928e+03 9.184859e+03 9.228570e+03 9.299639e+03
24.5 9.368598e+03 9.206380e+03 9.230756e+03 9.392973e+03
25.5 9.296444e+03 9.229180e+03 9.232971e+03 9.300235e+03
26.5 9.103573e+03 9.197648e+03 9.234592e+03 9.140517e+03
27.5 9.258355e+03 9.249175e+03 9.235636e+03 9.244816e+03
28.5 9.263064e+03 9.272168e+03 9.236208e+03 9.227105e+03
29.5 9.229077e+03 9.199818e+03 9.236516e+03 9.265775e+03
30.5 9.231536e+03 9.285178e+03 9.236690e+03 9.183048e+03
31.5 9.206232e+03 9.220737e+03 9.236799e+03 9.222294e+03
32.5 9.268836e+03 9.204892e+03 9.236883e+03 9.300827e+03
33.5 9.309789e+03 9.275516e+03 9.236958e+03 9.271231e+03
0.3 9.342406e+03 9.195176e+03 9.226915e+03 9.374145e+03
1.3 9.339192e+03 9.182970e+03 9.230179e+03 9.386401e+03
2.3 9.333963e+03 9.215484e+03 9.249107e+03 9.367587e+03
3.3 9.364917e+03 9.216205e+03 9.273051e+03 9.421764e+03
4.3 9.348128e+03 9.249629e+03 9.287421e+03 9.385920e+03
5.3 9.287287e+03 9.277694e+03 9.292869e+03 9.302462e+03
6.3 9.103177e+03 9.275865e+03 9.293143e+03 9.120455e+03
7.3 9.055602e+03 9.219958e+03 9.291073e+03 9.126716e+03
8.3 9.312849e+03 9.241366e+03 9.288344e+03 9.359827e+03
9.3 9.278807e+03 9.244621e+03 9.285969e+03 9.320155e+03
10.3 9.184843e+03 9.247142e+03 9.284191e+03 9.221891e+03
11.3 9.243053e+03 9.211110e+03 9.282941e+03 9.314884e+03
12.3 9.313662e+03 9.268274e+03 9.282077e+03 9.327466e+03
13.3 9.224866e+03 9.214099e+03 9.281412e+03 9.292180e+03
14.3 9.331560e+03 9.302617e+03 9.280847e+03 9.309789e+03
15.3 9.340500e+03 9.269393e+03 9.280320e+03 9.351427e+03
16.3 9.410829e+03 9.320759e+03 9.279804e+03 9.369873e+03
17.3 9.276972e+03 9.225501e+03 9.279038e+03 9.330508e+03
18.3 9.260534e+03 9.265130e+03 9.268722e+03 9.264126e+03
19.3 9.057394e+03 9.226523e+03 9.244515e+03 9.075386e+03
20.3 9.116005e+03 9.195130e+03 9.223145e+03 9.144019e+03
21.3 9.340099e+03 9.195316e+03 9.211629e+03 9.356411e+03
22.3 9.246914e+03 9.197312e+03 9.207810e+03 9.257412e+03
23.3 9.143543e+03 9.168948e+03 9.207793e+03 9.182388e+03
24.3 9.193247e+03 9.200832e+03 9.209232e+03 9.201647e+03
