0.5 6.946575e+03 6.845259e+03 6.842285e+03 6.943601e+03
1.5 6.881157e+03 6.875737e+03 6.844173e+03 6.849593e+03
2.5 6.842883e+03 6.857265e+03 6.852660e+03 6.838279e+03
3.5 6.850921e+03 6.854812e+03 6.861898e+03 6.858007e+03
4.5 6.803893e+03 6.858817e+03 6.867454e+03 6.812529e+03
5.5 6.871000e+03 6.861645e+03 6.869422e+03 6.878778e+03
6.5 6.840112e+03 6.872340e+03 6.869499e+03 6.837272e+03
7.5 6.863490e+03 6.861047e+03 6.868729e+03 6.871171e+03
8.5 6.886735e+03 6.867376e+03 6.867790e+03 6.887149e+03
9.5 6.907980e+03 6.864535e+03 6.866982e+03 6.910427e+03
10.5 6.878784e+03 6.868082e+03 6.866439e+03 6.877140e+03
11.5 6.865944e+03 6.857477e+03 6.866110e+03 6.874576e+03
12.5 6.890192e+03 6.866254e+03 6.865919e+03 6.889856e+03
13.5 6.836234e+03 6.857867e+03 6.865811e+03 6.844178e+03
14.5 6.894799e+03 6.863745e+03 6.865740e+03 6.896794e+03
15.5 6.858242e+03 6.869104e+03 6.865686e+03 6.854825e+03
16.5 6.849137e+03 6.863451e+03 6.865640e+03 6.851326e+03
17.5 6.824908e+03 6.857542e+03 6.865381e+03 6.832747e+03
18.5 6.743691e+03 6.855867e+03 6.860737e+03 6.748561e+03
19.5 6.796046e+03 6.859179e+03 6.850762e+03 6.787629e+03
20.5 6.837417e+03 6.854355e+03 6.842837e+03 6.825898e+03
21.5 6.799807e+03 6.821593e+03 6.838919e+03 6.817133e+03
22.5 6.891254e+03 6.862451e+03 6.837775e+03 6.866579e+03
23.5 6.891200e+03 6.848816e+03 6.838063e+03 6.880447e+03
24.5 6.972462e+03 6.850384e+03 6.838887e+03 6.960964e+03
25.5 6.773770e+03 6.843620e+03 6.839704e+03 6.769854e+03
26.5 6.796045e+03 6.869725e+03 6.840313e+03 6.766633e+03
27.5 6.847813e+03 6.847660e+03 6.840689e+03 6.840843e+03
28.5 6.753181e+03 6.829765e+03 6.840871e+03 6.764287e+03
29.5 6.867639e+03 6.850038e+03 6.840944e+03 6.858545e+03
30.5 6.846841e+03 6.836667e+03 6.840957e+03 6.851131e+03
31.5 6.826046e+03 6.849381e+03 6.840945e+03 6.817611e+03
32.5 6.851858e+03 6.842163e+03 6.840923e+03 6.850619e+03
33.5 6.978922e+03 6.867970e+03 6.840898e+03 6.951850e+03
0.9 6.873997e+03 6.885464e+03 6.840730e+03 6.829263e+03
1.9 6.950569e+03 6.890192e+03 6.845338e+03 6.905715e+03
2.9 6.979605e+03 6.872130e+03 6.855279e+03 6.962754e+03
3.9 6.885127e+03 6.868544e+03 6.863173e+03 6.879757e+03
4.9 6.884870e+03 6.880551e+03 6.867117e+03 6.871435e+03
5.9 6.853269e+03 6.863899e+03 6.868178e+03 6.857549e+03
6.9 6.936360e+03 6.853019e+03 6.867866e+03 6.951207e+03
7.9 6.715771e+03 6.863757e+03 6.867019e+03 6.719033e+03
8.9 6.909340e+03 6.861929e+03 6.866182e+03 6.913592e+03
9.9 6.756061e+03 6.864528e+03 6.865542e+03 6.757075e+03
10.9 6.889945e+03 6.856556e+03 6.865163e+03 6.898552e+03
11.9 6.970356e+03 6.868597e+03 6.864968e+03 6.966726e+03
12.9 6.832671e+03 6.866843e+03 6.864884e+03 6.830712e+03
13.9 6.902706e+03 6.871675e+03 6.864862e+03 6.895893e+03
14.9 6.894231e+03 6.862126e+03 6.864868e+03 6.896974e+03
15.9 6.813660e+03 6.856681e+03 6.864887e+03 6.821865e+03
16.9 6.935992e+03 6.855224e+03 6.864911e+03 6.945680e+03
17.9 6.874598e+03 6.867881e+03 6.863673e+03 6.870391e+03
18.9 6.901167e+03 6.854584e+03 6.856238e+03 6.902821e+03
19.9 6.773559e+03 6.836297e+03 6.846410e+03 6.783673e+03
20.9 6.962944e+03 6.860912e+03 6.840302e+03 6.942333e+03
21.9 6.864448e+03 6.856417e+03 6.837835e+03 6.845866e+03
22.9 6.897355e+03 6.819436e+03 6.837512e+03 6.915432e+03
23.9 6.876155e+03 6.831924e+03 6.838175e+03 6.882405e+03
24.9 6.725078e+03 6.856933e+03 6.839126e+03 6.707271e+03
25.9 6.893367e+03 6.858783e+03 6.839946e+03 6.874530e+03
26.9 6.808843e+03 6.863975e+03 6.840529e+03 6.785396e+03
27.9 6.836335e+03 6.863850e+03 6.840897e+03 6.813382e+03
28.9 6.872285e+03 6.853932e+03 6.841105e+03 6.859458e+03
29.9 6.888313e+03 6.856996e+03 6.841231e+03 6.872548e+03
30.9 6.914947e+03 6.856928e+03 6.841315e+03 6.899333e+03
31.9 6.911181e+03 6.856696e+03 6.841383e+03 6.895868e+03
32.9 6.954064e+03 6.851970e+03 6.841446e+03 6.943539e+03
33.9 6.952357e+03 6.858065e+03 6.841508e+03 6.935801e+03
