0.4 9.349521e+03 9.312621e+03 9.318507e+03 9.355408e+03
1.4 9.324066e+03 9.319872e+03 9.322162e+03 9.326356e+03
2.4 9.334988e+03 9.334233e+03 9.335130e+03 9.335885e+03
3.4 9.335597e+03 9.319421e+03 9.339130e+03 9.355307e+03
4.4 9.281123e+03 9.297142e+03 9.331981e+03 9.315962e+03
5.4 9.344461e+03 9.315824e+03 9.324512e+03 9.353148e+03
6.4 9.324196e+03 9.323314e+03 9.320613e+03 9.321496e+03
7.4 9.321234e+03 9.317994e+03 9.325773e+03 9.329013e+03
8.4 9.362543e+03 9.376684e+03 9.338782e+03 9.324641e+03
9.4 9.318905e+03 9.322309e+03 9.338776e+03 9.335373e+03
10.4 9.263557e+03 9.316342e+03 9.330473e+03 9.277688e+03
11.4 9.312856e+03 9.320730e+03 9.323957e+03 9.316083e+03
12.4 9.284578e+03 9.327423e+03 9.320635e+03 9.277791e+03
13.4 9.292638e+03 9.325024e+03 9.324020e+03 9.291633e+03
14.4 9.312707e+03 9.329364e+03 9.335792e+03 9.319136e+03
15.4 9.323966e+03 9.344605e+03 9.337153e+03 9.316514e+03
16.4 9.319555e+03 9.328539e+03 9.330584e+03 9.321600e+03
17.4 9.357130e+03 9.325589e+03 9.324956e+03 9.356497e+03
0.8 9.324196e+03 9.323314e+03 9.320613e+03 9.321496e+03
1.8 9.321234e+03 9.317994e+03 9.325773e+03 9.329013e+03
2.8 9.362543e+03 9.376684e+03 9.338782e+03 9.324641e+03
3.8 9.318905e+03 9.322309e+03 9.338776e+03 9.335373e+03
4.8 9.263557e+03 9.316342e+03 9.330473e+03 9.277688e+03
5.8 9.312856e+03 9.320730e+03 9.323957e+03 9.316083e+03
6.8 9.284578e+03 9.327423e+03 9.320635e+03 9.277791e+03
7.8 9.292638e+03 9.325024e+03 9.324020e+03 9.291633e+03
8.8 9.312707e+03 9.329364e+03 9.335792e+03 9.319136e+03
9.8 9.323966e+03 9.344605e+03 9.337153e+03 9.316514e+03
10.8 9.319555e+03 9.328539e+03 9.330584e+03 9.321600e+03
11.8 9.357130e+03 9.325589e+03 9.324956e+03 9.356497e+03
12.8 9.275048e+03 9.323694e+03 9.321934e+03 9.273288e+03
13.8 9.326281e+03 9.335561e+03 9.320827e+03 9.311547e+03
14.8 9.359911e+03 9.352167e+03 9.320784e+03 9.328528e+03
15.8 9.332995e+03 9.334036e+03 9.321283e+03 9.320242e+03
16.8 9.339333e+03 9.312413e+03 9.321918e+03 9.348839e+03
17.8 9.309315e+03 9.323537e+03 9.322480e+03 9.308258e+03
0.6 9.284578e+03 9.327423e+03 9.320635e+03 9.277791e+03
1.6 9.292638e+03 9.325024e+03 9.324020e+03 9.291633e+03
2.6 9.312707e+03 9.329364e+03 9.335792e+03 9.319136e+03
3.6 9.323966e+03 9.344605e+03 9.337153e+03 9.316514e+03
4.6 9.319555e+03 9.328539e+03 9.330584e+03 9.321600e+03
5.6 9.357130e+03 9.325589e+03 9.324956e+03 9.356497e+03
6.6 9.275048e+03 9.323694e+03 9.321934e+03 9.273288e+03
7.6 9.326281e+03 9.335561e+03 9.320827e+03 9.311547e+03
8.6 9.359911e+03 9.352167e+03 9.320784e+03 9.328528e+03
9.6 9.332995e+03 9.334036e+03 9.321283e+03 9.320242e+03
10.6 9.339333e+03 9.312413e+03 9.321918e+03 9.348839e+03
11.6 9.309315e+03 9.323537e+03 9.322480e+03 9.308258e+03
12.6 9.329719e+03 9.310482e+03 9.322887e+03 9.342124e+03
13.6 9.355744e+03 9.324413e+03 9.323174e+03 9.354506e+03
14.6 9.376502e+03 9.338324e+03 9.323380e+03 9.361558e+03
15.6 9.314730e+03 9.334049e+03 9.323544e+03 9.304226e+03
16.6 9.358517e+03 9.346879e+03 9.323686e+03 9.335324e+03
17.6 9.326439e+03 9.342139e+03 9.323816e+03 9.308117e+03
0.9 9.348711e+03 9.306426e+03 9.325387e+03 9.367671e+03
1.9 9.340424e+03 9.319533e+03 9.333412e+03 9.354303e+03
2.9 9.295464e+03 9.284476e+03 9.345190e+03 9.356177e+03
3.9 9.328057e+03 9.342008e+03 9.342815e+03 9.328864e+03
4.9 9.326669e+03 9.326903e+03 9.334066e+03 9.333832e+03
5.9 9.337402e+03 9.329910e+03 9.327728e+03 9.335221e+03
6.9 9.310613e+03 9.331144e+03 9.324429e+03 9.303899e+03
7.9 9.360955e+03 9.342266e+03 9.323102e+03 9.341791e+03
8.9 9.369627e+03 9.351573e+03 9.322963e+03 9.341017e+03
9.9 9.332206e+03 9.338984e+03 9.323372e+03 9.316594e+03
10.9 9.392454e+03 9.327284e+03 9.323875e+03 9.389045e+03
11.9 9.307915e+03 9.321693e+03 9.324267e+03 9.310489e+03
12.9 9.328674e+03 9.332825e+03 9.324511e+03 9.320360e+03
13.9 9.346004e+03 9.322165e+03 9.324629e+03 9.348468e+03
14.9 9.322554e+03 9.319181e+03 9.324678e+03 9.328051e+03
15.9 9.316803e+03 9.314888e+03 9.324691e+03 9.326605e+03
16.9 9.299135e+03 9.312202e+03 9.324688e+03 9.311621e+03
17.9 9.315897e+03 9.313856e+03 9.324680e+03 9.326721e+03
0.1 9.316454e+03 9.315100e+03 9.324589e+03 9.325943e+03
1.1 9.315400e+03 9.313945e+03 9.325801e+03 9.327256e+03
2.1 9.321271e+03 9.322807e+03 9.336122e+03 9.334586e+03
3.1 9.337896e+03 9.327329e+03 9.343174e+03 9.353741e+03
4.1 9.345564e+03 9.338598e+03 9.337930e+03 9.344896e+03
5.1 9.338236e+03 9.339452e+03 9.330440e+03 9.329225e+03
6.1 9.340561e+03 9.329038e+03 9.325851e+03 9.337374e+03
7.1 9.340134e+03 9.341546e+03 9.323650e+03 9.322238e+03
8.1 9.325359e+03 9.337917e+03 9.322912e+03 9.310354e+03
9.1 9.289479e+03 9.318536e+03 9.323015e+03 9.293958e+03
10.1 9.290637e+03 9.329625e+03 9.323458e+03 9.284470e+03
11.1 9.316274e+03 9.302533e+03 9.323898e+03 9.337639e+03
12.1 9.297499e+03 9.326796e+03 9.324215e+03 9.294918e+03
13.1 9.326123e+03 9.331593e+03 9.324404e+03 9.318934e+03
14.1 9.348646e+03 9.315982e+03 9.324495e+03 9.357158e+03
15.1 9.296943e+03 9.334955e+03 9.324532e+03 9.286521e+03
16.1 9.394923e+03 9.362363e+03 9.324544e+03 9.357104e+03
17.1 9.346091e+03 9.361830e+03 9.324546e+03 9.308807e+03
0.3 9.291229e+03 9.327449e+03 9.324543e+03 9.288323e+03
1.3 9.321631e+03 9.319917e+03 9.326927e+03 9.328641e+03
2.3 9.340452e+03 9.322336e+03 9.336235e+03 9.354352e+03
3.3 9.369213e+03 9.335647e+03 9.337942e+03 9.371508e+03
4.3 9.347312e+03 9.320981e+03 9.332452e+03 9.358783e+03
5.3 9.333794e+03 9.333414e+03 9.327519e+03 9.327898e+03
6.3 9.330736e+03 9.331981e+03 9.324703e+03 9.323459e+03
7.3 9.316927e+03 9.334456e+03 9.323504e+03 9.305975e+03
8.3 9.336844e+03 9.329462e+03 9.323211e+03 9.330592e+03
9.3 9.349242e+03 9.321907e+03 9.323399e+03 9.350735e+03
10.3 9.343505e+03 9.320074e+03 9.323731e+03 9.347162e+03
11.3 9.312036e+03 9.324813e+03 9.324026e+03 9.311249e+03
12.3 9.327044e+03 9.335089e+03 9.324208e+03 9.316163e+03
13.3 9.334694e+03 9.333080e+03 9.324299e+03 9.325913e+03
14.3 9.318538e+03 9.322016e+03 9.324331e+03 9.320853e+03
15.3 9.348801e+03 9.311900e+03 9.324331e+03 9.361232e+03
16.3 9.347132e+03 9.336460e+03 9.324314e+03 9.334985e+03
17.3 9.374572e+03 9.366912e+03 9.324290e+03 9.331950e+03
0.1 9.337135e+03 9.316586e+03 9.323500e+03 9.344049e+03
1.1 9.317107e+03 9.313670e+03 9.324647e+03 9.328085e+03
2.1 9.312557e+03 9.318008e+03 9.335221e+03 9.329769e+03
3.1 9.315704e+03 9.327866e+03 9.341886e+03 9.329724e+03
4.1 9.326281e+03 9.334392e+03 9.336571e+03 9.328460e+03
5.1 9.346752e+03 9.333588e+03 9.329009e+03 9.342172e+03
6.1 9.335413e+03 9.330899e+03 9.324348e+03 9.328862e+03
7.1 9.294871e+03 9.325026e+03 9.322040e+03 9.291885e+03
8.1 9.332669e+03 9.326471e+03 9.321259e+03 9.327458e+03
9.1 9.322445e+03 9.338784e+03 9.321284e+03 9.304946e+03
10.1 9.337578e+03 9.332508e+03 9.321645e+03 9.326715e+03
11.1 9.337904e+03 9.324047e+03 9.322003e+03 9.335860e+03
12.1 9.336097e+03 9.317155e+03 9.322878e+03 9.341820e+03
13.1 9.348991e+03 9.331714e+03 9.331719e+03 9.348996e+03
14.1 9.314667e+03 9.316847e+03 9.339675e+03 9.337495e+03
15.1 9.335247e+03 9.325476e+03 9.335536e+03 9.345307e+03
16.1 9.338414e+03 9.326631e+03 9.328463e+03 9.340246e+03
17.1 9.374289e+03 9.329563e+03 9.323663e+03 9.368389e+03
1.0 9.336097e+03 9.317155e+03 9.322878e+03 9.341820e+03
2.0 9.348991e+03 9.331714e+03 9.331719e+03 9.348996e+03
3.0 9.314667e+03 9.316847e+03 9.339675e+03 9.337495e+03
4.0 9.335247e+03 9.325476e+03 9.335536e+03 9.345307e+03
5.0 9.338414e+03 9.326631e+03 9.328463e+03 9.340246e+03
6.0 9.374289e+03 9.329563e+03 9.323663e+03 9.368389e+03
7.0 9.343219e+03 9.323534e+03 9.321333e+03 9.341018e+03
8.0 9.370030e+03 9.326950e+03 9.320447e+03 9.363527e+03
9.0 9.328876e+03 9.327602e+03 9.320388e+03 9.321662e+03
10.0 9.310531e+03 9.325597e+03 9.320681e+03 9.305614e+03
11.0 9.321281e+03 9.323862e+03 9.321016e+03 9.318435e+03
12.0 9.282836e+03 9.317234e+03 9.321230e+03 9.286832e+03
13.0 9.282800e+03 9.315136e+03 9.321317e+03 9.288981e+03
14.0 9.303308e+03 9.316509e+03 9.321328e+03 9.308126e+03
15.0 9.328660e+03 9.320652e+03 9.324931e+03 9.332940e+03
16.0 9.325070e+03 9.323582e+03 9.338417e+03 9.339905e+03
17.0 9.316293e+03 9.322243e+03 9.342257e+03 9.336307e+03
18.0 9.280891e+03 9.332982e+03 9.334503e+03 9.282411e+03
0.5 9.303308e+03 9.316509e+03 9.321328e+03 9.308126e+03
1.5 9.328660e+03 9.320652e+03 9.324931e+03 9.332940e+03
2.5 9.325070e+03 9.323582e+03 9.338417e+03 9.339905e+03
3.5 9.316293e+03 9.322243e+03 9.342257e+03 9.336307e+03
4.5 9.280891e+03 9.332982e+03 9.334503e+03 9.282411e+03
5.5 9.303726e+03 9.322115e+03 9.326225e+03 9.307836e+03
6.5 9.299954e+03 9.322354e+03 9.321486e+03 9.299086e+03
7.5 9.320750e+03 9.317520e+03 9.319257e+03 9.322487e+03
8.5 9.293949e+03 9.317413e+03 9.318615e+03 9.295152e+03
9.5 9.352947e+03 9.308698e+03 9.319578e+03 9.363827e+03
10.5 9.394223e+03 9.331304e+03 9.330280e+03 9.393199e+03
11.5 9.376682e+03 9.357906e+03 9.341747e+03 9.360523e+03
12.5 9.366657e+03 9.342015e+03 9.338099e+03 9.362741e+03
13.5 9.324186e+03 9.335893e+03 9.329054e+03 9.317347e+03
14.5 9.318184e+03 9.330695e+03 9.322578e+03 9.310067e+03
15.5 9.314739e+03 9.318502e+03 9.319181e+03 9.315418e+03
1.0 9.352947e+03 9.308698e+03 9.319578e+03 9.363827e+03
2.0 9.394223e+03 9.331304e+03 9.330280e+03 9.393199e+03
3.0 9.376682e+03 9.357906e+03 9.341747e+03 9.360523e+03
4.0 9.366657e+03 9.342015e+03 9.338099e+03 9.362741e+03
5.0 9.324186e+03 9.335893e+03 9.329054e+03 9.317347e+03
6.0 9.318184e+03 9.330695e+03 9.322578e+03 9.310067e+03
7.0 9.314739e+03 9.318502e+03 9.319181e+03 9.315418e+03
