0.8 1.006646e+04 1.006117e+04 1.006632e+04 1.007161e+04
1.8 1.007915e+04 1.005351e+04 1.006994e+04 1.009557e+04
2.8 1.004609e+04 1.005666e+04 1.007244e+04 1.006187e+04
3.8 1.006595e+04 1.006697e+04 1.007061e+04 1.006959e+04
4.8 1.005877e+04 1.006356e+04 1.006818e+04 1.006339e+04
5.8 1.006324e+04 1.006751e+04 1.006666e+04 1.006239e+04
6.8 1.003546e+04 1.006103e+04 1.006597e+04 1.004040e+04
7.8 1.006120e+04 1.006320e+04 1.006576e+04 1.006376e+04
8.8 1.006412e+04 1.006415e+04 1.006583e+04 1.006580e+04
9.8 1.005793e+04 1.007090e+04 1.006600e+04 1.005303e+04
10.8 1.003362e+04 1.006434e+04 1.006618e+04 1.003546e+04
11.8 1.006893e+04 1.006304e+04 1.006631e+04 1.007220e+04
12.8 1.007639e+04 1.006297e+04 1.006640e+04 1.007982e+04
13.8 1.007482e+04 1.006507e+04 1.006759e+04 1.007734e+04
14.8 1.008138e+04 1.006748e+04 1.007190e+04 1.008579e+04
15.8 1.005983e+04 1.006358e+04 1.007237e+04 1.006863e+04
16.8 1.004075e+04 1.007359e+04 1.006992e+04 1.003708e+04
17.8 1.007430e+04 1.007591e+04 1.006778e+04 1.006618e+04
0.2 1.007639e+04 1.006297e+04 1.006640e+04 1.007982e+04
1.2 1.007482e+04 1.006507e+04 1.006759e+04 1.007734e+04
2.2 1.008138e+04 1.006748e+04 1.007190e+04 1.008579e+04
3.2 1.005983e+04 1.006358e+04 1.007237e+04 1.006863e+04
4.2 1.004075e+04 1.007359e+04 1.006992e+04 1.003708e+04
5.2 1.007430e+04 1.007591e+04 1.006778e+04 1.006618e+04
6.2 1.006148e+04 1.006945e+04 1.006666e+04 1.005869e+04
7.2 1.008392e+04 1.006750e+04 1.006620e+04 1.008261e+04
8.2 1.010962e+04 1.009951e+04 1.006612e+04 1.007622e+04
9.2 1.008079e+04 1.008162e+04 1.006624e+04 1.006542e+04
10.2 1.009116e+04 1.008989e+04 1.006642e+04 1.006770e+04
11.2 1.009783e+04 1.009060e+04 1.006658e+04 1.007380e+04
12.2 1.007252e+04 1.007993e+04 1.006669e+04 1.005928e+04
13.2 1.009950e+04 1.008434e+04 1.006676e+04 1.008192e+04
14.2 1.005871e+04 1.006848e+04 1.006680e+04 1.005704e+04
15.2 1.006823e+04 1.006946e+04 1.006684e+04 1.006561e+04
16.2 1.007886e+04 1.009490e+04 1.006686e+04 1.005083e+04
17.2 1.009918e+04 1.008800e+04 1.006689e+04 1.007807e+04
0.7 1.009127e+04 1.006252e+04 1.006707e+04 1.009582e+04
1.7 1.007928e+04 1.006484e+04 1.007019e+04 1.008463e+04
2.7 1.008716e+04 1.007588e+04 1.007324e+04 1.008452e+04
3.7 1.009490e+04 1.007404e+04 1.007173e+04 1.009259e+04
4.7 1.004567e+04 1.006905e+04 1.006920e+04 1.004582e+04
5.7 1.006927e+04 1.006694e+04 1.006754e+04 1.006987e+04
6.7 1.009212e+04 1.006605e+04 1.006671e+04 1.009278e+04
7.7 1.008543e+04 1.006616e+04 1.006643e+04 1.008570e+04
8.7 1.006588e+04 1.006632e+04 1.006643e+04 1.006599e+04
9.7 1.007628e+04 1.006705e+04 1.006657e+04 1.007580e+04
10.7 1.007211e+04 1.006697e+04 1.006672e+04 1.007185e+04
11.7 1.006663e+04 1.006577e+04 1.006683e+04 1.006769e+04
12.7 1.009120e+04 1.006651e+04 1.006689e+04 1.009158e+04
13.7 1.006147e+04 1.006584e+04 1.006692e+04 1.006255e+04
14.7 1.005911e+04 1.006396e+04 1.006694e+04 1.006209e+04
15.7 1.008343e+04 1.006487e+04 1.006694e+04 1.008550e+04
16.7 1.007888e+04 1.006687e+04 1.006694e+04 1.007896e+04
17.7 1.006353e+04 1.006558e+04 1.006694e+04 1.006489e+04
0.8 1.003333e+04 1.006280e+04 1.006712e+04 1.003766e+04
1.8 1.007162e+04 1.007030e+04 1.007066e+04 1.007198e+04
2.8 1.005335e+04 1.007094e+04 1.007326e+04 1.005567e+04
3.8 1.006513e+04 1.007007e+04 1.007147e+04 1.006654e+04
4.8 1.005723e+04 1.006739e+04 1.006900e+04 1.005885e+04
5.8 1.006902e+04 1.007017e+04 1.006746e+04 1.006631e+04
6.8 1.008485e+04 1.006728e+04 1.006671e+04 1.008428e+04
7.8 1.003844e+04 1.006601e+04 1.006647e+04 1.003890e+04
8.8 1.006671e+04 1.006483e+04 1.006651e+04 1.006839e+04
9.8 1.006482e+04 1.006308e+04 1.006666e+04 1.006840e+04
10.8 1.005290e+04 1.006105e+04 1.006682e+04 1.005867e+04
11.8 1.007353e+04 1.006277e+04 1.006694e+04 1.007770e+04
12.8 1.008010e+04 1.006570e+04 1.006701e+04 1.008141e+04
13.8 1.006331e+04 1.006944e+04 1.006705e+04 1.006092e+04
14.8 1.009871e+04 1.006755e+04 1.006707e+04 1.009823e+04
15.8 1.008300e+04 1.007041e+04 1.006709e+04 1.007969e+04
16.8 1.007491e+04 1.007047e+04 1.006710e+04 1.007154e+04
17.8 1.005587e+04 1.006766e+04 1.006712e+04 1.005533e+04
