0.6 9.553558e+03 9.543247e+03 9.533013e+03 9.543323e+03
1.6 9.539913e+03 9.546265e+03 9.534922e+03 9.528570e+03
2.6 9.497840e+03 9.533183e+03 9.537066e+03 9.501723e+03
3.6 9.517221e+03 9.512933e+03 9.536181e+03 9.540468e+03
4.6 9.515903e+03 9.525230e+03 9.534505e+03 9.525178e+03
5.6 9.543760e+03 9.543744e+03 9.533368e+03 9.533384e+03
6.6 9.533120e+03 9.543033e+03 9.532824e+03 9.522911e+03
7.6 9.514401e+03 9.522778e+03 9.532626e+03 9.524250e+03
8.6 9.498917e+03 9.502258e+03 9.532629e+03 9.529288e+03
9.6 9.505971e+03 9.496525e+03 9.532720e+03 9.542166e+03
10.6 9.543824e+03 9.515164e+03 9.532823e+03 9.561483e+03
11.6 9.545792e+03 9.540322e+03 9.532899e+03 9.538369e+03
12.6 9.512488e+03 9.528317e+03 9.532945e+03 9.517116e+03
13.6 9.496949e+03 9.518089e+03 9.532971e+03 9.511830e+03
14.6 9.521167e+03 9.503379e+03 9.532984e+03 9.550771e+03
15.6 9.529430e+03 9.513302e+03 9.532991e+03 9.549118e+03
16.6 9.545483e+03 9.546385e+03 9.532995e+03 9.532093e+03
17.6 9.556464e+03 9.532857e+03 9.532999e+03 9.556606e+03
0.1 9.536446e+03 9.546172e+03 9.532872e+03 9.523145e+03
1.1 9.587012e+03 9.547471e+03 9.533351e+03 9.572893e+03
2.1 9.518798e+03 9.517172e+03 9.536129e+03 9.537755e+03
3.1 9.533897e+03 9.533406e+03 9.536827e+03 9.537318e+03
4.1 9.547116e+03 9.545338e+03 9.535277e+03 9.537055e+03
5.1 9.541910e+03 9.525551e+03 9.533798e+03 9.550158e+03
6.1 9.496444e+03 9.510878e+03 9.532943e+03 9.518510e+03
7.1 9.491222e+03 9.517781e+03 9.532574e+03 9.506015e+03
8.1 9.493267e+03 9.512298e+03 9.532478e+03 9.513447e+03
9.1 9.553733e+03 9.529680e+03 9.532530e+03 9.556583e+03
10.1 9.531055e+03 9.545549e+03 9.532629e+03 9.518135e+03
11.1 9.521184e+03 9.526547e+03 9.532721e+03 9.527358e+03
12.1 9.548672e+03 9.531440e+03 9.532781e+03 9.550013e+03
13.1 9.543855e+03 9.536045e+03 9.532815e+03 9.540625e+03
14.1 9.545988e+03 9.544486e+03 9.532832e+03 9.534335e+03
15.1 9.557480e+03 9.537857e+03 9.532839e+03 9.552462e+03
16.1 9.528634e+03 9.530190e+03 9.532844e+03 9.531288e+03
17.1 9.515451e+03 9.518067e+03 9.532846e+03 9.530230e+03
0.8 9.518640e+03 9.539506e+03 9.532989e+03 9.512123e+03
1.8 9.524929e+03 9.517888e+03 9.535357e+03 9.542398e+03
2.8 9.555237e+03 9.536677e+03 9.536988e+03 9.555548e+03
3.8 9.569186e+03 9.570170e+03 9.535774e+03 9.534790e+03
4.8 9.572976e+03 9.550180e+03 9.534159e+03 9.556955e+03
5.8 9.555553e+03 9.543014e+03 9.533142e+03 9.545681e+03
6.8 9.552627e+03 9.534350e+03 9.532677e+03 9.550954e+03
7.8 9.512635e+03 9.510256e+03 9.532526e+03 9.534905e+03
8.8 9.506213e+03 9.518818e+03 9.532557e+03 9.519952e+03
9.8 9.545819e+03 9.527339e+03 9.532658e+03 9.551138e+03
10.8 9.543847e+03 9.545922e+03 9.532763e+03 9.530689e+03
11.8 9.529393e+03 9.531892e+03 9.532838e+03 9.530340e+03
12.8 9.484907e+03 9.524644e+03 9.532886e+03 9.493149e+03
13.8 9.532432e+03 9.514768e+03 9.532913e+03 9.550576e+03
14.8 9.514722e+03 9.528198e+03 9.532929e+03 9.519453e+03
15.8 9.512562e+03 9.531463e+03 9.532940e+03 9.514039e+03
16.8 9.521740e+03 9.525263e+03 9.532948e+03 9.529426e+03
17.8 9.548762e+03 9.537434e+03 9.532956e+03 9.544284e+03
