0.7 9.500547e+03 9.520784e+03 9.532386e+03 9.512150e+03
1.7 9.516850e+03 9.539912e+03 9.538366e+03 9.515304e+03
2.7 9.504949e+03 9.512029e+03 9.544640e+03 9.537560e+03
3.7 9.549688e+03 9.551238e+03 9.541839e+03 9.540288e+03
4.7 9.524747e+03 9.534914e+03 9.536839e+03 9.526672e+03
5.7 9.540299e+03 9.545701e+03 9.533491e+03 9.528089e+03
6.7 9.531345e+03 9.532964e+03 9.531911e+03 9.530292e+03
7.7 9.523964e+03 9.522615e+03 9.531358e+03 9.532707e+03
8.7 9.510025e+03 9.519769e+03 9.531398e+03 9.521654e+03
9.7 9.514099e+03 9.541703e+03 9.531696e+03 9.504092e+03
10.7 9.588746e+03 9.567508e+03 9.532027e+03 9.553265e+03
11.7 9.571291e+03 9.558148e+03 9.532274e+03 9.545417e+03
12.7 9.547775e+03 9.534025e+03 9.532434e+03 9.546183e+03
13.7 9.561447e+03 9.557804e+03 9.532529e+03 9.536172e+03
14.7 9.542381e+03 9.538997e+03 9.532585e+03 9.535969e+03
15.7 9.578722e+03 9.555588e+03 9.532622e+03 9.555756e+03
16.7 9.567714e+03 9.559986e+03 9.532651e+03 9.540379e+03
17.7 9.535382e+03 9.542016e+03 9.532676e+03 9.526042e+03
0.5 9.537547e+03 9.540172e+03 9.532575e+03 9.529950e+03
1.5 9.541616e+03 9.530127e+03 9.537225e+03 9.548715e+03
2.5 9.562140e+03 9.551596e+03 9.544565e+03 9.555109e+03
3.5 9.512152e+03 9.519407e+03 9.542899e+03 9.535645e+03
4.5 9.531845e+03 9.520535e+03 9.537672e+03 9.548982e+03
5.5 9.512629e+03 9.510122e+03 9.534047e+03 9.536555e+03
6.5 9.508006e+03 9.512445e+03 9.532163e+03 9.527724e+03
7.5 9.510284e+03 9.513755e+03 9.531453e+03 9.527982e+03
8.5 9.571304e+03 9.536830e+03 9.531390e+03 9.565863e+03
9.5 9.557015e+03 9.557374e+03 9.531637e+03 9.531279e+03
10.5 9.541016e+03 9.528898e+03 9.531935e+03 9.544053e+03
11.5 9.518444e+03 9.518084e+03 9.532172e+03 9.532532e+03
12.5 9.514595e+03 9.521908e+03 9.532312e+03 9.524999e+03
13.5 9.505329e+03 9.522588e+03 9.532384e+03 9.515126e+03
14.5 9.497437e+03 9.524428e+03 9.532418e+03 9.505426e+03
15.5 9.529111e+03 9.520120e+03 9.532431e+03 9.541422e+03
16.5 9.520352e+03 9.534901e+03 9.532436e+03 9.517886e+03
17.5 9.514714e+03 9.534629e+03 9.532438e+03 9.512523e+03
0.5 9.535082e+03 9.534602e+03 9.532531e+03 9.533011e+03
1.5 9.561730e+03 9.545413e+03 9.537194e+03 9.553511e+03
2.5 9.588905e+03 9.570835e+03 9.544624e+03 9.562693e+03
3.5 9.535115e+03 9.521645e+03 9.542792e+03 9.556262e+03
4.5 9.553619e+03 9.565864e+03 9.537705e+03 9.525460e+03
5.5 9.545834e+03 9.553725e+03 9.534035e+03 9.526145e+03
6.5 9.505593e+03 9.541931e+03 9.532236e+03 9.495898e+03
7.5 9.543737e+03 9.561922e+03 9.531539e+03 9.513354e+03
8.5 9.504343e+03 9.524305e+03 9.531506e+03 9.511543e+03
9.5 9.536446e+03 9.546172e+03 9.531769e+03 9.522042e+03
10.5 9.587012e+03 9.547471e+03 9.532091e+03 9.571632e+03
11.5 9.518798e+03 9.517172e+03 9.532338e+03 9.533965e+03
12.5 9.533897e+03 9.533406e+03 9.532498e+03 9.532989e+03
13.5 9.547116e+03 9.545338e+03 9.532584e+03 9.534361e+03
14.5 9.541910e+03 9.525551e+03 9.532628e+03 9.548988e+03
15.5 9.496444e+03 9.510878e+03 9.532653e+03 9.518219e+03
16.5 9.491222e+03 9.517781e+03 9.532669e+03 9.506110e+03
17.5 9.493267e+03 9.512298e+03 9.532681e+03 9.513650e+03
0.6 9.534770e+03 9.530630e+03 9.532111e+03 9.536251e+03
1.6 9.537135e+03 9.532990e+03 9.537594e+03 9.541739e+03
2.6 9.535743e+03 9.528028e+03 9.544235e+03 9.551950e+03
3.6 9.546912e+03 9.538569e+03 9.541648e+03 9.549991e+03
4.6 9.512415e+03 9.518575e+03 9.536537e+03 9.530377e+03
5.6 9.512916e+03 9.520981e+03 9.533009e+03 9.524945e+03
6.6 9.501266e+03 9.515356e+03 9.531283e+03 9.517193e+03
7.6 9.533662e+03 9.516350e+03 9.530603e+03 9.547915e+03
8.6 9.523750e+03 9.523403e+03 9.530545e+03 9.530892e+03
9.6 9.521614e+03 9.522595e+03 9.530751e+03 9.529771e+03
10.6 9.506100e+03 9.519922e+03 9.530999e+03 9.517177e+03
11.6 9.495807e+03 9.515853e+03 9.531161e+03 9.511115e+03
12.6 9.543311e+03 9.532303e+03 9.531232e+03 9.542240e+03
13.6 9.513837e+03 9.534814e+03 9.531233e+03 9.510256e+03
14.6 9.538727e+03 9.537658e+03 9.531196e+03 9.532264e+03
15.6 9.518272e+03 9.530361e+03 9.531139e+03 9.519050e+03
16.6 9.528976e+03 9.514402e+03 9.531074e+03 9.545647e+03
17.6 9.541817e+03 9.519666e+03 9.531003e+03 9.553154e+03
0.4 9.565438e+03 9.551054e+03 9.530705e+03 9.545089e+03
1.4 9.568721e+03 9.545762e+03 9.534624e+03 9.557584e+03
2.4 9.525148e+03 9.539367e+03 9.542318e+03 9.528099e+03
3.4 9.530394e+03 9.559790e+03 9.541166e+03 9.511770e+03
4.4 9.540221e+03 9.537443e+03 9.535865e+03 9.538643e+03
