0.8 5.147532e+03 5.027270e+03 5.038520e+03 5.158782e+03
1.8 5.080980e+03 5.017905e+03 5.052516e+03 5.115591e+03
2.8 5.082466e+03 5.044579e+03 5.062185e+03 5.100071e+03
3.8 5.143771e+03 5.070362e+03 5.055133e+03 5.128542e+03
4.8 5.196754e+03 5.059167e+03 5.045730e+03 5.183317e+03
5.8 5.190332e+03 5.064614e+03 5.039834e+03 5.165552e+03
6.8 5.160581e+03 5.036159e+03 5.037178e+03 5.161600e+03
7.8 5.055604e+03 5.052065e+03 5.036371e+03 5.039911e+03
8.8 5.039013e+03 5.025756e+03 5.036630e+03 5.049886e+03
9.8 5.039921e+03 5.079362e+03 5.037300e+03 4.997860e+03
10.8 4.893548e+03 5.006374e+03 5.037991e+03 4.925165e+03
11.8 4.974151e+03 5.040320e+03 5.038505e+03 4.972336e+03
12.8 4.938302e+03 5.046722e+03 5.038856e+03 4.930435e+03
13.8 5.035773e+03 5.060351e+03 5.043434e+03 5.018856e+03
14.8 4.995175e+03 5.080361e+03 5.060090e+03 4.974903e+03
15.8 5.101047e+03 5.075753e+03 5.061907e+03 5.087200e+03
16.8 5.107281e+03 5.062763e+03 5.052446e+03 5.096964e+03
17.8 4.960384e+03 5.035209e+03 5.044176e+03 4.969350e+03
0.2 4.938302e+03 5.046722e+03 5.038856e+03 4.930435e+03
1.2 5.035773e+03 5.060351e+03 5.043434e+03 5.018856e+03
2.2 4.995175e+03 5.080361e+03 5.060090e+03 4.974903e+03
3.2 5.101047e+03 5.075753e+03 5.061907e+03 5.087200e+03
4.2 5.107281e+03 5.062763e+03 5.052446e+03 5.096964e+03
5.2 4.960384e+03 5.035209e+03 5.044176e+03 4.969350e+03
6.2 4.866076e+03 5.022546e+03 5.039853e+03 4.883383e+03
7.2 4.848098e+03 5.018547e+03 5.038048e+03 4.867599e+03
8.2 4.814680e+03 4.948702e+03 5.037741e+03 4.903720e+03
9.2 4.889987e+03 4.992945e+03 5.038216e+03 4.935258e+03
10.2 4.794144e+03 4.982791e+03 5.038924e+03 4.850277e+03
11.2 4.814216e+03 4.991128e+03 5.039528e+03 4.862616e+03
12.2 4.918308e+03 5.026341e+03 5.039954e+03 4.931920e+03
13.2 4.908956e+03 5.097798e+03 5.040230e+03 4.851388e+03
14.2 4.907577e+03 5.039795e+03 5.040404e+03 4.908186e+03
15.2 5.179395e+03 5.072776e+03 5.040529e+03 5.147148e+03
16.2 5.254761e+03 5.078504e+03 5.040627e+03 5.216884e+03
17.2 5.151679e+03 4.996710e+03 5.040715e+03 5.195684e+03
0.7 5.075618e+03 5.037907e+03 5.041436e+03 5.079146e+03
1.7 5.033779e+03 5.059885e+03 5.053508e+03 5.027403e+03
2.7 5.073206e+03 5.083311e+03 5.065280e+03 5.055176e+03
3.7 5.049981e+03 5.068558e+03 5.059437e+03 5.040861e+03
4.7 5.037790e+03 5.040819e+03 5.049646e+03 5.046617e+03
5.7 5.001256e+03 5.041350e+03 5.043250e+03 5.003156e+03
6.7 5.003391e+03 5.049497e+03 5.040049e+03 4.993943e+03
7.7 5.041183e+03 5.066818e+03 5.038940e+03 5.013305e+03
8.7 4.965772e+03 5.053613e+03 5.038973e+03 4.951132e+03
9.7 5.007250e+03 5.024712e+03 5.039494e+03 5.022032e+03
10.7 4.994419e+03 5.028843e+03 5.040062e+03 5.005639e+03
11.7 5.010520e+03 5.037202e+03 5.040490e+03 5.013808e+03
12.7 5.056118e+03 5.046942e+03 5.040734e+03 5.049910e+03
13.7 5.014609e+03 5.042861e+03 5.040858e+03 5.012606e+03
14.7 5.049991e+03 5.032608e+03 5.040908e+03 5.058290e+03
15.7 4.992321e+03 5.029455e+03 5.040925e+03 5.003791e+03
16.7 4.990147e+03 5.034665e+03 5.040929e+03 4.996411e+03
17.7 5.027878e+03 5.045956e+03 5.040927e+03 5.022849e+03
0.8 5.071635e+03 5.050019e+03 5.041628e+03 5.063243e+03
1.8 5.071302e+03 5.073237e+03 5.055291e+03 5.053357e+03
2.8 5.071344e+03 5.082535e+03 5.065355e+03 5.054164e+03
3.8 5.029767e+03 5.077682e+03 5.058447e+03 5.010533e+03
4.8 5.087041e+03 5.061024e+03 5.048900e+03 5.074917e+03
5.8 5.133227e+03 5.025108e+03 5.042929e+03 5.151047e+03
6.8 5.015142e+03 5.034051e+03 5.040027e+03 5.021118e+03
7.8 5.074784e+03 5.037582e+03 5.039109e+03 5.076312e+03
8.8 5.039735e+03 5.045994e+03 5.039263e+03 5.033004e+03
9.8 5.068457e+03 5.041915e+03 5.039851e+03 5.066392e+03
10.8 5.024558e+03 5.039397e+03 5.040455e+03 5.025616e+03
11.8 5.004480e+03 5.048456e+03 5.040912e+03 4.996936e+03
12.8 5.047769e+03 5.044066e+03 5.041189e+03 5.044892e+03
13.8 4.954562e+03 5.051583e+03 5.041351e+03 4.944330e+03
14.8 5.014886e+03 5.029131e+03 5.041446e+03 5.027200e+03
15.8 5.081460e+03 5.056556e+03 5.041510e+03 5.066414e+03
16.8 5.038600e+03 5.026495e+03 5.041563e+03 5.053667e+03
17.8 5.042749e+03 5.034685e+03 5.041611e+03 5.049675e+03
