0.4 9.463826e+03 9.541586e+03 9.554276e+03 9.476516e+03
1.4 9.777028e+03 9.871335e+03 9.553493e+03 9.459186e+03
2.4 9.531482e+03 9.575295e+03 9.550715e+03 9.506902e+03
3.4 9.547488e+03 9.578443e+03 9.549858e+03 9.518903e+03
4.4 9.655995e+03 9.606028e+03 9.551389e+03 9.601356e+03
5.4 9.594586e+03 9.623927e+03 9.552989e+03 9.523649e+03
6.4 9.243929e+03 9.579522e+03 9.553825e+03 9.218231e+03
7.4 9.815697e+03 9.674202e+03 9.552719e+03 9.694215e+03
8.4 9.626537e+03 9.547043e+03 9.549932e+03 9.629427e+03
9.4 9.160775e+03 9.592419e+03 9.549934e+03 9.118290e+03
10.4 9.404777e+03 9.662983e+03 9.551712e+03 9.293507e+03
11.4 9.438480e+03 9.435832e+03 9.553108e+03 9.555757e+03
12.4 9.491672e+03 9.625383e+03 9.553820e+03 9.420108e+03
13.4 9.449663e+03 9.345113e+03 9.553095e+03 9.657644e+03
14.4 9.441506e+03 9.540799e+03 9.550573e+03 9.451280e+03
15.4 9.343958e+03 9.525447e+03 9.550281e+03 9.368792e+03
16.4 9.669818e+03 9.498327e+03 9.551688e+03 9.723180e+03
17.4 9.540947e+03 9.504410e+03 9.552894e+03 9.589432e+03
0.8 9.243929e+03 9.579522e+03 9.553825e+03 9.218231e+03
1.8 9.815697e+03 9.674202e+03 9.552719e+03 9.694215e+03
2.8 9.626537e+03 9.547043e+03 9.549932e+03 9.629427e+03
3.8 9.160775e+03 9.592419e+03 9.549934e+03 9.118290e+03
4.8 9.404777e+03 9.662983e+03 9.551712e+03 9.293507e+03
5.8 9.438480e+03 9.435832e+03 9.553108e+03 9.555757e+03
6.8 9.491672e+03 9.625383e+03 9.553820e+03 9.420108e+03
7.8 9.449663e+03 9.345113e+03 9.553095e+03 9.657644e+03
8.8 9.441506e+03 9.540799e+03 9.550573e+03 9.451280e+03
9.8 9.343958e+03 9.525447e+03 9.550281e+03 9.368792e+03
10.8 9.669818e+03 9.498327e+03 9.551688e+03 9.723180e+03
11.8 9.540947e+03 9.504410e+03 9.552894e+03 9.589432e+03
12.8 9.330975e+03 9.589685e+03 9.553541e+03 9.294831e+03
13.8 9.111956e+03 9.474172e+03 9.553779e+03 9.191562e+03
14.8 9.597109e+03 9.528344e+03 9.553788e+03 9.622553e+03
15.8 9.883385e+03 9.488360e+03 9.553681e+03 9.948705e+03
16.8 9.729033e+03 9.559882e+03 9.553545e+03 9.722696e+03
17.8 9.408688e+03 9.369396e+03 9.553425e+03 9.592716e+03
0.6 9.491672e+03 9.625383e+03 9.553820e+03 9.420108e+03
1.6 9.449663e+03 9.345113e+03 9.553095e+03 9.657644e+03
2.6 9.441506e+03 9.540799e+03 9.550573e+03 9.451280e+03
3.6 9.343958e+03 9.525447e+03 9.550281e+03 9.368792e+03
4.6 9.669818e+03 9.498327e+03 9.551688e+03 9.723180e+03
5.6 9.540947e+03 9.504410e+03 9.552894e+03 9.589432e+03
6.6 9.330975e+03 9.589685e+03 9.553541e+03 9.294831e+03
7.6 9.111956e+03 9.474172e+03 9.553779e+03 9.191562e+03
8.6 9.597109e+03 9.528344e+03 9.553788e+03 9.622553e+03
9.6 9.883385e+03 9.488360e+03 9.553681e+03 9.948705e+03
10.6 9.729033e+03 9.559882e+03 9.553545e+03 9.722696e+03
11.6 9.408688e+03 9.369396e+03 9.553425e+03 9.592716e+03
12.6 9.461959e+03 9.412109e+03 9.553337e+03 9.603187e+03
13.6 9.655806e+03 9.392177e+03 9.553276e+03 9.816904e+03
14.6 9.519060e+03 9.608377e+03 9.553232e+03 9.463914e+03
15.6 9.295746e+03 9.564672e+03 9.553197e+03 9.284270e+03
16.6 9.570476e+03 9.499645e+03 9.553166e+03 9.623997e+03
17.6 9.540515e+03 9.560209e+03 9.553138e+03 9.533444e+03
0.9 9.348306e+03 9.099984e+03 9.552802e+03 9.801124e+03
1.9 9.599577e+03 9.614393e+03 9.551083e+03 9.536267e+03
2.9 9.625453e+03 9.573344e+03 9.548560e+03 9.600669e+03
3.9 9.568749e+03 9.547281e+03 9.549068e+03 9.570536e+03
4.9 9.627354e+03 9.533448e+03 9.550943e+03 9.644849e+03
5.9 9.058193e+03 9.327819e+03 9.552300e+03 9.282675e+03
6.9 9.815786e+03 9.554790e+03 9.553007e+03 9.814004e+03
7.9 9.755070e+03 9.557631e+03 9.553291e+03 9.750731e+03
8.9 9.754727e+03 9.634115e+03 9.553321e+03 9.673932e+03
9.9 9.260454e+03 9.645191e+03 9.553234e+03 9.168496e+03
10.9 9.868290e+03 9.669526e+03 9.553126e+03 9.751890e+03
11.9 9.772632e+03 9.502335e+03 9.553042e+03 9.823338e+03
12.9 9.689821e+03 9.559433e+03 9.552990e+03 9.683378e+03
13.9 9.718247e+03 9.560913e+03 9.552964e+03 9.710298e+03
14.9 9.884217e+03 9.646769e+03 9.552954e+03 9.790402e+03
15.9 9.770623e+03 9.582800e+03 9.552951e+03 9.740774e+03
16.9 9.294475e+03 9.538688e+03 9.552952e+03 9.308738e+03
17.9 9.272197e+03 9.529579e+03 9.552953e+03 9.295571e+03
0.1 9.718487e+03 9.624390e+03 9.552973e+03 9.647070e+03
1.1 9.378805e+03 9.564619e+03 9.552713e+03 9.366899e+03
2.1 9.538677e+03 9.559478e+03 9.550502e+03 9.529701e+03
3.1 9.619505e+03 9.549903e+03 9.548992e+03 9.618593e+03
4.1 9.645691e+03 9.469318e+03 9.550115e+03 9.726488e+03
5.1 9.183699e+03 9.252136e+03 9.551719e+03 9.483282e+03
6.1 9.469068e+03 9.570038e+03 9.552702e+03 9.451733e+03
7.1 9.533438e+03 9.465695e+03 9.553174e+03 9.620917e+03
8.1 9.454514e+03 9.576709e+03 9.553332e+03 9.431137e+03
9.1 9.565771e+03 9.565473e+03 9.553310e+03 9.553609e+03
10.1 9.211606e+03 9.388055e+03 9.553215e+03 9.376767e+03
11.1 9.649295e+03 9.598802e+03 9.553121e+03 9.603614e+03
12.1 9.615926e+03 9.580020e+03 9.553053e+03 9.588958e+03
13.1 9.475924e+03 9.531761e+03 9.553012e+03 9.497175e+03
14.1 9.756540e+03 9.485617e+03 9.552993e+03 9.823916e+03
15.1 9.568252e+03 9.614046e+03 9.552985e+03 9.507191e+03
16.1 9.828135e+03 9.748577e+03 9.552982e+03 9.632540e+03
17.1 9.652667e+03 9.656292e+03 9.552982e+03 9.549357e+03
0.3 9.670997e+03 9.556920e+03 9.552983e+03 9.667060e+03
1.3 9.560782e+03 9.650728e+03 9.552472e+03 9.462526e+03
2.3 9.241364e+03 9.551813e+03 9.550478e+03 9.240029e+03
3.3 9.574759e+03 9.470501e+03 9.550112e+03 9.654370e+03
4.3 9.643520e+03 9.524852e+03 9.551288e+03 9.669956e+03
5.3 9.236591e+03 9.333403e+03 9.552345e+03 9.455533e+03
6.3 9.363850e+03 9.390971e+03 9.552948e+03 9.525827e+03
7.3 9.773385e+03 9.539940e+03 9.553205e+03 9.786650e+03
8.3 9.870770e+03 9.611160e+03 9.553268e+03 9.812877e+03
9.3 9.745146e+03 9.600062e+03 9.553228e+03 9.698312e+03
10.3 9.879708e+03 9.687529e+03 9.553157e+03 9.745336e+03
11.3 9.745815e+03 9.677032e+03 9.553094e+03 9.621877e+03
12.3 9.645219e+03 9.601462e+03 9.553054e+03 9.596811e+03
13.3 9.412115e+03 9.580395e+03 9.553035e+03 9.384755e+03
14.3 9.546020e+03 9.490196e+03 9.553028e+03 9.608851e+03
15.3 9.389188e+03 9.465707e+03 9.553028e+03 9.476509e+03
16.3 9.738689e+03 9.651959e+03 9.553032e+03 9.639762e+03
17.3 9.916763e+03 9.886652e+03 9.553037e+03 9.583148e+03
0.1 9.380358e+03 9.606927e+03 9.553206e+03 9.326638e+03
1.1 9.511954e+03 9.500115e+03 9.552960e+03 9.564799e+03
2.1 9.829198e+03 9.633985e+03 9.550695e+03 9.745908e+03
3.1 9.494594e+03 9.564356e+03 9.549268e+03 9.479505e+03
4.1 9.614771e+03 9.525251e+03 9.550406e+03 9.639927e+03
5.1 9.709014e+03 9.428691e+03 9.552026e+03 9.832348e+03
6.1 9.516095e+03 9.442532e+03 9.553024e+03 9.626587e+03
7.1 9.673004e+03 9.470334e+03 9.553519e+03 9.756189e+03
8.1 9.624534e+03 9.597052e+03 9.553686e+03 9.581168e+03
9.1 9.378134e+03 9.521996e+03 9.553681e+03 9.409819e+03
10.1 9.361395e+03 9.636660e+03 9.553603e+03 9.278338e+03
11.1 9.176646e+03 9.560358e+03 9.553527e+03 9.169815e+03
12.1 9.088552e+03 9.529925e+03 9.553339e+03 9.111966e+03
13.1 9.484200e+03 9.452160e+03 9.551445e+03 9.583486e+03
14.1 9.770764e+03 9.594969e+03 9.549741e+03 9.725535e+03
15.1 9.249101e+03 9.573586e+03 9.550628e+03 9.226143e+03
16.1 9.510049e+03 9.503767e+03 9.552143e+03 9.558425e+03
17.1 9.426645e+03 9.501556e+03 9.553171e+03 9.478260e+03
1.0 9.088552e+03 9.529925e+03 9.553339e+03 9.111966e+03
2.0 9.484200e+03 9.452160e+03 9.551445e+03 9.583486e+03
3.0 9.770764e+03 9.594969e+03 9.549741e+03 9.725535e+03
4.0 9.249101e+03 9.573586e+03 9.550628e+03 9.226143e+03
5.0 9.510049e+03 9.503767e+03 9.552143e+03 9.558425e+03
6.0 9.426645e+03 9.501556e+03 9.553171e+03 9.478260e+03
7.0 9.511617e+03 9.410503e+03 9.553670e+03 9.654784e+03
8.0 9.515487e+03 9.619233e+03 9.553860e+03 9.450115e+03
9.0 9.405102e+03 9.570744e+03 9.553873e+03 9.388230e+03
10.0 9.558021e+03 9.619946e+03 9.553810e+03 9.491885e+03
11.0 9.999666e+03 9.691478e+03 9.553738e+03 9.861926e+03
12.0 9.543600e+03 9.589627e+03 9.553692e+03 9.507664e+03
13.0 9.362728e+03 9.574954e+03 9.553674e+03 9.341447e+03
14.0 9.150912e+03 9.620545e+03 9.553671e+03 9.084038e+03
15.0 9.682562e+03 9.735709e+03 9.552899e+03 9.499753e+03
16.0 9.814698e+03 9.590033e+03 9.550011e+03 9.774676e+03
17.0 9.507887e+03 9.568112e+03 9.549188e+03 9.488963e+03
18.0 9.447027e+03 9.555531e+03 9.550849e+03 9.442346e+03
0.5 9.150912e+03 9.620545e+03 9.553671e+03 9.084038e+03
1.5 9.682562e+03 9.735709e+03 9.552899e+03 9.499753e+03
2.5 9.814698e+03 9.590033e+03 9.550011e+03 9.774676e+03
3.5 9.507887e+03 9.568112e+03 9.549188e+03 9.488963e+03
4.5 9.447027e+03 9.555531e+03 9.550849e+03 9.442346e+03
5.5 9.220762e+03 9.544751e+03 9.552622e+03 9.228633e+03
6.5 9.831102e+03 9.743668e+03 9.553638e+03 9.641071e+03
7.5 9.802458e+03 9.629009e+03 9.554115e+03 9.727564e+03
8.5 9.770000e+03 9.634999e+03 9.554252e+03 9.689254e+03
9.5 9.724067e+03 9.397494e+03 9.554046e+03 9.880620e+03
10.5 9.562840e+03 9.520739e+03 9.551754e+03 9.593854e+03
11.5 9.647912e+03 9.582232e+03 9.549297e+03 9.614977e+03
12.5 9.731955e+03 9.531169e+03 9.550079e+03 9.750864e+03
13.5 9.638248e+03 9.477937e+03 9.552016e+03 9.712327e+03
14.5 9.276268e+03 9.306182e+03 9.553404e+03 9.523489e+03
15.5 9.421731e+03 9.424727e+03 9.554131e+03 9.551136e+03
1.0 9.724067e+03 9.397494e+03 9.554046e+03 9.880620e+03
2.0 9.562840e+03 9.520739e+03 9.551754e+03 9.593854e+03
3.0 9.647912e+03 9.582232e+03 9.549297e+03 9.614977e+03
4.0 9.731955e+03 9.531169e+03 9.550079e+03 9.750864e+03
5.0 9.638248e+03 9.477937e+03 9.552016e+03 9.712327e+03
6.0 9.276268e+03 9.306182e+03 9.553404e+03 9.523489e+03
7.0 9.421731e+03 9.424727e+03 9.554131e+03 9.551136e+03
