0.5 1.253130e+04 1.263811e+04 1.260189e+04 1.249507e+04
1.5 1.253578e+04 1.261630e+04 1.260369e+04 1.252317e+04
2.5 1.254101e+04 1.259744e+04 1.261089e+04 1.255446e+04
3.5 1.277446e+04 1.260803e+04 1.261841e+04 1.278484e+04
4.5 1.260822e+04 1.261748e+04 1.262277e+04 1.261350e+04
5.5 1.266046e+04 1.262151e+04 1.262439e+04 1.266334e+04
6.5 1.259039e+04 1.262011e+04 1.262445e+04 1.259472e+04
7.5 1.262255e+04 1.262164e+04 1.262384e+04 1.262475e+04
8.5 1.249975e+04 1.261804e+04 1.262312e+04 1.250483e+04
9.5 1.260697e+04 1.261931e+04 1.262252e+04 1.261017e+04
10.5 1.253871e+04 1.261433e+04 1.262212e+04 1.254651e+04
11.5 1.271922e+04 1.261673e+04 1.262190e+04 1.272440e+04
12.5 1.262560e+04 1.262155e+04 1.262180e+04 1.262585e+04
13.5 1.280288e+04 1.262490e+04 1.262176e+04 1.279974e+04
14.5 1.266371e+04 1.262002e+04 1.262175e+04 1.266545e+04
15.5 1.272525e+04 1.261863e+04 1.262176e+04 1.272838e+04
16.5 1.280898e+04 1.261747e+04 1.262177e+04 1.281327e+04
17.5 1.257621e+04 1.262338e+04 1.262155e+04 1.257437e+04
18.5 1.252405e+04 1.260739e+04 1.261750e+04 1.253416e+04
19.5 1.251219e+04 1.254867e+04 1.260951e+04 1.257303e+04
20.5 1.264499e+04 1.260549e+04 1.260302e+04 1.264251e+04
21.5 1.275116e+04 1.260800e+04 1.260000e+04 1.274315e+04
22.5 1.234562e+04 1.257554e+04 1.259919e+04 1.236927e+04
23.5 1.263191e+04 1.264423e+04 1.259951e+04 1.258718e+04
24.5 1.254819e+04 1.261624e+04 1.260022e+04 1.253217e+04
25.5 1.243997e+04 1.252111e+04 1.260096e+04 1.251982e+04
26.5 1.240132e+04 1.252223e+04 1.260150e+04 1.248059e+04
27.5 1.263987e+04 1.250529e+04 1.260184e+04 1.273643e+04
28.5 1.264098e+04 1.255972e+04 1.260204e+04 1.268329e+04
29.5 1.266809e+04 1.257290e+04 1.260214e+04 1.269733e+04
30.5 1.249728e+04 1.254004e+04 1.260220e+04 1.255943e+04
31.5 1.270945e+04 1.258790e+04 1.260223e+04 1.272378e+04
32.5 1.251108e+04 1.254397e+04 1.260226e+04 1.256937e+04
33.5 1.250452e+04 1.256706e+04 1.260229e+04 1.253975e+04
0.3 1.271717e+04 1.258044e+04 1.259875e+04 1.273549e+04
1.3 1.257731e+04 1.257422e+04 1.259973e+04 1.260282e+04
2.3 1.262059e+04 1.259713e+04 1.260604e+04 1.262950e+04
3.3 1.251255e+04 1.261545e+04 1.261374e+04 1.251083e+04
4.3 1.267543e+04 1.261366e+04 1.261854e+04 1.268032e+04
5.3 1.250708e+04 1.261138e+04 1.262041e+04 1.251610e+04
6.3 1.263079e+04 1.260764e+04 1.262049e+04 1.264365e+04
7.3 1.259456e+04 1.260924e+04 1.261979e+04 1.260512e+04
8.3 1.255583e+04 1.261393e+04 1.261890e+04 1.256080e+04
9.3 1.260755e+04 1.261975e+04 1.261810e+04 1.260590e+04
10.3 1.240301e+04 1.261047e+04 1.261749e+04 1.241004e+04
11.3 1.265049e+04 1.260964e+04 1.261707e+04 1.265792e+04
12.3 1.244471e+04 1.262328e+04 1.261677e+04 1.243820e+04
13.3 1.262917e+04 1.261272e+04 1.261654e+04 1.263298e+04
14.3 1.267996e+04 1.261464e+04 1.261634e+04 1.268165e+04
15.3 1.257344e+04 1.260073e+04 1.261615e+04 1.258886e+04
16.3 1.262391e+04 1.261638e+04 1.261597e+04 1.262350e+04
17.3 1.250011e+04 1.260966e+04 1.261570e+04 1.250616e+04
18.3 1.271546e+04 1.260171e+04 1.261245e+04 1.272621e+04
19.3 1.261240e+04 1.261483e+04 1.260452e+04 1.260209e+04
20.3 1.276981e+04 1.260501e+04 1.259726e+04 1.276206e+04
21.3 1.252240e+04 1.261232e+04 1.259351e+04 1.250359e+04
22.3 1.245428e+04 1.260352e+04 1.259218e+04 1.244294e+04
23.3 1.259565e+04 1.263807e+04 1.259214e+04 1.254971e+04
