0.3 8.984285e+03 9.015644e+03 8.969198e+03 8.937839e+03
1.3 8.982981e+03 8.983942e+03 9.000812e+03 8.999850e+03
2.3 9.067650e+03 9.028888e+03 9.081666e+03 9.120427e+03
3.3 9.079023e+03 9.010215e+03 9.080310e+03 9.149119e+03
4.3 8.987300e+03 8.972857e+03 9.030601e+03 9.045044e+03
5.3 9.128824e+03 9.033538e+03 8.992475e+03 9.087761e+03
6.3 9.132349e+03 9.054514e+03 8.972192e+03 9.050026e+03
7.3 8.997264e+03 8.999851e+03 8.971164e+03 8.968576e+03
8.3 8.988766e+03 9.014617e+03 9.046008e+03 9.020157e+03
9.3 8.961685e+03 9.018261e+03 9.086989e+03 9.030414e+03
10.3 8.877669e+03 8.963957e+03 9.050557e+03 8.964269e+03
11.3 8.842974e+03 8.913157e+03 9.006504e+03 8.936321e+03
12.3 8.653143e+03 8.892924e+03 8.981429e+03 8.741648e+03
13.3 8.866049e+03 8.965228e+03 8.970210e+03 8.871030e+03
14.3 9.081395e+03 9.045865e+03 8.967340e+03 9.002870e+03
15.3 9.065526e+03 9.026736e+03 8.969196e+03 9.007986e+03
16.3 8.957415e+03 9.000839e+03 8.972821e+03 8.929397e+03
17.3 8.809580e+03 8.972017e+03 8.976210e+03 8.813773e+03
0.9 8.997264e+03 8.999851e+03 8.971164e+03 8.968576e+03
1.9 8.988766e+03 9.014617e+03 9.046008e+03 9.020157e+03
2.9 8.961685e+03 9.018261e+03 9.086989e+03 9.030414e+03
3.9 8.877669e+03 8.963957e+03 9.050557e+03 8.964269e+03
4.9 8.842974e+03 8.913157e+03 9.006504e+03 8.936321e+03
5.9 8.653143e+03 8.892924e+03 8.981429e+03 8.741648e+03
6.9 8.866049e+03 8.965228e+03 8.970210e+03 8.871030e+03
7.9 9.081395e+03 9.045865e+03 8.967340e+03 9.002870e+03
8.9 9.065526e+03 9.026736e+03 8.969196e+03 9.007986e+03
9.9 8.957415e+03 9.000839e+03 8.972821e+03 8.929397e+03
10.9 8.809580e+03 8.972017e+03 8.976210e+03 8.813773e+03
11.9 8.873265e+03 9.033599e+03 8.978737e+03 8.818404e+03
12.9 8.876452e+03 9.077840e+03 8.980439e+03 8.779051e+03
13.9 8.791559e+03 9.011978e+03 8.981541e+03 8.761122e+03
14.9 8.877590e+03 8.930201e+03 8.982332e+03 8.929721e+03
15.9 8.890193e+03 8.882792e+03 8.982960e+03 8.990361e+03
16.9 8.934363e+03 8.861847e+03 8.983514e+03 9.056030e+03
17.9 8.979909e+03 8.865850e+03 8.984032e+03 9.098091e+03
0.2 9.101399e+03 9.004998e+03 8.983518e+03 9.079919e+03
1.2 9.026404e+03 8.949320e+03 9.005153e+03 9.082237e+03
2.2 9.023977e+03 8.985593e+03 9.087622e+03 9.126007e+03
3.2 8.972714e+03 8.982441e+03 9.095930e+03 9.086202e+03
4.2 9.012224e+03 9.020315e+03 9.047835e+03 9.039745e+03
5.2 9.179023e+03 9.050658e+03 9.006724e+03 9.135089e+03
6.2 9.088925e+03 9.031159e+03 9.027089e+03 9.084855e+03
7.2 9.136221e+03 9.032085e+03 9.090830e+03 9.194966e+03
8.2 9.126497e+03 8.973527e+03 9.073244e+03 9.226214e+03
9.2 9.038623e+03 8.906838e+03 9.025152e+03 9.156936e+03
10.2 8.963776e+03 8.906938e+03 8.992206e+03 9.049045e+03
11.2 9.015651e+03 8.995122e+03 8.976051e+03 8.996580e+03
12.2 8.980555e+03 8.999023e+03 8.970583e+03 8.952114e+03
13.2 8.938743e+03 8.977856e+03 8.970826e+03 8.931712e+03
14.2 9.030232e+03 8.950987e+03 8.973620e+03 9.052865e+03
15.2 8.963919e+03 8.912288e+03 8.976739e+03 9.028370e+03
16.2 8.979577e+03 8.962700e+03 8.979164e+03 8.996041e+03
17.2 9.044999e+03 9.035576e+03 8.980596e+03 8.990019e+03
0.5 9.179023e+03 9.050658e+03 9.006724e+03 9.135089e+03
1.5 9.088925e+03 9.031159e+03 9.027089e+03 9.084855e+03
2.5 9.136221e+03 9.032085e+03 9.090830e+03 9.194966e+03
3.5 9.126497e+03 8.973527e+03 9.073244e+03 9.226214e+03
4.5 9.038623e+03 8.906838e+03 9.025152e+03 9.156936e+03
5.5 8.963776e+03 8.906938e+03 8.992206e+03 9.049045e+03
6.5 9.015651e+03 8.995122e+03 8.976051e+03 8.996580e+03
7.5 8.980555e+03 8.999023e+03 8.970583e+03 8.952114e+03
8.5 8.938743e+03 8.977856e+03 8.970826e+03 8.931712e+03
9.5 9.030232e+03 8.950987e+03 8.973620e+03 9.052865e+03
10.5 8.963919e+03 8.912288e+03 8.976739e+03 9.028370e+03
11.5 8.979577e+03 8.962700e+03 8.979164e+03 8.996041e+03
12.5 9.044999e+03 9.035576e+03 8.980596e+03 8.990019e+03
13.5 9.022375e+03 9.027209e+03 8.981356e+03 8.976521e+03
14.5 8.960837e+03 9.036220e+03 8.981688e+03 8.906304e+03
15.5 8.966723e+03 8.988556e+03 8.981825e+03 8.959992e+03
16.5 8.883109e+03 8.943939e+03 8.981880e+03 8.921049e+03
17.5 8.942097e+03 9.009389e+03 8.981902e+03 8.914610e+03
0.8 8.926089e+03 8.950931e+03 8.985023e+03 8.960181e+03
1.8 8.868729e+03 8.950886e+03 9.051585e+03 8.969428e+03
2.8 8.885507e+03 8.971108e+03 9.104225e+03 9.018625e+03
3.8 8.810475e+03 8.928293e+03 9.070892e+03 8.953074e+03
4.8 8.905687e+03 8.932935e+03 9.022754e+03 8.995506e+03
5.8 9.045228e+03 8.998885e+03 8.992330e+03 9.038673e+03
6.8 9.026175e+03 8.976428e+03 8.977437e+03 9.027185e+03
7.8 8.992009e+03 8.948074e+03 8.972617e+03 9.016552e+03
8.8 9.030501e+03 9.007018e+03 8.973249e+03 8.996733e+03
9.8 8.995168e+03 8.987696e+03 8.976119e+03 8.983592e+03
10.8 8.895493e+03 8.936810e+03 8.979109e+03 8.937791e+03
11.8 9.010145e+03 9.008562e+03 8.981367e+03 8.982950e+03
12.8 9.034645e+03 9.085207e+03 8.982719e+03 8.932157e+03
13.8 9.013207e+03 9.029185e+03 8.983488e+03 8.967511e+03
14.8 8.970656e+03 9.009793e+03 8.983911e+03 8.944775e+03
15.8 9.079426e+03 8.995711e+03 8.984180e+03 9.067896e+03
16.8 9.025580e+03 8.988437e+03 8.984389e+03 9.021532e+03
17.8 9.083927e+03 9.043234e+03 8.984577e+03 9.025270e+03
0.1 9.083927e+03 9.043234e+03 8.984577e+03 9.025270e+03
1.1 9.066406e+03 9.026655e+03 9.001821e+03 9.041572e+03
2.1 9.083824e+03 9.027512e+03 9.084569e+03 9.140880e+03
3.1 8.927415e+03 8.993124e+03 9.101215e+03 9.035506e+03
4.1 8.983211e+03 9.013513e+03 9.054066e+03 9.023763e+03
5.1 9.028564e+03 9.051304e+03 9.011709e+03 8.988970e+03
6.1 9.003005e+03 9.029832e+03 8.987727e+03 8.960899e+03
7.1 8.981677e+03 9.045318e+03 8.977668e+03 8.914026e+03
8.1 9.023599e+03 8.989097e+03 8.975429e+03 9.009931e+03
9.1 8.879585e+03 8.906203e+03 8.977388e+03 8.950769e+03
10.1 8.863287e+03 8.855776e+03 8.980621e+03 8.988132e+03
11.1 8.866432e+03 8.858651e+03 8.983568e+03 8.991349e+03
12.1 8.962852e+03 8.965600e+03 8.985570e+03 8.982823e+03
13.1 9.018967e+03 9.009270e+03 8.986809e+03 8.996506e+03
14.1 9.031560e+03 9.030592e+03 8.987568e+03 8.988536e+03
15.1 9.072211e+03 9.043770e+03 8.988060e+03 9.016501e+03
16.1 8.991857e+03 9.034826e+03 8.988439e+03 8.945470e+03
17.1 9.025043e+03 9.092370e+03 8.988773e+03 8.921446e+03
