0.3 9.828492e+03 9.884530e+03 9.889475e+03 9.833436e+03
1.3 9.854370e+03 9.888846e+03 9.883736e+03 9.849260e+03
2.3 9.875022e+03 9.879524e+03 9.869057e+03 9.864556e+03
3.3 9.956559e+03 9.881947e+03 9.869303e+03 9.943915e+03
4.3 9.967861e+03 9.888070e+03 9.878328e+03 9.958118e+03
5.3 9.967136e+03 9.877277e+03 9.885249e+03 9.975108e+03
6.3 9.941466e+03 9.873108e+03 9.888932e+03 9.957289e+03
7.3 9.839668e+03 9.881709e+03 9.889118e+03 9.847077e+03
8.3 9.834296e+03 9.877645e+03 9.875531e+03 9.832182e+03
9.3 9.813817e+03 9.875837e+03 9.868090e+03 9.806070e+03
10.3 9.852290e+03 9.884757e+03 9.874705e+03 9.842238e+03
11.3 9.848774e+03 9.893166e+03 9.882702e+03 9.838311e+03
12.3 9.769910e+03 9.895093e+03 9.887255e+03 9.762071e+03
13.3 9.856877e+03 9.865988e+03 9.889291e+03 9.880181e+03
14.3 9.865417e+03 9.835364e+03 9.889812e+03 9.919866e+03
15.3 9.820066e+03 9.842831e+03 9.889476e+03 9.866710e+03
16.3 9.797231e+03 9.854096e+03 9.888817e+03 9.831952e+03
17.3 9.825629e+03 9.867663e+03 9.888202e+03 9.846168e+03
0.9 9.839668e+03 9.881709e+03 9.889118e+03 9.847077e+03
1.9 9.834296e+03 9.877645e+03 9.875531e+03 9.832182e+03
2.9 9.813817e+03 9.875837e+03 9.868090e+03 9.806070e+03
3.9 9.852290e+03 9.884757e+03 9.874705e+03 9.842238e+03
4.9 9.848774e+03 9.893166e+03 9.882702e+03 9.838311e+03
5.9 9.769910e+03 9.895093e+03 9.887255e+03 9.762071e+03
6.9 9.856877e+03 9.865988e+03 9.889291e+03 9.880181e+03
7.9 9.865417e+03 9.835364e+03 9.889812e+03 9.919866e+03
8.9 9.820066e+03 9.842831e+03 9.889476e+03 9.866710e+03
9.9 9.797231e+03 9.854096e+03 9.888817e+03 9.831952e+03
10.9 9.825629e+03 9.867663e+03 9.888202e+03 9.846168e+03
11.9 9.798188e+03 9.864718e+03 9.887743e+03 9.821213e+03
12.9 9.789804e+03 9.861182e+03 9.887434e+03 9.816057e+03
13.9 9.793989e+03 9.873385e+03 9.887234e+03 9.807838e+03
14.9 9.848973e+03 9.886715e+03 9.887091e+03 9.849348e+03
15.9 9.862424e+03 9.893566e+03 9.886977e+03 9.855835e+03
16.9 9.934213e+03 9.895849e+03 9.886876e+03 9.925239e+03
17.9 9.999326e+03 9.897131e+03 9.886782e+03 9.988977e+03
0.2 9.874176e+03 9.876127e+03 9.886875e+03 9.884925e+03
1.2 9.858186e+03 9.887054e+03 9.882948e+03 9.854080e+03
2.2 9.823549e+03 9.881391e+03 9.867976e+03 9.810134e+03
3.2 9.871145e+03 9.882864e+03 9.866467e+03 9.854748e+03
4.2 9.944813e+03 9.877486e+03 9.875199e+03 9.942525e+03
5.2 9.921130e+03 9.873074e+03 9.882662e+03 9.930719e+03
6.2 9.855259e+03 9.876427e+03 9.878965e+03 9.857798e+03
7.2 9.875562e+03 9.875754e+03 9.867393e+03 9.867201e+03
8.2 9.947052e+03 9.886059e+03 9.870586e+03 9.931579e+03
9.2 9.888516e+03 9.897993e+03 9.879317e+03 9.869840e+03
10.2 9.851194e+03 9.890659e+03 9.885298e+03 9.845833e+03
11.2 9.835753e+03 9.855440e+03 9.888231e+03 9.868544e+03
12.2 9.814823e+03 9.853936e+03 9.889224e+03 9.850110e+03
13.2 9.818626e+03 9.864359e+03 9.889180e+03 9.843446e+03
14.2 9.888183e+03 9.876208e+03 9.888672e+03 9.900648e+03
15.2 9.893529e+03 9.890420e+03 9.888106e+03 9.891215e+03
16.2 9.830520e+03 9.871312e+03 9.887666e+03 9.846874e+03
17.2 9.804390e+03 9.844087e+03 9.887406e+03 9.847708e+03
0.5 9.921130e+03 9.873074e+03 9.882662e+03 9.930719e+03
1.5 9.855259e+03 9.876427e+03 9.878965e+03 9.857798e+03
2.5 9.875562e+03 9.875754e+03 9.867393e+03 9.867201e+03
3.5 9.947052e+03 9.886059e+03 9.870586e+03 9.931579e+03
4.5 9.888516e+03 9.897993e+03 9.879317e+03 9.869840e+03
5.5 9.851194e+03 9.890659e+03 9.885298e+03 9.845833e+03
6.5 9.835753e+03 9.855440e+03 9.888231e+03 9.868544e+03
7.5 9.814823e+03 9.853936e+03 9.889224e+03 9.850110e+03
8.5 9.818626e+03 9.864359e+03 9.889180e+03 9.843446e+03
9.5 9.888183e+03 9.876208e+03 9.888672e+03 9.900648e+03
10.5 9.893529e+03 9.890420e+03 9.888106e+03 9.891215e+03
11.5 9.830520e+03 9.871312e+03 9.887666e+03 9.846874e+03
12.5 9.804390e+03 9.844087e+03 9.887406e+03 9.847708e+03
13.5 9.807281e+03 9.853825e+03 9.887268e+03 9.840723e+03
14.5 9.809660e+03 9.868260e+03 9.887208e+03 9.828607e+03
15.5 9.822867e+03 9.885235e+03 9.887183e+03 9.824815e+03
16.5 9.859212e+03 9.890288e+03 9.887173e+03 9.856098e+03
17.5 9.791367e+03 9.857387e+03 9.887169e+03 9.821149e+03
0.8 9.939750e+03 9.885575e+03 9.886602e+03 9.940777e+03
1.8 9.880541e+03 9.883334e+03 9.874518e+03 9.871725e+03
2.8 9.907292e+03 9.878721e+03 9.864961e+03 9.893533e+03
3.8 9.895478e+03 9.886534e+03 9.871013e+03 9.879957e+03
4.8 9.937178e+03 9.902548e+03 9.879752e+03 9.914382e+03
5.8 9.984319e+03 9.920218e+03 9.885275e+03 9.949377e+03
6.8 9.965652e+03 9.919804e+03 9.887979e+03 9.933827e+03
7.8 9.984932e+03 9.910924e+03 9.888854e+03 9.962863e+03
8.8 9.923290e+03 9.903579e+03 9.888740e+03 9.908451e+03
9.8 9.913990e+03 9.899201e+03 9.888219e+03 9.903008e+03
10.8 9.924931e+03 9.899133e+03 9.887676e+03 9.913474e+03
11.8 9.993229e+03 9.915659e+03 9.887266e+03 9.964837e+03
12.8 9.932318e+03 9.929841e+03 9.887020e+03 9.889497e+03
13.8 9.877007e+03 9.922732e+03 9.886881e+03 9.841155e+03
14.8 9.834757e+03 9.916026e+03 9.886804e+03 9.805535e+03
15.8 9.879977e+03 9.910731e+03 9.886755e+03 9.856000e+03
16.8 9.920768e+03 9.892460e+03 9.886717e+03 9.915025e+03
17.8 9.918425e+03 9.867641e+03 9.886683e+03 9.937467e+03
0.1 9.918425e+03 9.867641e+03 9.886683e+03 9.937467e+03
1.1 9.875775e+03 9.863008e+03 9.883552e+03 9.896320e+03
2.1 9.858130e+03 9.860299e+03 9.868530e+03 9.866361e+03
3.1 9.837030e+03 9.868995e+03 9.865508e+03 9.833542e+03
4.1 9.914272e+03 9.897590e+03 9.874068e+03 9.890750e+03
5.1 9.895576e+03 9.920881e+03 9.881757e+03 9.856453e+03
6.1 9.847587e+03 9.920105e+03 9.886111e+03 9.813593e+03
7.1 9.833377e+03 9.910878e+03 9.887937e+03 9.810436e+03
8.1 9.909860e+03 9.903311e+03 9.888344e+03 9.894893e+03
9.1 9.903545e+03 9.898630e+03 9.887988e+03 9.892903e+03
10.1 9.926071e+03 9.896454e+03 9.887401e+03 9.917018e+03
11.1 9.919093e+03 9.899331e+03 9.886866e+03 9.906628e+03
12.1 9.895080e+03 9.915619e+03 9.886503e+03 9.865963e+03
13.1 9.896914e+03 9.921673e+03 9.886278e+03 9.861518e+03
14.1 9.836502e+03 9.913433e+03 9.886140e+03 9.809210e+03
15.1 9.873127e+03 9.904280e+03 9.886051e+03 9.854897e+03
16.1 9.843154e+03 9.875728e+03 9.885982e+03 9.853408e+03
17.1 9.811102e+03 9.824703e+03 9.885921e+03 9.872321e+03
