1.0 1.013287e+04 1.020536e+04 1.018853e+04 1.011604e+04
2.0 1.013883e+04 1.017627e+04 1.015860e+04 1.012116e+04
3.0 1.020199e+04 1.014527e+04 1.012864e+04 1.018536e+04
4.0 1.022986e+04 1.015274e+04 1.014236e+04 1.021948e+04
5.0 1.017673e+04 1.016493e+04 1.016828e+04 1.018008e+04
6.0 1.012845e+04 1.017523e+04 1.018519e+04 1.013840e+04
7.0 1.006988e+04 1.015300e+04 1.019362e+04 1.011050e+04
8.0 1.003798e+04 1.013644e+04 1.019678e+04 1.009831e+04
9.0 1.016906e+04 1.015746e+04 1.019683e+04 1.020844e+04
10.0 1.029097e+04 1.018407e+04 1.019555e+04 1.030245e+04
11.0 1.015944e+04 1.019922e+04 1.019416e+04 1.015438e+04
12.0 1.033056e+04 1.020554e+04 1.019316e+04 1.031818e+04
13.0 1.027941e+04 1.020904e+04 1.019259e+04 1.026296e+04
14.0 1.019316e+04 1.022883e+04 1.019237e+04 1.015670e+04
15.0 1.020860e+04 1.024037e+04 1.019234e+04 1.016057e+04
16.0 1.026000e+04 1.021696e+04 1.019241e+04 1.023544e+04
17.0 1.021918e+04 1.018184e+04 1.019252e+04 1.022986e+04
18.0 1.021024e+04 1.018087e+04 1.019265e+04 1.022203e+04
0.3 1.015960e+04 1.018914e+04 1.019395e+04 1.016440e+04
1.3 1.025009e+04 1.016614e+04 1.018626e+04 1.027022e+04
2.3 1.006481e+04 1.013403e+04 1.014798e+04 1.007876e+04
3.3 1.004276e+04 1.012853e+04 1.013483e+04 1.004906e+04
4.3 1.016762e+04 1.014052e+04 1.015648e+04 1.018357e+04
5.3 1.011739e+04 1.015188e+04 1.017919e+04 1.014470e+04
6.3 1.022314e+04 1.018525e+04 1.019279e+04 1.023068e+04
7.3 1.031189e+04 1.023567e+04 1.019886e+04 1.027509e+04
8.3 1.023760e+04 1.025326e+04 1.020066e+04 1.018500e+04
9.3 1.006958e+04 1.023132e+04 1.020012e+04 1.003838e+04
10.3 1.022607e+04 1.019072e+04 1.019878e+04 1.023414e+04
11.3 1.010346e+04 1.017567e+04 1.019751e+04 1.012530e+04
12.3 1.021212e+04 1.018418e+04 1.019672e+04 1.022465e+04
13.3 1.026319e+04 1.021595e+04 1.019632e+04 1.024356e+04
14.3 1.034737e+04 1.023552e+04 1.019620e+04 1.030805e+04
15.3 1.014607e+04 1.022732e+04 1.019622e+04 1.011498e+04
16.3 1.025215e+04 1.020968e+04 1.019630e+04 1.023877e+04
17.3 1.025272e+04 1.017706e+04 1.019641e+04 1.027207e+04
0.6 1.015932e+04 1.018101e+04 1.019688e+04 1.017519e+04
1.6 1.024286e+04 1.016094e+04 1.017976e+04 1.026168e+04
2.6 1.008564e+04 1.012279e+04 1.013284e+04 1.009569e+04
3.6 1.011108e+04 1.012099e+04 1.012513e+04 1.011522e+04
4.6 1.011308e+04 1.013576e+04 1.015402e+04 1.013133e+04
5.6 1.022682e+04 1.015797e+04 1.018144e+04 1.025028e+04
6.6 1.007817e+04 1.018452e+04 1.019644e+04 1.009009e+04
7.6 1.016172e+04 1.020003e+04 1.020051e+04 1.016220e+04
8.6 1.011008e+04 1.017412e+04 1.016806e+04 1.010402e+04
9.6 1.008551e+04 1.014345e+04 1.013458e+04 1.007664e+04
10.6 1.015713e+04 1.015190e+04 1.014764e+04 1.015287e+04
11.6 1.015493e+04 1.016674e+04 1.017407e+04 1.016225e+04
12.6 1.012384e+04 1.018532e+04 1.019195e+04 1.013047e+04
13.6 1.016093e+04 1.018945e+04 1.018906e+04 1.016054e+04
14.6 1.021194e+04 1.016273e+04 1.015706e+04 1.020627e+04
15.6 1.019627e+04 1.016164e+04 1.015418e+04 1.018881e+04
16.6 1.031559e+04 1.016499e+04 1.017382e+04 1.032442e+04
17.6 1.019920e+04 1.017054e+04 1.019028e+04 1.021893e+04
1.0 1.016172e+04 1.020003e+04 1.020051e+04 1.016220e+04
2.0 1.011008e+04 1.017412e+04 1.016806e+04 1.010402e+04
3.0 1.008551e+04 1.014345e+04 1.013458e+04 1.007664e+04
4.0 1.015713e+04 1.015190e+04 1.014764e+04 1.015287e+04
5.0 1.015493e+04 1.016674e+04 1.017407e+04 1.016225e+04
6.0 1.012384e+04 1.018532e+04 1.019195e+04 1.013047e+04
7.0 1.016093e+04 1.018945e+04 1.018906e+04 1.016054e+04
8.0 1.021194e+04 1.016273e+04 1.015706e+04 1.020627e+04
9.0 1.019627e+04 1.016164e+04 1.015418e+04 1.018881e+04
10.0 1.031559e+04 1.016499e+04 1.017382e+04 1.032442e+04
11.0 1.019920e+04 1.017054e+04 1.019028e+04 1.021893e+04
12.0 1.023568e+04 1.018840e+04 1.019910e+04 1.024638e+04
13.0 1.019729e+04 1.020328e+04 1.020252e+04 1.019654e+04
14.0 1.017008e+04 1.021026e+04 1.020298e+04 1.016280e+04
15.0 1.023765e+04 1.019198e+04 1.020194e+04 1.024762e+04
16.0 1.017939e+04 1.015986e+04 1.020053e+04 1.022006e+04
17.0 1.018158e+04 1.015708e+04 1.019933e+04 1.022383e+04
18.0 1.013129e+04 1.014209e+04 1.019858e+04 1.018778e+04
0.4 1.012384e+04 1.018532e+04 1.019195e+04 1.013047e+04
1.4 1.016093e+04 1.018945e+04 1.018906e+04 1.016054e+04
2.4 1.021194e+04 1.016273e+04 1.015706e+04 1.020627e+04
3.4 1.019627e+04 1.016164e+04 1.015418e+04 1.018881e+04
4.4 1.031559e+04 1.016499e+04 1.017382e+04 1.032442e+04
5.4 1.019920e+04 1.017054e+04 1.019028e+04 1.021893e+04
6.4 1.023568e+04 1.018840e+04 1.019910e+04 1.024638e+04
7.4 1.019729e+04 1.020328e+04 1.020252e+04 1.019654e+04
8.4 1.017008e+04 1.021026e+04 1.020298e+04 1.016280e+04
9.4 1.023765e+04 1.019198e+04 1.020194e+04 1.024762e+04
10.4 1.017939e+04 1.015986e+04 1.020053e+04 1.022006e+04
11.4 1.018158e+04 1.015708e+04 1.019933e+04 1.022383e+04
12.4 1.013129e+04 1.014209e+04 1.019858e+04 1.018778e+04
13.4 1.006300e+04 1.015341e+04 1.019816e+04 1.010776e+04
14.4 1.014886e+04 1.020348e+04 1.019796e+04 1.014334e+04
15.4 1.011096e+04 1.024209e+04 1.019787e+04 1.006675e+04
16.4 1.016891e+04 1.023183e+04 1.019783e+04 1.013490e+04
17.4 1.025743e+04 1.019701e+04 1.019780e+04 1.025823e+04
0.4 1.015545e+04 1.018910e+04 1.019776e+04 1.016411e+04
1.4 1.008928e+04 1.018498e+04 1.018573e+04 1.009003e+04
2.4 1.029339e+04 1.015011e+04 1.014348e+04 1.028676e+04
3.4 1.027346e+04 1.014447e+04 1.013395e+04 1.026294e+04
4.4 1.022344e+04 1.016117e+04 1.015874e+04 1.022100e+04
5.4 1.021285e+04 1.017973e+04 1.018305e+04 1.021617e+04
6.4 1.018161e+04 1.019898e+04 1.019646e+04 1.017910e+04
7.4 1.030171e+04 1.022634e+04 1.020242e+04 1.027779e+04
8.4 1.029310e+04 1.025989e+04 1.020392e+04 1.023714e+04
9.4 1.024066e+04 1.025883e+04 1.020304e+04 1.018487e+04
10.4 1.039054e+04 1.022854e+04 1.020137e+04 1.036337e+04
11.4 1.025002e+04 1.018953e+04 1.019993e+04 1.026042e+04
12.4 1.018253e+04 1.018222e+04 1.019897e+04 1.019929e+04
13.4 1.013034e+04 1.019283e+04 1.019844e+04 1.013595e+04
14.4 1.018654e+04 1.019613e+04 1.019821e+04 1.018862e+04
15.4 1.009136e+04 1.016310e+04 1.019812e+04 1.012637e+04
16.4 1.006276e+04 1.014340e+04 1.019810e+04 1.011746e+04
17.4 1.001259e+04 1.016452e+04 1.019813e+04 1.004620e+04
0.5 1.020724e+04 1.020676e+04 1.019825e+04 1.019873e+04
1.5 1.013357e+04 1.020213e+04 1.018390e+04 1.011534e+04
2.5 1.012996e+04 1.016763e+04 1.014603e+04 1.010836e+04
3.5 1.023970e+04 1.016581e+04 1.014517e+04 1.021906e+04
4.5 1.022450e+04 1.017676e+04 1.016884e+04 1.021658e+04
5.5 1.011326e+04 1.018858e+04 1.018796e+04 1.011265e+04
6.5 1.014130e+04 1.020162e+04 1.019655e+04 1.013623e+04
7.5 1.012745e+04 1.018149e+04 1.017027e+04 1.011623e+04
8.5 1.003596e+04 1.015374e+04 1.013890e+04 1.002112e+04
9.5 1.019794e+04 1.015984e+04 1.015091e+04 1.018901e+04
10.5 1.017245e+04 1.016552e+04 1.017588e+04 1.018282e+04
11.5 1.022546e+04 1.018268e+04 1.019273e+04 1.023551e+04
12.5 1.018197e+04 1.019320e+04 1.019129e+04 1.018006e+04
13.5 1.016502e+04 1.016463e+04 1.015360e+04 1.015398e+04
14.5 1.016347e+04 1.015735e+04 1.014183e+04 1.014795e+04
15.5 1.009922e+04 1.017134e+04 1.016340e+04 1.009129e+04
16.5 1.029659e+04 1.018427e+04 1.018417e+04 1.029650e+04
17.5 1.027210e+04 1.017541e+04 1.017119e+04 1.026788e+04
0.9 1.014130e+04 1.020162e+04 1.019655e+04 1.013623e+04
1.9 1.012745e+04 1.018149e+04 1.017027e+04 1.011623e+04
2.9 1.003596e+04 1.015374e+04 1.013890e+04 1.002112e+04
3.9 1.019794e+04 1.015984e+04 1.015091e+04 1.018901e+04
4.9 1.017245e+04 1.016552e+04 1.017588e+04 1.018282e+04
5.9 1.022546e+04 1.018268e+04 1.019273e+04 1.023551e+04
6.9 1.018197e+04 1.019320e+04 1.019129e+04 1.018006e+04
7.9 1.016502e+04 1.016463e+04 1.015360e+04 1.015398e+04
8.9 1.016347e+04 1.015735e+04 1.014183e+04 1.014795e+04
9.9 1.009922e+04 1.017134e+04 1.016340e+04 1.009129e+04
10.9 1.029659e+04 1.018427e+04 1.018417e+04 1.029650e+04
11.9 1.027210e+04 1.017541e+04 1.017119e+04 1.026788e+04
12.9 1.016214e+04 1.014305e+04 1.013248e+04 1.015157e+04
13.9 1.011559e+04 1.015171e+04 1.013718e+04 1.010106e+04
14.9 1.013605e+04 1.018225e+04 1.016624e+04 1.012004e+04
15.9 1.010828e+04 1.019601e+04 1.018840e+04 1.010067e+04
16.9 1.024074e+04 1.019827e+04 1.019976e+04 1.024222e+04
17.9 1.022033e+04 1.019193e+04 1.020377e+04 1.023218e+04
0.4 1.022546e+04 1.018268e+04 1.019273e+04 1.023551e+04
1.4 1.018197e+04 1.019320e+04 1.019129e+04 1.018006e+04
2.4 1.016502e+04 1.016463e+04 1.015360e+04 1.015398e+04
3.4 1.016347e+04 1.015735e+04 1.014183e+04 1.014795e+04
4.4 1.009922e+04 1.017134e+04 1.016340e+04 1.009129e+04
5.4 1.029659e+04 1.018427e+04 1.018417e+04 1.029650e+04
6.4 1.027210e+04 1.017541e+04 1.017119e+04 1.026788e+04
7.4 1.016214e+04 1.014305e+04 1.013248e+04 1.015157e+04
8.4 1.011559e+04 1.015171e+04 1.013718e+04 1.010106e+04
9.4 1.013605e+04 1.018225e+04 1.016624e+04 1.012004e+04
10.4 1.010828e+04 1.019601e+04 1.018840e+04 1.010067e+04
11.4 1.024074e+04 1.019827e+04 1.019976e+04 1.024222e+04
12.4 1.022033e+04 1.019193e+04 1.020377e+04 1.023218e+04
13.4 1.030043e+04 1.015383e+04 1.020383e+04 1.035043e+04
14.4 1.023024e+04 1.014321e+04 1.020205e+04 1.028908e+04
15.4 1.021309e+04 1.016007e+04 1.019992e+04 1.025294e+04
16.4 1.015134e+04 1.014987e+04 1.019816e+04 1.019963e+04
17.4 1.014954e+04 1.015717e+04 1.019702e+04 1.018940e+04
0.8 1.029659e+04 1.018427e+04 1.018417e+04 1.029650e+04
1.8 1.027210e+04 1.017541e+04 1.017119e+04 1.026788e+04
2.8 1.016214e+04 1.014305e+04 1.013248e+04 1.015157e+04
3.8 1.011559e+04 1.015171e+04 1.013718e+04 1.010106e+04
4.8 1.013605e+04 1.018225e+04 1.016624e+04 1.012004e+04
5.8 1.010828e+04 1.019601e+04 1.018840e+04 1.010067e+04
6.8 1.024074e+04 1.019827e+04 1.019976e+04 1.024222e+04
7.8 1.022033e+04 1.019193e+04 1.020377e+04 1.023218e+04
8.8 1.030043e+04 1.015383e+04 1.020383e+04 1.035043e+04
9.8 1.023024e+04 1.014321e+04 1.020205e+04 1.028908e+04
10.8 1.021309e+04 1.016007e+04 1.019992e+04 1.025294e+04
11.8 1.015134e+04 1.014987e+04 1.019816e+04 1.019963e+04
12.8 1.014954e+04 1.015717e+04 1.019702e+04 1.018940e+04
13.8 1.022878e+04 1.015522e+04 1.019634e+04 1.026991e+04
14.8 1.021977e+04 1.015827e+04 1.019595e+04 1.025745e+04
15.8 1.020168e+04 1.018124e+04 1.019571e+04 1.021615e+04
16.8 1.014081e+04 1.018741e+04 1.019553e+04 1.014893e+04
17.8 1.023153e+04 1.018576e+04 1.019537e+04 1.024114e+04
0.7 1.015146e+04 1.019205e+04 1.019347e+04 1.015287e+04
1.7 1.005753e+04 1.016791e+04 1.017022e+04 1.005984e+04
2.7 1.019886e+04 1.012806e+04 1.012157e+04 1.019237e+04
3.7 1.015288e+04 1.013200e+04 1.011817e+04 1.013905e+04
4.7 1.004698e+04 1.016119e+04 1.015053e+04 1.003631e+04
5.7 1.005496e+04 1.017225e+04 1.017822e+04 1.006093e+04
6.7 1.021869e+04 1.019061e+04 1.019379e+04 1.022187e+04
7.7 1.012814e+04 1.020981e+04 1.020016e+04 1.011849e+04
8.7 1.018399e+04 1.021034e+04 1.019091e+04 1.016456e+04
9.7 1.021974e+04 1.017155e+04 1.014666e+04 1.019484e+04
10.7 1.005378e+04 1.016087e+04 1.013341e+04 1.002632e+04
11.7 1.023699e+04 1.018481e+04 1.015635e+04 1.020853e+04
12.7 1.018699e+04 1.020080e+04 1.017922e+04 1.016541e+04
13.7 1.015240e+04 1.019415e+04 1.019239e+04 1.015063e+04
14.7 1.022208e+04 1.019526e+04 1.019832e+04 1.022514e+04
15.7 1.018225e+04 1.017892e+04 1.019966e+04 1.020299e+04
16.7 1.006434e+04 1.017678e+04 1.019863e+04 1.008620e+04
17.7 1.025780e+04 1.017391e+04 1.019683e+04 1.028072e+04
0.4 1.012814e+04 1.020981e+04 1.020016e+04 1.011849e+04
1.4 1.018399e+04 1.021034e+04 1.019091e+04 1.016456e+04
2.4 1.021974e+04 1.017155e+04 1.014666e+04 1.019484e+04
3.4 1.005378e+04 1.016087e+04 1.013341e+04 1.002632e+04
4.4 1.023699e+04 1.018481e+04 1.015635e+04 1.020853e+04
5.4 1.018699e+04 1.020080e+04 1.017922e+04 1.016541e+04
6.4 1.015240e+04 1.019415e+04 1.019239e+04 1.015063e+04
7.4 1.022208e+04 1.019526e+04 1.019832e+04 1.022514e+04
8.4 1.018225e+04 1.017892e+04 1.019966e+04 1.020299e+04
9.4 1.006434e+04 1.017678e+04 1.019863e+04 1.008620e+04
10.4 1.025780e+04 1.017391e+04 1.019683e+04 1.028072e+04
11.4 1.019557e+04 1.016455e+04 1.019517e+04 1.022620e+04
12.4 1.019255e+04 1.017436e+04 1.019398e+04 1.021217e+04
13.4 1.023323e+04 1.016393e+04 1.019325e+04 1.026255e+04
14.4 1.026980e+04 1.017147e+04 1.019277e+04 1.029110e+04
15.4 1.006252e+04 1.016773e+04 1.019242e+04 1.008721e+04
16.4 1.008961e+04 1.017140e+04 1.019211e+04 1.011032e+04
17.4 1.016188e+04 1.017846e+04 1.019181e+04 1.017523e+04
