0.5 1.020860e+04 1.024037e+04 1.018848e+04 1.015670e+04
1.5 1.026000e+04 1.021696e+04 1.017806e+04 1.022110e+04
2.5 1.021918e+04 1.018184e+04 1.015911e+04 1.019645e+04
3.5 1.021024e+04 1.018087e+04 1.016261e+04 1.019198e+04
4.5 1.019235e+04 1.021709e+04 1.017535e+04 1.015062e+04
5.5 1.019520e+04 1.023812e+04 1.018482e+04 1.014190e+04
6.5 1.019312e+04 1.022459e+04 1.018956e+04 1.015809e+04
7.5 1.009524e+04 1.018587e+04 1.019146e+04 1.010083e+04
8.5 1.009313e+04 1.016753e+04 1.019170e+04 1.011730e+04
9.5 1.022227e+04 1.019366e+04 1.019114e+04 1.021975e+04
10.5 1.020442e+04 1.023360e+04 1.019040e+04 1.016122e+04
11.5 1.022749e+04 1.022916e+04 1.018984e+04 1.018818e+04
12.5 1.015960e+04 1.018914e+04 1.018951e+04 1.015996e+04
13.5 1.025009e+04 1.016614e+04 1.018934e+04 1.027330e+04
14.5 1.006481e+04 1.013403e+04 1.018927e+04 1.012005e+04
15.5 1.004276e+04 1.012853e+04 1.018925e+04 1.010349e+04
16.5 1.016762e+04 1.014052e+04 1.018926e+04 1.021635e+04
17.5 1.011739e+04 1.015188e+04 1.018926e+04 1.015477e+04
0.2 1.023760e+04 1.025326e+04 1.018927e+04 1.017361e+04
1.2 1.006958e+04 1.023132e+04 1.018373e+04 1.002199e+04
2.2 1.022607e+04 1.019072e+04 1.016271e+04 1.019807e+04
3.2 1.010346e+04 1.017567e+04 1.016055e+04 1.008833e+04
4.2 1.021212e+04 1.018418e+04 1.017273e+04 1.020067e+04
5.2 1.026319e+04 1.021595e+04 1.018338e+04 1.023062e+04
6.2 1.034737e+04 1.023552e+04 1.018900e+04 1.030085e+04
7.2 1.014607e+04 1.022732e+04 1.019140e+04 1.011016e+04
8.2 1.025215e+04 1.020968e+04 1.019190e+04 1.023437e+04
9.2 1.025272e+04 1.017706e+04 1.019138e+04 1.026705e+04
10.2 1.023570e+04 1.016612e+04 1.019057e+04 1.026015e+04
11.2 1.040554e+04 1.019768e+04 1.018988e+04 1.039774e+04
12.2 1.014923e+04 1.023981e+04 1.018942e+04 1.009883e+04
13.2 1.033427e+04 1.024356e+04 1.018899e+04 1.027970e+04
14.2 1.016022e+04 1.021382e+04 1.017616e+04 1.012256e+04
15.2 1.015932e+04 1.018101e+04 1.015847e+04 1.013678e+04
16.2 1.024286e+04 1.016094e+04 1.016388e+04 1.024579e+04
17.2 1.008564e+04 1.012279e+04 1.017646e+04 1.013931e+04
0.6 1.033427e+04 1.024356e+04 1.018899e+04 1.027970e+04
1.6 1.016022e+04 1.021382e+04 1.017616e+04 1.012256e+04
2.6 1.015932e+04 1.018101e+04 1.015847e+04 1.013678e+04
3.6 1.024286e+04 1.016094e+04 1.016388e+04 1.024579e+04
4.6 1.008564e+04 1.012279e+04 1.017646e+04 1.013931e+04
5.6 1.011108e+04 1.012099e+04 1.018530e+04 1.017540e+04
6.6 1.011308e+04 1.013576e+04 1.018957e+04 1.016689e+04
7.6 1.022682e+04 1.015797e+04 1.019117e+04 1.026001e+04
8.6 1.007817e+04 1.018452e+04 1.019116e+04 1.008482e+04
9.6 1.016172e+04 1.020003e+04 1.019046e+04 1.015215e+04
10.6 1.011008e+04 1.017412e+04 1.018963e+04 1.012559e+04
11.6 1.008551e+04 1.014345e+04 1.018899e+04 1.013105e+04
12.6 1.015713e+04 1.015190e+04 1.018857e+04 1.019380e+04
13.6 1.015493e+04 1.016674e+04 1.018833e+04 1.017652e+04
14.6 1.012384e+04 1.018532e+04 1.018818e+04 1.012670e+04
15.6 1.016093e+04 1.018945e+04 1.018808e+04 1.015955e+04
16.6 1.021194e+04 1.016273e+04 1.018800e+04 1.023720e+04
17.6 1.019627e+04 1.016164e+04 1.018792e+04 1.022256e+04
0.3 1.028114e+04 1.024344e+04 1.018901e+04 1.022671e+04
1.3 1.030129e+04 1.022183e+04 1.018218e+04 1.026164e+04
2.3 1.028972e+04 1.018870e+04 1.016118e+04 1.026220e+04
3.3 1.019285e+04 1.018193e+04 1.016119e+04 1.017211e+04
4.3 1.023013e+04 1.019478e+04 1.017369e+04 1.020905e+04
5.3 1.025556e+04 1.023176e+04 1.018405e+04 1.020785e+04
6.3 1.028184e+04 1.025993e+04 1.018944e+04 1.021135e+04
7.3 1.017008e+04 1.024892e+04 1.019177e+04 1.011292e+04
8.3 1.003796e+04 1.020708e+04 1.019220e+04 1.002308e+04
9.3 1.005892e+04 1.017933e+04 1.019172e+04 1.007131e+04
10.3 1.022583e+04 1.016243e+04 1.019098e+04 1.025438e+04
11.3 1.013589e+04 1.013565e+04 1.019038e+04 1.019062e+04
12.3 1.016466e+04 1.014213e+04 1.018999e+04 1.021252e+04
13.3 1.004172e+04 1.015319e+04 1.018980e+04 1.007833e+04
14.3 1.017500e+04 1.017379e+04 1.018971e+04 1.019092e+04
15.3 1.031595e+04 1.021837e+04 1.018968e+04 1.028726e+04
16.3 1.030926e+04 1.025264e+04 1.018966e+04 1.024627e+04
17.3 1.017321e+04 1.023998e+04 1.018076e+04 1.011399e+04
0.4 1.030926e+04 1.025264e+04 1.018966e+04 1.024627e+04
1.4 1.017321e+04 1.023998e+04 1.018076e+04 1.011399e+04
2.4 1.017433e+04 1.020349e+04 1.016082e+04 1.013166e+04
3.4 1.015390e+04 1.019226e+04 1.016241e+04 1.012405e+04
4.4 1.004460e+04 1.019764e+04 1.017529e+04 1.002226e+04
5.4 1.019439e+04 1.020397e+04 1.018489e+04 1.017532e+04
6.4 1.012788e+04 1.021386e+04 1.019000e+04 1.010401e+04
7.4 1.027415e+04 1.024188e+04 1.019198e+04 1.022425e+04
8.4 1.025199e+04 1.025145e+04 1.019180e+04 1.019233e+04
9.4 1.019444e+04 1.022169e+04 1.017525e+04 1.014800e+04
10.4 1.015146e+04 1.019205e+04 1.015995e+04 1.011935e+04
11.4 1.005753e+04 1.016791e+04 1.016706e+04 1.005668e+04
12.4 1.019886e+04 1.012806e+04 1.017900e+04 1.024980e+04
13.4 1.015288e+04 1.013200e+04 1.018672e+04 1.020760e+04
14.4 1.004698e+04 1.016119e+04 1.019052e+04 1.007630e+04
15.4 1.005496e+04 1.017225e+04 1.019174e+04 1.007445e+04
16.4 1.021869e+04 1.019061e+04 1.019154e+04 1.021962e+04
17.4 1.012814e+04 1.020981e+04 1.019075e+04 1.010908e+04
0.7 1.025199e+04 1.025145e+04 1.019180e+04 1.019233e+04
1.7 1.019444e+04 1.022169e+04 1.017525e+04 1.014800e+04
2.7 1.015146e+04 1.019205e+04 1.015995e+04 1.011935e+04
3.7 1.005753e+04 1.016791e+04 1.016706e+04 1.005668e+04
4.7 1.019886e+04 1.012806e+04 1.017900e+04 1.024980e+04
5.7 1.015288e+04 1.013200e+04 1.018672e+04 1.020760e+04
6.7 1.004698e+04 1.016119e+04 1.019052e+04 1.007630e+04
7.7 1.005496e+04 1.017225e+04 1.019174e+04 1.007445e+04
8.7 1.021869e+04 1.019061e+04 1.019154e+04 1.021962e+04
9.7 1.012814e+04 1.020981e+04 1.019075e+04 1.010908e+04
10.7 1.018399e+04 1.021034e+04 1.018991e+04 1.016356e+04
11.7 1.021974e+04 1.017155e+04 1.018924e+04 1.023743e+04
12.7 1.005378e+04 1.016087e+04 1.018881e+04 1.008171e+04
13.7 1.023699e+04 1.018481e+04 1.018852e+04 1.024069e+04
14.7 1.018699e+04 1.020080e+04 1.018832e+04 1.017451e+04
15.7 1.015240e+04 1.019415e+04 1.018815e+04 1.014639e+04
16.7 1.022208e+04 1.019526e+04 1.018800e+04 1.021482e+04
17.7 1.018225e+04 1.017892e+04 1.018785e+04 1.019118e+04
