6.445107e+03 6.845377e+03 6.828066e+03 6.462419e+03
6.487112e+03 6.845178e+03 6.829331e+03 6.502959e+03
6.788684e+03 6.844995e+03 6.830581e+03 6.803098e+03
7.160583e+03 6.844825e+03 6.815933e+03 7.189474e+03
7.496088e+03 6.844666e+03 6.762010e+03 7.578744e+03
6.577312e+03 6.844516e+03 6.752008e+03 6.669820e+03
6.381188e+03 6.844396e+03 6.786224e+03 6.439361e+03
6.758637e+03 6.875985e+03 6.882763e+03 6.751859e+03
7.201918e+03 6.958031e+03 7.065965e+03 7.093984e+03
6.851050e+03 6.955837e+03 7.071068e+03 6.735819e+03
7.621915e+03 6.904097e+03 6.961672e+03 7.564340e+03
7.048385e+03 6.864229e+03 6.831013e+03 7.081602e+03
6.337158e+03 6.842649e+03 6.766861e+03 6.412946e+03
6.535957e+03 6.840805e+03 6.791561e+03 6.585201e+03
6.971772e+03 6.916712e+03 6.975121e+03 6.913363e+03
7.426199e+03 6.957928e+03 7.077467e+03 7.306660e+03
7.083265e+03 6.919826e+03 7.011055e+03 6.992036e+03
6.551442e+03 6.873924e+03 6.923267e+03 6.502099e+03
6.118047e+03 6.847479e+03 6.870316e+03 6.095210e+03
6.964931e+03 6.835244e+03 6.832564e+03 6.967611e+03
7.094139e+03 6.831576e+03 6.812009e+03 7.113706e+03
7.091685e+03 6.832767e+03 6.849282e+03 7.075170e+03
7.015138e+03 6.835788e+03 6.942789e+03 6.908137e+03
6.842945e+03 6.838579e+03 6.943962e+03 6.737562e+03
6.755180e+03 6.840502e+03 6.850269e+03 6.745413e+03
6.521141e+03 6.841593e+03 6.780485e+03 6.582249e+03
7.296516e+03 6.842087e+03 6.792565e+03 7.346038e+03
6.242742e+03 6.842280e+03 6.827506e+03 6.257516e+03
7.241678e+03 6.842327e+03 6.852879e+03 7.231125e+03
6.610475e+03 6.842318e+03 6.867994e+03 6.584799e+03
6.919678e+03 6.842293e+03 6.868670e+03 6.893301e+03
7.089096e+03 6.842266e+03 6.803841e+03 7.127521e+03
6.893802e+03 6.842474e+03 6.760029e+03 6.976248e+03
6.876049e+03 6.889204e+03 6.887372e+03 6.877880e+03
7.683612e+03 6.973998e+03 7.103025e+03 7.554585e+03
7.280284e+03 6.958694e+03 7.083397e+03 7.155581e+03
7.308483e+03 6.902143e+03 6.893874e+03 7.316752e+03
7.087534e+03 6.860202e+03 6.772399e+03 7.175337e+03
7.189196e+03 6.844123e+03 6.770293e+03 7.263025e+03
6.498523e+03 6.875606e+03 6.730707e+03 6.643422e+03
6.596061e+03 6.890217e+03 6.729056e+03 6.757223e+03
6.917192e+03 6.871493e+03 6.731978e+03 7.056707e+03
6.356876e+03 6.851867e+03 6.698313e+03 6.510431e+03
6.845957e+03 6.854247e+03 6.717404e+03 6.982799e+03
6.470932e+03 6.891242e+03 6.711835e+03 6.650338e+03
6.904558e+03 6.892396e+03 6.757608e+03 7.039345e+03
7.154256e+03 6.869095e+03 6.813218e+03 7.210133e+03
6.664312e+03 6.850262e+03 6.856368e+03 6.658206e+03
7.127728e+03 6.841050e+03 6.924066e+03 7.044712e+03
7.231324e+03 6.837575e+03 6.975620e+03 7.093280e+03
6.959255e+03 6.837382e+03 6.923775e+03 6.872862e+03
7.120226e+03 6.838796e+03 6.786972e+03 7.172049e+03
6.231318e+03 6.840620e+03 6.735525e+03 6.336414e+03
6.660128e+03 6.866815e+03 6.832302e+03 6.694641e+03
6.692512e+03 6.961510e+03 7.074787e+03 6.579235e+03
6.703982e+03 6.971744e+03 7.128686e+03 6.547040e+03
7.295762e+03 6.917780e+03 7.027696e+03 7.185846e+03
7.179740e+03 6.870499e+03 6.863238e+03 7.187001e+03
7.126523e+03 6.845603e+03 6.767845e+03 7.204281e+03
6.521568e+03 6.835008e+03 6.780052e+03 6.576525e+03
6.501316e+03 6.838818e+03 6.811009e+03 6.529125e+03
6.815207e+03 6.881739e+03 6.762489e+03 6.934458e+03
6.864325e+03 6.898340e+03 6.752963e+03 7.009702e+03
6.854565e+03 6.879252e+03 6.742176e+03 6.991641e+03
6.954098e+03 6.859103e+03 6.696695e+03 7.116505e+03
6.133141e+03 6.848040e+03 6.737783e+03 6.243397e+03
6.955170e+03 6.899566e+03 6.928361e+03 6.926375e+03
7.108891e+03 6.976898e+03 7.139993e+03 6.945797e+03
7.656162e+03 6.953547e+03 7.108395e+03 7.501314e+03
7.302138e+03 6.898921e+03 6.982610e+03 7.218450e+03
6.545114e+03 6.860891e+03 6.903476e+03 6.502529e+03
6.771878e+03 6.842745e+03 6.922245e+03 6.692378e+03
6.643944e+03 6.836117e+03 6.935046e+03 6.545016e+03
6.960272e+03 6.836349e+03 6.909828e+03 6.886793e+03
6.918998e+03 6.839548e+03 6.885332e+03 6.873213e+03
7.207372e+03 6.843235e+03 6.859175e+03 7.191432e+03
6.761540e+03 6.846012e+03 6.841379e+03 6.766173e+03
6.995656e+03 6.847808e+03 6.881879e+03 6.961585e+03
6.854114e+03 6.848805e+03 6.967192e+03 6.735726e+03
7.037714e+03 6.849363e+03 6.969536e+03 6.917541e+03
7.012018e+03 6.849701e+03 6.922992e+03 6.938727e+03
6.986878e+03 6.849921e+03 6.875698e+03 6.961101e+03
6.867555e+03 6.850088e+03 6.859510e+03 6.858133e+03
6.986888e+03 6.850251e+03 6.907034e+03 6.930106e+03
6.509207e+03 6.850400e+03 6.942686e+03 6.416920e+03
7.163020e+03 6.850533e+03 6.924508e+03 7.089044e+03
7.090481e+03 6.850651e+03 6.897992e+03 7.043139e+03
6.593278e+03 6.850751e+03 6.880130e+03 6.563899e+03
6.865853e+03 6.850823e+03 6.840417e+03 6.876259e+03
7.364411e+03 6.850894e+03 6.788491e+03 7.426813e+03
6.579434e+03 6.850828e+03 6.798013e+03 6.632249e+03
6.862788e+03 6.850212e+03 6.835512e+03 6.877488e+03
7.220848e+03 6.850131e+03 6.857162e+03 7.213818e+03
6.870833e+03 6.850550e+03 6.802367e+03 6.919017e+03
6.741578e+03 6.850957e+03 6.754247e+03 6.838289e+03
6.760378e+03 6.869788e+03 6.750784e+03 6.879383e+03
7.034307e+03 6.908726e+03 6.721876e+03 7.221157e+03
6.427662e+03 6.903996e+03 6.762272e+03 6.569386e+03
7.123771e+03 6.878949e+03 6.820816e+03 7.181904e+03
7.071889e+03 6.860127e+03 6.844115e+03 7.087901e+03
6.295588e+03 6.850106e+03 6.862603e+03 6.283091e+03
6.898309e+03 6.846175e+03 6.943558e+03 6.800925e+03
6.647773e+03 6.845631e+03 6.993593e+03 6.499811e+03
6.734345e+03 6.846730e+03 6.958659e+03 6.622416e+03
7.470370e+03 6.848165e+03 6.865201e+03 7.453333e+03
6.519763e+03 6.849325e+03 6.745281e+03 6.623807e+03
6.290802e+03 6.850035e+03 6.736167e+03 6.404670e+03
6.890258e+03 6.867963e+03 6.755404e+03 7.002817e+03
6.404843e+03 6.907488e+03 6.722760e+03 6.589572e+03
6.365142e+03 6.904361e+03 6.755624e+03 6.513878e+03
6.587409e+03 6.878837e+03 6.818889e+03 6.647356e+03
6.568418e+03 6.859759e+03 6.849055e+03 6.579121e+03
7.054984e+03 6.849517e+03 6.806144e+03 7.098357e+03
6.840428e+03 6.845430e+03 6.774663e+03 6.911194e+03
6.560114e+03 6.844769e+03 6.802641e+03 6.602242e+03
6.637489e+03 6.868164e+03 6.885460e+03 6.620193e+03
6.710650e+03 6.954247e+03 7.076579e+03 6.588318e+03
7.004360e+03 6.964061e+03 7.097965e+03 6.870456e+03
7.188761e+03 6.915588e+03 6.953568e+03 7.150781e+03
6.296380e+03 6.873909e+03 6.831378e+03 6.338911e+03
6.601427e+03 6.895000e+03 6.893312e+03 6.603115e+03
7.249013e+03 6.960404e+03 7.056181e+03 7.153236e+03
6.944504e+03 6.942409e+03 7.041048e+03 6.845865e+03
7.096234e+03 6.893118e+03 6.951855e+03 7.037497e+03
7.425288e+03 6.859330e+03 6.880932e+03 7.403685e+03
6.913294e+03 6.842726e+03 6.830516e+03 6.925504e+03
6.793375e+03 6.837060e+03 6.821842e+03 6.808594e+03
7.185526e+03 6.837234e+03 6.900834e+03 7.121926e+03
6.518977e+03 6.840010e+03 6.948576e+03 6.410410e+03
7.115209e+03 6.843121e+03 6.921060e+03 7.037269e+03
7.143567e+03 6.845505e+03 6.869700e+03 7.119372e+03
6.739807e+03 6.846847e+03 6.832848e+03 6.753806e+03
7.020378e+03 6.847476e+03 6.846913e+03 7.020941e+03
6.474121e+03 6.847648e+03 6.906198e+03 6.415571e+03
6.455214e+03 6.847606e+03 6.912988e+03 6.389833e+03
6.941204e+03 6.847467e+03 6.882306e+03 6.906366e+03
6.788565e+03 6.847289e+03 6.843339e+03 6.792515e+03
6.736661e+03 6.847095e+03 6.828585e+03 6.755171e+03
6.951122e+03 6.846879e+03 6.892876e+03 6.905125e+03
6.755274e+03 6.846652e+03 6.952097e+03 6.649830e+03
7.066666e+03 6.846416e+03 6.918175e+03 6.994907e+03
6.915328e+03 6.846182e+03 6.858367e+03 6.903143e+03
6.503236e+03 6.845953e+03 6.832667e+03 6.516523e+03
6.843560e+03 6.845704e+03 6.833970e+03 6.855294e+03
7.013612e+03 6.845439e+03 6.895235e+03 6.963816e+03
6.848364e+03 6.845162e+03 6.955575e+03 6.737951e+03
7.162280e+03 6.844877e+03 6.910856e+03 7.096301e+03
6.513855e+03 6.844588e+03 6.798122e+03 6.560322e+03
7.267795e+03 6.844298e+03 6.749972e+03 7.362121e+03
6.130921e+03 6.843841e+03 6.775916e+03 6.198847e+03
6.876612e+03 6.842858e+03 6.815060e+03 6.904411e+03
6.516013e+03 6.842494e+03 6.834735e+03 6.523771e+03
6.856661e+03 6.842609e+03 6.802152e+03 6.897119e+03
6.571073e+03 6.842666e+03 6.782305e+03 6.631434e+03
7.396451e+03 6.845059e+03 6.810676e+03 7.430834e+03
7.302817e+03 6.913005e+03 6.975057e+03 7.240765e+03
7.098020e+03 6.966624e+03 7.098604e+03 6.966040e+03
7.048166e+03 6.932120e+03 7.036590e+03 6.943695e+03
6.863358e+03 6.882442e+03 6.901922e+03 6.843878e+03
6.917538e+03 6.850927e+03 6.772285e+03 6.996180e+03
6.668624e+03 6.835357e+03 6.749648e+03 6.754333e+03
6.968617e+03 6.860859e+03 6.844221e+03 6.985255e+03
7.055475e+03 6.955122e+03 7.066176e+03 6.944420e+03
7.291234e+03 6.957984e+03 7.088831e+03 7.160387e+03
6.858771e+03 6.905320e+03 6.978902e+03 6.785189e+03
7.169538e+03 6.861469e+03 6.804145e+03 7.226862e+03
6.809172e+03 6.838817e+03 6.685084e+03 6.962905e+03
6.629156e+03 6.831842e+03 6.697891e+03 6.763107e+03
7.069182e+03 6.866943e+03 6.688905e+03 7.247220e+03
6.895118e+03 6.891133e+03 6.694903e+03 7.091347e+03
6.713203e+03 6.875432e+03 6.732422e+03 6.856213e+03
7.172625e+03 6.854704e+03 6.735714e+03 7.291614e+03
6.421851e+03 6.859482e+03 6.806692e+03 6.474641e+03
7.020747e+03 6.938500e+03 7.026164e+03 6.933083e+03
6.768063e+03 6.953848e+03 7.086973e+03 6.634938e+03
7.076942e+03 6.906158e+03 6.934243e+03 7.048858e+03
6.736333e+03 6.864324e+03 6.785535e+03 6.815123e+03
6.662416e+03 6.880921e+03 6.843911e+03 6.699425e+03
6.890621e+03 6.960543e+03 7.052903e+03 6.798260e+03
6.632617e+03 6.951789e+03 7.067920e+03 6.516486e+03
6.886575e+03 6.896694e+03 6.973129e+03 6.810140e+03
7.218439e+03 6.857412e+03 6.898954e+03 7.176898e+03
6.956252e+03 6.837789e+03 6.840876e+03 6.953165e+03
6.662067e+03 6.831094e+03 6.743083e+03 6.750079e+03
6.658675e+03 6.833268e+03 6.716158e+03 6.775785e+03
6.606753e+03 6.907887e+03 6.908036e+03 6.606604e+03
6.802473e+03 6.976674e+03 7.090313e+03 6.688834e+03
7.115146e+03 6.945479e+03 7.044471e+03 7.016154e+03
6.964829e+03 6.892674e+03 6.929193e+03 6.928309e+03
6.888467e+03 6.858661e+03 6.862259e+03 6.884870e+03
6.843600e+03 6.842157e+03 6.862210e+03 6.823547e+03
6.940942e+03 6.837145e+03 6.911511e+03 6.866576e+03
7.590739e+03 6.838431e+03 6.913691e+03 7.515480e+03
7.143105e+03 6.842395e+03 6.889584e+03 7.095916e+03
6.745101e+03 6.846596e+03 6.867336e+03 6.724361e+03
6.965026e+03 6.850001e+03 6.840464e+03 6.974564e+03
5.981301e+03 6.852382e+03 6.833211e+03 6.000472e+03
6.675395e+03 6.854108e+03 6.844826e+03 6.684677e+03
7.165594e+03 6.855453e+03 6.876678e+03 7.144369e+03
6.833139e+03 6.856642e+03 6.938155e+03 6.751626e+03
7.030479e+03 6.857778e+03 6.935090e+03 6.953167e+03
6.961665e+03 6.858908e+03 6.859726e+03 6.960846e+03
6.578019e+03 6.860044e+03 6.818046e+03 6.620017e+03
6.745354e+03 6.860755e+03 6.832316e+03 6.773792e+03
6.624907e+03 6.861395e+03 6.856132e+03 6.630170e+03
7.351152e+03 6.862787e+03 6.854116e+03 7.359823e+03
6.784231e+03 6.864400e+03 6.806853e+03 6.841779e+03
6.693833e+03 6.865852e+03 6.802675e+03 6.757009e+03
6.874688e+03 6.866609e+03 6.839940e+03 6.901357e+03
6.394286e+03 6.867566e+03 6.871689e+03 6.390163e+03
7.059315e+03 6.869142e+03 6.856498e+03 7.071960e+03
7.218400e+03 6.870764e+03 6.816292e+03 7.272872e+03
6.964222e+03 6.872074e+03 6.829835e+03 7.006462e+03
6.951250e+03 6.872752e+03 6.866169e+03 6.957833e+03
6.938589e+03 6.873950e+03 6.891414e+03 6.921125e+03
6.632765e+03 6.875606e+03 6.904022e+03 6.604349e+03
6.967667e+03 6.877194e+03 6.909264e+03 6.935597e+03
