0.4 1.044785e+04 1.043147e+04 1.043188e+04 1.044826e+04
1.4 1.041227e+04 1.044730e+04 1.044904e+04 1.041400e+04
2.4 1.048878e+04 1.050734e+04 1.051041e+04 1.049185e+04
3.4 1.060452e+04 1.052350e+04 1.052792e+04 1.060894e+04
4.4 1.047362e+04 1.048746e+04 1.049322e+04 1.047938e+04
5.4 1.047424e+04 1.045206e+04 1.045758e+04 1.047976e+04
6.4 1.041983e+04 1.043488e+04 1.043788e+04 1.042283e+04
7.4 1.036223e+04 1.042490e+04 1.042935e+04 1.036668e+04
8.4 1.040103e+04 1.041942e+04 1.042751e+04 1.040912e+04
9.4 1.035326e+04 1.041815e+04 1.042929e+04 1.036440e+04
10.4 1.040252e+04 1.043063e+04 1.044395e+04 1.041584e+04
11.4 1.044965e+04 1.048510e+04 1.049999e+04 1.046454e+04
12.4 1.047101e+04 1.050295e+04 1.051905e+04 1.048712e+04
13.4 1.039726e+04 1.047277e+04 1.048990e+04 1.041439e+04
14.4 1.036754e+04 1.044225e+04 1.046034e+04 1.038563e+04
15.4 1.043316e+04 1.044987e+04 1.046889e+04 1.045219e+04
16.4 1.050649e+04 1.049445e+04 1.051444e+04 1.052648e+04
17.4 1.047834e+04 1.048961e+04 1.051056e+04 1.049930e+04
0.3 1.035326e+04 1.041815e+04 1.042929e+04 1.036440e+04
1.3 1.040252e+04 1.043063e+04 1.044395e+04 1.041584e+04
2.3 1.044965e+04 1.048510e+04 1.049999e+04 1.046454e+04
3.3 1.047101e+04 1.050295e+04 1.051905e+04 1.048712e+04
4.3 1.039726e+04 1.047277e+04 1.048990e+04 1.041439e+04
5.3 1.036754e+04 1.044225e+04 1.046034e+04 1.038563e+04
6.3 1.043316e+04 1.044987e+04 1.046889e+04 1.045219e+04
7.3 1.050649e+04 1.049445e+04 1.051444e+04 1.052648e+04
8.3 1.047834e+04 1.048961e+04 1.051056e+04 1.049930e+04
9.3 1.047344e+04 1.046967e+04 1.047664e+04 1.048041e+04
10.3 1.051008e+04 1.048859e+04 1.045157e+04 1.047305e+04
11.3 1.054311e+04 1.048327e+04 1.043896e+04 1.049880e+04
12.3 1.050336e+04 1.050418e+04 1.043472e+04 1.043390e+04
13.3 1.047678e+04 1.051813e+04 1.043491e+04 1.039356e+04
14.3 1.039908e+04 1.048088e+04 1.043724e+04 1.035544e+04
15.3 1.030624e+04 1.043945e+04 1.043993e+04 1.030672e+04
16.3 1.029900e+04 1.041489e+04 1.044217e+04 1.032628e+04
17.3 1.040300e+04 1.040517e+04 1.044367e+04 1.044150e+04
0.6 1.036754e+04 1.044225e+04 1.046034e+04 1.038563e+04
1.6 1.043316e+04 1.044987e+04 1.046889e+04 1.045219e+04
2.6 1.050649e+04 1.049445e+04 1.051444e+04 1.052648e+04
3.6 1.047834e+04 1.048961e+04 1.051056e+04 1.049930e+04
4.6 1.047344e+04 1.046967e+04 1.047664e+04 1.048041e+04
5.6 1.051008e+04 1.048859e+04 1.045157e+04 1.047305e+04
6.6 1.054311e+04 1.048327e+04 1.043896e+04 1.049880e+04
7.6 1.050336e+04 1.050418e+04 1.043472e+04 1.043390e+04
8.6 1.047678e+04 1.051813e+04 1.043491e+04 1.039356e+04
9.6 1.039908e+04 1.048088e+04 1.043724e+04 1.035544e+04
10.6 1.030624e+04 1.043945e+04 1.043993e+04 1.030672e+04
11.6 1.029900e+04 1.041489e+04 1.044217e+04 1.032628e+04
12.6 1.040300e+04 1.040517e+04 1.044367e+04 1.044150e+04
13.6 1.043572e+04 1.042181e+04 1.044463e+04 1.045854e+04
14.6 1.053640e+04 1.046841e+04 1.044527e+04 1.051326e+04
15.6 1.044502e+04 1.046960e+04 1.044572e+04 1.042114e+04
16.6 1.046956e+04 1.045003e+04 1.044610e+04 1.046562e+04
17.6 1.046191e+04 1.045595e+04 1.044642e+04 1.045238e+04
0.9 1.048443e+04 1.041077e+04 1.045157e+04 1.052523e+04
1.9 1.054169e+04 1.044629e+04 1.049281e+04 1.058822e+04
2.9 1.054186e+04 1.048377e+04 1.053121e+04 1.058930e+04
3.9 1.059425e+04 1.048348e+04 1.051248e+04 1.062325e+04
4.9 1.053314e+04 1.049669e+04 1.047956e+04 1.051602e+04
5.9 1.047888e+04 1.048337e+04 1.045774e+04 1.045324e+04
6.9 1.052950e+04 1.049201e+04 1.044685e+04 1.048434e+04
7.9 1.045498e+04 1.048232e+04 1.044319e+04 1.041585e+04
8.9 1.028691e+04 1.044864e+04 1.044346e+04 1.028173e+04
9.9 1.034063e+04 1.046179e+04 1.044541e+04 1.032424e+04
10.9 1.049177e+04 1.047197e+04 1.044752e+04 1.046732e+04
11.9 1.046798e+04 1.047603e+04 1.044914e+04 1.044109e+04
12.9 1.048614e+04 1.048510e+04 1.045013e+04 1.045117e+04
13.9 1.044201e+04 1.045838e+04 1.045069e+04 1.043433e+04
14.9 1.048263e+04 1.044863e+04 1.045099e+04 1.048499e+04
15.9 1.048282e+04 1.047291e+04 1.045117e+04 1.046108e+04
16.9 1.049474e+04 1.047233e+04 1.046471e+04 1.048712e+04
17.9 1.058972e+04 1.049175e+04 1.051338e+04 1.061135e+04
0.4 1.048282e+04 1.047291e+04 1.045117e+04 1.046108e+04
1.4 1.049474e+04 1.047233e+04 1.046471e+04 1.048712e+04
2.4 1.058972e+04 1.049175e+04 1.051338e+04 1.061135e+04
3.4 1.043828e+04 1.048187e+04 1.052143e+04 1.047785e+04
4.4 1.035119e+04 1.048101e+04 1.049306e+04 1.036324e+04
5.4 1.041142e+04 1.048430e+04 1.046726e+04 1.039438e+04
6.4 1.041309e+04 1.047933e+04 1.045259e+04 1.038635e+04
7.4 1.043606e+04 1.047945e+04 1.044641e+04 1.040302e+04
8.4 1.042574e+04 1.045172e+04 1.044499e+04 1.041901e+04
9.4 1.051214e+04 1.042253e+04 1.044609e+04 1.053570e+04
10.4 1.046953e+04 1.041241e+04 1.044794e+04 1.050506e+04
11.4 1.049782e+04 1.044884e+04 1.044959e+04 1.049858e+04
12.4 1.042013e+04 1.046689e+04 1.045065e+04 1.040389e+04
13.4 1.050429e+04 1.044641e+04 1.045124e+04 1.050911e+04
14.4 1.046269e+04 1.044272e+04 1.045151e+04 1.047147e+04
15.4 1.049270e+04 1.054755e+04 1.045161e+04 1.039676e+04
16.4 1.057526e+04 1.057559e+04 1.045164e+04 1.045131e+04
17.4 1.065181e+04 1.051485e+04 1.045162e+04 1.058858e+04
0.7 1.040170e+04 1.044613e+04 1.045059e+04 1.040616e+04
1.7 1.044010e+04 1.045114e+04 1.047886e+04 1.046781e+04
2.7 1.044395e+04 1.048873e+04 1.052816e+04 1.048338e+04
3.7 1.041024e+04 1.047772e+04 1.052036e+04 1.045288e+04
4.7 1.030310e+04 1.044505e+04 1.048680e+04 1.034485e+04
5.7 1.031577e+04 1.042411e+04 1.046096e+04 1.035262e+04
6.7 1.041421e+04 1.041661e+04 1.044786e+04 1.044546e+04
7.7 1.042979e+04 1.041213e+04 1.044250e+04 1.046016e+04
8.7 1.041518e+04 1.042925e+04 1.044183e+04 1.042776e+04
9.7 1.050149e+04 1.048016e+04 1.044330e+04 1.046462e+04
10.7 1.046306e+04 1.048662e+04 1.044528e+04 1.042172e+04
11.7 1.047688e+04 1.048112e+04 1.044680e+04 1.044257e+04
12.7 1.050397e+04 1.046910e+04 1.044934e+04 1.048421e+04
13.7 1.055107e+04 1.047871e+04 1.048572e+04 1.055809e+04
14.7 1.050431e+04 1.050133e+04 1.052896e+04 1.053195e+04
15.7 1.040534e+04 1.047776e+04 1.051439e+04 1.044197e+04
16.7 1.049744e+04 1.044558e+04 1.048090e+04 1.053276e+04
17.7 1.043936e+04 1.042303e+04 1.045711e+04 1.047344e+04
0.8 1.050397e+04 1.046910e+04 1.044934e+04 1.048421e+04
1.8 1.055107e+04 1.047871e+04 1.048572e+04 1.055809e+04
2.8 1.050431e+04 1.050133e+04 1.052896e+04 1.053195e+04
3.8 1.040534e+04 1.047776e+04 1.051439e+04 1.044197e+04
4.8 1.049744e+04 1.044558e+04 1.048090e+04 1.053276e+04
5.8 1.043936e+04 1.042303e+04 1.045711e+04 1.047344e+04
6.8 1.035764e+04 1.041254e+04 1.044548e+04 1.039058e+04
7.8 1.045036e+04 1.041730e+04 1.044107e+04 1.047412e+04
8.8 1.037744e+04 1.042527e+04 1.044083e+04 1.039300e+04
9.8 1.044684e+04 1.042331e+04 1.044248e+04 1.046602e+04
10.8 1.049223e+04 1.041813e+04 1.044446e+04 1.051856e+04
11.8 1.055944e+04 1.041612e+04 1.044710e+04 1.059042e+04
12.8 1.064727e+04 1.044926e+04 1.048247e+04 1.068047e+04
13.8 1.056120e+04 1.050620e+04 1.054012e+04 1.059512e+04
14.8 1.047444e+04 1.049828e+04 1.053207e+04 1.050823e+04
15.8 1.038307e+04 1.045828e+04 1.049159e+04 1.041638e+04
16.8 1.040594e+04 1.042869e+04 1.046151e+04 1.043876e+04
17.8 1.039939e+04 1.041325e+04 1.044569e+04 1.043183e+04
0.8 1.055944e+04 1.041612e+04 1.044710e+04 1.059042e+04
1.8 1.064727e+04 1.044926e+04 1.048247e+04 1.068047e+04
2.8 1.056120e+04 1.050620e+04 1.054012e+04 1.059512e+04
3.8 1.047444e+04 1.049828e+04 1.053207e+04 1.050823e+04
4.8 1.038307e+04 1.045828e+04 1.049159e+04 1.041638e+04
5.8 1.040594e+04 1.042869e+04 1.046151e+04 1.043876e+04
6.8 1.039939e+04 1.041325e+04 1.044569e+04 1.043183e+04
7.8 1.040204e+04 1.041487e+04 1.043921e+04 1.042638e+04
8.8 1.046645e+04 1.045248e+04 1.043840e+04 1.045237e+04
9.8 1.043657e+04 1.046597e+04 1.044023e+04 1.041083e+04
10.8 1.059715e+04 1.052489e+04 1.044258e+04 1.051484e+04
11.8 1.055639e+04 1.059975e+04 1.044444e+04 1.040108e+04
12.8 1.054403e+04 1.057370e+04 1.044560e+04 1.041593e+04
13.8 1.052491e+04 1.055114e+04 1.044616e+04 1.041993e+04
14.8 1.048544e+04 1.050495e+04 1.044638e+04 1.042687e+04
15.8 1.040610e+04 1.044914e+04 1.044641e+04 1.040338e+04
16.8 1.036393e+04 1.043424e+04 1.044637e+04 1.037606e+04
17.8 1.053142e+04 1.046371e+04 1.044629e+04 1.051401e+04
0.1 1.044920e+04 1.040863e+04 1.044505e+04 1.048562e+04
1.1 1.044749e+04 1.041476e+04 1.045030e+04 1.048304e+04
2.1 1.050171e+04 1.046238e+04 1.049590e+04 1.053523e+04
3.1 1.042127e+04 1.049138e+04 1.052267e+04 1.045256e+04
4.1 1.052666e+04 1.049287e+04 1.049871e+04 1.053250e+04
5.1 1.057457e+04 1.050398e+04 1.046836e+04 1.053895e+04
6.1 1.043570e+04 1.047704e+04 1.044933e+04 1.040800e+04
7.1 1.042002e+04 1.045669e+04 1.045614e+04 1.041947e+04
8.1 1.055782e+04 1.049877e+04 1.051811e+04 1.057715e+04
9.1 1.055350e+04 1.051241e+04 1.054151e+04 1.058260e+04
10.1 1.050649e+04 1.047488e+04 1.050772e+04 1.053933e+04
11.1 1.044664e+04 1.043636e+04 1.046942e+04 1.047970e+04
12.1 1.039713e+04 1.041595e+04 1.044756e+04 1.042874e+04
13.1 1.047769e+04 1.041695e+04 1.044678e+04 1.050752e+04
14.1 1.053789e+04 1.047266e+04 1.050113e+04 1.056635e+04
15.1 1.046458e+04 1.050815e+04 1.053572e+04 1.049215e+04
16.1 1.047341e+04 1.048409e+04 1.050859e+04 1.049790e+04
17.1 1.038429e+04 1.045127e+04 1.047241e+04 1.040543e+04
0.4 1.043570e+04 1.047704e+04 1.044933e+04 1.040800e+04
1.4 1.042002e+04 1.045669e+04 1.045614e+04 1.041947e+04
2.4 1.055782e+04 1.049877e+04 1.051811e+04 1.057715e+04
3.4 1.055350e+04 1.051241e+04 1.054151e+04 1.058260e+04
4.4 1.050649e+04 1.047488e+04 1.050772e+04 1.053933e+04
5.4 1.044664e+04 1.043636e+04 1.046942e+04 1.047970e+04
6.4 1.039713e+04 1.041595e+04 1.044756e+04 1.042874e+04
7.4 1.047769e+04 1.041695e+04 1.044678e+04 1.050752e+04
8.4 1.053789e+04 1.047266e+04 1.050113e+04 1.056635e+04
9.4 1.046458e+04 1.050815e+04 1.053572e+04 1.049215e+04
10.4 1.047341e+04 1.048409e+04 1.050859e+04 1.049790e+04
11.4 1.038429e+04 1.045127e+04 1.047241e+04 1.040543e+04
12.4 1.034133e+04 1.042742e+04 1.044961e+04 1.036352e+04
13.4 1.038694e+04 1.041504e+04 1.043941e+04 1.041130e+04
14.4 1.042333e+04 1.043078e+04 1.043642e+04 1.042897e+04
15.4 1.062002e+04 1.049437e+04 1.043749e+04 1.056315e+04
16.4 1.054472e+04 1.050935e+04 1.044012e+04 1.047549e+04
17.4 1.045493e+04 1.047372e+04 1.044276e+04 1.042397e+04
0.2 1.039713e+04 1.041595e+04 1.044756e+04 1.042874e+04
1.2 1.047769e+04 1.041695e+04 1.044678e+04 1.050752e+04
2.2 1.053789e+04 1.047266e+04 1.050113e+04 1.056635e+04
3.2 1.046458e+04 1.050815e+04 1.053572e+04 1.049215e+04
4.2 1.047341e+04 1.048409e+04 1.050859e+04 1.049790e+04
5.2 1.038429e+04 1.045127e+04 1.047241e+04 1.040543e+04
6.2 1.034133e+04 1.042742e+04 1.044961e+04 1.036352e+04
7.2 1.038694e+04 1.041504e+04 1.043941e+04 1.041130e+04
8.2 1.042333e+04 1.043078e+04 1.043642e+04 1.042897e+04
9.2 1.062002e+04 1.049437e+04 1.043749e+04 1.056315e+04
10.2 1.054472e+04 1.050935e+04 1.044012e+04 1.047549e+04
11.2 1.045493e+04 1.047372e+04 1.044276e+04 1.042397e+04
12.2 1.054013e+04 1.043983e+04 1.044466e+04 1.054496e+04
13.2 1.046055e+04 1.042063e+04 1.044587e+04 1.048580e+04
14.2 1.038397e+04 1.041214e+04 1.044662e+04 1.041844e+04
15.2 1.044151e+04 1.041600e+04 1.044709e+04 1.047261e+04
16.2 1.052426e+04 1.046472e+04 1.044746e+04 1.050700e+04
17.2 1.047281e+04 1.049303e+04 1.044778e+04 1.042757e+04
0.5 1.031773e+04 1.044184e+04 1.044848e+04 1.032436e+04
1.5 1.039644e+04 1.044068e+04 1.046540e+04 1.042117e+04
2.5 1.049967e+04 1.049804e+04 1.053161e+04 1.053323e+04
3.5 1.041003e+04 1.051785e+04 1.055427e+04 1.044645e+04
4.5 1.053580e+04 1.048267e+04 1.051813e+04 1.057125e+04
5.5 1.051222e+04 1.044784e+04 1.047774e+04 1.054212e+04
6.5 1.053388e+04 1.042712e+04 1.045467e+04 1.056143e+04
7.5 1.049391e+04 1.042035e+04 1.044419e+04 1.051775e+04
8.5 1.052656e+04 1.045340e+04 1.044170e+04 1.051486e+04
9.5 1.040342e+04 1.047110e+04 1.044330e+04 1.037562e+04
10.5 1.039250e+04 1.045311e+04 1.044641e+04 1.038580e+04
11.5 1.046283e+04 1.043262e+04 1.044930e+04 1.047951e+04
12.5 1.040274e+04 1.042049e+04 1.045147e+04 1.043371e+04
13.5 1.039719e+04 1.041899e+04 1.045287e+04 1.043106e+04
14.5 1.046177e+04 1.044883e+04 1.045380e+04 1.046673e+04
15.5 1.049316e+04 1.046369e+04 1.045447e+04 1.048394e+04
16.5 1.038791e+04 1.044839e+04 1.045502e+04 1.039454e+04
17.5 1.038033e+04 1.043063e+04 1.045553e+04 1.040522e+04
