0.4 1.180525e+03 1.160937e+03 1.157067e+03 1.176656e+03
1.4 1.148074e+03 1.162601e+03 1.164884e+03 1.150357e+03
2.4 1.210174e+03 1.177695e+03 1.183534e+03 1.216013e+03
3.4 1.151095e+03 1.175105e+03 1.182676e+03 1.158667e+03
4.4 1.157151e+03 1.162767e+03 1.170979e+03 1.165364e+03
5.4 1.138950e+03 1.153883e+03 1.162145e+03 1.147212e+03
6.4 1.145601e+03 1.151237e+03 1.157452e+03 1.151816e+03
7.4 1.159517e+03 1.158209e+03 1.155657e+03 1.156965e+03
8.4 1.146094e+03 1.160799e+03 1.155468e+03 1.140764e+03
9.4 1.155160e+03 1.156387e+03 1.156091e+03 1.154865e+03
10.4 1.133773e+03 1.152097e+03 1.156892e+03 1.138568e+03
11.4 1.174679e+03 1.153885e+03 1.157573e+03 1.178368e+03
12.4 1.158469e+03 1.161456e+03 1.158029e+03 1.155041e+03
13.4 1.206171e+03 1.160854e+03 1.158315e+03 1.203631e+03
14.4 1.200018e+03 1.161641e+03 1.158498e+03 1.196875e+03
15.4 1.179497e+03 1.176572e+03 1.158624e+03 1.161549e+03
16.4 1.131187e+03 1.175877e+03 1.158724e+03 1.114034e+03
17.4 1.196939e+03 1.171726e+03 1.158813e+03 1.184026e+03
0.6 1.215648e+03 1.157618e+03 1.158469e+03 1.216499e+03
1.6 1.179844e+03 1.165975e+03 1.170618e+03 1.184486e+03
2.6 1.174121e+03 1.179935e+03 1.186215e+03 1.180401e+03
3.6 1.183218e+03 1.174164e+03 1.180886e+03 1.189940e+03
4.6 1.205207e+03 1.165631e+03 1.169281e+03 1.208857e+03
5.6 1.120266e+03 1.165826e+03 1.161353e+03 1.115792e+03
6.6 1.159822e+03 1.163214e+03 1.157304e+03 1.153911e+03
7.6 1.237624e+03 1.164089e+03 1.155837e+03 1.229372e+03
8.6 1.149773e+03 1.163801e+03 1.155791e+03 1.141763e+03
9.6 1.139341e+03 1.164521e+03 1.156387e+03 1.131206e+03
10.6 1.191058e+03 1.167132e+03 1.157077e+03 1.181003e+03
11.6 1.159535e+03 1.167677e+03 1.162708e+03 1.154566e+03
12.6 1.189647e+03 1.180915e+03 1.182324e+03 1.191056e+03
13.6 1.176737e+03 1.179157e+03 1.184470e+03 1.182050e+03
14.6 1.204710e+03 1.167555e+03 1.173350e+03 1.210505e+03
15.6 1.142216e+03 1.164628e+03 1.163772e+03 1.141360e+03
16.6 1.203297e+03 1.165508e+03 1.158437e+03 1.196226e+03
17.6 1.141897e+03 1.160672e+03 1.156227e+03 1.137451e+03
0.2 1.191058e+03 1.167132e+03 1.157077e+03 1.181003e+03
1.2 1.159535e+03 1.167677e+03 1.162708e+03 1.154566e+03
2.2 1.189647e+03 1.180915e+03 1.182324e+03 1.191056e+03
3.2 1.176737e+03 1.179157e+03 1.184470e+03 1.182050e+03
4.2 1.204710e+03 1.167555e+03 1.173350e+03 1.210505e+03
5.2 1.142216e+03 1.164628e+03 1.163772e+03 1.141360e+03
6.2 1.203297e+03 1.165508e+03 1.158437e+03 1.196226e+03
7.2 1.141897e+03 1.160672e+03 1.156227e+03 1.137451e+03
8.2 1.136964e+03 1.154899e+03 1.155770e+03 1.137835e+03
9.2 1.042684e+03 1.152045e+03 1.156230e+03 1.046869e+03
10.2 1.167649e+03 1.156631e+03 1.156949e+03 1.167968e+03
11.2 1.178286e+03 1.165927e+03 1.157583e+03 1.169943e+03
12.2 1.130583e+03 1.165031e+03 1.157995e+03 1.123547e+03
13.2 1.166653e+03 1.158994e+03 1.158235e+03 1.165893e+03
14.2 1.158519e+03 1.154551e+03 1.158359e+03 1.162327e+03
15.2 1.157673e+03 1.152275e+03 1.158426e+03 1.163824e+03
16.2 1.144407e+03 1.153230e+03 1.158467e+03 1.149644e+03
17.2 1.176403e+03 1.162154e+03 1.158497e+03 1.172746e+03
0.6 1.184219e+03 1.165198e+03 1.158549e+03 1.177570e+03
1.6 1.137147e+03 1.173598e+03 1.171204e+03 1.134754e+03
2.6 1.170309e+03 1.182945e+03 1.186373e+03 1.173737e+03
3.6 1.190635e+03 1.173523e+03 1.180650e+03 1.197762e+03
4.6 1.190724e+03 1.160293e+03 1.169074e+03 1.199505e+03
5.6 1.162689e+03 1.155077e+03 1.161258e+03 1.168870e+03
6.6 1.175608e+03 1.160956e+03 1.157286e+03 1.171937e+03
7.6 1.167474e+03 1.161861e+03 1.155861e+03 1.161474e+03
8.6 1.188338e+03 1.156359e+03 1.155835e+03 1.187814e+03
9.6 1.111305e+03 1.151721e+03 1.156433e+03 1.116017e+03
10.6 1.116998e+03 1.149410e+03 1.157115e+03 1.124702e+03
11.6 1.089439e+03 1.148592e+03 1.157644e+03 1.098492e+03
12.6 1.117172e+03 1.149455e+03 1.157959e+03 1.125677e+03
13.6 1.185373e+03 1.157056e+03 1.158128e+03 1.186445e+03
14.6 1.138437e+03 1.161437e+03 1.158208e+03 1.135207e+03
15.6 1.172061e+03 1.158117e+03 1.158247e+03 1.172190e+03
16.6 1.171584e+03 1.153566e+03 1.158270e+03 1.176288e+03
17.6 1.162166e+03 1.153508e+03 1.158289e+03 1.166948e+03
0.1 1.124717e+03 1.166069e+03 1.158332e+03 1.116980e+03
1.1 1.107695e+03 1.163543e+03 1.161685e+03 1.105837e+03
2.1 1.150780e+03 1.176731e+03 1.181251e+03 1.155300e+03
3.1 1.176618e+03 1.177584e+03 1.185692e+03 1.184726e+03
4.1 1.146291e+03 1.166244e+03 1.174803e+03 1.154850e+03
5.1 1.131526e+03 1.164556e+03 1.164795e+03 1.131765e+03
6.1 1.142414e+03 1.163173e+03 1.159179e+03 1.138420e+03
7.1 1.183530e+03 1.156270e+03 1.156669e+03 1.183929e+03
8.1 1.157155e+03 1.150656e+03 1.156106e+03 1.162605e+03
9.1 1.159620e+03 1.148006e+03 1.156545e+03 1.168159e+03
10.1 1.134126e+03 1.148201e+03 1.157297e+03 1.143222e+03
11.1 1.153954e+03 1.155713e+03 1.157978e+03 1.156219e+03
12.1 1.138329e+03 1.159538e+03 1.158466e+03 1.137258e+03
13.1 1.165869e+03 1.156102e+03 1.158763e+03 1.168530e+03
14.1 1.159029e+03 1.151978e+03 1.158949e+03 1.166000e+03
15.1 1.159659e+03 1.149632e+03 1.159073e+03 1.169099e+03
16.1 1.048619e+03 1.152167e+03 1.159171e+03 1.055623e+03
17.1 1.145564e+03 1.161164e+03 1.159262e+03 1.143661e+03
