0.3 1.700596e+03 1.678419e+03 1.675315e+03 1.697492e+03
1.3 1.730979e+03 1.682957e+03 1.684023e+03 1.732045e+03
2.3 1.731666e+03 1.706151e+03 1.710349e+03 1.735865e+03
3.3 1.669641e+03 1.705655e+03 1.710754e+03 1.674740e+03
4.3 1.681716e+03 1.694493e+03 1.694852e+03 1.682075e+03
5.3 1.648957e+03 1.685149e+03 1.681918e+03 1.645725e+03
6.3 1.641158e+03 1.675450e+03 1.674821e+03 1.640529e+03
7.3 1.637088e+03 1.668786e+03 1.671904e+03 1.640205e+03
8.3 1.634073e+03 1.665765e+03 1.671323e+03 1.639630e+03
9.3 1.668559e+03 1.665229e+03 1.671935e+03 1.675265e+03
10.3 1.657693e+03 1.667626e+03 1.672857e+03 1.662924e+03
11.3 1.695434e+03 1.672955e+03 1.673641e+03 1.696120e+03
12.3 1.676061e+03 1.673402e+03 1.674116e+03 1.676775e+03
13.3 1.692171e+03 1.672271e+03 1.674362e+03 1.694262e+03
14.3 1.672931e+03 1.675867e+03 1.674457e+03 1.671520e+03
15.3 1.671963e+03 1.676244e+03 1.674479e+03 1.670198e+03
16.3 1.698916e+03 1.677996e+03 1.674470e+03 1.695391e+03
17.3 1.687462e+03 1.678067e+03 1.674450e+03 1.683846e+03
0.3 1.683623e+03 1.675995e+03 1.674353e+03 1.681981e+03
1.3 1.721239e+03 1.682270e+03 1.684383e+03 1.723351e+03
2.3 1.715656e+03 1.704084e+03 1.710354e+03 1.721926e+03
3.3 1.730227e+03 1.702010e+03 1.709713e+03 1.737930e+03
4.3 1.691816e+03 1.689644e+03 1.693421e+03 1.695593e+03
5.3 1.693354e+03 1.678589e+03 1.680882e+03 1.695648e+03
6.3 1.683105e+03 1.670782e+03 1.674123e+03 1.686446e+03
7.3 1.657978e+03 1.682272e+03 1.671437e+03 1.647143e+03
8.3 1.710228e+03 1.689773e+03 1.671018e+03 1.691473e+03
9.3 1.695056e+03 1.684346e+03 1.671754e+03 1.682465e+03
10.3 1.669402e+03 1.678426e+03 1.672761e+03 1.663737e+03
11.3 1.685952e+03 1.671709e+03 1.673616e+03 1.687858e+03
12.3 1.656287e+03 1.675460e+03 1.674162e+03 1.654990e+03
13.3 1.676300e+03 1.690045e+03 1.674479e+03 1.660735e+03
14.3 1.660882e+03 1.688615e+03 1.674659e+03 1.646925e+03
15.3 1.703192e+03 1.683753e+03 1.674764e+03 1.694203e+03
16.3 1.648016e+03 1.677877e+03 1.675624e+03 1.645763e+03
17.3 1.689786e+03 1.691759e+03 1.696469e+03 1.694496e+03
0.7 1.648016e+03 1.677877e+03 1.675624e+03 1.645763e+03
1.7 1.689786e+03 1.691759e+03 1.696469e+03 1.694496e+03
2.7 1.682888e+03 1.705328e+03 1.714267e+03 1.691827e+03
3.7 1.672973e+03 1.696546e+03 1.703952e+03 1.680379e+03
4.7 1.658567e+03 1.684602e+03 1.688320e+03 1.662285e+03
5.7 1.696971e+03 1.673648e+03 1.678178e+03 1.701501e+03
6.7 1.665765e+03 1.666686e+03 1.673467e+03 1.672546e+03
7.7 1.669441e+03 1.664402e+03 1.671884e+03 1.676923e+03
8.7 1.674360e+03 1.669158e+03 1.672094e+03 1.677296e+03
9.7 1.692038e+03 1.672180e+03 1.673050e+03 1.692908e+03
10.7 1.660777e+03 1.670486e+03 1.674078e+03 1.664369e+03
11.7 1.663688e+03 1.672376e+03 1.674829e+03 1.666141e+03
12.7 1.689310e+03 1.696638e+03 1.675304e+03 1.667975e+03
13.7 1.700189e+03 1.703432e+03 1.675586e+03 1.672342e+03
14.7 1.710457e+03 1.690014e+03 1.675751e+03 1.696194e+03
15.7 1.729499e+03 1.681140e+03 1.675864e+03 1.724224e+03
16.7 1.708253e+03 1.675992e+03 1.675954e+03 1.708215e+03
17.7 1.659628e+03 1.670263e+03 1.676032e+03 1.665396e+03
0.5 1.682664e+03 1.676416e+03 1.676637e+03 1.682885e+03
1.5 1.676794e+03 1.688111e+03 1.690672e+03 1.679356e+03
2.5 1.721435e+03 1.708866e+03 1.714433e+03 1.727001e+03
3.5 1.700176e+03 1.702112e+03 1.709435e+03 1.707499e+03
4.5 1.680370e+03 1.687114e+03 1.693289e+03 1.686546e+03
5.5 1.731297e+03 1.682884e+03 1.681480e+03 1.729893e+03
6.5 1.661368e+03 1.679967e+03 1.675643e+03 1.657044e+03
7.5 1.648095e+03 1.673777e+03 1.673367e+03 1.647685e+03
8.5 1.615631e+03 1.669118e+03 1.673178e+03 1.619691e+03
9.5 1.658820e+03 1.667386e+03 1.673976e+03 1.665410e+03
10.5 1.688165e+03 1.668358e+03 1.674981e+03 1.694788e+03
11.5 1.671950e+03 1.675637e+03 1.675752e+03 1.672066e+03
12.5 1.677017e+03 1.680327e+03 1.676240e+03 1.672930e+03
13.5 1.640039e+03 1.680711e+03 1.676515e+03 1.635843e+03
14.5 1.682957e+03 1.680534e+03 1.676655e+03 1.679079e+03
15.5 1.663009e+03 1.676459e+03 1.676734e+03 1.663284e+03
16.5 1.707901e+03 1.672344e+03 1.676784e+03 1.712341e+03
17.5 1.661198e+03 1.672100e+03 1.676825e+03 1.665922e+03
