0.3 9.082540e+03 9.063580e+03 9.036782e+03 9.055742e+03
1.3 9.063284e+03 9.042648e+03 9.041842e+03 9.062478e+03
2.3 9.051571e+03 9.038600e+03 9.057139e+03 9.070110e+03
3.3 9.035939e+03 9.034281e+03 9.057374e+03 9.059032e+03
4.3 9.018529e+03 9.060213e+03 9.048134e+03 9.006450e+03
5.3 9.035407e+03 9.079133e+03 9.040619e+03 8.996893e+03
6.3 9.002888e+03 9.056652e+03 9.036495e+03 8.982731e+03
7.3 8.972285e+03 9.028327e+03 9.034800e+03 8.978758e+03
8.3 8.989282e+03 9.010808e+03 9.034462e+03 9.012935e+03
9.3 9.004361e+03 9.003359e+03 9.034818e+03 9.035820e+03
10.3 9.014180e+03 9.015017e+03 9.035354e+03 9.034518e+03
11.3 9.087433e+03 9.048727e+03 9.035809e+03 9.074515e+03
12.3 9.028965e+03 9.049353e+03 9.036085e+03 9.015697e+03
13.3 9.006476e+03 9.032126e+03 9.036228e+03 9.010579e+03
14.3 9.073341e+03 9.025027e+03 9.036283e+03 9.084597e+03
15.3 9.093593e+03 9.023275e+03 9.036296e+03 9.106614e+03
16.3 9.130062e+03 9.054021e+03 9.036291e+03 9.112333e+03
17.3 9.095321e+03 9.070827e+03 9.036280e+03 9.060773e+03
0.3 9.093557e+03 9.060654e+03 9.036223e+03 9.069126e+03
1.3 9.123136e+03 9.054691e+03 9.042051e+03 9.110496e+03
2.3 9.060210e+03 9.047116e+03 9.057141e+03 9.070236e+03
3.3 9.053553e+03 9.037621e+03 9.056769e+03 9.072701e+03
4.3 9.069931e+03 9.054623e+03 9.047303e+03 9.062611e+03
5.3 9.013551e+03 9.055758e+03 9.040017e+03 8.997810e+03
6.3 8.976527e+03 9.034517e+03 9.036089e+03 8.978099e+03
7.3 8.978876e+03 9.033290e+03 9.034529e+03 8.980114e+03
8.3 8.985946e+03 9.034098e+03 9.034285e+03 8.986133e+03
9.3 9.049439e+03 9.043396e+03 9.034713e+03 9.040756e+03
10.3 9.072274e+03 9.057419e+03 9.035298e+03 9.050153e+03
11.3 9.030955e+03 9.042202e+03 9.035794e+03 9.024547e+03
12.3 9.063404e+03 9.030284e+03 9.036112e+03 9.069233e+03
13.3 9.039495e+03 9.035613e+03 9.036296e+03 9.040179e+03
14.3 9.072308e+03 9.037121e+03 9.036401e+03 9.071587e+03
15.3 9.074334e+03 9.060110e+03 9.036462e+03 9.050685e+03
16.3 9.023012e+03 9.058391e+03 9.036961e+03 9.001583e+03
17.3 9.007658e+03 9.046335e+03 9.049074e+03 9.010397e+03
0.7 9.023012e+03 9.058391e+03 9.036961e+03 9.001583e+03
1.7 9.007658e+03 9.046335e+03 9.049074e+03 9.010397e+03
2.7 8.983378e+03 9.037696e+03 9.059415e+03 9.005098e+03
3.7 9.008951e+03 9.043825e+03 9.053422e+03 9.018548e+03
4.7 9.021262e+03 9.057404e+03 9.044339e+03 9.008197e+03
5.7 9.009250e+03 9.042039e+03 9.038446e+03 9.005656e+03
6.7 9.017255e+03 9.020695e+03 9.035708e+03 9.032268e+03
7.7 9.015590e+03 9.012972e+03 9.034788e+03 9.037406e+03
8.7 9.071439e+03 9.043363e+03 9.034910e+03 9.062985e+03
9.7 9.039617e+03 9.057689e+03 9.035466e+03 9.017394e+03
10.7 9.070603e+03 9.039369e+03 9.036063e+03 9.067297e+03
11.7 9.059740e+03 9.026241e+03 9.036499e+03 9.069998e+03
12.7 9.035376e+03 9.056098e+03 9.036776e+03 9.016054e+03
13.7 9.082657e+03 9.062971e+03 9.036939e+03 9.056624e+03
14.7 9.076729e+03 9.043695e+03 9.037035e+03 9.070070e+03
15.7 9.034653e+03 9.055876e+03 9.037101e+03 9.015877e+03
16.7 9.031357e+03 9.060678e+03 9.037153e+03 9.007832e+03
17.7 9.027586e+03 9.039079e+03 9.037198e+03 9.025705e+03
0.5 9.064047e+03 9.067418e+03 9.037550e+03 9.034179e+03
1.5 9.078622e+03 9.058636e+03 9.045705e+03 9.065691e+03
2.5 9.094526e+03 9.050191e+03 9.059512e+03 9.103847e+03
3.5 9.014385e+03 9.033212e+03 9.056608e+03 9.037781e+03
4.5 9.021012e+03 9.028960e+03 9.047226e+03 9.039278e+03
5.5 9.072850e+03 9.068467e+03 9.040364e+03 9.044747e+03
6.5 9.053894e+03 9.082585e+03 9.036973e+03 9.008282e+03
7.5 8.998186e+03 9.055968e+03 9.035650e+03 8.977869e+03
8.5 8.967846e+03 9.027183e+03 9.035540e+03 8.976203e+03
9.5 9.012583e+03 9.011262e+03 9.036004e+03 9.037326e+03
10.5 9.048585e+03 9.011220e+03 9.036588e+03 9.073953e+03
11.5 9.095135e+03 9.052278e+03 9.037036e+03 9.079893e+03
12.5 9.065952e+03 9.078355e+03 9.037320e+03 9.024916e+03
13.5 8.998147e+03 9.056393e+03 9.037479e+03 8.979234e+03
14.5 9.036247e+03 9.027231e+03 9.037561e+03 9.046577e+03
15.5 9.009123e+03 9.010919e+03 9.037606e+03 9.035810e+03
16.5 8.996080e+03 9.004920e+03 9.037636e+03 9.028795e+03
17.5 9.022617e+03 9.018570e+03 9.037659e+03 9.041706e+03
