1.415583e+03 1.440098e+03 1.434830e+03 1.420851e+03
1.447256e+03 1.440018e+03 1.434554e+03 1.452720e+03
1.411337e+03 1.439937e+03 1.434287e+03 1.416987e+03
1.437168e+03 1.439855e+03 1.436430e+03 1.440593e+03
1.464022e+03 1.439773e+03 1.445000e+03 1.458796e+03
1.437076e+03 1.439690e+03 1.447201e+03 1.429566e+03
1.460032e+03 1.439607e+03 1.441825e+03 1.457814e+03
1.431753e+03 1.439524e+03 1.439718e+03 1.431559e+03
1.452279e+03 1.439441e+03 1.444732e+03 1.446987e+03
1.451410e+03 1.439358e+03 1.442744e+03 1.448024e+03
1.458856e+03 1.439275e+03 1.436935e+03 1.461196e+03
1.435212e+03 1.439193e+03 1.432923e+03 1.441482e+03
1.427883e+03 1.439112e+03 1.432621e+03 1.434374e+03
1.423486e+03 1.439032e+03 1.439615e+03 1.422903e+03
1.441351e+03 1.438952e+03 1.441961e+03 1.438342e+03
1.439281e+03 1.438874e+03 1.437673e+03 1.440482e+03
1.461222e+03 1.438798e+03 1.433415e+03 1.466604e+03
1.441391e+03 1.438723e+03 1.434651e+03 1.445463e+03
1.465328e+03 1.438649e+03 1.441166e+03 1.462812e+03
1.433493e+03 1.438578e+03 1.440443e+03 1.431628e+03
1.467075e+03 1.438509e+03 1.437708e+03 1.467876e+03
1.425529e+03 1.438442e+03 1.441034e+03 1.422938e+03
1.432755e+03 1.438377e+03 1.440556e+03 1.430577e+03
1.476396e+03 1.438315e+03 1.445722e+03 1.468989e+03
1.420059e+03 1.438256e+03 1.449149e+03 1.409166e+03
1.449655e+03 1.438200e+03 1.442183e+03 1.445671e+03
1.421825e+03 1.438146e+03 1.434148e+03 1.425822e+03
1.383314e+03 1.438095e+03 1.429281e+03 1.392128e+03
1.432911e+03 1.438048e+03 1.427265e+03 1.443693e+03
1.453882e+03 1.438003e+03 1.430381e+03 1.461504e+03
1.412184e+03 1.437962e+03 1.439346e+03 1.410800e+03
1.416146e+03 1.437924e+03 1.439522e+03 1.414547e+03
1.405635e+03 1.437889e+03 1.438666e+03 1.404858e+03
1.428819e+03 1.437858e+03 1.452028e+03 1.414649e+03
1.419731e+03 1.437831e+03 1.453625e+03 1.403937e+03
1.428769e+03 1.437806e+03 1.452325e+03 1.414249e+03
1.437544e+03 1.437785e+03 1.448798e+03 1.426531e+03
1.412345e+03 1.437768e+03 1.438960e+03 1.411153e+03
1.449795e+03 1.437754e+03 1.430851e+03 1.456698e+03
1.410201e+03 1.437743e+03 1.431032e+03 1.416912e+03
1.453752e+03 1.437736e+03 1.440858e+03 1.450629e+03
1.469143e+03 1.440846e+03 1.444801e+03 1.465188e+03
1.461857e+03 1.467422e+03 1.465036e+03 1.464243e+03
1.467691e+03 1.476836e+03 1.469276e+03 1.475251e+03
1.463201e+03 1.462822e+03 1.452935e+03 1.473088e+03
1.466888e+03 1.447719e+03 1.442749e+03 1.471858e+03
1.465720e+03 1.439213e+03 1.439713e+03 1.465221e+03
1.474099e+03 1.435277e+03 1.436139e+03 1.473237e+03
1.424816e+03 1.434232e+03 1.437829e+03 1.421219e+03
1.404160e+03 1.434677e+03 1.436862e+03 1.401975e+03
1.450659e+03 1.435681e+03 1.441085e+03 1.445255e+03
1.430141e+03 1.436597e+03 1.441073e+03 1.425666e+03
1.440760e+03 1.437246e+03 1.435569e+03 1.442437e+03
1.431462e+03 1.437615e+03 1.438301e+03 1.430776e+03
1.454695e+03 1.437812e+03 1.440265e+03 1.452242e+03
1.448626e+03 1.437918e+03 1.441208e+03 1.445337e+03
1.448908e+03 1.437980e+03 1.443117e+03 1.443771e+03
1.428594e+03 1.438025e+03 1.438016e+03 1.428603e+03
1.427237e+03 1.438064e+03 1.436028e+03 1.429273e+03
1.431494e+03 1.438101e+03 1.440492e+03 1.429103e+03
1.450632e+03 1.438138e+03 1.439786e+03 1.448984e+03
1.464778e+03 1.438176e+03 1.441381e+03 1.461572e+03
1.415377e+03 1.438214e+03 1.439184e+03 1.414408e+03
1.422152e+03 1.438253e+03 1.439280e+03 1.421125e+03
1.420589e+03 1.438292e+03 1.440209e+03 1.418672e+03
1.478341e+03 1.438332e+03 1.441113e+03 1.475560e+03
1.428557e+03 1.438371e+03 1.442976e+03 1.423952e+03
1.444720e+03 1.438411e+03 1.438044e+03 1.445087e+03
1.463462e+03 1.438450e+03 1.432138e+03 1.469774e+03
1.462495e+03 1.438489e+03 1.429983e+03 1.471001e+03
1.430981e+03 1.438527e+03 1.437638e+03 1.431870e+03
1.450037e+03 1.438564e+03 1.441338e+03 1.447263e+03
1.448221e+03 1.438596e+03 1.436820e+03 1.449997e+03
1.431574e+03 1.438624e+03 1.432833e+03 1.437366e+03
1.419662e+03 1.438655e+03 1.435702e+03 1.422615e+03
1.470553e+03 1.438685e+03 1.436115e+03 1.473122e+03
1.427044e+03 1.438716e+03 1.433851e+03 1.431909e+03
1.431105e+03 1.438746e+03 1.439501e+03 1.430350e+03
1.434991e+03 1.438775e+03 1.442125e+03 1.431641e+03
1.416944e+03 1.438802e+03 1.437304e+03 1.418443e+03
1.416002e+03 1.438829e+03 1.432048e+03 1.422783e+03
1.414691e+03 1.438853e+03 1.429419e+03 1.424125e+03
1.429783e+03 1.438876e+03 1.434735e+03 1.433923e+03
1.486624e+03 1.438897e+03 1.443203e+03 1.482318e+03
1.460122e+03 1.438917e+03 1.441299e+03 1.457739e+03
1.442764e+03 1.438934e+03 1.435109e+03 1.446589e+03
1.406520e+03 1.438951e+03 1.430832e+03 1.414639e+03
1.429717e+03 1.438965e+03 1.428663e+03 1.440019e+03
1.448536e+03 1.438977e+03 1.427899e+03 1.459614e+03
1.438566e+03 1.438988e+03 1.427898e+03 1.449655e+03
1.426250e+03 1.438997e+03 1.430951e+03 1.434295e+03
1.452177e+03 1.439004e+03 1.442101e+03 1.449080e+03
1.429988e+03 1.439009e+03 1.446208e+03 1.422789e+03
1.449925e+03 1.439012e+03 1.454457e+03 1.434480e+03
1.431664e+03 1.439014e+03 1.458872e+03 1.411807e+03
1.457130e+03 1.439013e+03 1.448023e+03 1.448120e+03
1.423777e+03 1.439011e+03 1.440480e+03 1.422308e+03
1.466364e+03 1.439007e+03 1.440803e+03 1.464568e+03
1.413209e+03 1.439000e+03 1.436913e+03 1.415297e+03
1.428514e+03 1.438992e+03 1.431527e+03 1.435980e+03
1.412319e+03 1.438983e+03 1.433683e+03 1.417618e+03
1.434853e+03 1.438971e+03 1.439533e+03 1.434291e+03
1.458109e+03 1.438957e+03 1.437184e+03 1.459883e+03
1.415066e+03 1.438942e+03 1.436141e+03 1.417867e+03
1.474959e+03 1.438925e+03 1.442916e+03 1.470969e+03
1.468385e+03 1.438906e+03 1.443494e+03 1.463797e+03
1.431415e+03 1.438886e+03 1.452946e+03 1.417355e+03
1.493891e+03 1.438864e+03 1.456102e+03 1.476653e+03
1.444954e+03 1.438840e+03 1.450480e+03 1.433314e+03
1.410331e+03 1.438815e+03 1.446168e+03 1.402978e+03
1.423365e+03 1.438789e+03 1.440384e+03 1.421770e+03
1.437419e+03 1.438761e+03 1.441778e+03 1.434402e+03
1.429326e+03 1.438732e+03 1.438832e+03 1.429226e+03
1.440680e+03 1.438702e+03 1.433862e+03 1.445519e+03
1.460030e+03 1.438670e+03 1.437057e+03 1.461644e+03
1.434573e+03 1.438638e+03 1.441555e+03 1.431656e+03
1.453467e+03 1.438605e+03 1.438016e+03 1.454056e+03
1.391979e+03 1.438575e+03 1.432333e+03 1.398221e+03
1.350331e+03 1.438546e+03 1.429070e+03 1.359808e+03
1.477719e+03 1.438513e+03 1.432600e+03 1.483633e+03
1.453916e+03 1.438478e+03 1.440551e+03 1.451843e+03
1.419747e+03 1.438440e+03 1.439581e+03 1.418606e+03
1.434170e+03 1.438401e+03 1.434134e+03 1.438438e+03
1.440103e+03 1.438363e+03 1.430168e+03 1.448297e+03
1.446771e+03 1.438325e+03 1.428158e+03 1.456937e+03
1.451603e+03 1.438287e+03 1.429071e+03 1.460819e+03
1.415536e+03 1.438250e+03 1.437227e+03 1.416560e+03
1.428649e+03 1.438214e+03 1.439786e+03 1.427077e+03
1.457503e+03 1.438179e+03 1.439275e+03 1.456408e+03
1.435048e+03 1.438145e+03 1.439574e+03 1.433618e+03
1.423114e+03 1.438111e+03 1.439379e+03 1.421847e+03
1.429622e+03 1.438079e+03 1.445319e+03 1.422382e+03
1.433027e+03 1.438048e+03 1.443492e+03 1.427583e+03
1.446504e+03 1.438019e+03 1.436119e+03 1.448404e+03
1.438632e+03 1.437991e+03 1.434394e+03 1.442229e+03
1.465731e+03 1.437964e+03 1.439866e+03 1.463829e+03
1.414599e+03 1.437940e+03 1.437856e+03 1.414683e+03
1.422680e+03 1.437918e+03 1.434838e+03 1.425759e+03
1.452667e+03 1.437897e+03 1.440235e+03 1.450329e+03
1.410275e+03 1.437879e+03 1.440820e+03 1.407333e+03
1.472891e+03 1.437858e+03 1.448767e+03 1.461982e+03
1.492259e+03 1.437837e+03 1.455735e+03 1.474361e+03
1.484379e+03 1.437818e+03 1.446908e+03 1.475289e+03
1.413873e+03 1.437806e+03 1.441784e+03 1.409895e+03
1.461514e+03 1.437797e+03 1.442986e+03 1.456325e+03
1.451687e+03 1.443885e+03 1.444025e+03 1.451546e+03
1.460031e+03 1.471030e+03 1.464834e+03 1.466227e+03
1.456459e+03 1.475382e+03 1.465538e+03 1.466303e+03
1.492345e+03 1.459917e+03 1.448871e+03 1.503391e+03
1.452457e+03 1.446093e+03 1.435026e+03 1.463524e+03
1.419376e+03 1.438288e+03 1.428486e+03 1.429179e+03
1.434669e+03 1.434997e+03 1.432424e+03 1.437242e+03
1.406297e+03 1.434240e+03 1.436109e+03 1.404428e+03
1.428016e+03 1.434829e+03 1.437398e+03 1.425448e+03
1.467142e+03 1.435819e+03 1.440663e+03 1.462298e+03
1.454126e+03 1.436705e+03 1.437549e+03 1.453282e+03
1.467924e+03 1.437280e+03 1.434785e+03 1.470419e+03
1.491955e+03 1.437610e+03 1.440939e+03 1.488627e+03
1.410187e+03 1.437773e+03 1.442937e+03 1.405023e+03
1.425582e+03 1.437854e+03 1.437509e+03 1.425928e+03
1.424357e+03 1.437898e+03 1.431951e+03 1.430304e+03
1.449430e+03 1.437926e+03 1.429028e+03 1.458328e+03
1.449179e+03 1.437950e+03 1.429212e+03 1.457917e+03
1.481271e+03 1.437970e+03 1.437329e+03 1.481913e+03
1.444820e+03 1.437990e+03 1.442574e+03 1.440236e+03
1.465469e+03 1.438009e+03 1.444327e+03 1.459151e+03
1.463399e+03 1.438029e+03 1.445839e+03 1.455588e+03
1.445695e+03 1.438047e+03 1.440024e+03 1.443718e+03
1.439897e+03 1.438064e+03 1.433464e+03 1.444497e+03
1.427617e+03 1.438081e+03 1.433526e+03 1.432172e+03
1.479061e+03 1.438095e+03 1.444225e+03 1.472931e+03
1.413385e+03 1.438108e+03 1.446431e+03 1.405063e+03
1.466051e+03 1.438119e+03 1.439364e+03 1.464806e+03
1.430121e+03 1.438128e+03 1.432919e+03 1.435330e+03
1.418255e+03 1.438134e+03 1.429390e+03 1.426999e+03
1.385706e+03 1.438138e+03 1.427901e+03 1.395942e+03
1.395207e+03 1.438138e+03 1.428731e+03 1.404614e+03
1.437360e+03 1.438135e+03 1.438218e+03 1.437277e+03
1.412023e+03 1.438128e+03 1.443700e+03 1.406451e+03
1.426521e+03 1.438117e+03 1.439459e+03 1.425178e+03
1.427709e+03 1.438101e+03 1.433665e+03 1.432145e+03
1.422719e+03 1.438081e+03 1.432566e+03 1.428234e+03
1.449844e+03 1.438056e+03 1.440414e+03 1.447486e+03
1.410233e+03 1.438026e+03 1.443094e+03 1.405165e+03
1.432743e+03 1.437991e+03 1.439312e+03 1.431422e+03
1.409535e+03 1.437949e+03 1.442328e+03 1.405156e+03
1.422669e+03 1.437902e+03 1.441135e+03 1.419435e+03
1.419073e+03 1.437847e+03 1.435948e+03 1.420972e+03
1.425322e+03 1.437786e+03 1.439084e+03 1.424024e+03
1.416079e+03 1.437718e+03 1.440405e+03 1.413392e+03
1.448150e+03 1.437643e+03 1.435223e+03 1.450569e+03
1.419193e+03 1.437559e+03 1.430294e+03 1.426458e+03
1.456969e+03 1.437468e+03 1.427590e+03 1.466846e+03
1.408620e+03 1.437368e+03 1.427327e+03 1.418661e+03
1.449783e+03 1.437259e+03 1.433759e+03 1.453283e+03
1.423248e+03 1.437141e+03 1.436917e+03 1.423472e+03
1.424407e+03 1.437014e+03 1.433547e+03 1.427874e+03
1.436628e+03 1.436876e+03 1.429597e+03 1.443908e+03
1.403580e+03 1.436729e+03 1.427309e+03 1.412999e+03
1.422200e+03 1.436570e+03 1.430763e+03 1.428008e+03
1.486305e+03 1.436401e+03 1.442134e+03 1.480572e+03
1.449717e+03 1.436221e+03 1.443985e+03 1.441953e+03
1.419972e+03 1.436028e+03 1.445052e+03 1.410948e+03
1.441779e+03 1.435823e+03 1.441614e+03 1.435988e+03
1.433770e+03 1.435606e+03 1.433386e+03 1.435990e+03
1.456649e+03 1.435376e+03 1.427228e+03 1.464797e+03
1.445071e+03 1.435132e+03 1.431885e+03 1.448318e+03
1.450182e+03 1.434874e+03 1.440533e+03 1.444523e+03
1.437827e+03 1.434602e+03 1.443447e+03 1.428981e+03
1.467585e+03 1.434314e+03 1.452907e+03 1.448992e+03
1.436339e+03 1.434012e+03 1.447279e+03 1.423072e+03
1.446854e+03 1.433693e+03 1.436478e+03 1.444069e+03
1.449969e+03 1.433359e+03 1.436905e+03 1.446422e+03
1.437931e+03 1.433802e+03 1.435530e+03 1.436203e+03
1.440637e+03 1.454505e+03 1.449135e+03 1.446008e+03
1.445633e+03 1.472128e+03 1.461099e+03 1.456662e+03
1.462371e+03 1.461174e+03 1.447630e+03 1.475914e+03
