5.825508e+03 7.617428e+03 7.527586e+03 5.915350e+03
8.261735e+03 7.620564e+03 7.525928e+03 8.356372e+03
8.032446e+03 7.623682e+03 7.524776e+03 8.131352e+03
7.352120e+03 7.626777e+03 7.584231e+03 7.394667e+03
7.193614e+03 7.629845e+03 7.804667e+03 7.018792e+03
7.195141e+03 7.632882e+03 7.865648e+03 6.962375e+03
8.204116e+03 7.636076e+03 7.736965e+03 8.103227e+03
8.494986e+03 7.827406e+03 7.793045e+03 8.529348e+03
8.181718e+03 8.283916e+03 8.172476e+03 8.293158e+03
7.975960e+03 8.262912e+03 8.115236e+03 8.123636e+03
7.930158e+03 7.976600e+03 7.817102e+03 8.089656e+03
7.713764e+03 7.760357e+03 7.602237e+03 7.871885e+03
7.527756e+03 7.645491e+03 7.535664e+03 7.637584e+03
7.875732e+03 7.601545e+03 7.690535e+03 7.786742e+03
7.897008e+03 7.596932e+03 7.750474e+03 7.743467e+03
7.242570e+03 7.612176e+03 7.655127e+03 7.199619e+03
7.650949e+03 7.631781e+03 7.562820e+03 7.719910e+03
7.822891e+03 7.648465e+03 7.606388e+03 7.864968e+03
7.597198e+03 7.659603e+03 7.779029e+03 7.477771e+03
7.642971e+03 7.666603e+03 7.768035e+03 7.541540e+03
7.794863e+03 7.671088e+03 7.665484e+03 7.800467e+03
7.776951e+03 7.674176e+03 7.634162e+03 7.816965e+03
7.468796e+03 7.676638e+03 7.619627e+03 7.525807e+03
8.023271e+03 7.678795e+03 7.790125e+03 7.911942e+03
7.996186e+03 7.680821e+03 7.914232e+03 7.762774e+03
8.167642e+03 7.682717e+03 7.792972e+03 8.057386e+03
8.021451e+03 7.684553e+03 7.633526e+03 8.072478e+03
8.177228e+03 7.686316e+03 7.533967e+03 8.329577e+03
8.015305e+03 7.687990e+03 7.491433e+03 8.211861e+03
7.845247e+03 7.689584e+03 7.558626e+03 7.976205e+03
7.969629e+03 7.691108e+03 7.752806e+03 7.907930e+03
7.287702e+03 7.692564e+03 7.757420e+03 7.222846e+03
7.208643e+03 7.693954e+03 7.682573e+03 7.220024e+03
7.606726e+03 7.695277e+03 7.736850e+03 7.565153e+03
7.183675e+03 7.696534e+03 7.747706e+03 7.132502e+03
7.044478e+03 7.697723e+03 7.917717e+03 6.824484e+03
7.793859e+03 7.698835e+03 7.994298e+03 7.498396e+03
8.068469e+03 7.699829e+03 7.819694e+03 7.948604e+03
7.732575e+03 7.700736e+03 7.636476e+03 7.796835e+03
8.182606e+03 7.701590e+03 7.650631e+03 8.233565e+03
8.209259e+03 7.702395e+03 7.914305e+03 7.997349e+03
8.401330e+03 7.703146e+03 7.934274e+03 8.170202e+03
8.328167e+03 7.703836e+03 7.822531e+03 8.209472e+03
7.315096e+03 7.704462e+03 7.699960e+03 7.319598e+03
7.288313e+03 7.705022e+03 7.593830e+03 7.399505e+03
7.403019e+03 7.705515e+03 7.672064e+03 7.436470e+03
7.600906e+03 7.705942e+03 7.785625e+03 7.521222e+03
7.972971e+03 7.706303e+03 7.740049e+03 7.939224e+03
7.648133e+03 7.706598e+03 7.690045e+03 7.664687e+03
7.480367e+03 7.706830e+03 7.655170e+03 7.532027e+03
7.900568e+03 7.706998e+03 7.783190e+03 7.824376e+03
7.725359e+03 7.707102e+03 7.810333e+03 7.622129e+03
8.093835e+03 7.707144e+03 7.693224e+03 8.107755e+03
8.115033e+03 7.707124e+03 7.619502e+03 8.202655e+03
8.138294e+03 7.707042e+03 7.585725e+03 8.259611e+03
7.339206e+03 7.706898e+03 7.675425e+03 7.370679e+03
7.442535e+03 7.706694e+03 7.798989e+03 7.350240e+03
7.943962e+03 7.706429e+03 7.737672e+03 7.912719e+03
7.575060e+03 7.706106e+03 7.643849e+03 7.637316e+03
7.638451e+03 7.705723e+03 7.605755e+03 7.738419e+03
6.995333e+03 7.705283e+03 7.615153e+03 7.085462e+03
7.351703e+03 7.704785e+03 7.759206e+03 7.297282e+03
8.152414e+03 7.704232e+03 7.775623e+03 8.081022e+03
7.678681e+03 7.703624e+03 7.718798e+03 7.663507e+03
8.149204e+03 7.702962e+03 7.673829e+03 8.178337e+03
8.009267e+03 7.702248e+03 7.755846e+03 7.955670e+03
7.996271e+03 7.701484e+03 7.882409e+03 7.815346e+03
7.741106e+03 7.700671e+03 7.790413e+03 7.651364e+03
7.784881e+03 7.699810e+03 7.644499e+03 7.840193e+03
7.362159e+03 7.698905e+03 7.587637e+03 7.473428e+03
7.668639e+03 7.697957e+03 7.793404e+03 7.573193e+03
7.452399e+03 7.696969e+03 7.887666e+03 7.261702e+03
7.722115e+03 7.695942e+03 7.755960e+03 7.662098e+03
7.601131e+03 7.694881e+03 7.578144e+03 7.717868e+03
7.567723e+03 7.693788e+03 7.260156e+03 8.001355e+03
7.089632e+03 7.692676e+03 7.156813e+03 7.625495e+03
6.836309e+03 7.691537e+03 7.309042e+03 7.218804e+03
7.476262e+03 7.690376e+03 7.678941e+03 7.487697e+03
7.274192e+03 7.689195e+03 7.868468e+03 7.094920e+03
8.104614e+03 7.688000e+03 7.787302e+03 8.005311e+03
8.016490e+03 7.686792e+03 7.654914e+03 8.048368e+03
8.092287e+03 7.685578e+03 7.573479e+03 8.204386e+03
7.443186e+03 7.684391e+03 7.703574e+03 7.424003e+03
7.359048e+03 7.683277e+03 7.922304e+03 7.120021e+03
7.854589e+03 7.682153e+03 7.859577e+03 7.677165e+03
7.732705e+03 7.680982e+03 7.682530e+03 7.731157e+03
7.668954e+03 7.679787e+03 7.560803e+03 7.787939e+03
7.203114e+03 7.678594e+03 7.498490e+03 7.383219e+03
7.984684e+03 7.677422e+03 7.475593e+03 8.186512e+03
7.255980e+03 7.676281e+03 7.474006e+03 7.458255e+03
6.858657e+03 7.675180e+03 7.540850e+03 6.992986e+03
7.647901e+03 7.674065e+03 7.783522e+03 7.538444e+03
8.040246e+03 7.672922e+03 7.863486e+03 7.849682e+03
7.838096e+03 7.671839e+03 7.847576e+03 7.662359e+03
8.038953e+03 7.670847e+03 7.798499e+03 7.911300e+03
8.019109e+03 7.669937e+03 7.662499e+03 8.026548e+03
7.823968e+03 7.669099e+03 7.649552e+03 7.843515e+03
8.253566e+03 7.668326e+03 7.767543e+03 8.154350e+03
8.344344e+03 7.667616e+03 7.719351e+03 8.292609e+03
8.916500e+03 7.670390e+03 7.601361e+03 8.985529e+03
8.255853e+03 7.967757e+03 7.814403e+03 8.409207e+03
8.517505e+03 8.349534e+03 8.158933e+03 8.708107e+03
8.558598e+03 8.219102e+03 8.017721e+03 8.759978e+03
7.856991e+03 7.935031e+03 7.816278e+03 7.975743e+03
7.830349e+03 7.740970e+03 7.842515e+03 7.728804e+03
8.114135e+03 7.641862e+03 7.775026e+03 7.980971e+03
8.124285e+03 7.605957e+03 7.741592e+03 7.988650e+03
8.036689e+03 7.604835e+03 7.701149e+03 7.940375e+03
7.849589e+03 7.619426e+03 7.721134e+03 7.747881e+03
8.727166e+03 7.636312e+03 7.792179e+03 8.571299e+03
8.476351e+03 7.774143e+03 7.824839e+03 8.425654e+03
8.420463e+03 8.254307e+03 8.167630e+03 8.507139e+03
7.970425e+03 8.306815e+03 8.135898e+03 8.141341e+03
7.958982e+03 8.034640e+03 7.899323e+03 8.094298e+03
8.141893e+03 7.800186e+03 8.109653e+03 7.832426e+03
8.477005e+03 7.669604e+03 8.369855e+03 7.776754e+03
7.985412e+03 7.615504e+03 8.125600e+03 7.475316e+03
7.591786e+03 7.604324e+03 7.751694e+03 7.444415e+03
6.868582e+03 7.615575e+03 7.528676e+03 6.955480e+03
7.296024e+03 7.633183e+03 7.554197e+03 7.375010e+03
7.256976e+03 7.648704e+03 7.736288e+03 7.169392e+03
6.924980e+03 7.658773e+03 7.719344e+03 6.864409e+03
7.450699e+03 7.664646e+03 7.599547e+03 7.515798e+03
7.141597e+03 7.667681e+03 7.516108e+03 7.293170e+03
6.962029e+03 7.669326e+03 7.477522e+03 7.153833e+03
7.065162e+03 7.670337e+03 7.512148e+03 7.223352e+03
8.131095e+03 7.671070e+03 7.741230e+03 8.060936e+03
7.854020e+03 7.671713e+03 7.809081e+03 7.716652e+03
7.840008e+03 7.672282e+03 7.534428e+03 7.977862e+03
7.631152e+03 7.672825e+03 7.228893e+03 8.075084e+03
7.115601e+03 7.673346e+03 7.319125e+03 7.469821e+03
7.172493e+03 7.673840e+03 7.661633e+03 7.184700e+03
7.816009e+03 7.674304e+03 7.771871e+03 7.718441e+03
7.500242e+03 7.674734e+03 7.686134e+03 7.488843e+03
7.301870e+03 7.675127e+03 7.609710e+03 7.367287e+03
7.531973e+03 7.675480e+03 7.586469e+03 7.620984e+03
7.521740e+03 7.675791e+03 7.552378e+03 7.645153e+03
7.626954e+03 7.676057e+03 7.568990e+03 7.734021e+03
8.287125e+03 7.676277e+03 7.744968e+03 8.218434e+03
7.601555e+03 7.676450e+03 7.781668e+03 7.496337e+03
7.472725e+03 7.676574e+03 7.780354e+03 7.368946e+03
7.872040e+03 7.676650e+03 7.774822e+03 7.773868e+03
7.453545e+03 7.676677e+03 7.671722e+03 7.458500e+03
7.372667e+03 7.676647e+03 7.727933e+03 7.321381e+03
7.762026e+03 7.676567e+03 7.883282e+03 7.555312e+03
7.781296e+03 7.676438e+03 7.818071e+03 7.639664e+03
7.814974e+03 7.676261e+03 7.734260e+03 7.756975e+03
7.644385e+03 7.676037e+03 7.640535e+03 7.679888e+03
7.569088e+03 7.675769e+03 7.551530e+03 7.693328e+03
6.915671e+03 7.675459e+03 7.499587e+03 7.091543e+03
7.244817e+03 7.675108e+03 7.500941e+03 7.418985e+03
7.630294e+03 7.674721e+03 7.668237e+03 7.636779e+03
7.889851e+03 7.674300e+03 7.774645e+03 7.789507e+03
7.157655e+03 7.673849e+03 7.729005e+03 7.102499e+03
7.580311e+03 7.673370e+03 7.680247e+03 7.573434e+03
7.632308e+03 7.672869e+03 7.604228e+03 7.700948e+03
6.949609e+03 7.672348e+03 7.594314e+03 7.027644e+03
8.115436e+03 7.671813e+03 7.793509e+03 7.993739e+03
7.976651e+03 7.671267e+03 7.865367e+03 7.782551e+03
7.939326e+03 7.670715e+03 7.736990e+03 7.873051e+03
7.781941e+03 7.670161e+03 7.596769e+03 7.855334e+03
7.776320e+03 7.669610e+03 7.518412e+03 7.927518e+03
7.120940e+03 7.669066e+03 7.517060e+03 7.272947e+03
7.565403e+03 7.668535e+03 7.715503e+03 7.518435e+03
7.868559e+03 7.672332e+03 7.845722e+03 7.695169e+03
8.103833e+03 7.982106e+03 8.056973e+03 8.028966e+03
8.564051e+03 8.353396e+03 8.296491e+03 8.620955e+03
7.927764e+03 8.213314e+03 8.073068e+03 8.068009e+03
7.772865e+03 7.929977e+03 7.752664e+03 7.950178e+03
7.547772e+03 7.738656e+03 7.635323e+03 7.651105e+03
7.584347e+03 7.641422e+03 7.807814e+03 7.417955e+03
7.743976e+03 7.606543e+03 7.834995e+03 7.515524e+03
8.144991e+03 7.605910e+03 7.682145e+03 8.068756e+03
7.928722e+03 7.620550e+03 7.551795e+03 7.997477e+03
7.637794e+03 7.637234e+03 7.485620e+03 7.789409e+03
7.489144e+03 7.650201e+03 7.461269e+03 7.678076e+03
7.270927e+03 7.657907e+03 7.483936e+03 7.444898e+03
7.640479e+03 7.662047e+03 7.692140e+03 7.610386e+03
8.012770e+03 7.663985e+03 7.812277e+03 7.864477e+03
7.772281e+03 7.664941e+03 7.721254e+03 7.715968e+03
8.068457e+03 7.665518e+03 7.596486e+03 8.137489e+03
7.304392e+03 7.665988e+03 7.581624e+03 7.388756e+03
7.427581e+03 7.666493e+03 7.784919e+03 7.309155e+03
7.536227e+03 7.667038e+03 7.855137e+03 7.348128e+03
7.233334e+03 7.749098e+03 7.806296e+03 7.176136e+03
7.801252e+03 8.228040e+03 8.144230e+03 7.885062e+03
7.592328e+03 8.336746e+03 8.174473e+03 7.754601e+03
7.218363e+03 8.070200e+03 7.902629e+03 7.385934e+03
7.177342e+03 7.825222e+03 7.868873e+03 7.133691e+03
8.146653e+03 7.687773e+03 7.838307e+03 7.996119e+03
8.299636e+03 7.626318e+03 7.666708e+03 8.259246e+03
8.083715e+03 7.612554e+03 7.526484e+03 8.169786e+03
7.136165e+03 7.623295e+03 7.460476e+03 7.298983e+03
6.994186e+03 7.641707e+03 7.466155e+03 7.169738e+03
7.860095e+03 7.658361e+03 7.655849e+03 7.862607e+03
7.965003e+03 7.670311e+03 7.753449e+03 7.881865e+03
7.795089e+03 7.677588e+03 7.669262e+03 7.803415e+03
7.829048e+03 7.682130e+03 7.568064e+03 7.943114e+03
7.534386e+03 7.685160e+03 7.511888e+03 7.707657e+03
7.210479e+03 7.687576e+03 7.586919e+03 7.311136e+03
7.858997e+03 7.689785e+03 7.837794e+03 7.710988e+03
7.179937e+03 7.691969e+03 7.867351e+03 7.004554e+03
7.408972e+03 7.694175e+03 7.748976e+03 7.354171e+03
7.835566e+03 7.696440e+03 7.629847e+03 7.902159e+03
7.681645e+03 7.698775e+03 7.538796e+03 7.841623e+03
7.575753e+03 7.701178e+03 7.498649e+03 7.778282e+03
7.395737e+03 7.703647e+03 7.655734e+03 7.443650e+03
7.857615e+03 7.706178e+03 7.873666e+03 7.690128e+03
8.017477e+03 7.708769e+03 7.868165e+03 7.858081e+03
8.359748e+03 7.711417e+03 7.847605e+03 8.223560e+03
7.847539e+03 7.714118e+03 7.731733e+03 7.829923e+03
7.549144e+03 7.716869e+03 7.656837e+03 7.609177e+03
7.592855e+03 7.719668e+03 7.846438e+03 7.466085e+03
8.119693e+03 7.722511e+03 7.883995e+03 7.958209e+03
7.721225e+03 7.725395e+03 7.781168e+03 7.665452e+03
7.863732e+03 7.728317e+03 7.680913e+03 7.911136e+03
7.796549e+03 7.731274e+03 7.575583e+03 7.952240e+03
