0.6 7.915627e+03 7.752910e+03 7.775560e+03 7.938276e+03
1.6 7.845444e+03 7.757232e+03 7.780631e+03 7.868842e+03
2.6 7.892882e+03 7.772471e+03 7.796582e+03 7.916994e+03
3.6 7.777882e+03 7.788339e+03 7.813128e+03 7.802671e+03
4.6 7.803602e+03 7.796924e+03 7.822356e+03 7.829034e+03
5.6 7.691816e+03 7.799882e+03 7.825923e+03 7.717857e+03
6.6 7.672227e+03 7.799705e+03 7.826325e+03 7.698847e+03
7.6 7.635502e+03 7.798285e+03 7.825449e+03 7.662665e+03
8.6 7.702571e+03 7.796621e+03 7.824295e+03 7.730244e+03
9.6 7.675140e+03 7.795320e+03 7.823467e+03 7.703287e+03
10.6 7.734425e+03 7.794467e+03 7.823054e+03 7.763011e+03
11.6 7.714879e+03 7.794032e+03 7.823022e+03 7.743869e+03
12.6 7.749649e+03 7.793859e+03 7.823218e+03 7.779008e+03
13.6 7.822964e+03 7.793838e+03 7.823532e+03 7.852658e+03
14.6 7.464439e+03 7.793906e+03 7.823901e+03 7.494433e+03
15.6 7.799932e+03 7.794026e+03 7.824287e+03 7.830193e+03
16.6 7.861311e+03 7.794182e+03 7.824677e+03 7.891806e+03
17.6 7.903761e+03 7.793737e+03 7.824432e+03 7.934456e+03
18.6 7.870781e+03 7.784281e+03 7.815145e+03 7.901645e+03
19.6 7.788207e+03 7.767340e+03 7.798340e+03 7.819207e+03
20.6 7.806885e+03 7.754270e+03 7.785375e+03 7.837990e+03
21.6 7.803604e+03 7.748839e+03 7.779711e+03 7.834476e+03
22.6 7.818221e+03 7.751772e+03 7.778559e+03 7.845008e+03
23.6 7.845453e+03 7.760421e+03 7.779651e+03 7.864682e+03
24.6 7.879969e+03 7.767847e+03 7.781497e+03 7.893619e+03
25.6 7.828589e+03 7.772353e+03 7.783327e+03 7.839563e+03
26.6 7.810639e+03 7.774440e+03 7.784724e+03 7.820923e+03
27.6 7.863198e+03 7.775196e+03 7.785696e+03 7.873698e+03
28.6 7.759778e+03 7.775328e+03 7.786360e+03 7.770810e+03
29.6 7.819475e+03 7.775325e+03 7.786823e+03 7.830974e+03
30.6 7.819932e+03 7.775409e+03 7.787190e+03 7.831713e+03
31.6 7.873766e+03 7.775663e+03 7.787506e+03 7.885609e+03
32.6 7.833146e+03 7.776052e+03 7.787800e+03 7.844893e+03
33.6 7.823893e+03 7.776530e+03 7.788081e+03 7.835444e+03
0.5 7.931596e+03 7.792938e+03 7.790023e+03 7.928681e+03
1.5 7.893732e+03 7.795828e+03 7.793525e+03 7.891430e+03
2.5 7.960299e+03 7.810861e+03 7.808562e+03 7.958000e+03
3.5 7.869996e+03 7.826984e+03 7.824583e+03 7.867595e+03
4.5 7.926122e+03 7.836483e+03 7.834092e+03 7.923732e+03
5.5 7.882707e+03 7.839563e+03 7.837396e+03 7.880540e+03
6.5 7.904384e+03 7.839222e+03 7.837449e+03 7.902611e+03
7.5 7.934519e+03 7.837321e+03 7.836056e+03 7.933254e+03
8.5 7.922109e+03 7.835074e+03 7.834389e+03 7.921424e+03
9.5 7.945204e+03 7.833026e+03 7.832958e+03 7.945136e+03
10.5 7.911363e+03 7.831421e+03 7.831993e+03 7.911936e+03
11.5 7.912611e+03 7.830173e+03 7.831400e+03 7.913838e+03
12.5 7.821927e+03 7.829156e+03 7.831050e+03 7.823821e+03
13.5 7.986613e+03 7.828273e+03 7.830844e+03 7.989184e+03
14.5 7.823877e+03 7.827446e+03 7.830704e+03 7.827134e+03
15.5 7.846062e+03 7.826642e+03 7.830596e+03 7.850016e+03
16.5 7.916991e+03 7.825842e+03 7.830502e+03 7.921650e+03
17.5 7.938408e+03 7.824606e+03 7.829981e+03 7.943783e+03
18.5 7.803128e+03 7.815441e+03 7.821540e+03 7.809227e+03
19.5 7.727834e+03 7.797192e+03 7.804023e+03 7.734665e+03
20.5 7.826421e+03 7.782754e+03 7.790324e+03 7.833991e+03
21.5 7.784977e+03 7.775491e+03 7.783621e+03 7.793106e+03
22.5 7.843270e+03 7.779261e+03 7.781706e+03 7.845715e+03
23.5 7.875691e+03 7.794035e+03 7.782245e+03 7.863902e+03
24.5 7.833337e+03 7.807937e+03 7.783698e+03 7.809097e+03
25.5 7.837650e+03 7.815111e+03 7.785125e+03 7.807664e+03
26.5 7.806893e+03 7.817366e+03 7.786186e+03 7.775714e+03
27.5 7.806943e+03 7.816852e+03 7.786844e+03 7.776936e+03
28.5 7.830278e+03 7.815103e+03 7.787168e+03 7.802344e+03
29.5 7.797625e+03 7.813064e+03 7.787308e+03 7.771869e+03
30.5 7.854135e+03 7.811272e+03 7.787349e+03 7.830212e+03
31.5 7.869661e+03 7.809817e+03 7.787350e+03 7.847194e+03
32.5 7.888227e+03 7.808640e+03 7.787338e+03 7.866924e+03
33.5 7.846788e+03 7.807656e+03 7.787323e+03 7.826456e+03
