1.0 1.025858e+04 9.928568e+03 9.903782e+03 1.023380e+04
2.0 1.011385e+04 9.938015e+03 9.911120e+03 1.008696e+04
3.0 1.009286e+04 9.954675e+03 9.925547e+03 1.006373e+04
4.0 9.869623e+03 9.967427e+03 9.936453e+03 9.838649e+03
5.0 9.947491e+03 9.974075e+03 9.941676e+03 9.915092e+03
6.0 1.002094e+04 9.976361e+03 9.942907e+03 9.987489e+03
7.0 9.889717e+03 9.976552e+03 9.942265e+03 9.855430e+03
8.0 1.013211e+04 9.975912e+03 9.940921e+03 1.009711e+04
9.0 1.010462e+04 9.975250e+03 9.939627e+03 1.006900e+04
10.0 1.002945e+04 9.974844e+03 9.938633e+03 9.993238e+03
11.0 9.962155e+03 9.974783e+03 9.938013e+03 9.925385e+03
12.0 1.001303e+04 9.974955e+03 9.937652e+03 9.975723e+03
13.0 9.975413e+03 9.975258e+03 9.937446e+03 9.937601e+03
14.0 9.970020e+03 9.975625e+03 9.937327e+03 9.931722e+03
15.0 9.998832e+03 9.976006e+03 9.937245e+03 9.960072e+03
16.0 9.919527e+03 9.976381e+03 9.937182e+03 9.880328e+03
17.0 9.897338e+03 9.976740e+03 9.937126e+03 9.857724e+03
18.0 9.907602e+03 9.974787e+03 9.934783e+03 9.867597e+03
19.0 9.880346e+03 9.963671e+03 9.923300e+03 9.839975e+03
20.0 9.673464e+03 9.949892e+03 9.909179e+03 9.632751e+03
21.0 9.784634e+03 9.941723e+03 9.900694e+03 9.743605e+03
22.0 9.645064e+03 9.938662e+03 9.897341e+03 9.603744e+03
23.0 9.949609e+03 9.938043e+03 9.896943e+03 9.908509e+03
24.0 9.788787e+03 9.902586e+03 9.897872e+03 9.784073e+03
25.0 9.550600e+03 9.787926e+03 9.899165e+03 9.661838e+03
26.0 9.539765e+03 9.679433e+03 9.900243e+03 9.760575e+03
27.0 9.656757e+03 9.620121e+03 9.900974e+03 9.937609e+03
28.0 9.634721e+03 9.599926e+03 9.901399e+03 9.936193e+03
29.0 9.799052e+03 9.601223e+03 9.901602e+03 1.009943e+04
30.0 9.463671e+03 9.611266e+03 9.901691e+03 9.754096e+03
31.0 9.481538e+03 9.622344e+03 9.901723e+03 9.760917e+03
32.0 9.549419e+03 9.631180e+03 9.901733e+03 9.819972e+03
33.0 9.657462e+03 9.637028e+03 9.901737e+03 9.922170e+03
34.0 9.648562e+03 9.640165e+03 9.901739e+03 9.910137e+03
0.3 9.873514e+03 9.980290e+03 9.901996e+03 9.795219e+03
1.3 9.907424e+03 9.970822e+03 9.903729e+03 9.840331e+03
2.3 9.945104e+03 9.970849e+03 9.914728e+03 9.888983e+03
3.3 9.986405e+03 9.976979e+03 9.928758e+03 9.938184e+03
4.3 9.987209e+03 9.981155e+03 9.938006e+03 9.944061e+03
5.3 9.987782e+03 9.982003e+03 9.941684e+03 9.947463e+03
6.3 9.994037e+03 9.980990e+03 9.942273e+03 9.955320e+03
7.3 9.972002e+03 9.979141e+03 9.941419e+03 9.934281e+03
8.3 1.008172e+04 9.977197e+03 9.940195e+03 1.004472e+04
9.3 9.990037e+03 9.975477e+03 9.939103e+03 9.953663e+03
10.3 1.004260e+04 9.974162e+03 9.938393e+03 1.000683e+04
11.3 9.930800e+03 9.973164e+03 9.938009e+03 9.895644e+03
12.3 9.932243e+03 9.972371e+03 9.937845e+03 9.897717e+03
13.3 9.824419e+03 9.971691e+03 9.937816e+03 9.790544e+03
14.3 9.870561e+03 9.971051e+03 9.937850e+03 9.837360e+03
15.3 9.778301e+03 9.970420e+03 9.937916e+03 9.745797e+03
16.3 9.878342e+03 9.969781e+03 9.937995e+03 9.846555e+03
17.3 1.002856e+04 9.969025e+03 9.937978e+03 9.997515e+03
18.3 1.004226e+04 9.963417e+03 9.933130e+03 1.001197e+04
19.3 9.992573e+03 9.948902e+03 9.919396e+03 9.963066e+03
20.3 9.971523e+03 9.935836e+03 9.907130e+03 9.942817e+03
21.3 9.897902e+03 9.928554e+03 9.900668e+03 9.870016e+03
22.3 9.924313e+03 9.925665e+03 9.898618e+03 9.897267e+03
23.3 9.918795e+03 9.925139e+03 9.898951e+03 9.892606e+03
24.3 9.897967e+03 9.925791e+03 9.900236e+03 9.872412e+03
25.3 9.996228e+03 9.928859e+03 9.901609e+03 9.968977e+03
26.3 9.828088e+03 9.933295e+03 9.902713e+03 9.797506e+03
27.3 9.950497e+03 9.936283e+03 9.903478e+03 9.917691e+03
28.3 9.810543e+03 9.937180e+03 9.903941e+03 9.777304e+03
29.3 1.006507e+04 9.936823e+03 9.904232e+03 1.003247e+04
30.3 1.002505e+04 9.935833e+03 9.904425e+03 9.993645e+03
31.3 9.935332e+03 9.934619e+03 9.904577e+03 9.905291e+03
32.3 9.960316e+03 9.933386e+03 9.904713e+03 9.931644e+03
33.3 9.966496e+03 9.932242e+03 9.904843e+03 9.939098e+03
