0.8 8.473613e+03 8.530035e+03 8.519018e+03 8.462596e+03
1.8 8.536874e+03 8.544354e+03 8.532756e+03 8.525275e+03
2.8 8.644522e+03 8.577085e+03 8.565700e+03 8.633138e+03
3.8 8.594089e+03 8.605510e+03 8.594638e+03 8.583218e+03
4.8 8.654839e+03 8.618881e+03 8.608521e+03 8.644479e+03
5.8 8.720681e+03 8.622139e+03 8.612178e+03 8.710720e+03
6.8 8.566363e+03 8.620208e+03 8.610523e+03 8.556678e+03
7.8 8.507870e+03 8.616352e+03 8.606842e+03 8.498360e+03
8.8 8.482372e+03 8.612310e+03 8.602922e+03 8.472983e+03
9.8 8.624856e+03 8.609068e+03 8.599776e+03 8.615565e+03
10.8 8.606839e+03 8.606673e+03 8.597475e+03 8.597640e+03
11.8 8.505567e+03 8.604909e+03 8.595817e+03 8.496476e+03
12.8 8.679870e+03 8.603548e+03 8.594585e+03 8.670907e+03
13.8 8.666728e+03 8.602371e+03 8.593555e+03 8.657911e+03
14.8 8.457305e+03 8.601273e+03 8.592617e+03 8.448649e+03
15.8 8.589083e+03 8.600192e+03 8.591709e+03 8.580599e+03
16.8 8.556514e+03 8.599112e+03 8.590804e+03 8.548206e+03
17.8 8.615895e+03 8.594862e+03 8.586697e+03 8.607730e+03
18.8 8.483827e+03 8.568868e+03 8.560800e+03 8.475759e+03
19.8 8.525868e+03 8.533489e+03 8.525487e+03 8.517867e+03
20.8 8.559007e+03 8.509363e+03 8.501419e+03 8.551062e+03
21.8 8.466741e+03 8.498359e+03 8.490474e+03 8.458857e+03
