1.0 8.764122e+03 8.825070e+03 8.808355e+03 8.747407e+03
2.0 8.732517e+03 8.815656e+03 8.799073e+03 8.715933e+03
3.0 8.722784e+03 8.797660e+03 8.782105e+03 8.707229e+03
4.0 8.716206e+03 8.783830e+03 8.769617e+03 8.701993e+03
5.0 8.712043e+03 8.776534e+03 8.763676e+03 8.699184e+03
6.0 8.747192e+03 8.773883e+03 8.762228e+03 8.735537e+03
7.0 8.770709e+03 8.773464e+03 8.762865e+03 8.760110e+03
8.0 8.802989e+03 8.773915e+03 8.764267e+03 8.793341e+03
9.0 8.769329e+03 8.774343e+03 8.765584e+03 8.760570e+03
10.0 8.777197e+03 8.774440e+03 8.766549e+03 8.769305e+03
11.0 8.714165e+03 8.774114e+03 8.767085e+03 8.707135e+03
12.0 8.798210e+03 8.773489e+03 8.767328e+03 8.792049e+03
13.0 8.765551e+03 8.772684e+03 8.767400e+03 8.760267e+03
14.0 8.770373e+03 8.771775e+03 8.767378e+03 8.765976e+03
15.0 8.741398e+03 8.770817e+03 8.767316e+03 8.737897e+03
16.0 8.722035e+03 8.769831e+03 8.767236e+03 8.719440e+03
17.0 8.741437e+03 8.768836e+03 8.767156e+03 8.739756e+03
18.0 8.709044e+03 8.770883e+03 8.770125e+03 8.708285e+03
19.0 8.691802e+03 8.783578e+03 8.783749e+03 8.691972e+03
20.0 8.691073e+03 8.798694e+03 8.799801e+03 8.692180e+03
21.0 8.749397e+03 8.807113e+03 8.809161e+03 8.751446e+03
22.0 8.678482e+03 8.809695e+03 8.812690e+03 8.681477e+03
23.0 8.592837e+03 8.808960e+03 8.812909e+03 8.596787e+03
24.0 8.718519e+03 8.800070e+03 8.811668e+03 8.730116e+03
25.0 8.714257e+03 8.758970e+03 8.810049e+03 8.765336e+03
26.0 8.707575e+03 8.709788e+03 8.808702e+03 8.806489e+03
27.0 8.616597e+03 8.678306e+03 8.807764e+03 8.746055e+03
28.0 8.628987e+03 8.664718e+03 8.807181e+03 8.771450e+03
29.0 8.637336e+03 8.661981e+03 8.806853e+03 8.782207e+03
30.0 8.630139e+03 8.664050e+03 8.806657e+03 8.772747e+03
31.0 8.581929e+03 8.667324e+03 8.806530e+03 8.721135e+03
32.0 8.621117e+03 8.670052e+03 8.806432e+03 8.757496e+03
33.0 8.625459e+03 8.671666e+03 8.806345e+03 8.760138e+03
34.0 8.673070e+03 8.672132e+03 8.806264e+03 8.807203e+03
0.1 8.805257e+03 8.766292e+03 8.805575e+03 8.844540e+03
1.1 8.766668e+03 8.766509e+03 8.804652e+03 8.804811e+03
2.1 8.794084e+03 8.757637e+03 8.794583e+03 8.831030e+03
3.1 8.776114e+03 8.742209e+03 8.778069e+03 8.811974e+03
4.1 8.787916e+03 8.730887e+03 8.765806e+03 8.822834e+03
5.1 8.768378e+03 8.726350e+03 8.760454e+03 8.802482e+03
6.1 8.729272e+03 8.725892e+03 8.759248e+03 8.762628e+03
7.1 8.678129e+03 8.727428e+03 8.760070e+03 8.710771e+03
8.1 8.706605e+03 8.729611e+03 8.761544e+03 8.738538e+03
9.1 8.737407e+03 8.731749e+03 8.762968e+03 8.768627e+03
10.1 8.757014e+03 8.733474e+03 8.763971e+03 8.787510e+03
11.1 8.771248e+03 8.734827e+03 8.764590e+03 8.801010e+03
12.1 8.795497e+03 8.735887e+03 8.764904e+03 8.824514e+03
13.1 8.740897e+03 8.736792e+03 8.765051e+03 8.769156e+03
14.1 8.760209e+03 8.737622e+03 8.765111e+03 8.787698e+03
15.1 8.718798e+03 8.738422e+03 8.765129e+03 8.745505e+03
16.1 8.728315e+03 8.739214e+03 8.765130e+03 8.754231e+03
17.1 8.796682e+03 8.740021e+03 8.765136e+03 8.821797e+03
18.1 8.763744e+03 8.744300e+03 8.768603e+03 8.788048e+03
19.1 8.775479e+03 8.759662e+03 8.783146e+03 8.798962e+03
20.1 8.719786e+03 8.775975e+03 8.798630e+03 8.742441e+03
21.1 8.768423e+03 8.786037e+03 8.807856e+03 8.790242e+03
22.1 8.782898e+03 8.790133e+03 8.811115e+03 8.803880e+03
23.1 8.692974e+03 8.789699e+03 8.811248e+03 8.714523e+03
24.1 8.718992e+03 8.783371e+03 8.809986e+03 8.745607e+03
25.1 8.758833e+03 8.776395e+03 8.808457e+03 8.790894e+03
26.1 8.715066e+03 8.772190e+03 8.807149e+03 8.750024e+03
27.1 8.724080e+03 8.770856e+03 8.806284e+03 8.759507e+03
28.1 8.752856e+03 8.771146e+03 8.805768e+03 8.787478e+03
29.1 8.764764e+03 8.772229e+03 8.805478e+03 8.798013e+03
30.1 8.712212e+03 8.773552e+03 8.805318e+03 8.743979e+03
31.1 8.743424e+03 8.774841e+03 8.805215e+03 8.773798e+03
32.1 8.763493e+03 8.775972e+03 8.805135e+03 8.792656e+03
33.1 8.774977e+03 8.776965e+03 8.805061e+03 8.803073e+03
