0.3 1.231953e+04 1.253024e+04 1.253231e+04 1.232159e+04
1.3 1.227229e+04 1.251353e+04 1.251883e+04 1.227759e+04
2.3 1.252029e+04 1.243197e+04 1.244097e+04 1.252929e+04
3.3 1.243759e+04 1.233387e+04 1.234620e+04 1.244991e+04
4.3 1.225862e+04 1.227127e+04 1.228637e+04 1.227371e+04
5.3 1.228102e+04 1.224459e+04 1.226198e+04 1.229841e+04
6.3 1.226675e+04 1.223967e+04 1.225900e+04 1.228608e+04
7.3 1.204310e+04 1.224437e+04 1.226545e+04 1.206418e+04
8.3 1.213796e+04 1.225145e+04 1.227417e+04 1.216067e+04
9.3 1.211447e+04 1.225741e+04 1.228170e+04 1.213876e+04
10.3 1.233559e+04 1.226111e+04 1.228693e+04 1.236141e+04
11.3 1.248457e+04 1.226249e+04 1.228981e+04 1.251188e+04
12.3 1.217910e+04 1.226242e+04 1.229121e+04 1.220789e+04
13.3 1.216504e+04 1.226148e+04 1.229172e+04 1.219527e+04
14.3 1.223626e+04 1.226016e+04 1.229181e+04 1.226791e+04
15.3 1.234629e+04 1.225867e+04 1.229170e+04 1.237932e+04
16.3 1.230131e+04 1.225712e+04 1.229151e+04 1.233570e+04
17.3 1.215817e+04 1.225656e+04 1.229227e+04 1.219388e+04
18.3 1.227216e+04 1.229207e+04 1.232907e+04 1.230917e+04
19.3 1.236197e+04 1.238399e+04 1.242226e+04 1.240024e+04
20.3 1.271998e+04 1.246773e+04 1.250723e+04 1.275948e+04
21.3 1.221882e+04 1.250921e+04 1.254991e+04 1.225952e+04
22.3 1.221200e+04 1.252132e+04 1.256318e+04 1.225385e+04
23.3 1.229537e+04 1.251737e+04 1.256078e+04 1.233879e+04
24.3 1.246391e+04 1.250099e+04 1.255245e+04 1.251537e+04
25.3 1.271670e+04 1.247718e+04 1.254327e+04 1.278280e+04
26.3 1.250743e+04 1.245883e+04 1.253623e+04 1.258484e+04
27.3 1.230896e+04 1.244817e+04 1.253152e+04 1.239232e+04
28.3 1.240225e+04 1.244330e+04 1.252883e+04 1.248778e+04
29.3 1.227459e+04 1.244139e+04 1.252731e+04 1.236051e+04
30.3 1.238751e+04 1.244080e+04 1.252640e+04 1.247311e+04
31.3 1.231463e+04 1.244050e+04 1.252579e+04 1.239992e+04
32.3 1.256366e+04 1.244007e+04 1.252529e+04 1.264888e+04
33.3 1.241951e+04 1.243937e+04 1.252483e+04 1.250497e+04
