1.0 9.826531e+03 1.001393e+04 9.970349e+03 9.782951e+03
2.0 9.880115e+03 9.992314e+03 9.947509e+03 9.835311e+03
3.0 9.791191e+03 9.950350e+03 9.905758e+03 9.746599e+03
4.0 9.823283e+03 9.918909e+03 9.875031e+03 9.779405e+03
5.0 9.860591e+03 9.903558e+03 9.860413e+03 9.817446e+03
6.0 9.873558e+03 9.899506e+03 9.856849e+03 9.830901e+03
7.0 9.844736e+03 9.900823e+03 9.858416e+03 9.802329e+03
8.0 1.001416e+04 9.904191e+03 9.861866e+03 9.971833e+03
9.0 9.840010e+03 9.907447e+03 9.865107e+03 9.797671e+03
10.0 9.815656e+03 9.909870e+03 9.867481e+03 9.773267e+03
11.0 9.805670e+03 9.911246e+03 9.868799e+03 9.763224e+03
12.0 9.833752e+03 9.911891e+03 9.869399e+03 9.791260e+03
13.0 9.795701e+03 9.912095e+03 9.869575e+03 9.753181e+03
14.0 9.840275e+03 9.912048e+03 9.869521e+03 9.797748e+03
15.0 9.755405e+03 9.911882e+03 9.869368e+03 9.712891e+03
16.0 9.813463e+03 9.911652e+03 9.869173e+03 9.770984e+03
17.0 9.904620e+03 9.911397e+03 9.868974e+03 9.862198e+03
18.0 9.827725e+03 9.918625e+03 9.876280e+03 9.785379e+03
19.0 9.856961e+03 9.952053e+03 9.909805e+03 9.814713e+03
20.0 9.865125e+03 9.991433e+03 9.949302e+03 9.822994e+03
21.0 9.842086e+03 1.001433e+04 9.972333e+03 9.800091e+03
22.0 9.912384e+03 1.002286e+04 9.981016e+03 9.870545e+03
23.0 9.827789e+03 1.002321e+04 9.981556e+03 9.786131e+03
24.0 9.886937e+03 1.000725e+04 9.978500e+03 9.858187e+03
25.0 9.998917e+03 9.929875e+03 9.974518e+03 1.004356e+04
26.0 9.806693e+03 9.837285e+03 9.971203e+03 9.940611e+03
27.0 9.788040e+03 9.778534e+03 9.968896e+03 9.978401e+03
28.0 9.730455e+03 9.753958e+03 9.967460e+03 9.943957e+03
29.0 9.777984e+03 9.750124e+03 9.966653e+03 9.994513e+03
30.0 9.696209e+03 9.755474e+03 9.966172e+03 9.906908e+03
31.0 9.763934e+03 9.763134e+03 9.965859e+03 9.966659e+03
32.0 9.736563e+03 9.769754e+03 9.965617e+03 9.932425e+03
33.0 9.788463e+03 9.774246e+03 9.965404e+03 9.979621e+03
34.0 9.777617e+03 9.776540e+03 9.965205e+03 9.966282e+03
0.1 9.982381e+03 9.967746e+03 9.963509e+03 9.978145e+03
1.1 9.979851e+03 9.964823e+03 9.961239e+03 9.976267e+03
2.1 9.958945e+03 9.939371e+03 9.936461e+03 9.956035e+03
3.1 9.913793e+03 9.898157e+03 9.895827e+03 9.911464e+03
4.1 9.940393e+03 9.867517e+03 9.865652e+03 9.938528e+03
5.1 9.905983e+03 9.853986e+03 9.852483e+03 9.904480e+03
6.1 9.900329e+03 9.850721e+03 9.849517e+03 9.899125e+03
7.1 9.907360e+03 9.852481e+03 9.851539e+03 9.906418e+03
8.1 9.936400e+03 9.855865e+03 9.855166e+03 9.935701e+03
9.1 9.920657e+03 9.859138e+03 9.858671e+03 9.920190e+03
10.1 9.967668e+03 9.861382e+03 9.861138e+03 9.967424e+03
11.1 9.914276e+03 9.862686e+03 9.862660e+03 9.914251e+03
12.1 9.972070e+03 9.863247e+03 9.863435e+03 9.972258e+03
13.1 9.874584e+03 9.863397e+03 9.863795e+03 9.874982e+03
14.1 9.933859e+03 9.863341e+03 9.863944e+03 9.934462e+03
15.1 9.832486e+03 9.863184e+03 9.863989e+03 9.833291e+03
16.1 9.895407e+03 9.862987e+03 9.863990e+03 9.896409e+03
17.1 9.908021e+03 9.862808e+03 9.864004e+03 9.909218e+03
18.1 9.936330e+03 9.871150e+03 9.872536e+03 9.937717e+03
19.1 9.891974e+03 9.906746e+03 9.908320e+03 9.893548e+03
20.1 9.916119e+03 9.944663e+03 9.946421e+03 9.917877e+03
21.1 9.934503e+03 9.967182e+03 9.969121e+03 9.936443e+03
22.1 9.838943e+03 9.975014e+03 9.977142e+03 9.841070e+03
23.1 9.895232e+03 9.972890e+03 9.977467e+03 9.899810e+03
24.1 9.895891e+03 9.960099e+03 9.974363e+03 9.910154e+03
25.1 9.873175e+03 9.946035e+03 9.970600e+03 9.897739e+03
26.1 9.893508e+03 9.936604e+03 9.967381e+03 9.924285e+03
27.1 9.908781e+03 9.932158e+03 9.965252e+03 9.941876e+03
28.1 9.892833e+03 9.930615e+03 9.963984e+03 9.926202e+03
29.1 9.844170e+03 9.930535e+03 9.963270e+03 9.876905e+03
30.1 9.927276e+03 9.930949e+03 9.962877e+03 9.959204e+03
31.1 9.895198e+03 9.931355e+03 9.962623e+03 9.926465e+03
32.1 9.927025e+03 9.931527e+03 9.962426e+03 9.957924e+03
33.1 9.853943e+03 9.931481e+03 9.962243e+03 9.884705e+03
