7.503524e+03 7.791516e+03 7.753513e+03 7.541527e+03
7.748975e+03 7.790339e+03 7.753175e+03 7.786140e+03
7.915627e+03 7.789182e+03 7.752910e+03 7.951898e+03
7.845444e+03 7.788044e+03 7.757232e+03 7.876256e+03
7.892882e+03 7.786927e+03 7.772471e+03 7.907338e+03
7.777882e+03 7.785829e+03 7.788339e+03 7.775372e+03
7.803602e+03 7.784752e+03 7.796924e+03 7.791430e+03
7.691816e+03 7.783695e+03 7.799882e+03 7.675629e+03
7.672227e+03 7.782659e+03 7.799705e+03 7.655181e+03
7.635502e+03 7.781643e+03 7.798285e+03 7.618859e+03
7.702571e+03 7.780648e+03 7.796621e+03 7.686597e+03
7.675140e+03 7.779673e+03 7.795320e+03 7.659493e+03
7.734425e+03 7.778719e+03 7.794467e+03 7.718677e+03
7.714879e+03 7.777787e+03 7.794032e+03 7.698633e+03
7.749649e+03 7.776875e+03 7.793859e+03 7.732665e+03
7.822964e+03 7.775985e+03 7.793838e+03 7.805110e+03
7.464439e+03 7.775115e+03 7.793906e+03 7.445647e+03
7.799932e+03 7.774267e+03 7.794026e+03 7.780173e+03
7.861311e+03 7.773440e+03 7.794182e+03 7.840570e+03
7.903761e+03 7.772635e+03 7.793737e+03 7.882659e+03
7.870781e+03 7.771850e+03 7.784281e+03 7.858351e+03
7.788207e+03 7.771088e+03 7.767340e+03 7.791954e+03
7.806885e+03 7.770346e+03 7.754270e+03 7.822961e+03
7.803604e+03 7.769626e+03 7.748839e+03 7.824390e+03
7.818221e+03 7.768927e+03 7.751772e+03 7.835376e+03
7.845453e+03 7.768249e+03 7.760421e+03 7.853280e+03
7.879969e+03 7.767593e+03 7.767847e+03 7.879715e+03
7.828589e+03 7.766957e+03 7.772353e+03 7.823193e+03
7.810639e+03 7.766343e+03 7.774440e+03 7.802542e+03
7.863198e+03 7.765750e+03 7.775196e+03 7.853753e+03
7.759778e+03 7.765179e+03 7.775328e+03 7.749629e+03
7.819475e+03 7.764628e+03 7.775325e+03 7.808778e+03
7.819932e+03 7.764098e+03 7.775409e+03 7.808621e+03
7.873766e+03 7.763588e+03 7.775663e+03 7.861691e+03
7.833146e+03 7.763100e+03 7.776052e+03 7.820193e+03
7.823893e+03 7.762631e+03 7.776530e+03 7.809994e+03
7.834190e+03 7.762184e+03 7.777066e+03 7.819308e+03
7.896105e+03 7.761756e+03 7.777637e+03 7.880225e+03
7.874713e+03 7.761349e+03 7.778231e+03 7.857831e+03
7.851095e+03 7.760961e+03 7.778842e+03 7.833215e+03
7.897298e+03 7.760594e+03 7.778102e+03 7.879790e+03
7.890696e+03 7.760246e+03 7.772602e+03 7.878339e+03
7.956411e+03 7.759917e+03 7.766030e+03 7.950299e+03
7.791385e+03 7.759608e+03 7.762469e+03 7.788525e+03
7.789157e+03 7.759318e+03 7.761533e+03 7.786942e+03
7.954248e+03 7.759053e+03 7.762101e+03 7.951200e+03
7.843190e+03 7.768319e+03 7.776788e+03 7.834720e+03
7.898580e+03 7.822866e+03 7.855667e+03 7.865779e+03
7.979373e+03 7.889308e+03 7.951230e+03 7.917452e+03
8.016778e+03 7.931179e+03 8.011845e+03 7.936113e+03
8.048595e+03 7.948126e+03 8.037036e+03 7.959685e+03
8.052120e+03 7.950023e+03 8.040813e+03 7.961330e+03
8.107776e+03 7.945294e+03 8.035145e+03 8.017926e+03
8.065719e+03 7.938968e+03 8.027169e+03 7.977517e+03
7.999392e+03 7.933480e+03 8.020349e+03 7.912524e+03
7.991727e+03 7.929614e+03 8.015800e+03 7.905540e+03
8.030287e+03 7.927409e+03 8.013582e+03 7.944114e+03
8.110124e+03 7.926242e+03 8.012814e+03 8.023552e+03
7.920174e+03 7.925707e+03 8.012921e+03 7.832959e+03
8.042275e+03 7.925471e+03 8.013433e+03 7.954312e+03
7.924577e+03 7.925373e+03 8.014122e+03 7.835828e+03
8.014105e+03 7.925342e+03 8.014887e+03 7.924560e+03
8.048746e+03 7.924641e+03 8.014686e+03 7.958701e+03
8.108977e+03 7.898599e+03 7.978629e+03 8.028947e+03
7.798166e+03 7.832906e+03 7.886475e+03 7.744596e+03
7.557237e+03 7.772997e+03 7.802483e+03 7.527751e+03
7.789344e+03 7.742833e+03 7.760536e+03 7.771641e+03
7.896877e+03 7.733353e+03 7.747819e+03 7.882410e+03
7.807026e+03 7.735572e+03 7.749715e+03 7.792883e+03
7.805946e+03 7.752161e+03 7.743094e+03 7.815013e+03
7.837770e+03 7.779704e+03 7.722643e+03 7.894831e+03
7.864088e+03 7.800600e+03 7.707339e+03 7.957348e+03
7.779770e+03 7.811551e+03 7.701461e+03 7.889860e+03
7.718595e+03 7.815244e+03 7.701814e+03 7.832025e+03
7.772004e+03 7.815375e+03 7.704859e+03 7.882520e+03
7.726665e+03 7.814047e+03 7.708741e+03 7.831971e+03
7.774340e+03 7.812586e+03 7.712210e+03 7.874715e+03
7.746291e+03 7.811483e+03 7.714941e+03 7.842834e+03
7.778335e+03 7.810899e+03 7.716846e+03 7.872388e+03
7.719817e+03 7.810688e+03 7.718194e+03 7.812311e+03
7.699654e+03 7.810703e+03 7.719212e+03 7.791145e+03
7.790636e+03 7.810849e+03 7.720047e+03 7.881437e+03
7.667478e+03 7.811055e+03 7.720799e+03 7.757734e+03
7.669400e+03 7.811292e+03 7.721508e+03 7.759184e+03
7.654972e+03 7.811542e+03 7.722198e+03 7.744316e+03
7.677910e+03 7.808453e+03 7.727610e+03 7.758753e+03
7.728719e+03 7.792007e+03 7.751911e+03 7.768815e+03
7.749947e+03 7.771707e+03 7.781659e+03 7.739995e+03
7.859682e+03 7.759649e+03 7.799748e+03 7.819583e+03
7.814833e+03 7.755096e+03 7.807220e+03 7.762709e+03
7.753715e+03 7.754865e+03 7.808451e+03 7.700128e+03
7.733609e+03 7.756576e+03 7.797619e+03 7.692567e+03
7.698582e+03 7.758821e+03 7.765534e+03 7.691868e+03
7.699000e+03 7.760753e+03 7.735536e+03 7.724218e+03
7.633729e+03 7.762179e+03 7.719013e+03 7.676895e+03
7.701043e+03 7.763159e+03 7.713274e+03 7.750927e+03
7.648361e+03 7.763814e+03 7.713585e+03 7.698590e+03
7.652683e+03 7.764304e+03 7.716411e+03 7.700577e+03
7.703189e+03 7.764711e+03 7.719632e+03 7.748269e+03
7.717962e+03 7.765086e+03 7.722321e+03 7.760726e+03
7.756032e+03 7.765451e+03 7.724252e+03 7.797230e+03
7.738662e+03 7.765814e+03 7.725482e+03 7.778994e+03
7.746920e+03 7.766180e+03 7.726290e+03 7.786810e+03
7.725020e+03 7.766549e+03 7.726848e+03 7.764720e+03
7.716650e+03 7.766921e+03 7.727285e+03 7.756286e+03
7.704518e+03 7.767296e+03 7.727658e+03 7.744157e+03
7.827463e+03 7.767675e+03 7.727994e+03 7.867144e+03
7.648967e+03 7.768057e+03 7.729932e+03 7.687092e+03
7.715296e+03 7.768441e+03 7.748991e+03 7.734746e+03
7.681901e+03 7.768828e+03 7.780923e+03 7.669807e+03
7.679689e+03 7.769218e+03 7.805032e+03 7.643874e+03
7.706131e+03 7.769609e+03 7.815806e+03 7.659934e+03
7.692776e+03 7.770003e+03 7.818493e+03 7.644285e+03
7.701452e+03 7.770399e+03 7.817187e+03 7.654664e+03
7.679266e+03 7.773270e+03 7.811062e+03 7.641474e+03
7.683177e+03 7.789682e+03 7.785836e+03 7.687023e+03
7.701740e+03 7.810523e+03 7.755124e+03 7.757139e+03
7.618096e+03 7.824371e+03 7.735019e+03 7.707449e+03
7.703537e+03 7.830072e+03 7.727000e+03 7.806608e+03
7.653737e+03 7.831253e+03 7.725676e+03 7.759314e+03
7.632358e+03 7.830322e+03 7.727481e+03 7.735200e+03
7.656784e+03 7.828845e+03 7.730115e+03 7.755514e+03
7.664137e+03 7.827559e+03 7.732490e+03 7.759205e+03
7.693420e+03 7.826826e+03 7.734073e+03 7.786173e+03
7.667386e+03 7.826565e+03 7.734973e+03 7.758979e+03
7.634827e+03 7.826623e+03 7.735403e+03 7.726047e+03
7.653071e+03 7.826874e+03 7.735538e+03 7.744407e+03
7.721875e+03 7.827213e+03 7.735528e+03 7.813559e+03
7.747317e+03 7.827593e+03 7.735439e+03 7.839471e+03
7.745668e+03 7.827988e+03 7.735308e+03 7.838348e+03
7.703715e+03 7.828238e+03 7.735359e+03 7.796594e+03
7.714152e+03 7.821421e+03 7.745385e+03 7.790188e+03
7.701238e+03 7.801609e+03 7.773767e+03 7.729080e+03
7.721760e+03 7.783939e+03 7.799099e+03 7.706600e+03
7.722352e+03 7.774749e+03 7.812416e+03 7.684685e+03
7.631053e+03 7.772003e+03 7.816599e+03 7.586457e+03
7.681368e+03 7.772735e+03 7.815842e+03 7.638262e+03
7.687415e+03 7.774856e+03 7.813523e+03 7.648748e+03
7.744326e+03 7.777099e+03 7.815108e+03 7.706318e+03
7.751993e+03 7.778945e+03 7.820120e+03 7.710818e+03
7.696612e+03 7.780288e+03 7.823916e+03 7.652984e+03
7.747484e+03 7.781187e+03 7.825224e+03 7.703448e+03
7.700868e+03 7.781828e+03 7.825017e+03 7.657679e+03
7.701789e+03 7.782322e+03 7.824089e+03 7.660022e+03
7.681717e+03 7.782750e+03 7.822941e+03 7.641526e+03
7.748614e+03 7.783149e+03 7.821835e+03 7.709928e+03
7.750060e+03 7.783535e+03 7.820916e+03 7.712679e+03
7.742557e+03 7.783915e+03 7.820157e+03 7.706315e+03
7.813132e+03 7.784291e+03 7.819519e+03 7.777904e+03
7.722490e+03 7.784666e+03 7.818938e+03 7.688217e+03
7.802142e+03 7.785039e+03 7.818380e+03 7.768802e+03
7.799028e+03 7.785410e+03 7.817823e+03 7.766615e+03
7.800813e+03 7.785780e+03 7.817258e+03 7.769335e+03
7.795512e+03 7.786147e+03 7.816673e+03 7.764986e+03
7.758923e+03 7.786512e+03 7.814521e+03 7.730914e+03
7.861796e+03 7.786875e+03 7.807391e+03 7.841280e+03
7.785195e+03 7.787236e+03 7.799823e+03 7.772608e+03
7.842497e+03 7.787595e+03 7.795044e+03 7.835048e+03
7.931596e+03 7.787952e+03 7.792938e+03 7.926610e+03
7.893732e+03 7.788306e+03 7.795828e+03 7.886210e+03
7.960299e+03 7.788658e+03 7.810861e+03 7.938095e+03
7.869996e+03 7.789007e+03 7.826984e+03 7.832019e+03
7.926122e+03 7.789354e+03 7.836483e+03 7.878993e+03
7.882707e+03 7.789698e+03 7.839563e+03 7.832842e+03
7.904384e+03 7.790040e+03 7.839222e+03 7.855202e+03
7.934519e+03 7.790379e+03 7.837321e+03 7.887577e+03
7.922109e+03 7.790716e+03 7.835074e+03 7.877751e+03
7.945204e+03 7.791050e+03 7.833026e+03 7.903228e+03
7.911363e+03 7.791381e+03 7.831421e+03 7.871324e+03
7.912611e+03 7.791710e+03 7.830173e+03 7.874148e+03
7.821927e+03 7.792036e+03 7.829156e+03 7.784807e+03
7.986613e+03 7.792359e+03 7.828273e+03 7.950699e+03
7.823877e+03 7.792680e+03 7.827446e+03 7.789110e+03
7.846062e+03 7.792997e+03 7.826642e+03 7.812417e+03
7.916991e+03 7.793312e+03 7.825842e+03 7.884461e+03
7.938408e+03 7.793624e+03 7.824606e+03 7.907426e+03
7.803128e+03 7.793933e+03 7.815441e+03 7.781620e+03
7.727834e+03 7.794240e+03 7.797192e+03 7.724882e+03
7.826421e+03 7.794543e+03 7.782754e+03 7.838211e+03
7.784977e+03 7.794844e+03 7.775491e+03 7.804329e+03
7.843270e+03 7.795142e+03 7.779261e+03 7.859150e+03
7.875691e+03 7.795437e+03 7.794035e+03 7.877093e+03
7.833337e+03 7.795729e+03 7.807937e+03 7.821128e+03
7.837650e+03 7.796018e+03 7.815111e+03 7.818557e+03
7.806893e+03 7.796304e+03 7.817366e+03 7.785832e+03
7.806943e+03 7.796587e+03 7.816852e+03 7.786679e+03
7.830278e+03 7.796868e+03 7.815103e+03 7.812043e+03
7.797625e+03 7.797145e+03 7.813064e+03 7.781706e+03
7.854135e+03 7.797420e+03 7.811272e+03 7.840283e+03
7.869661e+03 7.797692e+03 7.809817e+03 7.857535e+03
7.888227e+03 7.797961e+03 7.808640e+03 7.877547e+03
7.846788e+03 7.798227e+03 7.807656e+03 7.837359e+03
7.871173e+03 7.798490e+03 7.806768e+03 7.862895e+03
7.772146e+03 7.798750e+03 7.805930e+03 7.764966e+03
7.781482e+03 7.799007e+03 7.805114e+03 7.775376e+03
7.822483e+03 7.799256e+03 7.804301e+03 7.817438e+03
7.785208e+03 7.799473e+03 7.802029e+03 7.782651e+03
7.881152e+03 7.799646e+03 7.790009e+03 7.890789e+03
7.732112e+03 7.799788e+03 7.773767e+03 7.758132e+03
7.708800e+03 7.799912e+03 7.762520e+03 7.746192e+03
7.809035e+03 7.800027e+03 7.757119e+03 7.851943e+03
7.846508e+03 7.800136e+03 7.755415e+03 7.891230e+03
