1.046328e+04 1.054184e+04 1.051198e+04 1.049314e+04
1.060583e+04 1.054350e+04 1.051272e+04 1.063661e+04
1.051520e+04 1.054528e+04 1.051361e+04 1.054688e+04
1.032256e+04 1.056270e+04 1.053014e+04 1.035512e+04
1.078390e+04 1.061746e+04 1.058406e+04 1.081730e+04
1.076148e+04 1.067427e+04 1.064003e+04 1.079572e+04
1.066886e+04 1.070596e+04 1.067090e+04 1.070392e+04
1.054417e+04 1.071821e+04 1.068233e+04 1.058005e+04
1.061844e+04 1.071958e+04 1.068288e+04 1.065514e+04
1.071639e+04 1.071658e+04 1.067906e+04 1.075390e+04
1.069451e+04 1.071261e+04 1.067430e+04 1.073282e+04
1.071440e+04 1.070977e+04 1.067069e+04 1.075349e+04
1.079778e+04 1.070835e+04 1.066852e+04 1.083762e+04
1.065833e+04 1.070825e+04 1.066768e+04 1.069890e+04
1.070019e+04 1.070892e+04 1.066765e+04 1.074146e+04
1.065703e+04 1.070999e+04 1.066805e+04 1.069898e+04
1.064984e+04 1.071126e+04 1.066866e+04 1.069244e+04
1.067120e+04 1.071259e+04 1.066935e+04 1.071444e+04
1.056939e+04 1.071393e+04 1.067007e+04 1.061325e+04
1.064704e+04 1.071309e+04 1.066863e+04 1.069150e+04
1.063852e+04 1.068120e+04 1.063616e+04 1.068355e+04
1.060816e+04 1.062350e+04 1.057791e+04 1.065375e+04
1.064065e+04 1.057898e+04 1.053285e+04 1.068678e+04
1.063528e+04 1.055954e+04 1.051511e+04 1.067971e+04
1.061476e+04 1.055558e+04 1.054074e+04 1.062960e+04
1.057704e+04 1.055933e+04 1.059919e+04 1.053717e+04
1.061958e+04 1.056567e+04 1.064561e+04 1.053963e+04
1.083474e+04 1.057195e+04 1.067061e+04 1.073609e+04
1.061388e+04 1.057675e+04 1.067944e+04 1.051118e+04
1.057324e+04 1.058009e+04 1.068002e+04 1.047331e+04
1.057272e+04 1.058236e+04 1.067705e+04 1.047803e+04
1.067284e+04 1.058396e+04 1.067369e+04 1.058311e+04
1.061599e+04 1.058521e+04 1.067115e+04 1.053006e+04
1.066225e+04 1.058630e+04 1.066986e+04 1.057869e+04
1.049682e+04 1.058731e+04 1.066946e+04 1.041467e+04
1.059955e+04 1.058828e+04 1.066960e+04 1.051823e+04
1.076158e+04 1.058921e+04 1.067002e+04 1.068078e+04
1.064540e+04 1.059013e+04 1.067056e+04 1.056498e+04
1.074342e+04 1.059103e+04 1.067115e+04 1.066330e+04
1.057803e+04 1.059190e+04 1.067173e+04 1.049820e+04
1.070042e+04 1.059276e+04 1.066234e+04 1.063084e+04
1.065364e+04 1.059360e+04 1.061813e+04 1.062910e+04
1.073234e+04 1.059441e+04 1.056599e+04 1.076076e+04
1.066244e+04 1.059521e+04 1.053570e+04 1.072195e+04
1.059743e+04 1.059599e+04 1.052445e+04 1.066898e+04
1.065706e+04 1.059675e+04 1.052400e+04 1.072981e+04
1.046007e+04 1.059749e+04 1.053191e+04 1.052565e+04
1.055070e+04 1.059821e+04 1.055819e+04 1.059072e+04
1.061346e+04 1.059891e+04 1.058807e+04 1.062431e+04
1.057147e+04 1.059960e+04 1.060729e+04 1.056378e+04
1.051735e+04 1.060026e+04 1.061591e+04 1.050171e+04
1.053380e+04 1.060091e+04 1.061797e+04 1.051673e+04
1.061296e+04 1.060154e+04 1.061709e+04 1.059741e+04
1.061243e+04 1.060215e+04 1.061536e+04 1.059922e+04
1.079631e+04 1.060274e+04 1.061384e+04 1.078521e+04
1.067704e+04 1.060332e+04 1.061289e+04 1.066747e+04
1.060460e+04 1.060388e+04 1.061253e+04 1.059595e+04
1.051547e+04 1.060442e+04 1.061255e+04 1.050733e+04
1.051212e+04 1.060494e+04 1.061278e+04 1.050428e+04
1.063586e+04 1.060545e+04 1.061311e+04 1.062820e+04
1.053390e+04 1.060594e+04 1.061348e+04 1.052635e+04
1.057971e+04 1.060641e+04 1.061386e+04 1.057226e+04
1.063755e+04 1.060686e+04 1.061396e+04 1.063046e+04
1.061784e+04 1.060730e+04 1.060445e+04 1.062069e+04
1.086042e+04 1.060773e+04 1.057992e+04 1.088823e+04
1.049860e+04 1.060813e+04 1.055756e+04 1.054918e+04
1.036847e+04 1.060852e+04 1.054644e+04 1.043055e+04
1.062908e+04 1.060890e+04 1.054313e+04 1.069484e+04
1.046110e+04 1.060926e+04 1.054572e+04 1.052464e+04
1.056007e+04 1.060960e+04 1.057595e+04 1.059371e+04
1.041094e+04 1.060993e+04 1.063293e+04 1.038794e+04
1.048339e+04 1.061024e+04 1.067612e+04 1.041751e+04
1.067455e+04 1.061054e+04 1.069740e+04 1.058768e+04
1.074079e+04 1.061082e+04 1.070317e+04 1.064843e+04
1.066582e+04 1.061108e+04 1.070160e+04 1.057530e+04
1.089767e+04 1.061133e+04 1.069720e+04 1.081180e+04
1.080351e+04 1.061157e+04 1.069289e+04 1.072218e+04
1.060932e+04 1.061179e+04 1.068965e+04 1.053146e+04
1.060039e+04 1.061200e+04 1.068777e+04 1.052462e+04
1.085455e+04 1.061219e+04 1.068683e+04 1.077991e+04
1.043898e+04 1.061237e+04 1.068645e+04 1.036490e+04
1.071708e+04 1.061253e+04 1.068636e+04 1.064325e+04
1.082966e+04 1.061268e+04 1.068640e+04 1.075595e+04
1.064963e+04 1.061282e+04 1.068647e+04 1.057598e+04
1.055124e+04 1.061294e+04 1.068655e+04 1.047763e+04
1.077386e+04 1.061305e+04 1.067805e+04 1.070886e+04
1.072530e+04 1.061314e+04 1.063531e+04 1.070314e+04
1.029455e+04 1.061322e+04 1.058267e+04 1.032510e+04
1.047407e+04 1.061329e+04 1.055110e+04 1.053626e+04
1.020515e+04 1.061335e+04 1.053872e+04 1.027978e+04
1.038463e+04 1.061339e+04 1.053732e+04 1.046070e+04
1.043376e+04 1.061342e+04 1.053716e+04 1.051001e+04
1.035339e+04 1.061343e+04 1.053017e+04 1.043665e+04
1.040169e+04 1.061344e+04 1.052301e+04 1.049212e+04
1.053110e+04 1.061343e+04 1.051961e+04 1.062492e+04
1.049610e+04 1.061341e+04 1.051910e+04 1.059041e+04
1.069637e+04 1.061338e+04 1.051996e+04 1.078979e+04
1.070103e+04 1.061333e+04 1.052128e+04 1.079308e+04
1.049416e+04 1.061327e+04 1.052249e+04 1.058494e+04
1.047653e+04 1.061321e+04 1.052336e+04 1.056638e+04
1.054141e+04 1.061312e+04 1.052388e+04 1.063065e+04
1.041095e+04 1.061303e+04 1.052410e+04 1.049988e+04
1.040846e+04 1.061293e+04 1.052414e+04 1.049725e+04
1.049363e+04 1.061282e+04 1.052407e+04 1.058237e+04
1.046730e+04 1.061269e+04 1.052396e+04 1.055604e+04
1.036281e+04 1.061255e+04 1.052381e+04 1.045155e+04
1.053273e+04 1.061241e+04 1.052365e+04 1.062148e+04
1.065857e+04 1.061225e+04 1.052412e+04 1.074670e+04
1.074211e+04 1.061208e+04 1.053142e+04 1.082278e+04
1.065765e+04 1.061190e+04 1.054384e+04 1.072571e+04
1.064920e+04 1.061172e+04 1.055314e+04 1.070777e+04
1.075907e+04 1.061152e+04 1.055713e+04 1.081346e+04
1.043824e+04 1.061131e+04 1.055789e+04 1.049166e+04
1.046319e+04 1.061109e+04 1.055706e+04 1.051722e+04
1.075174e+04 1.061087e+04 1.056204e+04 1.080057e+04
1.075966e+04 1.061063e+04 1.060170e+04 1.076859e+04
1.091160e+04 1.061039e+04 1.065301e+04 1.086898e+04
1.074826e+04 1.061013e+04 1.068669e+04 1.067170e+04
1.068311e+04 1.060987e+04 1.069974e+04 1.059325e+04
1.072475e+04 1.060960e+04 1.070133e+04 1.063302e+04
1.074333e+04 1.060932e+04 1.069757e+04 1.065508e+04
1.076358e+04 1.060903e+04 1.069243e+04 1.068018e+04
1.070127e+04 1.060874e+04 1.068778e+04 1.062223e+04
1.065731e+04 1.060844e+04 1.068455e+04 1.058119e+04
1.064110e+04 1.060813e+04 1.068252e+04 1.056670e+04
1.064575e+04 1.060781e+04 1.068130e+04 1.057225e+04
1.066204e+04 1.060748e+04 1.068057e+04 1.058896e+04
1.060987e+04 1.060715e+04 1.068006e+04 1.053696e+04
1.056788e+04 1.060681e+04 1.067965e+04 1.049504e+04
1.056835e+04 1.060647e+04 1.067928e+04 1.049554e+04
1.063138e+04 1.060612e+04 1.067853e+04 1.055897e+04
1.062755e+04 1.060576e+04 1.065969e+04 1.057363e+04
1.068132e+04 1.060540e+04 1.060756e+04 1.067916e+04
1.056568e+04 1.060503e+04 1.056092e+04 1.060979e+04
1.042085e+04 1.060466e+04 1.053600e+04 1.048952e+04
1.055383e+04 1.060428e+04 1.052757e+04 1.063054e+04
1.061264e+04 1.060390e+04 1.052805e+04 1.068849e+04
1.049246e+04 1.060352e+04 1.053517e+04 1.056080e+04
1.061192e+04 1.060313e+04 1.057248e+04 1.064256e+04
1.068228e+04 1.060273e+04 1.062983e+04 1.065519e+04
1.058875e+04 1.060234e+04 1.067199e+04 1.051909e+04
1.082422e+04 1.060193e+04 1.069045e+04 1.073571e+04
1.086940e+04 1.060153e+04 1.069469e+04 1.077624e+04
1.087477e+04 1.060112e+04 1.069194e+04 1.078395e+04
1.061675e+04 1.060072e+04 1.068689e+04 1.053058e+04
1.068624e+04 1.060031e+04 1.068192e+04 1.060463e+04
1.075939e+04 1.059989e+04 1.067830e+04 1.068099e+04
1.065866e+04 1.059948e+04 1.067591e+04 1.058222e+04
1.063453e+04 1.059907e+04 1.067451e+04 1.055908e+04
1.067222e+04 1.059865e+04 1.067366e+04 1.059722e+04
1.075232e+04 1.059824e+04 1.067308e+04 1.067747e+04
1.047410e+04 1.059782e+04 1.067263e+04 1.039929e+04
1.078196e+04 1.059740e+04 1.067223e+04 1.070713e+04
1.051370e+04 1.059699e+04 1.067181e+04 1.043888e+04
1.070983e+04 1.059657e+04 1.066008e+04 1.064632e+04
1.063995e+04 1.059615e+04 1.061216e+04 1.062394e+04
1.068518e+04 1.059573e+04 1.056116e+04 1.071975e+04
1.048221e+04 1.059531e+04 1.053060e+04 1.054692e+04
1.032075e+04 1.059494e+04 1.051957e+04 1.039612e+04
1.055116e+04 1.060697e+04 1.053114e+04 1.062699e+04
1.057022e+04 1.065860e+04 1.058686e+04 1.064196e+04
1.062811e+04 1.071360e+04 1.064683e+04 1.069489e+04
1.082339e+04 1.074625e+04 1.068371e+04 1.088594e+04
1.071962e+04 1.075760e+04 1.069782e+04 1.077940e+04
1.074869e+04 1.075778e+04 1.069963e+04 1.080684e+04
1.071004e+04 1.075300e+04 1.069572e+04 1.076731e+04
1.065244e+04 1.074727e+04 1.069044e+04 1.070927e+04
1.065646e+04 1.074236e+04 1.068578e+04 1.071304e+04
1.069141e+04 1.073905e+04 1.068263e+04 1.074782e+04
1.073687e+04 1.073701e+04 1.068073e+04 1.079315e+04
1.070916e+04 1.073581e+04 1.067966e+04 1.076531e+04
1.058894e+04 1.073510e+04 1.067907e+04 1.064496e+04
1.081296e+04 1.073462e+04 1.067872e+04 1.086885e+04
1.064846e+04 1.073425e+04 1.067848e+04 1.070423e+04
1.055773e+04 1.073393e+04 1.067828e+04 1.061337e+04
1.055584e+04 1.073214e+04 1.067661e+04 1.061137e+04
1.066439e+04 1.070316e+04 1.064774e+04 1.071981e+04
1.070290e+04 1.064301e+04 1.058771e+04 1.075820e+04
1.060640e+04 1.059598e+04 1.054079e+04 1.066159e+04
1.062829e+04 1.057296e+04 1.051837e+04 1.068289e+04
1.052458e+04 1.056639e+04 1.052812e+04 1.056285e+04
1.065923e+04 1.056824e+04 1.056783e+04 1.065963e+04
1.067896e+04 1.057322e+04 1.060621e+04 1.064597e+04
1.062945e+04 1.057813e+04 1.062764e+04 1.057993e+04
1.058843e+04 1.058177e+04 1.063638e+04 1.053383e+04
1.072071e+04 1.058403e+04 1.063779e+04 1.066695e+04
1.074771e+04 1.058514e+04 1.063579e+04 1.069706e+04
1.061707e+04 1.058562e+04 1.063291e+04 1.056978e+04
1.059859e+04 1.058576e+04 1.063057e+04 1.055378e+04
1.057617e+04 1.058577e+04 1.062906e+04 1.053287e+04
1.050547e+04 1.058572e+04 1.062826e+04 1.046294e+04
1.056088e+04 1.058567e+04 1.062796e+04 1.051859e+04
1.060229e+04 1.058563e+04 1.062793e+04 1.056000e+04
1.072557e+04 1.058561e+04 1.062804e+04 1.068314e+04
1.070565e+04 1.058561e+04 1.062822e+04 1.066304e+04
1.068404e+04 1.058562e+04 1.062843e+04 1.064123e+04
1.056579e+04 1.058566e+04 1.062508e+04 1.052637e+04
1.046193e+04 1.058572e+04 1.059733e+04 1.045032e+04
1.052279e+04 1.058580e+04 1.055905e+04 1.054954e+04
1.054152e+04 1.058590e+04 1.053340e+04 1.059402e+04
1.035597e+04 1.058603e+04 1.052250e+04 1.041950e+04
1.057962e+04 1.058618e+04 1.052091e+04 1.064488e+04
