6.985779e+02 1.230376e+03 1.103712e+03 8.252419e+02
1.325275e+03 1.227244e+03 1.102931e+03 1.449587e+03
1.315816e+03 1.224181e+03 1.102394e+03 1.437603e+03
1.139096e+03 1.221188e+03 1.119515e+03 1.240769e+03
1.149258e+03 1.218266e+03 1.178726e+03 1.188798e+03
1.391682e+03 1.215414e+03 1.240328e+03 1.366768e+03
1.207808e+03 1.212632e+03 1.273780e+03 1.146661e+03
1.041367e+03 1.209922e+03 1.285463e+03 9.658262e+02
1.201615e+03 1.207282e+03 1.285000e+03 1.123897e+03
1.192407e+03 1.204714e+03 1.279693e+03 1.117427e+03
1.303852e+03 1.202217e+03 1.273405e+03 1.232663e+03
1.020576e+03 1.199791e+03 1.268478e+03 9.518883e+02
1.390229e+03 1.197436e+03 1.265246e+03 1.322419e+03
1.236146e+03 1.195153e+03 1.263588e+03 1.167712e+03
1.219953e+03 1.192942e+03 1.262904e+03 1.149991e+03
1.425359e+03 1.190802e+03 1.262769e+03 1.353391e+03
6.182827e+02 1.188733e+03 1.262943e+03 5.440720e+02
1.193476e+03 1.186735e+03 1.263279e+03 1.116932e+03
1.501223e+03 1.184808e+03 1.263718e+03 1.422313e+03
1.439088e+03 1.182952e+03 1.261800e+03 1.360240e+03
1.450812e+03 1.181167e+03 1.225072e+03 1.406907e+03
1.379577e+03 1.179452e+03 1.159424e+03 1.399605e+03
1.386081e+03 1.177807e+03 1.108679e+03 1.455208e+03
1.044155e+03 1.176232e+03 1.088277e+03 1.132110e+03
1.332914e+03 1.174726e+03 1.111377e+03 1.396263e+03
1.405982e+03 1.173289e+03 1.166638e+03 1.412633e+03
1.496544e+03 1.171921e+03 1.211232e+03 1.457233e+03
1.367599e+03 1.170621e+03 1.235886e+03 1.302334e+03
1.333208e+03 1.169389e+03 1.245244e+03 1.257354e+03
1.305461e+03 1.168224e+03 1.246684e+03 1.227001e+03
1.302634e+03 1.167126e+03 1.244670e+03 1.225090e+03
1.308948e+03 1.166094e+03 1.242217e+03 1.232824e+03
1.250905e+03 1.165127e+03 1.240534e+03 1.175498e+03
1.388799e+03 1.164225e+03 1.240040e+03 1.312984e+03
1.356412e+03 1.163387e+03 1.240421e+03 1.279378e+03
1.147266e+03 1.162612e+03 1.241347e+03 1.068531e+03
1.041246e+03 1.161901e+03 1.242592e+03 9.605551e+02
1.213800e+03 1.161251e+03 1.243994e+03 1.131056e+03
1.537766e+03 1.160662e+03 1.245488e+03 1.452940e+03
1.517067e+03 1.160134e+03 1.247023e+03 1.430178e+03
1.286836e+03 1.159665e+03 1.239298e+03 1.207203e+03
1.558393e+03 1.159255e+03 1.199126e+03 1.518521e+03
1.350691e+03 1.158902e+03 1.151590e+03 1.358002e+03
1.206241e+03 1.158606e+03 1.124484e+03 1.240364e+03
1.214519e+03 1.158366e+03 1.115183e+03 1.257703e+03
1.436718e+03 1.158202e+03 1.116019e+03 1.478901e+03
1.506722e+03 1.190070e+03 1.153315e+03 1.543478e+03
1.593144e+03 1.374156e+03 1.343950e+03 1.623350e+03
1.594154e+03 1.598218e+03 1.573707e+03 1.618665e+03
1.695061e+03 1.739670e+03 1.719575e+03 1.715155e+03
1.619860e+03 1.797321e+03 1.780536e+03 1.636645e+03
1.868097e+03 1.804369e+03 1.790085e+03 1.882381e+03
1.831088e+03 1.789132e+03 1.776918e+03 1.843302e+03
1.885167e+03 1.768515e+03 1.758133e+03 1.895549e+03
1.623811e+03 1.750703e+03 1.742036e+03 1.632478e+03
1.667336e+03 1.738334e+03 1.731316e+03 1.674354e+03
1.712449e+03 1.731538e+03 1.726124e+03 1.717862e+03
1.881751e+03 1.728223e+03 1.724375e+03 1.885599e+03
1.674866e+03 1.727020e+03 1.724702e+03 1.677183e+03
1.781874e+03 1.726810e+03 1.725988e+03 1.782696e+03
1.599503e+03 1.727055e+03 1.727693e+03 1.598865e+03
1.741990e+03 1.727512e+03 1.729574e+03 1.739928e+03
1.594995e+03 1.725707e+03 1.729156e+03 1.591545e+03
1.984057e+03 1.638700e+03 1.643500e+03 1.979257e+03
1.311455e+03 1.418381e+03 1.424493e+03 1.305343e+03
5.866270e+02 1.217496e+03 1.224882e+03 5.792411e+02
1.010172e+03 1.116592e+03 1.125213e+03 1.001552e+03
1.096628e+03 1.085211e+03 1.095027e+03 1.086811e+03
1.254142e+03 1.090874e+03 1.102596e+03 1.242420e+03
1.258502e+03 1.110580e+03 1.135449e+03 1.233632e+03
1.279435e+03 1.132272e+03 1.181723e+03 1.229984e+03
1.255990e+03 1.148921e+03 1.217206e+03 1.187705e+03
1.260658e+03 1.160070e+03 1.237942e+03 1.182787e+03
1.134170e+03 1.166435e+03 1.247383e+03 1.053221e+03
1.297466e+03 1.170025e+03 1.250973e+03 1.216517e+03
1.307655e+03 1.172171e+03 1.251932e+03 1.227894e+03
1.406593e+03 1.173616e+03 1.252225e+03 1.327984e+03
1.463608e+03 1.174796e+03 1.252689e+03 1.385715e+03
1.475229e+03 1.175880e+03 1.253614e+03 1.397494e+03
1.402925e+03 1.176942e+03 1.254890e+03 1.324977e+03
1.066491e+03 1.178004e+03 1.256367e+03 9.881279e+02
1.473452e+03 1.179081e+03 1.257949e+03 1.394584e+03
1.381651e+03 1.180173e+03 1.259559e+03 1.302265e+03
1.313211e+03 1.181280e+03 1.261163e+03 1.233328e+03
1.372698e+03 1.182399e+03 1.262741e+03 1.292357e+03
1.212753e+03 1.183531e+03 1.260578e+03 1.135706e+03
1.058161e+03 1.184675e+03 1.243580e+03 9.992562e+02
7.556482e+02 1.185829e+03 1.222271e+03 7.192063e+02
7.280849e+02 1.186992e+03 1.210045e+03 7.050318e+02
6.452311e+02 1.188164e+03 1.206087e+03 6.273085e+02
8.580027e+02 1.189343e+03 1.206235e+03 8.411117e+02
6.428597e+02 1.190530e+03 1.161445e+03 6.719450e+02
6.387067e+02 1.191722e+03 1.013658e+03 8.167712e+02
7.368775e+02 1.192919e+03 8.738179e+02 1.055979e+03
6.565599e+02 1.194121e+03 7.978762e+02 1.052805e+03
4.926255e+02 1.195326e+03 7.727437e+02 9.152075e+02
7.964341e+02 1.196533e+03 7.755036e+02 1.217464e+03
6.632824e+02 1.197742e+03 7.895981e+02 1.071426e+03
5.609742e+02 1.198952e+03 8.050072e+02 9.549192e+02
6.199279e+02 1.200162e+03 8.174756e+02 1.002615e+03
7.185753e+02 1.201372e+03 8.260364e+02 1.093911e+03
8.120121e+02 1.202581e+03 8.310506e+02 1.183542e+03
7.318314e+02 1.203787e+03 8.339677e+02 1.101651e+03
8.243690e+02 1.204991e+03 8.356620e+02 1.193698e+03
8.914474e+02 1.206191e+03 8.367865e+02 1.260852e+03
5.762054e+02 1.207387e+03 8.376421e+02 9.459503e+02
1.225829e+03 1.208578e+03 8.383592e+02 1.596048e+03
9.393151e+02 1.209764e+03 8.472239e+02 1.301856e+03
1.377269e+03 1.210944e+03 9.426477e+02 1.645565e+03
1.380853e+03 1.212118e+03 1.103171e+03 1.489801e+03
1.013977e+03 1.213284e+03 1.224222e+03 1.003039e+03
1.122399e+03 1.214442e+03 1.277940e+03 1.058901e+03
9.489261e+02 1.215593e+03 1.290846e+03 8.736724e+02
1.355975e+03 1.216734e+03 1.283635e+03 1.289073e+03
1.193230e+03 1.217866e+03 1.272545e+03 1.138551e+03
1.322058e+03 1.218988e+03 1.276734e+03 1.264312e+03
1.229611e+03 1.220099e+03 1.289808e+03 1.159902e+03
1.000026e+03 1.221200e+03 1.298801e+03 9.224250e+02
1.067003e+03 1.222290e+03 1.301673e+03 9.876193e+02
1.002773e+03 1.223367e+03 1.301120e+03 9.250201e+02
1.282341e+03 1.224433e+03 1.299000e+03 1.207774e+03
1.070987e+03 1.225486e+03 1.296618e+03 9.998547e+02
1.392498e+03 1.226526e+03 1.294549e+03 1.324475e+03
1.286904e+03 1.227553e+03 1.293104e+03 1.221352e+03
9.704374e+02 1.228566e+03 1.292156e+03 9.068473e+02
9.221780e+02 1.229565e+03 1.291522e+03 8.602209e+02
1.106764e+03 1.230550e+03 1.291056e+03 1.046258e+03
1.132005e+03 1.231520e+03 1.290642e+03 1.072882e+03
1.161009e+03 1.232475e+03 1.290229e+03 1.103255e+03
1.295078e+03 1.233416e+03 1.289788e+03 1.238705e+03
1.359947e+03 1.234340e+03 1.289143e+03 1.305144e+03
1.118294e+03 1.235249e+03 1.280628e+03 1.072915e+03
1.072125e+03 1.236143e+03 1.257679e+03 1.050589e+03
1.131355e+03 1.237020e+03 1.237060e+03 1.131315e+03
1.290961e+03 1.237881e+03 1.225793e+03 1.303049e+03
1.117280e+03 1.238725e+03 1.221624e+03 1.134382e+03
1.048809e+03 1.239553e+03 1.221268e+03 1.067094e+03
1.155678e+03 1.240364e+03 1.225290e+03 1.170752e+03
1.198250e+03 1.241159e+03 1.257289e+03 1.182120e+03
1.338932e+03 1.241936e+03 1.308449e+03 1.272419e+03
1.242007e+03 1.242697e+03 1.346058e+03 1.138645e+03
1.044093e+03 1.243440e+03 1.362069e+03 9.254639e+02
1.331528e+03 1.244166e+03 1.365117e+03 1.210577e+03
1.144849e+03 1.244875e+03 1.361786e+03 1.027939e+03
1.138900e+03 1.245567e+03 1.356357e+03 1.028110e+03
1.264950e+03 1.246242e+03 1.351012e+03 1.160180e+03
1.251729e+03 1.246899e+03 1.346902e+03 1.151727e+03
1.262197e+03 1.247539e+03 1.343923e+03 1.165813e+03
1.207228e+03 1.248162e+03 1.341833e+03 1.113557e+03
1.192557e+03 1.248770e+03 1.340221e+03 1.101106e+03
1.449853e+03 1.249361e+03 1.338835e+03 1.360378e+03
1.343784e+03 1.249936e+03 1.337545e+03 1.256175e+03
1.494166e+03 1.250494e+03 1.336276e+03 1.408384e+03
1.319323e+03 1.251037e+03 1.334956e+03 1.235404e+03
1.329044e+03 1.251563e+03 1.323050e+03 1.257557e+03
1.254435e+03 1.252073e+03 1.277354e+03 1.229155e+03
1.503674e+03 1.252567e+03 1.228755e+03 1.527486e+03
1.233545e+03 1.253046e+03 1.199206e+03 1.287385e+03
1.541356e+03 1.253508e+03 1.187870e+03 1.606994e+03
1.481430e+03 1.253955e+03 1.199966e+03 1.535419e+03
1.560744e+03 1.254386e+03 1.260796e+03 1.554334e+03
1.408469e+03 1.254801e+03 1.326212e+03 1.337058e+03
1.514190e+03 1.255201e+03 1.365797e+03 1.403595e+03
1.510993e+03 1.255586e+03 1.380055e+03 1.386525e+03
1.683792e+03 1.255956e+03 1.380674e+03 1.559075e+03
1.557129e+03 1.256312e+03 1.374999e+03 1.438441e+03
1.840502e+03 1.256652e+03 1.367846e+03 1.729308e+03
1.478522e+03 1.256978e+03 1.361406e+03 1.374095e+03
1.275897e+03 1.257290e+03 1.356672e+03 1.176516e+03
1.238771e+03 1.257588e+03 1.353328e+03 1.143031e+03
1.259526e+03 1.257872e+03 1.350901e+03 1.166498e+03
1.451665e+03 1.258143e+03 1.349017e+03 1.360791e+03
1.242602e+03 1.258400e+03 1.347379e+03 1.153623e+03
1.420684e+03 1.258645e+03 1.345851e+03 1.333477e+03
1.317911e+03 1.258876e+03 1.344359e+03 1.232428e+03
1.485019e+03 1.259095e+03 1.341210e+03 1.402904e+03
1.217168e+03 1.259301e+03 1.307482e+03 1.168987e+03
1.302263e+03 1.259496e+03 1.238720e+03 1.323039e+03
1.388079e+03 1.259679e+03 1.184686e+03 1.463072e+03
1.226225e+03 1.259850e+03 1.158208e+03 1.327867e+03
1.318165e+03 1.260010e+03 1.168845e+03 1.409329e+03
1.288745e+03 1.260159e+03 1.214465e+03 1.334438e+03
1.112408e+03 1.260297e+03 1.258303e+03 1.114402e+03
1.339002e+03 1.260425e+03 1.282071e+03 1.317357e+03
1.135046e+03 1.260543e+03 1.290865e+03 1.104724e+03
1.453603e+03 1.260651e+03 1.291063e+03 1.423191e+03
1.327167e+03 1.260749e+03 1.287300e+03 1.300616e+03
1.076437e+03 1.260838e+03 1.282525e+03 1.054750e+03
1.350300e+03 1.260918e+03 1.278412e+03 1.332807e+03
1.587202e+03 1.260990e+03 1.275287e+03 1.572905e+03
1.488568e+03 1.261053e+03 1.273000e+03 1.476621e+03
1.499733e+03 1.261107e+03 1.271310e+03 1.489530e+03
1.438364e+03 1.261154e+03 1.269933e+03 1.429585e+03
1.222477e+03 1.261193e+03 1.268723e+03 1.214947e+03
1.209887e+03 1.261225e+03 1.267598e+03 1.203514e+03
1.301844e+03 1.261233e+03 1.266505e+03 1.296572e+03
1.201685e+03 1.261132e+03 1.261101e+03 1.201715e+03
1.467804e+03 1.260890e+03 1.226679e+03 1.502016e+03
1.091548e+03 1.260546e+03 1.179707e+03 1.172387e+03
1.002576e+03 1.260145e+03 1.147661e+03 1.115061e+03
1.166286e+03 1.259717e+03 1.133066e+03 1.292936e+03
1.318580e+03 1.259277e+03 1.129516e+03 1.448341e+03
