9.437887e+03 9.477604e+03 9.432146e+03 9.483344e+03
9.478435e+03 9.477604e+03 9.431926e+03 9.524113e+03
9.516816e+03 9.477620e+03 9.431816e+03 9.562620e+03
9.422180e+03 9.477649e+03 9.442485e+03 9.457344e+03
9.694656e+03 9.477693e+03 9.478900e+03 9.693449e+03
9.673694e+03 9.477750e+03 9.516741e+03 9.634703e+03
9.626393e+03 9.477814e+03 9.537296e+03 9.566911e+03
9.561104e+03 9.477868e+03 9.544467e+03 9.494506e+03
9.587385e+03 9.477913e+03 9.544150e+03 9.521148e+03
9.479442e+03 9.477958e+03 9.540823e+03 9.416578e+03
9.455302e+03 9.478013e+03 9.536856e+03 9.396459e+03
9.504687e+03 9.478082e+03 9.533686e+03 9.449083e+03
9.480241e+03 9.478165e+03 9.531517e+03 9.426889e+03
9.532365e+03 9.478263e+03 9.530277e+03 9.480351e+03
9.493968e+03 9.478374e+03 9.529597e+03 9.442745e+03
9.412281e+03 9.478498e+03 9.529219e+03 9.361560e+03
9.584236e+03 9.478633e+03 9.528994e+03 9.533876e+03
9.559782e+03 9.478779e+03 9.528832e+03 9.509729e+03
9.445769e+03 9.478936e+03 9.528699e+03 9.396005e+03
9.535235e+03 9.479102e+03 9.527087e+03 9.487249e+03
9.596492e+03 9.479277e+03 9.504116e+03 9.571653e+03
9.596991e+03 9.479460e+03 9.463394e+03 9.613057e+03
9.550510e+03 9.479652e+03 9.431769e+03 9.598393e+03
9.494925e+03 9.481874e+03 9.419450e+03 9.557349e+03
9.481129e+03 9.509439e+03 9.443155e+03 9.547414e+03
9.456893e+03 9.559829e+03 9.495001e+03 9.521721e+03
9.515565e+03 9.596915e+03 9.535340e+03 9.577141e+03
9.501595e+03 9.614558e+03 9.556215e+03 9.559938e+03
9.562367e+03 9.618859e+03 9.562733e+03 9.618493e+03
9.521531e+03 9.616968e+03 9.562073e+03 9.576426e+03
9.499062e+03 9.612804e+03 9.558423e+03 9.553443e+03
9.650592e+03 9.608892e+03 9.554568e+03 9.704915e+03
9.543530e+03 9.606028e+03 9.551548e+03 9.598010e+03
9.612233e+03 9.604436e+03 9.549705e+03 9.666964e+03
9.637275e+03 9.603713e+03 9.548696e+03 9.692292e+03
9.619812e+03 9.603500e+03 9.548186e+03 9.675125e+03
9.535244e+03 9.603565e+03 9.547950e+03 9.590859e+03
9.394988e+03 9.603749e+03 9.547831e+03 9.450906e+03
9.498446e+03 9.603985e+03 9.547765e+03 9.554667e+03
9.489272e+03 9.604225e+03 9.547703e+03 9.545795e+03
9.479588e+03 9.595408e+03 9.538585e+03 9.536411e+03
9.524779e+03 9.554946e+03 9.497824e+03 9.581901e+03
9.507069e+03 9.507276e+03 9.449857e+03 9.564488e+03
9.431846e+03 9.479479e+03 9.421765e+03 9.489559e+03
9.374327e+03 9.469000e+03 9.410994e+03 9.432333e+03
9.319405e+03 9.468348e+03 9.410056e+03 9.377697e+03
9.494047e+03 9.472036e+03 9.419343e+03 9.546740e+03
9.405530e+03 9.476843e+03 9.457743e+03 9.424630e+03
9.616354e+03 9.480843e+03 9.502685e+03 9.594513e+03
9.498192e+03 9.483628e+03 9.531206e+03 9.450614e+03
9.551544e+03 9.485361e+03 9.543255e+03 9.493650e+03
9.525319e+03 9.486334e+03 9.545230e+03 9.466423e+03
9.534259e+03 9.486915e+03 9.542710e+03 9.478464e+03
9.494610e+03 9.487293e+03 9.538993e+03 9.442910e+03
9.349342e+03 9.487585e+03 9.535705e+03 9.301222e+03
9.539368e+03 9.487842e+03 9.533378e+03 9.493832e+03
9.483064e+03 9.488082e+03 9.532058e+03 9.439089e+03
9.512188e+03 9.488313e+03 9.531366e+03 9.469135e+03
9.590976e+03 9.488539e+03 9.531054e+03 9.548460e+03
9.521130e+03 9.488760e+03 9.530919e+03 9.478971e+03
9.552039e+03 9.488977e+03 9.530861e+03 9.510155e+03
9.445181e+03 9.489188e+03 9.530836e+03 9.403533e+03
9.514339e+03 9.489395e+03 9.530388e+03 9.473346e+03
9.596841e+03 9.489596e+03 9.514261e+03 9.572177e+03
9.614858e+03 9.489792e+03 9.473604e+03 9.631046e+03
9.552062e+03 9.489983e+03 9.436517e+03 9.605528e+03
9.388723e+03 9.490168e+03 9.417816e+03 9.461075e+03
9.221906e+03 9.490347e+03 9.411898e+03 9.300355e+03
9.329154e+03 9.490520e+03 9.414528e+03 9.405146e+03
9.322883e+03 9.490688e+03 9.445933e+03 9.367637e+03
9.557797e+03 9.490849e+03 9.504335e+03 9.544311e+03
9.527850e+03 9.491004e+03 9.548557e+03 9.470296e+03
9.521235e+03 9.491153e+03 9.570392e+03 9.441996e+03
9.547240e+03 9.491295e+03 9.576326e+03 9.462209e+03
9.512723e+03 9.491431e+03 9.574699e+03 9.429455e+03
9.542327e+03 9.491561e+03 9.570146e+03 9.463742e+03
9.570560e+03 9.491684e+03 9.565642e+03 9.496601e+03
9.654654e+03 9.491801e+03 9.562198e+03 9.584257e+03
9.519376e+03 9.491911e+03 9.560129e+03 9.451158e+03
9.501720e+03 9.492014e+03 9.559016e+03 9.434718e+03
9.612371e+03 9.492111e+03 9.558471e+03 9.546012e+03
9.499791e+03 9.492202e+03 9.558237e+03 9.433756e+03
9.469048e+03 9.492286e+03 9.558135e+03 9.403199e+03
9.595672e+03 9.492363e+03 9.558090e+03 9.529945e+03
9.534612e+03 9.492434e+03 9.558058e+03 9.468989e+03
9.428483e+03 9.492498e+03 9.549417e+03 9.371565e+03
9.373470e+03 9.492556e+03 9.506412e+03 9.359614e+03
9.543648e+03 9.492608e+03 9.453478e+03 9.582778e+03
9.372715e+03 9.492653e+03 9.421716e+03 9.443652e+03
9.218492e+03 9.492692e+03 9.409231e+03 9.301953e+03
9.367913e+03 9.492725e+03 9.407970e+03 9.452668e+03
9.317469e+03 9.492751e+03 9.421444e+03 9.388777e+03
9.648357e+03 9.492772e+03 9.457746e+03 9.683383e+03
9.646757e+03 9.492787e+03 9.491499e+03 9.648044e+03
9.415776e+03 9.492795e+03 9.510554e+03 9.398018e+03
9.560655e+03 9.492798e+03 9.517797e+03 9.535656e+03
9.667994e+03 9.492796e+03 9.518323e+03 9.642467e+03
9.585480e+03 9.492788e+03 9.516009e+03 9.562259e+03
9.376995e+03 9.492774e+03 9.513165e+03 9.356604e+03
9.494732e+03 9.492756e+03 9.510819e+03 9.476669e+03
9.366145e+03 9.492732e+03 9.509233e+03 9.349643e+03
9.603593e+03 9.492703e+03 9.508356e+03 9.587940e+03
9.460690e+03 9.492670e+03 9.507897e+03 9.445463e+03
9.455014e+03 9.492631e+03 9.507679e+03 9.439966e+03
9.471515e+03 9.492589e+03 9.507568e+03 9.456536e+03
9.434910e+03 9.492542e+03 9.507502e+03 9.419950e+03
9.526283e+03 9.492491e+03 9.507453e+03 9.511321e+03
9.345696e+03 9.492436e+03 9.505703e+03 9.332429e+03
9.473693e+03 9.492377e+03 9.485990e+03 9.480081e+03
9.415555e+03 9.492315e+03 9.452763e+03 9.455106e+03
9.465955e+03 9.492249e+03 9.427712e+03 9.530492e+03
9.504642e+03 9.492180e+03 9.416614e+03 9.580207e+03
9.381118e+03 9.492108e+03 9.413969e+03 9.459257e+03
9.283288e+03 9.492034e+03 9.415487e+03 9.359835e+03
9.347363e+03 9.491957e+03 9.424726e+03 9.414594e+03
9.509889e+03 9.491877e+03 9.468706e+03 9.533061e+03
9.554578e+03 9.491796e+03 9.523233e+03 9.523142e+03
9.637058e+03 9.491713e+03 9.559004e+03 9.569766e+03
9.521269e+03 9.491628e+03 9.573212e+03 9.439685e+03
9.623679e+03 9.491542e+03 9.575457e+03 9.539763e+03
9.551890e+03 9.491455e+03 9.572100e+03 9.471244e+03
9.658212e+03 9.491367e+03 9.567255e+03 9.582324e+03
9.565643e+03 9.491278e+03 9.562865e+03 9.494056e+03
9.559748e+03 9.491189e+03 9.559886e+03 9.491051e+03
9.701584e+03 9.491100e+03 9.558113e+03 9.634571e+03
9.583198e+03 9.491012e+03 9.557157e+03 9.517053e+03
9.583237e+03 9.490923e+03 9.556696e+03 9.517465e+03
9.611222e+03 9.490836e+03 9.556462e+03 9.545595e+03
9.552239e+03 9.490749e+03 9.556333e+03 9.486656e+03
9.534459e+03 9.490664e+03 9.556243e+03 9.468880e+03
9.360972e+03 9.490581e+03 9.555782e+03 9.295771e+03
9.464633e+03 9.490499e+03 9.537149e+03 9.417983e+03
9.485842e+03 9.490420e+03 9.485105e+03 9.491156e+03
9.416221e+03 9.490342e+03 9.438569e+03 9.467994e+03
9.400087e+03 9.490268e+03 9.413841e+03 9.476514e+03
9.307828e+03 9.490197e+03 9.405683e+03 9.392342e+03
9.296359e+03 9.490129e+03 9.406470e+03 9.380018e+03
9.458846e+03 9.492869e+03 9.413635e+03 9.538080e+03
9.462176e+03 9.522774e+03 9.448277e+03 9.536672e+03
9.690127e+03 9.571815e+03 9.501034e+03 9.760908e+03
9.530566e+03 9.608234e+03 9.539876e+03 9.598925e+03
9.567916e+03 9.624128e+03 9.557048e+03 9.634996e+03
9.539562e+03 9.627708e+03 9.561242e+03 9.606027e+03
9.443949e+03 9.625268e+03 9.559037e+03 9.510180e+03
9.567933e+03 9.620891e+03 9.554724e+03 9.634100e+03
9.478908e+03 9.616661e+03 9.550482e+03 9.545087e+03
9.519455e+03 9.613682e+03 9.547457e+03 9.585681e+03
9.532272e+03 9.611845e+03 9.545557e+03 9.598561e+03
9.610842e+03 9.610911e+03 9.544548e+03 9.677205e+03
9.734156e+03 9.610476e+03 9.544032e+03 9.800601e+03
9.536569e+03 9.610297e+03 9.543763e+03 9.603103e+03
9.507188e+03 9.610242e+03 9.543613e+03 9.573818e+03
9.567930e+03 9.610241e+03 9.543508e+03 9.634663e+03
9.568118e+03 9.610224e+03 9.543377e+03 9.634965e+03
9.641519e+03 9.599926e+03 9.532957e+03 9.708488e+03
9.531697e+03 9.556738e+03 9.489636e+03 9.598799e+03
9.496146e+03 9.510753e+03 9.443509e+03 9.563389e+03
9.404421e+03 9.483356e+03 9.415960e+03 9.471817e+03
9.429899e+03 9.473676e+03 9.406153e+03 9.497422e+03
9.413515e+03 9.473282e+03 9.414156e+03 9.472641e+03
9.522079e+03 9.477030e+03 9.453557e+03 9.545551e+03
9.573395e+03 9.481571e+03 9.496068e+03 9.558898e+03
9.615474e+03 9.485455e+03 9.522515e+03 9.578414e+03
9.543999e+03 9.488025e+03 9.532961e+03 9.499063e+03
9.546881e+03 9.489555e+03 9.534668e+03 9.501768e+03
9.526081e+03 9.490417e+03 9.532273e+03 9.484225e+03
9.406446e+03 9.490892e+03 9.528830e+03 9.368508e+03
9.510674e+03 9.491199e+03 9.525763e+03 9.476110e+03
9.575711e+03 9.491437e+03 9.523713e+03 9.543435e+03
9.561031e+03 9.491657e+03 9.522508e+03 9.530180e+03
9.556791e+03 9.491878e+03 9.521862e+03 9.526807e+03
9.543562e+03 9.492108e+03 9.521549e+03 9.514120e+03
9.504653e+03 9.492349e+03 9.521387e+03 9.475615e+03
9.477625e+03 9.492598e+03 9.521292e+03 9.448931e+03
9.594000e+03 9.492851e+03 9.521214e+03 9.565638e+03
9.450386e+03 9.493110e+03 9.520116e+03 9.423380e+03
9.489976e+03 9.493377e+03 9.500282e+03 9.483071e+03
9.513893e+03 9.493655e+03 9.458981e+03 9.548567e+03
9.486732e+03 9.493946e+03 9.426700e+03 9.553979e+03
9.360719e+03 9.494251e+03 9.411592e+03 9.443378e+03
9.498028e+03 9.494569e+03 9.429156e+03 9.563441e+03
9.445783e+03 9.494900e+03 9.481749e+03 9.458934e+03
9.587342e+03 9.495244e+03 9.530417e+03 9.552169e+03
9.639799e+03 9.495602e+03 9.556132e+03 9.579269e+03
9.617686e+03 9.495973e+03 9.565437e+03 9.548221e+03
9.554188e+03 9.496356e+03 9.565715e+03 9.484829e+03
9.648256e+03 9.496753e+03 9.562132e+03 9.582877e+03
9.508853e+03 9.497163e+03 9.557758e+03 9.448258e+03
9.536088e+03 9.497586e+03 9.554335e+03 9.479338e+03
9.630053e+03 9.498025e+03 9.552115e+03 9.575963e+03
9.602105e+03 9.498495e+03 9.550868e+03 9.549733e+03
9.562402e+03 9.498999e+03 9.550291e+03 9.511110e+03
9.581573e+03 9.499531e+03 9.550050e+03 9.531054e+03
9.473153e+03 9.500084e+03 9.549976e+03 9.423262e+03
9.497340e+03 9.500653e+03 9.549970e+03 9.448023e+03
9.497802e+03 9.501235e+03 9.549989e+03 9.449048e+03
9.510408e+03 9.501831e+03 9.545138e+03 9.467102e+03
9.453138e+03 9.502440e+03 9.507136e+03 9.448442e+03
9.476970e+03 9.503063e+03 9.454816e+03 9.525217e+03
9.423929e+03 9.503701e+03 9.419614e+03 9.508015e+03
9.372570e+03 9.504353e+03 9.404396e+03 9.472527e+03
9.411153e+03 9.505019e+03 9.401805e+03 9.514368e+03
