1.0 9.510096e+03 9.478986e+03 9.528095e+03 9.559205e+03
2.0 9.542440e+03 9.499664e+03 9.545753e+03 9.588529e+03
3.0 9.574915e+03 9.533073e+03 9.576156e+03 9.617997e+03
4.0 9.537069e+03 9.556969e+03 9.597889e+03 9.577989e+03
5.0 9.501462e+03 9.568299e+03 9.607881e+03 9.541044e+03
6.0 9.513568e+03 9.571497e+03 9.610342e+03 9.552413e+03
7.0 9.479728e+03 9.570601e+03 9.609097e+03 9.518224e+03
8.0 9.479495e+03 9.568239e+03 9.606575e+03 9.517831e+03
9.0 9.520280e+03 9.565983e+03 9.604254e+03 9.558550e+03
10.0 9.486950e+03 9.564370e+03 9.602615e+03 9.525195e+03
11.0 9.505341e+03 9.563427e+03 9.601667e+03 9.543580e+03
12.0 9.550202e+03 9.563024e+03 9.601269e+03 9.588448e+03
13.0 9.531258e+03 9.562913e+03 9.601172e+03 9.569516e+03
14.0 9.686997e+03 9.562960e+03 9.601239e+03 9.725275e+03
15.0 9.684046e+03 9.563073e+03 9.601377e+03 9.722350e+03
16.0 9.641927e+03 9.563210e+03 9.601546e+03 9.680262e+03
17.0 9.657113e+03 9.563337e+03 9.601710e+03 9.695486e+03
18.0 9.589572e+03 9.557248e+03 9.595664e+03 9.627988e+03
19.0 9.618241e+03 9.532100e+03 9.570566e+03 9.656707e+03
20.0 9.561327e+03 9.504298e+03 9.542822e+03 9.599851e+03
21.0 9.581387e+03 9.487619e+03 9.526156e+03 9.619924e+03
22.0 9.442839e+03 9.489811e+03 9.520280e+03 9.473308e+03
23.0 9.493111e+03 9.520491e+03 9.520129e+03 9.492749e+03
24.0 9.436258e+03 9.554328e+03 9.522465e+03 9.404395e+03
25.0 9.445180e+03 9.575245e+03 9.525343e+03 9.395277e+03
26.0 9.489952e+03 9.584288e+03 9.527834e+03 9.433498e+03
27.0 9.505079e+03 9.586016e+03 9.529529e+03 9.448592e+03
28.0 9.470960e+03 9.584381e+03 9.530601e+03 9.417181e+03
29.0 9.602997e+03 9.581833e+03 9.531230e+03 9.552394e+03
30.0 9.496705e+03 9.579603e+03 9.531630e+03 9.448732e+03
31.0 9.515824e+03 9.578078e+03 9.531920e+03 9.469665e+03
32.0 9.528599e+03 9.577272e+03 9.532161e+03 9.483487e+03
33.0 9.550061e+03 9.576904e+03 9.532383e+03 9.505540e+03
34.0 9.596723e+03 9.576794e+03 9.532599e+03 9.552527e+03
