1.0 1.057929e+04 1.066008e+04 1.075886e+04 1.067806e+04
2.0 1.066660e+04 1.070576e+04 1.079927e+04 1.076011e+04
3.0 1.087153e+04 1.078059e+04 1.086885e+04 1.095980e+04
4.0 1.090808e+04 1.083397e+04 1.091859e+04 1.099270e+04
5.0 1.098845e+04 1.085892e+04 1.094146e+04 1.107099e+04
6.0 1.090289e+04 1.086550e+04 1.094709e+04 1.098448e+04
7.0 1.070825e+04 1.086287e+04 1.094424e+04 1.078963e+04
8.0 1.071483e+04 1.085695e+04 1.093847e+04 1.079634e+04
9.0 1.084077e+04 1.085132e+04 1.093316e+04 1.092260e+04
10.0 1.064976e+04 1.084718e+04 1.092941e+04 1.073199e+04
11.0 1.095568e+04 1.084458e+04 1.092724e+04 1.103834e+04
12.0 1.079638e+04 1.084323e+04 1.092633e+04 1.087948e+04
13.0 1.087818e+04 1.084255e+04 1.092610e+04 1.096174e+04
14.0 1.098062e+04 1.084224e+04 1.092626e+04 1.106464e+04
15.0 1.092781e+04 1.084208e+04 1.092657e+04 1.101230e+04
16.0 1.081292e+04 1.084199e+04 1.092696e+04 1.089790e+04
17.0 1.086435e+04 1.084187e+04 1.092734e+04 1.094981e+04
18.0 1.068053e+04 1.082754e+04 1.091350e+04 1.076648e+04
19.0 1.062209e+04 1.076960e+04 1.085606e+04 1.070855e+04
20.0 1.061874e+04 1.070559e+04 1.079256e+04 1.070572e+04
21.0 1.052329e+04 1.066702e+04 1.075442e+04 1.061068e+04
22.0 1.062679e+04 1.066846e+04 1.074097e+04 1.069930e+04
23.0 1.074678e+04 1.072614e+04 1.074063e+04 1.076127e+04
24.0 1.070104e+04 1.079078e+04 1.074597e+04 1.065624e+04
25.0 1.073118e+04 1.083116e+04 1.075256e+04 1.065258e+04
26.0 1.069579e+04 1.084890e+04 1.075826e+04 1.060515e+04
27.0 1.065472e+04 1.085247e+04 1.076214e+04 1.056439e+04
28.0 1.066983e+04 1.084943e+04 1.076459e+04 1.058499e+04
29.0 1.082891e+04 1.084450e+04 1.076603e+04 1.075045e+04
30.0 1.082712e+04 1.084008e+04 1.076695e+04 1.075399e+04
31.0 1.084691e+04 1.083695e+04 1.076761e+04 1.077757e+04
32.0 1.076937e+04 1.083518e+04 1.076816e+04 1.070235e+04
33.0 1.082747e+04 1.083424e+04 1.076867e+04 1.076190e+04
34.0 1.074175e+04 1.083378e+04 1.076916e+04 1.067713e+04
