0.6 8.592383e+03 8.564162e+03 8.547467e+03 8.575688e+03
1.6 8.618914e+03 8.546739e+03 8.529803e+03 8.601978e+03
2.6 8.599274e+03 8.489637e+03 8.472473e+03 8.582110e+03
3.6 8.362146e+03 8.430337e+03 8.412959e+03 8.344768e+03
4.6 8.360076e+03 8.397668e+03 8.380090e+03 8.342498e+03
5.6 8.351619e+03 8.385586e+03 8.367825e+03 8.333857e+03
6.6 8.401142e+03 8.385007e+03 8.367078e+03 8.383213e+03
7.6 8.439144e+03 8.389050e+03 8.370966e+03 8.421060e+03
8.6 8.332443e+03 8.394076e+03 8.375849e+03 8.314216e+03
9.6 8.388962e+03 8.397885e+03 8.379526e+03 8.370604e+03
10.6 8.375364e+03 8.400179e+03 8.381700e+03 8.356884e+03
11.6 8.367616e+03 8.401071e+03 8.382482e+03 8.349027e+03
12.6 8.256327e+03 8.401117e+03 8.382429e+03 8.237639e+03
13.6 8.362134e+03 8.400705e+03 8.381928e+03 8.343357e+03
14.6 8.329984e+03 8.400057e+03 8.381202e+03 8.311129e+03
15.6 8.289782e+03 8.399310e+03 8.380388e+03 8.270860e+03
16.6 8.276881e+03 8.398518e+03 8.379539e+03 8.257902e+03
17.6 8.247222e+03 8.400002e+03 8.380976e+03 8.228196e+03
18.6 8.199778e+03 8.434404e+03 8.415342e+03 8.180716e+03
19.6 8.333000e+03 8.496163e+03 8.477074e+03 8.313911e+03
20.6 8.307130e+03 8.543901e+03 8.524795e+03 8.288024e+03
21.6 8.579559e+03 8.565003e+03 8.545888e+03 8.560444e+03
22.6 8.670764e+03 8.569635e+03 8.550518e+03 8.651648e+03
23.6 8.595518e+03 8.564576e+03 8.546954e+03 8.577896e+03
24.6 8.570478e+03 8.541081e+03 8.540617e+03 8.570014e+03
25.6 8.558798e+03 8.505157e+03 8.534314e+03 8.587956e+03
26.6 8.483015e+03 8.479261e+03 8.529567e+03 8.533320e+03
27.6 8.441152e+03 8.466351e+03 8.526332e+03 8.501132e+03
28.6 8.443503e+03 8.461898e+03 8.524194e+03 8.505799e+03
29.6 8.397215e+03 8.461768e+03 8.522761e+03 8.458209e+03
30.6 8.398616e+03 8.463217e+03 8.521663e+03 8.457062e+03
31.6 8.499285e+03 8.464629e+03 8.520728e+03 8.555383e+03
32.6 8.416081e+03 8.465434e+03 8.519857e+03 8.470504e+03
33.6 8.490005e+03 8.465586e+03 8.519012e+03 8.543430e+03
0.5 8.532446e+03 8.531600e+03 8.510726e+03 8.511572e+03
1.5 8.515731e+03 8.521635e+03 8.494992e+03 8.489088e+03
2.5 8.519029e+03 8.464304e+03 8.437491e+03 8.492216e+03
3.5 8.442336e+03 8.403303e+03 8.378756e+03 8.417789e+03
4.5 8.445112e+03 8.366462e+03 8.344714e+03 8.423364e+03
5.5 8.382939e+03 8.351068e+03 8.331745e+03 8.363616e+03
6.5 8.356107e+03 8.348401e+03 8.330730e+03 8.338436e+03
7.5 8.355340e+03 8.351365e+03 8.334740e+03 8.338714e+03
8.5 8.455602e+03 8.355615e+03 8.339606e+03 8.439593e+03
9.5 8.406996e+03 8.359078e+03 8.343465e+03 8.391383e+03
10.5 8.432802e+03 8.361144e+03 8.345824e+03 8.417483e+03
11.5 8.384101e+03 8.361841e+03 8.346770e+03 8.369029e+03
12.5 8.396201e+03 8.361709e+03 8.346873e+03 8.381364e+03
13.5 8.393681e+03 8.361091e+03 8.346486e+03 8.379076e+03
14.5 8.421014e+03 8.360253e+03 8.345880e+03 8.406641e+03
15.5 8.435343e+03 8.359321e+03 8.345184e+03 8.421206e+03
16.5 8.494953e+03 8.358351e+03 8.344452e+03 8.481055e+03
17.5 8.469059e+03 8.359403e+03 8.345747e+03 8.455403e+03
18.5 8.552801e+03 8.391115e+03 8.377704e+03 8.539389e+03
19.5 8.551390e+03 8.452488e+03 8.439325e+03 8.538227e+03
20.5 8.572461e+03 8.501392e+03 8.488480e+03 8.559549e+03
21.5 8.592622e+03 8.523449e+03 8.510790e+03 8.579963e+03
22.5 8.529466e+03 8.527991e+03 8.516161e+03 8.517636e+03
23.5 8.535948e+03 8.516785e+03 8.512972e+03 8.532135e+03
24.5 8.469493e+03 8.496478e+03 8.506823e+03 8.479837e+03
25.5 8.481064e+03 8.479212e+03 8.500605e+03 8.502457e+03
26.5 8.465157e+03 8.469387e+03 8.495916e+03 8.491687e+03
27.5 8.492339e+03 8.464695e+03 8.492710e+03 8.520354e+03
28.5 8.517776e+03 8.463038e+03 8.490716e+03 8.545454e+03
29.5 8.452110e+03 8.462677e+03 8.489405e+03 8.478837e+03
30.5 8.486420e+03 8.462660e+03 8.488446e+03 8.512206e+03
31.5 8.464179e+03 8.462469e+03 8.487658e+03 8.489369e+03
32.5 8.460919e+03 8.462021e+03 8.486940e+03 8.485838e+03
33.5 8.473483e+03 8.461342e+03 8.486254e+03 8.498396e+03
