0.4 1.924770e+03 1.934093e+03 1.949015e+03 1.939691e+03
1.4 1.905501e+03 1.934453e+03 1.948138e+03 1.919186e+03
2.4 1.832417e+03 1.932001e+03 1.944011e+03 1.844428e+03
3.4 1.872071e+03 1.928670e+03 1.939245e+03 1.882646e+03
4.4 1.848968e+03 1.926729e+03 1.936320e+03 1.858559e+03
5.4 1.821823e+03 1.926208e+03 1.935272e+03 1.830887e+03
6.4 1.833454e+03 1.926416e+03 1.935233e+03 1.842272e+03
7.4 1.874003e+03 1.926903e+03 1.935640e+03 1.882740e+03
8.4 1.899897e+03 1.927421e+03 1.936152e+03 1.908627e+03
9.4 1.841019e+03 1.927850e+03 1.936602e+03 1.849771e+03
10.4 1.897292e+03 1.928135e+03 1.936917e+03 1.906074e+03
11.4 1.911756e+03 1.928312e+03 1.937125e+03 1.920569e+03
12.4 1.952481e+03 1.928415e+03 1.937255e+03 1.961320e+03
13.4 1.902013e+03 1.928483e+03 1.937344e+03 1.910874e+03
14.4 1.820712e+03 1.928537e+03 1.937413e+03 1.829588e+03
15.4 1.947670e+03 1.928588e+03 1.937474e+03 1.956557e+03
16.4 1.911714e+03 1.928640e+03 1.937532e+03 1.920605e+03
17.4 1.910378e+03 1.928781e+03 1.937671e+03 1.919268e+03
18.4 2.082937e+03 1.931022e+03 1.939905e+03 2.091820e+03
19.4 2.044088e+03 1.936135e+03 1.945007e+03 2.052959e+03
20.4 2.028478e+03 1.940347e+03 1.949200e+03 2.037332e+03
21.4 2.048696e+03 1.942535e+03 1.951365e+03 2.057526e+03
22.4 1.954405e+03 1.943379e+03 1.952010e+03 1.963036e+03
23.4 1.844030e+03 1.946610e+03 1.951922e+03 1.849341e+03
24.4 1.909756e+03 1.953126e+03 1.951542e+03 1.908173e+03
25.4 1.951963e+03 1.958141e+03 1.951157e+03 1.944980e+03
26.4 1.954507e+03 1.960545e+03 1.950869e+03 1.944831e+03
27.4 1.936637e+03 1.961133e+03 1.950715e+03 1.926218e+03
28.4 1.987260e+03 1.960895e+03 1.950655e+03 1.977021e+03
29.4 1.935519e+03 1.960363e+03 1.950654e+03 1.925810e+03
30.4 1.847657e+03 1.959879e+03 1.950684e+03 1.838463e+03
31.4 1.904072e+03 1.959550e+03 1.950728e+03 1.895250e+03
32.4 1.965921e+03 1.959411e+03 1.950778e+03 1.957288e+03
33.4 1.815628e+03 1.959402e+03 1.950830e+03 1.807055e+03
0.3 1.809266e+03 1.943677e+03 1.951292e+03 1.816881e+03
1.3 1.846348e+03 1.941549e+03 1.950693e+03 1.855492e+03
2.3 1.889188e+03 1.937576e+03 1.946791e+03 1.898402e+03
3.3 1.939170e+03 1.933305e+03 1.941916e+03 1.947780e+03
4.3 1.950580e+03 1.930960e+03 1.938766e+03 1.958386e+03
5.3 1.939191e+03 1.930481e+03 1.937569e+03 1.946279e+03
6.3 2.025857e+03 1.930918e+03 1.937446e+03 2.032385e+03
7.3 2.044077e+03 1.931711e+03 1.937823e+03 2.050189e+03
8.3 1.942631e+03 1.932525e+03 1.938325e+03 1.948431e+03
9.3 1.963778e+03 1.933237e+03 1.938777e+03 1.969318e+03
10.3 1.934137e+03 1.933789e+03 1.939094e+03 1.939443e+03
11.3 1.884609e+03 1.934219e+03 1.939298e+03 1.889687e+03
12.3 2.063740e+03 1.934574e+03 1.939424e+03 2.068590e+03
13.3 1.979545e+03 1.934886e+03 1.939505e+03 1.984164e+03
14.3 1.997808e+03 1.935180e+03 1.939563e+03 2.002191e+03
15.3 2.011470e+03 1.935470e+03 1.939611e+03 2.015611e+03
16.3 1.911962e+03 1.935761e+03 1.939655e+03 1.915857e+03
17.3 1.903725e+03 1.936098e+03 1.939741e+03 1.907367e+03
18.3 1.950898e+03 1.938224e+03 1.941612e+03 1.954286e+03
19.3 2.083087e+03 1.943432e+03 1.946578e+03 2.086234e+03
20.3 2.054507e+03 1.948025e+03 1.950944e+03 2.057426e+03
21.3 1.878685e+03 1.950552e+03 1.953254e+03 1.881386e+03
22.3 1.929537e+03 1.951536e+03 1.954023e+03 1.932025e+03
23.3 1.905494e+03 1.951686e+03 1.953966e+03 1.907774e+03
24.3 1.988114e+03 1.951503e+03 1.953582e+03 1.990193e+03
25.3 1.939880e+03 1.951292e+03 1.953172e+03 1.941759e+03
