0.4 8.054846e+03 7.868123e+03 8.012043e+03 8.198766e+03
1.4 7.833477e+03 7.890932e+03 8.028909e+03 7.971453e+03
2.4 7.741519e+03 7.977775e+03 8.108233e+03 7.871977e+03
3.4 8.026456e+03 8.076040e+03 8.199861e+03 8.150276e+03
4.4 8.142950e+03 8.137266e+03 8.256103e+03 8.261787e+03
5.4 8.594287e+03 8.160714e+03 8.276244e+03 8.709817e+03
6.4 8.100966e+03 8.163729e+03 8.276986e+03 8.214224e+03
7.4 8.242688e+03 8.157556e+03 8.269161e+03 8.354292e+03
8.4 8.171093e+03 8.149099e+03 8.259332e+03 8.281327e+03
9.4 8.301120e+03 8.141687e+03 8.250668e+03 8.410102e+03
10.4 8.093523e+03 8.136834e+03 8.244612e+03 8.201300e+03
11.4 8.130800e+03 8.134037e+03 8.240624e+03 8.237386e+03
12.4 8.232382e+03 8.132732e+03 8.238130e+03 8.337780e+03
13.4 8.010926e+03 8.132207e+03 8.236415e+03 8.115134e+03
14.4 8.167683e+03 8.132063e+03 8.235075e+03 8.270696e+03
15.4 8.140571e+03 8.132094e+03 8.233907e+03 8.242383e+03
16.4 8.108151e+03 8.132196e+03 8.232804e+03 8.208760e+03
17.4 8.370149e+03 8.130730e+03 8.230129e+03 8.469549e+03
18.4 8.295090e+03 8.088991e+03 8.187171e+03 8.393270e+03
19.4 8.087226e+03 7.992148e+03 8.089102e+03 8.184180e+03
20.4 8.009106e+03 7.912763e+03 8.008484e+03 8.104827e+03
21.4 7.903077e+03 7.872380e+03 7.966863e+03 7.997559e+03
22.4 7.810953e+03 7.863881e+03 7.954465e+03 7.901536e+03
23.4 7.944479e+03 7.918151e+03 7.956158e+03 7.982487e+03
24.4 7.889622e+03 8.033798e+03 7.963461e+03 7.819285e+03
25.4 8.070982e+03 8.126124e+03 7.970866e+03 7.915724e+03
26.4 8.212614e+03 8.174204e+03 7.976401e+03 8.014811e+03
27.4 7.857848e+03 8.189199e+03 7.979368e+03 7.648017e+03
28.4 8.071389e+03 8.187891e+03 7.980505e+03 7.864003e+03
29.4 8.401791e+03 8.179899e+03 7.980535e+03 8.202427e+03
30.4 8.128598e+03 8.171478e+03 7.979951e+03 7.937072e+03
31.4 8.055627e+03 8.164939e+03 7.979106e+03 7.869794e+03
32.4 8.188042e+03 8.161070e+03 7.978148e+03 8.005119e+03
33.4 8.289086e+03 8.159113e+03 7.977152e+03 8.107125e+03
0.3 8.152709e+03 7.893757e+03 7.968277e+03 8.227229e+03
1.3 8.115625e+03 7.880577e+03 7.979782e+03 8.214829e+03
2.3 7.895263e+03 7.953544e+03 8.054805e+03 7.996523e+03
3.3 7.939063e+03 8.055511e+03 8.148524e+03 8.032076e+03
4.3 8.077360e+03 8.127251e+03 8.209078e+03 8.159187e+03
5.3 7.931859e+03 8.159958e+03 8.232092e+03 8.003993e+03
6.3 8.120781e+03 8.169426e+03 8.234444e+03 8.185800e+03
7.3 8.161151e+03 8.166991e+03 8.227201e+03 8.221361e+03
8.3 8.126043e+03 8.160452e+03 8.217556e+03 8.183147e+03
9.3 8.374389e+03 8.153984e+03 8.208863e+03 8.429267e+03
10.3 8.048925e+03 8.149658e+03 8.202763e+03 8.102031e+03
11.3 8.050152e+03 8.147341e+03 8.198853e+03 8.101663e+03
12.3 8.021667e+03 8.146434e+03 8.196416e+03 8.071649e+03
13.3 8.007021e+03 8.146407e+03 8.194875e+03 8.055490e+03
14.3 8.120650e+03 8.146797e+03 8.193750e+03 8.167603e+03
15.3 8.196941e+03 8.147395e+03 8.192823e+03 8.242369e+03
16.3 8.191336e+03 8.148091e+03 8.191979e+03 8.235224e+03
17.3 8.202303e+03 8.148004e+03 8.190338e+03 8.244637e+03
18.3 7.986672e+03 8.113605e+03 8.154361e+03 8.027428e+03
19.3 8.016911e+03 8.019761e+03 8.058885e+03 8.056034e+03
20.3 8.014120e+03 7.937526e+03 7.974955e+03 8.051548e+03
21.3 7.751105e+03 7.894871e+03 7.930556e+03 7.786790e+03
22.3 7.853676e+03 7.881843e+03 7.915765e+03 7.887598e+03
23.3 7.935491e+03 7.884672e+03 7.916857e+03 7.967677e+03
24.3 8.118458e+03 7.893764e+03 7.924250e+03 8.148944e+03
25.3 7.912516e+03 7.903329e+03 7.932134e+03 7.941321e+03
