0.4 8.177281e+03 8.149106e+03 8.154322e+03 8.182497e+03
1.4 8.166770e+03 8.152117e+03 8.157804e+03 8.172458e+03
2.4 8.192522e+03 8.165125e+03 8.171282e+03 8.198678e+03
3.4 8.200983e+03 8.180106e+03 8.186733e+03 8.207611e+03
4.4 8.198236e+03 8.188739e+03 8.195839e+03 8.205335e+03
5.4 8.188751e+03 8.191993e+03 8.199561e+03 8.196318e+03
6.4 8.184078e+03 8.192128e+03 8.200157e+03 8.192108e+03
7.4 8.196459e+03 8.190962e+03 8.199447e+03 8.204944e+03
8.4 8.188393e+03 8.189467e+03 8.198401e+03 8.197327e+03
9.4 8.193098e+03 8.188243e+03 8.197617e+03 8.202472e+03
10.4 8.189827e+03 8.187394e+03 8.197202e+03 8.199635e+03
11.4 8.185357e+03 8.186906e+03 8.197142e+03 8.195593e+03
12.4 8.182525e+03 8.186641e+03 8.197298e+03 8.193181e+03
13.4 8.178077e+03 8.186497e+03 8.197568e+03 8.189148e+03
14.4 8.178689e+03 8.186414e+03 8.197893e+03 8.190167e+03
15.4 8.191216e+03 8.186356e+03 8.198236e+03 8.203096e+03
16.4 8.177212e+03 8.186309e+03 8.198584e+03 8.189487e+03
17.4 8.170677e+03 8.185970e+03 8.198634e+03 8.183341e+03
18.4 8.159220e+03 8.178631e+03 8.191677e+03 8.172266e+03
19.4 8.176411e+03 8.163319e+03 8.176741e+03 8.189833e+03
20.4 8.149549e+03 8.150469e+03 8.164260e+03 8.163341e+03
21.4 8.146080e+03 8.144315e+03 8.158470e+03 8.160235e+03
22.4 8.144429e+03 8.142541e+03 8.157053e+03 8.158941e+03
23.4 8.122532e+03 8.143004e+03 8.157866e+03 8.137394e+03
24.4 8.117284e+03 8.145264e+03 8.159491e+03 8.131511e+03
25.4 8.142353e+03 8.155354e+03 8.161165e+03 8.148164e+03
26.4 8.179458e+03 8.169027e+03 8.162466e+03 8.172898e+03
27.4 8.178312e+03 8.178390e+03 8.163381e+03 8.163302e+03
28.4 8.198108e+03 8.182572e+03 8.164004e+03 8.179540e+03
29.4 8.210758e+03 8.183416e+03 8.164436e+03 8.191778e+03
30.4 8.196200e+03 8.182728e+03 8.164772e+03 8.178243e+03
31.4 8.197745e+03 8.181572e+03 8.165059e+03 8.181232e+03
32.4 8.190508e+03 8.180499e+03 8.165323e+03 8.175333e+03
33.4 8.191489e+03 8.179708e+03 8.165576e+03 8.177357e+03
1.0 8.144963e+03 8.141815e+03 8.168108e+03 8.171256e+03
2.0 8.173702e+03 8.151647e+03 8.176646e+03 8.198701e+03
3.0 8.184455e+03 8.168354e+03 8.192022e+03 8.208123e+03
4.0 8.170662e+03 8.181322e+03 8.203934e+03 8.193274e+03
5.0 8.191949e+03 8.187330e+03 8.209263e+03 8.213882e+03
6.0 8.199332e+03 8.189004e+03 8.210525e+03 8.220852e+03
7.0 8.210480e+03 8.188476e+03 8.209758e+03 8.231762e+03
8.0 8.176572e+03 8.187177e+03 8.208308e+03 8.197702e+03
9.0 8.190214e+03 8.185847e+03 8.206867e+03 8.211233e+03
10.0 8.193319e+03 8.184884e+03 8.205812e+03 8.214247e+03
11.0 8.215913e+03 8.184277e+03 8.205122e+03 8.236757e+03
12.0 8.194052e+03 8.183960e+03 8.204725e+03 8.214817e+03
13.0 8.174199e+03 8.183806e+03 8.204495e+03 8.194888e+03
14.0 8.178513e+03 8.183736e+03 8.204351e+03 8.199129e+03
15.0 8.158373e+03 8.183707e+03 8.204251e+03 8.178917e+03
16.0 8.196206e+03 8.183695e+03 8.204170e+03 8.216681e+03
17.0 8.162707e+03 8.183685e+03 8.204094e+03 8.183116e+03
18.0 8.181425e+03 8.181006e+03 8.201351e+03 8.201770e+03
19.0 8.196950e+03 8.167951e+03 8.188236e+03 8.217235e+03
20.0 8.179310e+03 8.153117e+03 8.173346e+03 8.199540e+03
21.0 8.140108e+03 8.143941e+03 8.164121e+03 8.160288e+03
22.0 8.143988e+03 8.140539e+03 8.160675e+03 8.164124e+03
23.0 8.137914e+03 8.140224e+03 8.160321e+03 8.158011e+03
24.0 8.148775e+03 8.141427e+03 8.161372e+03 8.168720e+03
25.0 8.150731e+03 8.148418e+03 8.162732e+03 8.165044e+03
26.0 8.190185e+03 8.165303e+03 8.163909e+03 8.188790e+03
27.0 8.175197e+03 8.180109e+03 8.164673e+03 8.159761e+03
28.0 8.198214e+03 8.187996e+03 8.165102e+03 8.175320e+03
29.0 8.195037e+03 8.190661e+03 8.165312e+03 8.169688e+03
30.0 8.212822e+03 8.190494e+03 8.165394e+03 8.187723e+03
31.0 8.199451e+03 8.189189e+03 8.165421e+03 8.175684e+03
32.0 8.208213e+03 8.187760e+03 8.165425e+03 8.185878e+03
33.0 8.179009e+03 8.186628e+03 8.165424e+03 8.157805e+03
34.0 8.184696e+03 8.185881e+03 8.165424e+03 8.164240e+03
