0.4 6.335577e+03 6.306521e+03 6.341917e+03 6.370972e+03
1.4 6.259747e+03 6.309254e+03 6.344664e+03 6.295156e+03
2.4 6.325875e+03 6.322590e+03 6.356419e+03 6.359704e+03
3.4 6.325711e+03 6.338052e+03 6.369960e+03 6.357619e+03
4.4 6.328606e+03 6.347388e+03 6.377794e+03 6.359012e+03
5.4 6.359590e+03 6.351364e+03 6.380788e+03 6.389014e+03
6.4 6.367439e+03 6.352052e+03 6.380976e+03 6.396363e+03
7.4 6.316771e+03 6.351281e+03 6.379994e+03 6.345484e+03
8.4 6.361139e+03 6.350055e+03 6.378713e+03 6.389796e+03
9.4 6.378968e+03 6.348988e+03 6.377670e+03 6.407650e+03
10.4 6.361785e+03 6.348224e+03 6.376963e+03 6.390524e+03
11.4 6.364625e+03 6.347772e+03 6.376582e+03 6.393435e+03
12.4 6.372172e+03 6.347516e+03 6.376402e+03 6.401059e+03
13.4 6.359679e+03 6.347368e+03 6.376334e+03 6.388644e+03
14.4 6.339066e+03 6.347278e+03 6.376323e+03 6.368111e+03
15.4 6.335535e+03 6.347212e+03 6.376338e+03 6.364661e+03
16.4 6.295263e+03 6.347157e+03 6.376364e+03 6.324471e+03
17.4 6.318945e+03 6.346840e+03 6.376130e+03 6.348235e+03
18.4 6.337299e+03 6.340222e+03 6.369594e+03 6.366672e+03
19.4 6.345440e+03 6.326424e+03 6.355880e+03 6.374895e+03
20.4 6.350984e+03 6.314846e+03 6.344384e+03 6.380523e+03
21.4 6.294348e+03 6.309299e+03 6.338921e+03 6.323970e+03
22.4 6.283563e+03 6.307697e+03 6.337403e+03 6.313269e+03
23.4 6.305545e+03 6.308111e+03 6.337901e+03 6.335336e+03
24.4 6.285056e+03 6.311007e+03 6.339136e+03 6.313186e+03
25.4 6.352968e+03 6.327798e+03 6.340426e+03 6.365597e+03
26.4 6.365976e+03 6.351293e+03 6.341389e+03 6.356072e+03
27.4 6.414996e+03 6.367454e+03 6.342012e+03 6.389554e+03
28.4 6.367460e+03 6.374643e+03 6.342379e+03 6.335197e+03
29.4 6.357958e+03 6.376052e+03 6.342580e+03 6.324486e+03
30.4 6.355458e+03 6.374813e+03 6.342701e+03 6.323346e+03
31.4 6.362272e+03 6.372779e+03 6.342784e+03 6.332277e+03
32.4 6.368195e+03 6.370903e+03 6.342852e+03 6.340144e+03
33.4 6.365817e+03 6.369533e+03 6.342916e+03 6.339200e+03
