0.9 8.139393e+03 8.141837e+03 8.167785e+03 8.165341e+03
1.9 8.163426e+03 8.149752e+03 8.175153e+03 8.188827e+03
2.9 8.175991e+03 8.166849e+03 8.191093e+03 8.200235e+03
3.9 8.198071e+03 8.180600e+03 8.203743e+03 8.221214e+03
4.9 8.193900e+03 8.187732e+03 8.210045e+03 8.216213e+03
5.9 8.183783e+03 8.189900e+03 8.211716e+03 8.205600e+03
6.9 8.198018e+03 8.189631e+03 8.211181e+03 8.219568e+03
7.9 8.173175e+03 8.188368e+03 8.209787e+03 8.194594e+03
8.9 8.200765e+03 8.187044e+03 8.208408e+03 8.222129e+03
9.9 8.191553e+03 8.186004e+03 8.207347e+03 8.212897e+03
10.9 8.193544e+03 8.185368e+03 8.206706e+03 8.214882e+03
11.9 8.183838e+03 8.185021e+03 8.206361e+03 8.205179e+03
12.9 8.181578e+03 8.184848e+03 8.206196e+03 8.202926e+03
13.9 8.170740e+03 8.184772e+03 8.206130e+03 8.192097e+03
14.9 8.174113e+03 8.184738e+03 8.206109e+03 8.195484e+03
15.9 8.176470e+03 8.184722e+03 8.206109e+03 8.197856e+03
16.9 8.171508e+03 8.184712e+03 8.206117e+03 8.192913e+03
17.9 8.177448e+03 8.182672e+03 8.204099e+03 8.198875e+03
18.9 8.166530e+03 8.170671e+03 8.192122e+03 8.187981e+03
19.9 8.171953e+03 8.154821e+03 8.176300e+03 8.193432e+03
20.9 8.154243e+03 8.144945e+03 8.166455e+03 8.175752e+03
21.9 8.124535e+03 8.140924e+03 8.162462e+03 8.146073e+03
22.9 8.145684e+03 8.142965e+03 8.161914e+03 8.164633e+03
23.9 8.170031e+03 8.155738e+03 8.162949e+03 8.177241e+03
24.9 8.184667e+03 8.171058e+03 8.164448e+03 8.178057e+03
25.9 8.212623e+03 8.180416e+03 8.165736e+03 8.197943e+03
26.9 8.176101e+03 8.184380e+03 8.166642e+03 8.158362e+03
27.9 8.195116e+03 8.185154e+03 8.167202e+03 8.177164e+03
28.9 8.195052e+03 8.184413e+03 8.167506e+03 8.178145e+03
29.9 8.166359e+03 8.183211e+03 8.167676e+03 8.150824e+03
30.9 8.196823e+03 8.182172e+03 8.167779e+03 8.182431e+03
31.9 8.176640e+03 8.181454e+03 8.167856e+03 8.163042e+03
32.9 8.198477e+03 8.181027e+03 8.167923e+03 8.185373e+03
33.9 8.163434e+03 8.180815e+03 8.167990e+03 8.150608e+03
