0.4 7.955380e+03 7.945157e+03 7.954267e+03 7.964490e+03
1.4 7.989420e+03 7.949095e+03 7.958891e+03 7.999216e+03
2.4 8.021597e+03 7.966310e+03 7.976789e+03 8.032076e+03
3.4 8.006261e+03 7.986146e+03 7.997309e+03 8.017425e+03
4.4 8.013761e+03 7.997554e+03 8.009401e+03 8.025608e+03
5.4 7.984237e+03 8.001819e+03 8.014344e+03 7.996762e+03
6.4 7.986235e+03 8.001942e+03 8.015136e+03 7.999430e+03
7.4 7.996698e+03 8.000339e+03 8.014193e+03 8.010553e+03
8.4 7.957346e+03 7.998299e+03 8.012803e+03 7.971850e+03
9.4 8.019941e+03 7.996619e+03 8.011763e+03 8.035086e+03
10.4 7.971013e+03 7.995438e+03 8.011212e+03 7.986787e+03
11.4 7.970232e+03 7.994737e+03 8.011132e+03 7.986627e+03
12.4 7.994180e+03 7.994332e+03 8.011338e+03 8.011186e+03
13.4 7.988787e+03 7.994088e+03 8.011697e+03 8.006395e+03
14.4 7.999893e+03 7.993927e+03 8.012129e+03 8.018095e+03
15.4 7.975066e+03 7.993799e+03 8.012585e+03 7.993852e+03
16.4 8.008178e+03 7.993686e+03 8.013047e+03 8.027539e+03
17.4 7.977958e+03 7.993185e+03 8.013113e+03 7.997885e+03
18.4 7.989539e+03 7.983390e+03 8.003875e+03 8.010024e+03
19.4 7.970569e+03 7.963005e+03 7.984039e+03 7.991603e+03
20.4 7.948051e+03 7.945891e+03 7.967465e+03 7.969624e+03
21.4 7.964562e+03 7.937671e+03 7.959775e+03 7.986666e+03
22.4 7.936515e+03 7.935267e+03 7.957893e+03 7.959141e+03
23.4 7.911080e+03 7.935834e+03 7.958974e+03 7.934219e+03
24.4 7.941502e+03 7.939380e+03 7.961130e+03 7.963253e+03
25.4 7.939356e+03 7.958022e+03 7.963354e+03 7.944689e+03
26.4 7.963035e+03 7.983806e+03 7.965082e+03 7.944311e+03
27.4 7.997919e+03 8.001495e+03 7.966296e+03 7.962721e+03
28.4 7.980355e+03 8.009347e+03 7.967125e+03 7.938133e+03
29.4 8.006212e+03 8.010861e+03 7.967697e+03 7.963049e+03
30.4 7.990084e+03 8.009470e+03 7.968144e+03 7.948758e+03
31.4 7.987636e+03 8.007202e+03 7.968525e+03 7.948959e+03
32.4 8.013116e+03 8.005103e+03 7.968876e+03 7.976890e+03
33.4 7.996458e+03 8.003553e+03 7.969212e+03 7.962117e+03
1.0 7.953713e+03 7.933436e+03 7.972574e+03 7.992851e+03
2.0 7.953902e+03 7.946392e+03 7.983913e+03 7.991423e+03
3.0 7.980426e+03 7.968474e+03 8.004332e+03 8.016285e+03
4.0 7.959618e+03 7.985604e+03 8.020152e+03 7.994166e+03
5.0 8.017215e+03 7.993509e+03 8.027229e+03 8.050935e+03
6.0 7.996686e+03 7.995674e+03 8.028904e+03 8.029916e+03
7.0 7.982905e+03 7.994920e+03 8.027886e+03 8.015870e+03
8.0 7.995646e+03 7.993146e+03 8.025960e+03 8.028459e+03
9.0 7.962592e+03 7.991330e+03 8.024047e+03 7.995309e+03
10.0 8.024966e+03 7.989999e+03 8.022646e+03 8.057613e+03
11.0 8.023351e+03 7.989138e+03 8.021729e+03 8.055943e+03
12.0 7.964712e+03 7.988658e+03 8.021203e+03 7.997257e+03
13.0 7.967144e+03 7.988392e+03 8.020896e+03 7.999649e+03
14.0 7.997210e+03 7.988234e+03 8.020705e+03 8.029682e+03
15.0 7.970742e+03 7.988128e+03 8.020573e+03 8.003187e+03
16.0 8.017620e+03 7.988040e+03 8.020465e+03 8.050045e+03
17.0 8.018474e+03 7.987952e+03 8.020364e+03 8.050886e+03
18.0 7.961176e+03 7.984315e+03 8.016722e+03 7.993582e+03
19.0 7.980221e+03 7.966896e+03 7.999305e+03 8.012630e+03
20.0 7.956082e+03 7.947109e+03 7.979531e+03 7.988504e+03
21.0 7.878700e+03 7.934831e+03 7.967280e+03 7.911149e+03
22.0 7.911046e+03 7.930215e+03 7.962704e+03 7.943534e+03
23.0 7.930462e+03 7.929695e+03 7.962233e+03 7.963001e+03
24.0 7.917511e+03 7.931237e+03 7.963629e+03 7.949902e+03
25.0 7.938010e+03 7.942919e+03 7.965435e+03 7.960526e+03
26.0 8.015982e+03 7.972251e+03 7.966998e+03 8.010729e+03
27.0 7.976354e+03 7.998074e+03 7.968012e+03 7.946293e+03
28.0 7.992158e+03 8.011757e+03 7.968582e+03 7.948983e+03
29.0 7.994373e+03 8.016261e+03 7.968861e+03 7.946973e+03
30.0 8.010187e+03 8.015791e+03 7.968971e+03 7.963366e+03
31.0 8.032606e+03 8.013323e+03 7.969006e+03 7.988290e+03
32.0 8.055294e+03 8.010643e+03 7.969012e+03 8.013663e+03
33.0 8.023249e+03 8.008490e+03 7.969010e+03 7.983769e+03
34.0 7.995477e+03 8.007018e+03 7.969010e+03 7.957469e+03
