0.4 1.383950e+03 1.447154e+03 1.447030e+03 1.383826e+03
1.4 1.453181e+03 1.445078e+03 1.444940e+03 1.453043e+03
2.4 1.461530e+03 1.437004e+03 1.436851e+03 1.461376e+03
3.4 1.440547e+03 1.427746e+03 1.427576e+03 1.440378e+03
4.4 1.431555e+03 1.422298e+03 1.422111e+03 1.431368e+03
5.4 1.393250e+03 1.420081e+03 1.419877e+03 1.393046e+03
6.4 1.430984e+03 1.419740e+03 1.419519e+03 1.430764e+03
7.4 1.426789e+03 1.420181e+03 1.419945e+03 1.426553e+03
8.4 1.414239e+03 1.420823e+03 1.420574e+03 1.413989e+03
9.4 1.426471e+03 1.421307e+03 1.421044e+03 1.426208e+03
10.4 1.387756e+03 1.421568e+03 1.421293e+03 1.387481e+03
11.4 1.438300e+03 1.421615e+03 1.421329e+03 1.438014e+03
12.4 1.404160e+03 1.421532e+03 1.421236e+03 1.403864e+03
13.4 1.403045e+03 1.421379e+03 1.421074e+03 1.402740e+03
14.4 1.409877e+03 1.421192e+03 1.420879e+03 1.409563e+03
15.4 1.408148e+03 1.420993e+03 1.420672e+03 1.407828e+03
16.4 1.421471e+03 1.420790e+03 1.420464e+03 1.421144e+03
17.4 1.455071e+03 1.420765e+03 1.420434e+03 1.454739e+03
18.4 1.406583e+03 1.424945e+03 1.424609e+03 1.406247e+03
19.4 1.420066e+03 1.433913e+03 1.433574e+03 1.419727e+03
20.4 1.424250e+03 1.441406e+03 1.441065e+03 1.423910e+03
21.4 1.456542e+03 1.444882e+03 1.444540e+03 1.456200e+03
22.4 1.405001e+03 1.445733e+03 1.445391e+03 1.404660e+03
23.4 1.429268e+03 1.445243e+03 1.444902e+03 1.428927e+03
24.4 1.459112e+03 1.444278e+03 1.443928e+03 1.458762e+03
25.4 1.453799e+03 1.443370e+03 1.442923e+03 1.453351e+03
26.4 1.483133e+03 1.442731e+03 1.442142e+03 1.482543e+03
27.4 1.457312e+03 1.442279e+03 1.441593e+03 1.456626e+03
28.4 1.438479e+03 1.441943e+03 1.441219e+03 1.437755e+03
29.4 1.433323e+03 1.441685e+03 1.440960e+03 1.432597e+03
30.4 1.432829e+03 1.441468e+03 1.440758e+03 1.432119e+03
31.4 1.467342e+03 1.441273e+03 1.440586e+03 1.466654e+03
32.4 1.469414e+03 1.441093e+03 1.440427e+03 1.468748e+03
33.4 1.425380e+03 1.440921e+03 1.440275e+03 1.424734e+03
1.0 1.440417e+03 1.439545e+03 1.438756e+03 1.439627e+03
2.0 1.428089e+03 1.434171e+03 1.433631e+03 1.427549e+03
3.0 1.431376e+03 1.424684e+03 1.424402e+03 1.431094e+03
4.0 1.413705e+03 1.417347e+03 1.417253e+03 1.413611e+03
5.0 1.453271e+03 1.414057e+03 1.414054e+03 1.453268e+03
6.0 1.417688e+03 1.413275e+03 1.413297e+03 1.417709e+03
7.0 1.443854e+03 1.413757e+03 1.413757e+03 1.443854e+03
8.0 1.423470e+03 1.414670e+03 1.414627e+03 1.423427e+03
9.0 1.415477e+03 1.415589e+03 1.415492e+03 1.415381e+03
10.0 1.411685e+03 1.416281e+03 1.416125e+03 1.411529e+03
11.0 1.458242e+03 1.416757e+03 1.416540e+03 1.458024e+03
12.0 1.438182e+03 1.417058e+03 1.416778e+03 1.437901e+03
13.0 1.425409e+03 1.417260e+03 1.416916e+03 1.425064e+03
14.0 1.442547e+03 1.417411e+03 1.417002e+03 1.442137e+03
15.0 1.414272e+03 1.417537e+03 1.417062e+03 1.413797e+03
16.0 1.397823e+03 1.417651e+03 1.417111e+03 1.397283e+03
17.0 1.331841e+03 1.417764e+03 1.417157e+03 1.331234e+03
18.0 1.375653e+03 1.419477e+03 1.418803e+03 1.374979e+03
19.0 1.440925e+03 1.427417e+03 1.426674e+03 1.440182e+03
20.0 1.422560e+03 1.436422e+03 1.435611e+03 1.421750e+03
21.0 1.443256e+03 1.442028e+03 1.441148e+03 1.442377e+03
22.0 1.467161e+03 1.444165e+03 1.443217e+03 1.466213e+03
23.0 1.436977e+03 1.444447e+03 1.443429e+03 1.435959e+03
24.0 1.420284e+03 1.443878e+03 1.442798e+03 1.419204e+03
25.0 1.426160e+03 1.442741e+03 1.441982e+03 1.425401e+03
26.0 1.440146e+03 1.441011e+03 1.441276e+03 1.440411e+03
27.0 1.450425e+03 1.439645e+03 1.440817e+03 1.451598e+03
28.0 1.459759e+03 1.438939e+03 1.440560e+03 1.461380e+03
29.0 1.411526e+03 1.438713e+03 1.440434e+03 1.413247e+03
30.0 1.455702e+03 1.438753e+03 1.440384e+03 1.457333e+03
31.0 1.448431e+03 1.438902e+03 1.440368e+03 1.449897e+03
32.0 1.433560e+03 1.439071e+03 1.440366e+03 1.434855e+03
33.0 1.445073e+03 1.439221e+03 1.440366e+03 1.446218e+03
34.0 1.452705e+03 1.439344e+03 1.440366e+03 1.453727e+03
