0.9 7.265798e+03 7.232957e+03 7.230617e+03 7.263458e+03
1.9 7.258910e+03 7.234930e+03 7.232441e+03 7.256421e+03
2.9 7.254746e+03 7.239045e+03 7.236385e+03 7.252087e+03
3.9 7.249420e+03 7.242344e+03 7.239516e+03 7.246592e+03
4.9 7.278601e+03 7.244064e+03 7.241075e+03 7.275612e+03
5.9 7.265698e+03 7.244629e+03 7.241489e+03 7.262558e+03
6.9 7.224711e+03 7.244640e+03 7.241356e+03 7.221427e+03
7.9 7.284449e+03 7.244435e+03 7.241011e+03 7.281025e+03
8.9 7.254444e+03 7.244231e+03 7.240670e+03 7.250884e+03
9.9 7.255076e+03 7.244104e+03 7.240408e+03 7.251379e+03
10.9 7.255801e+03 7.244081e+03 7.240249e+03 7.251969e+03
11.9 7.233015e+03 7.244131e+03 7.240164e+03 7.229048e+03
12.9 7.220316e+03 7.244225e+03 7.240122e+03 7.216214e+03
13.9 7.209287e+03 7.244342e+03 7.240106e+03 7.205050e+03
14.9 7.226035e+03 7.244471e+03 7.240101e+03 7.221666e+03
15.9 7.224205e+03 7.244603e+03 7.240101e+03 7.219703e+03
16.9 7.242913e+03 7.244737e+03 7.240103e+03 7.238280e+03
17.9 7.229081e+03 7.244368e+03 7.239604e+03 7.224317e+03
18.9 7.245698e+03 7.241534e+03 7.236640e+03 7.240804e+03
19.9 7.244132e+03 7.237746e+03 7.232724e+03 7.239110e+03
20.9 7.204298e+03 7.235437e+03 7.230288e+03 7.199149e+03
21.9 7.218505e+03 7.234571e+03 7.229300e+03 7.213234e+03
22.9 7.218855e+03 7.232644e+03 7.229164e+03 7.215376e+03
23.9 7.230264e+03 7.224433e+03 7.229420e+03 7.235251e+03
24.9 7.218150e+03 7.214816e+03 7.229791e+03 7.233125e+03
25.9 7.260485e+03 7.209335e+03 7.230110e+03 7.281260e+03
26.9 7.217716e+03 7.207409e+03 7.230334e+03 7.240641e+03
27.9 7.236265e+03 7.207468e+03 7.230473e+03 7.259271e+03
28.9 7.207904e+03 7.208376e+03 7.230548e+03 7.230076e+03
29.9 7.191208e+03 7.209485e+03 7.230590e+03 7.212314e+03
30.9 7.210958e+03 7.210405e+03 7.230616e+03 7.231169e+03
31.9 7.210420e+03 7.211059e+03 7.230635e+03 7.229996e+03
32.9 7.197152e+03 7.211487e+03 7.230652e+03 7.216316e+03
33.9 7.196619e+03 7.211752e+03 7.230668e+03 7.215535e+03
