0.4 9.926953e+03 9.758058e+03 9.663500e+03 9.832395e+03
1.4 9.589841e+03 9.644583e+03 9.658984e+03 9.604242e+03
2.4 9.736278e+03 9.756317e+03 9.639196e+03 9.619157e+03
3.4 9.834708e+03 9.750875e+03 9.616381e+03 9.700214e+03
4.4 9.785916e+03 9.643094e+03 9.603244e+03 9.746066e+03
5.4 9.821022e+03 9.681992e+03 9.598316e+03 9.737346e+03
6.4 9.714217e+03 9.600603e+03 9.598147e+03 9.711760e+03
7.4 9.826911e+03 9.776148e+03 9.599962e+03 9.650725e+03
8.4 9.726948e+03 9.702173e+03 9.602285e+03 9.627061e+03
9.4 9.691562e+03 9.643080e+03 9.604204e+03 9.652686e+03
10.4 9.623393e+03 9.569350e+03 9.605555e+03 9.659597e+03
11.4 9.713205e+03 9.653365e+03 9.606355e+03 9.666195e+03
12.4 9.438265e+03 9.449780e+03 9.606812e+03 9.595297e+03
13.4 9.377783e+03 9.575568e+03 9.607081e+03 9.409296e+03
14.4 9.478077e+03 9.610562e+03 9.607251e+03 9.474766e+03
15.4 9.420207e+03 9.520865e+03 9.607378e+03 9.506720e+03
16.4 9.688906e+03 9.624678e+03 9.607485e+03 9.671714e+03
17.4 9.823768e+03 9.760236e+03 9.608034e+03 9.671565e+03
18.4 9.628060e+03 9.523980e+03 9.619265e+03 9.723346e+03
19.4 9.682857e+03 9.664765e+03 9.642668e+03 9.660760e+03
20.4 9.608360e+03 9.570764e+03 9.662306e+03 9.699901e+03
21.4 9.680238e+03 9.711261e+03 9.671715e+03 9.640693e+03
22.4 9.485406e+03 9.491065e+03 9.674434e+03 9.668775e+03
23.4 9.612793e+03 9.654615e+03 9.673732e+03 9.631911e+03
24.4 9.580402e+03 9.641247e+03 9.671779e+03 9.610934e+03
25.4 9.621375e+03 9.644372e+03 9.669730e+03 9.646733e+03
26.4 9.522457e+03 9.553582e+03 9.668234e+03 9.637109e+03
27.4 9.716414e+03 9.654252e+03 9.667313e+03 9.729476e+03
28.4 9.571433e+03 9.571349e+03 9.666821e+03 9.666906e+03
29.4 9.968559e+03 9.890212e+03 9.666610e+03 9.744957e+03
30.4 9.870806e+03 9.790005e+03 9.666531e+03 9.747332e+03
31.4 9.698018e+03 9.647470e+03 9.666514e+03 9.717062e+03
32.4 9.808613e+03 9.788904e+03 9.666517e+03 9.686227e+03
33.4 9.745745e+03 9.811278e+03 9.666526e+03 9.600993e+03
0.4 9.598760e+03 9.657641e+03 9.666301e+03 9.607420e+03
1.4 9.485987e+03 9.503054e+03 9.662159e+03 9.645092e+03
2.4 9.581321e+03 9.628193e+03 9.642777e+03 9.595906e+03
3.4 9.566466e+03 9.557039e+03 9.619935e+03 9.629362e+03
4.4 9.589322e+03 9.552680e+03 9.605610e+03 9.642252e+03
5.4 9.561573e+03 9.562419e+03 9.600189e+03 9.599343e+03
6.4 9.607721e+03 9.596824e+03 9.599582e+03 9.610479e+03
7.4 9.618791e+03 9.647474e+03 9.601115e+03 9.572432e+03
8.4 9.645641e+03 9.672336e+03 9.603159e+03 9.576464e+03
9.4 9.562916e+03 9.672413e+03 9.604926e+03 9.495429e+03
10.4 9.618923e+03 9.686283e+03 9.606051e+03 9.538691e+03
11.4 9.605422e+03 9.670776e+03 9.606662e+03 9.541307e+03
12.4 9.610826e+03 9.664127e+03 9.606896e+03 9.553595e+03
13.4 9.535052e+03 9.649298e+03 9.606931e+03 9.492684e+03
14.4 9.579611e+03 9.625132e+03 9.606866e+03 9.561345e+03
15.4 9.539749e+03 9.615467e+03 9.606753e+03 9.531034e+03
16.4 9.622636e+03 9.642792e+03 9.606618e+03 9.586461e+03
17.4 9.548898e+03 9.558613e+03 9.606805e+03 9.597090e+03
18.4 9.620747e+03 9.742133e+03 9.616467e+03 9.495081e+03
19.4 9.644512e+03 9.669978e+03 9.639881e+03 9.614414e+03
20.4 9.617551e+03 9.652719e+03 9.659373e+03 9.624205e+03
21.4 9.496464e+03 9.621628e+03 9.669331e+03 9.544167e+03
22.4 9.620538e+03 9.647562e+03 9.672043e+03 9.645018e+03
23.4 9.598821e+03 9.604173e+03 9.671238e+03 9.665886e+03
24.4 9.608739e+03 9.606664e+03 9.669016e+03 9.671092e+03
25.4 9.609171e+03 9.677654e+03 9.666742e+03 9.598258e+03
26.4 9.637801e+03 9.685111e+03 9.664911e+03 9.617601e+03
27.4 9.612963e+03 9.573702e+03 9.663704e+03 9.702965e+03
28.4 9.514904e+03 9.597758e+03 9.662943e+03 9.580089e+03
29.4 9.573313e+03 9.563386e+03 9.662452e+03 9.672379e+03
30.4 9.729098e+03 9.682815e+03 9.662108e+03 9.708391e+03
31.4 9.691929e+03 9.699229e+03 9.661824e+03 9.654524e+03
32.4 9.717216e+03 9.697550e+03 9.661564e+03 9.681230e+03
33.4 9.639899e+03 9.644542e+03 9.661308e+03 9.656666e+03
