1.0 1.215627e+04 1.208189e+04 1.205148e+04 1.212586e+04
2.0 1.229147e+04 1.213363e+04 1.203250e+04 1.219034e+04
3.0 1.211087e+04 1.211760e+04 1.199885e+04 1.199212e+04
4.0 1.222037e+04 1.234824e+04 1.197444e+04 1.184657e+04
5.0 1.237406e+04 1.234641e+04 1.196293e+04 1.199058e+04
6.0 1.217700e+04 1.204447e+04 1.196018e+04 1.209271e+04
7.0 1.210298e+04 1.187690e+04 1.196147e+04 1.218755e+04
8.0 1.196161e+04 1.206683e+04 1.196422e+04 1.185901e+04
9.0 1.222628e+04 1.204867e+04 1.196678e+04 1.214439e+04
10.0 1.173799e+04 1.183325e+04 1.196862e+04 1.187337e+04
11.0 1.141287e+04 1.176000e+04 1.196963e+04 1.162250e+04
12.0 1.187899e+04 1.201950e+04 1.197005e+04 1.182954e+04
13.0 1.211670e+04 1.203830e+04 1.197014e+04 1.204854e+04
14.0 1.208051e+04 1.204280e+04 1.197005e+04 1.200776e+04
15.0 1.183075e+04 1.208930e+04 1.196987e+04 1.171133e+04
16.0 1.200879e+04 1.198017e+04 1.196966e+04 1.199829e+04
17.0 1.221603e+04 1.207153e+04 1.196945e+04 1.211395e+04
18.0 1.211057e+04 1.212285e+04 1.197569e+04 1.196341e+04
19.0 1.188653e+04 1.211524e+04 1.200303e+04 1.177432e+04
20.0 1.204593e+04 1.205809e+04 1.203454e+04 1.202238e+04
21.0 1.212627e+04 1.210201e+04 1.205266e+04 1.207692e+04
22.0 1.190268e+04 1.209622e+04 1.205936e+04 1.186582e+04
23.0 1.194512e+04 1.208477e+04 1.205962e+04 1.191997e+04
24.0 1.200506e+04 1.206312e+04 1.205705e+04 1.199900e+04
25.0 1.184488e+04 1.206196e+04 1.205378e+04 1.183669e+04
26.0 1.199685e+04 1.204392e+04 1.205106e+04 1.200399e+04
27.0 1.208633e+04 1.205032e+04 1.204914e+04 1.208516e+04
28.0 1.195466e+04 1.204506e+04 1.204792e+04 1.195752e+04
29.0 1.212440e+04 1.204461e+04 1.204720e+04 1.212699e+04
30.0 1.230015e+04 1.204220e+04 1.204674e+04 1.230468e+04
31.0 1.207769e+04 1.204051e+04 1.204640e+04 1.208358e+04
32.0 1.211150e+04 1.203910e+04 1.204612e+04 1.211852e+04
33.0 1.228516e+04 1.203524e+04 1.204586e+04 1.229578e+04
34.0 1.215587e+04 1.202844e+04 1.204561e+04 1.217303e+04
