1.0 9.958691e+03 9.948367e+03 9.959703e+03 9.970027e+03
2.0 1.014880e+04 9.963610e+03 9.955100e+03 1.014029e+04
3.0 1.004234e+04 9.943547e+03 9.946336e+03 1.004513e+04
4.0 9.754366e+03 9.934108e+03 9.939811e+03 9.760069e+03
5.0 9.961718e+03 9.933493e+03 9.936764e+03 9.964989e+03
6.0 9.858737e+03 9.937253e+03 9.936017e+03 9.857501e+03
7.0 9.711157e+03 9.938406e+03 9.936424e+03 9.709175e+03
8.0 1.006396e+04 9.938917e+03 9.937243e+03 1.006228e+04
9.0 9.841059e+03 9.939719e+03 9.938024e+03 9.839363e+03
10.0 9.819158e+03 9.941589e+03 9.938611e+03 9.816180e+03
11.0 9.841096e+03 9.943285e+03 9.938993e+03 9.836804e+03
12.0 1.015840e+04 9.942997e+03 9.939208e+03 1.015461e+04
13.0 9.988141e+03 9.943439e+03 9.939331e+03 9.984033e+03
14.0 1.001770e+04 9.943725e+03 9.939402e+03 1.001338e+04
15.0 1.004165e+04 9.944531e+03 9.939450e+03 1.003657e+04
16.0 9.828054e+03 9.945201e+03 9.939488e+03 9.822340e+03
17.0 9.938354e+03 9.945914e+03 9.939522e+03 9.931962e+03
18.0 9.882076e+03 9.947240e+03 9.941044e+03 9.875880e+03
19.0 9.719347e+03 9.954297e+03 9.948125e+03 9.713174e+03
20.0 9.846637e+03 9.964527e+03 9.956465e+03 9.838575e+03
21.0 9.726940e+03 9.969219e+03 9.961692e+03 9.719414e+03
22.0 9.909970e+03 9.974400e+03 9.963663e+03 9.899233e+03
23.0 9.923392e+03 9.975669e+03 9.963873e+03 9.911595e+03
24.0 9.859416e+03 9.971221e+03 9.963297e+03 9.851493e+03
25.0 9.914273e+03 9.973483e+03 9.962530e+03 9.903321e+03
26.0 9.914473e+03 9.970979e+03 9.961861e+03 9.905354e+03
27.0 9.918837e+03 9.968765e+03 9.961421e+03 9.911493e+03
28.0 9.859681e+03 9.968388e+03 9.961166e+03 9.852458e+03
29.0 9.879904e+03 9.968594e+03 9.961043e+03 9.872353e+03
30.0 9.941814e+03 9.968806e+03 9.960989e+03 9.933998e+03
31.0 1.007127e+04 9.969299e+03 9.960967e+03 1.006293e+04
32.0 9.815235e+03 9.969585e+03 9.960959e+03 9.806609e+03
33.0 9.879005e+03 9.969661e+03 9.960954e+03 9.870298e+03
34.0 9.890665e+03 9.970212e+03 9.960950e+03 9.881404e+03
0.9 1.002117e+04 9.967661e+03 9.960540e+03 1.001405e+04
1.9 1.001366e+04 9.969069e+03 9.955974e+03 1.000056e+04
2.9 1.019787e+04 9.960550e+03 9.947351e+03 1.018467e+04
3.9 1.012763e+04 9.954372e+03 9.940445e+03 1.011370e+04
4.9 1.013421e+04 9.952577e+03 9.937237e+03 1.011887e+04
5.9 1.007154e+04 9.950955e+03 9.936365e+03 1.005695e+04
6.9 1.004843e+04 9.952405e+03 9.936667e+03 1.003270e+04
7.9 1.002304e+04 9.949676e+03 9.937378e+03 1.001074e+04
8.9 9.930042e+03 9.951798e+03 9.938098e+03 9.916342e+03
9.9 9.886663e+03 9.953631e+03 9.938605e+03 9.871637e+03
10.9 1.000839e+04 9.953136e+03 9.938901e+03 9.994152e+03
11.9 9.843746e+03 9.953336e+03 9.939042e+03 9.829452e+03
12.9 1.008536e+04 9.954140e+03 9.939080e+03 1.007030e+04
13.9 9.955524e+03 9.953640e+03 9.939070e+03 9.940954e+03
14.9 9.989510e+03 9.954102e+03 9.939034e+03 9.974442e+03
15.9 9.905765e+03 9.954332e+03 9.938988e+03 9.890421e+03
16.9 9.918591e+03 9.954587e+03 9.938938e+03 9.902942e+03
17.9 9.806402e+03 9.956320e+03 9.940178e+03 9.790260e+03
18.9 9.809198e+03 9.964260e+03 9.947155e+03 9.792093e+03
19.9 9.898836e+03 9.969127e+03 9.955458e+03 9.885168e+03
20.9 9.968262e+03 9.971341e+03 9.960611e+03 9.957532e+03
21.9 9.931284e+03 9.972595e+03 9.962646e+03 9.921336e+03
22.9 1.005797e+04 9.979114e+03 9.962813e+03 1.004167e+04
23.9 9.954450e+03 9.973206e+03 9.962160e+03 9.943404e+03
24.9 9.922801e+03 9.976939e+03 9.961313e+03 9.907174e+03
25.9 9.882490e+03 9.975068e+03 9.960573e+03 9.867995e+03
26.9 9.978032e+03 9.974816e+03 9.960035e+03 9.963251e+03
27.9 9.900121e+03 9.974634e+03 9.959701e+03 9.885188e+03
28.9 9.901635e+03 9.974489e+03 9.959493e+03 9.886639e+03
29.9 9.926367e+03 9.974488e+03 9.959361e+03 9.911240e+03
30.9 9.985616e+03 9.974651e+03 9.959262e+03 9.970228e+03
31.9 1.007112e+04 9.974810e+03 9.959177e+03 1.005549e+04
32.9 1.020293e+04 9.974964e+03 9.959098e+03 1.018706e+04
33.9 1.010855e+04 9.974984e+03 9.959019e+03 1.009258e+04
