1.0 7.871616e+03 7.848309e+03 7.858973e+03 7.882280e+03
2.0 7.813140e+03 7.829581e+03 7.871302e+03 7.854862e+03
3.0 7.848017e+03 7.890967e+03 7.894773e+03 7.851824e+03
4.0 7.794445e+03 7.951913e+03 7.912245e+03 7.754777e+03
5.0 8.060218e+03 7.968206e+03 7.920406e+03 8.012418e+03
6.0 7.882426e+03 7.914410e+03 7.922407e+03 7.890424e+03
7.0 7.994951e+03 7.906397e+03 7.921318e+03 8.009872e+03
8.0 7.919093e+03 7.942102e+03 7.919123e+03 7.896115e+03
9.0 8.033209e+03 7.981531e+03 7.917032e+03 7.968709e+03
10.0 7.910389e+03 7.926018e+03 7.915460e+03 7.899832e+03
11.0 7.807178e+03 7.839086e+03 7.914438e+03 7.882530e+03
12.0 7.871258e+03 7.929976e+03 7.913861e+03 7.855143e+03
13.0 7.945616e+03 7.938187e+03 7.913532e+03 7.920961e+03
14.0 8.022331e+03 7.956698e+03 7.913341e+03 7.978974e+03
15.0 7.834824e+03 7.912578e+03 7.913212e+03 7.835459e+03
16.0 7.799306e+03 7.881416e+03 7.913112e+03 7.831001e+03
17.0 7.695985e+03 7.844100e+03 7.913020e+03 7.764905e+03
18.0 7.984455e+03 7.927864e+03 7.908945e+03 7.965536e+03
19.0 7.823673e+03 7.851941e+03 7.889982e+03 7.861714e+03
20.0 7.890852e+03 7.850059e+03 7.867646e+03 7.908439e+03
21.0 7.843952e+03 7.829718e+03 7.853648e+03 7.867882e+03
22.0 7.857046e+03 7.826064e+03 7.848369e+03 7.879350e+03
23.0 7.886724e+03 7.825456e+03 7.847807e+03 7.909075e+03
24.0 7.976333e+03 7.831322e+03 7.849349e+03 7.994360e+03
25.0 7.842864e+03 7.841451e+03 7.851403e+03 7.852815e+03
26.0 7.883600e+03 7.839630e+03 7.853196e+03 7.897165e+03
27.0 7.924458e+03 7.891097e+03 7.854373e+03 7.887735e+03
28.0 7.853622e+03 7.867070e+03 7.855058e+03 7.841609e+03
29.0 7.899941e+03 7.921020e+03 7.855386e+03 7.834307e+03
30.0 7.663518e+03 7.808929e+03 7.855531e+03 7.710120e+03
31.0 7.953649e+03 7.857396e+03 7.855589e+03 7.951842e+03
32.0 7.903361e+03 7.892310e+03 7.855611e+03 7.866663e+03
33.0 7.983400e+03 7.932709e+03 7.855623e+03 7.906314e+03
34.0 7.820634e+03 7.885935e+03 7.855634e+03 7.790333e+03
0.9 7.713255e+03 7.788031e+03 7.856732e+03 7.781956e+03
1.9 7.794554e+03 7.822595e+03 7.868961e+03 7.840920e+03
2.9 7.900611e+03 7.835805e+03 7.892054e+03 7.956859e+03
3.9 7.862652e+03 7.847952e+03 7.910550e+03 7.925250e+03
4.9 7.729228e+03 7.786296e+03 7.919140e+03 7.862072e+03
5.9 7.837872e+03 7.862467e+03 7.921475e+03 7.896881e+03
6.9 7.944517e+03 7.801861e+03 7.920666e+03 8.063322e+03
7.9 7.991851e+03 8.030540e+03 7.918761e+03 7.880073e+03
8.9 7.838649e+03 7.954802e+03 7.916835e+03 7.800681e+03
9.9 7.822223e+03 7.857421e+03 7.915475e+03 7.880277e+03
10.9 7.779132e+03 7.948421e+03 7.914683e+03 7.745394e+03
11.9 7.871957e+03 7.961416e+03 7.914307e+03 7.824847e+03
12.9 7.832743e+03 7.894369e+03 7.914204e+03 7.852578e+03
13.9 8.105082e+03 7.965109e+03 7.914232e+03 8.054206e+03
14.9 8.086113e+03 7.924402e+03 7.914327e+03 8.076037e+03
15.9 8.027970e+03 7.908226e+03 7.914450e+03 8.034193e+03
16.9 7.976301e+03 7.888268e+03 7.914584e+03 8.002616e+03
17.9 7.874794e+03 7.805091e+03 7.911265e+03 7.980968e+03
18.9 7.919808e+03 7.890624e+03 7.892580e+03 7.921765e+03
19.9 7.807340e+03 7.819307e+03 7.870342e+03 7.858376e+03
20.9 7.749949e+03 7.810207e+03 7.856542e+03 7.796285e+03
21.9 7.862482e+03 7.810344e+03 7.851092e+03 7.903230e+03
22.9 7.714741e+03 7.814174e+03 7.850646e+03 7.751213e+03
23.9 7.856294e+03 7.821705e+03 7.852396e+03 7.886985e+03
24.9 7.772852e+03 7.854055e+03 7.854664e+03 7.773461e+03
25.9 7.937062e+03 7.911415e+03 7.856646e+03 7.882292e+03
26.9 7.895446e+03 7.939390e+03 7.858087e+03 7.814142e+03
27.9 7.865453e+03 7.942247e+03 7.858980e+03 7.782187e+03
28.9 7.892306e+03 7.920665e+03 7.859536e+03 7.831177e+03
29.9 7.897756e+03 7.887355e+03 7.859891e+03 7.870292e+03
30.9 7.849096e+03 7.872190e+03 7.860155e+03 7.837061e+03
31.9 7.843782e+03 7.872455e+03 7.860382e+03 7.831709e+03
32.9 7.912933e+03 7.864880e+03 7.860595e+03 7.908648e+03
33.9 7.907625e+03 7.873524e+03 7.860806e+03 7.894907e+03
