1.0 9.730951e+03 9.744531e+03 9.739270e+03 9.725691e+03
2.0 9.558957e+03 9.728843e+03 9.738735e+03 9.568850e+03
3.0 9.561024e+03 9.726267e+03 9.737787e+03 9.572544e+03
4.0 9.591913e+03 9.643434e+03 9.737100e+03 9.685578e+03
5.0 9.627336e+03 9.636346e+03 9.736775e+03 9.727765e+03
6.0 9.751218e+03 9.729991e+03 9.736698e+03 9.757925e+03
7.0 9.707371e+03 9.784853e+03 9.736734e+03 9.659252e+03
8.0 9.798350e+03 9.721964e+03 9.736812e+03 9.813197e+03
9.0 9.695903e+03 9.728667e+03 9.736884e+03 9.704119e+03
10.0 9.702253e+03 9.803351e+03 9.736936e+03 9.635838e+03
11.0 9.893272e+03 9.829380e+03 9.736964e+03 9.800856e+03
12.0 9.809455e+03 9.739887e+03 9.736976e+03 9.806544e+03
13.0 9.733326e+03 9.733501e+03 9.736978e+03 9.736804e+03
14.0 9.741300e+03 9.732019e+03 9.736976e+03 9.746257e+03
15.0 9.840098e+03 9.715935e+03 9.736971e+03 9.861134e+03
16.0 9.858828e+03 9.753883e+03 9.736965e+03 9.841910e+03
17.0 9.736413e+03 9.722220e+03 9.736959e+03 9.751152e+03
18.0 9.703767e+03 9.705910e+03 9.737135e+03 9.734992e+03
19.0 9.668553e+03 9.713528e+03 9.737905e+03 9.692929e+03
20.0 9.832986e+03 9.758621e+03 9.738793e+03 9.813158e+03
21.0 9.756060e+03 9.753720e+03 9.739304e+03 9.741644e+03
22.0 9.840260e+03 9.751074e+03 9.739492e+03 9.828678e+03
23.0 9.840474e+03 9.750280e+03 9.739500e+03 9.829694e+03
24.0 9.740332e+03 9.747191e+03 9.739427e+03 9.732568e+03
25.0 9.770381e+03 9.754494e+03 9.739335e+03 9.755222e+03
26.0 9.791814e+03 9.739987e+03 9.739258e+03 9.791085e+03
27.0 9.808676e+03 9.759214e+03 9.739204e+03 9.788666e+03
28.0 9.669539e+03 9.749196e+03 9.739170e+03 9.659513e+03
29.0 9.629960e+03 9.748764e+03 9.739150e+03 9.620345e+03
30.0 9.626408e+03 9.741430e+03 9.739137e+03 9.624115e+03
31.0 9.703245e+03 9.737230e+03 9.739127e+03 9.705142e+03
32.0 9.618521e+03 9.734566e+03 9.739119e+03 9.623075e+03
33.0 9.537118e+03 9.724785e+03 9.739112e+03 9.551445e+03
34.0 9.675560e+03 9.706392e+03 9.739105e+03 9.708273e+03
