0.4 8.754794e+03 8.782619e+03 8.781645e+03 8.753820e+03
1.4 8.803280e+03 8.782100e+03 8.781095e+03 8.802276e+03
2.4 8.753695e+03 8.778805e+03 8.777804e+03 8.752694e+03
3.4 8.789553e+03 8.774866e+03 8.773878e+03 8.788564e+03
4.4 8.753872e+03 8.772394e+03 8.771418e+03 8.752896e+03
5.4 8.749432e+03 8.771500e+03 8.770529e+03 8.748461e+03
6.4 8.765801e+03 8.771464e+03 8.770492e+03 8.764829e+03
7.4 8.786994e+03 8.771823e+03 8.770847e+03 8.786018e+03
8.4 8.792292e+03 8.772278e+03 8.771295e+03 8.791309e+03
9.4 8.758486e+03 8.772688e+03 8.771698e+03 8.757496e+03
10.4 8.802205e+03 8.772988e+03 8.771992e+03 8.801208e+03
11.4 8.787746e+03 8.773197e+03 8.772194e+03 8.786743e+03
12.4 8.763774e+03 8.773344e+03 8.772337e+03 8.762767e+03
13.4 8.787885e+03 8.773455e+03 8.772443e+03 8.786873e+03
14.4 8.825148e+03 8.773548e+03 8.772534e+03 8.824134e+03
15.4 8.761027e+03 8.773633e+03 8.772617e+03 8.760011e+03
16.4 8.767237e+03 8.773717e+03 8.772699e+03 8.766219e+03
17.4 8.737701e+03 8.773855e+03 8.772830e+03 8.736676e+03
18.4 8.763121e+03 8.775592e+03 8.774552e+03 8.762081e+03
19.4 8.787570e+03 8.779783e+03 8.778725e+03 8.786512e+03
20.4 8.819889e+03 8.783356e+03 8.782277e+03 8.818809e+03
21.4 8.836942e+03 8.785241e+03 8.784141e+03 8.835843e+03
22.4 8.799347e+03 8.785897e+03 8.784778e+03 8.798228e+03
23.4 8.781668e+03 8.785901e+03 8.784764e+03 8.780531e+03
24.4 8.742429e+03 8.785651e+03 8.784497e+03 8.741275e+03
25.4 8.758866e+03 8.785389e+03 8.784219e+03 8.757696e+03
