0.4 2.762854e+03 2.907672e+03 2.866057e+03 2.721239e+03
1.4 2.767384e+03 2.906417e+03 2.863281e+03 2.724248e+03
2.4 2.736279e+03 2.887375e+03 2.846649e+03 2.695553e+03
3.4 2.796884e+03 2.864102e+03 2.826815e+03 2.759596e+03
4.4 2.859278e+03 2.848568e+03 2.814384e+03 2.825093e+03
5.4 2.819403e+03 2.841982e+03 2.809891e+03 2.787311e+03
6.4 2.890924e+03 2.840562e+03 2.809705e+03 2.860067e+03
7.4 2.927903e+03 2.841696e+03 2.811499e+03 2.897706e+03
8.4 2.755946e+03 2.843640e+03 2.813761e+03 2.726068e+03
9.4 2.722362e+03 2.845507e+03 2.815800e+03 2.692655e+03
10.4 2.837430e+03 2.846877e+03 2.817283e+03 2.807835e+03
11.4 2.872320e+03 2.847799e+03 2.818306e+03 2.842827e+03
12.4 2.743488e+03 2.848409e+03 2.819026e+03 2.714105e+03
13.4 2.790146e+03 2.848823e+03 2.819564e+03 2.760887e+03
14.4 2.979064e+03 2.849138e+03 2.820022e+03 2.949948e+03
15.4 2.881484e+03 2.849398e+03 2.820445e+03 2.852531e+03
16.4 2.735053e+03 2.849628e+03 2.820857e+03 2.706281e+03
17.4 2.872910e+03 2.850100e+03 2.821518e+03 2.844328e+03
18.4 2.895497e+03 2.858607e+03 2.830222e+03 2.867112e+03
19.4 2.918468e+03 2.879480e+03 2.851303e+03 2.890291e+03
20.4 2.867632e+03 2.897201e+03 2.869250e+03 2.839681e+03
21.4 2.939907e+03 2.906377e+03 2.878672e+03 2.912203e+03
22.4 2.937765e+03 2.909326e+03 2.881887e+03 2.910326e+03
23.4 2.882667e+03 2.908988e+03 2.881817e+03 2.855496e+03
24.4 2.994002e+03 2.907370e+03 2.880471e+03 2.967103e+03
25.4 3.018891e+03 2.905684e+03 2.879065e+03 2.992272e+03
