0.9 8.200072e+03 8.133113e+03 8.139564e+03 8.206523e+03
1.9 8.181888e+03 8.145884e+03 8.154313e+03 8.190317e+03
2.9 8.186090e+03 8.176291e+03 8.184202e+03 8.194001e+03
3.9 8.222529e+03 8.202415e+03 8.208870e+03 8.228984e+03
4.9 8.158963e+03 8.215487e+03 8.220498e+03 8.163974e+03
5.9 8.198816e+03 8.219771e+03 8.223700e+03 8.202745e+03
6.9 8.244255e+03 8.219370e+03 8.222623e+03 8.247508e+03
7.9 8.230358e+03 8.217093e+03 8.220008e+03 8.233273e+03
8.9 8.220324e+03 8.214544e+03 8.217310e+03 8.223090e+03
9.9 8.225714e+03 8.212618e+03 8.215339e+03 8.228436e+03
10.9 8.198818e+03 8.211393e+03 8.214112e+03 8.201538e+03
11.9 8.188363e+03 8.210707e+03 8.213442e+03 8.191098e+03
12.9 8.227964e+03 8.210381e+03 8.213137e+03 8.230720e+03
13.9 8.252700e+03 8.210233e+03 8.213010e+03 8.255477e+03
14.9 8.230525e+03 8.210174e+03 8.212972e+03 8.233323e+03
15.9 8.198527e+03 8.210156e+03 8.212974e+03 8.201344e+03
16.9 8.250446e+03 8.210157e+03 8.212991e+03 8.253280e+03
17.9 8.263603e+03 8.206278e+03 8.209128e+03 8.266453e+03
18.9 8.221700e+03 8.182563e+03 8.185427e+03 8.224563e+03
19.9 8.209875e+03 8.153016e+03 8.155892e+03 8.212751e+03
20.9 8.199266e+03 8.134152e+03 8.137039e+03 8.202152e+03
21.9 8.180135e+03 8.126406e+03 8.129304e+03 8.183032e+03
22.9 8.249048e+03 8.124686e+03 8.128344e+03 8.252706e+03
23.9 8.194762e+03 8.122852e+03 8.130391e+03 8.202302e+03
24.9 8.207395e+03 8.121150e+03 8.133198e+03 8.219443e+03
25.9 8.256184e+03 8.120840e+03 8.135665e+03 8.271009e+03
26.9 8.235165e+03 8.121502e+03 8.137432e+03 8.251094e+03
27.9 8.240684e+03 8.122433e+03 8.138473e+03 8.256724e+03
28.9 8.209648e+03 8.123345e+03 8.139063e+03 8.225365e+03
29.9 8.106766e+03 8.124086e+03 8.139381e+03 8.122061e+03
30.9 8.085578e+03 8.124643e+03 8.139578e+03 8.100512e+03
31.9 8.098442e+03 8.125041e+03 8.139724e+03 8.113125e+03
32.9 8.075372e+03 8.125310e+03 8.139852e+03 8.089914e+03
33.9 8.073685e+03 8.125509e+03 8.139978e+03 8.088154e+03
