0.9 9.416744e+03 9.400435e+03 9.402479e+03 9.418789e+03
1.9 9.497646e+03 9.408599e+03 9.411468e+03 9.500515e+03
2.9 9.418483e+03 9.426907e+03 9.429683e+03 9.421260e+03
3.9 9.304704e+03 9.442384e+03 9.444717e+03 9.307036e+03
4.9 9.382655e+03 9.449921e+03 9.451803e+03 9.384537e+03
5.9 9.428825e+03 9.452204e+03 9.453755e+03 9.430376e+03
6.9 9.381160e+03 9.451742e+03 9.453098e+03 9.382516e+03
7.9 9.449912e+03 9.450232e+03 9.451504e+03 9.451185e+03
8.9 9.543023e+03 9.448614e+03 9.449860e+03 9.544270e+03
9.9 9.415480e+03 9.447413e+03 9.448659e+03 9.416727e+03
10.9 9.344925e+03 9.446661e+03 9.447912e+03 9.346176e+03
11.9 9.494622e+03 9.446253e+03 9.447503e+03 9.495872e+03
12.9 9.453742e+03 9.446077e+03 9.447317e+03 9.454982e+03
13.9 9.452785e+03 9.446022e+03 9.447240e+03 9.454003e+03
14.9 9.494312e+03 9.446032e+03 9.447217e+03 9.495496e+03
15.9 9.573738e+03 9.446078e+03 9.447217e+03 9.574878e+03
16.9 9.512357e+03 9.446146e+03 9.447228e+03 9.513439e+03
17.9 9.442100e+03 9.443862e+03 9.444874e+03 9.443111e+03
18.9 9.458123e+03 9.429500e+03 9.430430e+03 9.459053e+03
19.9 9.462154e+03 9.411594e+03 9.412430e+03 9.462990e+03
20.9 9.484828e+03 9.400211e+03 9.400941e+03 9.485558e+03
21.9 9.422324e+03 9.395616e+03 9.396227e+03 9.422935e+03
22.9 9.411501e+03 9.395474e+03 9.395642e+03 9.411669e+03
23.9 9.383723e+03 9.398473e+03 9.396890e+03 9.382139e+03
24.9 9.584985e+03 9.402208e+03 9.398600e+03 9.581378e+03
25.9 9.426744e+03 9.405029e+03 9.400103e+03 9.421819e+03
26.9 9.389309e+03 9.406742e+03 9.401180e+03 9.383747e+03
27.9 9.458074e+03 9.407611e+03 9.401815e+03 9.452278e+03
28.9 9.612483e+03 9.408038e+03 9.402174e+03 9.606620e+03
29.9 9.424898e+03 9.408271e+03 9.402368e+03 9.418996e+03
30.9 9.498000e+03 9.408466e+03 9.402488e+03 9.492022e+03
31.9 9.398761e+03 9.408689e+03 9.402577e+03 9.392649e+03
32.9 9.507012e+03 9.408959e+03 9.402655e+03 9.500708e+03
33.9 9.418258e+03 9.409267e+03 9.402732e+03 9.411723e+03
