0.6 1.143364e+04 1.150357e+04 1.152217e+04 1.145224e+04
1.6 1.145042e+04 1.150662e+04 1.152503e+04 1.146883e+04
2.6 1.143583e+04 1.151591e+04 1.153412e+04 1.145403e+04
3.6 1.140030e+04 1.152555e+04 1.154354e+04 1.141829e+04
4.6 1.146954e+04 1.153099e+04 1.154878e+04 1.148732e+04
5.6 1.148241e+04 1.153319e+04 1.155076e+04 1.149999e+04
6.6 1.153249e+04 1.153357e+04 1.155094e+04 1.154986e+04
7.6 1.158135e+04 1.153323e+04 1.155038e+04 1.159850e+04
8.6 1.152952e+04 1.153273e+04 1.154966e+04 1.154644e+04
9.6 1.152315e+04 1.153243e+04 1.154912e+04 1.153984e+04
10.6 1.152321e+04 1.153237e+04 1.154882e+04 1.153967e+04
11.6 1.151594e+04 1.153253e+04 1.154874e+04 1.153215e+04
12.6 1.163626e+04 1.153282e+04 1.154878e+04 1.165222e+04
13.6 1.149940e+04 1.153319e+04 1.154888e+04 1.151510e+04
14.6 1.153402e+04 1.153359e+04 1.154902e+04 1.154946e+04
15.6 1.151269e+04 1.153401e+04 1.154917e+04 1.152785e+04
16.6 1.145433e+04 1.153443e+04 1.154932e+04 1.146922e+04
17.6 1.156237e+04 1.153450e+04 1.154911e+04 1.157698e+04
18.6 1.158700e+04 1.152939e+04 1.154372e+04 1.160133e+04
19.6 1.157590e+04 1.151997e+04 1.153402e+04 1.158994e+04
20.6 1.145593e+04 1.151277e+04 1.152651e+04 1.146968e+04
21.6 1.146606e+04 1.151094e+04 1.152320e+04 1.147832e+04
22.6 1.156885e+04 1.152531e+04 1.152247e+04 1.156600e+04
23.6 1.161029e+04 1.155251e+04 1.152302e+04 1.158080e+04
24.6 1.157389e+04 1.157287e+04 1.152401e+04 1.152503e+04
25.6 1.159297e+04 1.158307e+04 1.152499e+04 1.153489e+04
26.6 1.163239e+04 1.158613e+04 1.152572e+04 1.157198e+04
27.6 1.151738e+04 1.158576e+04 1.152621e+04 1.145783e+04
28.6 1.162674e+04 1.158407e+04 1.152652e+04 1.156920e+04
29.6 1.158070e+04 1.158241e+04 1.152672e+04 1.152501e+04
30.6 1.156397e+04 1.158125e+04 1.152687e+04 1.150958e+04
31.6 1.159556e+04 1.158073e+04 1.152698e+04 1.154181e+04
32.6 1.151147e+04 1.158064e+04 1.152709e+04 1.145791e+04
33.6 1.150861e+04 1.158081e+04 1.152718e+04 1.145498e+04
0.5 1.159602e+04 1.154017e+04 1.152966e+04 1.158551e+04
1.5 1.149423e+04 1.154118e+04 1.153164e+04 1.148469e+04
2.5 1.145512e+04 1.154835e+04 1.154024e+04 1.144700e+04
3.5 1.154902e+04 1.155654e+04 1.154958e+04 1.154206e+04
4.5 1.158283e+04 1.156145e+04 1.155523e+04 1.157662e+04
5.5 1.155682e+04 1.156317e+04 1.155729e+04 1.155094e+04
6.5 1.154902e+04 1.156326e+04 1.155745e+04 1.154322e+04
7.5 1.157724e+04 1.156263e+04 1.155676e+04 1.157137e+04
8.5 1.159852e+04 1.156191e+04 1.155590e+04 1.159251e+04
9.5 1.162383e+04 1.156134e+04 1.155518e+04 1.161767e+04
10.5 1.158965e+04 1.156105e+04 1.155471e+04 1.158331e+04
11.5 1.153421e+04 1.156098e+04 1.155447e+04 1.152770e+04
12.5 1.154040e+04 1.156105e+04 1.155436e+04 1.153370e+04
13.5 1.160125e+04 1.156120e+04 1.155433e+04 1.159438e+04
14.5 1.161732e+04 1.156138e+04 1.155434e+04 1.161028e+04
15.5 1.153687e+04 1.156158e+04 1.155437e+04 1.152965e+04
16.5 1.156339e+04 1.156179e+04 1.155440e+04 1.155600e+04
17.5 1.155143e+04 1.156178e+04 1.155422e+04 1.154387e+04
18.5 1.161943e+04 1.155738e+04 1.154965e+04 1.161170e+04
19.5 1.163358e+04 1.154763e+04 1.153973e+04 1.162568e+04
20.5 1.157069e+04 1.153993e+04 1.153186e+04 1.156262e+04
21.5 1.159310e+04 1.153629e+04 1.152801e+04 1.158482e+04
22.5 1.160283e+04 1.153622e+04 1.152695e+04 1.159356e+04
23.5 1.160545e+04 1.153843e+04 1.152732e+04 1.159433e+04
24.5 1.155409e+04 1.154088e+04 1.152822e+04 1.154142e+04
25.5 1.151291e+04 1.154260e+04 1.152912e+04 1.149943e+04
26.5 1.154190e+04 1.154364e+04 1.152981e+04 1.152807e+04
27.5 1.155035e+04 1.154420e+04 1.153027e+04 1.153641e+04
28.5 1.147162e+04 1.154448e+04 1.153053e+04 1.145767e+04
29.5 1.150512e+04 1.154464e+04 1.153068e+04 1.149115e+04
30.5 1.153193e+04 1.154479e+04 1.153077e+04 1.151792e+04
31.5 1.147448e+04 1.154495e+04 1.153084e+04 1.146037e+04
32.5 1.152005e+04 1.154513e+04 1.153089e+04 1.150581e+04
33.5 1.151918e+04 1.154533e+04 1.153094e+04 1.150480e+04
