0.5 2.920395e+03 2.957930e+03 2.943361e+03 2.905826e+03
1.5 2.959199e+03 2.938673e+03 2.946145e+03 2.966670e+03
2.5 2.974458e+03 2.940671e+03 2.958461e+03 2.992249e+03
3.5 2.975647e+03 2.954080e+03 2.971862e+03 2.993430e+03
4.5 2.966272e+03 2.954414e+03 2.979947e+03 2.991805e+03
5.5 2.973917e+03 2.976124e+03 2.982852e+03 2.980645e+03
6.5 2.968329e+03 2.980516e+03 2.983027e+03 2.970840e+03
7.5 2.988306e+03 2.979755e+03 2.981980e+03 2.990532e+03
8.5 2.955196e+03 2.950202e+03 2.980691e+03 2.985685e+03
9.5 2.944831e+03 2.954874e+03 2.979591e+03 2.969548e+03
10.5 2.950299e+03 2.949243e+03 2.978876e+03 2.979932e+03
11.5 2.966986e+03 2.949291e+03 2.978470e+03 2.996165e+03
12.5 2.979783e+03 2.987223e+03 2.978266e+03 2.970826e+03
13.5 2.954584e+03 2.956513e+03 2.978181e+03 2.976252e+03
14.5 3.017666e+03 2.981579e+03 2.978152e+03 3.014239e+03
15.5 2.837956e+03 2.896275e+03 2.978150e+03 2.919830e+03
16.5 2.922262e+03 2.978645e+03 2.978158e+03 2.921775e+03
17.5 2.976579e+03 2.917421e+03 2.977860e+03 3.037019e+03
18.5 2.927973e+03 2.941124e+03 2.971232e+03 2.958080e+03
19.5 2.920032e+03 2.940512e+03 2.956906e+03 2.936426e+03
20.5 2.844203e+03 2.931160e+03 2.945540e+03 2.858584e+03
21.5 2.956810e+03 2.932145e+03 2.939963e+03 2.964628e+03
22.5 2.910916e+03 2.908607e+03 2.938394e+03 2.940703e+03
23.5 2.913297e+03 2.945326e+03 2.938891e+03 2.906863e+03
24.5 2.986141e+03 2.934294e+03 2.940165e+03 2.992012e+03
25.5 2.897027e+03 2.927027e+03 2.941430e+03 2.911429e+03
26.5 2.974866e+03 2.936656e+03 2.942395e+03 2.980604e+03
27.5 2.973941e+03 2.985858e+03 2.943024e+03 2.931107e+03
28.5 2.925541e+03 2.928234e+03 2.943374e+03 2.940681e+03
29.5 2.954109e+03 2.938125e+03 2.943567e+03 2.959551e+03
30.5 3.009921e+03 2.993125e+03 2.943675e+03 2.960472e+03
31.5 3.023864e+03 2.979165e+03 2.943747e+03 2.988446e+03
32.5 2.978418e+03 3.003982e+03 2.943806e+03 2.918241e+03
33.5 2.988489e+03 2.961030e+03 2.943860e+03 2.971318e+03
