1.365513e+03 1.375033e+03 1.369148e+03 1.371398e+03
1.346024e+03 1.375033e+03 1.368203e+03 1.352853e+03
1.351985e+03 1.375033e+03 1.370378e+03 1.356640e+03
1.387247e+03 1.375033e+03 1.378251e+03 1.384028e+03
1.371410e+03 1.375033e+03 1.377599e+03 1.368844e+03
1.355741e+03 1.375033e+03 1.373547e+03 1.357227e+03
1.368703e+03 1.375033e+03 1.379252e+03 1.364484e+03
1.377982e+03 1.375033e+03 1.378454e+03 1.374561e+03
1.402828e+03 1.375033e+03 1.375727e+03 1.402134e+03
1.389035e+03 1.375033e+03 1.376120e+03 1.387948e+03
1.378249e+03 1.375033e+03 1.395812e+03 1.357470e+03
1.393756e+03 1.375033e+03 1.391847e+03 1.376942e+03
1.405720e+03 1.375033e+03 1.386490e+03 1.394263e+03
1.395999e+03 1.375033e+03 1.374664e+03 1.396368e+03
1.400406e+03 1.375033e+03 1.376598e+03 1.398841e+03
1.379282e+03 1.375033e+03 1.377306e+03 1.377008e+03
1.406926e+03 1.375033e+03 1.383205e+03 1.398755e+03
1.355630e+03 1.375033e+03 1.372425e+03 1.358238e+03
1.374040e+03 1.375033e+03 1.371248e+03 1.377826e+03
1.372003e+03 1.375033e+03 1.389052e+03 1.357984e+03
1.385039e+03 1.375033e+03 1.371565e+03 1.388507e+03
1.347643e+03 1.375033e+03 1.360836e+03 1.361839e+03
1.348541e+03 1.375033e+03 1.365095e+03 1.358480e+03
1.361141e+03 1.375033e+03 1.366200e+03 1.369975e+03
1.382161e+03 1.375033e+03 1.365585e+03 1.391609e+03
1.372536e+03 1.375033e+03 1.368139e+03 1.379430e+03
1.366971e+03 1.375033e+03 1.374907e+03 1.367097e+03
1.364305e+03 1.375033e+03 1.375206e+03 1.364132e+03
1.388618e+03 1.375033e+03 1.371983e+03 1.391668e+03
1.388926e+03 1.375033e+03 1.373182e+03 1.390777e+03
1.377100e+03 1.375033e+03 1.374011e+03 1.378122e+03
1.387615e+03 1.375033e+03 1.378614e+03 1.384034e+03
1.366441e+03 1.375033e+03 1.373471e+03 1.368003e+03
1.359698e+03 1.375033e+03 1.373142e+03 1.361589e+03
1.384577e+03 1.375033e+03 1.369920e+03 1.389690e+03
1.366345e+03 1.375033e+03 1.375884e+03 1.365494e+03
1.377075e+03 1.375033e+03 1.375461e+03 1.376647e+03
1.356998e+03 1.375033e+03 1.377720e+03 1.354311e+03
1.365869e+03 1.375033e+03 1.377900e+03 1.363002e+03
1.386473e+03 1.375033e+03 1.382021e+03 1.379485e+03
1.368353e+03 1.375033e+03 1.362631e+03 1.380754e+03
1.400374e+03 1.375033e+03 1.375447e+03 1.399960e+03
1.359402e+03 1.375033e+03 1.373106e+03 1.361329e+03
1.373602e+03 1.375033e+03 1.367714e+03 1.380921e+03
1.383946e+03 1.375033e+03 1.365555e+03 1.393423e+03
1.369624e+03 1.375033e+03 1.363824e+03 1.380833e+03
1.352505e+03 1.375033e+03 1.367538e+03 1.359999e+03
1.370298e+03 1.375033e+03 1.372854e+03 1.372477e+03
1.375551e+03 1.375033e+03 1.376220e+03 1.374363e+03
1.388930e+03 1.375033e+03 1.376348e+03 1.387614e+03
1.361672e+03 1.375033e+03 1.374930e+03 1.361774e+03
1.372175e+03 1.375033e+03 1.377112e+03 1.370096e+03
1.371034e+03 1.375033e+03 1.375891e+03 1.370176e+03
1.369436e+03 1.375033e+03 1.377208e+03 1.367261e+03
1.351509e+03 1.375033e+03 1.375722e+03 1.350820e+03
1.362993e+03 1.375033e+03 1.377312e+03 1.360714e+03
1.377848e+03 1.375033e+03 1.377268e+03 1.375613e+03
1.369699e+03 1.375033e+03 1.374390e+03 1.370342e+03
1.393539e+03 1.375033e+03 1.372829e+03 1.395743e+03
1.372676e+03 1.375033e+03 1.375345e+03 1.372364e+03
1.363365e+03 1.375033e+03 1.375459e+03 1.362939e+03
1.382008e+03 1.375033e+03 1.377196e+03 1.379845e+03
1.388590e+03 1.375033e+03 1.374838e+03 1.388785e+03
1.367968e+03 1.375033e+03 1.376273e+03 1.366728e+03
1.376432e+03 1.375033e+03 1.377210e+03 1.374256e+03
1.387607e+03 1.375033e+03 1.367607e+03 1.395033e+03
1.335052e+03 1.375033e+03 1.365131e+03 1.344954e+03
1.367484e+03 1.375033e+03 1.367721e+03 1.374796e+03
1.379990e+03 1.375033e+03 1.364876e+03 1.390146e+03
1.400666e+03 1.375033e+03 1.372007e+03 1.403692e+03
1.401612e+03 1.375033e+03 1.386159e+03 1.390486e+03
1.407039e+03 1.375033e+03 1.392747e+03 1.389325e+03
1.410337e+03 1.375033e+03 1.396384e+03 1.388986e+03
1.402136e+03 1.375033e+03 1.394029e+03 1.383141e+03
1.403335e+03 1.375033e+03 1.393638e+03 1.384730e+03
1.371441e+03 1.375033e+03 1.393040e+03 1.353434e+03
1.374989e+03 1.375033e+03 1.390187e+03 1.359835e+03
1.371615e+03 1.375033e+03 1.392117e+03 1.354531e+03
1.385300e+03 1.375033e+03 1.391034e+03 1.369299e+03
1.396235e+03 1.375033e+03 1.390177e+03 1.381091e+03
1.367225e+03 1.375033e+03 1.391413e+03 1.350845e+03
1.382248e+03 1.375033e+03 1.388859e+03 1.368422e+03
1.393883e+03 1.375033e+03 1.391100e+03 1.377816e+03
1.393797e+03 1.375033e+03 1.390300e+03 1.378529e+03
1.371135e+03 1.375033e+03 1.390833e+03 1.355335e+03
1.404212e+03 1.375033e+03 1.386647e+03 1.392598e+03
1.397968e+03 1.375033e+03 1.380604e+03 1.392397e+03
1.369232e+03 1.375033e+03 1.369848e+03 1.374416e+03
1.367651e+03 1.375045e+03 1.362351e+03 1.380346e+03
1.373734e+03 1.376903e+03 1.364834e+03 1.385803e+03
1.363389e+03 1.374496e+03 1.364432e+03 1.373453e+03
1.356273e+03 1.375299e+03 1.365061e+03 1.366511e+03
1.366847e+03 1.380442e+03 1.370121e+03 1.377168e+03
1.363085e+03 1.370231e+03 1.361487e+03 1.371829e+03
1.373721e+03 1.368245e+03 1.360144e+03 1.381822e+03
1.362254e+03 1.368251e+03 1.360492e+03 1.370013e+03
1.347679e+03 1.384420e+03 1.375254e+03 1.356845e+03
1.355875e+03 1.381233e+03 1.372497e+03 1.364611e+03
1.358634e+03 1.384146e+03 1.375163e+03 1.367617e+03
1.372492e+03 1.383928e+03 1.375003e+03 1.381417e+03
1.362239e+03 1.361696e+03 1.355195e+03 1.368740e+03
1.378771e+03 1.379579e+03 1.371172e+03 1.387178e+03
1.318582e+03 1.364922e+03 1.358123e+03 1.325381e+03
1.427395e+03 1.414782e+03 1.402603e+03 1.439574e+03
1.411967e+03 1.366654e+03 1.359710e+03 1.418911e+03
1.383617e+03 1.402362e+03 1.391559e+03 1.394421e+03
1.375639e+03 1.385486e+03 1.376586e+03 1.384539e+03
1.372451e+03 1.378487e+03 1.370729e+03 1.380208e+03
1.382562e+03 1.374951e+03 1.368850e+03 1.388663e+03
1.340884e+03 1.374338e+03 1.367612e+03 1.347610e+03
1.377694e+03 1.377484e+03 1.373467e+03 1.381711e+03
1.336572e+03 1.372231e+03 1.364127e+03 1.344676e+03
1.314392e+03 1.375224e+03 1.371715e+03 1.317900e+03
1.366731e+03 1.376767e+03 1.381740e+03 1.361759e+03
1.392438e+03 1.376123e+03 1.385872e+03 1.382689e+03
1.355691e+03 1.374918e+03 1.378284e+03 1.352325e+03
1.386750e+03 1.375396e+03 1.391407e+03 1.370740e+03
1.389502e+03 1.375152e+03 1.388993e+03 1.375661e+03
1.376594e+03 1.375017e+03 1.376880e+03 1.374732e+03
1.387832e+03 1.375032e+03 1.379165e+03 1.383699e+03
1.371628e+03 1.375030e+03 1.373582e+03 1.373076e+03
1.381085e+03 1.375033e+03 1.382184e+03 1.373935e+03
1.379592e+03 1.375033e+03 1.382282e+03 1.372343e+03
1.393516e+03 1.375033e+03 1.381034e+03 1.387514e+03
1.400104e+03 1.375033e+03 1.383027e+03 1.392110e+03
1.412113e+03 1.375033e+03 1.381608e+03 1.405538e+03
1.378221e+03 1.375033e+03 1.378415e+03 1.374839e+03
1.347024e+03 1.375033e+03 1.382539e+03 1.339519e+03
1.380709e+03 1.375033e+03 1.372456e+03 1.383286e+03
1.371998e+03 1.375033e+03 1.369855e+03 1.377176e+03
1.389842e+03 1.375033e+03 1.366467e+03 1.398407e+03
1.374317e+03 1.375033e+03 1.369220e+03 1.380130e+03
1.390493e+03 1.375033e+03 1.367868e+03 1.397657e+03
1.384732e+03 1.375033e+03 1.366640e+03 1.393125e+03
1.389531e+03 1.375033e+03 1.370697e+03 1.393866e+03
1.399910e+03 1.375033e+03 1.373275e+03 1.401668e+03
1.378744e+03 1.375033e+03 1.382997e+03 1.370780e+03
1.380781e+03 1.375033e+03 1.382102e+03 1.373711e+03
1.353588e+03 1.375033e+03 1.366201e+03 1.362420e+03
1.365561e+03 1.375033e+03 1.375367e+03 1.365226e+03
1.372292e+03 1.375033e+03 1.375220e+03 1.372104e+03
1.379214e+03 1.375033e+03 1.367534e+03 1.386713e+03
1.377904e+03 1.375033e+03 1.370559e+03 1.382378e+03
1.371506e+03 1.375033e+03 1.378489e+03 1.368050e+03
1.360386e+03 1.375033e+03 1.381365e+03 1.354054e+03
1.380168e+03 1.375033e+03 1.365543e+03 1.389658e+03
1.378576e+03 1.375033e+03 1.377470e+03 1.376139e+03
1.319185e+03 1.375033e+03 1.373390e+03 1.320828e+03
1.399628e+03 1.375033e+03 1.388178e+03 1.386483e+03
1.379936e+03 1.375033e+03 1.377588e+03 1.377380e+03
1.367063e+03 1.375033e+03 1.371439e+03 1.370657e+03
1.366329e+03 1.375033e+03 1.371691e+03 1.369670e+03
1.361950e+03 1.375033e+03 1.367906e+03 1.369077e+03
1.345953e+03 1.375033e+03 1.368680e+03 1.352305e+03
1.376588e+03 1.375033e+03 1.365925e+03 1.385696e+03
1.375599e+03 1.375033e+03 1.373108e+03 1.377523e+03
1.359302e+03 1.375033e+03 1.371090e+03 1.363244e+03
1.365123e+03 1.375033e+03 1.371245e+03 1.368910e+03
1.354951e+03 1.375033e+03 1.370708e+03 1.359276e+03
1.374353e+03 1.375033e+03 1.374471e+03 1.374914e+03
1.357303e+03 1.375033e+03 1.371122e+03 1.361214e+03
1.406976e+03 1.375033e+03 1.372115e+03 1.409894e+03
1.395479e+03 1.375033e+03 1.375276e+03 1.395235e+03
1.391759e+03 1.375033e+03 1.372375e+03 1.394417e+03
1.363435e+03 1.375033e+03 1.372891e+03 1.365577e+03
1.352649e+03 1.375033e+03 1.371943e+03 1.355738e+03
1.375202e+03 1.375033e+03 1.374456e+03 1.375779e+03
1.373975e+03 1.375033e+03 1.376370e+03 1.372638e+03
1.357446e+03 1.375033e+03 1.370820e+03 1.361659e+03
1.375740e+03 1.375033e+03 1.372588e+03 1.378185e+03
1.375387e+03 1.375033e+03 1.375157e+03 1.375263e+03
1.373637e+03 1.375033e+03 1.378242e+03 1.370428e+03
1.394225e+03 1.375033e+03 1.373548e+03 1.395710e+03
1.364013e+03 1.375033e+03 1.369967e+03 1.369080e+03
1.369640e+03 1.375033e+03 1.371512e+03 1.373160e+03
1.387331e+03 1.375033e+03 1.371028e+03 1.391336e+03
1.359792e+03 1.375033e+03 1.371252e+03 1.363573e+03
1.379893e+03 1.375033e+03 1.373541e+03 1.381384e+03
1.379053e+03 1.375033e+03 1.375207e+03 1.378879e+03
1.391066e+03 1.375033e+03 1.378464e+03 1.387635e+03
1.379353e+03 1.375033e+03 1.381871e+03 1.372515e+03
1.379069e+03 1.375033e+03 1.385673e+03 1.368429e+03
1.382072e+03 1.375033e+03 1.382331e+03 1.374774e+03
1.384196e+03 1.375033e+03 1.379610e+03 1.379619e+03
1.380118e+03 1.375033e+03 1.375542e+03 1.379609e+03
1.376433e+03 1.375033e+03 1.378518e+03 1.372948e+03
1.358547e+03 1.375033e+03 1.377517e+03 1.356063e+03
1.370782e+03 1.375033e+03 1.375310e+03 1.370505e+03
1.398046e+03 1.375033e+03 1.379330e+03 1.393749e+03
1.379485e+03 1.375033e+03 1.378060e+03 1.376458e+03
1.391054e+03 1.375033e+03 1.383053e+03 1.383034e+03
1.403677e+03 1.375033e+03 1.378163e+03 1.400547e+03
1.403407e+03 1.375033e+03 1.379805e+03 1.398634e+03
1.373502e+03 1.375033e+03 1.378699e+03 1.369836e+03
1.375545e+03 1.375033e+03 1.371586e+03 1.378992e+03
1.358608e+03 1.375033e+03 1.369857e+03 1.363784e+03
1.367320e+03 1.375033e+03 1.367173e+03 1.375181e+03
1.352802e+03 1.375033e+03 1.367565e+03 1.360271e+03
1.364752e+03 1.375033e+03 1.366127e+03 1.373657e+03
1.381948e+03 1.375033e+03 1.368214e+03 1.388767e+03
