0.6 3.751551e+03 3.671391e+03 3.385245e+03 3.465405e+03
1.6 3.536012e+03 3.584240e+03 3.393582e+03 3.345354e+03
2.6 3.607596e+03 3.383837e+03 3.420638e+03 3.644397e+03
3.6 3.708512e+03 3.446568e+03 3.448725e+03 3.710669e+03
4.6 3.659206e+03 3.456916e+03 3.464237e+03 3.666527e+03
5.6 3.538837e+03 3.487041e+03 3.470025e+03 3.521821e+03
6.6 3.639814e+03 3.464054e+03 3.470378e+03 3.646137e+03
7.6 3.606602e+03 3.445731e+03 3.468542e+03 3.629414e+03
8.6 3.429638e+03 3.473234e+03 3.466237e+03 3.422641e+03
9.6 3.583791e+03 3.466364e+03 3.464502e+03 3.581928e+03
10.6 3.477394e+03 3.469690e+03 3.463476e+03 3.471180e+03
11.6 3.555855e+03 3.478230e+03 3.463106e+03 3.540731e+03
12.6 3.402038e+03 3.471267e+03 3.463131e+03 3.393902e+03
13.6 3.440745e+03 3.493448e+03 3.463367e+03 3.410664e+03
14.6 3.454832e+03 3.483943e+03 3.463709e+03 3.434598e+03
15.6 3.549725e+03 3.494297e+03 3.464093e+03 3.519521e+03
16.6 3.398699e+03 3.496715e+03 3.464493e+03 3.366478e+03
17.6 3.411933e+03 3.495302e+03 3.463814e+03 3.380446e+03
18.6 3.591710e+03 3.432077e+03 3.447595e+03 3.607228e+03
19.6 3.432421e+03 3.383809e+03 3.418461e+03 3.467073e+03
20.6 3.554885e+03 3.287862e+03 3.395938e+03 3.662961e+03
21.6 3.573567e+03 3.483814e+03 3.385983e+03 3.475737e+03
22.6 3.436370e+03 3.292081e+03 3.383797e+03 3.528086e+03
23.6 3.345617e+03 3.309728e+03 3.385479e+03 3.421369e+03
24.6 3.482111e+03 3.415190e+03 3.388469e+03 3.455390e+03
25.6 3.544950e+03 3.438533e+03 3.391443e+03 3.497860e+03
26.6 3.558793e+03 3.435340e+03 3.393684e+03 3.517137e+03
27.6 3.441567e+03 3.440469e+03 3.395210e+03 3.396308e+03
28.6 3.533858e+03 3.446593e+03 3.396218e+03 3.483483e+03
29.6 3.432380e+03 3.444221e+03 3.396894e+03 3.385053e+03
30.6 3.604426e+03 3.454648e+03 3.397412e+03 3.547190e+03
31.6 3.369415e+03 3.471808e+03 3.397853e+03 3.295460e+03
32.6 3.478838e+03 3.450150e+03 3.398263e+03 3.426951e+03
33.6 3.335548e+03 3.449190e+03 3.398662e+03 3.285019e+03
0.5 3.401477e+03 3.190524e+03 3.402548e+03 3.613500e+03
1.5 3.484946e+03 3.199340e+03 3.409158e+03 3.694764e+03
2.5 3.466305e+03 3.401195e+03 3.435600e+03 3.500709e+03
3.5 3.532554e+03 3.468129e+03 3.463732e+03 3.528157e+03
4.5 3.361370e+03 3.513175e+03 3.480406e+03 3.328602e+03
5.5 3.437483e+03 3.528473e+03 3.486920e+03 3.395930e+03
6.5 3.545746e+03 3.452551e+03 3.487582e+03 3.580777e+03
7.5 3.539783e+03 3.493346e+03 3.485753e+03 3.532189e+03
8.5 3.443452e+03 3.491205e+03 3.483449e+03 3.435697e+03
9.5 3.344358e+03 3.492814e+03 3.481593e+03 3.333137e+03
10.5 3.384198e+03 3.474990e+03 3.480443e+03 3.389651e+03
11.5 3.424890e+03 3.480968e+03 3.479970e+03 3.423891e+03
12.5 3.388635e+03 3.486111e+03 3.479905e+03 3.382428e+03
13.5 3.171743e+03 3.503500e+03 3.480080e+03 3.148323e+03
14.5 3.492113e+03 3.513302e+03 3.480361e+03 3.459172e+03
15.5 3.474039e+03 3.516298e+03 3.480688e+03 3.438429e+03
16.5 3.385565e+03 3.506127e+03 3.481033e+03 3.360471e+03
17.5 3.464565e+03 3.519658e+03 3.480638e+03 3.425545e+03
18.5 3.546676e+03 3.482556e+03 3.466616e+03 3.530735e+03
19.5 3.472367e+03 3.259457e+03 3.437704e+03 3.650615e+03
20.5 3.454763e+03 3.228140e+03 3.413898e+03 3.640521e+03
21.5 3.468318e+03 3.316110e+03 3.402842e+03 3.555050e+03
22.5 3.568073e+03 3.614554e+03 3.400011e+03 3.353529e+03
23.5 3.581785e+03 3.657997e+03 3.401391e+03 3.325178e+03
24.5 3.581112e+03 3.512032e+03 3.404264e+03 3.473344e+03
25.5 3.387760e+03 3.491809e+03 3.407220e+03 3.303171e+03
26.5 3.300377e+03 3.441974e+03 3.409470e+03 3.267873e+03
27.5 3.416656e+03 3.431192e+03 3.411017e+03 3.396481e+03
28.5 3.386498e+03 3.434272e+03 3.411979e+03 3.364205e+03
29.5 3.463376e+03 3.443550e+03 3.412609e+03 3.432435e+03
30.5 3.461203e+03 3.447077e+03 3.413067e+03 3.427194e+03
31.5 3.576371e+03 3.456847e+03 3.413441e+03 3.532966e+03
32.5 3.415018e+03 3.451911e+03 3.413780e+03 3.376888e+03
33.5 3.487580e+03 3.446872e+03 3.414105e+03 3.454812e+03
