0.3 3.992463e+03 3.925796e+03 3.908159e+03 3.974826e+03
1.3 3.859064e+03 3.752704e+03 3.911643e+03 4.018004e+03
2.3 4.541331e+03 3.780417e+03 3.934273e+03 4.695186e+03
3.3 3.957969e+03 3.917514e+03 3.961919e+03 4.002375e+03
4.3 3.976509e+03 3.915194e+03 3.979154e+03 4.040469e+03
5.3 4.178528e+03 3.911930e+03 3.985827e+03 4.252425e+03
6.3 4.554354e+03 3.805343e+03 3.986117e+03 4.735129e+03
7.3 3.079299e+03 3.928591e+03 3.983589e+03 3.134297e+03
8.3 2.958053e+03 3.842074e+03 3.980370e+03 3.096349e+03
9.3 3.585771e+03 3.808586e+03 3.977491e+03 3.754676e+03
10.3 3.990122e+03 3.860268e+03 3.975284e+03 4.105137e+03
11.3 4.614918e+03 3.883056e+03 3.973765e+03 4.705627e+03
12.3 3.547331e+03 3.977335e+03 3.972672e+03 3.542668e+03
13.3 4.262541e+03 3.978856e+03 3.971832e+03 4.255517e+03
14.3 3.519358e+03 3.997771e+03 3.971105e+03 3.492691e+03
15.3 3.892727e+03 3.893688e+03 3.970422e+03 3.969462e+03
16.3 3.962603e+03 4.026999e+03 3.969755e+03 3.905359e+03
17.3 4.083185e+03 3.978499e+03 3.968791e+03 4.073476e+03
18.3 4.520373e+03 3.933945e+03 3.957092e+03 4.543520e+03
19.3 3.631914e+03 3.906335e+03 3.928601e+03 3.654181e+03
20.3 3.961690e+03 3.729759e+03 3.902546e+03 4.134477e+03
21.3 3.518500e+03 3.818410e+03 3.889064e+03 3.589154e+03
22.3 3.704944e+03 3.971623e+03 3.884322e+03 3.617643e+03
23.3 4.155372e+03 3.708305e+03 3.884232e+03 4.331298e+03
