1.0 2.385120e+03 2.312702e+03 2.303769e+03 2.376187e+03
2.0 2.365096e+03 2.295579e+03 2.303932e+03 2.373449e+03
3.0 2.314416e+03 2.281699e+03 2.304220e+03 2.336937e+03
4.0 2.385779e+03 2.300120e+03 2.304430e+03 2.390089e+03
5.0 2.339656e+03 2.320871e+03 2.304528e+03 2.323313e+03
6.0 2.309779e+03 2.304653e+03 2.304552e+03 2.309677e+03
7.0 2.384121e+03 2.344639e+03 2.304541e+03 2.344023e+03
8.0 2.290210e+03 2.341758e+03 2.304517e+03 2.252969e+03
9.0 2.274534e+03 2.320297e+03 2.304495e+03 2.258732e+03
10.0 2.382632e+03 2.333349e+03 2.304479e+03 2.353763e+03
11.0 2.389059e+03 2.353517e+03 2.304471e+03 2.340013e+03
12.0 2.341780e+03 2.320141e+03 2.304467e+03 2.326106e+03
13.0 2.223212e+03 2.317452e+03 2.304466e+03 2.210227e+03
14.0 2.288242e+03 2.294005e+03 2.304467e+03 2.298704e+03
15.0 2.308684e+03 2.312766e+03 2.304469e+03 2.300387e+03
16.0 2.285578e+03 2.312162e+03 2.304471e+03 2.277887e+03
17.0 2.289602e+03 2.281493e+03 2.304472e+03 2.312582e+03
18.0 2.258069e+03 2.275902e+03 2.304419e+03 2.286585e+03
19.0 2.231154e+03 2.312025e+03 2.304184e+03 2.223313e+03
20.0 2.299142e+03 2.289624e+03 2.303914e+03 2.313432e+03
21.0 2.284177e+03 2.300889e+03 2.303759e+03 2.287046e+03
22.0 2.227590e+03 2.284133e+03 2.303701e+03 2.247159e+03
23.0 2.404896e+03 2.293466e+03 2.303699e+03 2.415129e+03
24.0 2.414603e+03 2.293832e+03 2.303721e+03 2.424492e+03
25.0 2.288730e+03 2.300176e+03 2.303749e+03 2.292303e+03
26.0 2.318256e+03 2.304381e+03 2.303773e+03 2.317648e+03
27.0 2.236225e+03 2.299825e+03 2.303789e+03 2.240188e+03
28.0 2.323016e+03 2.300613e+03 2.303799e+03 2.326203e+03
29.0 2.256891e+03 2.263830e+03 2.303806e+03 2.296867e+03
30.0 2.277804e+03 2.282856e+03 2.303810e+03 2.298758e+03
31.0 2.236395e+03 2.280949e+03 2.303813e+03 2.259258e+03
32.0 2.287371e+03 2.280761e+03 2.303815e+03 2.310424e+03
33.0 2.250791e+03 2.262842e+03 2.303817e+03 2.291766e+03
34.0 2.291940e+03 2.265212e+03 2.303819e+03 2.330547e+03
