0.9 3.825388e+03 4.035513e+03 4.132383e+03 3.922257e+03
1.9 4.193200e+03 4.136096e+03 4.125266e+03 4.182370e+03
2.9 4.165245e+03 4.170258e+03 4.109786e+03 4.104774e+03
3.9 4.032770e+03 4.118130e+03 4.097518e+03 4.012158e+03
4.9 4.212265e+03 4.199611e+03 4.091531e+03 4.104185e+03
5.9 4.119223e+03 4.110985e+03 4.089892e+03 4.098130e+03
6.9 4.246761e+03 4.170345e+03 4.090493e+03 4.166910e+03
7.9 4.235426e+03 4.269463e+03 4.091933e+03 4.057896e+03
8.9 4.180194e+03 4.133196e+03 4.093359e+03 4.140357e+03
9.9 4.013563e+03 4.030586e+03 4.094455e+03 4.077433e+03
10.9 4.151801e+03 4.078963e+03 4.095182e+03 4.168020e+03
11.9 4.267190e+03 4.183650e+03 4.095601e+03 4.179141e+03
12.9 4.025329e+03 4.120483e+03 4.095845e+03 4.000691e+03
13.9 4.062068e+03 4.150431e+03 4.095992e+03 4.007628e+03
14.9 4.000302e+03 4.070937e+03 4.096095e+03 4.025460e+03
15.9 4.173620e+03 4.067991e+03 4.096178e+03 4.201806e+03
16.9 3.968057e+03 4.055303e+03 4.096252e+03 4.009006e+03
17.9 3.951286e+03 3.957972e+03 4.098304e+03 4.091619e+03
18.9 3.914963e+03 3.855424e+03 4.110075e+03 4.169615e+03
19.9 4.227361e+03 4.093914e+03 4.125273e+03 4.258720e+03
20.9 4.241329e+03 4.201978e+03 4.135288e+03 4.174639e+03
21.9 4.327829e+03 4.072288e+03 4.139265e+03 4.394806e+03
22.9 4.141394e+03 4.073292e+03 4.139881e+03 4.207983e+03
23.9 4.029097e+03 4.137805e+03 4.138951e+03 4.030244e+03
24.9 4.272202e+03 4.184044e+03 4.137602e+03 4.225759e+03
25.9 4.195534e+03 4.180273e+03 4.136389e+03 4.151650e+03
26.9 3.956936e+03 4.162027e+03 4.135582e+03 3.930490e+03
27.9 4.140242e+03 4.179987e+03 4.135111e+03 4.095365e+03
28.9 4.116588e+03 4.172085e+03 4.134889e+03 4.079392e+03
29.9 4.234420e+03 4.173740e+03 4.134797e+03 4.195477e+03
30.9 4.200254e+03 4.177670e+03 4.134767e+03 4.157351e+03
31.9 4.209298e+03 4.178318e+03 4.134762e+03 4.165742e+03
32.9 4.159066e+03 4.176185e+03 4.134764e+03 4.117645e+03
33.9 4.194638e+03 4.175405e+03 4.134765e+03 4.153997e+03
