0.6 4.418122e+03 4.883781e+03 4.715467e+03 4.249808e+03
1.6 5.503377e+03 4.860033e+03 4.705441e+03 5.348785e+03
2.6 4.483719e+03 4.602775e+03 4.672903e+03 4.553847e+03
3.6 4.299086e+03 4.385278e+03 4.639125e+03 4.552933e+03
4.6 3.901043e+03 4.907278e+03 4.620470e+03 3.614235e+03
5.6 4.932749e+03 4.630338e+03 4.613510e+03 4.915921e+03
6.6 5.151701e+03 4.809542e+03 4.613086e+03 4.955245e+03
7.6 4.588010e+03 4.985341e+03 4.615293e+03 4.217962e+03
8.6 4.743543e+03 4.744043e+03 4.618065e+03 4.617565e+03
9.6 5.436444e+03 4.845193e+03 4.620152e+03 5.211403e+03
10.6 4.472119e+03 4.818899e+03 4.621386e+03 4.274607e+03
11.6 3.687511e+03 4.675600e+03 4.621831e+03 3.633743e+03
12.6 4.707793e+03 4.825767e+03 4.621801e+03 4.503826e+03
13.6 4.431087e+03 4.368795e+03 4.621517e+03 4.683809e+03
14.6 4.932885e+03 4.581676e+03 4.621106e+03 4.972315e+03
15.6 4.081934e+03 4.369057e+03 4.620644e+03 4.333521e+03
16.6 4.555704e+03 4.328822e+03 4.620162e+03 4.847044e+03
17.6 4.094998e+03 4.269238e+03 4.620979e+03 4.446739e+03
18.6 4.932111e+03 4.428525e+03 4.640484e+03 5.144070e+03
19.6 4.055192e+03 4.617543e+03 4.675521e+03 4.113171e+03
20.6 4.912075e+03 4.647252e+03 4.702607e+03 4.967430e+03
21.6 5.764740e+03 4.751940e+03 4.714579e+03 5.727379e+03
22.6 4.687530e+03 4.675657e+03 4.717208e+03 4.729081e+03
23.6 4.431262e+03 4.637206e+03 4.715185e+03 4.509241e+03
24.6 4.554347e+03 4.643067e+03 4.711589e+03 4.622869e+03
25.6 5.170751e+03 4.651890e+03 4.708012e+03 5.226873e+03
26.6 3.640204e+03 4.627811e+03 4.705318e+03 3.717711e+03
27.6 4.198323e+03 4.682328e+03 4.703483e+03 4.219478e+03
28.6 5.336223e+03 4.684396e+03 4.702270e+03 5.354097e+03
29.6 4.767812e+03 4.653400e+03 4.701457e+03 4.815870e+03
30.6 4.388870e+03 4.677889e+03 4.700835e+03 4.411816e+03
31.6 4.371356e+03 4.715257e+03 4.700305e+03 4.356403e+03
32.6 3.988714e+03 4.654544e+03 4.699811e+03 4.033981e+03
33.6 4.927199e+03 4.648676e+03 4.699332e+03 4.977854e+03
0.5 3.905296e+03 4.582420e+03 4.694658e+03 4.017534e+03
1.5 5.352336e+03 4.540122e+03 4.686709e+03 5.498923e+03
2.5 4.504748e+03 4.547378e+03 4.654910e+03 4.612280e+03
3.5 4.422510e+03 4.420634e+03 4.621078e+03 4.622954e+03
4.5 3.673343e+03 4.483071e+03 4.601025e+03 3.791296e+03
5.5 4.978451e+03 4.453012e+03 4.593193e+03 5.118632e+03
6.5 5.397087e+03 5.052712e+03 4.592396e+03 4.936771e+03
7.5 4.836239e+03 4.746740e+03 4.594596e+03 4.684095e+03
8.5 4.654145e+03 4.789664e+03 4.597366e+03 4.461847e+03
9.5 4.899425e+03 4.802051e+03 4.599598e+03 4.696972e+03
10.5 5.290106e+03 5.134012e+03 4.600982e+03 4.757075e+03
11.5 5.462668e+03 5.095461e+03 4.601550e+03 4.968758e+03
12.5 5.192599e+03 5.034410e+03 4.601628e+03 4.759817e+03
13.5 4.503881e+03 4.689524e+03 4.601418e+03 4.415775e+03
14.5 4.310154e+03 4.490164e+03 4.601079e+03 4.421070e+03
15.5 4.743884e+03 4.435940e+03 4.600686e+03 4.908631e+03
16.5 4.957430e+03 4.668400e+03 4.600272e+03 4.889302e+03
17.5 4.855335e+03 4.335459e+03 4.600747e+03 5.120623e+03
18.5 3.983769e+03 4.462650e+03 4.617610e+03 4.138728e+03
19.5 4.340583e+03 4.299487e+03 4.652379e+03 4.693475e+03
20.5 4.868145e+03 4.520703e+03 4.681008e+03 5.028450e+03
21.5 4.727794e+03 4.618307e+03 4.694305e+03 4.803791e+03
22.5 5.392645e+03 4.716848e+03 4.697709e+03 5.373507e+03
23.5 4.663527e+03 4.752985e+03 4.696050e+03 4.606592e+03
24.5 4.987435e+03 4.776102e+03 4.692595e+03 4.903927e+03
25.5 4.546165e+03 4.779942e+03 4.689039e+03 4.455261e+03
26.5 4.130569e+03 4.804214e+03 4.686333e+03 4.012689e+03
27.5 4.456317e+03 4.819582e+03 4.684473e+03 4.321209e+03
28.5 5.362633e+03 4.793331e+03 4.683316e+03 5.252618e+03
29.5 5.084787e+03 4.787454e+03 4.682559e+03 4.979892e+03
30.5 4.724517e+03 4.807546e+03 4.682008e+03 4.598978e+03
31.5 4.326631e+03 4.794305e+03 4.681558e+03 4.213884e+03
32.5 5.211448e+03 4.809928e+03 4.681150e+03 5.082670e+03
33.5 4.761269e+03 4.819643e+03 4.680760e+03 4.622386e+03
