0.1 9.606740e+03 9.580199e+03 9.579369e+03 9.605909e+03
1.1 9.590102e+03 9.598425e+03 9.581833e+03 9.573510e+03
2.1 9.568212e+03 9.603416e+03 9.597362e+03 9.562158e+03
3.1 9.615421e+03 9.601859e+03 9.601776e+03 9.615338e+03
4.1 9.648912e+03 9.611109e+03 9.593198e+03 9.631000e+03
5.1 9.620586e+03 9.575318e+03 9.584645e+03 9.629912e+03
6.1 9.594558e+03 9.574556e+03 9.579931e+03 9.599933e+03
7.1 9.558542e+03 9.573460e+03 9.577815e+03 9.562897e+03
8.1 9.528678e+03 9.563539e+03 9.577253e+03 9.542391e+03
9.1 9.578964e+03 9.558566e+03 9.577540e+03 9.597937e+03
10.1 9.591473e+03 9.570224e+03 9.578117e+03 9.599366e+03
11.1 9.562057e+03 9.573501e+03 9.578626e+03 9.567181e+03
12.1 9.564201e+03 9.573552e+03 9.578969e+03 9.569618e+03
13.1 9.521779e+03 9.563599e+03 9.579166e+03 9.537346e+03
14.1 9.578641e+03 9.564779e+03 9.579259e+03 9.593120e+03
15.1 9.590406e+03 9.578399e+03 9.579302e+03 9.591308e+03
16.1 9.614290e+03 9.566957e+03 9.579319e+03 9.626652e+03
17.1 9.637136e+03 9.616806e+03 9.579327e+03 9.599657e+03
0.6 9.560711e+03 9.572025e+03 9.579517e+03 9.568203e+03
1.6 9.561790e+03 9.585715e+03 9.589855e+03 9.565930e+03
2.6 9.638076e+03 9.619722e+03 9.602285e+03 9.620639e+03
3.6 9.610992e+03 9.624942e+03 9.597626e+03 9.583676e+03
4.6 9.592940e+03 9.612587e+03 9.588180e+03 9.568534e+03
5.6 9.583468e+03 9.605641e+03 9.581696e+03 9.559523e+03
6.6 9.622123e+03 9.588608e+03 9.578582e+03 9.612097e+03
7.6 9.598861e+03 9.615812e+03 9.577437e+03 9.560486e+03
8.6 9.643276e+03 9.593535e+03 9.577436e+03 9.627177e+03
9.6 9.613809e+03 9.591296e+03 9.577944e+03 9.600456e+03
10.6 9.583804e+03 9.585040e+03 9.578532e+03 9.577297e+03
11.6 9.543503e+03 9.588504e+03 9.578969e+03 9.533968e+03
12.6 9.617307e+03 9.591322e+03 9.579240e+03 9.605225e+03
13.6 9.622966e+03 9.590465e+03 9.579391e+03 9.611892e+03
14.6 9.558381e+03 9.551683e+03 9.579468e+03 9.586166e+03
15.6 9.571748e+03 9.601682e+03 9.579512e+03 9.549578e+03
16.6 9.568169e+03 9.565877e+03 9.579541e+03 9.581833e+03
17.6 9.553835e+03 9.571817e+03 9.579565e+03 9.561583e+03
