0.2 1.141372e+04 1.136907e+04 1.136439e+04 1.140904e+04
1.2 1.133189e+04 1.138498e+04 1.136183e+04 1.130874e+04
2.2 1.147567e+04 1.143869e+04 1.134188e+04 1.137886e+04
3.2 1.142590e+04 1.135528e+04 1.133095e+04 1.140157e+04
4.2 1.132599e+04 1.139537e+04 1.134159e+04 1.127220e+04
5.2 1.133877e+04 1.134454e+04 1.135469e+04 1.134892e+04
6.2 1.126199e+04 1.133956e+04 1.135396e+04 1.127639e+04
7.2 1.134443e+04 1.131677e+04 1.133499e+04 1.136264e+04
8.2 1.128755e+04 1.131879e+04 1.133480e+04 1.130357e+04
9.2 1.140373e+04 1.142497e+04 1.134907e+04 1.132783e+04
10.2 1.152720e+04 1.146699e+04 1.136049e+04 1.142070e+04
11.2 1.141654e+04 1.136731e+04 1.136644e+04 1.141566e+04
12.2 1.129651e+04 1.135876e+04 1.136883e+04 1.130657e+04
13.2 1.141378e+04 1.135346e+04 1.136913e+04 1.142945e+04
14.2 1.137379e+04 1.138738e+04 1.136843e+04 1.135484e+04
15.2 1.130155e+04 1.136320e+04 1.136752e+04 1.130587e+04
16.2 1.139797e+04 1.141179e+04 1.136679e+04 1.135296e+04
17.2 1.128806e+04 1.138790e+04 1.136633e+04 1.126649e+04
0.6 1.133877e+04 1.134454e+04 1.135469e+04 1.134892e+04
1.6 1.126199e+04 1.133956e+04 1.135396e+04 1.127639e+04
2.6 1.134443e+04 1.131677e+04 1.133499e+04 1.136264e+04
3.6 1.128755e+04 1.131879e+04 1.133480e+04 1.130357e+04
4.6 1.140373e+04 1.142497e+04 1.134907e+04 1.132783e+04
5.6 1.152720e+04 1.146699e+04 1.136049e+04 1.142070e+04
6.6 1.141654e+04 1.136731e+04 1.136644e+04 1.141566e+04
7.6 1.129651e+04 1.135876e+04 1.136883e+04 1.130657e+04
8.6 1.141378e+04 1.135346e+04 1.136913e+04 1.142945e+04
9.6 1.137379e+04 1.138738e+04 1.136843e+04 1.135484e+04
10.6 1.130155e+04 1.136320e+04 1.136752e+04 1.130587e+04
11.6 1.139797e+04 1.141179e+04 1.136679e+04 1.135296e+04
12.6 1.128806e+04 1.138790e+04 1.136633e+04 1.126649e+04
13.6 1.132230e+04 1.133667e+04 1.136610e+04 1.135174e+04
14.6 1.133798e+04 1.135277e+04 1.136602e+04 1.135123e+04
15.6 1.136079e+04 1.133688e+04 1.136602e+04 1.138992e+04
16.6 1.139491e+04 1.134137e+04 1.136604e+04 1.141958e+04
17.6 1.128895e+04 1.134603e+04 1.136607e+04 1.130900e+04
0.8 1.135655e+04 1.131821e+04 1.136591e+04 1.140426e+04
1.8 1.139467e+04 1.136154e+04 1.135443e+04 1.138757e+04
2.8 1.127893e+04 1.134058e+04 1.134095e+04 1.127930e+04
3.8 1.136085e+04 1.136950e+04 1.134585e+04 1.133720e+04
4.8 1.140632e+04 1.136944e+04 1.135628e+04 1.139315e+04
5.8 1.138504e+04 1.134389e+04 1.136074e+04 1.140189e+04
6.8 1.135533e+04 1.138575e+04 1.134585e+04 1.131544e+04
7.8 1.136300e+04 1.136351e+04 1.133921e+04 1.133870e+04
8.8 1.139141e+04 1.138221e+04 1.134926e+04 1.135846e+04
9.8 1.136118e+04 1.140995e+04 1.135976e+04 1.131099e+04
10.8 1.139303e+04 1.143071e+04 1.136571e+04 1.132803e+04
11.8 1.140551e+04 1.144986e+04 1.136830e+04 1.132394e+04
12.8 1.151308e+04 1.142274e+04 1.136664e+04 1.145697e+04
13.8 1.134503e+04 1.134654e+04 1.134872e+04 1.134721e+04
14.8 1.132616e+04 1.132971e+04 1.133984e+04 1.133630e+04
15.8 1.134192e+04 1.134748e+04 1.134815e+04 1.134258e+04
16.8 1.133609e+04 1.132492e+04 1.135849e+04 1.136965e+04
17.8 1.136430e+04 1.132736e+04 1.136406e+04 1.140100e+04
0.2 1.140632e+04 1.136944e+04 1.135628e+04 1.139315e+04
1.2 1.138504e+04 1.134389e+04 1.136074e+04 1.140189e+04
2.2 1.135533e+04 1.138575e+04 1.134585e+04 1.131544e+04
3.2 1.136300e+04 1.136351e+04 1.133921e+04 1.133870e+04
4.2 1.139141e+04 1.138221e+04 1.134926e+04 1.135846e+04
5.2 1.136118e+04 1.140995e+04 1.135976e+04 1.131099e+04
6.2 1.139303e+04 1.143071e+04 1.136571e+04 1.132803e+04
7.2 1.140551e+04 1.144986e+04 1.136830e+04 1.132394e+04
8.2 1.151308e+04 1.142274e+04 1.136664e+04 1.145697e+04
9.2 1.134503e+04 1.134654e+04 1.134872e+04 1.134721e+04
10.2 1.132616e+04 1.132971e+04 1.133984e+04 1.133630e+04
11.2 1.134192e+04 1.134748e+04 1.134815e+04 1.134258e+04
12.2 1.133609e+04 1.132492e+04 1.135849e+04 1.136965e+04
13.2 1.136430e+04 1.132736e+04 1.136406e+04 1.140100e+04
14.2 1.135020e+04 1.133629e+04 1.135355e+04 1.136746e+04
15.2 1.126357e+04 1.132325e+04 1.133652e+04 1.127684e+04
16.2 1.132438e+04 1.131909e+04 1.134062e+04 1.134591e+04
17.2 1.132273e+04 1.131350e+04 1.135339e+04 1.136262e+04
0.1 1.140551e+04 1.144986e+04 1.136830e+04 1.132394e+04
1.1 1.151308e+04 1.142274e+04 1.136664e+04 1.145697e+04
2.1 1.134503e+04 1.134654e+04 1.134872e+04 1.134721e+04
3.1 1.132616e+04 1.132971e+04 1.133984e+04 1.133630e+04
4.1 1.134192e+04 1.134748e+04 1.134815e+04 1.134258e+04
5.1 1.133609e+04 1.132492e+04 1.135849e+04 1.136965e+04
6.1 1.136430e+04 1.132736e+04 1.136406e+04 1.140100e+04
7.1 1.135020e+04 1.133629e+04 1.135355e+04 1.136746e+04
8.1 1.126357e+04 1.132325e+04 1.133652e+04 1.127684e+04
9.1 1.132438e+04 1.131909e+04 1.134062e+04 1.134591e+04
10.1 1.132273e+04 1.131350e+04 1.135339e+04 1.136262e+04
11.1 1.140714e+04 1.134064e+04 1.136216e+04 1.142866e+04
12.1 1.140773e+04 1.136983e+04 1.136656e+04 1.140446e+04
13.1 1.140856e+04 1.135434e+04 1.136806e+04 1.142227e+04
14.1 1.139401e+04 1.142646e+04 1.136799e+04 1.133553e+04
15.1 1.150841e+04 1.142360e+04 1.136717e+04 1.145198e+04
16.1 1.140947e+04 1.139760e+04 1.136627e+04 1.137813e+04
17.1 1.138579e+04 1.136073e+04 1.136554e+04 1.139061e+04
0.8 1.136430e+04 1.132736e+04 1.136406e+04 1.140100e+04
1.8 1.135020e+04 1.133629e+04 1.135355e+04 1.136746e+04
2.8 1.126357e+04 1.132325e+04 1.133652e+04 1.127684e+04
3.8 1.132438e+04 1.131909e+04 1.134062e+04 1.134591e+04
4.8 1.132273e+04 1.131350e+04 1.135339e+04 1.136262e+04
5.8 1.140714e+04 1.134064e+04 1.136216e+04 1.142866e+04
6.8 1.140773e+04 1.136983e+04 1.136656e+04 1.140446e+04
7.8 1.140856e+04 1.135434e+04 1.136806e+04 1.142227e+04
8.8 1.139401e+04 1.142646e+04 1.136799e+04 1.133553e+04
9.8 1.150841e+04 1.142360e+04 1.136717e+04 1.145198e+04
10.8 1.140947e+04 1.139760e+04 1.136627e+04 1.137813e+04
11.8 1.138579e+04 1.136073e+04 1.136554e+04 1.139061e+04
12.8 1.134063e+04 1.136676e+04 1.136508e+04 1.133894e+04
13.8 1.140262e+04 1.132282e+04 1.136479e+04 1.144459e+04
14.8 1.127755e+04 1.133933e+04 1.136462e+04 1.130283e+04
15.8 1.131989e+04 1.131075e+04 1.136450e+04 1.137364e+04
16.8 1.131320e+04 1.132942e+04 1.136440e+04 1.134818e+04
17.8 1.133439e+04 1.133393e+04 1.136432e+04 1.136478e+04
0.2 1.132668e+04 1.137986e+04 1.136311e+04 1.130992e+04
1.2 1.134367e+04 1.138814e+04 1.135965e+04 1.131518e+04
2.2 1.134361e+04 1.135682e+04 1.134285e+04 1.132963e+04
3.2 1.134895e+04 1.133982e+04 1.133835e+04 1.134748e+04
4.2 1.148220e+04 1.139286e+04 1.134780e+04 1.143714e+04
5.2 1.138768e+04 1.141762e+04 1.135703e+04 1.132710e+04
6.2 1.138196e+04 1.141312e+04 1.136240e+04 1.133124e+04
7.2 1.147976e+04 1.139026e+04 1.136472e+04 1.145421e+04
8.2 1.146637e+04 1.137925e+04 1.136531e+04 1.145243e+04
9.2 1.139596e+04 1.136865e+04 1.136498e+04 1.139229e+04
10.2 1.142749e+04 1.141289e+04 1.136434e+04 1.137894e+04
11.2 1.136379e+04 1.135558e+04 1.136375e+04 1.137196e+04
12.2 1.138502e+04 1.135524e+04 1.136336e+04 1.139314e+04
13.2 1.135947e+04 1.135684e+04 1.136314e+04 1.136577e+04
14.2 1.128111e+04 1.135991e+04 1.136303e+04 1.128423e+04
15.2 1.138735e+04 1.136697e+04 1.136298e+04 1.138336e+04
16.2 1.138249e+04 1.136253e+04 1.136296e+04 1.138292e+04
17.2 1.128881e+04 1.133962e+04 1.136294e+04 1.131213e+04
0.8 1.137355e+04 1.137657e+04 1.136254e+04 1.135952e+04
1.8 1.139914e+04 1.133551e+04 1.135065e+04 1.141428e+04
2.8 1.131524e+04 1.131366e+04 1.133490e+04 1.133647e+04
3.8 1.136632e+04 1.134841e+04 1.133946e+04 1.135736e+04
4.8 1.136668e+04 1.142216e+04 1.135117e+04 1.129568e+04
5.8 1.138239e+04 1.139602e+04 1.135958e+04 1.134595e+04
6.8 1.133667e+04 1.138559e+04 1.136371e+04 1.131478e+04
7.8 1.144079e+04 1.137982e+04 1.136528e+04 1.142625e+04
8.8 1.144292e+04 1.139844e+04 1.136537e+04 1.140984e+04
9.8 1.133908e+04 1.135549e+04 1.136477e+04 1.134835e+04
10.8 1.131813e+04 1.134585e+04 1.136405e+04 1.133632e+04
11.8 1.143070e+04 1.135986e+04 1.136350e+04 1.143434e+04
12.8 1.138993e+04 1.136143e+04 1.136317e+04 1.139167e+04
13.8 1.136785e+04 1.132985e+04 1.136300e+04 1.140100e+04
14.8 1.136469e+04 1.136541e+04 1.136292e+04 1.136221e+04
15.8 1.129586e+04 1.134547e+04 1.136289e+04 1.131328e+04
16.8 1.133989e+04 1.133276e+04 1.136289e+04 1.137002e+04
17.8 1.137048e+04 1.132446e+04 1.136289e+04 1.140890e+04
0.1 1.138130e+04 1.137467e+04 1.136427e+04 1.137089e+04
1.1 1.134483e+04 1.138571e+04 1.136215e+04 1.132127e+04
2.1 1.137958e+04 1.138240e+04 1.134590e+04 1.134308e+04
3.1 1.131680e+04 1.133320e+04 1.133840e+04 1.132200e+04
4.1 1.137442e+04 1.131368e+04 1.134740e+04 1.140813e+04
5.1 1.136011e+04 1.134126e+04 1.135751e+04 1.137635e+04
6.1 1.138388e+04 1.138616e+04 1.136371e+04 1.136143e+04
7.1 1.142208e+04 1.138352e+04 1.136493e+04 1.140349e+04
8.1 1.144379e+04 1.136439e+04 1.135219e+04 1.143159e+04
9.1 1.139281e+04 1.136686e+04 1.134588e+04 1.137184e+04
10.1 1.141946e+04 1.137671e+04 1.135272e+04 1.139547e+04
11.1 1.135154e+04 1.133969e+04 1.136061e+04 1.137246e+04
12.1 1.146486e+04 1.140429e+04 1.136512e+04 1.142569e+04
13.1 1.132188e+04 1.137310e+04 1.136723e+04 1.131601e+04
14.1 1.137661e+04 1.137626e+04 1.136791e+04 1.136826e+04
15.1 1.141070e+04 1.134969e+04 1.136779e+04 1.142880e+04
16.1 1.133614e+04 1.134140e+04 1.136738e+04 1.136212e+04
17.1 1.130861e+04 1.134077e+04 1.136703e+04 1.133487e+04
0.0 1.138388e+04 1.138616e+04 1.136371e+04 1.136143e+04
1.0 1.142208e+04 1.138352e+04 1.136493e+04 1.140349e+04
2.0 1.144379e+04 1.136439e+04 1.135219e+04 1.143159e+04
3.0 1.139281e+04 1.136686e+04 1.134588e+04 1.137184e+04
4.0 1.141946e+04 1.137671e+04 1.135272e+04 1.139547e+04
5.0 1.135154e+04 1.133969e+04 1.136061e+04 1.137246e+04
6.0 1.146486e+04 1.140429e+04 1.136512e+04 1.142569e+04
7.0 1.132188e+04 1.137310e+04 1.136723e+04 1.131601e+04
8.0 1.137661e+04 1.137626e+04 1.136791e+04 1.136826e+04
9.0 1.141070e+04 1.134969e+04 1.136779e+04 1.142880e+04
10.0 1.133614e+04 1.134140e+04 1.136738e+04 1.136212e+04
11.0 1.130861e+04 1.134077e+04 1.136703e+04 1.133487e+04
12.0 1.128158e+04 1.135300e+04 1.136683e+04 1.129541e+04
13.0 1.139203e+04 1.138530e+04 1.136677e+04 1.137350e+04
14.0 1.134143e+04 1.136946e+04 1.136683e+04 1.133879e+04
15.0 1.134041e+04 1.133941e+04 1.136693e+04 1.136793e+04
16.0 1.139388e+04 1.136247e+04 1.136707e+04 1.139848e+04
17.0 1.133143e+04 1.134538e+04 1.136722e+04 1.135327e+04
0.4 1.130338e+04 1.133268e+04 1.136737e+04 1.133807e+04
1.4 1.133619e+04 1.135819e+04 1.136280e+04 1.134081e+04
2.4 1.131960e+04 1.136597e+04 1.134230e+04 1.129594e+04
3.4 1.133439e+04 1.134138e+04 1.133725e+04 1.133026e+04
4.4 1.136651e+04 1.135918e+04 1.134895e+04 1.135629e+04
5.4 1.137057e+04 1.139949e+04 1.136086e+04 1.133193e+04
