0.9 3.860279e+03 3.847640e+03 3.862085e+03 3.874725e+03
1.9 3.865786e+03 3.877640e+03 3.881758e+03 3.869904e+03
2.9 3.910656e+03 3.892460e+03 3.892594e+03 3.910790e+03
3.9 3.898449e+03 3.878938e+03 3.882140e+03 3.901652e+03
4.9 3.809814e+03 3.872995e+03 3.869762e+03 3.806581e+03
5.9 3.905151e+03 3.862927e+03 3.862198e+03 3.904422e+03
6.9 3.882447e+03 3.876414e+03 3.869138e+03 3.875171e+03
7.9 3.858252e+03 3.866418e+03 3.888262e+03 3.880096e+03
8.9 3.874024e+03 3.864775e+03 3.885483e+03 3.894732e+03
9.9 3.844732e+03 3.883001e+03 3.873032e+03 3.834762e+03
10.9 3.864241e+03 3.873114e+03 3.863857e+03 3.854984e+03
11.9 3.801275e+03 3.870749e+03 3.859418e+03 3.789945e+03
12.9 3.828017e+03 3.849838e+03 3.857756e+03 3.835936e+03
13.9 3.852042e+03 3.851747e+03 3.857709e+03 3.858004e+03
14.9 3.836111e+03 3.859094e+03 3.858427e+03 3.835444e+03
15.9 3.813836e+03 3.848915e+03 3.859301e+03 3.824222e+03
16.9 3.885165e+03 3.851193e+03 3.859976e+03 3.893947e+03
17.9 3.828814e+03 3.839302e+03 3.860412e+03 3.849924e+03
0.4 3.905151e+03 3.862927e+03 3.862198e+03 3.904422e+03
1.4 3.882447e+03 3.876414e+03 3.869138e+03 3.875171e+03
2.4 3.858252e+03 3.866418e+03 3.888262e+03 3.880096e+03
3.4 3.874024e+03 3.864775e+03 3.885483e+03 3.894732e+03
4.4 3.844732e+03 3.883001e+03 3.873032e+03 3.834762e+03
5.4 3.864241e+03 3.873114e+03 3.863857e+03 3.854984e+03
6.4 3.801275e+03 3.870749e+03 3.859418e+03 3.789945e+03
7.4 3.828017e+03 3.849838e+03 3.857756e+03 3.835936e+03
8.4 3.852042e+03 3.851747e+03 3.857709e+03 3.858004e+03
9.4 3.836111e+03 3.859094e+03 3.858427e+03 3.835444e+03
10.4 3.813836e+03 3.848915e+03 3.859301e+03 3.824222e+03
11.4 3.885165e+03 3.851193e+03 3.859976e+03 3.893947e+03
12.4 3.828814e+03 3.839302e+03 3.860412e+03 3.849924e+03
13.4 3.880998e+03 3.845071e+03 3.860668e+03 3.896595e+03
14.4 3.803729e+03 3.848884e+03 3.860809e+03 3.815654e+03
15.4 3.927446e+03 3.850042e+03 3.860897e+03 3.938300e+03
16.4 3.810283e+03 3.864751e+03 3.860960e+03 3.806493e+03
17.4 3.840765e+03 3.851290e+03 3.861016e+03 3.850490e+03
0.4 3.858178e+03 3.862527e+03 3.861738e+03 3.857389e+03
1.4 3.855611e+03 3.881670e+03 3.871559e+03 3.845500e+03
2.4 3.902705e+03 3.860289e+03 3.892314e+03 3.934730e+03
3.4 3.862042e+03 3.866246e+03 3.889558e+03 3.885354e+03
4.4 3.850601e+03 3.864649e+03 3.876042e+03 3.861994e+03
5.4 3.879770e+03 3.865338e+03 3.866270e+03 3.880701e+03
6.4 3.855109e+03 3.866088e+03 3.861197e+03 3.850218e+03
7.4 3.891811e+03 3.875360e+03 3.859131e+03 3.875583e+03
8.4 3.825549e+03 3.854000e+03 3.858899e+03 3.830448e+03
9.4 3.909596e+03 3.886584e+03 3.859532e+03 3.882544e+03
10.4 3.921561e+03 3.859686e+03 3.860332e+03 3.922207e+03
11.4 3.854650e+03 3.882193e+03 3.860972e+03 3.833430e+03
12.4 3.895898e+03 3.863172e+03 3.861386e+03 3.894112e+03
13.4 3.834011e+03 3.856463e+03 3.861605e+03 3.839153e+03
14.4 3.851900e+03 3.874996e+03 3.861716e+03 3.838620e+03
15.4 3.839840e+03 3.865475e+03 3.861769e+03 3.836134e+03
16.4 3.781623e+03 3.853895e+03 3.861798e+03 3.789525e+03
17.4 3.811038e+03 3.870930e+03 3.861818e+03 3.801927e+03
1.0 3.762834e+03 3.861755e+03 3.863125e+03 3.764205e+03
2.0 3.907540e+03 3.882640e+03 3.884541e+03 3.909441e+03
3.0 3.863824e+03 3.883283e+03 3.892085e+03 3.872627e+03
4.0 3.880327e+03 3.866861e+03 3.880696e+03 3.894162e+03
5.0 3.778458e+03 3.861366e+03 3.868426e+03 3.785518e+03
6.0 3.855930e+03 3.856477e+03 3.861486e+03 3.860939e+03
7.0 3.845015e+03 3.847266e+03 3.858239e+03 3.855988e+03
8.0 3.899736e+03 3.869329e+03 3.857329e+03 3.887736e+03
9.0 3.854829e+03 3.863211e+03 3.857617e+03 3.849235e+03
10.0 3.861997e+03 3.837463e+03 3.858342e+03 3.882875e+03
11.0 3.891080e+03 3.858984e+03 3.858998e+03 3.891093e+03
12.0 3.882531e+03 3.846803e+03 3.859449e+03 3.895177e+03
13.0 3.844726e+03 3.856285e+03 3.859686e+03 3.848127e+03
14.0 3.875615e+03 3.867174e+03 3.859792e+03 3.868233e+03
15.0 3.871467e+03 3.870283e+03 3.859830e+03 3.861015e+03
