0.2 6.964570e+03 6.975346e+03 7.008166e+03 6.997390e+03
1.2 7.099824e+03 6.990622e+03 7.002365e+03 7.111567e+03
2.2 6.963712e+03 6.976219e+03 6.978524e+03 6.966016e+03
3.2 7.032322e+03 6.964168e+03 6.975167e+03 7.043321e+03
4.2 7.014723e+03 7.117109e+03 6.989110e+03 6.886724e+03
5.2 7.082062e+03 7.002934e+03 7.001117e+03 7.080245e+03
6.2 6.935825e+03 7.005944e+03 7.007849e+03 6.937731e+03
7.2 6.859384e+03 7.042410e+03 7.010668e+03 6.827642e+03
8.2 6.959589e+03 7.043379e+03 7.011295e+03 6.927505e+03
9.2 6.877860e+03 6.937873e+03 7.010760e+03 6.950746e+03
10.2 6.922353e+03 6.910580e+03 7.009891e+03 7.021664e+03
11.2 6.936119e+03 6.936171e+03 7.009122e+03 7.009071e+03
12.2 7.028999e+03 6.984156e+03 7.008628e+03 7.053471e+03
13.2 7.107736e+03 7.047606e+03 7.008352e+03 7.068482e+03
14.2 7.088529e+03 7.058705e+03 7.008213e+03 7.038037e+03
15.2 7.013027e+03 7.051489e+03 7.008150e+03 6.969688e+03
16.2 7.099854e+03 7.094491e+03 7.008120e+03 7.013483e+03
17.2 7.049817e+03 7.085093e+03 7.008105e+03 6.972829e+03
0.8 6.925683e+03 7.001485e+03 7.008392e+03 6.932589e+03
1.8 6.974831e+03 7.009092e+03 6.988870e+03 6.954609e+03
2.8 6.912443e+03 6.938351e+03 6.974406e+03 6.948498e+03
3.8 6.964779e+03 7.030339e+03 6.984446e+03 6.918886e+03
4.8 6.991356e+03 7.061389e+03 6.998295e+03 6.928262e+03
5.8 6.979925e+03 6.952135e+03 7.007134e+03 7.034924e+03
6.8 6.920500e+03 6.994220e+03 7.011239e+03 6.937519e+03
7.8 6.876365e+03 7.037812e+03 7.012629e+03 6.851183e+03
8.8 6.881848e+03 7.023420e+03 7.012472e+03 6.870899e+03
9.8 6.909925e+03 6.967801e+03 7.011688e+03 6.953813e+03
10.8 6.920565e+03 6.965327e+03 7.010862e+03 6.966100e+03
11.8 7.044548e+03 7.018633e+03 7.010285e+03 7.036200e+03
12.8 7.035532e+03 6.968578e+03 7.009949e+03 7.076904e+03
13.8 6.919134e+03 6.929858e+03 7.007853e+03 6.997129e+03
14.8 6.938908e+03 6.968187e+03 6.985998e+03 6.956720e+03
15.8 7.005664e+03 6.991833e+03 6.974971e+03 6.988803e+03
16.8 7.041289e+03 7.013328e+03 6.986509e+03 7.014470e+03
17.8 6.865936e+03 7.025243e+03 6.999842e+03 6.840535e+03
0.9 6.919134e+03 6.929858e+03 7.007853e+03 6.997129e+03
1.9 6.938908e+03 6.968187e+03 6.985998e+03 6.956720e+03
2.9 7.005664e+03 6.991833e+03 6.974971e+03 6.988803e+03
3.9 7.041289e+03 7.013328e+03 6.986509e+03 7.014470e+03
4.9 6.865936e+03 7.025243e+03 6.999842e+03 6.840535e+03
5.9 6.859334e+03 6.907858e+03 7.007962e+03 6.959438e+03
6.9 6.949338e+03 6.939878e+03 7.011613e+03 7.021073e+03
7.9 6.976207e+03 6.954478e+03 7.012728e+03 7.034457e+03
8.9 6.962489e+03 6.920312e+03 7.012408e+03 7.054585e+03
9.9 7.069956e+03 7.018683e+03 7.011566e+03 7.062839e+03
10.9 6.838360e+03 6.951649e+03 7.010730e+03 6.897442e+03
11.9 6.922379e+03 6.889105e+03 7.010155e+03 7.043430e+03
12.9 7.099225e+03 7.074807e+03 7.009810e+03 7.034228e+03
13.9 7.280378e+03 7.030141e+03 7.009631e+03 7.259868e+03
14.9 7.021681e+03 6.960059e+03 7.009538e+03 7.071160e+03
15.9 7.067076e+03 7.128643e+03 7.009484e+03 6.947917e+03
16.9 7.046684e+03 7.086317e+03 7.009446e+03 6.969812e+03
17.9 6.995353e+03 7.007750e+03 7.009413e+03 6.997016e+03
0.7 6.898976e+03 6.997046e+03 7.008193e+03 6.910123e+03
1.7 6.979338e+03 6.981301e+03 6.989536e+03 6.987574e+03
2.7 7.006461e+03 6.980577e+03 6.973702e+03 6.999586e+03
3.7 7.034853e+03 6.970097e+03 6.982898e+03 7.047654e+03
4.7 7.027490e+03 7.010557e+03 6.996831e+03 7.013764e+03
5.7 6.981144e+03 6.952781e+03 7.005721e+03 7.034083e+03
6.7 6.987076e+03 6.994655e+03 7.010089e+03 7.002511e+03
7.7 7.018543e+03 6.997135e+03 7.011518e+03 7.032926e+03
8.7 7.056669e+03 7.065283e+03 7.011351e+03 7.002736e+03
9.7 7.000668e+03 7.049411e+03 7.010521e+03 6.961777e+03
10.7 7.001965e+03 7.029133e+03 7.009648e+03 6.982479e+03
11.7 7.101366e+03 6.930521e+03 7.008985e+03 7.179830e+03
12.7 7.063790e+03 7.017464e+03 7.008587e+03 7.054913e+03
13.7 7.137536e+03 7.024983e+03 7.008362e+03 7.120915e+03
14.7 7.053785e+03 7.065368e+03 7.008242e+03 6.996658e+03
15.7 7.078755e+03 7.097579e+03 7.008169e+03 6.989345e+03
16.7 7.028071e+03 7.104437e+03 7.008118e+03 6.931752e+03
17.7 7.144349e+03 7.036850e+03 7.008077e+03 7.115575e+03
0.3 6.931929e+03 6.906794e+03 7.010442e+03 7.035577e+03
1.3 7.082787e+03 6.992710e+03 7.002249e+03 7.092326e+03
2.3 6.991890e+03 6.948510e+03 6.979094e+03 7.022474e+03
3.3 6.970519e+03 7.006860e+03 6.979503e+03 6.943162e+03
4.3 7.026609e+03 7.011313e+03 6.993857e+03 7.009153e+03
5.3 7.080480e+03 7.007822e+03 7.005576e+03 7.078233e+03
6.3 7.029984e+03 6.990501e+03 7.011709e+03 7.051191e+03
7.3 7.055680e+03 7.060954e+03 7.014384e+03 7.009110e+03
8.3 7.031987e+03 7.062399e+03 7.015036e+03 6.984623e+03
