0.4 8.937511e+03 8.962669e+03 9.014393e+03 8.989236e+03
1.4 8.971709e+03 8.966820e+03 9.019211e+03 9.024101e+03
2.4 9.020516e+03 8.990190e+03 9.041086e+03 9.071412e+03
3.4 9.043359e+03 9.018075e+03 9.066849e+03 9.092133e+03
4.4 9.073454e+03 9.034955e+03 9.081907e+03 9.120406e+03
5.4 9.035594e+03 9.041972e+03 9.087639e+03 9.081260e+03
6.4 9.074812e+03 9.043212e+03 9.088078e+03 9.119678e+03
7.4 9.070998e+03 9.041754e+03 9.086184e+03 9.115427e+03
8.4 9.037959e+03 9.039503e+03 9.083690e+03 9.082146e+03
9.4 9.081754e+03 9.037585e+03 9.081634e+03 9.125803e+03
10.4 9.030242e+03 9.036278e+03 9.080238e+03 9.074202e+03
11.4 9.029258e+03 9.035516e+03 9.079411e+03 9.073152e+03
12.4 9.000056e+03 9.035154e+03 9.078997e+03 9.043899e+03
13.4 9.001430e+03 9.034995e+03 9.078798e+03 9.045233e+03
14.4 8.977055e+03 9.034941e+03 9.078713e+03 9.020828e+03
15.4 9.010234e+03 9.034928e+03 9.078677e+03 9.053983e+03
16.4 8.987851e+03 9.034929e+03 9.078663e+03 9.031585e+03
17.4 9.046152e+03 9.034498e+03 9.078226e+03 9.089880e+03
18.4 9.061435e+03 9.022530e+03 9.066261e+03 9.105167e+03
19.4 9.012982e+03 8.996583e+03 9.040328e+03 9.056726e+03
20.4 8.986548e+03 8.974860e+03 9.018628e+03 9.030315e+03
21.4 8.960549e+03 8.963779e+03 9.007581e+03 9.004351e+03
22.4 8.951063e+03 8.960672e+03 9.004518e+03 8.994909e+03
23.4 8.956281e+03 8.962683e+03 9.005352e+03 8.998950e+03
24.4 8.999897e+03 8.981569e+03 9.007634e+03 9.025962e+03
25.4 9.020923e+03 9.013711e+03 9.009994e+03 9.017205e+03
26.4 9.025058e+03 9.038655e+03 9.011850e+03 8.998253e+03
27.4 9.015548e+03 9.050189e+03 9.013010e+03 8.978370e+03
28.4 9.029626e+03 9.053377e+03 9.013687e+03 8.989935e+03
29.4 9.074667e+03 9.052322e+03 9.014047e+03 9.036391e+03
30.4 9.047308e+03 9.049784e+03 9.014255e+03 9.011779e+03
31.4 9.076819e+03 9.047184e+03 9.014397e+03 9.044032e+03
32.4 9.073992e+03 9.045288e+03 9.014514e+03 9.043218e+03
33.4 9.081009e+03 9.044076e+03 9.014627e+03 9.051560e+03
