0.4 1.051786e+04 1.056703e+04 1.054961e+04 1.050044e+04
1.4 1.052646e+04 1.056617e+04 1.054845e+04 1.050874e+04
2.4 1.060008e+04 1.056051e+04 1.054317e+04 1.058275e+04
3.4 1.060404e+04 1.055371e+04 1.053696e+04 1.058729e+04
4.4 1.060065e+04 1.054959e+04 1.053334e+04 1.058440e+04
5.4 1.051917e+04 1.054789e+04 1.053195e+04 1.050324e+04
6.4 1.060558e+04 1.054761e+04 1.053185e+04 1.058981e+04
7.4 1.056325e+04 1.054802e+04 1.053230e+04 1.054754e+04
8.4 1.055388e+04 1.054863e+04 1.053291e+04 1.053815e+04
9.4 1.059382e+04 1.054917e+04 1.053340e+04 1.057805e+04
10.4 1.052434e+04 1.054956e+04 1.053374e+04 1.050852e+04
11.4 1.055327e+04 1.054983e+04 1.053394e+04 1.053739e+04
12.4 1.051797e+04 1.055000e+04 1.053404e+04 1.050201e+04
13.4 1.052347e+04 1.055012e+04 1.053408e+04 1.050744e+04
14.4 1.047464e+04 1.055022e+04 1.053411e+04 1.045853e+04
15.4 1.051713e+04 1.055031e+04 1.053411e+04 1.050094e+04
16.4 1.048376e+04 1.055040e+04 1.053412e+04 1.046748e+04
17.4 1.058175e+04 1.055059e+04 1.053422e+04 1.056539e+04
18.4 1.055760e+04 1.055357e+04 1.053711e+04 1.054114e+04
19.4 1.054598e+04 1.055991e+04 1.054336e+04 1.052943e+04
20.4 1.048118e+04 1.056524e+04 1.054859e+04 1.046452e+04
21.4 1.050125e+04 1.056801e+04 1.055125e+04 1.048449e+04
22.4 1.057139e+04 1.056886e+04 1.055199e+04 1.055451e+04
23.4 1.057842e+04 1.056866e+04 1.055179e+04 1.056154e+04
24.4 1.059934e+04 1.056667e+04 1.055124e+04 1.058391e+04
25.4 1.056117e+04 1.056342e+04 1.055067e+04 1.054842e+04
26.4 1.058035e+04 1.056092e+04 1.055022e+04 1.056965e+04
27.4 1.049613e+04 1.055980e+04 1.054994e+04 1.048627e+04
28.4 1.051738e+04 1.055953e+04 1.054978e+04 1.050763e+04
29.4 1.056010e+04 1.055972e+04 1.054969e+04 1.055007e+04
30.4 1.054352e+04 1.056007e+04 1.054964e+04 1.053310e+04
31.4 1.064501e+04 1.056044e+04 1.054961e+04 1.063417e+04
32.4 1.061378e+04 1.056075e+04 1.054958e+04 1.060261e+04
33.4 1.061780e+04 1.056101e+04 1.054955e+04 1.060634e+04
