0.4 8.945265e+03 8.952559e+03 9.011297e+03 9.004003e+03
1.4 8.945360e+03 8.958983e+03 9.017655e+03 9.004032e+03
2.4 8.998567e+03 8.988950e+03 9.044863e+03 9.054479e+03
3.4 9.020422e+03 9.023626e+03 9.076205e+03 9.073002e+03
4.4 9.028475e+03 9.044383e+03 9.094337e+03 9.078429e+03
5.4 9.043681e+03 9.053059e+03 9.101267e+03 9.091890e+03
6.4 9.068363e+03 9.054424e+03 9.101701e+03 9.115640e+03
7.4 9.012816e+03 9.052594e+03 9.099429e+03 9.059651e+03
8.4 9.046802e+03 9.049806e+03 9.096464e+03 9.093460e+03
9.4 9.045985e+03 9.047436e+03 9.094051e+03 9.092600e+03
10.4 9.059908e+03 9.045786e+03 9.092414e+03 9.106537e+03
11.4 9.069905e+03 9.044865e+03 9.091531e+03 9.116571e+03
12.4 9.034415e+03 9.044401e+03 9.091115e+03 9.081129e+03
13.4 9.050826e+03 9.044189e+03 9.090957e+03 9.097594e+03
14.4 9.056597e+03 9.044109e+03 9.090933e+03 9.103420e+03
15.4 9.058296e+03 9.044085e+03 9.090967e+03 9.105178e+03
16.4 8.998572e+03 9.044085e+03 9.091028e+03 9.045514e+03
17.4 9.043187e+03 9.043479e+03 9.090485e+03 9.090193e+03
18.4 9.029783e+03 9.028287e+03 9.075357e+03 9.076853e+03
19.4 9.028376e+03 8.996477e+03 9.043614e+03 9.075513e+03
20.4 8.944237e+03 8.969802e+03 9.017008e+03 8.991443e+03
21.4 8.915657e+03 8.957087e+03 9.004363e+03 8.962934e+03
22.4 8.964844e+03 8.953500e+03 9.000849e+03 9.012192e+03
23.4 8.917186e+03 8.954580e+03 9.002001e+03 8.964607e+03
24.4 8.921208e+03 8.960088e+03 9.004861e+03 8.965980e+03
25.4 8.976116e+03 8.987334e+03 9.007847e+03 8.996629e+03
26.4 9.020569e+03 9.024799e+03 9.010076e+03 9.005845e+03
27.4 9.032321e+03 9.050555e+03 9.011516e+03 8.993283e+03
28.4 9.076506e+03 9.062108e+03 9.012367e+03 9.026766e+03
29.4 9.047194e+03 9.064509e+03 9.012832e+03 8.995517e+03
30.4 9.043024e+03 9.062714e+03 9.013112e+03 8.993422e+03
31.4 9.012618e+03 9.059647e+03 9.013303e+03 8.966274e+03
32.4 9.059201e+03 9.056815e+03 9.013461e+03 9.015848e+03
33.4 9.030132e+03 9.054767e+03 9.013608e+03 8.988973e+03
