0.2 1.103862e+04 1.106634e+04 1.109804e+04 1.107031e+04
1.2 1.102883e+04 1.106324e+04 1.109415e+04 1.105974e+04
2.2 1.069985e+04 1.102818e+04 1.105825e+04 1.072992e+04
3.2 1.114891e+04 1.097667e+04 1.100609e+04 1.117834e+04
4.2 1.103150e+04 1.094111e+04 1.097009e+04 1.106048e+04
5.2 1.097568e+04 1.092557e+04 1.095424e+04 1.100435e+04
6.2 1.124673e+04 1.092291e+04 1.095136e+04 1.127518e+04
7.2 1.116644e+04 1.092614e+04 1.095441e+04 1.119471e+04
8.2 1.121056e+04 1.093111e+04 1.095920e+04 1.123865e+04
9.2 1.092317e+04 1.093568e+04 1.096358e+04 1.095108e+04
10.2 1.105679e+04 1.093907e+04 1.096678e+04 1.108450e+04
11.2 1.073119e+04 1.094115e+04 1.096866e+04 1.075869e+04
12.2 1.083714e+04 1.094239e+04 1.096968e+04 1.086443e+04
13.2 1.097111e+04 1.094312e+04 1.097016e+04 1.099816e+04
14.2 1.081957e+04 1.094360e+04 1.097039e+04 1.084636e+04
15.2 1.090465e+04 1.094398e+04 1.097050e+04 1.093117e+04
16.2 1.091834e+04 1.094433e+04 1.097056e+04 1.094457e+04
17.2 1.096284e+04 1.094480e+04 1.097073e+04 1.098877e+04
18.2 1.101713e+04 1.095917e+04 1.098479e+04 1.104274e+04
19.2 1.096565e+04 1.100677e+04 1.103205e+04 1.099093e+04
20.2 1.130167e+04 1.105620e+04 1.108114e+04 1.132661e+04
21.2 1.075792e+04 1.108334e+04 1.110791e+04 1.078249e+04
22.2 1.100230e+04 1.109327e+04 1.111743e+04 1.102645e+04
23.2 1.132545e+04 1.110809e+04 1.111730e+04 1.133466e+04
24.2 1.120338e+04 1.116660e+04 1.111329e+04 1.115006e+04
25.2 1.122149e+04 1.123371e+04 1.110844e+04 1.109621e+04
26.2 1.129087e+04 1.127167e+04 1.110459e+04 1.112379e+04
27.2 1.147369e+04 1.128532e+04 1.110201e+04 1.129037e+04
28.2 1.107767e+04 1.128530e+04 1.110058e+04 1.089295e+04
29.2 1.129206e+04 1.127979e+04 1.109985e+04 1.111212e+04
30.2 1.119433e+04 1.127307e+04 1.109949e+04 1.102075e+04
31.2 1.127173e+04 1.126779e+04 1.109932e+04 1.110325e+04
32.2 1.134130e+04 1.126435e+04 1.109922e+04 1.117616e+04
33.2 1.120967e+04 1.126265e+04 1.109914e+04 1.104615e+04
0.6 1.094503e+04 1.109784e+04 1.109455e+04 1.094174e+04
1.6 1.097048e+04 1.108883e+04 1.108027e+04 1.096193e+04
2.6 1.118291e+04 1.104186e+04 1.103281e+04 1.117387e+04
3.6 1.089151e+04 1.099208e+04 1.098447e+04 1.088389e+04
4.6 1.066488e+04 1.096229e+04 1.095652e+04 1.065911e+04
5.6 1.086160e+04 1.095127e+04 1.094685e+04 1.085718e+04
6.6 1.077320e+04 1.095034e+04 1.094665e+04 1.076952e+04
7.6 1.104174e+04 1.095394e+04 1.095042e+04 1.103822e+04
8.6 1.092984e+04 1.095860e+04 1.095490e+04 1.092614e+04
9.6 1.080683e+04 1.096264e+04 1.095858e+04 1.080277e+04
10.6 1.082062e+04 1.096535e+04 1.096084e+04 1.081611e+04
11.6 1.099430e+04 1.096701e+04 1.096202e+04 1.098931e+04
12.6 1.086764e+04 1.096793e+04 1.096245e+04 1.086215e+04
13.6 1.097752e+04 1.096847e+04 1.096250e+04 1.097155e+04
14.6 1.079430e+04 1.096881e+04 1.096236e+04 1.078785e+04
15.6 1.077503e+04 1.096906e+04 1.096213e+04 1.076811e+04
16.6 1.113758e+04 1.096927e+04 1.096187e+04 1.113018e+04
17.6 1.105095e+04 1.097138e+04 1.096352e+04 1.104309e+04
18.6 1.116359e+04 1.099987e+04 1.099156e+04 1.115528e+04
19.6 1.094950e+04 1.105362e+04 1.104486e+04 1.094074e+04
20.6 1.092012e+04 1.109373e+04 1.108453e+04 1.091092e+04
21.6 1.125575e+04 1.111296e+04 1.110332e+04 1.124612e+04
22.6 1.099454e+04 1.111685e+04 1.110762e+04 1.098531e+04
23.6 1.127558e+04 1.109734e+04 1.110514e+04 1.128338e+04
24.6 1.114371e+04 1.105509e+04 1.110014e+04 1.118877e+04
25.6 1.104039e+04 1.102080e+04 1.109536e+04 1.111495e+04
26.6 1.104047e+04 1.100260e+04 1.109168e+04 1.112955e+04
27.6 1.116771e+04 1.099668e+04 1.108936e+04 1.126040e+04
28.6 1.100016e+04 1.099689e+04 1.108797e+04 1.109124e+04
29.6 1.126106e+04 1.099968e+04 1.108713e+04 1.134852e+04
30.6 1.100898e+04 1.100272e+04 1.108659e+04 1.109285e+04
31.6 1.121383e+04 1.100514e+04 1.108617e+04 1.129486e+04
32.6 1.111280e+04 1.100661e+04 1.108580e+04 1.119199e+04
33.6 1.082280e+04 1.100740e+04 1.108545e+04 1.090085e+04
