9.829301e+03 9.953298e+03 9.863514e+03 9.919085e+03
9.915898e+03 9.952536e+03 9.863039e+03 1.000540e+04
9.961561e+03 9.951801e+03 9.862624e+03 1.005074e+04
9.984002e+03 9.951092e+03 9.877511e+03 1.005758e+04
1.015488e+04 9.950410e+03 9.942508e+03 1.016278e+04
1.011484e+04 9.949753e+03 1.001740e+04 1.004719e+04
1.009160e+04 9.949121e+03 1.006050e+04 9.980222e+03
1.003557e+04 9.948514e+03 1.007664e+04 9.907444e+03
1.002611e+04 9.947930e+03 1.007716e+04 9.896884e+03
1.008611e+04 9.947369e+03 1.007116e+04 9.962310e+03
9.981699e+03 9.946831e+03 1.006353e+04 9.865003e+03
1.011949e+04 9.946315e+03 1.005725e+04 1.000856e+04
1.002667e+04 9.945821e+03 1.005286e+04 9.919631e+03
1.004265e+04 9.945348e+03 1.005029e+04 9.937705e+03
1.010000e+04 9.944895e+03 1.004884e+04 9.996052e+03
9.958345e+03 9.944462e+03 1.004800e+04 9.854804e+03
1.005484e+04 9.944049e+03 1.004748e+04 9.951411e+03
9.973048e+03 9.943655e+03 1.004709e+04 9.869611e+03
9.967920e+03 9.943280e+03 1.004676e+04 9.864439e+03
1.005433e+04 9.942922e+03 1.004497e+04 9.952281e+03
9.997642e+03 9.942583e+03 1.000811e+04 9.932115e+03
9.987433e+03 9.942260e+03 9.931289e+03 9.998404e+03
9.870903e+03 9.941954e+03 9.866817e+03 9.946041e+03
9.759022e+03 9.941665e+03 9.835914e+03 9.864774e+03
9.796472e+03 9.941392e+03 9.826963e+03 9.910901e+03
9.699042e+03 9.941134e+03 9.829232e+03 9.810944e+03
9.668708e+03 9.947491e+03 9.842200e+03 9.773999e+03
9.869077e+03 1.000622e+04 9.907816e+03 9.967482e+03
1.001225e+04 1.009156e+04 9.998193e+03 1.010561e+04
1.004967e+04 1.015046e+04 1.006021e+04 1.013992e+04
1.006333e+04 1.017639e+04 1.008784e+04 1.015188e+04
1.008736e+04 1.018111e+04 1.009330e+04 1.017517e+04
1.015811e+04 1.017612e+04 1.008860e+04 1.024562e+04
1.016235e+04 1.016828e+04 1.008084e+04 1.024978e+04
1.013373e+04 1.016110e+04 1.007367e+04 1.022117e+04
1.012106e+04 1.015587e+04 1.006840e+04 1.020853e+04
1.014843e+04 1.015280e+04 1.006530e+04 1.023593e+04
9.986056e+03 1.015113e+04 1.006358e+04 1.007361e+04
1.002500e+04 1.015034e+04 1.006274e+04 1.011260e+04
9.959966e+03 1.014997e+04 1.006231e+04 1.004762e+04
1.003648e+04 1.014978e+04 1.006207e+04 1.012420e+04
1.007300e+04 1.014969e+04 1.006190e+04 1.016078e+04
1.012761e+04 1.014941e+04 1.006156e+04 1.021546e+04
9.973672e+03 1.012641e+04 1.003849e+04 1.006159e+04
9.901810e+03 1.004909e+04 9.961094e+03 9.989806e+03
9.813663e+03 9.968781e+03 9.880707e+03 9.901737e+03
9.805396e+03 9.924978e+03 9.836824e+03 9.893551e+03
9.860136e+03 9.909405e+03 9.821213e+03 9.948328e+03
9.807166e+03 9.909616e+03 9.835426e+03 9.881356e+03
9.962947e+03 9.916182e+03 9.902010e+03 9.977119e+03
9.965817e+03 9.924117e+03 9.979073e+03 9.910862e+03
9.906995e+03 9.930406e+03 1.002530e+04 9.812099e+03
9.977740e+03 9.934639e+03 1.004473e+04 9.867654e+03
9.938198e+03 9.936973e+03 1.004789e+04 9.827280e+03
9.966620e+03 9.938167e+03 1.004393e+04 9.860860e+03
1.006080e+04 9.938754e+03 1.003781e+04 9.961744e+03
1.006637e+04 9.939037e+03 1.003260e+04 9.972812e+03
1.009076e+04 9.939204e+03 1.002897e+04 1.000100e+04
1.002987e+04 9.939328e+03 1.002694e+04 9.942259e+03
1.008579e+04 9.939441e+03 1.002592e+04 9.999306e+03
1.010147e+04 9.939555e+03 1.002546e+04 1.001557e+04
1.013297e+04 9.939675e+03 1.002528e+04 1.004736e+04
1.001176e+04 9.939803e+03 1.002523e+04 9.926328e+03
9.924838e+03 9.939938e+03 1.002524e+04 9.839540e+03
1.002637e+04 9.940080e+03 1.002390e+04 9.942552e+03
9.976485e+03 9.940230e+03 9.990356e+03 9.926359e+03
1.004368e+04 9.940387e+03 9.920123e+03 1.006395e+04
9.994952e+03 9.940551e+03 9.861225e+03 1.007428e+04
9.799133e+03 9.940723e+03 9.833150e+03 9.906706e+03
9.878177e+03 9.940902e+03 9.825230e+03 9.993849e+03
9.742042e+03 9.941089e+03 9.827611e+03 9.855519e+03
9.719978e+03 9.941282e+03 9.841089e+03 9.820171e+03
9.930354e+03 9.941483e+03 9.913021e+03 9.958817e+03
1.003839e+04 9.941691e+03 1.001283e+04 9.967253e+03
1.002192e+04 9.941906e+03 1.008150e+04 9.882331e+03
1.002922e+04 9.942129e+03 1.011222e+04 9.859126e+03
1.007762e+04 9.942358e+03 1.011849e+04 9.901490e+03
1.000799e+04 9.942595e+03 1.011355e+04 9.837032e+03
1.011544e+04 9.942839e+03 1.010524e+04 9.953038e+03
1.011146e+04 9.943091e+03 1.009757e+04 9.956983e+03
1.008075e+04 9.943349e+03 1.009202e+04 9.932077e+03
1.012186e+04 9.943615e+03 1.008886e+04 9.976614e+03
1.015019e+04 9.943888e+03 1.008724e+04 1.000684e+04
1.014006e+04 9.944168e+03 1.008658e+04 9.997646e+03
1.005353e+04 9.944456e+03 1.008638e+04 9.911601e+03
1.008029e+04 9.944751e+03 1.008638e+04 9.938656e+03
1.010470e+04 9.945053e+03 1.008647e+04 9.963281e+03
1.003808e+04 9.945362e+03 1.008635e+04 9.897092e+03
1.004253e+04 9.945679e+03 1.006098e+04 9.927226e+03
9.871571e+03 9.946002e+03 9.975231e+03 9.842342e+03
1.003113e+04 9.946333e+03 9.886158e+03 1.009131e+04
9.937549e+03 9.946842e+03 9.837810e+03 1.004658e+04
1.005086e+04 9.970193e+03 9.843657e+03 1.017739e+04
9.984739e+03 1.004784e+04 9.921327e+03 1.011126e+04
9.986360e+03 1.012694e+04 1.000748e+04 1.010581e+04
9.899739e+03 1.017266e+04 1.006178e+04 1.001062e+04
9.990082e+03 1.018847e+04 1.008431e+04 1.009424e+04
1.010888e+04 1.018880e+04 1.008906e+04 1.020862e+04
1.017099e+04 1.018264e+04 1.008520e+04 1.026843e+04
9.998259e+03 1.017532e+04 1.007889e+04 1.009468e+04
1.013123e+04 1.016929e+04 1.007319e+04 1.022733e+04
1.005178e+04 1.016559e+04 1.006946e+04 1.014791e+04
1.008669e+04 1.016366e+04 1.006735e+04 1.018299e+04
1.007929e+04 1.016295e+04 1.006641e+04 1.017584e+04
1.015976e+04 1.016288e+04 1.006607e+04 1.025657e+04
1.009715e+04 1.016311e+04 1.006602e+04 1.019424e+04
1.008460e+04 1.016348e+04 1.006610e+04 1.018198e+04
1.000962e+04 1.016390e+04 1.006622e+04 1.010730e+04
1.000789e+04 1.016121e+04 1.006322e+04 1.010588e+04
1.006451e+04 1.011534e+04 1.001703e+04 1.016282e+04
9.919855e+03 1.002814e+04 9.929506e+03 1.001849e+04
9.804343e+03 9.963231e+03 9.864263e+03 9.903311e+03
9.777684e+03 9.932485e+03 9.833173e+03 9.876995e+03
9.798370e+03 9.925461e+03 9.826883e+03 9.896948e+03
9.916752e+03 9.929512e+03 9.853716e+03 9.992548e+03
9.964343e+03 9.937691e+03 9.911482e+03 9.990552e+03
1.001736e+04 9.945511e+03 9.958577e+03 1.000429e+04
1.006037e+04 9.951532e+03 9.983990e+03 1.002792e+04
1.001556e+04 9.955329e+03 9.992671e+03 9.978217e+03
1.000907e+04 9.957601e+03 9.992902e+03 9.973768e+03
1.001084e+04 9.958977e+03 9.989532e+03 9.980288e+03
1.006090e+04 9.959867e+03 9.985704e+03 1.003506e+04
1.005679e+04 9.960553e+03 9.982649e+03 1.003470e+04
9.985101e+03 9.961155e+03 9.980804e+03 9.965452e+03
1.000616e+04 9.961730e+03 9.979838e+03 9.988048e+03
9.994469e+03 9.962297e+03 9.979406e+03 9.977360e+03
9.909371e+03 9.962865e+03 9.979268e+03 9.892969e+03
9.841102e+03 9.963438e+03 9.979254e+03 9.825286e+03
9.909851e+03 9.964015e+03 9.979290e+03 9.894575e+03
9.910464e+03 9.964597e+03 9.979339e+03 9.895722e+03
9.831210e+03 9.965183e+03 9.973028e+03 9.823365e+03
1.001715e+04 9.965774e+03 9.935536e+03 1.004738e+04
9.950442e+03 9.966369e+03 9.885992e+03 1.003082e+04
9.860880e+03 9.966967e+03 9.855138e+03 9.972709e+03
9.768617e+03 9.967570e+03 9.842602e+03 9.893585e+03
9.870183e+03 9.968176e+03 9.852690e+03 9.985668e+03
9.955056e+03 9.968785e+03 9.909141e+03 1.001470e+04
1.002744e+04 9.969398e+03 9.976462e+03 1.002038e+04
1.004742e+04 9.970013e+03 1.001709e+04 1.000034e+04
1.008176e+04 9.970632e+03 1.003384e+04 1.001855e+04
1.013057e+04 9.971252e+03 1.003662e+04 1.006521e+04
1.003677e+04 9.971875e+03 1.003289e+04 9.975750e+03
1.000105e+04 9.972501e+03 1.002727e+04 9.946283e+03
1.019817e+04 9.973128e+03 1.002246e+04 1.014883e+04
1.014273e+04 9.973757e+03 1.001915e+04 1.009734e+04
9.951906e+03 9.974387e+03 1.001716e+04 9.909136e+03
9.909300e+03 9.975019e+03 1.001613e+04 9.868186e+03
9.860846e+03 9.975651e+03 1.001560e+04 9.820895e+03
9.914262e+03 9.976285e+03 1.001532e+04 9.875226e+03
9.919052e+03 9.976920e+03 1.001514e+04 9.880835e+03
9.908155e+03 9.977556e+03 1.001499e+04 9.870726e+03
1.004742e+04 9.978194e+03 1.001378e+04 1.001183e+04
1.007319e+04 9.978831e+03 9.984547e+03 1.006747e+04
9.955633e+03 9.979470e+03 9.921353e+03 1.001375e+04
9.933982e+03 9.980108e+03 9.868416e+03 1.004567e+04
9.840076e+03 9.980746e+03 9.841327e+03 9.979495e+03
9.851196e+03 9.981383e+03 9.833604e+03 9.998976e+03
9.940893e+03 9.982020e+03 9.838522e+03 1.008439e+04
9.976693e+03 9.982656e+03 9.887025e+03 1.007232e+04
9.972163e+03 9.983290e+03 9.969952e+03 9.985501e+03
9.963296e+03 9.983923e+03 1.003426e+04 9.912958e+03
9.971069e+03 9.984554e+03 1.006385e+04 9.891770e+03
1.007871e+04 9.985183e+03 1.007185e+04 9.992043e+03
1.013122e+04 9.985809e+03 1.006887e+04 1.004816e+04
1.005267e+04 9.986433e+03 1.006206e+04 9.977039e+03
1.010512e+04 9.987054e+03 1.005511e+04 1.003707e+04
1.013737e+04 9.987672e+03 1.004998e+04 1.007506e+04
1.011551e+04 9.988286e+03 1.004663e+04 1.005716e+04
9.974343e+03 9.988897e+03 1.004473e+04 9.918513e+03
1.001296e+04 9.989504e+03 1.004362e+04 9.958846e+03
9.972839e+03 9.990107e+03 1.004293e+04 9.920018e+03
9.982327e+03 9.990705e+03 1.004243e+04 9.930603e+03
1.003193e+04 9.991299e+03 1.004200e+04 9.981229e+03
1.007580e+04 9.991888e+03 1.004157e+04 1.002612e+04
1.002308e+04 9.992472e+03 1.002774e+04 9.987808e+03
1.010928e+04 9.993049e+03 9.961907e+03 1.014042e+04
9.929343e+03 9.993609e+03 9.887135e+03 1.003582e+04
9.702327e+03 9.994144e+03 9.840706e+03 9.855765e+03
9.693704e+03 9.994658e+03 9.823198e+03 9.865164e+03
9.771602e+03 9.995157e+03 9.821146e+03 9.945612e+03
9.756545e+03 9.995644e+03 9.826788e+03 9.925401e+03
9.824302e+03 9.996124e+03 9.866330e+03 9.954096e+03
1.000349e+04 9.996596e+03 9.964452e+03 1.003564e+04
1.001042e+04 9.997059e+03 1.005066e+04 9.956824e+03
1.009573e+04 9.997515e+03 1.009629e+04 9.996951e+03
1.013107e+04 9.997961e+03 1.011127e+04 1.001776e+04
1.015101e+04 9.998397e+03 1.010964e+04 1.003977e+04
1.014811e+04 9.998823e+03 1.010132e+04 1.004561e+04
1.010235e+04 9.999238e+03 1.009228e+04 1.000930e+04
1.009503e+04 9.999643e+03 1.008500e+04 1.000968e+04
1.003566e+04 1.000004e+04 1.007997e+04 9.955720e+03
1.006022e+04 1.000042e+04 1.007695e+04 9.983688e+03
9.995626e+03 1.000080e+04 1.007510e+04 9.921322e+03
1.009731e+04 1.000121e+04 1.007394e+04 1.002457e+04
1.007899e+04 1.000164e+04 1.007311e+04 1.000753e+04
1.013880e+04 1.000209e+04 1.007241e+04 1.006849e+04
1.011551e+04 1.000255e+04 1.007176e+04 1.004630e+04
1.011234e+04 1.000299e+04 1.006444e+04 1.005089e+04
1.006436e+04 1.000343e+04 1.000219e+04 1.006560e+04
9.982785e+03 1.000385e+04 9.906102e+03 1.008053e+04
9.757544e+03 1.000426e+04 9.836466e+03 9.925336e+03
9.689043e+03 1.000466e+04 9.806228e+03 9.887472e+03
