0.5 9.214975e+03 9.250575e+03 9.257440e+03 9.221841e+03
1.5 9.132398e+03 9.268277e+03 9.248040e+03 9.112161e+03
2.5 9.183848e+03 9.227727e+03 9.212188e+03 9.168309e+03
3.5 9.098849e+03 9.220758e+03 9.175544e+03 9.053635e+03
4.5 8.961518e+03 9.150976e+03 9.154526e+03 8.965068e+03
5.5 9.061049e+03 9.153971e+03 9.146840e+03 9.053918e+03
6.5 9.118793e+03 9.159449e+03 9.146714e+03 9.106058e+03
7.5 9.178875e+03 9.209036e+03 9.149761e+03 9.119600e+03
8.5 9.149198e+03 9.238234e+03 9.153341e+03 9.064305e+03
9.5 9.141438e+03 9.265194e+03 9.156276e+03 9.032521e+03
10.5 9.179801e+03 9.232613e+03 9.158254e+03 9.105443e+03
11.5 9.064725e+03 9.120564e+03 9.159330e+03 9.103491e+03
12.5 9.144738e+03 9.140935e+03 9.159865e+03 9.163668e+03
13.5 9.119936e+03 9.080756e+03 9.160083e+03 9.199263e+03
14.5 8.970615e+03 9.000913e+03 9.160156e+03 9.129859e+03
15.5 9.167119e+03 9.091438e+03 9.160165e+03 9.235847e+03
16.5 9.155379e+03 9.155839e+03 9.160145e+03 9.159685e+03
17.5 9.305006e+03 9.161270e+03 9.161401e+03 9.305138e+03
18.5 9.090664e+03 9.166593e+03 9.182065e+03 9.106135e+03
19.5 9.281281e+03 9.206605e+03 9.221503e+03 9.296179e+03
20.5 9.147107e+03 9.236301e+03 9.253043e+03 9.163849e+03
21.5 9.086601e+03 9.178324e+03 9.267582e+03 9.175859e+03
22.5 9.244910e+03 9.233072e+03 9.271390e+03 9.283229e+03
23.5 9.549296e+03 9.330355e+03 9.269775e+03 9.488716e+03
24.5 9.575365e+03 9.211022e+03 9.266279e+03 9.630622e+03
25.5 9.465753e+03 9.294886e+03 9.262736e+03 9.433602e+03
26.5 9.330392e+03 9.338794e+03 9.260156e+03 9.251754e+03
27.5 9.589376e+03 9.386602e+03 9.258509e+03 9.461283e+03
28.5 9.525682e+03 9.398310e+03 9.257626e+03 9.384998e+03
29.5 9.399744e+03 9.482374e+03 9.257172e+03 9.174542e+03
30.5 9.372699e+03 9.451772e+03 9.256936e+03 9.177863e+03
31.5 9.453359e+03 9.478495e+03 9.256805e+03 9.231668e+03
32.5 9.344587e+03 9.414475e+03 9.256714e+03 9.186826e+03
33.5 9.495659e+03 9.443519e+03 9.256639e+03 9.308779e+03
0.4 9.395758e+03 9.230706e+03 9.261273e+03 9.426326e+03
1.4 9.348204e+03 9.225162e+03 9.254608e+03 9.377649e+03
2.4 9.192602e+03 9.209899e+03 9.222390e+03 9.205092e+03
3.4 9.171796e+03 9.119722e+03 9.183580e+03 9.235654e+03
4.4 9.261933e+03 9.141422e+03 9.160657e+03 9.281168e+03
5.4 8.971178e+03 9.202761e+03 9.151782e+03 8.920199e+03
6.4 9.209712e+03 9.181079e+03 9.151185e+03 9.179818e+03
7.4 9.323506e+03 9.235533e+03 9.154088e+03 9.242062e+03
8.4 9.313800e+03 9.209076e+03 9.157944e+03 9.262668e+03
9.4 9.327630e+03 9.281716e+03 9.161169e+03 9.207083e+03
10.4 9.232073e+03 9.146717e+03 9.163451e+03 9.248808e+03
11.4 9.170951e+03 9.192438e+03 9.164797e+03 9.143310e+03
12.4 9.132784e+03 9.145384e+03 9.165558e+03 9.152959e+03
13.4 9.372039e+03 9.223736e+03 9.165996e+03 9.314299e+03
14.4 9.175742e+03 9.141758e+03 9.166266e+03 9.200250e+03
15.4 9.199538e+03 9.120763e+03 9.166463e+03 9.245238e+03
16.4 9.247947e+03 9.151733e+03 9.166628e+03 9.262842e+03
17.4 9.253571e+03 9.122956e+03 9.167340e+03 9.297956e+03
18.4 9.303516e+03 9.178303e+03 9.184737e+03 9.309951e+03
19.4 9.036215e+03 9.194465e+03 9.223626e+03 9.065376e+03
20.4 8.989917e+03 9.233469e+03 9.257342e+03 9.013791e+03
21.4 9.361614e+03 9.285665e+03 9.273847e+03 9.349796e+03
22.4 9.396034e+03 9.277154e+03 9.278815e+03 9.397695e+03
23.4 9.318180e+03 9.272617e+03 9.277822e+03 9.323385e+03
24.4 9.349638e+03 9.236964e+03 9.274588e+03 9.387261e+03
25.4 9.217285e+03 9.291198e+03 9.271123e+03 9.197209e+03
26.4 9.340360e+03 9.338016e+03 9.268561e+03 9.270905e+03
27.4 9.475551e+03 9.362535e+03 9.266969e+03 9.379986e+03
28.4 9.404138e+03 9.375686e+03 9.266111e+03 9.294563e+03
29.4 9.494897e+03 9.357943e+03 9.265736e+03 9.402690e+03
30.4 9.303760e+03 9.358551e+03 9.265590e+03 9.210800e+03
31.4 9.489192e+03 9.346520e+03 9.265552e+03 9.408224e+03
32.4 9.533882e+03 9.335239e+03 9.265549e+03 9.464192e+03
33.4 9.380112e+03 9.352884e+03 9.265553e+03 9.292781e+03
