0.7 9.822503e+03 9.479210e+03 9.393977e+03 9.737269e+03
1.7 9.856541e+03 9.483574e+03 9.399894e+03 9.772861e+03
2.7 9.441695e+03 9.398174e+03 9.415508e+03 9.459029e+03
3.7 9.394591e+03 9.446353e+03 9.430001e+03 9.378239e+03
4.7 9.368739e+03 9.465746e+03 9.437360e+03 9.340352e+03
5.7 9.313053e+03 9.453021e+03 9.439690e+03 9.299722e+03
6.7 9.809737e+03 9.454822e+03 9.439325e+03 9.794239e+03
7.7 9.516551e+03 9.450915e+03 9.437930e+03 9.503566e+03
8.7 9.549205e+03 9.450538e+03 9.436380e+03 9.535046e+03
9.7 9.483642e+03 9.449529e+03 9.435187e+03 9.469300e+03
10.7 9.505278e+03 9.457112e+03 9.434391e+03 9.482556e+03
11.7 9.588849e+03 9.424319e+03 9.433942e+03 9.598472e+03
12.7 9.319658e+03 9.447587e+03 9.433697e+03 9.305768e+03
13.7 9.433697e+03 9.440792e+03 9.433559e+03 9.426464e+03
14.7 9.266233e+03 9.455590e+03 9.433475e+03 9.244118e+03
15.7 9.420972e+03 9.446146e+03 9.433413e+03 9.408239e+03
16.7 9.334388e+03 9.469102e+03 9.433360e+03 9.298646e+03
17.7 9.356079e+03 9.473496e+03 9.432160e+03 9.314743e+03
18.7 9.324914e+03 9.430956e+03 9.421094e+03 9.315053e+03
19.7 9.185898e+03 9.402384e+03 9.404619e+03 9.188133e+03
20.7 9.286312e+03 9.368753e+03 9.392872e+03 9.310431e+03
21.7 9.146127e+03 9.350415e+03 9.387880e+03 9.183592e+03
22.7 9.276480e+03 9.450852e+03 9.386830e+03 9.212458e+03
23.7 9.409998e+03 9.370756e+03 9.387681e+03 9.426923e+03
24.7 9.337032e+03 9.370657e+03 9.389107e+03 9.355481e+03
25.7 9.342215e+03 9.392263e+03 9.390449e+03 9.340401e+03
26.7 9.254294e+03 9.404148e+03 9.391365e+03 9.241510e+03
27.7 9.263648e+03 9.402742e+03 9.391895e+03 9.252801e+03
28.7 9.281989e+03 9.406478e+03 9.392155e+03 9.267666e+03
29.7 9.383613e+03 9.407109e+03 9.392247e+03 9.368751e+03
30.7 9.385444e+03 9.407124e+03 9.392261e+03 9.370580e+03
31.7 9.468814e+03 9.409013e+03 9.392236e+03 9.452038e+03
32.7 9.399073e+03 9.409378e+03 9.392198e+03 9.381892e+03
33.7 9.486801e+03 9.408422e+03 9.392153e+03 9.470532e+03
1.0 9.592106e+03 9.449879e+03 9.385583e+03 9.527809e+03
2.0 9.487381e+03 9.486078e+03 9.394850e+03 9.396153e+03
3.0 9.484473e+03 9.501111e+03 9.411015e+03 9.394376e+03
4.0 9.501634e+03 9.501405e+03 9.423081e+03 9.423310e+03
5.0 9.567734e+03 9.501528e+03 9.428616e+03 9.494822e+03
6.0 9.530036e+03 9.490140e+03 9.429665e+03 9.469561e+03
7.0 9.528428e+03 9.490578e+03 9.428597e+03 9.466447e+03
8.0 9.525439e+03 9.484752e+03 9.426819e+03 9.467506e+03
9.0 9.644975e+03 9.478928e+03 9.425084e+03 9.591132e+03
10.0 9.541905e+03 9.490303e+03 9.423691e+03 9.475293e+03
11.0 9.660232e+03 9.484423e+03 9.422716e+03 9.598525e+03
12.0 9.270948e+03 9.455396e+03 9.422016e+03 9.237568e+03
13.0 9.424949e+03 9.459718e+03 9.421489e+03 9.386720e+03
14.0 9.422933e+03 9.456579e+03 9.421040e+03 9.387394e+03
15.0 9.434600e+03 9.478371e+03 9.420622e+03 9.376850e+03
16.0 9.338660e+03 9.463490e+03 9.420211e+03 9.295381e+03
17.0 9.416012e+03 9.467738e+03 9.419790e+03 9.368063e+03
18.0 9.426359e+03 9.448224e+03 9.416327e+03 9.394461e+03
19.0 9.479895e+03 9.514896e+03 9.402238e+03 9.367236e+03
20.0 9.552637e+03 9.430333e+03 9.385722e+03 9.508027e+03
