1.0 9.310880e+03 9.268295e+03 9.307888e+03 9.350473e+03
2.0 9.242919e+03 9.347995e+03 9.421074e+03 9.315998e+03
3.0 9.425412e+03 9.413465e+03 9.510851e+03 9.522798e+03
4.0 9.476074e+03 9.395390e+03 9.454487e+03 9.535171e+03
5.0 9.490849e+03 9.424709e+03 9.369402e+03 9.435542e+03
6.0 9.507455e+03 9.365555e+03 9.314443e+03 9.456343e+03
7.0 9.346866e+03 9.267437e+03 9.287061e+03 9.366490e+03
8.0 9.231285e+03 9.205032e+03 9.277731e+03 9.303983e+03
9.0 9.191499e+03 9.207522e+03 9.308160e+03 9.292137e+03
10.0 9.346016e+03 9.335645e+03 9.447043e+03 9.457413e+03
11.0 9.570569e+03 9.374528e+03 9.487297e+03 9.683338e+03
12.0 9.246944e+03 9.308620e+03 9.413323e+03 9.351648e+03
13.0 9.132424e+03 9.294263e+03 9.340991e+03 9.179152e+03
14.0 9.162678e+03 9.282508e+03 9.298737e+03 9.178907e+03
15.0 8.962908e+03 9.237592e+03 9.280453e+03 9.005769e+03
16.0 8.829451e+03 9.204633e+03 9.279618e+03 8.904436e+03
17.0 8.968264e+03 9.280026e+03 9.374918e+03 9.063156e+03
18.0 9.222689e+03 9.362623e+03 9.466747e+03 9.326813e+03
0.3 9.231285e+03 9.205032e+03 9.277731e+03 9.303983e+03
1.3 9.191499e+03 9.207522e+03 9.308160e+03 9.292137e+03
2.3 9.346016e+03 9.335645e+03 9.447043e+03 9.457413e+03
3.3 9.570569e+03 9.374528e+03 9.487297e+03 9.683338e+03
4.3 9.246944e+03 9.308620e+03 9.413323e+03 9.351648e+03
5.3 9.132424e+03 9.294263e+03 9.340991e+03 9.179152e+03
6.3 9.162678e+03 9.282508e+03 9.298737e+03 9.178907e+03
7.3 8.962908e+03 9.237592e+03 9.280453e+03 9.005769e+03
8.3 8.829451e+03 9.204633e+03 9.279618e+03 8.904436e+03
9.3 8.968264e+03 9.280026e+03 9.374918e+03 9.063156e+03
10.3 9.222689e+03 9.362623e+03 9.466747e+03 9.326813e+03
11.3 9.252841e+03 9.354699e+03 9.427619e+03 9.325761e+03
12.3 9.311137e+03 9.404415e+03 9.356665e+03 9.263387e+03
13.3 9.258793e+03 9.369325e+03 9.309805e+03 9.199273e+03
14.3 9.285490e+03 9.302450e+03 9.286424e+03 9.269464e+03
15.3 9.301866e+03 9.372762e+03 9.278567e+03 9.207670e+03
16.3 9.553124e+03 9.389155e+03 9.279217e+03 9.443186e+03
17.3 9.370567e+03 9.377616e+03 9.283504e+03 9.276456e+03
0.8 8.829451e+03 9.204633e+03 9.279618e+03 8.904436e+03
1.8 8.968264e+03 9.280026e+03 9.374918e+03 9.063156e+03
2.8 9.222689e+03 9.362623e+03 9.466747e+03 9.326813e+03
3.8 9.252841e+03 9.354699e+03 9.427619e+03 9.325761e+03
4.8 9.311137e+03 9.404415e+03 9.356665e+03 9.263387e+03
5.8 9.258793e+03 9.369325e+03 9.309805e+03 9.199273e+03
6.8 9.285490e+03 9.302450e+03 9.286424e+03 9.269464e+03
7.8 9.301866e+03 9.372762e+03 9.278567e+03 9.207670e+03
8.8 9.553124e+03 9.389155e+03 9.279217e+03 9.443186e+03
9.8 9.370567e+03 9.377616e+03 9.283504e+03 9.276456e+03
10.8 9.480108e+03 9.384199e+03 9.288112e+03 9.384021e+03
11.8 9.455219e+03 9.386419e+03 9.291646e+03 9.360446e+03
12.8 9.491944e+03 9.459673e+03 9.293792e+03 9.326063e+03
13.8 9.488816e+03 9.406724e+03 9.295034e+03 9.377126e+03
14.8 9.345597e+03 9.325444e+03 9.295730e+03 9.315882e+03
15.8 9.401101e+03 9.344265e+03 9.296182e+03 9.353018e+03
16.8 9.290986e+03 9.304336e+03 9.296541e+03 9.283190e+03
17.8 9.271688e+03 9.257322e+03 9.322410e+03 9.336776e+03
0.3 9.290986e+03 9.304336e+03 9.296541e+03 9.283190e+03
1.3 9.271688e+03 9.257322e+03 9.322410e+03 9.336776e+03
2.3 9.282846e+03 9.342992e+03 9.455696e+03 9.395550e+03
3.3 9.415239e+03 9.361635e+03 9.492377e+03 9.545982e+03
4.3 9.162880e+03 9.286250e+03 9.419858e+03 9.296488e+03
5.3 9.303278e+03 9.240799e+03 9.345505e+03 9.407983e+03
6.3 9.341139e+03 9.326015e+03 9.304231e+03 9.319355e+03
7.3 9.271780e+03 9.335676e+03 9.285568e+03 9.221672e+03
8.3 9.084845e+03 9.266672e+03 9.281147e+03 9.099320e+03
9.3 9.245560e+03 9.228238e+03 9.283953e+03 9.301276e+03
10.3 9.360834e+03 9.339124e+03 9.289350e+03 9.311060e+03
11.3 9.583274e+03 9.401047e+03 9.294181e+03 9.476408e+03
12.3 9.453512e+03 9.395024e+03 9.297637e+03 9.356126e+03
13.3 9.550275e+03 9.398947e+03 9.299895e+03 9.451223e+03
14.3 9.384390e+03 9.369648e+03 9.349258e+03 9.364000e+03
15.3 9.367462e+03 9.409587e+03 9.478691e+03 9.436566e+03
16.3 9.288370e+03 9.360056e+03 9.479456e+03 9.407770e+03
17.3 9.090224e+03 9.271608e+03 9.399732e+03 9.218348e+03
0.5 9.550275e+03 9.398947e+03 9.299895e+03 9.451223e+03
1.5 9.384390e+03 9.369648e+03 9.349258e+03 9.364000e+03
2.5 9.367462e+03 9.409587e+03 9.478691e+03 9.436566e+03
3.5 9.288370e+03 9.360056e+03 9.479456e+03 9.407770e+03
4.5 9.090224e+03 9.271608e+03 9.399732e+03 9.218348e+03
5.5 9.248519e+03 9.264630e+03 9.336609e+03 9.320498e+03
6.5 9.291481e+03 9.260697e+03 9.302862e+03 9.333646e+03
7.5 9.298627e+03 9.338100e+03 9.288693e+03 9.249220e+03
8.5 9.583895e+03 9.374331e+03 9.286591e+03 9.496154e+03
9.5 9.452147e+03 9.363842e+03 9.290372e+03 9.378677e+03
10.5 9.614793e+03 9.417612e+03 9.295575e+03 9.492756e+03
11.5 9.473825e+03 9.362076e+03 9.299955e+03 9.411704e+03
12.5 9.284660e+03 9.260600e+03 9.302937e+03 9.326998e+03
13.5 9.320636e+03 9.229843e+03 9.304658e+03 9.395451e+03
14.5 9.484636e+03 9.339041e+03 9.305656e+03 9.451252e+03
15.5 9.523139e+03 9.356957e+03 9.306251e+03 9.472433e+03
16.5 9.267381e+03 9.324880e+03 9.306645e+03 9.249145e+03
17.5 9.336972e+03 9.299965e+03 9.306949e+03 9.343956e+03
0.3 9.327941e+03 9.312663e+03 9.308546e+03 9.323823e+03
1.3 9.225841e+03 9.271493e+03 9.340836e+03 9.295183e+03
2.3 9.360683e+03 9.347425e+03 9.463107e+03 9.476365e+03
3.3 9.351615e+03 9.350768e+03 9.483810e+03 9.484657e+03
4.3 9.322174e+03 9.363026e+03 9.411911e+03 9.371059e+03
5.3 9.492415e+03 9.388587e+03 9.348161e+03 9.451990e+03
6.3 9.327308e+03 9.316563e+03 9.312075e+03 9.322820e+03
7.3 9.318792e+03 9.304353e+03 9.296933e+03 9.311372e+03
8.3 9.356808e+03 9.377743e+03 9.293531e+03 9.272596e+03
9.3 9.245561e+03 9.345810e+03 9.296381e+03 9.196132e+03
10.3 9.282444e+03 9.315790e+03 9.301066e+03 9.267720e+03
11.3 9.372089e+03 9.280340e+03 9.305242e+03 9.396991e+03
12.3 9.242139e+03 9.238096e+03 9.307940e+03 9.311983e+03
13.3 9.444176e+03 9.318472e+03 9.309453e+03 9.435157e+03
14.3 9.415469e+03 9.391247e+03 9.310218e+03 9.334439e+03
15.3 9.452993e+03 9.377219e+03 9.310560e+03 9.386333e+03
16.3 9.364472e+03 9.391995e+03 9.310718e+03 9.283195e+03
17.3 9.434976e+03 9.330614e+03 9.310811e+03 9.415173e+03
0.2 9.360510e+03 9.308955e+03 9.309839e+03 9.361394e+03
1.2 9.276504e+03 9.271485e+03 9.333093e+03 9.338112e+03
2.2 9.358317e+03 9.348353e+03 9.453371e+03 9.463336e+03
3.2 9.359072e+03 9.363830e+03 9.488046e+03 9.483289e+03
4.2 9.414273e+03 9.365010e+03 9.419447e+03 9.468711e+03
5.2 9.512064e+03 9.396954e+03 9.352687e+03 9.467797e+03
6.2 9.366582e+03 9.328956e+03 9.313642e+03 9.351267e+03
7.2 9.219197e+03 9.243937e+03 9.296601e+03 9.271861e+03
8.2 9.229294e+03 9.194147e+03 9.291966e+03 9.327112e+03
9.2 9.390342e+03 9.235070e+03 9.294067e+03 9.449339e+03
10.2 9.414208e+03 9.315277e+03 9.298363e+03 9.397294e+03
11.2 9.451578e+03 9.308910e+03 9.302356e+03 9.445024e+03
12.2 9.304360e+03 9.355259e+03 9.304919e+03 9.254020e+03
13.2 9.460059e+03 9.351118e+03 9.306264e+03 9.415204e+03
14.2 9.388062e+03 9.276827e+03 9.306822e+03 9.418057e+03
15.2 9.380391e+03 9.223140e+03 9.306931e+03 9.464181e+03
16.2 9.365606e+03 9.301938e+03 9.306845e+03 9.370512e+03
17.2 9.422121e+03 9.365042e+03 9.306675e+03 9.363754e+03
0.3 9.283449e+03 9.271090e+03 9.305818e+03 9.318177e+03
1.3 9.082603e+03 9.229904e+03 9.332921e+03 9.185621e+03
2.3 9.236519e+03 9.313413e+03 9.447661e+03 9.370767e+03
3.3 9.363021e+03 9.326549e+03 9.468789e+03 9.505261e+03
4.3 9.431580e+03 9.304373e+03 9.402642e+03 9.529850e+03
5.3 9.400122e+03 9.294757e+03 9.340804e+03 9.446169e+03
6.3 9.315977e+03 9.324477e+03 9.307263e+03 9.298763e+03
7.3 9.340767e+03 9.410992e+03 9.292402e+03 9.222177e+03
8.3 9.418255e+03 9.386347e+03 9.288688e+03 9.320595e+03
9.3 9.458112e+03 9.396853e+03 9.290918e+03 9.352177e+03
10.3 9.403200e+03 9.365537e+03 9.295058e+03 9.332722e+03
11.3 9.279369e+03 9.384171e+03 9.298571e+03 9.193769e+03
12.3 9.331816e+03 9.383274e+03 9.300839e+03 9.249381e+03
13.3 9.305694e+03 9.348469e+03 9.302037e+03 9.259263e+03
14.3 9.335258e+03 9.399248e+03 9.302503e+03 9.238513e+03
15.3 9.294853e+03 9.375751e+03 9.330404e+03 9.249505e+03
16.3 9.316216e+03 9.423412e+03 9.474313e+03 9.367116e+03
17.3 9.347837e+03 9.412671e+03 9.527129e+03 9.462294e+03
0.3 9.335258e+03 9.399248e+03 9.302503e+03 9.238513e+03
1.3 9.294853e+03 9.375751e+03 9.330404e+03 9.249505e+03
2.3 9.316216e+03 9.423412e+03 9.474313e+03 9.367116e+03
3.3 9.347837e+03 9.412671e+03 9.527129e+03 9.462294e+03
4.3 9.234733e+03 9.308387e+03 9.445963e+03 9.372310e+03
5.3 9.322807e+03 9.270776e+03 9.360898e+03 9.412928e+03
6.3 9.225960e+03 9.250819e+03 9.309963e+03 9.285104e+03
7.3 9.183491e+03 9.207002e+03 9.287425e+03 9.263914e+03
8.3 9.262730e+03 9.174468e+03 9.280980e+03 9.369242e+03
9.3 9.258788e+03 9.165809e+03 9.283357e+03 9.376336e+03
10.3 9.377321e+03 9.261071e+03 9.288770e+03 9.405019e+03
11.3 9.457098e+03 9.368296e+03 9.293930e+03 9.382731e+03
12.3 9.455307e+03 9.329187e+03 9.297347e+03 9.423467e+03
13.3 9.194782e+03 9.253532e+03 9.299243e+03 9.240492e+03
14.3 9.210254e+03 9.306578e+03 9.300132e+03 9.203809e+03
15.3 9.186558e+03 9.374028e+03 9.300439e+03 9.112969e+03
16.3 9.255302e+03 9.391420e+03 9.300493e+03 9.164375e+03
17.3 9.331919e+03 9.399590e+03 9.300438e+03 9.232767e+03
0.6 9.294355e+03 9.302681e+03 9.300667e+03 9.292341e+03
1.6 9.312835e+03 9.277195e+03 9.367081e+03 9.402721e+03
2.6 9.445761e+03 9.346922e+03 9.485192e+03 9.584031e+03
3.6 9.272052e+03 9.319412e+03 9.467046e+03 9.419687e+03
4.6 9.227107e+03 9.296446e+03 9.387209e+03 9.317871e+03
5.6 9.178532e+03 9.271785e+03 9.333190e+03 9.239936e+03
6.6 9.313242e+03 9.331465e+03 9.414708e+03 9.396485e+03
7.6 9.396361e+03 9.412655e+03 9.521070e+03 9.504776e+03
8.6 9.383647e+03 9.348704e+03 9.471109e+03 9.506052e+03
9.6 9.388971e+03 9.284832e+03 9.377624e+03 9.481763e+03
10.6 9.489353e+03 9.270631e+03 9.315031e+03 9.533754e+03
11.6 9.403263e+03 9.279140e+03 9.286293e+03 9.410416e+03
12.6 9.475574e+03 9.377338e+03 9.276754e+03 9.374990e+03
13.6 9.315499e+03 9.362868e+03 9.278016e+03 9.230647e+03
14.6 9.181262e+03 9.282656e+03 9.283814e+03 9.182420e+03
15.6 9.303176e+03 9.268488e+03 9.290075e+03 9.324763e+03
16.6 9.277278e+03 9.257233e+03 9.294576e+03 9.314622e+03
17.6 9.455959e+03 9.338715e+03 9.297278e+03 9.414523e+03
0.9 9.178532e+03 9.271785e+03 9.333190e+03 9.239936e+03
1.9 9.313242e+03 9.331465e+03 9.414708e+03 9.396485e+03
2.9 9.396361e+03 9.412655e+03 9.521070e+03 9.504776e+03
3.9 9.383647e+03 9.348704e+03 9.471109e+03 9.506052e+03
4.9 9.388971e+03 9.284832e+03 9.377624e+03 9.481763e+03
5.9 9.489353e+03 9.270631e+03 9.315031e+03 9.533754e+03
6.9 9.403263e+03 9.279140e+03 9.286293e+03 9.410416e+03
7.9 9.475574e+03 9.377338e+03 9.276754e+03 9.374990e+03
8.9 9.315499e+03 9.362868e+03 9.278016e+03 9.230647e+03
9.9 9.181262e+03 9.282656e+03 9.283814e+03 9.182420e+03
10.9 9.303176e+03 9.268488e+03 9.290075e+03 9.324763e+03
11.9 9.277278e+03 9.257233e+03 9.294576e+03 9.314622e+03
12.9 9.455959e+03 9.338715e+03 9.297278e+03 9.414523e+03
13.9 9.566480e+03 9.396743e+03 9.298710e+03 9.468447e+03
14.9 9.505831e+03 9.325563e+03 9.299350e+03 9.479617e+03
15.9 9.486925e+03 9.333037e+03 9.299634e+03 9.453522e+03
16.9 9.462682e+03 9.383803e+03 9.299752e+03 9.378631e+03
17.9 9.375423e+03 9.320053e+03 9.299806e+03 9.355176e+03
0.6 9.212494e+03 9.258347e+03 9.299843e+03 9.253990e+03
1.6 9.247897e+03 9.286605e+03 9.360396e+03 9.321689e+03
2.6 9.459633e+03 9.379423e+03 9.485890e+03 9.566101e+03
3.6 9.499007e+03 9.354027e+03 9.475692e+03 9.620673e+03
4.6 9.331489e+03 9.270268e+03 9.393817e+03 9.455038e+03
5.6 9.395722e+03 9.267038e+03 9.329970e+03 9.458653e+03
6.6 9.331143e+03 9.350355e+03 9.295348e+03 9.276137e+03
