1.0 1.007043e+04 1.023702e+04 1.027896e+04 1.011237e+04
2.0 1.027706e+04 1.021782e+04 1.021686e+04 1.027611e+04
3.0 1.011788e+04 1.022582e+04 1.019025e+04 1.008231e+04
4.0 1.026057e+04 1.027489e+04 1.022308e+04 1.020876e+04
5.0 1.017526e+04 1.028836e+04 1.025882e+04 1.014572e+04
6.0 1.032147e+04 1.028194e+04 1.028012e+04 1.031965e+04
7.0 1.009189e+04 1.027927e+04 1.028944e+04 1.010206e+04
8.0 1.028208e+04 1.022467e+04 1.029198e+04 1.034939e+04
9.0 1.023907e+04 1.022890e+04 1.029075e+04 1.030092e+04
10.0 1.030779e+04 1.023957e+04 1.028819e+04 1.035641e+04
11.0 1.027860e+04 1.026045e+04 1.028573e+04 1.030388e+04
12.0 1.037797e+04 1.029975e+04 1.028401e+04 1.036223e+04
13.0 1.035676e+04 1.031667e+04 1.028293e+04 1.032302e+04
14.0 1.033922e+04 1.025221e+04 1.028232e+04 1.036933e+04
15.0 1.003741e+04 1.023099e+04 1.028195e+04 1.008838e+04
16.0 1.025518e+04 1.021414e+04 1.028170e+04 1.032274e+04
17.0 1.013004e+04 1.020514e+04 1.028151e+04 1.020641e+04
18.0 1.020146e+04 1.024794e+04 1.028134e+04 1.023486e+04
0.3 1.035362e+04 1.022572e+04 1.027951e+04 1.040741e+04
1.3 1.024258e+04 1.024053e+04 1.025650e+04 1.025855e+04
2.3 1.021114e+04 1.021071e+04 1.019238e+04 1.019281e+04
3.3 1.020321e+04 1.023139e+04 1.019299e+04 1.016481e+04
4.3 1.037029e+04 1.026640e+04 1.023189e+04 1.033578e+04
5.3 1.014860e+04 1.023231e+04 1.026355e+04 1.017985e+04
6.3 1.033158e+04 1.022863e+04 1.027985e+04 1.038281e+04
7.3 1.016172e+04 1.027030e+04 1.028666e+04 1.017808e+04
8.3 1.031433e+04 1.030436e+04 1.028784e+04 1.029781e+04
9.3 1.016238e+04 1.030753e+04 1.028617e+04 1.014102e+04
10.3 1.032030e+04 1.031104e+04 1.028373e+04 1.029300e+04
11.3 1.024063e+04 1.031944e+04 1.028177e+04 1.020296e+04
12.3 1.019252e+04 1.031448e+04 1.028052e+04 1.015857e+04
13.3 1.028368e+04 1.024301e+04 1.027983e+04 1.032050e+04
14.3 1.016877e+04 1.020578e+04 1.027952e+04 1.024251e+04
15.3 1.028978e+04 1.028390e+04 1.027939e+04 1.028527e+04
16.3 1.042782e+04 1.038100e+04 1.027935e+04 1.032616e+04
17.3 1.037520e+04 1.036626e+04 1.027935e+04 1.028828e+04
0.4 1.022395e+04 1.021035e+04 1.028342e+04 1.029701e+04
1.4 1.006266e+04 1.022115e+04 1.025424e+04 1.009575e+04
2.4 1.019972e+04 1.020596e+04 1.019243e+04 1.018619e+04
3.4 1.012672e+04 1.023951e+04 1.020078e+04 1.008799e+04
4.4 1.035938e+04 1.026620e+04 1.024033e+04 1.033351e+04
5.4 1.052784e+04 1.023311e+04 1.027055e+04 1.056528e+04
6.4 1.013470e+04 1.024387e+04 1.028581e+04 1.017664e+04
7.4 1.035395e+04 1.028612e+04 1.029209e+04 1.035992e+04
8.4 1.038295e+04 1.034162e+04 1.029289e+04 1.033422e+04
9.4 1.045577e+04 1.041734e+04 1.029116e+04 1.032959e+04
10.4 1.033140e+04 1.039717e+04 1.028881e+04 1.022304e+04
11.4 1.029158e+04 1.029460e+04 1.028699e+04 1.028397e+04
12.4 1.025422e+04 1.025527e+04 1.028584e+04 1.028479e+04
13.4 1.031192e+04 1.027373e+04 1.028526e+04 1.032345e+04
14.4 1.040995e+04 1.027692e+04 1.026498e+04 1.039801e+04
15.4 1.016269e+04 1.022626e+04 1.019885e+04 1.013528e+04
16.4 1.029393e+04 1.023265e+04 1.019691e+04 1.025819e+04
17.4 1.041331e+04 1.026362e+04 1.023639e+04 1.038608e+04
0.3 1.031192e+04 1.027373e+04 1.028526e+04 1.032345e+04
1.3 1.040995e+04 1.027692e+04 1.026498e+04 1.039801e+04
2.3 1.016269e+04 1.022626e+04 1.019885e+04 1.013528e+04
3.3 1.029393e+04 1.023265e+04 1.019691e+04 1.025819e+04
4.3 1.041331e+04 1.026362e+04 1.023639e+04 1.038608e+04
5.3 1.019164e+04 1.023336e+04 1.026786e+04 1.022613e+04
6.3 1.013031e+04 1.023103e+04 1.028478e+04 1.018405e+04
7.3 1.021919e+04 1.026262e+04 1.029203e+04 1.024860e+04
8.3 1.020422e+04 1.028500e+04 1.029329e+04 1.021252e+04
9.3 1.026235e+04 1.030677e+04 1.029161e+04 1.024718e+04
10.3 1.022187e+04 1.032166e+04 1.028917e+04 1.018939e+04
11.3 1.020457e+04 1.032740e+04 1.028710e+04 1.016427e+04
12.3 1.033633e+04 1.029592e+04 1.028571e+04 1.032613e+04
13.3 1.031050e+04 1.025058e+04 1.028494e+04 1.034486e+04
14.3 1.030224e+04 1.025185e+04 1.027523e+04 1.032562e+04
15.3 1.027883e+04 1.021759e+04 1.021112e+04 1.027236e+04
16.3 1.026505e+04 1.021745e+04 1.019021e+04 1.023781e+04
17.3 1.033828e+04 1.026335e+04 1.022554e+04 1.030046e+04
1.0 1.030224e+04 1.025185e+04 1.027523e+04 1.032562e+04
2.0 1.027883e+04 1.021759e+04 1.021112e+04 1.027236e+04
3.0 1.026505e+04 1.021745e+04 1.019021e+04 1.023781e+04
4.0 1.033828e+04 1.026335e+04 1.022554e+04 1.030046e+04
5.0 1.029999e+04 1.029986e+04 1.026051e+04 1.026064e+04
6.0 1.026268e+04 1.028869e+04 1.028094e+04 1.025493e+04
7.0 1.020029e+04 1.027480e+04 1.028979e+04 1.021528e+04
8.0 1.018013e+04 1.028719e+04 1.029210e+04 1.018503e+04
9.0 1.009488e+04 1.029698e+04 1.029083e+04 1.008873e+04
10.0 1.016958e+04 1.030777e+04 1.028837e+04 1.015017e+04
11.0 1.025383e+04 1.031779e+04 1.028605e+04 1.022209e+04
12.0 1.047148e+04 1.030881e+04 1.028447e+04 1.044714e+04
13.0 1.022017e+04 1.025096e+04 1.028352e+04 1.025273e+04
14.0 1.016547e+04 1.023882e+04 1.028298e+04 1.020963e+04
15.0 1.010522e+04 1.025092e+04 1.028267e+04 1.013697e+04
16.0 1.022038e+04 1.025890e+04 1.028246e+04 1.024394e+04
17.0 1.014182e+04 1.024552e+04 1.028230e+04 1.017861e+04
18.0 1.020183e+04 1.020190e+04 1.028215e+04 1.028209e+04
0.2 1.023691e+04 1.023564e+04 1.027946e+04 1.028073e+04
1.2 1.042737e+04 1.024225e+04 1.026585e+04 1.045098e+04
2.2 1.014409e+04 1.021315e+04 1.019905e+04 1.012999e+04
3.2 1.025641e+04 1.022255e+04 1.018783e+04 1.022169e+04
4.2 1.013517e+04 1.022967e+04 1.022565e+04 1.013115e+04
5.2 1.021597e+04 1.022223e+04 1.025890e+04 1.025264e+04
6.2 1.032581e+04 1.025586e+04 1.027732e+04 1.034726e+04
7.2 1.021530e+04 1.029286e+04 1.028547e+04 1.020791e+04
8.2 1.036814e+04 1.031215e+04 1.028721e+04 1.034321e+04
9.2 1.028358e+04 1.032599e+04 1.028568e+04 1.024327e+04
10.2 1.031706e+04 1.029935e+04 1.028320e+04 1.030090e+04
11.2 1.019592e+04 1.024010e+04 1.028101e+04 1.023683e+04
12.2 1.017337e+04 1.024443e+04 1.027950e+04 1.020844e+04
13.2 1.027579e+04 1.025525e+04 1.027863e+04 1.029917e+04
14.2 1.020195e+04 1.027008e+04 1.027814e+04 1.021001e+04
15.2 1.032377e+04 1.024173e+04 1.027785e+04 1.035989e+04
16.2 1.015289e+04 1.020203e+04 1.027766e+04 1.022852e+04
17.2 1.027024e+04 1.023647e+04 1.027750e+04 1.031127e+04
