1.0 1.034020e+04 1.021241e+04 1.022281e+04 1.035060e+04
2.0 1.010066e+04 1.019318e+04 1.020102e+04 1.010850e+04
3.0 1.004578e+04 1.018581e+04 1.019168e+04 1.005165e+04
4.0 1.017371e+04 1.019804e+04 1.020320e+04 1.017887e+04
5.0 1.027378e+04 1.021000e+04 1.021574e+04 1.027952e+04
6.0 1.030904e+04 1.021647e+04 1.022321e+04 1.031578e+04
7.0 1.029904e+04 1.022266e+04 1.022648e+04 1.030286e+04
8.0 1.039377e+04 1.023417e+04 1.022738e+04 1.038697e+04
9.0 1.029140e+04 1.023364e+04 1.022694e+04 1.028469e+04
10.0 1.013227e+04 1.022530e+04 1.022605e+04 1.013301e+04
11.0 1.003229e+04 1.021838e+04 1.022518e+04 1.003909e+04
12.0 1.020338e+04 1.021502e+04 1.022458e+04 1.021294e+04
13.0 1.031654e+04 1.021540e+04 1.022420e+04 1.032534e+04
14.0 1.028132e+04 1.022549e+04 1.022399e+04 1.027981e+04
15.0 1.053077e+04 1.022757e+04 1.022386e+04 1.052705e+04
16.0 1.020307e+04 1.021259e+04 1.022377e+04 1.021425e+04
17.0 1.013211e+04 1.019975e+04 1.022370e+04 1.015605e+04
18.0 1.004490e+04 1.021261e+04 1.022364e+04 1.005593e+04
0.3 1.021300e+04 1.020352e+04 1.022300e+04 1.023248e+04
1.3 1.019747e+04 1.019838e+04 1.021493e+04 1.021402e+04
2.3 1.018608e+04 1.017865e+04 1.019243e+04 1.019986e+04
3.3 1.012931e+04 1.018063e+04 1.019264e+04 1.014133e+04
4.3 1.026580e+04 1.019322e+04 1.020629e+04 1.027887e+04
5.3 1.018680e+04 1.019423e+04 1.021740e+04 1.020997e+04
6.3 1.016907e+04 1.019719e+04 1.022312e+04 1.019499e+04
7.3 1.026398e+04 1.020537e+04 1.022551e+04 1.028411e+04
8.3 1.006530e+04 1.021783e+04 1.022592e+04 1.007340e+04
9.3 1.039107e+04 1.025016e+04 1.022534e+04 1.036625e+04
10.3 1.016789e+04 1.025652e+04 1.022448e+04 1.013585e+04
11.3 1.009469e+04 1.023964e+04 1.022379e+04 1.007885e+04
12.3 1.026326e+04 1.022316e+04 1.022335e+04 1.026345e+04
13.3 1.028223e+04 1.020867e+04 1.022311e+04 1.029667e+04
14.3 1.012362e+04 1.020203e+04 1.022300e+04 1.014460e+04
15.3 1.040720e+04 1.020873e+04 1.022296e+04 1.042143e+04
16.3 1.018212e+04 1.021897e+04 1.022294e+04 1.018609e+04
17.3 1.032893e+04 1.021636e+04 1.022294e+04 1.033552e+04
0.4 1.024659e+04 1.021173e+04 1.022437e+04 1.025924e+04
1.4 1.004383e+04 1.020269e+04 1.021414e+04 1.005528e+04
2.4 1.006728e+04 1.018417e+04 1.019245e+04 1.007556e+04
3.4 1.006532e+04 1.018948e+04 1.019538e+04 1.007123e+04
4.4 1.037371e+04 1.020315e+04 1.020925e+04 1.037981e+04
5.4 1.037917e+04 1.020976e+04 1.021986e+04 1.038926e+04
6.4 1.030232e+04 1.021526e+04 1.022521e+04 1.031226e+04
7.4 1.036457e+04 1.022041e+04 1.022741e+04 1.037158e+04
8.4 1.021894e+04 1.022603e+04 1.022769e+04 1.022061e+04
9.4 1.014557e+04 1.023402e+04 1.022709e+04 1.013863e+04
10.4 1.013226e+04 1.023174e+04 1.022626e+04 1.012678e+04
11.4 1.018040e+04 1.022196e+04 1.022562e+04 1.018406e+04
12.4 1.039006e+04 1.021737e+04 1.022522e+04 1.039791e+04
13.4 9.991010e+03 1.021786e+04 1.022502e+04 9.998170e+03
14.4 1.005490e+04 1.021217e+04 1.021790e+04 1.006063e+04
15.4 1.021076e+04 1.019006e+04 1.019470e+04 1.021540e+04
16.4 1.034354e+04 1.019006e+04 1.019402e+04 1.034751e+04
17.4 1.012839e+04 1.020240e+04 1.020787e+04 1.013386e+04
0.3 9.991010e+03 1.021786e+04 1.022502e+04 9.998170e+03
1.3 1.005490e+04 1.021217e+04 1.021790e+04 1.006063e+04
2.3 1.021076e+04 1.019006e+04 1.019470e+04 1.021540e+04
3.3 1.034354e+04 1.019006e+04 1.019402e+04 1.034751e+04
4.3 1.012839e+04 1.020240e+04 1.020787e+04 1.013386e+04
5.3 1.033510e+04 1.020395e+04 1.021891e+04 1.035006e+04
6.3 1.023628e+04 1.020727e+04 1.022485e+04 1.025386e+04
7.3 1.017955e+04 1.023381e+04 1.022739e+04 1.017313e+04
8.3 1.012173e+04 1.026339e+04 1.022783e+04 1.008617e+04
9.3 1.025868e+04 1.025766e+04 1.022724e+04 1.022826e+04
10.3 1.047502e+04 1.024031e+04 1.022639e+04 1.046110e+04
11.3 1.009188e+04 1.022772e+04 1.022566e+04 1.008982e+04
12.3 1.008241e+04 1.021846e+04 1.022517e+04 1.008913e+04
13.3 1.017837e+04 1.021234e+04 1.022490e+04 1.019093e+04
14.3 1.037397e+04 1.020944e+04 1.022150e+04 1.038603e+04
15.3 1.036535e+04 1.018991e+04 1.019901e+04 1.037445e+04
16.3 1.009759e+04 1.018506e+04 1.019167e+04 1.010420e+04
17.3 1.019410e+04 1.019898e+04 1.020406e+04 1.019919e+04
1.0 1.037397e+04 1.020944e+04 1.022150e+04 1.038603e+04
2.0 1.036535e+04 1.018991e+04 1.019901e+04 1.037445e+04
3.0 1.009759e+04 1.018506e+04 1.019167e+04 1.010420e+04
4.0 1.019410e+04 1.019898e+04 1.020406e+04 1.019919e+04
5.0 1.020697e+04 1.021190e+04 1.021634e+04 1.021141e+04
6.0 1.009396e+04 1.021863e+04 1.022350e+04 1.009883e+04
7.0 1.018460e+04 1.022121e+04 1.022660e+04 1.019000e+04
8.0 1.000822e+04 1.020052e+04 1.022742e+04 1.003512e+04
9.0 1.006055e+04 1.014347e+04 1.022697e+04 1.014406e+04
10.0 1.005682e+04 1.014564e+04 1.022611e+04 1.013729e+04
11.0 1.026189e+04 1.018019e+04 1.022529e+04 1.030699e+04
12.0 1.035550e+04 1.020418e+04 1.022474e+04 1.037606e+04
13.0 1.001515e+04 1.020876e+04 1.022441e+04 1.003079e+04
14.0 1.015932e+04 1.021473e+04 1.022422e+04 1.016881e+04
15.0 1.029219e+04 1.030508e+04 1.022411e+04 1.021122e+04
16.0 1.043524e+04 1.039718e+04 1.022404e+04 1.026210e+04
17.0 1.036746e+04 1.035421e+04 1.022398e+04 1.023722e+04
18.0 1.014924e+04 1.027727e+04 1.022393e+04 1.009590e+04
0.2 1.002628e+04 1.017945e+04 1.022298e+04 1.006981e+04
1.2 1.015617e+04 1.019785e+04 1.021821e+04 1.017653e+04
2.2 1.025795e+04 1.018787e+04 1.019477e+04 1.026486e+04
3.2 1.027448e+04 1.018916e+04 1.019084e+04 1.027615e+04
4.2 1.037894e+04 1.020212e+04 1.020410e+04 1.038092e+04
5.2 1.010405e+04 1.021124e+04 1.021577e+04 1.010858e+04
6.2 1.001275e+04 1.021472e+04 1.022223e+04 1.002026e+04
7.2 9.896438e+03 1.017285e+04 1.022509e+04 9.948679e+03
8.2 9.999885e+03 1.013307e+04 1.022570e+04 1.009251e+04
9.2 1.007453e+04 1.015351e+04 1.022517e+04 1.014618e+04
10.2 1.011911e+04 1.018120e+04 1.022429e+04 1.016220e+04
11.2 1.033504e+04 1.019287e+04 1.022353e+04 1.036569e+04
12.2 1.025766e+04 1.021833e+04 1.022300e+04 1.026233e+04
13.2 1.032350e+04 1.034246e+04 1.022269e+04 1.020372e+04
14.2 1.030318e+04 1.039072e+04 1.022252e+04 1.013498e+04
15.2 1.039933e+04 1.032029e+04 1.022242e+04 1.030145e+04
16.2 1.030668e+04 1.024428e+04 1.022235e+04 1.028476e+04
17.2 1.009185e+04 1.020862e+04 1.022229e+04 1.010552e+04
