0.6 1.053337e+04 1.047927e+04 1.043917e+04 1.049327e+04
1.6 1.048220e+04 1.045692e+04 1.041784e+04 1.044312e+04
2.6 1.038374e+04 1.040962e+04 1.037156e+04 1.034568e+04
3.6 1.026160e+04 1.040129e+04 1.037365e+04 1.023396e+04
4.6 1.020290e+04 1.034348e+04 1.040315e+04 1.026257e+04
5.6 1.023653e+04 1.032957e+04 1.042695e+04 1.033392e+04
6.6 1.021965e+04 1.038573e+04 1.043913e+04 1.027306e+04
7.6 1.027564e+04 1.041348e+04 1.044411e+04 1.030627e+04
8.6 1.031791e+04 1.041744e+04 1.044487e+04 1.034534e+04
9.6 1.037191e+04 1.042900e+04 1.044354e+04 1.038645e+04
10.6 1.046964e+04 1.041252e+04 1.044167e+04 1.049879e+04
11.6 1.053439e+04 1.041659e+04 1.044021e+04 1.055800e+04
12.6 1.040167e+04 1.040648e+04 1.043930e+04 1.043449e+04
13.6 1.042131e+04 1.040840e+04 1.043883e+04 1.045174e+04
14.6 1.055961e+04 1.043463e+04 1.043866e+04 1.056363e+04
15.6 1.074068e+04 1.045099e+04 1.043863e+04 1.072831e+04
16.6 1.069147e+04 1.042260e+04 1.043868e+04 1.070755e+04
17.6 1.057188e+04 1.041276e+04 1.043876e+04 1.059789e+04
0.3 1.056796e+04 1.054147e+04 1.044163e+04 1.046812e+04
1.3 1.059409e+04 1.049940e+04 1.043216e+04 1.052685e+04
2.3 1.050505e+04 1.041953e+04 1.038337e+04 1.046890e+04
3.3 1.048952e+04 1.038388e+04 1.036673e+04 1.047238e+04
4.3 1.039023e+04 1.039917e+04 1.039415e+04 1.038521e+04
5.3 1.047221e+04 1.042082e+04 1.042225e+04 1.047364e+04
6.3 1.058905e+04 1.041164e+04 1.041136e+04 1.058877e+04
7.3 1.049661e+04 1.036863e+04 1.036410e+04 1.049208e+04
8.3 1.043885e+04 1.037683e+04 1.036891e+04 1.043092e+04
9.3 1.024468e+04 1.038215e+04 1.040440e+04 1.026694e+04
10.3 1.022917e+04 1.032079e+04 1.043174e+04 1.034011e+04
11.3 1.021539e+04 1.033611e+04 1.044591e+04 1.032519e+04
12.3 1.048262e+04 1.038697e+04 1.045112e+04 1.054677e+04
13.3 1.028283e+04 1.038619e+04 1.045152e+04 1.034816e+04
14.3 1.035672e+04 1.039461e+04 1.044964e+04 1.041175e+04
15.3 1.050326e+04 1.042656e+04 1.044729e+04 1.052400e+04
16.3 1.056925e+04 1.046616e+04 1.044538e+04 1.054847e+04
17.3 1.056269e+04 1.054663e+04 1.044422e+04 1.046028e+04
0.7 1.047221e+04 1.042082e+04 1.042225e+04 1.047364e+04
1.7 1.058905e+04 1.041164e+04 1.041136e+04 1.058877e+04
2.7 1.049661e+04 1.036863e+04 1.036410e+04 1.049208e+04
3.7 1.043885e+04 1.037683e+04 1.036891e+04 1.043092e+04
4.7 1.024468e+04 1.038215e+04 1.040440e+04 1.026694e+04
5.7 1.022917e+04 1.032079e+04 1.043174e+04 1.034011e+04
6.7 1.021539e+04 1.033611e+04 1.044591e+04 1.032519e+04
7.7 1.048262e+04 1.038697e+04 1.045112e+04 1.054677e+04
8.7 1.028283e+04 1.038619e+04 1.045152e+04 1.034816e+04
9.7 1.035672e+04 1.039461e+04 1.044964e+04 1.041175e+04
10.7 1.050326e+04 1.042656e+04 1.044729e+04 1.052400e+04
11.7 1.056925e+04 1.046616e+04 1.044538e+04 1.054847e+04
12.7 1.056269e+04 1.054663e+04 1.044422e+04 1.046028e+04
13.7 1.057484e+04 1.056240e+04 1.044360e+04 1.045604e+04
14.7 1.046960e+04 1.052170e+04 1.044334e+04 1.039124e+04
15.7 1.046458e+04 1.047630e+04 1.043642e+04 1.042470e+04
16.7 1.041616e+04 1.040314e+04 1.038631e+04 1.039933e+04
17.7 1.050710e+04 1.036707e+04 1.036084e+04 1.050086e+04
0.2 1.046960e+04 1.052170e+04 1.044334e+04 1.039124e+04
1.2 1.046458e+04 1.047630e+04 1.043642e+04 1.042470e+04
2.2 1.041616e+04 1.040314e+04 1.038631e+04 1.039933e+04
3.2 1.050710e+04 1.036707e+04 1.036084e+04 1.050086e+04
4.2 1.059154e+04 1.038783e+04 1.038750e+04 1.059121e+04
5.2 1.059708e+04 1.041704e+04 1.041930e+04 1.059934e+04
6.2 1.050812e+04 1.042345e+04 1.043870e+04 1.052336e+04
7.2 1.031126e+04 1.039372e+04 1.044796e+04 1.036550e+04
8.2 1.046515e+04 1.039969e+04 1.045072e+04 1.051618e+04
9.2 1.035033e+04 1.043515e+04 1.045004e+04 1.036522e+04
10.2 1.040239e+04 1.049249e+04 1.044808e+04 1.035799e+04
11.2 1.058922e+04 1.050807e+04 1.044618e+04 1.052732e+04
12.2 1.058003e+04 1.046054e+04 1.044482e+04 1.056431e+04
13.2 1.063014e+04 1.042525e+04 1.044407e+04 1.064896e+04
14.2 1.070384e+04 1.043926e+04 1.044369e+04 1.070828e+04
15.2 1.066794e+04 1.047386e+04 1.044355e+04 1.063763e+04
16.2 1.073501e+04 1.048066e+04 1.044350e+04 1.069784e+04
17.2 1.057067e+04 1.047180e+04 1.044349e+04 1.054236e+04
0.7 1.013956e+04 1.038600e+04 1.044275e+04 1.019631e+04
1.7 1.035481e+04 1.038274e+04 1.041379e+04 1.038586e+04
2.7 1.026919e+04 1.037183e+04 1.037375e+04 1.027111e+04
3.7 1.035682e+04 1.039956e+04 1.038506e+04 1.034232e+04
4.7 1.037056e+04 1.043386e+04 1.041426e+04 1.035097e+04
5.7 1.045067e+04 1.045242e+04 1.043537e+04 1.043362e+04
6.7 1.042712e+04 1.046215e+04 1.044576e+04 1.041072e+04
7.7 1.049894e+04 1.045599e+04 1.044980e+04 1.049276e+04
8.7 1.042758e+04 1.041496e+04 1.045004e+04 1.046266e+04
9.7 1.046650e+04 1.040771e+04 1.044860e+04 1.050739e+04
10.7 1.044267e+04 1.048161e+04 1.044684e+04 1.040790e+04
11.7 1.058487e+04 1.055188e+04 1.044551e+04 1.047850e+04
12.7 1.052398e+04 1.053843e+04 1.044469e+04 1.043025e+04
13.7 1.039113e+04 1.048403e+04 1.044429e+04 1.035139e+04
14.7 1.044605e+04 1.042730e+04 1.044413e+04 1.046288e+04
15.7 1.037321e+04 1.041357e+04 1.044407e+04 1.040371e+04
16.7 1.040414e+04 1.039056e+04 1.044405e+04 1.045764e+04
17.7 1.058339e+04 1.039061e+04 1.044406e+04 1.063684e+04
1.0 1.042530e+04 1.041681e+04 1.044033e+04 1.044882e+04
2.0 1.062477e+04 1.040182e+04 1.039843e+04 1.062137e+04
3.0 1.053597e+04 1.038519e+04 1.036695e+04 1.051772e+04
4.0 1.033870e+04 1.037096e+04 1.038791e+04 1.035565e+04
5.0 1.028418e+04 1.031654e+04 1.041913e+04 1.038678e+04
6.0 1.025917e+04 1.034591e+04 1.043833e+04 1.035159e+04
7.0 1.043848e+04 1.039274e+04 1.043194e+04 1.047768e+04
8.0 1.044851e+04 1.039159e+04 1.039030e+04 1.044722e+04
9.0 1.044849e+04 1.041008e+04 1.038859e+04 1.042700e+04
10.0 1.040516e+04 1.044386e+04 1.041426e+04 1.037557e+04
11.0 1.036201e+04 1.046325e+04 1.043459e+04 1.033336e+04
12.0 1.034525e+04 1.046716e+04 1.044520e+04 1.032329e+04
13.0 1.031607e+04 1.045459e+04 1.043579e+04 1.029727e+04
14.0 1.041765e+04 1.041175e+04 1.039308e+04 1.039898e+04
15.0 1.033770e+04 1.040687e+04 1.038791e+04 1.031874e+04
16.0 1.030507e+04 1.043097e+04 1.041190e+04 1.028599e+04
17.0 1.054791e+04 1.042363e+04 1.043256e+04 1.055684e+04
18.0 1.048178e+04 1.034255e+04 1.044391e+04 1.058314e+04
0.5 1.025917e+04 1.034591e+04 1.043833e+04 1.035159e+04
1.5 1.043848e+04 1.039274e+04 1.043194e+04 1.047768e+04
2.5 1.044851e+04 1.039159e+04 1.039030e+04 1.044722e+04
3.5 1.044849e+04 1.041008e+04 1.038859e+04 1.042700e+04
4.5 1.040516e+04 1.044386e+04 1.041426e+04 1.037557e+04
5.5 1.036201e+04 1.046325e+04 1.043459e+04 1.033336e+04
6.5 1.034525e+04 1.046716e+04 1.044520e+04 1.032329e+04
7.5 1.031607e+04 1.045459e+04 1.043579e+04 1.029727e+04
8.5 1.041765e+04 1.041175e+04 1.039308e+04 1.039898e+04
9.5 1.033770e+04 1.040687e+04 1.038791e+04 1.031874e+04
10.5 1.030507e+04 1.043097e+04 1.041190e+04 1.028599e+04
11.5 1.054791e+04 1.042363e+04 1.043256e+04 1.055684e+04
12.5 1.048178e+04 1.034255e+04 1.044391e+04 1.058314e+04
13.5 1.048584e+04 1.034419e+04 1.044845e+04 1.059010e+04
14.5 1.050941e+04 1.039190e+04 1.044917e+04 1.056669e+04
15.5 1.052195e+04 1.039342e+04 1.044793e+04 1.057647e+04
16.5 1.050003e+04 1.040380e+04 1.044617e+04 1.054239e+04
17.5 1.052538e+04 1.047966e+04 1.044462e+04 1.049034e+04
0.4 1.034525e+04 1.046716e+04 1.044520e+04 1.032329e+04
1.4 1.031607e+04 1.045459e+04 1.043579e+04 1.029727e+04
2.4 1.041765e+04 1.041175e+04 1.039308e+04 1.039898e+04
3.4 1.033770e+04 1.040687e+04 1.038791e+04 1.031874e+04
4.4 1.030507e+04 1.043097e+04 1.041190e+04 1.028599e+04
5.4 1.054791e+04 1.042363e+04 1.043256e+04 1.055684e+04
6.4 1.048178e+04 1.034255e+04 1.044391e+04 1.058314e+04
7.4 1.048584e+04 1.034419e+04 1.044845e+04 1.059010e+04
8.4 1.050941e+04 1.039190e+04 1.044917e+04 1.056669e+04
9.4 1.052195e+04 1.039342e+04 1.044793e+04 1.057647e+04
10.4 1.050003e+04 1.040380e+04 1.044617e+04 1.054239e+04
11.4 1.052538e+04 1.047966e+04 1.044462e+04 1.049034e+04
12.4 1.060733e+04 1.055955e+04 1.044359e+04 1.049137e+04
13.4 1.059309e+04 1.055057e+04 1.044296e+04 1.048547e+04
14.4 1.064290e+04 1.051061e+04 1.044261e+04 1.057489e+04
15.4 1.054442e+04 1.048004e+04 1.044206e+04 1.050644e+04
16.4 1.043326e+04 1.044039e+04 1.041977e+04 1.041264e+04
17.4 1.040052e+04 1.040234e+04 1.038961e+04 1.038779e+04
0.6 1.054442e+04 1.048004e+04 1.044206e+04 1.050644e+04
1.6 1.043326e+04 1.044039e+04 1.041977e+04 1.041264e+04
2.6 1.040052e+04 1.040234e+04 1.038961e+04 1.038779e+04
3.6 1.058972e+04 1.039613e+04 1.039853e+04 1.059212e+04
4.6 1.051929e+04 1.032957e+04 1.042034e+04 1.061006e+04
5.6 1.053361e+04 1.031747e+04 1.043547e+04 1.065161e+04
6.6 1.056089e+04 1.037628e+04 1.044318e+04 1.062779e+04
7.6 1.043253e+04 1.042696e+04 1.044592e+04 1.045149e+04
8.6 1.027698e+04 1.042761e+04 1.044592e+04 1.029530e+04
9.6 1.041746e+04 1.042002e+04 1.044467e+04 1.044211e+04
10.6 1.035862e+04 1.044483e+04 1.044322e+04 1.035701e+04
11.6 1.034818e+04 1.048509e+04 1.044205e+04 1.030515e+04
12.6 1.033338e+04 1.049198e+04 1.044129e+04 1.028269e+04
13.6 1.029155e+04 1.047997e+04 1.044082e+04 1.025240e+04
14.6 1.020238e+04 1.045930e+04 1.044054e+04 1.018361e+04
15.6 1.015331e+04 1.041271e+04 1.044034e+04 1.018094e+04
16.6 1.016471e+04 1.040170e+04 1.044018e+04 1.020319e+04
17.6 1.022024e+04 1.044825e+04 1.044004e+04 1.021203e+04
0.7 1.021490e+04 1.049561e+04 1.043933e+04 1.015862e+04
1.7 1.020155e+04 1.046731e+04 1.041186e+04 1.014610e+04
2.7 1.029222e+04 1.040357e+04 1.036469e+04 1.025335e+04
3.7 1.041279e+04 1.039630e+04 1.037141e+04 1.038790e+04
4.7 1.034611e+04 1.041650e+04 1.040349e+04 1.033310e+04
5.7 1.041537e+04 1.043355e+04 1.042815e+04 1.040997e+04
6.7 1.043078e+04 1.041880e+04 1.044053e+04 1.045250e+04
7.7 1.040774e+04 1.040920e+04 1.044541e+04 1.044395e+04
8.7 1.050900e+04 1.043606e+04 1.044590e+04 1.051883e+04
9.7 1.044635e+04 1.047693e+04 1.044426e+04 1.041368e+04
10.7 1.054959e+04 1.047621e+04 1.044214e+04 1.051553e+04
11.7 1.058198e+04 1.041697e+04 1.044047e+04 1.060548e+04
12.7 1.066915e+04 1.038869e+04 1.043938e+04 1.071984e+04
13.7 1.071239e+04 1.041245e+04 1.043874e+04 1.073869e+04
14.7 1.070186e+04 1.047139e+04 1.043839e+04 1.066886e+04
15.7 1.075936e+04 1.050407e+04 1.043818e+04 1.069347e+04
16.7 1.057596e+04 1.049352e+04 1.043803e+04 1.052047e+04
17.7 1.060836e+04 1.047531e+04 1.043792e+04 1.057096e+04
0.8 1.044299e+04 1.048906e+04 1.043649e+04 1.039043e+04
1.8 1.030829e+04 1.045449e+04 1.040785e+04 1.026166e+04
2.8 1.020148e+04 1.040941e+04 1.037622e+04 1.016830e+04
3.8 1.023702e+04 1.039287e+04 1.038829e+04 1.023244e+04
4.8 1.019953e+04 1.031971e+04 1.041385e+04 1.029368e+04
5.8 1.016991e+04 1.031543e+04 1.043066e+04 1.028514e+04
6.8 1.024507e+04 1.033814e+04 1.043915e+04 1.034609e+04
7.8 1.024944e+04 1.034803e+04 1.044212e+04 1.034354e+04
8.8 1.027235e+04 1.038918e+04 1.044209e+04 1.032526e+04
9.8 1.026352e+04 1.045225e+04 1.044069e+04 1.025195e+04
10.8 1.036326e+04 1.049367e+04 1.043915e+04 1.030874e+04
11.8 1.037641e+04 1.049402e+04 1.043796e+04 1.032034e+04
12.8 1.047468e+04 1.045809e+04 1.043725e+04 1.045383e+04
13.8 1.044872e+04 1.040588e+04 1.043686e+04 1.047970e+04
14.8 1.042845e+04 1.040797e+04 1.043667e+04 1.045715e+04
15.8 1.052642e+04 1.046583e+04 1.043657e+04 1.049717e+04
16.8 1.051349e+04 1.049589e+04 1.043652e+04 1.045412e+04
17.8 1.052705e+04 1.044858e+04 1.043650e+04 1.051496e+04
0.7 1.055041e+04 1.048683e+04 1.043598e+04 1.049956e+04
1.7 1.043896e+04 1.044538e+04 1.040868e+04 1.040227e+04
2.7 1.028575e+04 1.038847e+04 1.036303e+04 1.026032e+04
3.7 1.015986e+04 1.038789e+04 1.037044e+04 1.014241e+04
4.7 1.032084e+04 1.041141e+04 1.040192e+04 1.031135e+04
5.7 1.033257e+04 1.043003e+04 1.042547e+04 1.032801e+04
6.7 1.043285e+04 1.041540e+04 1.043796e+04 1.045540e+04
7.7 1.050456e+04 1.040437e+04 1.044274e+04 1.054293e+04
8.7 1.044641e+04 1.042073e+04 1.044326e+04 1.046895e+04
9.7 1.036866e+04 1.041199e+04 1.044175e+04 1.039842e+04
10.7 1.030877e+04 1.039136e+04 1.043980e+04 1.035721e+04
11.7 1.029838e+04 1.038678e+04 1.043821e+04 1.034982e+04
12.7 1.025213e+04 1.036767e+04 1.043722e+04 1.032169e+04
13.7 1.040513e+04 1.038546e+04 1.043666e+04 1.045633e+04
14.7 1.044501e+04 1.041888e+04 1.043637e+04 1.046251e+04
15.7 1.045694e+04 1.047431e+04 1.043621e+04 1.041884e+04
16.7 1.044288e+04 1.054928e+04 1.043609e+04 1.032969e+04
