0.3 9.819561e+03 9.922213e+03 9.821017e+03 9.718364e+03
1.3 9.834776e+03 9.877531e+03 9.843823e+03 9.801069e+03
2.3 9.834717e+03 9.857964e+03 9.918395e+03 9.895148e+03
3.3 9.811011e+03 9.828400e+03 9.920852e+03 9.903463e+03
4.3 9.794423e+03 9.910837e+03 9.877849e+03 9.761436e+03
5.3 9.862375e+03 9.935241e+03 9.841670e+03 9.768805e+03
6.3 9.811604e+03 9.839334e+03 9.822966e+03 9.795236e+03
7.3 9.766977e+03 9.758032e+03 9.827825e+03 9.836769e+03
8.3 9.898467e+03 9.782125e+03 9.899649e+03 1.001599e+04
9.3 9.829583e+03 9.789744e+03 9.920774e+03 9.960614e+03
10.3 9.814715e+03 9.857836e+03 9.882761e+03 9.839640e+03
11.3 9.865939e+03 9.913231e+03 9.846653e+03 9.799362e+03
12.3 9.973984e+03 9.888576e+03 9.826179e+03 9.911587e+03
13.3 9.859872e+03 9.909784e+03 9.817710e+03 9.767798e+03
14.3 1.000022e+04 9.852275e+03 9.815981e+03 9.963923e+03
15.3 9.720522e+03 9.760927e+03 9.817912e+03 9.777507e+03
16.3 9.700296e+03 9.703787e+03 9.820971e+03 9.817480e+03
17.3 9.854137e+03 9.708705e+03 9.823771e+03 9.969203e+03
0.1 9.811604e+03 9.839334e+03 9.822966e+03 9.795236e+03
1.1 9.766977e+03 9.758032e+03 9.827825e+03 9.836769e+03
2.1 9.898467e+03 9.782125e+03 9.899649e+03 1.001599e+04
3.1 9.829583e+03 9.789744e+03 9.920774e+03 9.960614e+03
4.1 9.814715e+03 9.857836e+03 9.882761e+03 9.839640e+03
5.1 9.865939e+03 9.913231e+03 9.846653e+03 9.799362e+03
6.1 9.973984e+03 9.888576e+03 9.826179e+03 9.911587e+03
7.1 9.859872e+03 9.909784e+03 9.817710e+03 9.767798e+03
8.1 1.000022e+04 9.852275e+03 9.815981e+03 9.963923e+03
9.1 9.720522e+03 9.760927e+03 9.817912e+03 9.777507e+03
10.1 9.700296e+03 9.703787e+03 9.820971e+03 9.817480e+03
11.1 9.854137e+03 9.708705e+03 9.823771e+03 9.969203e+03
12.1 9.803642e+03 9.835433e+03 9.825710e+03 9.793919e+03
13.1 9.991808e+03 9.874058e+03 9.826934e+03 9.944684e+03
14.1 9.647895e+03 9.809271e+03 9.827704e+03 9.666327e+03
15.1 9.700917e+03 9.790525e+03 9.828210e+03 9.738602e+03
16.1 9.635541e+03 9.776661e+03 9.828597e+03 9.687477e+03
17.1 9.547706e+03 9.735267e+03 9.828925e+03 9.641363e+03
0.7 9.970288e+03 9.881724e+03 9.832118e+03 9.920682e+03
1.7 9.939160e+03 9.857559e+03 9.887517e+03 9.969119e+03
2.7 9.780773e+03 9.838233e+03 9.938317e+03 9.880857e+03
3.7 9.891638e+03 9.861080e+03 9.910843e+03 9.941401e+03
4.7 9.868716e+03 9.922721e+03 9.866470e+03 9.812465e+03
5.7 9.608420e+03 9.859076e+03 9.838827e+03 9.588170e+03
6.7 9.735003e+03 9.803858e+03 9.825369e+03 9.756513e+03
7.7 9.806838e+03 9.837206e+03 9.820596e+03 9.790228e+03
8.7 9.804695e+03 9.801308e+03 9.820928e+03 9.824315e+03
9.7 9.647163e+03 9.765268e+03 9.823421e+03 9.705316e+03
10.7 9.931127e+03 9.843651e+03 9.826011e+03 9.913487e+03
11.7 9.995437e+03 9.849476e+03 9.827917e+03 9.973878e+03
12.7 9.990020e+03 9.858359e+03 9.829083e+03 9.960743e+03
13.7 9.883798e+03 9.879462e+03 9.829678e+03 9.834013e+03
14.7 9.801177e+03 9.811315e+03 9.829982e+03 9.819843e+03
15.7 9.809756e+03 9.809795e+03 9.830152e+03 9.830113e+03
16.7 9.870738e+03 9.895777e+03 9.830271e+03 9.805232e+03
17.7 9.863354e+03 9.865729e+03 9.838819e+03 9.836444e+03
1.0 9.863354e+03 9.865729e+03 9.838819e+03 9.836444e+03
2.0 9.780388e+03 9.846586e+03 9.909265e+03 9.843067e+03
3.0 9.813116e+03 9.812695e+03 9.936665e+03 9.937086e+03
4.0 9.731896e+03 9.759367e+03 9.898722e+03 9.871251e+03
5.0 9.882247e+03 9.838271e+03 9.858616e+03 9.902592e+03
6.0 9.962508e+03 9.912110e+03 9.834829e+03 9.885227e+03
7.0 9.954322e+03 9.899993e+03 9.824389e+03 9.878718e+03
8.0 1.002650e+04 9.926399e+03 9.821491e+03 9.921590e+03
9.0 9.928236e+03 9.858707e+03 9.822791e+03 9.892320e+03
10.0 1.006998e+04 9.808939e+03 9.825540e+03 1.008658e+04
11.0 9.873569e+03 9.881915e+03 9.828183e+03 9.819837e+03
12.0 9.690010e+03 9.860801e+03 9.830004e+03 9.659212e+03
13.0 9.517498e+03 9.772852e+03 9.831127e+03 9.575774e+03
14.0 9.657509e+03 9.750277e+03 9.831753e+03 9.738984e+03
15.0 9.774815e+03 9.817386e+03 9.832126e+03 9.789555e+03
16.0 9.773254e+03 9.844237e+03 9.832384e+03 9.761402e+03
17.0 9.982274e+03 9.917315e+03 9.832592e+03 9.897551e+03
18.0 9.755118e+03 9.888236e+03 9.832784e+03 9.699666e+03
0.1 9.948092e+03 9.886905e+03 9.827153e+03 9.888340e+03
1.1 9.817316e+03 9.804178e+03 9.840692e+03 9.853830e+03
2.1 9.828574e+03 9.802338e+03 9.915147e+03 9.941384e+03
3.1 9.742854e+03 9.792187e+03 9.929424e+03 9.880092e+03
4.1 1.000002e+04 9.871837e+03 9.887996e+03 1.001617e+04
5.1 1.007066e+04 9.926631e+03 9.848558e+03 9.992592e+03
6.1 1.004362e+04 9.844756e+03 9.826970e+03 1.002583e+04
7.1 9.967114e+03 9.813328e+03 9.817068e+03 9.970854e+03
8.1 9.842332e+03 9.828346e+03 9.814480e+03 9.828465e+03
9.1 9.802798e+03 9.776492e+03 9.815564e+03 9.841870e+03
10.1 9.903955e+03 9.796568e+03 9.817898e+03 9.925285e+03
11.1 1.007825e+04 9.902236e+03 9.819863e+03 9.995872e+03
12.1 9.686820e+03 9.886374e+03 9.821080e+03 9.621526e+03
13.1 9.784422e+03 9.890317e+03 9.821565e+03 9.715671e+03
14.1 9.766057e+03 9.859524e+03 9.821614e+03 9.728147e+03
15.1 9.686552e+03 9.894635e+03 9.821436e+03 9.613353e+03
16.1 9.808220e+03 9.908880e+03 9.821151e+03 9.720490e+03
17.1 9.729814e+03 9.818632e+03 9.821857e+03 9.733040e+03
0.6 9.729814e+03 9.818632e+03 9.821857e+03 9.733040e+03
1.6 9.729714e+03 9.781382e+03 9.871577e+03 9.819909e+03
2.6 9.819641e+03 9.791791e+03 9.927460e+03 9.955310e+03
3.6 9.863096e+03 9.811373e+03 9.903916e+03 9.955638e+03
4.6 9.969776e+03 9.890194e+03 9.859649e+03 9.939231e+03
5.6 9.888437e+03 9.857625e+03 9.829498e+03 9.860310e+03
6.6 9.665654e+03 9.772216e+03 9.814916e+03 9.708355e+03
7.6 9.805956e+03 9.765041e+03 9.809408e+03 9.850322e+03
8.6 9.831020e+03 9.840978e+03 9.809158e+03 9.799200e+03
