0.6 1.130711e+04 1.132113e+04 1.131486e+04 1.130084e+04
1.6 1.131439e+04 1.130516e+04 1.129817e+04 1.130740e+04
2.6 1.122221e+04 1.126964e+04 1.126196e+04 1.121453e+04
3.6 1.128280e+04 1.127028e+04 1.126359e+04 1.127611e+04
4.6 1.130225e+04 1.127876e+04 1.128668e+04 1.131017e+04
5.6 1.126874e+04 1.129151e+04 1.130530e+04 1.128253e+04
6.6 1.120387e+04 1.130990e+04 1.131483e+04 1.120879e+04
7.6 1.148783e+04 1.132471e+04 1.131873e+04 1.148185e+04
8.6 1.133062e+04 1.133258e+04 1.131932e+04 1.131736e+04
9.6 1.131060e+04 1.133323e+04 1.131828e+04 1.129565e+04
10.6 1.125217e+04 1.133005e+04 1.131682e+04 1.123894e+04
11.6 1.136648e+04 1.132860e+04 1.131567e+04 1.135355e+04
12.6 1.132035e+04 1.133027e+04 1.131496e+04 1.130503e+04
13.6 1.128218e+04 1.133132e+04 1.131459e+04 1.126546e+04
14.6 1.144475e+04 1.133063e+04 1.131446e+04 1.142858e+04
15.6 1.129770e+04 1.132955e+04 1.131444e+04 1.128259e+04
16.6 1.133708e+04 1.132756e+04 1.131448e+04 1.132399e+04
17.6 1.123693e+04 1.132443e+04 1.131454e+04 1.122704e+04
0.3 1.124890e+04 1.130780e+04 1.131678e+04 1.125788e+04
1.3 1.138159e+04 1.131794e+04 1.130937e+04 1.137302e+04
2.3 1.130612e+04 1.129017e+04 1.127120e+04 1.128714e+04
3.3 1.134468e+04 1.128100e+04 1.125818e+04 1.132186e+04
4.3 1.129304e+04 1.129851e+04 1.127963e+04 1.127416e+04
5.3 1.132803e+04 1.131455e+04 1.130162e+04 1.131510e+04
6.3 1.123857e+04 1.130623e+04 1.129310e+04 1.122544e+04
7.3 1.125851e+04 1.127144e+04 1.125612e+04 1.124319e+04
8.3 1.127587e+04 1.127664e+04 1.125988e+04 1.125910e+04
9.3 1.132835e+04 1.129929e+04 1.128766e+04 1.131671e+04
10.3 1.122394e+04 1.130489e+04 1.130904e+04 1.122810e+04
11.3 1.133086e+04 1.131586e+04 1.132013e+04 1.133513e+04
12.3 1.138085e+04 1.131994e+04 1.132421e+04 1.138512e+04
13.3 1.130373e+04 1.127968e+04 1.132452e+04 1.134858e+04
14.3 1.138011e+04 1.126877e+04 1.132305e+04 1.143438e+04
15.3 1.125887e+04 1.129465e+04 1.132121e+04 1.128543e+04
16.3 1.129204e+04 1.131694e+04 1.131972e+04 1.129482e+04
17.3 1.125953e+04 1.131468e+04 1.131881e+04 1.126366e+04
0.7 1.132803e+04 1.131455e+04 1.130162e+04 1.131510e+04
1.7 1.123857e+04 1.130623e+04 1.129310e+04 1.122544e+04
2.7 1.125851e+04 1.127144e+04 1.125612e+04 1.124319e+04
3.7 1.127587e+04 1.127664e+04 1.125988e+04 1.125910e+04
4.7 1.132835e+04 1.129929e+04 1.128766e+04 1.131671e+04
5.7 1.122394e+04 1.130489e+04 1.130904e+04 1.122810e+04
6.7 1.133086e+04 1.131586e+04 1.132013e+04 1.133513e+04
7.7 1.138085e+04 1.131994e+04 1.132421e+04 1.138512e+04
8.7 1.130373e+04 1.127968e+04 1.132452e+04 1.134858e+04
9.7 1.138011e+04 1.126877e+04 1.132305e+04 1.143438e+04
10.7 1.125887e+04 1.129465e+04 1.132121e+04 1.128543e+04
11.7 1.129204e+04 1.131694e+04 1.131972e+04 1.129482e+04
12.7 1.125953e+04 1.131468e+04 1.131881e+04 1.126366e+04
13.7 1.130140e+04 1.131727e+04 1.131833e+04 1.130246e+04
14.7 1.134085e+04 1.132702e+04 1.131812e+04 1.133195e+04
15.7 1.131636e+04 1.132836e+04 1.131271e+04 1.130070e+04
16.7 1.128885e+04 1.129160e+04 1.127350e+04 1.127075e+04
17.7 1.129274e+04 1.127172e+04 1.125357e+04 1.127459e+04
0.2 1.134085e+04 1.132702e+04 1.131812e+04 1.133195e+04
1.2 1.131636e+04 1.132836e+04 1.131271e+04 1.130070e+04
2.2 1.128885e+04 1.129160e+04 1.127350e+04 1.127075e+04
3.2 1.129274e+04 1.127172e+04 1.125357e+04 1.127459e+04
4.2 1.124504e+04 1.128793e+04 1.127443e+04 1.123154e+04
5.2 1.133477e+04 1.130674e+04 1.129931e+04 1.132734e+04
6.2 1.139914e+04 1.130504e+04 1.131449e+04 1.140859e+04
7.2 1.125096e+04 1.126870e+04 1.132174e+04 1.130400e+04
8.2 1.129036e+04 1.127268e+04 1.132390e+04 1.134158e+04
9.2 1.129171e+04 1.130053e+04 1.132337e+04 1.131455e+04
10.2 1.133335e+04 1.131456e+04 1.132183e+04 1.134063e+04
11.2 1.127076e+04 1.132362e+04 1.132034e+04 1.126749e+04
12.2 1.134847e+04 1.133336e+04 1.131928e+04 1.133439e+04
13.2 1.140111e+04 1.133813e+04 1.131869e+04 1.138167e+04
14.2 1.133590e+04 1.134847e+04 1.131840e+04 1.130583e+04
15.2 1.140884e+04 1.136879e+04 1.131828e+04 1.135833e+04
16.2 1.126224e+04 1.136430e+04 1.131824e+04 1.121618e+04
17.2 1.129316e+04 1.134795e+04 1.131824e+04 1.126345e+04
0.7 1.127064e+04 1.132477e+04 1.131766e+04 1.126353e+04
1.7 1.128816e+04 1.130298e+04 1.129500e+04 1.128018e+04
2.7 1.122811e+04 1.127306e+04 1.126367e+04 1.121871e+04
3.7 1.124297e+04 1.128285e+04 1.127252e+04 1.123264e+04
4.7 1.140435e+04 1.130367e+04 1.129537e+04 1.139606e+04
5.7 1.134208e+04 1.131463e+04 1.131188e+04 1.133934e+04
6.7 1.128006e+04 1.132339e+04 1.132001e+04 1.127668e+04
7.7 1.138854e+04 1.131862e+04 1.132318e+04 1.139310e+04
8.7 1.112315e+04 1.127736e+04 1.132336e+04 1.116915e+04
9.7 1.118020e+04 1.126991e+04 1.132224e+04 1.123253e+04
10.7 1.129115e+04 1.128350e+04 1.132086e+04 1.132851e+04
11.7 1.142451e+04 1.129429e+04 1.131982e+04 1.145004e+04
12.7 1.141350e+04 1.131210e+04 1.131918e+04 1.142057e+04
13.7 1.136922e+04 1.132735e+04 1.131887e+04 1.136073e+04
14.7 1.135569e+04 1.133604e+04 1.131874e+04 1.133839e+04
15.7 1.136759e+04 1.133744e+04 1.131869e+04 1.134884e+04
16.7 1.141658e+04 1.133399e+04 1.131868e+04 1.140127e+04
17.7 1.138172e+04 1.133095e+04 1.131868e+04 1.136945e+04
1.0 1.137580e+04 1.132701e+04 1.131576e+04 1.136455e+04
2.0 1.129499e+04 1.129390e+04 1.128298e+04 1.128407e+04
3.0 1.133698e+04 1.126909e+04 1.125835e+04 1.132624e+04
4.0 1.124541e+04 1.127818e+04 1.127475e+04 1.124198e+04
5.0 1.123089e+04 1.128725e+04 1.129918e+04 1.124281e+04
6.0 1.131020e+04 1.130423e+04 1.131420e+04 1.132017e+04
7.0 1.135445e+04 1.130889e+04 1.130920e+04 1.135476e+04
8.0 1.132317e+04 1.128369e+04 1.127662e+04 1.131610e+04
9.0 1.125818e+04 1.128606e+04 1.127528e+04 1.124741e+04
10.0 1.136367e+04 1.130764e+04 1.129537e+04 1.135140e+04
11.0 1.135084e+04 1.132131e+04 1.131128e+04 1.134081e+04
12.0 1.137311e+04 1.132339e+04 1.131958e+04 1.136930e+04
13.0 1.131281e+04 1.131579e+04 1.131222e+04 1.130923e+04
14.0 1.127004e+04 1.128550e+04 1.127880e+04 1.126334e+04
15.0 1.128030e+04 1.128397e+04 1.127475e+04 1.127108e+04
16.0 1.132649e+04 1.130401e+04 1.129352e+04 1.131599e+04
17.0 1.143936e+04 1.131573e+04 1.130969e+04 1.143331e+04
18.0 1.130843e+04 1.130833e+04 1.131857e+04 1.131867e+04
0.5 1.131020e+04 1.130423e+04 1.131420e+04 1.132017e+04
1.5 1.135445e+04 1.130889e+04 1.130920e+04 1.135476e+04
2.5 1.132317e+04 1.128369e+04 1.127662e+04 1.131610e+04
3.5 1.125818e+04 1.128606e+04 1.127528e+04 1.124741e+04
4.5 1.136367e+04 1.130764e+04 1.129537e+04 1.135140e+04
5.5 1.135084e+04 1.132131e+04 1.131128e+04 1.134081e+04
6.5 1.137311e+04 1.132339e+04 1.131958e+04 1.136930e+04
7.5 1.131281e+04 1.131579e+04 1.131222e+04 1.130923e+04
8.5 1.127004e+04 1.128550e+04 1.127880e+04 1.126334e+04
9.5 1.128030e+04 1.128397e+04 1.127475e+04 1.127108e+04
10.5 1.132649e+04 1.130401e+04 1.129352e+04 1.131599e+04
11.5 1.143936e+04 1.131573e+04 1.130969e+04 1.143331e+04
12.5 1.130843e+04 1.130833e+04 1.131857e+04 1.131867e+04
13.5 1.126449e+04 1.131122e+04 1.132212e+04 1.127539e+04
14.5 1.133502e+04 1.131284e+04 1.132269e+04 1.134487e+04
15.5 1.123854e+04 1.127596e+04 1.132172e+04 1.128430e+04
16.5 1.110131e+04 1.126593e+04 1.132033e+04 1.115572e+04
17.5 1.121389e+04 1.128118e+04 1.131913e+04 1.125184e+04
0.4 1.137311e+04 1.132339e+04 1.131958e+04 1.136930e+04
1.4 1.131281e+04 1.131579e+04 1.131222e+04 1.130923e+04
2.4 1.127004e+04 1.128550e+04 1.127880e+04 1.126334e+04
3.4 1.128030e+04 1.128397e+04 1.127475e+04 1.127108e+04
4.4 1.132649e+04 1.130401e+04 1.129352e+04 1.131599e+04
5.4 1.143936e+04 1.131573e+04 1.130969e+04 1.143331e+04
6.4 1.130843e+04 1.130833e+04 1.131857e+04 1.131867e+04
7.4 1.126449e+04 1.131122e+04 1.132212e+04 1.127539e+04
8.4 1.133502e+04 1.131284e+04 1.132269e+04 1.134487e+04
9.4 1.123854e+04 1.127596e+04 1.132172e+04 1.128430e+04
10.4 1.110131e+04 1.126593e+04 1.132033e+04 1.115572e+04
11.4 1.121389e+04 1.128118e+04 1.131913e+04 1.125184e+04
12.4 1.126560e+04 1.129190e+04 1.131832e+04 1.129202e+04
13.4 1.128525e+04 1.130933e+04 1.131783e+04 1.129375e+04
14.4 1.127303e+04 1.132397e+04 1.131755e+04 1.126661e+04
15.4 1.125243e+04 1.133108e+04 1.131712e+04 1.123847e+04
16.4 1.125753e+04 1.131573e+04 1.129968e+04 1.124148e+04
17.4 1.129667e+04 1.129148e+04 1.127608e+04 1.128127e+04
0.6 1.125243e+04 1.133108e+04 1.131712e+04 1.123847e+04
1.6 1.125753e+04 1.131573e+04 1.129968e+04 1.124148e+04
2.6 1.129667e+04 1.129148e+04 1.127608e+04 1.128127e+04
3.6 1.125882e+04 1.129455e+04 1.128306e+04 1.124733e+04
4.6 1.124615e+04 1.129425e+04 1.130012e+04 1.125203e+04
5.6 1.129418e+04 1.129977e+04 1.131196e+04 1.130637e+04
6.6 1.146062e+04 1.131380e+04 1.131800e+04 1.146483e+04
7.6 1.137398e+04 1.132429e+04 1.132014e+04 1.136984e+04
8.6 1.128908e+04 1.133064e+04 1.132014e+04 1.127858e+04
9.6 1.126051e+04 1.133277e+04 1.131916e+04 1.124690e+04
10.6 1.142128e+04 1.134039e+04 1.131803e+04 1.139892e+04
11.6 1.127283e+04 1.136171e+04 1.131711e+04 1.122824e+04
12.6 1.139275e+04 1.135861e+04 1.131652e+04 1.135066e+04
13.6 1.124937e+04 1.134263e+04 1.131615e+04 1.122289e+04
14.6 1.115428e+04 1.132088e+04 1.131593e+04 1.114932e+04
15.6 1.122967e+04 1.127310e+04 1.131578e+04 1.127235e+04
16.6 1.129491e+04 1.126258e+04 1.131565e+04 1.134798e+04
17.6 1.129680e+04 1.128052e+04 1.131554e+04 1.133182e+04
0.7 1.123962e+04 1.129719e+04 1.131498e+04 1.125742e+04
1.7 1.125378e+04 1.129113e+04 1.129349e+04 1.125613e+04
2.7 1.125136e+04 1.126471e+04 1.125658e+04 1.124324e+04
3.7 1.129933e+04 1.127364e+04 1.126184e+04 1.128752e+04
4.7 1.124357e+04 1.129355e+04 1.128694e+04 1.123696e+04
5.7 1.130847e+04 1.131052e+04 1.130624e+04 1.130419e+04
6.7 1.128614e+04 1.132368e+04 1.131592e+04 1.127839e+04
7.7 1.137563e+04 1.133043e+04 1.131974e+04 1.136494e+04
8.7 1.140257e+04 1.134062e+04 1.132012e+04 1.138208e+04
9.7 1.140897e+04 1.136173e+04 1.131884e+04 1.136608e+04
10.7 1.148227e+04 1.134784e+04 1.131718e+04 1.145161e+04
11.7 1.132468e+04 1.127962e+04 1.131587e+04 1.136094e+04
12.7 1.133558e+04 1.124813e+04 1.131502e+04 1.140247e+04
13.7 1.134186e+04 1.127007e+04 1.131452e+04 1.138632e+04
14.7 1.140322e+04 1.129103e+04 1.131425e+04 1.142644e+04
15.7 1.126470e+04 1.130530e+04 1.131408e+04 1.127348e+04
16.7 1.131128e+04 1.131759e+04 1.131397e+04 1.130767e+04
17.7 1.132677e+04 1.132490e+04 1.131388e+04 1.131575e+04
0.8 1.134276e+04 1.135659e+04 1.131276e+04 1.129894e+04
1.8 1.136044e+04 1.132457e+04 1.129035e+04 1.132622e+04
2.8 1.133201e+04 1.128568e+04 1.126560e+04 1.131193e+04
3.8 1.129182e+04 1.128284e+04 1.127505e+04 1.128403e+04
4.8 1.130568e+04 1.128200e+04 1.129505e+04 1.131873e+04
5.8 1.133605e+04 1.129118e+04 1.130820e+04 1.135308e+04
6.8 1.133461e+04 1.130944e+04 1.131484e+04 1.134002e+04
7.8 1.116726e+04 1.132301e+04 1.131717e+04 1.116142e+04
8.8 1.131535e+04 1.132820e+04 1.131715e+04 1.130431e+04
9.8 1.133677e+04 1.134617e+04 1.131605e+04 1.130664e+04
10.8 1.133940e+04 1.136112e+04 1.131484e+04 1.129312e+04
11.8 1.144131e+04 1.135018e+04 1.131391e+04 1.140504e+04
12.8 1.129293e+04 1.131077e+04 1.131335e+04 1.129551e+04
13.8 1.132229e+04 1.125823e+04 1.131305e+04 1.137711e+04
14.8 1.128865e+04 1.125903e+04 1.131290e+04 1.134252e+04
15.8 1.123977e+04 1.127896e+04 1.131283e+04 1.127363e+04
16.8 1.127123e+04 1.129576e+04 1.131279e+04 1.128826e+04
17.8 1.120719e+04 1.127109e+04 1.131277e+04 1.124886e+04
0.7 1.137273e+04 1.135060e+04 1.131236e+04 1.133449e+04
1.7 1.128531e+04 1.131456e+04 1.129100e+04 1.126175e+04
2.7 1.122467e+04 1.126955e+04 1.125529e+04 1.121041e+04
3.7 1.129205e+04 1.126979e+04 1.126108e+04 1.128334e+04
4.7 1.125646e+04 1.128707e+04 1.128571e+04 1.125510e+04
5.7 1.137250e+04 1.130435e+04 1.130414e+04 1.137229e+04
6.7 1.131622e+04 1.132007e+04 1.131391e+04 1.131007e+04
7.7 1.122064e+04 1.132903e+04 1.131765e+04 1.120926e+04
8.7 1.144568e+04 1.133134e+04 1.131806e+04 1.143241e+04
9.7 1.136138e+04 1.132938e+04 1.131687e+04 1.134888e+04
10.7 1.138779e+04 1.132641e+04 1.131536e+04 1.137673e+04
11.7 1.137026e+04 1.130374e+04 1.131411e+04 1.138063e+04
12.7 1.125970e+04 1.125863e+04 1.131334e+04 1.131441e+04
13.7 1.124816e+04 1.126266e+04 1.131290e+04 1.129839e+04
14.7 1.131512e+04 1.129252e+04 1.131267e+04 1.133528e+04
15.7 1.128903e+04 1.130838e+04 1.131254e+04 1.129319e+04
16.7 1.124353e+04 1.130641e+04 1.131245e+04 1.124957e+04
