0.3 9.798535e+03 9.822277e+03 9.775263e+03 9.751522e+03
1.3 9.798091e+03 9.801018e+03 9.783799e+03 9.780873e+03
2.3 9.785052e+03 9.784419e+03 9.811710e+03 9.812343e+03
3.3 9.731112e+03 9.769898e+03 9.812630e+03 9.773843e+03
4.3 9.751883e+03 9.814487e+03 9.796535e+03 9.733930e+03
5.3 9.794353e+03 9.829962e+03 9.782994e+03 9.747385e+03
6.3 9.747658e+03 9.785031e+03 9.775993e+03 9.738620e+03
7.3 9.782095e+03 9.744697e+03 9.777812e+03 9.815210e+03
8.3 9.779620e+03 9.748241e+03 9.804694e+03 9.836072e+03
9.3 9.811363e+03 9.749609e+03 9.812601e+03 9.874355e+03
10.3 9.786347e+03 9.788223e+03 9.798373e+03 9.796497e+03
11.3 9.806488e+03 9.820203e+03 9.784859e+03 9.771143e+03
12.3 9.814216e+03 9.808483e+03 9.777195e+03 9.782928e+03
13.3 9.788244e+03 9.815418e+03 9.774026e+03 9.746851e+03
14.3 9.829181e+03 9.787229e+03 9.773378e+03 9.815331e+03
15.3 9.773652e+03 9.744466e+03 9.774101e+03 9.803287e+03
16.3 9.766051e+03 9.717886e+03 9.775246e+03 9.823412e+03
17.3 9.751409e+03 9.721194e+03 9.776294e+03 9.806509e+03
0.1 9.747658e+03 9.785031e+03 9.775993e+03 9.738620e+03
1.1 9.782095e+03 9.744697e+03 9.777812e+03 9.815210e+03
2.1 9.779620e+03 9.748241e+03 9.804694e+03 9.836072e+03
3.1 9.811363e+03 9.749609e+03 9.812601e+03 9.874355e+03
4.1 9.786347e+03 9.788223e+03 9.798373e+03 9.796497e+03
5.1 9.806488e+03 9.820203e+03 9.784859e+03 9.771143e+03
6.1 9.814216e+03 9.808483e+03 9.777195e+03 9.782928e+03
7.1 9.788244e+03 9.815418e+03 9.774026e+03 9.746851e+03
8.1 9.829181e+03 9.787229e+03 9.773378e+03 9.815331e+03
9.1 9.773652e+03 9.744466e+03 9.774101e+03 9.803287e+03
10.1 9.766051e+03 9.717886e+03 9.775246e+03 9.823412e+03
11.1 9.751409e+03 9.721194e+03 9.776294e+03 9.806509e+03
12.1 9.721973e+03 9.784505e+03 9.777020e+03 9.714488e+03
13.1 9.950154e+03 9.803665e+03 9.777478e+03 9.923967e+03
14.1 9.710766e+03 9.770795e+03 9.777766e+03 9.717737e+03
15.1 9.699197e+03 9.756409e+03 9.777956e+03 9.720743e+03
16.1 9.705957e+03 9.746895e+03 9.778101e+03 9.737162e+03
17.1 9.607576e+03 9.728757e+03 9.778223e+03 9.657043e+03
0.7 9.867341e+03 9.807896e+03 9.779418e+03 9.838863e+03
1.7 9.782230e+03 9.790112e+03 9.800153e+03 9.792271e+03
2.7 9.803728e+03 9.774643e+03 9.819166e+03 9.848252e+03
3.7 9.814869e+03 9.796340e+03 9.808883e+03 9.827412e+03
4.7 9.811945e+03 9.842109e+03 9.792276e+03 9.762112e+03
5.7 9.730721e+03 9.810666e+03 9.781929e+03 9.701985e+03
6.7 9.720823e+03 9.771203e+03 9.776892e+03 9.726512e+03
7.7 9.716450e+03 9.769115e+03 9.775106e+03 9.722442e+03
8.7 9.719041e+03 9.749988e+03 9.775230e+03 9.744283e+03
9.7 9.680396e+03 9.739566e+03 9.776163e+03 9.716993e+03
10.7 9.850335e+03 9.784695e+03 9.777133e+03 9.842772e+03
11.7 9.843381e+03 9.791045e+03 9.777846e+03 9.830182e+03
12.7 9.776473e+03 9.793660e+03 9.778282e+03 9.761095e+03
13.7 9.817203e+03 9.801188e+03 9.778505e+03 9.794520e+03
14.7 9.739422e+03 9.768755e+03 9.778619e+03 9.749286e+03
15.7 9.756767e+03 9.769624e+03 9.778683e+03 9.765826e+03
16.7 9.845166e+03 9.812506e+03 9.778727e+03 9.811387e+03
17.7 9.762562e+03 9.797439e+03 9.781927e+03 9.747050e+03
1.0 9.762562e+03 9.797439e+03 9.781927e+03 9.747050e+03
2.0 9.748231e+03 9.780393e+03 9.808293e+03 9.776131e+03
3.0 9.730863e+03 9.760821e+03 9.818548e+03 9.788590e+03
4.0 9.669687e+03 9.740110e+03 9.804347e+03 9.733924e+03
5.0 9.825668e+03 9.794832e+03 9.789336e+03 9.820172e+03
6.0 9.856685e+03 9.842301e+03 9.780433e+03 9.794817e+03
7.0 9.861617e+03 9.823407e+03 9.776526e+03 9.814735e+03
8.0 9.849706e+03 9.810399e+03 9.775441e+03 9.814748e+03
9.0 9.830419e+03 9.774188e+03 9.775927e+03 9.832158e+03
10.0 9.900700e+03 9.762537e+03 9.776956e+03 9.915120e+03
11.0 9.843480e+03 9.818041e+03 9.777946e+03 9.803385e+03
12.0 9.770114e+03 9.812322e+03 9.778627e+03 9.736419e+03
13.0 9.684557e+03 9.763860e+03 9.779048e+03 9.699745e+03
14.0 9.693760e+03 9.741963e+03 9.779282e+03 9.731080e+03
15.0 9.760508e+03 9.758318e+03 9.779422e+03 9.781611e+03
16.0 9.716543e+03 9.774233e+03 9.779518e+03 9.721828e+03
17.0 9.831560e+03 9.829403e+03 9.779596e+03 9.781753e+03
18.0 9.747779e+03 9.822689e+03 9.779668e+03 9.704758e+03
0.1 9.784845e+03 9.810040e+03 9.777560e+03 9.752365e+03
1.1 9.736720e+03 9.769079e+03 9.782627e+03 9.750269e+03
2.1 9.824898e+03 9.760087e+03 9.810495e+03 9.875306e+03
3.1 9.767723e+03 9.753471e+03 9.815838e+03 9.830090e+03
4.1 9.855937e+03 9.796671e+03 9.800332e+03 9.859598e+03
5.1 9.867384e+03 9.827511e+03 9.785572e+03 9.825444e+03
6.1 9.824898e+03 9.789571e+03 9.777492e+03 9.812819e+03
7.1 9.840400e+03 9.760799e+03 9.773785e+03 9.853387e+03
8.1 9.813015e+03 9.753206e+03 9.772817e+03 9.832626e+03
9.1 9.820525e+03 9.734345e+03 9.773222e+03 9.859403e+03
10.1 9.831000e+03 9.763882e+03 9.774096e+03 9.841214e+03
11.1 9.973452e+03 9.835911e+03 9.774832e+03 9.912372e+03
12.1 9.746315e+03 9.827544e+03 9.775287e+03 9.694058e+03
13.1 9.697428e+03 9.808556e+03 9.775469e+03 9.664341e+03
14.1 9.711203e+03 9.783306e+03 9.775487e+03 9.703384e+03
15.1 9.725784e+03 9.803535e+03 9.775420e+03 9.697669e+03
16.1 9.749997e+03 9.815306e+03 9.775313e+03 9.710004e+03
17.1 9.716356e+03 9.774510e+03 9.775578e+03 9.717425e+03
0.6 9.716356e+03 9.774510e+03 9.775578e+03 9.717425e+03
1.6 9.690757e+03 9.752503e+03 9.794187e+03 9.732441e+03
2.6 9.747404e+03 9.751989e+03 9.815103e+03 9.810518e+03
3.6 9.751336e+03 9.764813e+03 9.806291e+03 9.792815e+03
4.6 9.837636e+03 9.809142e+03 9.789723e+03 9.818217e+03
5.6 9.827881e+03 9.796147e+03 9.778438e+03 9.810173e+03
6.6 9.757614e+03 9.754983e+03 9.772980e+03 9.775611e+03
7.6 9.807198e+03 9.749465e+03 9.770918e+03 9.828652e+03
8.6 9.777862e+03 9.782539e+03 9.770825e+03 9.766148e+03
