1.157482e+04 1.145453e+04 1.133537e+04 1.169398e+04
1.160695e+04 1.145196e+04 1.133375e+04 1.172516e+04
1.135272e+04 1.144949e+04 1.133287e+04 1.146934e+04
1.147698e+04 1.144711e+04 1.140199e+04 1.152210e+04
1.153963e+04 1.144481e+04 1.155437e+04 1.143007e+04
1.134745e+04 1.144260e+04 1.155539e+04 1.123466e+04
1.145619e+04 1.144047e+04 1.154445e+04 1.135221e+04
1.150133e+04 1.143843e+04 1.150147e+04 1.143829e+04
1.142169e+04 1.143648e+04 1.141800e+04 1.144017e+04
1.147074e+04 1.143462e+04 1.147011e+04 1.143525e+04
1.156721e+04 1.143284e+04 1.155438e+04 1.144567e+04
1.146927e+04 1.143114e+04 1.150824e+04 1.139217e+04
1.131779e+04 1.142953e+04 1.147867e+04 1.126865e+04
1.135751e+04 1.142802e+04 1.144511e+04 1.134043e+04
1.147710e+04 1.142665e+04 1.153891e+04 1.136485e+04
1.163156e+04 1.142536e+04 1.156850e+04 1.148842e+04
1.136421e+04 1.142411e+04 1.146491e+04 1.132341e+04
1.141773e+04 1.142292e+04 1.137464e+04 1.146600e+04
1.148992e+04 1.142178e+04 1.139117e+04 1.152053e+04
1.135117e+04 1.143111e+04 1.139865e+04 1.138362e+04
1.136007e+04 1.158576e+04 1.151145e+04 1.143438e+04
1.154340e+04 1.170843e+04 1.160321e+04 1.164862e+04
1.170147e+04 1.163142e+04 1.155757e+04 1.177531e+04
1.157372e+04 1.151516e+04 1.154549e+04 1.154339e+04
1.145054e+04 1.144007e+04 1.146715e+04 1.142346e+04
1.139323e+04 1.140265e+04 1.136602e+04 1.142986e+04
1.132991e+04 1.138990e+04 1.130576e+04 1.141405e+04
1.129944e+04 1.143148e+04 1.132266e+04 1.140826e+04
1.164317e+04 1.162124e+04 1.150319e+04 1.176122e+04
1.183507e+04 1.167625e+04 1.155734e+04 1.195398e+04
1.137693e+04 1.157517e+04 1.146461e+04 1.148749e+04
1.133215e+04 1.147634e+04 1.142681e+04 1.138169e+04
1.131913e+04 1.141860e+04 1.140106e+04 1.133668e+04
1.107370e+04 1.139362e+04 1.134769e+04 1.111963e+04
1.112520e+04 1.139248e+04 1.131249e+04 1.120520e+04
1.127425e+04 1.152270e+04 1.142166e+04 1.137528e+04
1.161475e+04 1.164817e+04 1.153745e+04 1.172546e+04
1.163817e+04 1.159471e+04 1.151228e+04 1.172060e+04
1.162202e+04 1.149776e+04 1.152617e+04 1.159361e+04
1.147624e+04 1.143373e+04 1.147327e+04 1.143670e+04
1.138410e+04 1.140178e+04 1.140911e+04 1.137677e+04
1.156631e+04 1.139104e+04 1.150782e+04 1.144954e+04
1.170968e+04 1.139193e+04 1.153603e+04 1.156558e+04
1.141705e+04 1.139779e+04 1.150173e+04 1.131311e+04
1.159844e+04 1.140409e+04 1.148303e+04 1.151949e+04
1.138704e+04 1.140892e+04 1.149729e+04 1.129866e+04
1.161222e+04 1.141185e+04 1.160595e+04 1.141812e+04
1.142446e+04 1.141355e+04 1.155713e+04 1.128088e+04
1.142299e+04 1.141450e+04 1.145677e+04 1.138072e+04
1.147584e+04 1.141511e+04 1.145301e+04 1.143795e+04
1.134942e+04 1.141560e+04 1.140569e+04 1.135934e+04
1.132633e+04 1.145095e+04 1.137043e+04 1.140685e+04
1.148375e+04 1.163307e+04 1.150868e+04 1.160814e+04
1.156461e+04 1.168319e+04 1.154369e+04 1.170411e+04
1.115700e+04 1.158410e+04 1.144372e+04 1.129738e+04
1.147290e+04 1.148251e+04 1.137002e+04 1.158539e+04
1.153763e+04 1.142611e+04 1.143044e+04 1.153330e+04
1.135907e+04 1.140061e+04 1.143131e+04 1.132838e+04
1.117583e+04 1.139457e+04 1.136615e+04 1.120426e+04
1.133521e+04 1.139841e+04 1.133738e+04 1.139624e+04
1.146357e+04 1.140578e+04 1.147987e+04 1.138948e+04
1.165136e+04 1.141238e+04 1.155826e+04 1.150549e+04
1.149265e+04 1.141710e+04 1.152934e+04 1.138041e+04
1.156030e+04 1.142019e+04 1.150382e+04 1.147667e+04
1.148636e+04 1.148764e+04 1.148598e+04 1.148802e+04
1.144421e+04 1.166449e+04 1.157787e+04 1.153083e+04
1.135170e+04 1.166553e+04 1.153346e+04 1.148377e+04
1.123667e+04 1.155660e+04 1.142002e+04 1.137325e+04
1.143054e+04 1.147035e+04 1.139558e+04 1.150532e+04
1.147459e+04 1.142424e+04 1.138309e+04 1.151574e+04
1.146288e+04 1.140488e+04 1.147441e+04 1.139335e+04
1.161457e+04 1.140201e+04 1.151902e+04 1.149756e+04
1.158888e+04 1.140718e+04 1.149037e+04 1.150569e+04
1.165908e+04 1.141428e+04 1.151725e+04 1.155612e+04
1.154372e+04 1.142027e+04 1.145666e+04 1.150733e+04
1.143343e+04 1.142434e+04 1.136225e+04 1.149553e+04
1.135973e+04 1.142669e+04 1.134426e+04 1.144217e+04
1.165036e+04 1.142806e+04 1.148249e+04 1.159593e+04
1.175274e+04 1.142887e+04 1.150744e+04 1.167418e+04
1.157857e+04 1.142941e+04 1.147394e+04 1.153404e+04
1.148858e+04 1.142983e+04 1.144699e+04 1.147141e+04
1.165826e+04 1.143021e+04 1.147713e+04 1.161134e+04
1.156048e+04 1.143059e+04 1.155203e+04 1.143904e+04
1.129278e+04 1.143095e+04 1.148618e+04 1.123755e+04
1.139265e+04 1.143131e+04 1.142050e+04 1.140346e+04
1.144502e+04 1.143166e+04 1.144228e+04 1.143440e+04
1.152649e+04 1.143201e+04 1.140448e+04 1.155402e+04
1.147597e+04 1.147613e+04 1.138389e+04 1.156820e+04
1.150000e+04 1.164319e+04 1.151256e+04 1.163063e+04
1.142562e+04 1.167148e+04 1.152842e+04 1.156869e+04
1.143999e+04 1.157324e+04 1.150984e+04 1.150340e+04
1.163555e+04 1.148614e+04 1.150598e+04 1.161570e+04
1.141273e+04 1.143683e+04 1.142452e+04 1.142504e+04
1.132046e+04 1.141614e+04 1.142469e+04 1.131191e+04
1.143045e+04 1.141149e+04 1.152166e+04 1.132029e+04
1.135954e+04 1.141539e+04 1.149060e+04 1.128432e+04
1.147233e+04 1.142179e+04 1.146272e+04 1.143140e+04
1.141750e+04 1.142749e+04 1.142340e+04 1.142159e+04
1.136352e+04 1.143118e+04 1.137062e+04 1.142408e+04
1.149116e+04 1.143325e+04 1.146332e+04 1.146109e+04
1.148015e+04 1.143429e+04 1.154790e+04 1.136655e+04
1.155613e+04 1.143476e+04 1.151700e+04 1.147389e+04
1.151026e+04 1.143498e+04 1.150649e+04 1.143875e+04
1.155128e+04 1.143510e+04 1.143699e+04 1.154940e+04
1.154384e+04 1.143517e+04 1.140718e+04 1.157183e+04
1.140994e+04 1.143515e+04 1.150665e+04 1.133845e+04
1.132333e+04 1.143509e+04 1.149289e+04 1.126553e+04
1.111972e+04 1.143502e+04 1.139977e+04 1.115497e+04
1.119982e+04 1.143495e+04 1.136869e+04 1.126608e+04
1.157181e+04 1.143484e+04 1.142559e+04 1.158106e+04
1.145717e+04 1.143471e+04 1.145457e+04 1.143730e+04
1.155642e+04 1.143459e+04 1.154369e+04 1.144732e+04
1.130675e+04 1.143446e+04 1.151854e+04 1.122267e+04
1.137159e+04 1.143431e+04 1.141694e+04 1.138896e+04
1.133995e+04 1.143415e+04 1.136796e+04 1.140614e+04
1.129972e+04 1.143397e+04 1.142380e+04 1.130989e+04
1.149347e+04 1.143377e+04 1.141364e+04 1.151361e+04
1.143360e+04 1.146555e+04 1.138937e+04 1.150978e+04
1.154938e+04 1.162989e+04 1.151502e+04 1.166425e+04
1.153690e+04 1.167727e+04 1.154620e+04 1.166796e+04
1.150477e+04 1.158354e+04 1.151765e+04 1.157065e+04
1.160692e+04 1.149232e+04 1.151771e+04 1.158153e+04
1.146988e+04 1.143897e+04 1.143821e+04 1.147064e+04
1.125435e+04 1.141569e+04 1.135278e+04 1.131726e+04
1.144187e+04 1.140935e+04 1.130537e+04 1.154585e+04
1.163383e+04 1.141222e+04 1.136089e+04 1.168516e+04
1.157648e+04 1.141809e+04 1.145945e+04 1.153512e+04
1.153959e+04 1.142355e+04 1.144839e+04 1.151475e+04
1.143572e+04 1.142705e+04 1.147447e+04 1.138830e+04
1.151751e+04 1.142889e+04 1.145934e+04 1.148706e+04
1.144349e+04 1.142965e+04 1.138587e+04 1.148727e+04
1.126683e+04 1.142980e+04 1.133698e+04 1.135965e+04
1.149009e+04 1.142968e+04 1.143826e+04 1.148152e+04
1.161311e+04 1.142945e+04 1.151630e+04 1.152627e+04
1.149741e+04 1.142918e+04 1.149793e+04 1.142867e+04
1.160223e+04 1.142890e+04 1.153034e+04 1.150079e+04
1.142302e+04 1.142860e+04 1.147355e+04 1.137808e+04
1.131819e+04 1.142828e+04 1.137613e+04 1.137034e+04
1.131882e+04 1.146531e+04 1.135083e+04 1.143330e+04
1.146702e+04 1.162209e+04 1.148036e+04 1.160875e+04
1.154139e+04 1.165096e+04 1.150368e+04 1.168868e+04
1.154236e+04 1.156058e+04 1.146075e+04 1.164219e+04
1.141045e+04 1.147608e+04 1.143153e+04 1.145501e+04
1.151381e+04 1.143025e+04 1.146213e+04 1.148193e+04
1.159381e+04 1.140995e+04 1.156596e+04 1.143781e+04
1.160741e+04 1.140487e+04 1.153184e+04 1.148044e+04
1.153596e+04 1.140792e+04 1.150917e+04 1.143471e+04
1.143028e+04 1.141358e+04 1.146352e+04 1.138033e+04
1.138140e+04 1.141838e+04 1.150507e+04 1.129472e+04
1.153438e+04 1.142148e+04 1.152260e+04 1.143325e+04
1.149252e+04 1.142311e+04 1.147619e+04 1.143944e+04
1.143748e+04 1.142375e+04 1.150183e+04 1.135940e+04
1.150271e+04 1.146187e+04 1.148309e+04 1.148150e+04
1.159488e+04 1.165851e+04 1.158984e+04 1.166355e+04
1.149765e+04 1.173067e+04 1.160455e+04 1.162376e+04
1.135087e+04 1.161977e+04 1.147471e+04 1.149593e+04
1.144168e+04 1.150354e+04 1.141121e+04 1.153401e+04
1.135522e+04 1.143394e+04 1.137502e+04 1.141414e+04
1.129261e+04 1.140315e+04 1.132121e+04 1.137455e+04
1.133354e+04 1.139434e+04 1.128395e+04 1.144393e+04
1.143973e+04 1.139759e+04 1.127525e+04 1.156207e+04
1.141385e+04 1.140499e+04 1.138871e+04 1.143013e+04
1.151673e+04 1.141204e+04 1.151583e+04 1.141293e+04
1.151551e+04 1.141671e+04 1.147007e+04 1.146215e+04
1.132930e+04 1.141930e+04 1.137993e+04 1.136867e+04
1.137715e+04 1.142051e+04 1.141070e+04 1.138696e+04
1.134514e+04 1.142093e+04 1.146324e+04 1.130284e+04
1.126491e+04 1.142100e+04 1.150030e+04 1.118562e+04
1.146688e+04 1.142093e+04 1.153467e+04 1.135314e+04
1.157042e+04 1.142081e+04 1.147337e+04 1.151787e+04
1.147901e+04 1.142068e+04 1.146741e+04 1.143228e+04
1.141980e+04 1.142055e+04 1.143870e+04 1.140165e+04
1.136259e+04 1.142043e+04 1.153435e+04 1.124867e+04
1.161662e+04 1.142032e+04 1.166553e+04 1.137141e+04
1.157694e+04 1.142022e+04 1.158161e+04 1.141555e+04
1.143924e+04 1.142013e+04 1.151104e+04 1.134833e+04
1.164038e+04 1.142005e+04 1.148954e+04 1.157089e+04
1.132509e+04 1.142124e+04 1.139635e+04 1.134998e+04
1.142939e+04 1.151199e+04 1.140143e+04 1.153994e+04
1.154105e+04 1.167337e+04 1.152018e+04 1.169424e+04
1.136518e+04 1.164858e+04 1.149049e+04 1.152327e+04
1.134283e+04 1.153949e+04 1.144392e+04 1.143840e+04
1.131904e+04 1.146568e+04 1.140171e+04 1.138301e+04
1.156306e+04 1.157706e+04 1.148948e+04 1.165065e+04
1.161929e+04 1.172239e+04 1.160742e+04 1.173427e+04
1.167582e+04 1.165413e+04 1.152372e+04 1.180623e+04
1.155039e+04 1.152639e+04 1.142697e+04 1.164981e+04
1.163413e+04 1.144087e+04 1.139252e+04 1.168248e+04
1.137512e+04 1.140160e+04 1.139860e+04 1.137812e+04
1.148138e+04 1.138857e+04 1.151626e+04 1.135368e+04
1.138258e+04 1.139029e+04 1.150206e+04 1.127081e+04
1.131771e+04 1.139821e+04 1.141082e+04 1.130510e+04
1.140164e+04 1.140677e+04 1.140083e+04 1.140758e+04
1.137608e+04 1.141292e+04 1.138934e+04 1.139966e+04
1.159752e+04 1.141661e+04 1.148271e+04 1.153142e+04
1.173053e+04 1.141857e+04 1.154833e+04 1.160076e+04
1.156024e+04 1.141944e+04 1.146235e+04 1.151732e+04
1.158249e+04 1.141983e+04 1.144183e+04 1.156050e+04
1.145331e+04 1.141999e+04 1.147155e+04 1.140176e+04
1.141923e+04 1.142007e+04 1.140941e+04 1.142989e+04
1.137800e+04 1.142010e+04 1.142143e+04 1.137667e+04
1.187746e+04 1.142011e+04 1.153130e+04 1.176627e+04
1.158976e+04 1.142010e+04 1.150766e+04 1.150220e+04
1.137408e+04 1.142008e+04 1.149459e+04 1.129956e+04
1.144208e+04 1.142004e+04 1.145644e+04 1.140567e+04
1.136040e+04 1.141998e+04 1.150382e+04 1.127656e+04
1.136374e+04 1.141989e+04 1.152818e+04 1.125545e+04
1.134939e+04 1.141978e+04 1.143482e+04 1.133435e+04
1.126459e+04 1.141965e+04 1.139024e+04 1.129400e+04
1.148285e+04 1.142012e+04 1.139542e+04 1.150754e+04
1.145805e+04 1.150285e+04 1.143783e+04 1.152308e+04
1.153106e+04 1.167432e+04 1.156657e+04 1.163881e+04
1.171170e+04 1.166039e+04 1.153158e+04 1.184051e+04
1.139709e+04 1.154852e+04 1.141575e+04 1.152985e+04
1.154106e+04 1.146128e+04 1.138429e+04 1.161805e+04
1.130756e+04 1.141397e+04 1.144644e+04 1.127510e+04
1.123817e+04 1.139495e+04 1.141735e+04 1.121578e+04
