0.1 1.131002e+03 1.064321e+03 1.075003e+03 1.141684e+03
1.1 1.021814e+03 1.068321e+03 1.074685e+03 1.028179e+03
2.1 1.171041e+03 1.070241e+03 1.071212e+03 1.172012e+03
3.1 1.048202e+03 1.070874e+03 1.067967e+03 1.045294e+03
4.1 1.161789e+03 1.074375e+03 1.069554e+03 1.156967e+03
5.1 1.013271e+03 1.078049e+03 1.072511e+03 1.007733e+03
6.1 1.072610e+03 1.080097e+03 1.074449e+03 1.066962e+03
7.1 1.067668e+03 1.080979e+03 1.075417e+03 1.062107e+03
8.1 1.057684e+03 1.080426e+03 1.075781e+03 1.053039e+03
9.1 9.798148e+02 1.070528e+03 1.075789e+03 9.850751e+02
10.1 1.013335e+03 1.061186e+03 1.075645e+03 1.027794e+03
11.1 1.078753e+03 1.074531e+03 1.075489e+03 1.079711e+03
12.1 1.167942e+03 1.102498e+03 1.075377e+03 1.140821e+03
13.1 1.164528e+03 1.102999e+03 1.075315e+03 1.136844e+03
14.1 1.253330e+03 1.083093e+03 1.075292e+03 1.245529e+03
15.1 1.160307e+03 1.073552e+03 1.075290e+03 1.162046e+03
16.1 1.198945e+03 1.074823e+03 1.075299e+03 1.199422e+03
17.1 1.020009e+03 1.077768e+03 1.075313e+03 1.017554e+03
0.2 9.911671e+02 1.042197e+03 1.075430e+03 1.024400e+03
1.2 1.138217e+03 1.069575e+03 1.074899e+03 1.143541e+03
2.2 1.106443e+03 1.080307e+03 1.071074e+03 1.097210e+03
3.2 1.056509e+03 1.083687e+03 1.068618e+03 1.041439e+03
4.2 1.137362e+03 1.086349e+03 1.070598e+03 1.121610e+03
5.2 1.274140e+03 1.087390e+03 1.073358e+03 1.260108e+03
6.2 1.166855e+03 1.086754e+03 1.075048e+03 1.155149e+03
7.2 1.148857e+03 1.081184e+03 1.075860e+03 1.143533e+03
8.2 1.082556e+03 1.072117e+03 1.076134e+03 1.086573e+03
9.2 1.059895e+03 1.071790e+03 1.076101e+03 1.064206e+03
10.2 1.119896e+03 1.073367e+03 1.075944e+03 1.122473e+03
11.2 1.093735e+03 1.076377e+03 1.075517e+03 1.092874e+03
12.2 1.108329e+03 1.077343e+03 1.072253e+03 1.103239e+03
13.2 1.093613e+03 1.077489e+03 1.069573e+03 1.085696e+03
14.2 1.073333e+03 1.075416e+03 1.071073e+03 1.068990e+03
15.2 1.104736e+03 1.068073e+03 1.073532e+03 1.110196e+03
16.2 1.228684e+03 1.069034e+03 1.075085e+03 1.234735e+03
17.2 1.146164e+03 1.067689e+03 1.075843e+03 1.154318e+03
1.0 1.093735e+03 1.076377e+03 1.075517e+03 1.092874e+03
2.0 1.108329e+03 1.077343e+03 1.072253e+03 1.103239e+03
3.0 1.093613e+03 1.077489e+03 1.069573e+03 1.085696e+03
4.0 1.073333e+03 1.075416e+03 1.071073e+03 1.068990e+03
5.0 1.104736e+03 1.068073e+03 1.073532e+03 1.110196e+03
6.0 1.228684e+03 1.069034e+03 1.075085e+03 1.234735e+03
7.0 1.146164e+03 1.067689e+03 1.075843e+03 1.154318e+03
8.0 1.105709e+03 1.069521e+03 1.076110e+03 1.112298e+03
9.0 1.079409e+03 1.076306e+03 1.076091e+03 1.079194e+03
10.0 1.152879e+03 1.082036e+03 1.075952e+03 1.146794e+03
11.0 1.086164e+03 1.084794e+03 1.075808e+03 1.077178e+03
12.0 9.938510e+02 1.085256e+03 1.075290e+03 9.838846e+02
13.0 1.054774e+03 1.081303e+03 1.071369e+03 1.044841e+03
14.0 1.012509e+03 1.077480e+03 1.067997e+03 1.003025e+03
15.0 1.074078e+03 1.078664e+03 1.069698e+03 1.065112e+03
16.0 1.251219e+03 1.081342e+03 1.072766e+03 1.242643e+03
17.0 1.147137e+03 1.083162e+03 1.074839e+03 1.138814e+03
18.0 1.087830e+03 1.081489e+03 1.075884e+03 1.082225e+03
0.1 1.086164e+03 1.084794e+03 1.075808e+03 1.077178e+03
1.1 9.938510e+02 1.085256e+03 1.075290e+03 9.838846e+02
2.1 1.054774e+03 1.081303e+03 1.071369e+03 1.044841e+03
3.1 1.012509e+03 1.077480e+03 1.067997e+03 1.003025e+03
4.1 1.074078e+03 1.078664e+03 1.069698e+03 1.065112e+03
5.1 1.251219e+03 1.081342e+03 1.072766e+03 1.242643e+03
6.1 1.147137e+03 1.083162e+03 1.074839e+03 1.138814e+03
7.1 1.087830e+03 1.081489e+03 1.075884e+03 1.082225e+03
8.1 1.017995e+03 1.071937e+03 1.076240e+03 1.022298e+03
9.1 1.055154e+03 1.068879e+03 1.076225e+03 1.062499e+03
10.1 1.103220e+03 1.093948e+03 1.076051e+03 1.085322e+03
11.1 1.206479e+03 1.112784e+03 1.075799e+03 1.169494e+03
12.1 1.094794e+03 1.104175e+03 1.073509e+03 1.064128e+03
13.1 1.159817e+03 1.090231e+03 1.070905e+03 1.140492e+03
14.1 1.098424e+03 1.082949e+03 1.071774e+03 1.087249e+03
15.1 1.067778e+03 1.078863e+03 1.073696e+03 1.062611e+03
16.1 1.027495e+03 1.078193e+03 1.075015e+03 1.024317e+03
17.1 1.102056e+03 1.079876e+03 1.075686e+03 1.097867e+03
0.8 1.206479e+03 1.112784e+03 1.075799e+03 1.169494e+03
1.8 1.094794e+03 1.104175e+03 1.073509e+03 1.064128e+03
2.8 1.159817e+03 1.090231e+03 1.070905e+03 1.140492e+03
3.8 1.098424e+03 1.082949e+03 1.071774e+03 1.087249e+03
4.8 1.067778e+03 1.078863e+03 1.073696e+03 1.062611e+03
5.8 1.027495e+03 1.078193e+03 1.075015e+03 1.024317e+03
6.8 1.102056e+03 1.079876e+03 1.075686e+03 1.097867e+03
7.8 1.044604e+03 1.080149e+03 1.075923e+03 1.040377e+03
8.8 1.122222e+03 1.069626e+03 1.075920e+03 1.128516e+03
9.8 1.071428e+03 1.062610e+03 1.075811e+03 1.084629e+03
10.8 1.029625e+03 1.035768e+03 1.075688e+03 1.069545e+03
11.8 9.979149e+02 9.983742e+02 1.075585e+03 1.075126e+03
12.8 1.037159e+03 1.016310e+03 1.074309e+03 1.095158e+03
13.8 1.143612e+03 1.048940e+03 1.071026e+03 1.165697e+03
14.8 1.143713e+03 1.071970e+03 1.070999e+03 1.142741e+03
15.8 1.100937e+03 1.082983e+03 1.072958e+03 1.090913e+03
16.8 1.007173e+03 1.077619e+03 1.074600e+03 1.004154e+03
17.8 1.052387e+03 1.075966e+03 1.075452e+03 1.051873e+03
0.5 9.979149e+02 9.983742e+02 1.075585e+03 1.075126e+03
1.5 1.037159e+03 1.016310e+03 1.074309e+03 1.095158e+03
2.5 1.143612e+03 1.048940e+03 1.071026e+03 1.165697e+03
3.5 1.143713e+03 1.071970e+03 1.070999e+03 1.142741e+03
4.5 1.100937e+03 1.082983e+03 1.072958e+03 1.090913e+03
5.5 1.007173e+03 1.077619e+03 1.074600e+03 1.004154e+03
6.5 1.052387e+03 1.075966e+03 1.075452e+03 1.051873e+03
7.5 1.064129e+03 1.080261e+03 1.075811e+03 1.059678e+03
8.5 1.016006e+03 1.083564e+03 1.075865e+03 1.008306e+03
9.5 9.690135e+02 1.084248e+03 1.075773e+03 9.605390e+02
10.5 1.042706e+03 1.077937e+03 1.075639e+03 1.040407e+03
11.5 1.053590e+03 1.073656e+03 1.075529e+03 1.055462e+03
12.5 1.007011e+03 1.074640e+03 1.075454e+03 1.007825e+03
13.5 9.728408e+02 1.075104e+03 1.075411e+03 9.731478e+02
14.5 1.005798e+03 1.077849e+03 1.075387e+03 1.003336e+03
15.5 1.039891e+03 1.078921e+03 1.075372e+03 1.036342e+03
16.5 9.985341e+02 1.071814e+03 1.075362e+03 1.002082e+03
17.5 1.081109e+03 1.069200e+03 1.075353e+03 1.087262e+03
0.2 1.113682e+03 1.077328e+03 1.075330e+03 1.111684e+03
1.2 1.080641e+03 1.077774e+03 1.074777e+03 1.077645e+03
2.2 9.824803e+02 1.075945e+03 1.070612e+03 9.771479e+02
3.2 9.802161e+02 1.074037e+03 1.067302e+03 9.734810e+02
4.2 9.961870e+02 1.076303e+03 1.069123e+03 9.890068e+02
5.2 1.068868e+03 1.079538e+03 1.072411e+03 1.061742e+03
6.2 1.101298e+03 1.081346e+03 1.074553e+03 1.094505e+03
7.2 1.089189e+03 1.076490e+03 1.075623e+03 1.088321e+03
8.2 1.037567e+03 1.065190e+03 1.075978e+03 1.048355e+03
9.2 1.007704e+03 1.065395e+03 1.075953e+03 1.018263e+03
10.2 1.034921e+03 1.072595e+03 1.075760e+03 1.038085e+03
11.2 1.053564e+03 1.077322e+03 1.075555e+03 1.051798e+03
12.2 1.153453e+03 1.070736e+03 1.075399e+03 1.158116e+03
13.2 1.062355e+03 1.065422e+03 1.075304e+03 1.072238e+03
14.2 1.035452e+03 1.070139e+03 1.075252e+03 1.040565e+03
15.2 1.001601e+03 1.076450e+03 1.075222e+03 1.000374e+03
16.2 1.070103e+03 1.080034e+03 1.075205e+03 1.065274e+03
17.2 1.055735e+03 1.080637e+03 1.074252e+03 1.049350e+03
0.4 1.070103e+03 1.080034e+03 1.075205e+03 1.065274e+03
1.4 1.055735e+03 1.080637e+03 1.074252e+03 1.049350e+03
2.4 1.032685e+03 1.077622e+03 1.070908e+03 1.025971e+03
3.4 1.071426e+03 1.076798e+03 1.070373e+03 1.065001e+03
4.4 1.024136e+03 1.078250e+03 1.072355e+03 1.018241e+03
5.4 1.088686e+03 1.076499e+03 1.074104e+03 1.086291e+03
6.4 1.010748e+03 1.066388e+03 1.075091e+03 1.019451e+03
7.4 9.853238e+02 1.064942e+03 1.075503e+03 9.958844e+02
8.4 1.088680e+03 1.063995e+03 1.075590e+03 1.100275e+03
9.4 1.095902e+03 1.065688e+03 1.075506e+03 1.105720e+03
10.4 1.068773e+03 1.073176e+03 1.075372e+03 1.070969e+03
11.4 1.056548e+03 1.098685e+03 1.075251e+03 1.033115e+03
12.4 1.139044e+03 1.113768e+03 1.075171e+03 1.100446e+03
13.4 1.093556e+03 1.097141e+03 1.075123e+03 1.071539e+03
14.4 1.165505e+03 1.074936e+03 1.075095e+03 1.165664e+03
15.4 1.093917e+03 1.069758e+03 1.075080e+03 1.099238e+03
16.4 1.088688e+03 1.083288e+03 1.075069e+03 1.080469e+03
17.4 1.067005e+03 1.104846e+03 1.075060e+03 1.037219e+03
0.1 1.107858e+03 1.074174e+03 1.075010e+03 1.108693e+03
1.1 1.039531e+03 1.077269e+03 1.074629e+03 1.036891e+03
2.1 1.041369e+03 1.075633e+03 1.071082e+03 1.036818e+03
3.1 9.665934e+02 1.073502e+03 1.068137e+03 9.612279e+02
4.1 1.182442e+03 1.074259e+03 1.069817e+03 1.178000e+03
5.1 1.114949e+03 1.074947e+03 1.072559e+03 1.112560e+03
6.1 1.094120e+03 1.074800e+03 1.074397e+03 1.093716e+03
7.1 1.044173e+03 1.067236e+03 1.075264e+03 1.052201e+03
8.1 1.108090e+03 1.063260e+03 1.075566e+03 1.120395e+03
9.1 1.155225e+03 1.068798e+03 1.075539e+03 1.161967e+03
10.1 1.073720e+03 1.075197e+03 1.075380e+03 1.073903e+03
11.1 1.021295e+03 1.071805e+03 1.075207e+03 1.024697e+03
12.1 1.043256e+03 1.060904e+03 1.075083e+03 1.057434e+03
13.1 1.130466e+03 1.062667e+03 1.075007e+03 1.142806e+03
14.1 1.142645e+03 1.071263e+03 1.074968e+03 1.146351e+03
15.1 1.109132e+03 1.077738e+03 1.074950e+03 1.106344e+03
16.1 1.124149e+03 1.080907e+03 1.074943e+03 1.118184e+03
17.1 1.039396e+03 1.075753e+03 1.074940e+03 1.038583e+03
0.5 1.097023e+03 1.094897e+03 1.075271e+03 1.077397e+03
1.5 1.078415e+03 1.083134e+03 1.073809e+03 1.069089e+03
2.5 1.063078e+03 1.074147e+03 1.070066e+03 1.058997e+03
3.5 1.076432e+03 1.071750e+03 1.069882e+03 1.074565e+03
4.5 1.094165e+03 1.073749e+03 1.072288e+03 1.092705e+03
5.5 1.046874e+03 1.075213e+03 1.074282e+03 1.045943e+03
6.5 1.063093e+03 1.075027e+03 1.075397e+03 1.063463e+03
7.5 1.059867e+03 1.076254e+03 1.075864e+03 1.059477e+03
8.5 1.127521e+03 1.077836e+03 1.075971e+03 1.125656e+03
9.5 1.093515e+03 1.078750e+03 1.075890e+03 1.090655e+03
10.5 1.027868e+03 1.078090e+03 1.074813e+03 1.024590e+03
11.5 1.085481e+03 1.074269e+03 1.070903e+03 1.082116e+03
12.5 1.105570e+03 1.073318e+03 1.070056e+03 1.102308e+03
13.5 1.067885e+03 1.075250e+03 1.072178e+03 1.064813e+03
14.5 1.140598e+03 1.077138e+03 1.074275e+03 1.137735e+03
15.5 1.090556e+03 1.078105e+03 1.075437e+03 1.087888e+03
16.5 1.054524e+03 1.078455e+03 1.075966e+03 1.052036e+03
17.5 1.076009e+03 1.078371e+03 1.076047e+03 1.073684e+03
0.4 1.093515e+03 1.078750e+03 1.075890e+03 1.090655e+03
1.4 1.027868e+03 1.078090e+03 1.074813e+03 1.024590e+03
2.4 1.085481e+03 1.074269e+03 1.070903e+03 1.082116e+03
3.4 1.105570e+03 1.073318e+03 1.070056e+03 1.102308e+03
4.4 1.067885e+03 1.075250e+03 1.072178e+03 1.064813e+03
5.4 1.140598e+03 1.077138e+03 1.074275e+03 1.137735e+03
6.4 1.090556e+03 1.078105e+03 1.075437e+03 1.087888e+03
7.4 1.054524e+03 1.078455e+03 1.075966e+03 1.052036e+03
8.4 1.076009e+03 1.078371e+03 1.076047e+03 1.073684e+03
9.4 1.072632e+03 1.076039e+03 1.073861e+03 1.070454e+03
10.4 1.085971e+03 1.071954e+03 1.069905e+03 1.083923e+03
11.4 1.090086e+03 1.072177e+03 1.070247e+03 1.088157e+03
12.4 1.091735e+03 1.074600e+03 1.072792e+03 1.089927e+03
13.4 1.031875e+03 1.076385e+03 1.074707e+03 1.030197e+03
14.4 1.036708e+03 1.077268e+03 1.075714e+03 1.035154e+03
15.4 1.102285e+03 1.075995e+03 1.076125e+03 1.102415e+03
16.4 1.041663e+03 1.067595e+03 1.076169e+03 1.050237e+03
17.4 1.121590e+03 1.063520e+03 1.076040e+03 1.134110e+03
0.7 1.076009e+03 1.078371e+03 1.076047e+03 1.073684e+03
1.7 1.072632e+03 1.076039e+03 1.073861e+03 1.070454e+03
2.7 1.085971e+03 1.071954e+03 1.069905e+03 1.083923e+03
3.7 1.090086e+03 1.072177e+03 1.070247e+03 1.088157e+03
4.7 1.091735e+03 1.074600e+03 1.072792e+03 1.089927e+03
5.7 1.031875e+03 1.076385e+03 1.074707e+03 1.030197e+03
6.7 1.036708e+03 1.077268e+03 1.075714e+03 1.035154e+03
7.7 1.102285e+03 1.075995e+03 1.076125e+03 1.102415e+03
8.7 1.041663e+03 1.067595e+03 1.076169e+03 1.050237e+03
9.7 1.121590e+03 1.063520e+03 1.076040e+03 1.134110e+03
10.7 1.006080e+03 1.067838e+03 1.075874e+03 1.014117e+03
11.7 1.020739e+03 1.072947e+03 1.075738e+03 1.023529e+03
12.7 1.038593e+03 1.076068e+03 1.075644e+03 1.038169e+03
