0.2 1.035244e+04 1.027933e+04 1.025855e+04 1.033166e+04
1.2 1.025294e+04 1.025873e+04 1.025968e+04 1.025390e+04
2.2 1.032381e+04 1.024977e+04 1.026473e+04 1.033877e+04
3.2 1.025368e+04 1.024461e+04 1.026559e+04 1.027466e+04
4.2 1.022701e+04 1.024087e+04 1.026266e+04 1.024881e+04
5.2 1.030818e+04 1.024032e+04 1.026009e+04 1.032796e+04
6.2 1.024627e+04 1.024473e+04 1.025864e+04 1.026018e+04
7.2 1.027005e+04 1.024836e+04 1.025803e+04 1.027972e+04
8.2 1.025751e+04 1.026190e+04 1.025789e+04 1.025349e+04
9.2 1.034171e+04 1.028004e+04 1.025800e+04 1.031967e+04
10.2 1.034298e+04 1.027674e+04 1.025819e+04 1.032442e+04
11.2 1.028131e+04 1.027219e+04 1.025835e+04 1.026748e+04
12.2 1.026432e+04 1.026246e+04 1.025846e+04 1.026032e+04
13.2 1.030062e+04 1.025063e+04 1.025852e+04 1.030851e+04
14.2 1.027510e+04 1.023948e+04 1.025855e+04 1.029417e+04
15.2 1.027018e+04 1.023608e+04 1.025856e+04 1.029266e+04
16.2 1.022109e+04 1.023824e+04 1.025857e+04 1.024143e+04
17.2 1.020036e+04 1.024118e+04 1.025858e+04 1.021776e+04
0.5 1.025092e+04 1.026947e+04 1.025853e+04 1.023997e+04
1.5 1.021183e+04 1.026665e+04 1.026104e+04 1.020621e+04
2.5 1.022028e+04 1.026250e+04 1.026560e+04 1.022338e+04
3.5 1.018105e+04 1.026024e+04 1.026477e+04 1.018558e+04
4.5 1.030332e+04 1.027430e+04 1.026173e+04 1.029074e+04
5.5 1.028633e+04 1.028178e+04 1.025947e+04 1.026402e+04
6.5 1.027456e+04 1.027012e+04 1.025834e+04 1.026278e+04
7.5 1.025774e+04 1.025658e+04 1.025790e+04 1.025905e+04
8.5 1.023344e+04 1.025075e+04 1.025785e+04 1.024054e+04
9.5 1.024740e+04 1.025133e+04 1.025799e+04 1.025406e+04
10.5 1.025044e+04 1.025007e+04 1.025818e+04 1.025855e+04
11.5 1.024407e+04 1.024776e+04 1.025832e+04 1.025463e+04
12.5 1.022881e+04 1.024651e+04 1.025840e+04 1.024070e+04
13.5 1.025654e+04 1.024627e+04 1.025845e+04 1.026873e+04
14.5 1.022216e+04 1.024842e+04 1.025847e+04 1.023221e+04
15.5 1.027076e+04 1.025202e+04 1.025848e+04 1.027723e+04
16.5 1.022252e+04 1.025167e+04 1.025848e+04 1.022933e+04
17.5 1.021568e+04 1.024922e+04 1.025848e+04 1.022494e+04
0.5 1.027119e+04 1.025055e+04 1.025845e+04 1.027909e+04
1.5 1.024519e+04 1.024848e+04 1.026084e+04 1.025755e+04
2.5 1.025503e+04 1.025168e+04 1.026554e+04 1.026889e+04
3.5 1.028322e+04 1.025096e+04 1.026478e+04 1.029704e+04
4.5 1.023475e+04 1.024857e+04 1.026174e+04 1.024792e+04
5.5 1.028189e+04 1.024715e+04 1.025946e+04 1.029419e+04
6.5 1.024573e+04 1.024984e+04 1.025831e+04 1.025420e+04
7.5 1.024307e+04 1.026223e+04 1.025785e+04 1.023870e+04
8.5 1.027649e+04 1.026513e+04 1.025781e+04 1.026918e+04
9.5 1.025300e+04 1.025864e+04 1.025796e+04 1.025231e+04
10.5 1.020233e+04 1.025228e+04 1.025815e+04 1.020820e+04
11.5 1.018850e+04 1.024889e+04 1.025830e+04 1.019790e+04
12.5 1.020503e+04 1.024747e+04 1.025839e+04 1.021595e+04
13.5 1.023525e+04 1.024745e+04 1.025845e+04 1.024626e+04
14.5 1.028570e+04 1.025469e+04 1.025848e+04 1.028949e+04
15.5 1.034729e+04 1.026764e+04 1.025850e+04 1.033814e+04
16.5 1.022231e+04 1.026676e+04 1.025851e+04 1.021407e+04
17.5 1.022039e+04 1.025880e+04 1.025852e+04 1.022012e+04
