0.4 1.057842e+04 1.059334e+04 1.059449e+04 1.057956e+04
1.4 1.055656e+04 1.059217e+04 1.059589e+04 1.056028e+04
2.4 1.058425e+04 1.059036e+04 1.059885e+04 1.059275e+04
3.4 1.056475e+04 1.059032e+04 1.059845e+04 1.057289e+04
4.4 1.049650e+04 1.060276e+04 1.059656e+04 1.049029e+04
5.4 1.053596e+04 1.060661e+04 1.059511e+04 1.052446e+04
6.4 1.057866e+04 1.059711e+04 1.059438e+04 1.057594e+04
7.4 1.059660e+04 1.058743e+04 1.059408e+04 1.060324e+04
8.4 1.057341e+04 1.058218e+04 1.059405e+04 1.058528e+04
9.4 1.066226e+04 1.058092e+04 1.059413e+04 1.067547e+04
10.4 1.060333e+04 1.058947e+04 1.059424e+04 1.060810e+04
11.4 1.062394e+04 1.059772e+04 1.059433e+04 1.062056e+04
12.4 1.060803e+04 1.059438e+04 1.059438e+04 1.060803e+04
13.4 1.064896e+04 1.058776e+04 1.059441e+04 1.065561e+04
14.4 1.063219e+04 1.058329e+04 1.059442e+04 1.064332e+04
15.4 1.057033e+04 1.058606e+04 1.059443e+04 1.057870e+04
16.4 1.060139e+04 1.060437e+04 1.059443e+04 1.059145e+04
17.4 1.061233e+04 1.061284e+04 1.059443e+04 1.059391e+04
0.1 1.059304e+04 1.060438e+04 1.059442e+04 1.058308e+04
1.1 1.062546e+04 1.058626e+04 1.059501e+04 1.063421e+04
2.1 1.061058e+04 1.058033e+04 1.059820e+04 1.062845e+04
3.1 1.061419e+04 1.057898e+04 1.059883e+04 1.063404e+04
4.1 1.063145e+04 1.057873e+04 1.059703e+04 1.064975e+04
5.1 1.056692e+04 1.057964e+04 1.059541e+04 1.058269e+04
6.1 1.060293e+04 1.058222e+04 1.059451e+04 1.061522e+04
7.1 1.063627e+04 1.059606e+04 1.059410e+04 1.063431e+04
8.1 1.063201e+04 1.060457e+04 1.059401e+04 1.062145e+04
9.1 1.061761e+04 1.059656e+04 1.059408e+04 1.061512e+04
10.1 1.062843e+04 1.058479e+04 1.059419e+04 1.063783e+04
11.1 1.061013e+04 1.058062e+04 1.059429e+04 1.062379e+04
12.1 1.065393e+04 1.058516e+04 1.059436e+04 1.066312e+04
13.1 1.060237e+04 1.060368e+04 1.059440e+04 1.059308e+04
14.1 1.056137e+04 1.061125e+04 1.059442e+04 1.054454e+04
15.1 1.049167e+04 1.060263e+04 1.059442e+04 1.048347e+04
16.1 1.050350e+04 1.059159e+04 1.059443e+04 1.050634e+04
17.1 1.053767e+04 1.058136e+04 1.059443e+04 1.055073e+04
0.3 1.055163e+04 1.059561e+04 1.059448e+04 1.055049e+04
1.3 1.054311e+04 1.059253e+04 1.059538e+04 1.054596e+04
2.3 1.058233e+04 1.059350e+04 1.059856e+04 1.058739e+04
3.3 1.061915e+04 1.059479e+04 1.059874e+04 1.062311e+04
4.3 1.058099e+04 1.060652e+04 1.059691e+04 1.057138e+04
5.3 1.061938e+04 1.061187e+04 1.059534e+04 1.060285e+04
6.3 1.062470e+04 1.060417e+04 1.059452e+04 1.061505e+04
7.3 1.062402e+04 1.059784e+04 1.059417e+04 1.062035e+04
8.3 1.059633e+04 1.059449e+04 1.059410e+04 1.059595e+04
9.3 1.056651e+04 1.059183e+04 1.059418e+04 1.056886e+04
10.3 1.056140e+04 1.059048e+04 1.059430e+04 1.056522e+04
11.3 1.050644e+04 1.058940e+04 1.059440e+04 1.051144e+04
12.3 1.048829e+04 1.057383e+04 1.059447e+04 1.050893e+04
13.3 1.055454e+04 1.054840e+04 1.059451e+04 1.060065e+04
14.3 1.060015e+04 1.055352e+04 1.059453e+04 1.064117e+04
15.3 1.060874e+04 1.057182e+04 1.059454e+04 1.063147e+04
16.3 1.061488e+04 1.058547e+04 1.059455e+04 1.062396e+04
17.3 1.062089e+04 1.059208e+04 1.059456e+04 1.062336e+04
