0.3 1.022881e+04 1.025119e+04 1.025710e+04 1.023471e+04
1.3 1.025260e+04 1.025744e+04 1.026384e+04 1.025900e+04
2.3 1.027034e+04 1.027880e+04 1.028793e+04 1.027947e+04
3.3 1.022408e+04 1.027811e+04 1.028926e+04 1.023523e+04
4.3 1.021080e+04 1.026277e+04 1.027499e+04 1.022302e+04
5.3 1.025104e+04 1.025254e+04 1.026339e+04 1.026190e+04
6.3 1.020480e+04 1.025857e+04 1.025711e+04 1.020334e+04
7.3 1.026137e+04 1.026393e+04 1.025439e+04 1.025184e+04
8.3 1.028362e+04 1.025724e+04 1.025387e+04 1.028025e+04
9.3 1.029134e+04 1.024909e+04 1.025444e+04 1.029669e+04
10.3 1.029249e+04 1.024487e+04 1.025529e+04 1.030291e+04
11.3 1.032757e+04 1.025261e+04 1.025601e+04 1.033096e+04
12.3 1.034485e+04 1.026928e+04 1.025649e+04 1.033206e+04
13.3 1.031100e+04 1.026997e+04 1.025674e+04 1.029778e+04
14.3 1.031840e+04 1.027136e+04 1.025686e+04 1.030390e+04
15.3 1.029015e+04 1.026639e+04 1.025691e+04 1.028067e+04
16.3 1.026216e+04 1.026535e+04 1.025692e+04 1.025373e+04
17.3 1.030951e+04 1.026550e+04 1.025693e+04 1.030095e+04
0.6 1.027005e+04 1.024836e+04 1.025727e+04 1.027897e+04
1.6 1.025751e+04 1.026190e+04 1.027163e+04 1.026723e+04
2.6 1.034171e+04 1.028004e+04 1.029155e+04 1.035322e+04
3.6 1.034298e+04 1.027674e+04 1.028537e+04 1.035161e+04
4.6 1.028131e+04 1.027219e+04 1.027077e+04 1.027990e+04
5.6 1.026432e+04 1.026246e+04 1.026104e+04 1.026290e+04
6.6 1.030062e+04 1.025063e+04 1.025616e+04 1.030616e+04
7.6 1.027510e+04 1.023948e+04 1.025431e+04 1.028993e+04
8.6 1.027018e+04 1.023608e+04 1.025427e+04 1.028837e+04
9.6 1.022109e+04 1.023824e+04 1.025505e+04 1.023791e+04
10.6 1.020036e+04 1.024118e+04 1.025593e+04 1.021510e+04
11.6 1.019624e+04 1.024472e+04 1.025660e+04 1.020812e+04
12.6 1.026196e+04 1.025971e+04 1.025703e+04 1.025928e+04
13.6 1.026787e+04 1.026866e+04 1.025727e+04 1.025648e+04
14.6 1.027018e+04 1.026813e+04 1.025739e+04 1.025944e+04
15.6 1.029065e+04 1.027042e+04 1.025747e+04 1.027770e+04
16.6 1.028901e+04 1.026303e+04 1.025751e+04 1.028349e+04
17.6 1.027719e+04 1.025714e+04 1.025755e+04 1.027760e+04
1.0 1.026678e+04 1.025316e+04 1.026034e+04 1.027397e+04
2.0 1.024369e+04 1.027456e+04 1.028332e+04 1.025245e+04
3.0 1.028340e+04 1.028142e+04 1.029142e+04 1.029340e+04
4.0 1.027365e+04 1.026830e+04 1.027891e+04 1.028426e+04
5.0 1.020273e+04 1.025604e+04 1.026605e+04 1.021274e+04
6.0 1.026464e+04 1.026084e+04 1.025846e+04 1.026225e+04
7.0 1.028761e+04 1.026747e+04 1.025513e+04 1.027528e+04
8.0 1.025584e+04 1.026119e+04 1.025422e+04 1.024887e+04
9.0 1.026347e+04 1.028511e+04 1.025463e+04 1.023299e+04
10.0 1.026927e+04 1.031932e+04 1.025549e+04 1.020544e+04
11.0 1.023550e+04 1.030253e+04 1.025631e+04 1.018928e+04
12.0 1.025545e+04 1.027235e+04 1.025687e+04 1.023996e+04
13.0 1.024496e+04 1.025708e+04 1.025720e+04 1.024507e+04
14.0 1.027941e+04 1.026006e+04 1.025738e+04 1.027673e+04
15.0 1.025552e+04 1.025775e+04 1.025748e+04 1.025524e+04
16.0 1.027119e+04 1.025055e+04 1.025754e+04 1.027818e+04
17.0 1.024519e+04 1.024848e+04 1.025759e+04 1.025430e+04
18.0 1.025503e+04 1.025168e+04 1.025764e+04 1.026100e+04
