0.1 1.021781e+04 1.026283e+04 1.025697e+04 1.021195e+04
1.1 1.020548e+04 1.025767e+04 1.025800e+04 1.020581e+04
2.1 1.023234e+04 1.025918e+04 1.026917e+04 1.024233e+04
3.1 1.027651e+04 1.026335e+04 1.027961e+04 1.029278e+04
4.1 1.026524e+04 1.025614e+04 1.027451e+04 1.028361e+04
5.1 1.020780e+04 1.024677e+04 1.026499e+04 1.022603e+04
6.1 1.023735e+04 1.024166e+04 1.025876e+04 1.025445e+04
7.1 1.028553e+04 1.023990e+04 1.025564e+04 1.030126e+04
8.1 1.023659e+04 1.024023e+04 1.025447e+04 1.025084e+04
9.1 1.022784e+04 1.024427e+04 1.025445e+04 1.023801e+04
10.1 1.028001e+04 1.024833e+04 1.025491e+04 1.028659e+04
11.1 1.026774e+04 1.024742e+04 1.025541e+04 1.027573e+04
12.1 1.025885e+04 1.024463e+04 1.025577e+04 1.026998e+04
13.1 1.025859e+04 1.024443e+04 1.025597e+04 1.027013e+04
14.1 1.020517e+04 1.024764e+04 1.025604e+04 1.021357e+04
15.1 1.020293e+04 1.024823e+04 1.025605e+04 1.021075e+04
16.1 1.021202e+04 1.024664e+04 1.025602e+04 1.022140e+04
17.1 1.022850e+04 1.024529e+04 1.025598e+04 1.023918e+04
0.2 1.021080e+04 1.026277e+04 1.025560e+04 1.020363e+04
1.2 1.025104e+04 1.025254e+04 1.025731e+04 1.025582e+04
2.2 1.020480e+04 1.025857e+04 1.026961e+04 1.021584e+04
3.2 1.026137e+04 1.026393e+04 1.027752e+04 1.027497e+04
4.2 1.028362e+04 1.025724e+04 1.027115e+04 1.029753e+04
5.2 1.029134e+04 1.024909e+04 1.026227e+04 1.030452e+04
6.2 1.029249e+04 1.024487e+04 1.025683e+04 1.030445e+04
7.2 1.032757e+04 1.025261e+04 1.025422e+04 1.032917e+04
8.2 1.034485e+04 1.026928e+04 1.025333e+04 1.032890e+04
9.2 1.031100e+04 1.026997e+04 1.025344e+04 1.029448e+04
10.2 1.031840e+04 1.027136e+04 1.025394e+04 1.030099e+04
11.2 1.029015e+04 1.026639e+04 1.025532e+04 1.027908e+04
12.2 1.026216e+04 1.026535e+04 1.026582e+04 1.026263e+04
13.2 1.030951e+04 1.026550e+04 1.027445e+04 1.031846e+04
14.2 1.019598e+04 1.025498e+04 1.026962e+04 1.021062e+04
15.2 1.026478e+04 1.024206e+04 1.026171e+04 1.028443e+04
16.2 1.017086e+04 1.024142e+04 1.025671e+04 1.018614e+04
17.2 1.020908e+04 1.025919e+04 1.025427e+04 1.020417e+04
1.0 1.029015e+04 1.026639e+04 1.025532e+04 1.027908e+04
2.0 1.026216e+04 1.026535e+04 1.026582e+04 1.026263e+04
3.0 1.030951e+04 1.026550e+04 1.027445e+04 1.031846e+04
4.0 1.019598e+04 1.025498e+04 1.026962e+04 1.021062e+04
5.0 1.026478e+04 1.024206e+04 1.026171e+04 1.028443e+04
6.0 1.017086e+04 1.024142e+04 1.025671e+04 1.018614e+04
7.0 1.020908e+04 1.025919e+04 1.025427e+04 1.020417e+04
8.0 1.022724e+04 1.026727e+04 1.025341e+04 1.021338e+04
9.0 1.022749e+04 1.025939e+04 1.025347e+04 1.022157e+04
10.0 1.032292e+04 1.025021e+04 1.025392e+04 1.032663e+04
11.0 1.019162e+04 1.024497e+04 1.025438e+04 1.020103e+04
12.0 1.028930e+04 1.024388e+04 1.025605e+04 1.030147e+04
13.0 1.020314e+04 1.025559e+04 1.026867e+04 1.021622e+04
14.0 1.025387e+04 1.026661e+04 1.027952e+04 1.026677e+04
15.0 1.024598e+04 1.026173e+04 1.027404e+04 1.025830e+04
16.0 1.030685e+04 1.025241e+04 1.026417e+04 1.031861e+04
17.0 1.025068e+04 1.024615e+04 1.025750e+04 1.026203e+04
18.0 1.023122e+04 1.024838e+04 1.025414e+04 1.023697e+04
0.1 1.019162e+04 1.024497e+04 1.025438e+04 1.020103e+04
1.1 1.028930e+04 1.024388e+04 1.025605e+04 1.030147e+04
2.1 1.020314e+04 1.025559e+04 1.026867e+04 1.021622e+04
3.1 1.025387e+04 1.026661e+04 1.027952e+04 1.026677e+04
4.1 1.024598e+04 1.026173e+04 1.027404e+04 1.025830e+04
5.1 1.030685e+04 1.025241e+04 1.026417e+04 1.031861e+04
6.1 1.025068e+04 1.024615e+04 1.025750e+04 1.026203e+04
7.1 1.023122e+04 1.024838e+04 1.025414e+04 1.023697e+04
8.1 1.027963e+04 1.026781e+04 1.025299e+04 1.026481e+04
9.1 1.023152e+04 1.027947e+04 1.025304e+04 1.020510e+04
10.1 1.026938e+04 1.031153e+04 1.025360e+04 1.021146e+04
11.1 1.038651e+04 1.032650e+04 1.025441e+04 1.031442e+04
12.1 1.032294e+04 1.030319e+04 1.026178e+04 1.028153e+04
13.1 1.035244e+04 1.027933e+04 1.027016e+04 1.034327e+04
14.1 1.025294e+04 1.025873e+04 1.026736e+04 1.026158e+04
15.1 1.032381e+04 1.024977e+04 1.026118e+04 1.033522e+04
16.1 1.025368e+04 1.024461e+04 1.025693e+04 1.026601e+04
17.1 1.022701e+04 1.024087e+04 1.025478e+04 1.024092e+04
0.8 1.038651e+04 1.032650e+04 1.025441e+04 1.031442e+04
1.8 1.032294e+04 1.030319e+04 1.026178e+04 1.028153e+04
2.8 1.035244e+04 1.027933e+04 1.027016e+04 1.034327e+04
3.8 1.025294e+04 1.025873e+04 1.026736e+04 1.026158e+04
4.8 1.032381e+04 1.024977e+04 1.026118e+04 1.033522e+04
5.8 1.025368e+04 1.024461e+04 1.025693e+04 1.026601e+04
6.8 1.022701e+04 1.024087e+04 1.025478e+04 1.024092e+04
7.8 1.030818e+04 1.024032e+04 1.025402e+04 1.032188e+04
8.8 1.024627e+04 1.024473e+04 1.025402e+04 1.025556e+04
9.8 1.027005e+04 1.024836e+04 1.025437e+04 1.027607e+04
10.8 1.025751e+04 1.026190e+04 1.025477e+04 1.025037e+04
11.8 1.034171e+04 1.028004e+04 1.025510e+04 1.031677e+04
12.8 1.034298e+04 1.027674e+04 1.025921e+04 1.032545e+04
13.8 1.028131e+04 1.027219e+04 1.026977e+04 1.027890e+04
14.8 1.026432e+04 1.026246e+04 1.026986e+04 1.027172e+04
15.8 1.030062e+04 1.025063e+04 1.026355e+04 1.031355e+04
16.8 1.027510e+04 1.023948e+04 1.025827e+04 1.029389e+04
17.8 1.027018e+04 1.023608e+04 1.025553e+04 1.028963e+04
0.5 1.034171e+04 1.028004e+04 1.025510e+04 1.031677e+04
1.5 1.034298e+04 1.027674e+04 1.025921e+04 1.032545e+04
2.5 1.028131e+04 1.027219e+04 1.026977e+04 1.027890e+04
3.5 1.026432e+04 1.026246e+04 1.026986e+04 1.027172e+04
4.5 1.030062e+04 1.025063e+04 1.026355e+04 1.031355e+04
5.5 1.027510e+04 1.023948e+04 1.025827e+04 1.029389e+04
6.5 1.027018e+04 1.023608e+04 1.025553e+04 1.028963e+04
7.5 1.022109e+04 1.023824e+04 1.025437e+04 1.023723e+04
8.5 1.020036e+04 1.024118e+04 1.025420e+04 1.021338e+04
9.5 1.019624e+04 1.024472e+04 1.025450e+04 1.020601e+04
10.5 1.026196e+04 1.025971e+04 1.025493e+04 1.025717e+04
11.5 1.026787e+04 1.026866e+04 1.025528e+04 1.025449e+04
12.5 1.027018e+04 1.026813e+04 1.025552e+04 1.025757e+04
13.5 1.029065e+04 1.027042e+04 1.025566e+04 1.027589e+04
14.5 1.028901e+04 1.026303e+04 1.025574e+04 1.028171e+04
15.5 1.027719e+04 1.025714e+04 1.025579e+04 1.027584e+04
16.5 1.028157e+04 1.026937e+04 1.025582e+04 1.026802e+04
17.5 1.022713e+04 1.027342e+04 1.025585e+04 1.020956e+04
0.2 1.018348e+04 1.026212e+04 1.025592e+04 1.017728e+04
1.2 1.025691e+04 1.026199e+04 1.025770e+04 1.025262e+04
2.2 1.029492e+04 1.026762e+04 1.027110e+04 1.029841e+04
3.2 1.029855e+04 1.027297e+04 1.028175e+04 1.030733e+04
4.2 1.026818e+04 1.026484e+04 1.027589e+04 1.027923e+04
5.2 1.029248e+04 1.025370e+04 1.026531e+04 1.030409e+04
6.2 1.024439e+04 1.024713e+04 1.025842e+04 1.025569e+04
7.2 1.021247e+04 1.024611e+04 1.025498e+04 1.022134e+04
8.2 1.024435e+04 1.024922e+04 1.025384e+04 1.024896e+04
9.2 1.027711e+04 1.024962e+04 1.025392e+04 1.028140e+04
10.2 1.020596e+04 1.024812e+04 1.025454e+04 1.021238e+04
11.2 1.021651e+04 1.024732e+04 1.025520e+04 1.022439e+04
12.2 1.023093e+04 1.024993e+04 1.025570e+04 1.023670e+04
13.2 1.025410e+04 1.025193e+04 1.025600e+04 1.025818e+04
14.2 1.027014e+04 1.025057e+04 1.025617e+04 1.027574e+04
15.2 1.034673e+04 1.024864e+04 1.025627e+04 1.035436e+04
16.2 1.027246e+04 1.024754e+04 1.025632e+04 1.028125e+04
17.2 1.025288e+04 1.025010e+04 1.025939e+04 1.026217e+04
0.4 1.027246e+04 1.024754e+04 1.025632e+04 1.028125e+04
1.4 1.025288e+04 1.025010e+04 1.025939e+04 1.026217e+04
2.4 1.026459e+04 1.026074e+04 1.027015e+04 1.027400e+04
3.4 1.023419e+04 1.026254e+04 1.027187e+04 1.024352e+04
4.4 1.019644e+04 1.025632e+04 1.026549e+04 1.020561e+04
5.4 1.018427e+04 1.024965e+04 1.025987e+04 1.019449e+04
6.4 1.023778e+04 1.024236e+04 1.025669e+04 1.025211e+04
7.4 1.026745e+04 1.024300e+04 1.025537e+04 1.027981e+04
8.4 1.024154e+04 1.025991e+04 1.025508e+04 1.023671e+04
9.4 1.028562e+04 1.026946e+04 1.025536e+04 1.027151e+04
10.4 1.029882e+04 1.026541e+04 1.025579e+04 1.028919e+04
11.4 1.034700e+04 1.030010e+04 1.025618e+04 1.030307e+04
12.4 1.036038e+04 1.032255e+04 1.025643e+04 1.029426e+04
13.4 1.026083e+04 1.030085e+04 1.025659e+04 1.021657e+04
14.4 1.023240e+04 1.027345e+04 1.025668e+04 1.021563e+04
15.4 1.021614e+04 1.025497e+04 1.025673e+04 1.021789e+04
16.4 1.019135e+04 1.024433e+04 1.025676e+04 1.020379e+04
17.4 1.023085e+04 1.023993e+04 1.025679e+04 1.024771e+04
0.1 1.029457e+04 1.024854e+04 1.025695e+04 1.030298e+04
1.1 1.029428e+04 1.024900e+04 1.025818e+04 1.030346e+04
2.1 1.024851e+04 1.026006e+04 1.026959e+04 1.025803e+04
3.1 1.025092e+04 1.026947e+04 1.027907e+04 1.026051e+04
4.1 1.021183e+04 1.026665e+04 1.027366e+04 1.021884e+04
5.1 1.022028e+04 1.026250e+04 1.026484e+04 1.022262e+04
6.1 1.018105e+04 1.026024e+04 1.025892e+04 1.017973e+04
7.1 1.030332e+04 1.027430e+04 1.025613e+04 1.028515e+04
8.1 1.028633e+04 1.028178e+04 1.025516e+04 1.025971e+04
9.1 1.027456e+04 1.027012e+04 1.025525e+04 1.025969e+04
10.1 1.025774e+04 1.025658e+04 1.025576e+04 1.025691e+04
11.1 1.023344e+04 1.025075e+04 1.025632e+04 1.023901e+04
12.1 1.024740e+04 1.025133e+04 1.025672e+04 1.025279e+04
13.1 1.025044e+04 1.025007e+04 1.025696e+04 1.025733e+04
14.1 1.024407e+04 1.024776e+04 1.025709e+04 1.025339e+04
15.1 1.022881e+04 1.024651e+04 1.025714e+04 1.023944e+04
16.1 1.025654e+04 1.024627e+04 1.025717e+04 1.026744e+04
17.1 1.022216e+04 1.024842e+04 1.025718e+04 1.023091e+04
0.5 1.025545e+04 1.027235e+04 1.025611e+04 1.023921e+04
1.5 1.024496e+04 1.025708e+04 1.026082e+04 1.024869e+04
2.5 1.027941e+04 1.026006e+04 1.027286e+04 1.029221e+04
3.5 1.025552e+04 1.025775e+04 1.027345e+04 1.027122e+04
4.5 1.027119e+04 1.025055e+04 1.026571e+04 1.028635e+04
5.5 1.024519e+04 1.024848e+04 1.025929e+04 1.025600e+04
6.5 1.025503e+04 1.025168e+04 1.025571e+04 1.025906e+04
7.5 1.028322e+04 1.025096e+04 1.025420e+04 1.028646e+04
8.5 1.023475e+04 1.024857e+04 1.025386e+04 1.024004e+04
9.5 1.028189e+04 1.024715e+04 1.025412e+04 1.028886e+04
10.5 1.024573e+04 1.024984e+04 1.025759e+04 1.025347e+04
11.5 1.024307e+04 1.026223e+04 1.027017e+04 1.025101e+04
12.5 1.027649e+04 1.026513e+04 1.027289e+04 1.028426e+04
13.5 1.025300e+04 1.025864e+04 1.026606e+04 1.026042e+04
14.5 1.020233e+04 1.025228e+04 1.025931e+04 1.020937e+04
15.5 1.018850e+04 1.024889e+04 1.025558e+04 1.019518e+04
16.5 1.020503e+04 1.024747e+04 1.025388e+04 1.021143e+04
17.5 1.023525e+04 1.024745e+04 1.025362e+04 1.024142e+04
0.4 1.028189e+04 1.024715e+04 1.025412e+04 1.028886e+04
1.4 1.024573e+04 1.024984e+04 1.025759e+04 1.025347e+04
2.4 1.024307e+04 1.026223e+04 1.027017e+04 1.025101e+04
3.4 1.027649e+04 1.026513e+04 1.027289e+04 1.028426e+04
4.4 1.025300e+04 1.025864e+04 1.026606e+04 1.026042e+04
5.4 1.020233e+04 1.025228e+04 1.025931e+04 1.020937e+04
6.4 1.018850e+04 1.024889e+04 1.025558e+04 1.019518e+04
7.4 1.020503e+04 1.024747e+04 1.025388e+04 1.021143e+04
8.4 1.023525e+04 1.024745e+04 1.025362e+04 1.024142e+04
9.4 1.028570e+04 1.025469e+04 1.026065e+04 1.029165e+04
10.4 1.034729e+04 1.026764e+04 1.027338e+04 1.035302e+04
11.4 1.022231e+04 1.026676e+04 1.027228e+04 1.022783e+04
12.4 1.022039e+04 1.025880e+04 1.026409e+04 1.022569e+04
13.4 1.022414e+04 1.025286e+04 1.025793e+04 1.022921e+04
14.4 1.028015e+04 1.024985e+04 1.025469e+04 1.028498e+04
15.4 1.023095e+04 1.025203e+04 1.025337e+04 1.023229e+04
16.4 1.024274e+04 1.026947e+04 1.025322e+04 1.022649e+04
17.4 1.030724e+04 1.027815e+04 1.025364e+04 1.028272e+04
0.7 1.023525e+04 1.024745e+04 1.025362e+04 1.024142e+04
1.7 1.028570e+04 1.025469e+04 1.026065e+04 1.029165e+04
2.7 1.034729e+04 1.026764e+04 1.027338e+04 1.035302e+04
3.7 1.022231e+04 1.026676e+04 1.027228e+04 1.022783e+04
4.7 1.022039e+04 1.025880e+04 1.026409e+04 1.022569e+04
5.7 1.022414e+04 1.025286e+04 1.025793e+04 1.022921e+04
6.7 1.028015e+04 1.024985e+04 1.025469e+04 1.028498e+04
7.7 1.023095e+04 1.025203e+04 1.025337e+04 1.023229e+04
8.7 1.024274e+04 1.026947e+04 1.025322e+04 1.022649e+04
9.7 1.030724e+04 1.027815e+04 1.025364e+04 1.028272e+04
10.7 1.029878e+04 1.026943e+04 1.025417e+04 1.028352e+04
11.7 1.029957e+04 1.025904e+04 1.025461e+04 1.029515e+04
12.7 1.029758e+04 1.025273e+04 1.025491e+04 1.029976e+04
