0.8 1.065411e+03 1.173490e+03 1.161870e+03 1.053790e+03
1.8 1.178282e+03 1.152337e+03 1.149561e+03 1.175507e+03
2.8 1.172967e+03 1.133907e+03 1.141662e+03 1.180722e+03
3.8 1.099789e+03 1.134145e+03 1.147906e+03 1.113549e+03
4.8 1.087841e+03 1.146920e+03 1.155922e+03 1.096843e+03
5.8 1.084864e+03 1.165320e+03 1.160904e+03 1.080449e+03
6.8 1.181828e+03 1.178193e+03 1.163139e+03 1.166775e+03
7.8 1.214488e+03 1.225992e+03 1.163811e+03 1.152307e+03
8.8 1.143506e+03 1.228865e+03 1.163587e+03 1.078229e+03
9.8 1.199840e+03 1.201882e+03 1.163024e+03 1.160982e+03
10.8 1.148758e+03 1.178688e+03 1.162453e+03 1.132522e+03
11.8 1.114556e+03 1.158515e+03 1.162037e+03 1.118078e+03
12.8 1.153560e+03 1.144432e+03 1.161765e+03 1.170892e+03
13.8 1.284109e+03 1.138495e+03 1.161601e+03 1.307215e+03
14.8 1.195885e+03 1.137574e+03 1.161494e+03 1.219805e+03
15.8 1.243870e+03 1.139077e+03 1.161416e+03 1.266210e+03
16.8 1.286499e+03 1.143125e+03 1.161354e+03 1.304727e+03
17.8 1.082643e+03 1.146767e+03 1.161298e+03 1.097174e+03
0.8 1.055273e+03 1.163470e+03 1.160170e+03 1.051973e+03
1.8 1.075556e+03 1.142905e+03 1.147967e+03 1.080619e+03
2.8 1.078900e+03 1.125420e+03 1.140143e+03 1.093623e+03
3.8 1.089760e+03 1.131004e+03 1.146512e+03 1.105267e+03
4.8 1.148364e+03 1.142599e+03 1.154623e+03 1.160388e+03
5.8 1.089388e+03 1.141367e+03 1.159696e+03 1.107717e+03
6.8 1.099629e+03 1.124572e+03 1.162018e+03 1.137075e+03
7.8 1.080462e+03 1.120213e+03 1.162768e+03 1.123017e+03
8.8 1.012480e+03 1.127486e+03 1.162629e+03 1.047623e+03
9.8 1.164237e+03 1.134609e+03 1.162142e+03 1.191770e+03
10.8 1.190195e+03 1.141274e+03 1.161643e+03 1.210563e+03
11.8 1.157650e+03 1.144933e+03 1.161296e+03 1.174012e+03
12.8 1.137137e+03 1.160098e+03 1.161092e+03 1.138132e+03
13.8 1.198547e+03 1.180196e+03 1.160986e+03 1.179336e+03
14.8 1.235369e+03 1.174642e+03 1.160935e+03 1.221661e+03
15.8 1.089443e+03 1.165283e+03 1.160908e+03 1.085068e+03
16.8 1.062948e+03 1.153964e+03 1.160894e+03 1.069879e+03
17.8 1.142121e+03 1.158603e+03 1.160887e+03 1.144405e+03
0.8 1.215143e+03 1.156486e+03 1.160301e+03 1.218957e+03
1.8 1.212320e+03 1.128343e+03 1.147994e+03 1.231971e+03
2.8 1.175590e+03 1.115050e+03 1.140171e+03 1.200711e+03
3.8 1.163810e+03 1.123176e+03 1.146318e+03 1.186952e+03
4.8 1.164175e+03 1.136126e+03 1.154651e+03 1.182700e+03
5.8 1.143945e+03 1.143186e+03 1.159639e+03 1.160398e+03
6.8 1.167387e+03 1.154053e+03 1.162048e+03 1.175381e+03
7.8 1.210473e+03 1.168416e+03 1.162799e+03 1.204856e+03
8.8 1.149419e+03 1.166050e+03 1.162670e+03 1.146038e+03
9.8 1.169906e+03 1.157656e+03 1.162174e+03 1.174423e+03
10.8 1.158074e+03 1.153458e+03 1.161686e+03 1.166303e+03
11.8 1.074465e+03 1.150053e+03 1.161330e+03 1.085742e+03
12.8 1.158423e+03 1.147318e+03 1.161127e+03 1.172233e+03
13.8 1.019889e+03 1.146064e+03 1.161023e+03 1.034849e+03
14.8 1.044527e+03 1.146869e+03 1.160974e+03 1.058632e+03
15.8 1.061945e+03 1.155935e+03 1.160952e+03 1.066962e+03
16.8 1.112424e+03 1.163609e+03 1.160941e+03 1.109756e+03
17.8 1.129080e+03 1.152638e+03 1.160932e+03 1.137374e+03
0.6 1.158999e+03 1.161366e+03 1.160853e+03 1.158487e+03
1.6 1.091589e+03 1.145739e+03 1.151583e+03 1.097432e+03
2.6 1.102901e+03 1.131215e+03 1.140436e+03 1.112122e+03
3.6 1.108975e+03 1.134245e+03 1.144619e+03 1.119349e+03
4.6 1.120929e+03 1.142780e+03 1.153095e+03 1.131244e+03
5.6 1.152150e+03 1.152822e+03 1.158915e+03 1.158243e+03
6.6 1.136474e+03 1.165579e+03 1.161710e+03 1.132606e+03
7.6 1.106984e+03 1.167784e+03 1.162738e+03 1.101938e+03
8.6 1.124088e+03 1.162443e+03 1.162739e+03 1.124383e+03
9.6 1.210901e+03 1.150617e+03 1.162281e+03 1.222564e+03
10.6 1.243710e+03 1.134087e+03 1.161751e+03 1.271374e+03
11.6 1.166455e+03 1.135009e+03 1.161356e+03 1.192802e+03
12.6 1.150603e+03 1.143558e+03 1.161108e+03 1.168152e+03
13.6 1.130422e+03 1.150481e+03 1.160966e+03 1.140906e+03
14.6 1.183693e+03 1.156588e+03 1.160889e+03 1.187994e+03
15.6 1.192836e+03 1.167662e+03 1.160840e+03 1.186015e+03
16.6 1.079086e+03 1.170035e+03 1.160804e+03 1.069855e+03
17.6 1.109590e+03 1.164587e+03 1.160770e+03 1.105773e+03
