0.4 1.013335e+03 1.061186e+03 1.072775e+03 1.024924e+03
1.4 1.078753e+03 1.074531e+03 1.081626e+03 1.085849e+03
2.4 1.167942e+03 1.102498e+03 1.101460e+03 1.166904e+03
3.4 1.164528e+03 1.102999e+03 1.099619e+03 1.161148e+03
4.4 1.253330e+03 1.083093e+03 1.087076e+03 1.257313e+03
5.4 1.160307e+03 1.073552e+03 1.077359e+03 1.164114e+03
6.4 1.198945e+03 1.074823e+03 1.072454e+03 1.196576e+03
7.4 1.020009e+03 1.077768e+03 1.070475e+03 1.012716e+03
8.4 1.224184e+03 1.080063e+03 1.070222e+03 1.214344e+03
9.4 1.200246e+03 1.081274e+03 1.070819e+03 1.189791e+03
10.4 1.028227e+03 1.073816e+03 1.071625e+03 1.026036e+03
11.4 1.040679e+03 1.062091e+03 1.072266e+03 1.050854e+03
12.4 1.072070e+03 1.048753e+03 1.072683e+03 1.096000e+03
13.4 9.845743e+02 1.002469e+03 1.072927e+03 1.055032e+03
14.4 9.501248e+02 1.005988e+03 1.073057e+03 1.017194e+03
15.4 9.911671e+02 1.042197e+03 1.073135e+03 1.022105e+03
16.4 1.138217e+03 1.069575e+03 1.073188e+03 1.141830e+03
17.4 1.106443e+03 1.080307e+03 1.073231e+03 1.099367e+03
0.5 1.093917e+03 1.069758e+03 1.072652e+03 1.096811e+03
1.5 1.088688e+03 1.083288e+03 1.083606e+03 1.089006e+03
2.5 1.067005e+03 1.104846e+03 1.102138e+03 1.064297e+03
3.5 1.111368e+03 1.103468e+03 1.098495e+03 1.106394e+03
4.5 1.024211e+03 1.087863e+03 1.085564e+03 1.021912e+03
5.5 9.751501e+02 1.069070e+03 1.076473e+03 9.825533e+02
6.5 1.013104e+03 1.064441e+03 1.071721e+03 1.020384e+03
7.5 1.015114e+03 1.069111e+03 1.069914e+03 1.015917e+03
8.5 1.107858e+03 1.074174e+03 1.069729e+03 1.103412e+03
9.5 1.039531e+03 1.077269e+03 1.070332e+03 1.032594e+03
10.5 1.041369e+03 1.075633e+03 1.071071e+03 1.036807e+03
11.5 9.665934e+02 1.073502e+03 1.071663e+03 9.647536e+02
12.5 1.182442e+03 1.074259e+03 1.072016e+03 1.180198e+03
13.5 1.114949e+03 1.074947e+03 1.072199e+03 1.112201e+03
14.5 1.094120e+03 1.074800e+03 1.072285e+03 1.091604e+03
15.5 1.044173e+03 1.067236e+03 1.072319e+03 1.049256e+03
16.5 1.108090e+03 1.063260e+03 1.072333e+03 1.117163e+03
17.5 1.155225e+03 1.068798e+03 1.072341e+03 1.158768e+03
0.4 1.037820e+03 1.066909e+03 1.072508e+03 1.043419e+03
1.4 1.109604e+03 1.081888e+03 1.080863e+03 1.108580e+03
2.4 1.083669e+03 1.107248e+03 1.101230e+03 1.077650e+03
3.4 1.011618e+03 1.108146e+03 1.099671e+03 1.003143e+03
4.4 1.060176e+03 1.094718e+03 1.086874e+03 1.052331e+03
5.4 1.073357e+03 1.076489e+03 1.077345e+03 1.074213e+03
6.4 1.052634e+03 1.066146e+03 1.072358e+03 1.058846e+03
7.4 1.070122e+03 1.067923e+03 1.070310e+03 1.072509e+03
8.4 1.077991e+03 1.069906e+03 1.070062e+03 1.078147e+03
9.4 1.128831e+03 1.071847e+03 1.070678e+03 1.127662e+03
10.4 1.049108e+03 1.068283e+03 1.071478e+03 1.052303e+03
11.4 1.070083e+03 1.066565e+03 1.072135e+03 1.075653e+03
12.4 1.053243e+03 1.072090e+03 1.072576e+03 1.053729e+03
13.4 1.093410e+03 1.077627e+03 1.072828e+03 1.088610e+03
14.4 1.081878e+03 1.080660e+03 1.072973e+03 1.074191e+03
15.4 1.054758e+03 1.076461e+03 1.073062e+03 1.051360e+03
16.4 1.042105e+03 1.067404e+03 1.073128e+03 1.047828e+03
17.4 1.105440e+03 1.061669e+03 1.073184e+03 1.116954e+03
