0.3 1.082171e+03 1.146421e+03 1.158143e+03 1.093893e+03
1.3 1.139668e+03 1.153688e+03 1.165664e+03 1.151644e+03
2.3 1.059749e+03 1.178549e+03 1.192535e+03 1.073736e+03
3.3 1.107020e+03 1.178469e+03 1.194016e+03 1.122566e+03
4.3 1.118296e+03 1.161658e+03 1.178096e+03 1.134734e+03
5.3 1.248359e+03 1.149650e+03 1.165166e+03 1.263875e+03
6.3 1.339227e+03 1.151898e+03 1.158163e+03 1.345493e+03
7.3 1.279236e+03 1.154894e+03 1.155125e+03 1.279466e+03
8.3 9.905520e+02 1.149506e+03 1.154542e+03 9.955879e+02
9.3 9.219302e+02 1.143402e+03 1.155178e+03 9.337063e+02
10.3 9.270160e+02 1.140401e+03 1.156131e+03 9.427461e+02
11.3 1.052514e+03 1.146509e+03 1.156936e+03 1.062941e+03
12.3 1.175901e+03 1.159360e+03 1.157467e+03 1.174008e+03
13.3 1.186913e+03 1.168568e+03 1.157745e+03 1.176090e+03
14.3 1.258660e+03 1.216217e+03 1.157878e+03 1.200321e+03
15.3 1.265071e+03 1.221485e+03 1.157932e+03 1.201518e+03
16.3 1.251252e+03 1.195015e+03 1.157952e+03 1.214190e+03
17.3 1.215000e+03 1.170808e+03 1.157959e+03 1.202150e+03
0.6 1.157650e+03 1.144933e+03 1.158341e+03 1.171058e+03
1.6 1.137137e+03 1.160098e+03 1.174348e+03 1.151387e+03
2.6 1.198547e+03 1.180196e+03 1.196564e+03 1.214914e+03
3.6 1.235369e+03 1.174642e+03 1.189679e+03 1.250406e+03
4.6 1.089443e+03 1.165283e+03 1.173391e+03 1.097550e+03
5.6 1.062948e+03 1.153964e+03 1.162541e+03 1.071525e+03
6.6 1.142121e+03 1.158603e+03 1.157104e+03 1.140622e+03
7.6 1.224334e+03 1.233524e+03 1.155040e+03 1.145850e+03
8.6 1.224083e+03 1.247305e+03 1.154998e+03 1.131776e+03
9.6 1.268206e+03 1.201672e+03 1.155862e+03 1.222396e+03
10.6 1.232744e+03 1.161489e+03 1.156839e+03 1.228094e+03
11.6 1.232736e+03 1.140516e+03 1.157593e+03 1.249813e+03
12.6 1.266356e+03 1.141380e+03 1.158075e+03 1.283051e+03
13.6 1.217604e+03 1.145876e+03 1.158336e+03 1.230064e+03
14.6 1.176732e+03 1.170104e+03 1.158477e+03 1.165104e+03
15.6 1.177762e+03 1.216342e+03 1.158556e+03 1.119976e+03
16.6 1.251227e+03 1.206462e+03 1.158610e+03 1.203374e+03
17.6 1.193725e+03 1.175452e+03 1.158654e+03 1.176927e+03
1.0 1.200773e+03 1.154595e+03 1.161765e+03 1.207943e+03
2.0 1.278008e+03 1.180303e+03 1.187394e+03 1.285100e+03
3.0 1.218109e+03 1.189205e+03 1.196425e+03 1.225329e+03
4.0 1.224599e+03 1.175257e+03 1.182475e+03 1.231817e+03
5.0 1.272447e+03 1.161653e+03 1.168124e+03 1.278918e+03
6.0 1.172318e+03 1.162878e+03 1.159665e+03 1.169105e+03
7.0 1.135824e+03 1.166944e+03 1.155957e+03 1.124837e+03
8.0 1.158999e+03 1.161366e+03 1.154931e+03 1.152565e+03
9.0 1.091589e+03 1.145739e+03 1.155390e+03 1.101239e+03
10.0 1.102901e+03 1.131215e+03 1.156353e+03 1.128038e+03
11.0 1.108975e+03 1.134245e+03 1.157269e+03 1.131999e+03
12.0 1.120929e+03 1.142780e+03 1.157889e+03 1.136038e+03
13.0 1.152150e+03 1.152822e+03 1.158261e+03 1.157590e+03
14.0 1.136474e+03 1.165579e+03 1.158459e+03 1.129354e+03
15.0 1.106984e+03 1.167784e+03 1.158570e+03 1.097770e+03
16.0 1.124088e+03 1.162443e+03 1.158642e+03 1.120286e+03
17.0 1.210901e+03 1.150617e+03 1.158699e+03 1.218982e+03
18.0 1.243710e+03 1.134087e+03 1.158753e+03 1.268376e+03
