1.004675e+04 9.825653e+03 9.788260e+03 1.008414e+04
9.775036e+03 9.825046e+03 9.788241e+03 9.811841e+03
9.808645e+03 9.824475e+03 9.788288e+03 9.844832e+03
9.751660e+03 9.823977e+03 9.803565e+03 9.772071e+03
9.870207e+03 9.823529e+03 9.861798e+03 9.831938e+03
9.876930e+03 9.823086e+03 9.888346e+03 9.811670e+03
9.909931e+03 9.822643e+03 9.876742e+03 9.855832e+03
9.843310e+03 9.822214e+03 9.851363e+03 9.814161e+03
9.770333e+03 9.821807e+03 9.818665e+03 9.773476e+03
9.844944e+03 9.821426e+03 9.822941e+03 9.843429e+03
9.892310e+03 9.821074e+03 9.864543e+03 9.848841e+03
9.782403e+03 9.820750e+03 9.862265e+03 9.740888e+03
9.794476e+03 9.820454e+03 9.848014e+03 9.766916e+03
9.735515e+03 9.820185e+03 9.829556e+03 9.726144e+03
9.788149e+03 9.819942e+03 9.845192e+03 9.762899e+03
9.897475e+03 9.819724e+03 9.867218e+03 9.849982e+03
9.862487e+03 9.819532e+03 9.843536e+03 9.838483e+03
9.766082e+03 9.819364e+03 9.809494e+03 9.775952e+03
9.731893e+03 9.819219e+03 9.789411e+03 9.761701e+03
9.740060e+03 9.819097e+03 9.780879e+03 9.778278e+03
9.741784e+03 9.821961e+03 9.781877e+03 9.781868e+03
9.769629e+03 9.857232e+03 9.818617e+03 9.808243e+03
9.877937e+03 9.890336e+03 9.854370e+03 9.913903e+03
9.842405e+03 9.874142e+03 9.842189e+03 9.874358e+03
9.820199e+03 9.845209e+03 9.818579e+03 9.846828e+03
9.769220e+03 9.837150e+03 9.811126e+03 9.795244e+03
9.884751e+03 9.863853e+03 9.835928e+03 9.912676e+03
9.798742e+03 9.863722e+03 9.834140e+03 9.828324e+03
9.756560e+03 9.842204e+03 9.811707e+03 9.787056e+03
9.824626e+03 9.825142e+03 9.794201e+03 9.855567e+03
9.825271e+03 9.816541e+03 9.785438e+03 9.856375e+03
9.851112e+03 9.814810e+03 9.783681e+03 9.882241e+03
9.841756e+03 9.844730e+03 9.813595e+03 9.872891e+03
9.833893e+03 9.889246e+03 9.858066e+03 9.865073e+03
9.900514e+03 9.883386e+03 9.863810e+03 9.920090e+03
9.908738e+03 9.852562e+03 9.874559e+03 9.886740e+03
9.819468e+03 9.829818e+03 9.853974e+03 9.795312e+03
9.805881e+03 9.817835e+03 9.817139e+03 9.806576e+03
9.805170e+03 9.813389e+03 9.798709e+03 9.819851e+03
9.852463e+03 9.813090e+03 9.831321e+03 9.834231e+03
9.860218e+03 9.814815e+03 9.856431e+03 9.818602e+03
9.826188e+03 9.816903e+03 9.834877e+03 9.808214e+03
9.839890e+03 9.818623e+03 9.805887e+03 9.852626e+03
9.789217e+03 9.819723e+03 9.789779e+03 9.819161e+03
9.889255e+03 9.820376e+03 9.809536e+03 9.900095e+03
9.908340e+03 9.820764e+03 9.855983e+03 9.873120e+03
9.912776e+03 9.821006e+03 9.855141e+03 9.878641e+03
9.923248e+03 9.821187e+03 9.844731e+03 9.899703e+03
9.821787e+03 9.821339e+03 9.828766e+03 9.814359e+03
9.870968e+03 9.821480e+03 9.841485e+03 9.850963e+03
9.849690e+03 9.821612e+03 9.855871e+03 9.815431e+03
9.804827e+03 9.821739e+03 9.841214e+03 9.785353e+03
9.816073e+03 9.821861e+03 9.831258e+03 9.806676e+03
9.776598e+03 9.821978e+03 9.822366e+03 9.776210e+03
9.819572e+03 9.822090e+03 9.851532e+03 9.790130e+03
9.834750e+03 9.822190e+03 9.858642e+03 9.798298e+03
9.796225e+03 9.822279e+03 9.828469e+03 9.790035e+03
9.817792e+03 9.822362e+03 9.799419e+03 9.840734e+03
9.768468e+03 9.822441e+03 9.784427e+03 9.806483e+03
9.838391e+03 9.822516e+03 9.783433e+03 9.877474e+03
9.864888e+03 9.822585e+03 9.826998e+03 9.860474e+03
9.870502e+03 9.822644e+03 9.867105e+03 9.826041e+03
9.829752e+03 9.822689e+03 9.849931e+03 9.802509e+03
9.854020e+03 9.822725e+03 9.816715e+03 9.860031e+03
9.815261e+03 9.822757e+03 9.794304e+03 9.843714e+03
9.815917e+03 9.822783e+03 9.798336e+03 9.840364e+03
9.833282e+03 9.822804e+03 9.852776e+03 9.803310e+03
9.855360e+03 9.822817e+03 9.879590e+03 9.798587e+03
9.843875e+03 9.822824e+03 9.869975e+03 9.796724e+03
9.866598e+03 9.822822e+03 9.848261e+03 9.841159e+03
9.844385e+03 9.822814e+03 9.840058e+03 9.827142e+03
9.881752e+03 9.822798e+03 9.845469e+03 9.859081e+03
9.847265e+03 9.822775e+03 9.827978e+03 9.842063e+03
9.884358e+03 9.822745e+03 9.821970e+03 9.885133e+03
9.836071e+03 9.822709e+03 9.811231e+03 9.847549e+03
9.762098e+03 9.822666e+03 9.795148e+03 9.789616e+03
9.783536e+03 9.828030e+03 9.790617e+03 9.820949e+03
9.827001e+03 9.869871e+03 9.828874e+03 9.867998e+03
9.888338e+03 9.895576e+03 9.854936e+03 9.928978e+03
9.874683e+03 9.874765e+03 9.860442e+03 9.889006e+03
9.867382e+03 9.845277e+03 9.867334e+03 9.845325e+03
9.819220e+03 9.827183e+03 9.854048e+03 9.792354e+03
9.915058e+03 9.818342e+03 9.858288e+03 9.875112e+03
9.875828e+03 9.815502e+03 9.839413e+03 9.851916e+03
9.842232e+03 9.815826e+03 9.813015e+03 9.845043e+03
9.840606e+03 9.817470e+03 9.813578e+03 9.844499e+03
9.833552e+03 9.819097e+03 9.809575e+03 9.843074e+03
9.810361e+03 9.820258e+03 9.796398e+03 9.834221e+03
9.721126e+03 9.820866e+03 9.787495e+03 9.754497e+03
9.762323e+03 9.821114e+03 9.787902e+03 9.795534e+03
9.811904e+03 9.821160e+03 9.826178e+03 9.806886e+03
9.878240e+03 9.821102e+03 9.850553e+03 9.848790e+03
9.874286e+03 9.821001e+03 9.842428e+03 9.852859e+03
9.864257e+03 9.820881e+03 9.836929e+03 9.848209e+03
9.835961e+03 9.820747e+03 9.819013e+03 9.837696e+03
9.845138e+03 9.820605e+03 9.811758e+03 9.853985e+03
9.860492e+03 9.820468e+03 9.853110e+03 9.827851e+03
9.794516e+03 9.820338e+03 9.868019e+03 9.746835e+03
9.705580e+03 9.820203e+03 9.838293e+03 9.687491e+03
9.727243e+03 9.820059e+03 9.814170e+03 9.733132e+03
9.742467e+03 9.819907e+03 9.817612e+03 9.744762e+03
9.833222e+03 9.819758e+03 9.817448e+03 9.835532e+03
9.876472e+03 9.819610e+03 9.851232e+03 9.844850e+03
9.878577e+03 9.819461e+03 9.880669e+03 9.817369e+03
9.869198e+03 9.819310e+03 9.856815e+03 9.831693e+03
9.865707e+03 9.819159e+03 9.818958e+03 9.865907e+03
9.767706e+03 9.819262e+03 9.795645e+03 9.791323e+03
9.770315e+03 9.839095e+03 9.804674e+03 9.804736e+03
9.846260e+03 9.879474e+03 9.842245e+03 9.883488e+03
9.827147e+03 9.877639e+03 9.841633e+03 9.863152e+03
9.751846e+03 9.850403e+03 9.817232e+03 9.785017e+03
9.750622e+03 9.832112e+03 9.801657e+03 9.781078e+03
9.794455e+03 9.854462e+03 9.826045e+03 9.822872e+03
9.865569e+03 9.872574e+03 9.845404e+03 9.892739e+03
9.844752e+03 9.855090e+03 9.828651e+03 9.871191e+03
9.846787e+03 9.832024e+03 9.806029e+03 9.872782e+03
9.833978e+03 9.818743e+03 9.793049e+03 9.859672e+03
9.870115e+03 9.812776e+03 9.798093e+03 9.884798e+03
9.903135e+03 9.811200e+03 9.834905e+03 9.879431e+03
9.825882e+03 9.811842e+03 9.841752e+03 9.795972e+03
9.763194e+03 9.813350e+03 9.820635e+03 9.755909e+03
9.749566e+03 9.814733e+03 9.807853e+03 9.756446e+03
9.836614e+03 9.815691e+03 9.818242e+03 9.834063e+03
9.834075e+03 9.816181e+03 9.821325e+03 9.828931e+03
9.801960e+03 9.816376e+03 9.850501e+03 9.767836e+03
9.885358e+03 9.816408e+03 9.861686e+03 9.840080e+03
9.875743e+03 9.816361e+03 9.836456e+03 9.855648e+03
9.886270e+03 9.816285e+03 9.829615e+03 9.872940e+03
9.829472e+03 9.817427e+03 9.828956e+03 9.817943e+03
9.827300e+03 9.844429e+03 9.839209e+03 9.832521e+03
9.835094e+03 9.875228e+03 9.854626e+03 9.855697e+03
9.735088e+03 9.863381e+03 9.835686e+03 9.762783e+03
9.729832e+03 9.838468e+03 9.810912e+03 9.757389e+03
9.812597e+03 9.821974e+03 9.798468e+03 9.836104e+03
9.811865e+03 9.813782e+03 9.791108e+03 9.834539e+03
9.847394e+03 9.825732e+03 9.802272e+03 9.870853e+03
9.870390e+03 9.862972e+03 9.839061e+03 9.894302e+03
9.833285e+03 9.864550e+03 9.840568e+03 9.857267e+03
9.945565e+03 9.842653e+03 9.818777e+03 9.969441e+03
9.901859e+03 9.824603e+03 9.800923e+03 9.925538e+03
9.837929e+03 9.814761e+03 9.795601e+03 9.857089e+03
9.800229e+03 9.810834e+03 9.832444e+03 9.778619e+03
9.826296e+03 9.810217e+03 9.865712e+03 9.770801e+03
9.767664e+03 9.811275e+03 9.857045e+03 9.721895e+03
9.795931e+03 9.812755e+03 9.844327e+03 9.764360e+03
9.753807e+03 9.814016e+03 9.833891e+03 9.733932e+03
9.840522e+03 9.814817e+03 9.869680e+03 9.785659e+03
9.861487e+03 9.815277e+03 9.888555e+03 9.788209e+03
9.861916e+03 9.815515e+03 9.854682e+03 9.822749e+03
9.809787e+03 9.816427e+03 9.816922e+03 9.809291e+03
9.786797e+03 9.843154e+03 9.820690e+03 9.809260e+03
9.846761e+03 9.888467e+03 9.856629e+03 9.878598e+03
9.891730e+03 9.884062e+03 9.850178e+03 9.925614e+03
9.804993e+03 9.852862e+03 9.820685e+03 9.837170e+03
9.801907e+03 9.828390e+03 9.799106e+03 9.831191e+03
9.786710e+03 9.815769e+03 9.789149e+03 9.813330e+03
9.790389e+03 9.833364e+03 9.808507e+03 9.815247e+03
9.869029e+03 9.869917e+03 9.846074e+03 9.892872e+03
9.884882e+03 9.864635e+03 9.841264e+03 9.908253e+03
9.832218e+03 9.841086e+03 9.819444e+03 9.853860e+03
9.789953e+03 9.823418e+03 9.805603e+03 9.807767e+03
9.821182e+03 9.814825e+03 9.796703e+03 9.839304e+03
9.795492e+03 9.811633e+03 9.800397e+03 9.806727e+03
9.883096e+03 9.811689e+03 9.850219e+03 9.844566e+03
9.959249e+03 9.813213e+03 9.880144e+03 9.892317e+03
9.932445e+03 9.815047e+03 9.856088e+03 9.891403e+03
9.913334e+03 9.816498e+03 9.841442e+03 9.888390e+03
9.830534e+03 9.819857e+03 9.831367e+03 9.819025e+03
9.837220e+03 9.848124e+03 9.839196e+03 9.846148e+03
9.829545e+03 9.865828e+03 9.842199e+03 9.853174e+03
9.747305e+03 9.851711e+03 9.821792e+03 9.777224e+03
9.729148e+03 9.833558e+03 9.802651e+03 9.760055e+03
9.718242e+03 9.822568e+03 9.792865e+03 9.747945e+03
9.782117e+03 9.836804e+03 9.808835e+03 9.810085e+03
9.818340e+03 9.868377e+03 9.841938e+03 9.844779e+03
9.820853e+03 9.863463e+03 9.843365e+03 9.840952e+03
9.846125e+03 9.842308e+03 9.862564e+03 9.825870e+03
9.900172e+03 9.826677e+03 9.861223e+03 9.865625e+03
9.837604e+03 9.819209e+03 9.832200e+03 9.824614e+03
9.809014e+03 9.816572e+03 9.809635e+03 9.815951e+03
9.870144e+03 9.816739e+03 9.831829e+03 9.855055e+03
9.887603e+03 9.818225e+03 9.855429e+03 9.850398e+03
9.805113e+03 9.819981e+03 9.838527e+03 9.786567e+03
9.851241e+03 9.821396e+03 9.830248e+03 9.842389e+03
9.834787e+03 9.822400e+03 9.834837e+03 9.822350e+03
9.781555e+03 9.823091e+03 9.821355e+03 9.783292e+03
9.786040e+03 9.823583e+03 9.805537e+03 9.804085e+03
9.842560e+03 9.823982e+03 9.813667e+03 9.852876e+03
9.878930e+03 9.824339e+03 9.854004e+03 9.849266e+03
9.865007e+03 9.824679e+03 9.856515e+03 9.833171e+03
9.813351e+03 9.825013e+03 9.830668e+03 9.807696e+03
9.765912e+03 9.825344e+03 9.818766e+03 9.772490e+03
9.837382e+03 9.825675e+03 9.825430e+03 9.837627e+03
9.883937e+03 9.826005e+03 9.818517e+03 9.891425e+03
9.800342e+03 9.826334e+03 9.806765e+03 9.819911e+03
9.758837e+03 9.826661e+03 9.799780e+03 9.785718e+03
9.771274e+03 9.826985e+03 9.808386e+03 9.789873e+03
9.771771e+03 9.827307e+03 9.851941e+03 9.747137e+03
9.873841e+03 9.827625e+03 9.861938e+03 9.839528e+03
9.861495e+03 9.827940e+03 9.838603e+03 9.850831e+03
9.769352e+03 9.828250e+03 9.815708e+03 9.781894e+03
9.746998e+03 9.828556e+03 9.803363e+03 9.772191e+03
9.799493e+03 9.828857e+03 9.798048e+03 9.830302e+03
9.823404e+03 9.829152e+03 9.797687e+03 9.854869e+03
9.850398e+03 9.829431e+03 9.823175e+03 9.856654e+03
9.886433e+03 9.829688e+03 9.868879e+03 9.847242e+03
9.817277e+03 9.829942e+03 9.865297e+03 9.781922e+03
9.822413e+03 9.830201e+03 9.836474e+03 9.816140e+03
9.806983e+03 9.830461e+03 9.814843e+03 9.822601e+03
9.839606e+03 9.830720e+03 9.803590e+03 9.866736e+03
9.835169e+03 9.830964e+03 9.808454e+03 9.857678e+03
9.820084e+03 9.831169e+03 9.857513e+03 9.793740e+03
9.910372e+03 9.831361e+03 9.882031e+03 9.859702e+03
9.876115e+03 9.831564e+03 9.857179e+03 9.850500e+03
9.810682e+03 9.831776e+03 9.827498e+03 9.814960e+03
9.833155e+03 9.831991e+03 9.809339e+03 9.855808e+03
9.824633e+03 9.832204e+03 9.801342e+03 9.855495e+03
