0.9 1.168165e+04 1.168468e+04 1.165855e+04 1.165553e+04
1.9 1.085021e+04 1.161064e+04 1.161012e+04 1.084969e+04
2.9 1.092399e+04 1.151334e+04 1.152336e+04 1.093402e+04
3.9 1.144938e+04 1.151365e+04 1.152492e+04 1.146066e+04
4.9 1.145928e+04 1.157568e+04 1.158384e+04 1.146743e+04
5.9 1.094711e+04 1.163076e+04 1.163465e+04 1.095099e+04
6.9 1.163978e+04 1.166108e+04 1.166148e+04 1.164018e+04
7.9 1.110348e+04 1.167412e+04 1.167285e+04 1.110220e+04
8.9 1.160635e+04 1.167302e+04 1.167472e+04 1.160806e+04
9.9 1.158260e+04 1.166920e+04 1.167212e+04 1.158553e+04
10.9 1.192847e+04 1.166811e+04 1.166824e+04 1.192860e+04
11.9 1.122430e+04 1.166791e+04 1.166508e+04 1.122147e+04
12.9 1.186769e+04 1.166786e+04 1.166299e+04 1.186283e+04
13.9 1.137701e+04 1.167247e+04 1.166188e+04 1.136643e+04
14.9 1.081280e+04 1.167958e+04 1.166134e+04 1.079456e+04
15.9 1.134235e+04 1.161135e+04 1.166109e+04 1.139208e+04
16.9 1.084317e+04 1.128312e+04 1.166098e+04 1.122104e+04
17.9 1.088899e+04 1.121854e+04 1.166092e+04 1.133137e+04
18.9 1.128995e+04 1.140656e+04 1.166088e+04 1.154427e+04
0.1 1.131125e+04 1.143150e+04 1.166110e+04 1.154085e+04
1.1 1.126335e+04 1.139515e+04 1.165516e+04 1.152336e+04
2.1 1.150003e+04 1.145611e+04 1.159210e+04 1.163603e+04
3.1 1.199117e+04 1.149050e+04 1.151608e+04 1.201674e+04
4.1 1.169507e+04 1.157209e+04 1.153499e+04 1.165798e+04
5.1 1.166098e+04 1.165960e+04 1.159552e+04 1.159690e+04
6.1 1.183424e+04 1.171261e+04 1.164149e+04 1.176312e+04
7.1 1.179854e+04 1.173213e+04 1.166449e+04 1.173089e+04
8.1 1.092163e+04 1.173445e+04 1.167334e+04 1.086053e+04
9.1 1.141876e+04 1.172938e+04 1.167400e+04 1.136338e+04
10.1 1.182248e+04 1.172078e+04 1.167084e+04 1.177254e+04
11.1 1.069870e+04 1.171145e+04 1.166689e+04 1.065413e+04
12.1 1.123311e+04 1.170894e+04 1.166383e+04 1.118800e+04
13.1 1.080057e+04 1.164509e+04 1.166187e+04 1.081735e+04
14.1 1.106535e+04 1.143194e+04 1.166074e+04 1.129416e+04
15.1 1.109491e+04 1.142647e+04 1.166014e+04 1.132858e+04
16.1 1.224214e+04 1.155200e+04 1.165979e+04 1.234993e+04
17.1 1.261003e+04 1.165388e+04 1.165954e+04 1.261569e+04
18.1 1.205227e+04 1.170960e+04 1.165933e+04 1.200200e+04
