0.4 7.588825e+03 7.507071e+03 7.435766e+03 7.517520e+03
1.4 7.192817e+03 7.473399e+03 7.419943e+03 7.139360e+03
2.4 7.316856e+03 7.431682e+03 7.384026e+03 7.269200e+03
3.4 6.970704e+03 7.434381e+03 7.387780e+03 6.924102e+03
4.4 7.371714e+03 7.458340e+03 7.410744e+03 7.324118e+03
5.4 7.143577e+03 7.461581e+03 7.427587e+03 7.109583e+03
6.4 7.355986e+03 7.407335e+03 7.436361e+03 7.385012e+03
7.4 7.513027e+03 7.392881e+03 7.439946e+03 7.560092e+03
8.4 7.663384e+03 7.399006e+03 7.440358e+03 7.704736e+03
9.4 7.134568e+03 7.179309e+03 7.439260e+03 7.394519e+03
10.4 6.972064e+03 7.107159e+03 7.437855e+03 7.302760e+03
11.4 6.617247e+03 7.245714e+03 7.436712e+03 6.808245e+03
12.4 7.435025e+03 7.345388e+03 7.435957e+03 7.525593e+03
13.4 7.939559e+03 7.384218e+03 7.435537e+03 7.990878e+03
14.4 7.704187e+03 7.462219e+03 7.435303e+03 7.677272e+03
15.4 7.967807e+03 7.566891e+03 7.435170e+03 7.836086e+03
16.4 7.599363e+03 7.581380e+03 7.435078e+03 7.453060e+03
17.4 7.504926e+03 7.531367e+03 7.435002e+03 7.408561e+03
0.9 7.344643e+03 7.426563e+03 7.433478e+03 7.351557e+03
1.9 7.172299e+03 7.403278e+03 7.400632e+03 7.169654e+03
2.9 7.257427e+03 7.389535e+03 7.381209e+03 7.249101e+03
3.9 7.616277e+03 7.414353e+03 7.398479e+03 7.600402e+03
4.9 7.541969e+03 7.526607e+03 7.420210e+03 7.435571e+03
5.9 7.767788e+03 7.633729e+03 7.433002e+03 7.567061e+03
6.9 7.850577e+03 7.603885e+03 7.439047e+03 7.685739e+03
7.9 7.802429e+03 7.527814e+03 7.441012e+03 7.715627e+03
8.9 7.859804e+03 7.474162e+03 7.440645e+03 7.826287e+03
9.9 7.330876e+03 7.436130e+03 7.439370e+03 7.334116e+03
10.9 7.300738e+03 7.421924e+03 7.438147e+03 7.316961e+03
11.9 7.495599e+03 7.427830e+03 7.437295e+03 7.505064e+03
12.9 7.613376e+03 7.439341e+03 7.436809e+03 7.610844e+03
13.9 7.300302e+03 7.448772e+03 7.436594e+03 7.288124e+03
14.9 6.909930e+03 7.455028e+03 7.436519e+03 6.891421e+03
15.9 7.283357e+03 7.451632e+03 7.436513e+03 7.268237e+03
16.9 7.569664e+03 7.441867e+03 7.436534e+03 7.564331e+03
17.9 7.706936e+03 7.417367e+03 7.436566e+03 7.726136e+03
0.9 7.799767e+03 7.475045e+03 7.435399e+03 7.760121e+03
1.9 7.549893e+03 7.461894e+03 7.402264e+03 7.490263e+03
2.9 7.604915e+03 7.447480e+03 7.382760e+03 7.540195e+03
3.9 7.764380e+03 7.422413e+03 7.400148e+03 7.742115e+03
4.9 7.705635e+03 7.361949e+03 7.421475e+03 7.765160e+03
5.9 7.744090e+03 7.312269e+03 7.434506e+03 7.866327e+03
6.9 7.714233e+03 7.104978e+03 7.440812e+03 8.050067e+03
7.9 7.095956e+03 7.113401e+03 7.442808e+03 7.425363e+03
8.9 6.974950e+03 7.289181e+03 7.442502e+03 7.128271e+03
9.9 7.868644e+03 7.428743e+03 7.441317e+03 7.881217e+03
10.9 7.954627e+03 7.494696e+03 7.440149e+03 7.900080e+03
11.9 7.344295e+03 7.466082e+03 7.439339e+03 7.317553e+03
12.9 7.136852e+03 7.439084e+03 7.438939e+03 7.136707e+03
13.9 7.689158e+03 7.460655e+03 7.438800e+03 7.667304e+03
14.9 7.636010e+03 7.485831e+03 7.438819e+03 7.588998e+03
15.9 7.377520e+03 7.498711e+03 7.438913e+03 7.317722e+03
16.9 7.411631e+03 7.497226e+03 7.439044e+03 7.353449e+03
17.9 7.212586e+03 7.488321e+03 7.439195e+03 7.163460e+03
0.7 7.394577e+03 7.463859e+03 7.441233e+03 7.371951e+03
1.7 7.538606e+03 7.439551e+03 7.414309e+03 7.513364e+03
2.7 7.730555e+03 7.417062e+03 7.387862e+03 7.701355e+03
