1.0 1.025806e+04 1.023623e+04 1.029627e+04 1.031810e+04
2.0 1.030065e+04 1.027737e+04 1.033189e+04 1.035517e+04
3.0 1.038696e+04 1.030782e+04 1.035412e+04 1.043327e+04
4.0 1.032260e+04 1.029814e+04 1.033628e+04 1.036073e+04
5.0 1.019028e+04 1.028179e+04 1.031161e+04 1.022010e+04
6.0 1.011212e+04 1.026852e+04 1.029666e+04 1.014026e+04
7.0 1.012368e+04 1.025942e+04 1.028939e+04 1.015365e+04
8.0 1.020188e+04 1.026559e+04 1.028708e+04 1.022337e+04
9.0 1.026103e+04 1.030871e+04 1.028741e+04 1.023973e+04
10.0 1.045780e+04 1.032201e+04 1.028883e+04 1.042461e+04
11.0 1.046634e+04 1.030307e+04 1.029023e+04 1.045350e+04
12.0 1.034189e+04 1.031833e+04 1.029126e+04 1.031482e+04
13.0 1.039386e+04 1.031901e+04 1.029184e+04 1.036669e+04
14.0 1.047123e+04 1.029415e+04 1.029212e+04 1.046921e+04
15.0 1.034265e+04 1.030167e+04 1.029225e+04 1.033323e+04
16.0 1.018477e+04 1.031749e+04 1.029231e+04 1.015959e+04
17.0 1.017705e+04 1.029377e+04 1.029233e+04 1.017560e+04
18.0 1.014137e+04 1.025615e+04 1.029235e+04 1.017756e+04
0.2 1.014137e+04 1.025615e+04 1.029235e+04 1.017756e+04
1.2 1.015098e+04 1.024842e+04 1.029877e+04 1.020134e+04
2.2 1.016785e+04 1.029208e+04 1.033993e+04 1.021570e+04
3.2 1.019087e+04 1.031384e+04 1.035612e+04 1.023314e+04
4.2 1.027422e+04 1.030487e+04 1.033360e+04 1.030294e+04
5.2 1.038616e+04 1.029536e+04 1.030947e+04 1.040027e+04
6.2 1.014027e+04 1.027947e+04 1.029521e+04 1.015601e+04
7.2 1.025509e+04 1.026528e+04 1.028855e+04 1.027836e+04
8.2 1.029750e+04 1.027528e+04 1.028674e+04 1.030896e+04
9.2 1.037726e+04 1.032555e+04 1.028745e+04 1.033917e+04
10.2 1.040607e+04 1.033369e+04 1.028906e+04 1.036144e+04
11.2 1.048374e+04 1.029155e+04 1.029058e+04 1.048277e+04
12.2 1.031253e+04 1.025679e+04 1.029166e+04 1.034740e+04
13.2 1.026690e+04 1.024812e+04 1.029229e+04 1.031107e+04
14.2 1.022431e+04 1.024933e+04 1.029263e+04 1.026760e+04
15.2 1.034204e+04 1.025446e+04 1.029280e+04 1.038038e+04
16.2 1.022874e+04 1.028333e+04 1.029291e+04 1.023832e+04
17.2 1.024513e+04 1.030937e+04 1.029298e+04 1.022874e+04
0.8 1.024900e+04 1.024798e+04 1.029468e+04 1.029570e+04
1.8 1.033665e+04 1.027402e+04 1.032147e+04 1.038411e+04
2.8 1.026555e+04 1.031073e+04 1.035277e+04 1.030759e+04
3.8 1.025852e+04 1.030454e+04 1.034149e+04 1.029547e+04
4.8 1.017677e+04 1.028400e+04 1.031723e+04 1.021001e+04
5.8 1.026976e+04 1.027441e+04 1.030060e+04 1.029595e+04
6.8 1.031101e+04 1.029964e+04 1.029213e+04 1.030349e+04
7.8 1.034325e+04 1.031374e+04 1.028911e+04 1.031862e+04
8.8 1.025111e+04 1.030259e+04 1.028909e+04 1.023760e+04
9.8 1.022059e+04 1.029116e+04 1.029040e+04 1.021983e+04
10.8 1.026470e+04 1.029256e+04 1.029189e+04 1.026403e+04
11.8 1.026642e+04 1.032146e+04 1.029306e+04 1.023803e+04
12.8 1.037929e+04 1.032117e+04 1.029376e+04 1.035188e+04
13.8 1.046517e+04 1.029545e+04 1.029415e+04 1.046387e+04
14.8 1.023870e+04 1.027464e+04 1.029432e+04 1.025838e+04
15.8 1.025140e+04 1.026401e+04 1.029440e+04 1.028179e+04
16.8 1.024624e+04 1.026014e+04 1.029444e+04 1.028054e+04
17.8 1.025370e+04 1.027194e+04 1.029446e+04 1.027622e+04
0.2 1.025484e+04 1.026950e+04 1.029259e+04 1.027793e+04
1.2 1.032279e+04 1.027567e+04 1.029887e+04 1.034599e+04
2.2 1.037140e+04 1.031656e+04 1.033948e+04 1.039432e+04
3.2 1.035279e+04 1.033535e+04 1.035783e+04 1.037528e+04
4.2 1.023884e+04 1.031332e+04 1.033535e+04 1.026087e+04
5.2 1.031995e+04 1.028843e+04 1.031009e+04 1.034161e+04
6.2 1.032991e+04 1.027409e+04 1.029463e+04 1.035044e+04
7.2 1.029580e+04 1.029387e+04 1.028761e+04 1.028954e+04
8.2 1.033934e+04 1.033199e+04 1.028541e+04 1.029275e+04
9.2 1.034541e+04 1.033276e+04 1.028586e+04 1.029851e+04
10.2 1.031089e+04 1.034585e+04 1.028728e+04 1.025232e+04
11.2 1.035192e+04 1.033743e+04 1.028865e+04 1.030314e+04
12.2 1.046700e+04 1.034631e+04 1.028951e+04 1.041020e+04
13.2 1.034684e+04 1.036566e+04 1.028993e+04 1.027111e+04
14.2 1.032564e+04 1.033767e+04 1.029005e+04 1.027802e+04
15.2 1.022128e+04 1.029756e+04 1.028999e+04 1.021371e+04
16.2 1.023325e+04 1.027186e+04 1.028985e+04 1.025124e+04
17.2 1.030526e+04 1.026329e+04 1.028967e+04 1.033164e+04
1.0 1.018633e+04 1.026967e+04 1.028972e+04 1.020637e+04
2.0 1.035360e+04 1.030212e+04 1.032446e+04 1.037594e+04
3.0 1.034452e+04 1.033284e+04 1.035482e+04 1.036650e+04
4.0 1.047358e+04 1.031769e+04 1.033816e+04 1.049405e+04
5.0 1.032329e+04 1.029211e+04 1.031070e+04 1.034187e+04
6.0 1.034512e+04 1.027909e+04 1.029257e+04 1.035861e+04
7.0 1.040198e+04 1.027308e+04 1.028343e+04 1.041233e+04
8.0 1.038656e+04 1.026965e+04 1.028020e+04 1.039711e+04
9.0 1.024261e+04 1.029177e+04 1.028018e+04 1.023102e+04
10.0 1.029404e+04 1.031740e+04 1.028152e+04 1.025816e+04
11.0 1.025331e+04 1.030840e+04 1.028298e+04 1.022788e+04
12.0 1.016513e+04 1.028794e+04 1.028404e+04 1.016123e+04
13.0 1.012384e+04 1.028079e+04 1.029100e+04 1.013405e+04
14.0 1.023631e+04 1.031584e+04 1.033302e+04 1.025350e+04
15.0 1.032159e+04 1.033077e+04 1.035026e+04 1.034107e+04
16.0 1.018159e+04 1.030876e+04 1.032805e+04 1.020089e+04
17.0 1.018460e+04 1.028433e+04 1.030232e+04 1.020259e+04
18.0 1.028807e+04 1.027079e+04 1.028738e+04 1.030467e+04
0.2 1.016513e+04 1.028794e+04 1.028404e+04 1.016123e+04
1.2 1.012384e+04 1.028079e+04 1.029100e+04 1.013405e+04
2.2 1.023631e+04 1.031584e+04 1.033302e+04 1.025350e+04
3.2 1.032159e+04 1.033077e+04 1.035026e+04 1.034107e+04
4.2 1.018159e+04 1.030876e+04 1.032805e+04 1.020089e+04
5.2 1.018460e+04 1.028433e+04 1.030232e+04 1.020259e+04
6.2 1.028807e+04 1.027079e+04 1.028738e+04 1.030467e+04
7.2 1.043235e+04 1.026562e+04 1.028113e+04 1.044786e+04
8.2 1.036709e+04 1.029150e+04 1.030634e+04 1.038193e+04
9.2 1.037148e+04 1.033767e+04 1.035213e+04 1.038594e+04
10.2 1.034112e+04 1.033634e+04 1.034747e+04 1.035225e+04
11.2 1.029444e+04 1.032025e+04 1.031734e+04 1.029153e+04
12.2 1.026863e+04 1.029932e+04 1.029372e+04 1.026304e+04
13.2 1.031004e+04 1.028352e+04 1.028174e+04 1.030825e+04
14.2 1.025789e+04 1.027656e+04 1.027691e+04 1.025825e+04
15.2 1.020318e+04 1.027074e+04 1.027630e+04 1.020874e+04
16.2 1.026562e+04 1.026658e+04 1.027772e+04 1.027677e+04
17.2 1.016216e+04 1.026510e+04 1.027961e+04 1.017667e+04
0.8 1.043235e+04 1.026562e+04 1.028113e+04 1.044786e+04
1.8 1.036709e+04 1.029150e+04 1.030634e+04 1.038193e+04
2.8 1.037148e+04 1.033767e+04 1.035213e+04 1.038594e+04
3.8 1.034112e+04 1.033634e+04 1.034747e+04 1.035225e+04
4.8 1.029444e+04 1.032025e+04 1.031734e+04 1.029153e+04
5.8 1.026863e+04 1.029932e+04 1.029372e+04 1.026304e+04
6.8 1.031004e+04 1.028352e+04 1.028174e+04 1.030825e+04
7.8 1.025789e+04 1.027656e+04 1.027691e+04 1.025825e+04
8.8 1.020318e+04 1.027074e+04 1.027630e+04 1.020874e+04
9.8 1.026562e+04 1.026658e+04 1.027772e+04 1.027677e+04
10.8 1.016216e+04 1.026510e+04 1.027961e+04 1.017667e+04
11.8 1.019531e+04 1.026535e+04 1.028105e+04 1.021101e+04
12.8 1.037645e+04 1.026614e+04 1.028192e+04 1.039223e+04
13.8 1.042712e+04 1.026729e+04 1.028268e+04 1.044252e+04
14.8 1.033331e+04 1.028900e+04 1.030393e+04 1.034825e+04
15.8 1.048103e+04 1.032796e+04 1.034250e+04 1.049558e+04
16.8 1.036460e+04 1.032253e+04 1.033683e+04 1.037890e+04
17.8 1.036553e+04 1.030112e+04 1.031105e+04 1.037546e+04
0.6 1.042712e+04 1.026729e+04 1.028268e+04 1.044252e+04
1.6 1.033331e+04 1.028900e+04 1.030393e+04 1.034825e+04
2.6 1.048103e+04 1.032796e+04 1.034250e+04 1.049558e+04
3.6 1.036460e+04 1.032253e+04 1.033683e+04 1.037890e+04
4.6 1.036553e+04 1.030112e+04 1.031105e+04 1.037546e+04
5.6 1.031423e+04 1.029531e+04 1.029116e+04 1.031008e+04
6.6 1.036617e+04 1.029201e+04 1.028745e+04 1.036161e+04
7.6 1.035048e+04 1.031832e+04 1.032216e+04 1.035433e+04
8.6 1.028043e+04 1.032417e+04 1.033472e+04 1.029098e+04
9.6 1.018870e+04 1.030096e+04 1.031489e+04 1.020263e+04
10.6 1.018308e+04 1.028215e+04 1.029377e+04 1.019471e+04
11.6 1.032821e+04 1.027329e+04 1.028210e+04 1.033702e+04
12.6 1.036353e+04 1.029493e+04 1.027684e+04 1.034544e+04
13.6 1.039908e+04 1.034559e+04 1.027553e+04 1.032902e+04
14.6 1.027477e+04 1.035497e+04 1.027623e+04 1.019603e+04
15.6 1.023704e+04 1.036003e+04 1.027763e+04 1.015465e+04
16.6 1.030969e+04 1.033640e+04 1.027883e+04 1.025213e+04
17.6 1.030925e+04 1.029688e+04 1.027960e+04 1.029197e+04
0.2 1.031423e+04 1.029531e+04 1.029116e+04 1.031008e+04
1.2 1.036617e+04 1.029201e+04 1.028745e+04 1.036161e+04
2.2 1.035048e+04 1.031832e+04 1.032216e+04 1.035433e+04
3.2 1.028043e+04 1.032417e+04 1.033472e+04 1.029098e+04
4.2 1.018870e+04 1.030096e+04 1.031489e+04 1.020263e+04
5.2 1.018308e+04 1.028215e+04 1.029377e+04 1.019471e+04
6.2 1.032821e+04 1.027329e+04 1.028210e+04 1.033702e+04
7.2 1.036353e+04 1.029493e+04 1.027684e+04 1.034544e+04
8.2 1.039908e+04 1.034559e+04 1.027553e+04 1.032902e+04
9.2 1.027477e+04 1.035497e+04 1.027623e+04 1.019603e+04
10.2 1.023704e+04 1.036003e+04 1.027763e+04 1.015465e+04
11.2 1.030969e+04 1.033640e+04 1.027883e+04 1.025213e+04
12.2 1.030925e+04 1.029688e+04 1.027960e+04 1.029197e+04
13.2 1.018435e+04 1.027034e+04 1.027993e+04 1.019394e+04
14.2 1.019770e+04 1.026298e+04 1.027998e+04 1.021470e+04
15.2 1.022591e+04 1.029932e+04 1.027987e+04 1.020646e+04
16.2 1.030225e+04 1.032129e+04 1.027969e+04 1.026064e+04
17.2 1.027699e+04 1.030315e+04 1.027947e+04 1.025331e+04
0.7 1.036162e+04 1.026754e+04 1.027938e+04 1.037345e+04
1.7 1.031371e+04 1.028394e+04 1.030175e+04 1.033152e+04
2.7 1.032353e+04 1.031540e+04 1.033461e+04 1.034274e+04
3.7 1.025948e+04 1.031039e+04 1.032618e+04 1.027526e+04
4.7 1.020439e+04 1.030202e+04 1.030212e+04 1.020449e+04
5.7 1.029773e+04 1.029008e+04 1.028477e+04 1.029242e+04
6.7 1.034239e+04 1.027738e+04 1.027842e+04 1.034344e+04
7.7 1.024055e+04 1.030289e+04 1.031028e+04 1.024795e+04
8.7 1.035828e+04 1.032820e+04 1.033912e+04 1.036920e+04
9.7 1.035999e+04 1.031039e+04 1.032256e+04 1.037217e+04
10.7 1.025769e+04 1.028425e+04 1.029640e+04 1.026984e+04
11.7 1.029335e+04 1.026771e+04 1.027912e+04 1.030476e+04
12.7 1.036157e+04 1.026939e+04 1.027981e+04 1.037198e+04
13.7 1.036733e+04 1.031421e+04 1.032364e+04 1.037676e+04
14.7 1.037660e+04 1.033239e+04 1.034086e+04 1.038508e+04
15.7 1.029006e+04 1.031209e+04 1.031663e+04 1.029460e+04
16.7 1.025680e+04 1.028854e+04 1.028928e+04 1.025755e+04
1.0 1.034239e+04 1.027738e+04 1.027842e+04 1.034344e+04
2.0 1.024055e+04 1.030289e+04 1.031028e+04 1.024795e+04
3.0 1.035828e+04 1.032820e+04 1.033912e+04 1.036920e+04
4.0 1.035999e+04 1.031039e+04 1.032256e+04 1.037217e+04
5.0 1.025769e+04 1.028425e+04 1.029640e+04 1.026984e+04
6.0 1.029335e+04 1.026771e+04 1.027912e+04 1.030476e+04
7.0 1.036157e+04 1.026939e+04 1.027981e+04 1.037198e+04
8.0 1.036733e+04 1.031421e+04 1.032364e+04 1.037676e+04
9.0 1.037660e+04 1.033239e+04 1.034086e+04 1.038508e+04
10.0 1.029006e+04 1.031209e+04 1.031663e+04 1.029460e+04
11.0 1.025680e+04 1.028854e+04 1.028928e+04 1.025755e+04
0.3 1.029335e+04 1.026771e+04 1.027912e+04 1.030476e+04
1.3 1.036157e+04 1.026939e+04 1.027981e+04 1.037198e+04
2.3 1.036733e+04 1.031421e+04 1.032364e+04 1.037676e+04
3.3 1.037660e+04 1.033239e+04 1.034086e+04 1.038508e+04
4.3 1.029006e+04 1.031209e+04 1.031663e+04 1.029460e+04
5.3 1.025680e+04 1.028854e+04 1.028928e+04 1.025755e+04
