1.0 1.011640e+04 1.010582e+04 1.015289e+04 1.016347e+04
2.0 1.020886e+04 1.016056e+04 1.022153e+04 1.026982e+04
3.0 1.029919e+04 1.019629e+04 1.026435e+04 1.036725e+04
4.0 1.021803e+04 1.017953e+04 1.022997e+04 1.026847e+04
5.0 1.004762e+04 1.017624e+04 1.018245e+04 1.005383e+04
6.0 9.934798e+03 1.014464e+04 1.015364e+04 9.943806e+03
7.0 9.991875e+03 1.010464e+04 1.013964e+04 1.002688e+04
8.0 1.007493e+04 1.009951e+04 1.013520e+04 1.011061e+04
9.0 1.011977e+04 1.016923e+04 1.013582e+04 1.008636e+04
10.0 1.028022e+04 1.018999e+04 1.013855e+04 1.022879e+04
11.0 1.020265e+04 1.015669e+04 1.014127e+04 1.018723e+04
12.0 1.026314e+04 1.019701e+04 1.014325e+04 1.020937e+04
13.0 1.027554e+04 1.020334e+04 1.014435e+04 1.021656e+04
14.0 1.020248e+04 1.015259e+04 1.014491e+04 1.019479e+04
15.0 1.016264e+04 1.015939e+04 1.014516e+04 1.014841e+04
16.0 1.010928e+04 1.018384e+04 1.014526e+04 1.007070e+04
17.0 1.010633e+04 1.015300e+04 1.014530e+04 1.009863e+04
18.0 1.006653e+04 1.012366e+04 1.014534e+04 1.008821e+04
0.2 1.006653e+04 1.012366e+04 1.014534e+04 1.008821e+04
1.2 9.967127e+03 1.011019e+04 1.015771e+04 1.001465e+04
2.2 1.006091e+04 1.016932e+04 1.023700e+04 1.012858e+04
3.2 1.007305e+04 1.019119e+04 1.026819e+04 1.015005e+04
4.2 1.014233e+04 1.016117e+04 1.022481e+04 1.020597e+04
5.2 1.014990e+04 1.013598e+04 1.017832e+04 1.019225e+04
6.2 9.997356e+03 1.010449e+04 1.015085e+04 1.004372e+04
7.2 1.008150e+04 1.007893e+04 1.013803e+04 1.014060e+04
8.2 1.016104e+04 1.009791e+04 1.013453e+04 1.019766e+04
9.2 1.021033e+04 1.018955e+04 1.013591e+04 1.015669e+04
10.2 1.030274e+04 1.020798e+04 1.013900e+04 1.023375e+04
11.2 1.029994e+04 1.016893e+04 1.014192e+04 1.027293e+04
12.2 1.016107e+04 1.012462e+04 1.014402e+04 1.018047e+04
13.2 1.006259e+04 1.008893e+04 1.014522e+04 1.011887e+04
14.2 1.002852e+04 1.006753e+04 1.014588e+04 1.010687e+04
15.2 1.006194e+04 1.006547e+04 1.014622e+04 1.014269e+04
16.2 1.011570e+04 1.014602e+04 1.014642e+04 1.011610e+04
17.2 1.013619e+04 1.022269e+04 1.014656e+04 1.006006e+04
0.8 1.008422e+04 1.008781e+04 1.014983e+04 1.014624e+04
1.8 1.012517e+04 1.011783e+04 1.020144e+04 1.020878e+04
2.8 1.018475e+04 1.016750e+04 1.026175e+04 1.027900e+04
3.8 1.015478e+04 1.014394e+04 1.024001e+04 1.025085e+04
4.8 9.993101e+03 1.009967e+04 1.019328e+04 1.008671e+04
5.8 1.016333e+04 1.008595e+04 1.016124e+04 1.023863e+04
6.8 1.020419e+04 1.017636e+04 1.014491e+04 1.017274e+04
7.8 1.032674e+04 1.022650e+04 1.013910e+04 1.023935e+04
8.8 1.027923e+04 1.024099e+04 1.013906e+04 1.017731e+04
9.8 1.027038e+04 1.026628e+04 1.014158e+04 1.014569e+04
10.8 1.033497e+04 1.024877e+04 1.014446e+04 1.023066e+04
11.8 1.025014e+04 1.029155e+04 1.014671e+04 1.010530e+04
12.8 1.026288e+04 1.025741e+04 1.014807e+04 1.015354e+04
13.8 1.021307e+04 1.015800e+04 1.014880e+04 1.020388e+04
14.8 1.006932e+04 1.008492e+04 1.014915e+04 1.013354e+04
15.8 1.006994e+04 1.005016e+04 1.014930e+04 1.016907e+04
16.8 1.008428e+04 1.003969e+04 1.014937e+04 1.019396e+04
17.8 1.006134e+04 1.006322e+04 1.014941e+04 1.014753e+04
0.2 1.005401e+04 1.007306e+04 1.014581e+04 1.012676e+04
1.2 1.010272e+04 1.007888e+04 1.015790e+04 1.018175e+04
2.2 1.026688e+04 1.015701e+04 1.023614e+04 1.034601e+04
3.2 1.013953e+04 1.019509e+04 1.027149e+04 1.021593e+04
4.2 1.008312e+04 1.015523e+04 1.022819e+04 1.015608e+04
5.2 1.008324e+04 1.010937e+04 1.017952e+04 1.015339e+04
6.2 1.014063e+04 1.008307e+04 1.014973e+04 1.020729e+04
7.2 1.016405e+04 1.011878e+04 1.013621e+04 1.018148e+04
8.2 1.014783e+04 1.018784e+04 1.013197e+04 1.009196e+04
9.2 1.012038e+04 1.019215e+04 1.013285e+04 1.006108e+04
10.2 1.020307e+04 1.022848e+04 1.013557e+04 1.011016e+04
11.2 1.028862e+04 1.021599e+04 1.013821e+04 1.021084e+04
12.2 1.036545e+04 1.022538e+04 1.013988e+04 1.027995e+04
13.2 1.032984e+04 1.025419e+04 1.014068e+04 1.021633e+04
14.2 1.018472e+04 1.020026e+04 1.014091e+04 1.012537e+04
15.2 1.003273e+04 1.012650e+04 1.014080e+04 1.004703e+04
16.2 1.004813e+04 1.007991e+04 1.014053e+04 1.010874e+04
17.2 1.012427e+04 1.006771e+04 1.014018e+04 1.019673e+04
1.0 1.004321e+04 1.006635e+04 1.014027e+04 1.011712e+04
2.0 1.016363e+04 1.012841e+04 1.020720e+04 1.024241e+04
3.0 1.019838e+04 1.019077e+04 1.026569e+04 1.027330e+04
4.0 1.030739e+04 1.016560e+04 1.023360e+04 1.037539e+04
5.0 1.024763e+04 1.012185e+04 1.018069e+04 1.030647e+04
6.0 1.021653e+04 1.013102e+04 1.014577e+04 1.023129e+04
7.0 1.027429e+04 1.013980e+04 1.012815e+04 1.026265e+04
8.0 1.020131e+04 1.011885e+04 1.012193e+04 1.020439e+04
9.0 1.016175e+04 1.017166e+04 1.012189e+04 1.011199e+04
10.0 1.024936e+04 1.024136e+04 1.012447e+04 1.013248e+04
11.0 1.017749e+04 1.020591e+04 1.012728e+04 1.009886e+04
12.0 1.001971e+04 1.013774e+04 1.012934e+04 1.001131e+04
13.0 1.002031e+04 1.010657e+04 1.014274e+04 1.005647e+04
14.0 1.021818e+04 1.016644e+04 1.022371e+04 1.027544e+04
15.0 1.017253e+04 1.019348e+04 1.025691e+04 1.023597e+04
16.0 1.000164e+04 1.015218e+04 1.021412e+04 1.006358e+04
17.0 9.925313e+03 1.010737e+04 1.016456e+04 9.982497e+03
18.0 1.007475e+04 1.008342e+04 1.013577e+04 1.012710e+04
0.2 1.001971e+04 1.013774e+04 1.012934e+04 1.001131e+04
1.2 1.002031e+04 1.010657e+04 1.014274e+04 1.005647e+04
2.2 1.021818e+04 1.016644e+04 1.022371e+04 1.027544e+04
3.2 1.017253e+04 1.019348e+04 1.025691e+04 1.023597e+04
4.2 1.000164e+04 1.015218e+04 1.021412e+04 1.006358e+04
5.2 9.925313e+03 1.010737e+04 1.016456e+04 9.982497e+03
6.2 1.007475e+04 1.008342e+04 1.013577e+04 1.012710e+04
7.2 1.016972e+04 1.007513e+04 1.012373e+04 1.021832e+04
8.2 1.015439e+04 1.012606e+04 1.017230e+04 1.020063e+04
9.2 1.023973e+04 1.021572e+04 1.026052e+04 1.028452e+04
10.2 1.020517e+04 1.021316e+04 1.025153e+04 1.024353e+04
11.2 1.018628e+04 1.018031e+04 1.019349e+04 1.019946e+04
12.2 1.013214e+04 1.014355e+04 1.014799e+04 1.013658e+04
13.2 1.023748e+04 1.015277e+04 1.012490e+04 1.020960e+04
14.2 1.022110e+04 1.018667e+04 1.011560e+04 1.015002e+04
15.2 1.006859e+04 1.016504e+04 1.011442e+04 1.001797e+04
16.2 1.013286e+04 1.012110e+04 1.011716e+04 1.012892e+04
17.2 1.007487e+04 1.009091e+04 1.012080e+04 1.010476e+04
0.8 1.016972e+04 1.007513e+04 1.012373e+04 1.021832e+04
1.8 1.015439e+04 1.012606e+04 1.017230e+04 1.020063e+04
2.8 1.023973e+04 1.021572e+04 1.026052e+04 1.028452e+04
3.8 1.020517e+04 1.021316e+04 1.025153e+04 1.024353e+04
4.8 1.018628e+04 1.018031e+04 1.019349e+04 1.019946e+04
5.8 1.013214e+04 1.014355e+04 1.014799e+04 1.013658e+04
6.8 1.023748e+04 1.015277e+04 1.012490e+04 1.020960e+04
7.8 1.022110e+04 1.018667e+04 1.011560e+04 1.015002e+04
8.8 1.006859e+04 1.016504e+04 1.011442e+04 1.001797e+04
9.8 1.013286e+04 1.012110e+04 1.011716e+04 1.012892e+04
10.8 1.007487e+04 1.009091e+04 1.012080e+04 1.010476e+04
11.8 1.003831e+04 1.007777e+04 1.012358e+04 1.008412e+04
12.8 1.010836e+04 1.007414e+04 1.012525e+04 1.015947e+04
13.8 1.022666e+04 1.007616e+04 1.012672e+04 1.027721e+04
14.8 1.023675e+04 1.012012e+04 1.016765e+04 1.028428e+04
15.8 1.029386e+04 1.019779e+04 1.024196e+04 1.033803e+04
16.8 1.022347e+04 1.018941e+04 1.023104e+04 1.026511e+04
17.8 1.015703e+04 1.014889e+04 1.018137e+04 1.018951e+04
0.6 1.022666e+04 1.007616e+04 1.012672e+04 1.027721e+04
1.6 1.023675e+04 1.012012e+04 1.016765e+04 1.028428e+04
2.6 1.029386e+04 1.019779e+04 1.024196e+04 1.033803e+04
3.6 1.022347e+04 1.018941e+04 1.023104e+04 1.026511e+04
4.6 1.015703e+04 1.014889e+04 1.018137e+04 1.018951e+04
5.6 1.020913e+04 1.013632e+04 1.014304e+04 1.021585e+04
6.6 1.022490e+04 1.013048e+04 1.013591e+04 1.023032e+04
7.6 1.024744e+04 1.018296e+04 1.020278e+04 1.026727e+04
8.6 1.017875e+04 1.019565e+04 1.022697e+04 1.021007e+04
9.6 1.003906e+04 1.015380e+04 1.018877e+04 1.007403e+04
10.6 1.005660e+04 1.015040e+04 1.014808e+04 1.005428e+04
11.6 1.021942e+04 1.015261e+04 1.012559e+04 1.019240e+04
12.6 1.029558e+04 1.017419e+04 1.011546e+04 1.023685e+04
13.6 1.032869e+04 1.024475e+04 1.011294e+04 1.019687e+04
14.6 1.024611e+04 1.025198e+04 1.011428e+04 1.010842e+04
15.6 1.018505e+04 1.026792e+04 1.011699e+04 1.003412e+04
16.6 1.009635e+04 1.022549e+04 1.011930e+04 9.990166e+03
17.6 1.006611e+04 1.014766e+04 1.012079e+04 1.003923e+04
0.2 1.020913e+04 1.013632e+04 1.014304e+04 1.021585e+04
1.2 1.022490e+04 1.013048e+04 1.013591e+04 1.023032e+04
2.2 1.024744e+04 1.018296e+04 1.020278e+04 1.026727e+04
3.2 1.017875e+04 1.019565e+04 1.022697e+04 1.021007e+04
4.2 1.003906e+04 1.015380e+04 1.018877e+04 1.007403e+04
5.2 1.005660e+04 1.015040e+04 1.014808e+04 1.005428e+04
6.2 1.021942e+04 1.015261e+04 1.012559e+04 1.019240e+04
7.2 1.029558e+04 1.017419e+04 1.011546e+04 1.023685e+04
8.2 1.032869e+04 1.024475e+04 1.011294e+04 1.019687e+04
9.2 1.024611e+04 1.025198e+04 1.011428e+04 1.010842e+04
10.2 1.018505e+04 1.026792e+04 1.011699e+04 1.003412e+04
11.2 1.009635e+04 1.022549e+04 1.011930e+04 9.990166e+03
12.2 1.006611e+04 1.014766e+04 1.012079e+04 1.003923e+04
13.2 1.006717e+04 1.009506e+04 1.012142e+04 1.009352e+04
14.2 1.010222e+04 1.007983e+04 1.012151e+04 1.014389e+04
15.2 1.013277e+04 1.014500e+04 1.012130e+04 1.010908e+04
16.2 1.015544e+04 1.018500e+04 1.012095e+04 1.009139e+04
17.2 1.013533e+04 1.015293e+04 1.012052e+04 1.010293e+04
0.7 1.014628e+04 1.008992e+04 1.012035e+04 1.017671e+04
1.7 1.023246e+04 1.012265e+04 1.016345e+04 1.027327e+04
2.7 1.022441e+04 1.018368e+04 1.022677e+04 1.026750e+04
3.7 1.009934e+04 1.017368e+04 1.021051e+04 1.013617e+04
4.7 1.004177e+04 1.015519e+04 1.016417e+04 1.005075e+04
5.7 1.010253e+04 1.013147e+04 1.013075e+04 1.010180e+04
6.7 1.009875e+04 1.010814e+04 1.011851e+04 1.010913e+04
7.7 1.011727e+04 1.015839e+04 1.017989e+04 1.013877e+04
8.7 1.021859e+04 1.020778e+04 1.023545e+04 1.024626e+04
9.7 1.021651e+04 1.017368e+04 1.020355e+04 1.024639e+04
10.7 1.007917e+04 1.012330e+04 1.015315e+04 1.010902e+04
11.7 1.018609e+04 1.009123e+04 1.011986e+04 1.021471e+04
12.7 1.021638e+04 1.009423e+04 1.012119e+04 1.024334e+04
13.7 1.018872e+04 1.018028e+04 1.020562e+04 1.021407e+04
14.7 1.023504e+04 1.021569e+04 1.023881e+04 1.025815e+04
15.7 1.018424e+04 1.020274e+04 1.019212e+04 1.017362e+04
16.7 1.016355e+04 1.018309e+04 1.013943e+04 1.011989e+04
1.0 1.009875e+04 1.010814e+04 1.011851e+04 1.010913e+04
2.0 1.011727e+04 1.015839e+04 1.017989e+04 1.013877e+04
3.0 1.021859e+04 1.020778e+04 1.023545e+04 1.024626e+04
4.0 1.021651e+04 1.017368e+04 1.020355e+04 1.024639e+04
5.0 1.007917e+04 1.012330e+04 1.015315e+04 1.010902e+04
6.0 1.018609e+04 1.009123e+04 1.011986e+04 1.021471e+04
7.0 1.021638e+04 1.009423e+04 1.012119e+04 1.024334e+04
8.0 1.018872e+04 1.018028e+04 1.020562e+04 1.021407e+04
9.0 1.023504e+04 1.021569e+04 1.023881e+04 1.025815e+04
10.0 1.018424e+04 1.020274e+04 1.019212e+04 1.017362e+04
11.0 1.016355e+04 1.018309e+04 1.013943e+04 1.011989e+04
0.3 1.018609e+04 1.009123e+04 1.011986e+04 1.021471e+04
1.3 1.021638e+04 1.009423e+04 1.012119e+04 1.024334e+04
2.3 1.018872e+04 1.018028e+04 1.020562e+04 1.021407e+04
3.3 1.023504e+04 1.021569e+04 1.023881e+04 1.025815e+04
4.3 1.018424e+04 1.020274e+04 1.019212e+04 1.017362e+04
5.3 1.016355e+04 1.018309e+04 1.013943e+04 1.011989e+04
