1.0 9.599700e+03 9.719921e+03 9.746144e+03 9.625923e+03
2.0 9.663958e+03 9.835770e+03 9.872945e+03 9.701133e+03
3.0 9.917196e+03 9.876969e+03 9.917844e+03 9.958071e+03
4.0 1.003160e+04 9.811390e+03 9.850945e+03 1.007115e+04
5.0 9.691320e+03 9.761758e+03 9.778846e+03 9.708408e+03
6.0 9.400664e+03 9.741756e+03 9.738222e+03 9.397131e+03
7.0 9.640425e+03 9.742901e+03 9.719404e+03 9.616927e+03
8.0 9.473873e+03 9.799641e+03 9.714375e+03 9.388606e+03
9.0 9.841704e+03 9.803867e+03 9.716454e+03 9.754292e+03
10.0 1.016586e+04 9.825246e+03 9.721197e+03 1.006181e+04
11.0 9.859648e+03 9.819521e+03 9.725511e+03 9.765637e+03
12.0 9.687273e+03 9.810655e+03 9.728546e+03 9.605165e+03
13.0 9.556191e+03 9.822630e+03 9.730241e+03 9.463803e+03
14.0 9.498875e+03 9.783548e+03 9.731110e+03 9.446436e+03
15.0 9.669776e+03 9.735454e+03 9.731537e+03 9.665859e+03
16.0 9.471212e+03 9.720775e+03 9.731746e+03 9.482182e+03
17.0 9.762290e+03 9.746283e+03 9.731868e+03 9.747874e+03
18.0 9.960501e+03 9.758895e+03 9.731956e+03 9.933562e+03
0.1 9.924312e+03 9.824063e+03 9.729864e+03 9.830112e+03
1.1 9.892754e+03 9.818894e+03 9.748110e+03 9.821971e+03
2.1 1.010670e+04 9.926871e+03 9.877325e+03 1.005715e+04
3.1 9.977832e+03 9.952330e+03 9.914432e+03 9.939934e+03
4.1 1.006357e+04 9.862711e+03 9.843074e+03 1.004393e+04
5.1 9.767459e+03 9.667288e+03 9.774214e+03 9.874386e+03
6.1 9.157712e+03 9.508869e+03 9.734839e+03 9.383681e+03
7.1 9.415712e+03 9.509710e+03 9.716763e+03 9.622765e+03
8.1 9.471693e+03 9.550096e+03 9.712099e+03 9.633696e+03
9.1 9.535365e+03 9.638348e+03 9.714385e+03 9.611403e+03
10.1 9.880955e+03 9.672300e+03 9.718942e+03 9.927597e+03
11.1 9.579606e+03 9.610241e+03 9.723082e+03 9.692447e+03
12.1 9.514687e+03 9.632264e+03 9.725929e+03 9.608352e+03
13.1 9.767792e+03 9.702211e+03 9.727458e+03 9.793040e+03
14.1 9.727072e+03 9.752078e+03 9.728200e+03 9.703194e+03
15.1 9.902319e+03 9.773694e+03 9.728497e+03 9.857121e+03
16.1 9.651791e+03 9.779728e+03 9.728601e+03 9.600664e+03
17.1 9.483259e+03 9.777427e+03 9.728631e+03 9.434463e+03
0.1 1.002107e+04 9.779659e+03 9.729568e+03 9.970977e+03
1.1 1.004694e+04 9.801509e+03 9.756401e+03 1.000183e+04
2.1 9.974123e+03 9.913960e+03 9.885847e+03 9.946009e+03
3.1 9.856911e+03 9.928826e+03 9.910579e+03 9.838664e+03
4.1 9.636475e+03 9.876753e+03 9.837682e+03 9.597405e+03
5.1 9.825727e+03 9.836102e+03 9.771125e+03 9.760749e+03
6.1 9.767238e+03 9.787041e+03 9.733342e+03 9.713539e+03
7.1 9.951832e+03 9.747240e+03 9.717360e+03 9.921952e+03
8.1 9.588026e+03 9.726572e+03 9.713625e+03 9.575079e+03
9.1 9.693712e+03 9.712557e+03 9.716441e+03 9.697596e+03
10.1 9.567298e+03 9.608706e+03 9.721250e+03 9.679842e+03
11.1 9.241477e+03 9.522222e+03 9.725599e+03 9.444854e+03
12.1 9.499988e+03 9.575312e+03 9.728458e+03 9.653133e+03
13.1 9.203175e+03 9.614448e+03 9.730134e+03 9.318862e+03
14.1 9.808576e+03 9.615074e+03 9.730996e+03 9.924498e+03
15.1 1.016815e+04 9.598592e+03 9.731453e+03 1.030101e+04
16.1 9.713196e+03 9.525366e+03 9.731722e+03 9.919552e+03
17.1 9.565911e+03 9.563331e+03 9.731909e+03 9.734490e+03
0.2 9.494279e+03 9.758601e+03 9.730624e+03 9.466302e+03
1.2 9.567031e+03 9.756732e+03 9.759640e+03 9.569939e+03
2.2 9.664661e+03 9.851331e+03 9.891658e+03 9.704989e+03
3.2 9.744737e+03 9.846780e+03 9.909882e+03 9.807839e+03
4.2 1.009398e+04 9.762106e+03 9.834085e+03 1.016596e+04
5.2 9.620192e+03 9.695995e+03 9.768818e+03 9.693014e+03
6.2 9.467768e+03 9.665410e+03 9.732818e+03 9.535176e+03
7.2 9.607861e+03 9.678392e+03 9.716900e+03 9.646370e+03
8.2 1.003432e+04 9.690838e+03 9.713507e+03 1.005699e+04
9.2 9.728588e+03 9.681371e+03 9.716447e+03 9.763664e+03
10.2 9.497761e+03 9.670091e+03 9.721212e+03 9.548882e+03
11.2 9.595998e+03 9.664746e+03 9.725376e+03 9.656629e+03
12.2 9.783155e+03 9.699135e+03 9.728228e+03 9.812248e+03
13.2 9.905593e+03 9.752504e+03 9.729795e+03 9.882884e+03
14.2 9.704396e+03 9.751572e+03 9.730631e+03 9.683456e+03
15.2 9.895984e+03 9.781350e+03 9.731097e+03 9.845732e+03
16.2 1.003967e+04 9.771895e+03 9.731433e+03 9.999204e+03
17.2 1.004893e+04 9.724328e+03 9.731739e+03 1.005634e+04
