0.4 9.692547e+03 9.642503e+03 9.600598e+03 9.650642e+03
1.4 9.640307e+03 9.619191e+03 9.611178e+03 9.632294e+03
2.4 9.498438e+03 9.598037e+03 9.635193e+03 9.535593e+03
3.4 9.391958e+03 9.569058e+03 9.632683e+03 9.455583e+03
4.4 9.387041e+03 9.541543e+03 9.617328e+03 9.462827e+03
5.4 9.490385e+03 9.548336e+03 9.606067e+03 9.548116e+03
6.4 9.600904e+03 9.634873e+03 9.600200e+03 9.566231e+03
7.4 9.728446e+03 9.661111e+03 9.597803e+03 9.665139e+03
8.4 9.735146e+03 9.617333e+03 9.597528e+03 9.715341e+03
9.4 9.635874e+03 9.615348e+03 9.598262e+03 9.618788e+03
10.4 9.675034e+03 9.604946e+03 9.599201e+03 9.669289e+03
11.4 9.636633e+03 9.571118e+03 9.599965e+03 9.665480e+03
12.4 9.627722e+03 9.605852e+03 9.600471e+03 9.622340e+03
13.4 9.590058e+03 9.649349e+03 9.600751e+03 9.541459e+03
14.4 9.556885e+03 9.618882e+03 9.600907e+03 9.538910e+03
15.4 9.502534e+03 9.580997e+03 9.600997e+03 9.522534e+03
16.4 9.429339e+03 9.563222e+03 9.601058e+03 9.467175e+03
17.4 9.500917e+03 9.622096e+03 9.601109e+03 9.479930e+03
0.9 9.627616e+03 9.578909e+03 9.602128e+03 9.650834e+03
1.9 9.628132e+03 9.569478e+03 9.624089e+03 9.682743e+03
2.9 9.713568e+03 9.567253e+03 9.637076e+03 9.783391e+03
3.9 9.695354e+03 9.554490e+03 9.625529e+03 9.766393e+03
4.9 9.648996e+03 9.608205e+03 9.610999e+03 9.651790e+03
5.9 9.705534e+03 9.673631e+03 9.602446e+03 9.634349e+03
6.9 9.668665e+03 9.645449e+03 9.598404e+03 9.621619e+03
7.9 9.499602e+03 9.587286e+03 9.597090e+03 9.509406e+03
8.9 9.439831e+03 9.561894e+03 9.597336e+03 9.475272e+03
9.9 9.604944e+03 9.624317e+03 9.598188e+03 9.578816e+03
10.9 9.646624e+03 9.651767e+03 9.599006e+03 9.593864e+03
11.9 9.499851e+03 9.609738e+03 9.599576e+03 9.489690e+03
12.9 9.451111e+03 9.563878e+03 9.599901e+03 9.487134e+03
13.9 9.559058e+03 9.539028e+03 9.600044e+03 9.620074e+03
14.9 9.608141e+03 9.530098e+03 9.600095e+03 9.678138e+03
15.9 9.620352e+03 9.580807e+03 9.600099e+03 9.639644e+03
16.9 9.692250e+03 9.670508e+03 9.600084e+03 9.621826e+03
17.9 9.692733e+03 9.665698e+03 9.600063e+03 9.627098e+03
0.9 9.544428e+03 9.604831e+03 9.600843e+03 9.540441e+03
1.9 9.514712e+03 9.584648e+03 9.622998e+03 9.553062e+03
2.9 9.594407e+03 9.576753e+03 9.636039e+03 9.653693e+03
3.9 9.679089e+03 9.614973e+03 9.624413e+03 9.688530e+03
4.9 9.713296e+03 9.711124e+03 9.610154e+03 9.612325e+03
5.9 9.725812e+03 9.717017e+03 9.601441e+03 9.610235e+03
6.9 9.676711e+03 9.689404e+03 9.597224e+03 9.584532e+03
7.9 9.592004e+03 9.634451e+03 9.595890e+03 9.553443e+03
8.9 9.556396e+03 9.572618e+03 9.596094e+03 9.579871e+03
9.9 9.509692e+03 9.535430e+03 9.596887e+03 9.571149e+03
10.9 9.467168e+03 9.530385e+03 9.597667e+03 9.534450e+03
11.9 9.534822e+03 9.610694e+03 9.598209e+03 9.522337e+03
12.9 9.696609e+03 9.657639e+03 9.598476e+03 9.637445e+03
13.9 9.676401e+03 9.619404e+03 9.598569e+03 9.655565e+03
14.9 9.580444e+03 9.571488e+03 9.598557e+03 9.607513e+03
15.9 9.578908e+03 9.543280e+03 9.598494e+03 9.634122e+03
16.9 9.642429e+03 9.573457e+03 9.598406e+03 9.667378e+03
17.9 9.654279e+03 9.633740e+03 9.598305e+03 9.618844e+03
0.7 9.720842e+03 9.667420e+03 9.596943e+03 9.650364e+03
1.7 9.657795e+03 9.639959e+03 9.614945e+03 9.632780e+03
2.7 9.598605e+03 9.606049e+03 9.632628e+03 9.625184e+03
