0.9 1.003950e+04 9.776218e+03 9.652483e+03 9.915769e+03
1.9 9.909417e+03 9.708112e+03 9.668550e+03 9.869856e+03
2.9 1.003484e+04 9.675669e+03 9.690562e+03 1.004973e+04
3.9 9.500326e+03 9.642615e+03 9.684974e+03 9.542685e+03
4.9 9.612208e+03 9.614767e+03 9.668234e+03 9.665675e+03
5.9 9.543178e+03 9.602193e+03 9.656459e+03 9.597444e+03
6.9 9.281159e+03 9.599682e+03 9.650414e+03 9.331891e+03
7.9 9.350123e+03 9.604973e+03 9.651572e+03 9.396722e+03
8.9 9.356038e+03 9.630882e+03 9.674614e+03 9.399771e+03
9.9 9.481598e+03 9.647256e+03 9.689404e+03 9.523746e+03
10.9 9.872672e+03 9.636752e+03 9.678301e+03 9.914221e+03
11.9 9.395879e+03 9.639698e+03 9.663141e+03 9.419322e+03
12.9 9.248593e+03 9.735660e+03 9.653474e+03 9.166407e+03
13.9 9.783543e+03 9.757357e+03 9.649071e+03 9.675257e+03
14.9 9.747627e+03 9.723231e+03 9.647700e+03 9.672096e+03
15.9 9.580959e+03 9.685816e+03 9.648060e+03 9.543204e+03
16.9 9.986626e+03 9.673420e+03 9.649077e+03 9.962283e+03
17.9 9.883710e+03 9.711312e+03 9.650113e+03 9.822512e+03
0.2 9.281159e+03 9.599682e+03 9.650414e+03 9.331891e+03
1.2 9.350123e+03 9.604973e+03 9.651572e+03 9.396722e+03
2.2 9.356038e+03 9.630882e+03 9.674614e+03 9.399771e+03
3.2 9.481598e+03 9.647256e+03 9.689404e+03 9.523746e+03
4.2 9.872672e+03 9.636752e+03 9.678301e+03 9.914221e+03
5.2 9.395879e+03 9.639698e+03 9.663141e+03 9.419322e+03
6.2 9.248593e+03 9.735660e+03 9.653474e+03 9.166407e+03
7.2 9.783543e+03 9.757357e+03 9.649071e+03 9.675257e+03
8.2 9.747627e+03 9.723231e+03 9.647700e+03 9.672096e+03
9.2 9.580959e+03 9.685816e+03 9.648060e+03 9.543204e+03
10.2 9.986626e+03 9.673420e+03 9.649077e+03 9.962283e+03
11.2 9.883710e+03 9.711312e+03 9.650113e+03 9.822512e+03
12.2 9.887840e+03 9.690745e+03 9.650849e+03 9.847944e+03
13.2 9.690887e+03 9.644281e+03 9.651314e+03 9.697920e+03
14.2 9.664244e+03 9.619999e+03 9.656825e+03 9.701070e+03
15.2 9.688793e+03 9.629859e+03 9.679431e+03 9.738364e+03
16.2 9.544110e+03 9.633267e+03 9.685832e+03 9.596675e+03
17.2 9.478920e+03 9.640380e+03 9.673104e+03 9.511644e+03
0.3 9.690887e+03 9.644281e+03 9.651314e+03 9.697920e+03
1.3 9.664244e+03 9.619999e+03 9.656825e+03 9.701070e+03
2.3 9.688793e+03 9.629859e+03 9.679431e+03 9.738364e+03
3.3 9.544110e+03 9.633267e+03 9.685832e+03 9.596675e+03
4.3 9.478920e+03 9.640380e+03 9.673104e+03 9.511644e+03
5.3 9.629829e+03 9.783108e+03 9.660159e+03 9.506880e+03
6.3 9.916320e+03 9.833698e+03 9.652986e+03 9.735609e+03
7.3 9.932756e+03 9.754761e+03 9.650696e+03 9.828691e+03
8.3 9.555186e+03 9.686270e+03 9.665940e+03 9.534856e+03
9.3 9.270286e+03 9.654039e+03 9.680497e+03 9.296745e+03
10.3 9.444586e+03 9.662941e+03 9.673824e+03 9.455470e+03
11.3 9.277735e+03 9.748868e+03 9.662254e+03 9.191121e+03
12.3 9.721926e+03 9.749998e+03 9.654744e+03 9.626673e+03
13.3 1.004108e+04 9.720287e+03 9.651089e+03 9.971881e+03
14.3 9.669838e+03 9.688299e+03 9.649955e+03 9.631495e+03
15.3 9.450868e+03 9.687119e+03 9.650197e+03 9.413946e+03
16.3 9.418635e+03 9.710426e+03 9.651013e+03 9.359222e+03
17.3 9.345915e+03 9.685750e+03 9.651865e+03 9.312031e+03
0.9 9.932756e+03 9.754761e+03 9.650696e+03 9.828691e+03
1.9 9.555186e+03 9.686270e+03 9.665940e+03 9.534856e+03
2.9 9.270286e+03 9.654039e+03 9.680497e+03 9.296745e+03
3.9 9.444586e+03 9.662941e+03 9.673824e+03 9.455470e+03
4.9 9.277735e+03 9.748868e+03 9.662254e+03 9.191121e+03
5.9 9.721926e+03 9.749998e+03 9.654744e+03 9.626673e+03
6.9 1.004108e+04 9.720287e+03 9.651089e+03 9.971881e+03
7.9 9.669838e+03 9.688299e+03 9.649955e+03 9.631495e+03
8.9 9.450868e+03 9.687119e+03 9.650197e+03 9.413946e+03
9.9 9.418635e+03 9.710426e+03 9.651013e+03 9.359222e+03
10.9 9.345915e+03 9.685750e+03 9.651865e+03 9.312031e+03
11.9 9.429737e+03 9.649689e+03 9.652600e+03 9.432648e+03
12.9 9.293813e+03 9.638794e+03 9.661901e+03 9.316920e+03
13.9 9.730323e+03 9.658897e+03 9.689088e+03 9.760514e+03
14.9 9.878702e+03 9.672288e+03 9.693774e+03 9.900188e+03
15.9 9.913126e+03 9.755623e+03 9.678001e+03 9.835504e+03
16.9 9.983934e+03 9.793375e+03 9.662780e+03 9.853339e+03
17.9 1.002429e+04 9.738776e+03 9.654471e+03 9.939982e+03
0.5 9.429737e+03 9.649689e+03 9.652600e+03 9.432648e+03
1.5 9.293813e+03 9.638794e+03 9.661901e+03 9.316920e+03
2.5 9.730323e+03 9.658897e+03 9.689088e+03 9.760514e+03
3.5 9.878702e+03 9.672288e+03 9.693774e+03 9.900188e+03
4.5 9.913126e+03 9.755623e+03 9.678001e+03 9.835504e+03
5.5 9.983934e+03 9.793375e+03 9.662780e+03 9.853339e+03
6.5 1.002429e+04 9.738776e+03 9.654471e+03 9.939982e+03
7.5 9.923042e+03 9.678995e+03 9.650820e+03 9.894867e+03
8.5 1.005629e+04 9.641630e+03 9.650079e+03 1.006474e+04
9.5 9.706135e+03 9.561922e+03 9.650775e+03 9.794987e+03
10.5 9.433087e+03 9.499326e+03 9.651947e+03 9.585708e+03
11.5 9.964727e+03 9.534804e+03 9.652965e+03 1.008289e+04
12.5 9.706975e+03 9.607145e+03 9.653688e+03 9.753518e+03
13.5 9.841344e+03 9.796248e+03 9.654120e+03 9.699216e+03
14.5 9.915269e+03 9.896264e+03 9.654376e+03 9.673380e+03
15.5 9.577116e+03 9.764352e+03 9.654539e+03 9.467303e+03
16.5 9.792053e+03 9.613016e+03 9.654656e+03 9.833693e+03
17.5 9.816769e+03 9.581673e+03 9.654753e+03 9.889849e+03
0.5 9.323170e+03 9.388940e+03 9.654957e+03 9.589187e+03
1.5 9.394608e+03 9.458536e+03 9.662625e+03 9.598697e+03
2.5 9.736240e+03 9.590108e+03 9.680412e+03 9.826543e+03
3.5 9.990403e+03 9.674898e+03 9.679765e+03 9.995271e+03
4.5 9.890161e+03 9.794665e+03 9.668660e+03 9.764156e+03
5.5 1.012813e+04 9.851802e+03 9.659880e+03 9.936210e+03
6.5 9.748215e+03 9.817739e+03 9.655152e+03 9.585628e+03
7.5 9.442723e+03 9.775255e+03 9.653303e+03 9.320771e+03
8.5 9.493764e+03 9.724876e+03 9.653056e+03 9.421945e+03
9.5 9.391255e+03 9.687321e+03 9.653608e+03 9.357542e+03
10.5 9.480034e+03 9.656553e+03 9.654351e+03 9.477832e+03
11.5 9.505046e+03 9.566416e+03 9.654981e+03 9.593611e+03
12.5 9.883474e+03 9.523628e+03 9.655390e+03 1.001524e+04
13.5 9.389109e+03 9.467082e+03 9.655635e+03 9.577661e+03
14.5 9.324817e+03 9.388935e+03 9.655771e+03 9.591653e+03
15.5 9.220897e+03 9.429984e+03 9.655854e+03 9.446767e+03
16.5 9.546223e+03 9.448031e+03 9.655911e+03 9.754103e+03
17.5 9.818572e+03 9.511396e+03 9.655955e+03 9.963132e+03
0.4 9.804699e+03 9.715001e+03 9.656107e+03 9.745806e+03
1.4 9.790375e+03 9.717022e+03 9.662201e+03 9.735553e+03
2.4 9.747441e+03 9.733325e+03 9.686168e+03 9.700284e+03
3.4 9.834100e+03 9.731799e+03 9.691606e+03 9.793906e+03
4.4 9.866944e+03 9.735239e+03 9.678071e+03 9.809776e+03
5.4 1.004178e+04 9.873239e+03 9.664557e+03 9.833097e+03
6.4 9.932562e+03 9.908709e+03 9.657081e+03 9.680934e+03
7.4 9.989446e+03 9.811075e+03 9.653706e+03 9.832077e+03
8.4 9.680169e+03 9.646547e+03 9.652903e+03 9.686525e+03
9.4 9.149168e+03 9.522046e+03 9.653388e+03 9.280510e+03
10.4 9.257140e+03 9.447722e+03 9.654318e+03 9.463736e+03
11.4 9.251410e+03 9.361332e+03 9.655129e+03 9.545207e+03
12.4 9.519743e+03 9.443275e+03 9.655683e+03 9.732151e+03
13.4 9.738188e+03 9.542884e+03 9.655979e+03 9.851284e+03
14.4 9.406773e+03 9.558771e+03 9.656120e+03 9.504122e+03
15.4 9.441626e+03 9.602768e+03 9.656178e+03 9.495036e+03
16.4 9.811772e+03 9.659669e+03 9.656195e+03 9.808297e+03
17.4 9.707421e+03 9.693406e+03 9.656194e+03 9.670210e+03
0.8 9.807134e+03 9.675601e+03 9.656494e+03 9.788027e+03
1.8 9.858972e+03 9.683798e+03 9.670119e+03 9.845293e+03
2.8 9.833470e+03 9.702434e+03 9.690699e+03 9.821735e+03
3.8 9.968364e+03 9.730176e+03 9.686533e+03 9.924722e+03
4.8 9.864102e+03 9.870685e+03 9.671858e+03 9.665275e+03
5.8 9.736462e+03 9.891693e+03 9.662860e+03 9.507629e+03
6.8 9.636899e+03 9.820322e+03 9.678532e+03 9.495109e+03
7.8 9.746190e+03 9.760744e+03 9.698786e+03 9.684233e+03
8.8 9.728815e+03 9.706621e+03 9.690358e+03 9.712551e+03
9.8 9.901107e+03 9.668831e+03 9.672337e+03 9.904614e+03
10.8 9.441404e+03 9.651103e+03 9.659800e+03 9.450101e+03
11.8 9.551095e+03 9.642423e+03 9.653942e+03 9.562614e+03
12.8 9.633198e+03 9.577139e+03 9.651957e+03 9.708017e+03
13.8 9.463334e+03 9.523246e+03 9.652155e+03 9.592243e+03
14.8 9.581412e+03 9.557937e+03 9.653291e+03 9.676766e+03
15.8 9.404667e+03 9.499576e+03 9.654549e+03 9.559641e+03
16.8 9.574111e+03 9.405611e+03 9.655479e+03 9.823979e+03
17.8 9.832492e+03 9.432391e+03 9.656061e+03 1.005616e+04
0.1 9.864102e+03 9.870685e+03 9.671858e+03 9.665275e+03
1.1 9.736462e+03 9.891693e+03 9.662860e+03 9.507629e+03
2.1 9.636899e+03 9.820322e+03 9.678532e+03 9.495109e+03
3.1 9.746190e+03 9.760744e+03 9.698786e+03 9.684233e+03
4.1 9.728815e+03 9.706621e+03 9.690358e+03 9.712551e+03
5.1 9.901107e+03 9.668831e+03 9.672337e+03 9.904614e+03
6.1 9.441404e+03 9.651103e+03 9.659800e+03 9.450101e+03
7.1 9.551095e+03 9.642423e+03 9.653942e+03 9.562614e+03
8.1 9.633198e+03 9.577139e+03 9.651957e+03 9.708017e+03
9.1 9.463334e+03 9.523246e+03 9.652155e+03 9.592243e+03
10.1 9.581412e+03 9.557937e+03 9.653291e+03 9.676766e+03
11.1 9.404667e+03 9.499576e+03 9.654549e+03 9.559641e+03
12.1 9.574111e+03 9.405611e+03 9.655479e+03 9.823979e+03
13.1 9.832492e+03 9.432391e+03 9.656061e+03 1.005616e+04
14.1 9.597585e+03 9.460862e+03 9.656392e+03 9.793115e+03
15.1 9.457748e+03 9.534960e+03 9.656566e+03 9.579353e+03
16.1 9.987555e+03 9.618852e+03 9.656667e+03 1.002537e+04
17.1 9.682204e+03 9.667276e+03 9.656731e+03 9.671659e+03
0.8 9.672636e+03 9.715851e+03 9.656406e+03 9.613190e+03
1.8 9.481239e+03 9.694241e+03 9.670999e+03 9.457997e+03
2.8 9.322200e+03 9.681726e+03 9.698595e+03 9.339069e+03
3.8 9.432661e+03 9.693753e+03 9.698923e+03 9.437831e+03
4.8 9.660219e+03 9.822367e+03 9.679948e+03 9.517800e+03
5.8 9.764431e+03 9.825911e+03 9.664306e+03 9.602825e+03
6.8 1.005930e+04 9.727856e+03 9.655617e+03 9.987056e+03
7.8 9.561875e+03 9.648761e+03 9.652096e+03 9.565210e+03
8.8 9.343276e+03 9.609675e+03 9.653903e+03 9.387504e+03
9.8 9.633107e+03 9.613080e+03 9.675005e+03 9.695032e+03
10.8 9.911100e+03 9.621336e+03 9.686819e+03 9.976582e+03
11.8 9.540320e+03 9.615124e+03 9.677107e+03 9.602303e+03
12.8 9.382161e+03 9.608282e+03 9.664877e+03 9.438757e+03
13.8 9.503288e+03 9.605635e+03 9.657388e+03 9.555040e+03
14.8 9.647163e+03 9.621758e+03 9.653832e+03 9.679237e+03
15.8 9.822880e+03 9.646643e+03 9.652825e+03 9.829061e+03
16.8 9.742463e+03 9.651653e+03 9.653183e+03 9.743993e+03
17.8 9.824233e+03 9.693619e+03 9.654052e+03 9.784666e+03
0.1 9.561875e+03 9.648761e+03 9.652096e+03 9.565210e+03
1.1 9.343276e+03 9.609675e+03 9.653903e+03 9.387504e+03
2.1 9.633107e+03 9.613080e+03 9.675005e+03 9.695032e+03
3.1 9.911100e+03 9.621336e+03 9.686819e+03 9.976582e+03
4.1 9.540320e+03 9.615124e+03 9.677107e+03 9.602303e+03
5.1 9.382161e+03 9.608282e+03 9.664877e+03 9.438757e+03
6.1 9.503288e+03 9.605635e+03 9.657388e+03 9.555040e+03
7.1 9.647163e+03 9.621758e+03 9.653832e+03 9.679237e+03
8.1 9.822880e+03 9.646643e+03 9.652825e+03 9.829061e+03
9.1 9.742463e+03 9.651653e+03 9.653183e+03 9.743993e+03
10.1 9.824233e+03 9.693619e+03 9.654052e+03 9.784666e+03
11.1 9.973590e+03 9.696987e+03 9.654901e+03 9.931504e+03
12.1 9.978133e+03 9.659913e+03 9.655542e+03 9.973762e+03
13.1 9.759333e+03 9.652836e+03 9.655955e+03 9.762452e+03
14.1 9.485520e+03 9.656582e+03 9.656232e+03 9.485169e+03
15.1 9.466322e+03 9.636904e+03 9.656433e+03 9.485851e+03
16.1 9.655773e+03 9.615912e+03 9.656608e+03 9.696470e+03
17.1 9.749463e+03 9.604675e+03 9.656779e+03 9.801567e+03
