1.0 8.917173e+03 8.381396e+03 8.080015e+03 8.615793e+03
2.0 7.905294e+03 8.254290e+03 8.143099e+03 7.794103e+03
3.0 8.320623e+03 8.130631e+03 8.182461e+03 8.372453e+03
4.0 8.012215e+03 8.018329e+03 8.150861e+03 8.144747e+03
5.0 8.154599e+03 7.951666e+03 8.107181e+03 8.310114e+03
6.0 8.161921e+03 7.919898e+03 8.080708e+03 8.322731e+03
7.0 7.636906e+03 7.910322e+03 8.067836e+03 7.794420e+03
8.0 7.118377e+03 7.953341e+03 8.063753e+03 7.228790e+03
9.0 8.259242e+03 8.126787e+03 8.064324e+03 8.196780e+03
10.0 7.907729e+03 8.182596e+03 8.066840e+03 7.791973e+03
11.0 8.094625e+03 8.104475e+03 8.069333e+03 8.059483e+03
12.0 7.492262e+03 8.079756e+03 8.071151e+03 7.483657e+03
13.0 7.861709e+03 8.053594e+03 8.072171e+03 7.880286e+03
14.0 8.111767e+03 8.004981e+03 8.072679e+03 8.179465e+03
15.0 8.047884e+03 8.080842e+03 8.072908e+03 8.039951e+03
16.0 8.094710e+03 8.167520e+03 8.073001e+03 8.000191e+03
17.0 7.293411e+03 8.222650e+03 8.073044e+03 7.143805e+03
18.0 8.270974e+03 8.449660e+03 8.073073e+03 7.894386e+03
0.2 8.270974e+03 8.449660e+03 8.073073e+03 7.894386e+03
1.2 7.729835e+03 8.409293e+03 8.084449e+03 7.404992e+03
2.2 8.353371e+03 8.265496e+03 8.157320e+03 8.245194e+03
3.2 8.391814e+03 8.136267e+03 8.185988e+03 8.441536e+03
4.2 7.622226e+03 7.899009e+03 8.146116e+03 7.869333e+03
5.2 7.609808e+03 7.677803e+03 8.103389e+03 8.035395e+03
6.2 7.173394e+03 7.704120e+03 8.078142e+03 7.547415e+03
7.2 7.841833e+03 7.824138e+03 8.066357e+03 8.084053e+03
8.2 6.880574e+03 7.979550e+03 8.063140e+03 6.964164e+03
9.2 7.701600e+03 8.229836e+03 8.064407e+03 7.536171e+03
10.2 8.430940e+03 8.314650e+03 8.067250e+03 8.183540e+03
11.2 8.458337e+03 8.499823e+03 8.069936e+03 8.028450e+03
12.2 8.586767e+03 8.535570e+03 8.071860e+03 8.123057e+03
13.2 8.683410e+03 8.316918e+03 8.072965e+03 8.439457e+03
14.2 8.853493e+03 8.105236e+03 8.073568e+03 8.821825e+03
15.2 9.081565e+03 7.990462e+03 8.073881e+03 9.164984e+03
16.2 8.294084e+03 7.904946e+03 8.074067e+03 8.463205e+03
17.2 7.663667e+03 7.861323e+03 8.074200e+03 7.876545e+03
0.8 8.567610e+03 8.570135e+03 8.077205e+03 8.074681e+03
1.8 8.544141e+03 8.434564e+03 8.124639e+03 8.234216e+03
2.8 7.864337e+03 8.290748e+03 8.180070e+03 7.753659e+03
3.8 7.651264e+03 8.150977e+03 8.160085e+03 7.660372e+03
4.8 7.998321e+03 8.056944e+03 8.117142e+03 8.058518e+03
5.8 6.899012e+03 8.007198e+03 8.087687e+03 6.979502e+03
6.8 8.011574e+03 7.946363e+03 8.072683e+03 8.137893e+03
7.8 8.237839e+03 7.926473e+03 8.067346e+03 8.378712e+03
8.8 7.365078e+03 7.813644e+03 8.067302e+03 7.618736e+03
9.8 7.443587e+03 7.660551e+03 8.069625e+03 7.852661e+03
10.8 6.811441e+03 7.729924e+03 8.072271e+03 7.153789e+03
11.8 7.883767e+03 7.832220e+03 8.074340e+03 8.125886e+03
12.8 8.113013e+03 7.932686e+03 8.075582e+03 8.255910e+03
13.8 8.328118e+03 8.027227e+03 8.076261e+03 8.377152e+03
14.8 8.051635e+03 8.081758e+03 8.076574e+03 8.046451e+03
15.8 8.189866e+03 8.102115e+03 8.076712e+03 8.164463e+03
16.8 8.496461e+03 8.103314e+03 8.076779e+03 8.469927e+03
17.8 8.166253e+03 8.141065e+03 8.076818e+03 8.102006e+03
0.2 9.061938e+03 8.082209e+03 8.073511e+03 9.053239e+03
1.2 8.915162e+03 8.094660e+03 8.084622e+03 8.905124e+03
2.2 8.308109e+03 8.166436e+03 8.156527e+03 8.298201e+03
3.2 8.095002e+03 8.198187e+03 8.189023e+03 8.085838e+03
4.2 8.041233e+03 8.157552e+03 8.149220e+03 8.032902e+03
5.2 8.364301e+03 8.112214e+03 8.104495e+03 8.356582e+03
6.2 7.759341e+03 8.087585e+03 8.077109e+03 7.748865e+03
7.2 8.285357e+03 8.174191e+03 8.064689e+03 8.175855e+03
8.2 8.933667e+03 8.320128e+03 8.060784e+03 8.674323e+03
9.2 9.100485e+03 8.304284e+03 8.061595e+03 8.857797e+03
10.2 7.995198e+03 8.265893e+03 8.064100e+03 7.793405e+03
11.2 7.895372e+03 8.215384e+03 8.066526e+03 7.746514e+03
12.2 7.781747e+03 8.293861e+03 8.068056e+03 7.555942e+03
13.2 7.858823e+03 8.408166e+03 8.068793e+03 7.519450e+03
14.2 8.738038e+03 8.327761e+03 8.069003e+03 8.479281e+03
15.2 8.697590e+03 8.188308e+03 8.068903e+03 8.578185e+03
16.2 8.520520e+03 8.094879e+03 8.068653e+03 8.494294e+03
17.2 8.587103e+03 8.049969e+03 8.068330e+03 8.605463e+03
1.0 7.491403e+03 8.116047e+03 8.068417e+03 7.443773e+03
2.0 7.239085e+03 8.174699e+03 8.129930e+03 7.194317e+03
3.0 8.317146e+03 8.220395e+03 8.183691e+03 8.280443e+03
4.0 8.270392e+03 8.182783e+03 8.154197e+03 8.241806e+03
5.0 7.617941e+03 8.129163e+03 8.105564e+03 7.594342e+03
6.0 6.771730e+03 8.103893e+03 8.073475e+03 6.741313e+03
7.0 7.895412e+03 8.091992e+03 8.057280e+03 7.860700e+03
8.0 8.219114e+03 8.078120e+03 8.051563e+03 8.192558e+03
9.0 8.672423e+03 8.030907e+03 8.051527e+03 8.693043e+03
10.0 8.380922e+03 7.987045e+03 8.053896e+03 8.447773e+03
11.0 8.170253e+03 8.004240e+03 8.056481e+03 8.222494e+03
12.0 8.070416e+03 8.041090e+03 8.058366e+03 8.087692e+03
13.0 7.242931e+03 8.077227e+03 8.070685e+03 7.236390e+03
14.0 7.654917e+03 8.164106e+03 8.145102e+03 7.635913e+03
15.0 8.389585e+03 8.199269e+03 8.175623e+03 8.365939e+03
16.0 8.709519e+03 8.160217e+03 8.136296e+03 8.685598e+03
17.0 8.548260e+03 8.112842e+03 8.090737e+03 8.526156e+03
18.0 7.903364e+03 8.084237e+03 8.064282e+03 7.883409e+03
0.2 8.070416e+03 8.041090e+03 8.058366e+03 8.087692e+03
1.2 7.242931e+03 8.077227e+03 8.070685e+03 7.236390e+03
2.2 7.654917e+03 8.164106e+03 8.145102e+03 7.635913e+03
3.2 8.389585e+03 8.199269e+03 8.175623e+03 8.365939e+03
4.2 8.709519e+03 8.160217e+03 8.136296e+03 8.685598e+03
5.2 8.548260e+03 8.112842e+03 8.090737e+03 8.526156e+03
6.2 7.903364e+03 8.084237e+03 8.064282e+03 7.883409e+03
7.2 7.689954e+03 8.071430e+03 8.053218e+03 7.671742e+03
8.2 7.535699e+03 8.114915e+03 8.097852e+03 7.518636e+03
9.2 8.260165e+03 8.195230e+03 8.178935e+03 8.243870e+03
10.2 8.948968e+03 8.143809e+03 8.170674e+03 8.975833e+03
11.2 8.819583e+03 7.900257e+03 8.117331e+03 9.036657e+03
12.2 8.119384e+03 7.826363e+03 8.075513e+03 8.368534e+03
13.2 7.605391e+03 7.900303e+03 8.054285e+03 7.759373e+03
14.2 7.953286e+03 7.972894e+03 8.045743e+03 8.026134e+03
15.2 7.731069e+03 8.029499e+03 8.044661e+03 7.746231e+03
16.2 8.224352e+03 8.066301e+03 8.047179e+03 8.205229e+03
17.2 7.770573e+03 8.083364e+03 8.050524e+03 7.737733e+03
0.8 7.689954e+03 8.071430e+03 8.053218e+03 7.671742e+03
1.8 7.535699e+03 8.114915e+03 8.097852e+03 7.518636e+03
2.8 8.260165e+03 8.195230e+03 8.178935e+03 8.243870e+03
3.8 8.948968e+03 8.143809e+03 8.170674e+03 8.975833e+03
4.8 8.819583e+03 7.900257e+03 8.117331e+03 9.036657e+03
5.8 8.119384e+03 7.826363e+03 8.075513e+03 8.368534e+03
6.8 7.605391e+03 7.900303e+03 8.054285e+03 7.759373e+03
7.8 7.953286e+03 7.972894e+03 8.045743e+03 8.026134e+03
8.8 7.731069e+03 8.029499e+03 8.044661e+03 7.746231e+03
9.8 8.224352e+03 8.066301e+03 8.047179e+03 8.205229e+03
10.8 7.770573e+03 8.083364e+03 8.050524e+03 7.737733e+03
11.8 8.308004e+03 8.085721e+03 8.053078e+03 8.275361e+03
12.8 8.623820e+03 8.081475e+03 8.054613e+03 8.596958e+03
13.8 7.967131e+03 8.076147e+03 8.055961e+03 7.946946e+03
14.8 7.756941e+03 8.108511e+03 8.093580e+03 7.742011e+03
15.8 7.795924e+03 8.173096e+03 8.161880e+03 7.784708e+03
16.8 8.690122e+03 8.160666e+03 8.151846e+03 8.681302e+03
17.8 8.219256e+03 8.055409e+03 8.106192e+03 8.270039e+03
0.6 7.967131e+03 8.076147e+03 8.055961e+03 7.946946e+03
1.6 7.756941e+03 8.108511e+03 8.093580e+03 7.742011e+03
2.6 7.795924e+03 8.173096e+03 8.161880e+03 7.784708e+03
3.6 8.690122e+03 8.160666e+03 8.151846e+03 8.681302e+03
4.6 8.219256e+03 8.055409e+03 8.106192e+03 8.270039e+03
5.6 8.171497e+03 7.827739e+03 8.070965e+03 8.414723e+03
6.6 7.923687e+03 7.814693e+03 8.064407e+03 8.173401e+03
7.6 7.684402e+03 7.989667e+03 8.125871e+03 7.820606e+03
8.6 7.622498e+03 8.102278e+03 8.148106e+03 7.668327e+03
9.6 8.400123e+03 8.116037e+03 8.112992e+03 8.397078e+03
10.6 8.585271e+03 8.109232e+03 8.075599e+03 8.551638e+03
11.6 8.176829e+03 8.100724e+03 8.054928e+03 8.131033e+03
12.6 8.282319e+03 8.187124e+03 8.045614e+03 8.140809e+03
13.6 7.812350e+03 8.371844e+03 8.043299e+03 7.483805e+03
14.6 8.094577e+03 8.380073e+03 8.044530e+03 7.759034e+03
15.6 8.086591e+03 8.305534e+03 8.047017e+03 7.828074e+03
16.6 8.169316e+03 8.200048e+03 8.049147e+03 8.018415e+03
17.6 8.908652e+03 8.098238e+03 8.050509e+03 8.860924e+03
0.2 8.171497e+03 7.827739e+03 8.070965e+03 8.414723e+03
1.2 7.923687e+03 7.814693e+03 8.064407e+03 8.173401e+03
2.2 7.684402e+03 7.989667e+03 8.125871e+03 7.820606e+03
3.2 7.622498e+03 8.102278e+03 8.148106e+03 7.668327e+03
4.2 8.400123e+03 8.116037e+03 8.112992e+03 8.397078e+03
5.2 8.585271e+03 8.109232e+03 8.075599e+03 8.551638e+03
6.2 8.176829e+03 8.100724e+03 8.054928e+03 8.131033e+03
7.2 8.282319e+03 8.187124e+03 8.045614e+03 8.140809e+03
8.2 7.812350e+03 8.371844e+03 8.043299e+03 7.483805e+03
9.2 8.094577e+03 8.380073e+03 8.044530e+03 7.759034e+03
10.2 8.086591e+03 8.305534e+03 8.047017e+03 7.828074e+03
11.2 8.169316e+03 8.200048e+03 8.049147e+03 8.018415e+03
12.2 8.908652e+03 8.098238e+03 8.050509e+03 8.860924e+03
13.2 7.914725e+03 8.039473e+03 8.051087e+03 7.926339e+03
14.2 8.225813e+03 8.034143e+03 8.051170e+03 8.242840e+03
15.2 8.565520e+03 8.179258e+03 8.050985e+03 8.437247e+03
16.2 8.290979e+03 8.262876e+03 8.050660e+03 8.078763e+03
17.2 8.225645e+03 8.192846e+03 8.050268e+03 8.083066e+03
0.7 7.831854e+03 8.052653e+03 8.050105e+03 7.829306e+03
1.7 7.920172e+03 8.067295e+03 8.089724e+03 7.942601e+03
2.7 8.389057e+03 8.118393e+03 8.147917e+03 8.418581e+03
3.7 8.056358e+03 8.073246e+03 8.132978e+03 8.116091e+03
4.7 7.348716e+03 7.848823e+03 8.090379e+03 7.590272e+03
5.7 7.561899e+03 7.774976e+03 8.059664e+03 7.846586e+03
6.7 8.040012e+03 7.873817e+03 8.048421e+03 8.214616e+03
7.7 8.540102e+03 8.032453e+03 8.104835e+03 8.612483e+03
8.7 8.219516e+03 8.142528e+03 8.155894e+03 8.232881e+03
9.7 7.586996e+03 8.138958e+03 8.126580e+03 7.574618e+03
10.7 8.046165e+03 8.099794e+03 8.080258e+03 8.026629e+03
11.7 8.452896e+03 8.066359e+03 8.049656e+03 8.436193e+03
12.7 7.456843e+03 8.061594e+03 8.050878e+03 7.446128e+03
13.7 7.566445e+03 8.133948e+03 8.128482e+03 7.560979e+03
14.7 8.588001e+03 8.161858e+03 8.158984e+03 8.585127e+03
15.7 8.326325e+03 8.126430e+03 8.116073e+03 8.315968e+03
16.7 8.214671e+03 8.086474e+03 8.067643e+03 8.195840e+03
1.0 8.040012e+03 7.873817e+03 8.048421e+03 8.214616e+03
2.0 8.540102e+03 8.032453e+03 8.104835e+03 8.612483e+03
3.0 8.219516e+03 8.142528e+03 8.155894e+03 8.232881e+03
4.0 7.586996e+03 8.138958e+03 8.126580e+03 7.574618e+03
5.0 8.046165e+03 8.099794e+03 8.080258e+03 8.026629e+03
6.0 8.452896e+03 8.066359e+03 8.049656e+03 8.436193e+03
7.0 7.456843e+03 8.061594e+03 8.050878e+03 7.446128e+03
8.0 7.566445e+03 8.133948e+03 8.128482e+03 7.560979e+03
9.0 8.588001e+03 8.161858e+03 8.158984e+03 8.585127e+03
10.0 8.326325e+03 8.126430e+03 8.116073e+03 8.315968e+03
11.0 8.214671e+03 8.086474e+03 8.067643e+03 8.195840e+03
0.3 8.452896e+03 8.066359e+03 8.049656e+03 8.436193e+03
1.3 7.456843e+03 8.061594e+03 8.050878e+03 7.446128e+03
2.3 7.566445e+03 8.133948e+03 8.128482e+03 7.560979e+03
3.3 8.588001e+03 8.161858e+03 8.158984e+03 8.585127e+03
4.3 8.326325e+03 8.126430e+03 8.116073e+03 8.315968e+03
5.3 8.214671e+03 8.086474e+03 8.067643e+03 8.195840e+03
