0.4 9.714045e+03 1.002825e+04 1.003983e+04 9.725620e+03
1.4 9.813016e+03 1.003130e+04 1.005128e+04 9.832998e+03
2.4 1.041372e+04 1.005051e+04 1.008699e+04 1.045020e+04
3.4 1.010767e+04 1.019109e+04 1.009160e+04 1.000817e+04
4.4 1.020276e+04 1.005636e+04 1.007048e+04 1.021687e+04
5.4 1.013386e+04 1.003291e+04 1.005138e+04 1.015233e+04
6.4 1.008037e+04 1.002652e+04 1.004120e+04 1.009505e+04
7.4 9.893508e+03 1.004943e+04 1.003686e+04 9.880935e+03
8.4 1.010833e+04 1.019095e+04 1.003599e+04 9.953362e+03
9.4 9.941283e+03 1.006791e+04 1.003693e+04 9.910309e+03
10.4 1.006967e+04 1.008553e+04 1.003843e+04 1.002258e+04
11.4 9.936203e+03 1.006693e+04 1.003970e+04 9.908975e+03
12.4 1.010161e+04 1.005712e+04 1.004057e+04 1.008505e+04
13.4 1.033851e+04 1.010826e+04 1.004109e+04 1.027134e+04
14.4 1.020678e+04 1.001967e+04 1.004138e+04 1.022850e+04
15.4 1.006431e+04 1.008841e+04 1.004155e+04 1.001745e+04
16.4 1.026103e+04 1.013840e+04 1.004167e+04 1.016429e+04
17.4 1.040645e+04 1.020378e+04 1.004176e+04 1.024443e+04
0.7 1.000512e+04 1.001602e+04 1.004255e+04 1.003166e+04
1.7 9.856997e+03 1.004387e+04 1.005901e+04 9.872133e+03
2.7 1.003908e+04 1.015782e+04 1.007987e+04 9.961133e+03
3.7 1.014550e+04 1.004946e+04 1.007335e+04 1.016939e+04
4.7 1.010054e+04 1.004005e+04 1.005749e+04 1.011798e+04
5.7 9.853269e+03 1.006755e+04 1.004687e+04 9.832594e+03
6.7 9.924310e+03 1.010347e+04 1.004148e+04 9.862320e+03
7.7 9.932403e+03 1.005530e+04 1.003957e+04 9.916674e+03
8.7 9.991231e+03 1.003602e+04 1.003957e+04 9.994778e+03
9.7 1.006654e+04 1.000397e+04 1.004046e+04 1.010303e+04
10.7 9.953592e+03 9.981874e+03 1.004147e+04 1.001319e+04
11.7 9.829792e+03 9.989740e+03 1.004234e+04 9.882389e+03
12.7 9.763502e+03 1.001917e+04 1.005429e+04 9.798622e+03
13.7 9.787509e+03 1.001369e+04 1.007651e+04 9.850331e+03
14.7 9.978901e+03 1.004714e+04 1.007346e+04 1.000522e+04
15.7 1.004931e+04 9.996681e+03 1.005915e+04 1.011178e+04
16.7 1.013568e+04 9.996881e+03 1.004834e+04 1.018714e+04
17.7 1.012174e+04 1.008936e+04 1.004297e+04 1.007535e+04
0.5 9.829792e+03 9.989740e+03 1.004234e+04 9.882389e+03
1.5 9.763502e+03 1.001917e+04 1.005429e+04 9.798622e+03
2.5 9.787509e+03 1.001369e+04 1.007651e+04 9.850331e+03
3.5 9.978901e+03 1.004714e+04 1.007346e+04 1.000522e+04
4.5 1.004931e+04 9.996681e+03 1.005915e+04 1.011178e+04
5.5 1.013568e+04 9.996881e+03 1.004834e+04 1.018714e+04
6.5 1.012174e+04 1.008936e+04 1.004297e+04 1.007535e+04
7.5 1.003716e+04 1.010029e+04 1.004087e+04 9.977743e+03
8.5 1.018204e+04 1.000995e+04 1.004071e+04 1.021280e+04
9.5 1.008071e+04 1.002653e+04 1.004148e+04 1.009566e+04
10.5 1.000732e+04 1.002086e+04 1.004247e+04 1.002893e+04
11.5 1.010410e+04 1.006141e+04 1.004325e+04 1.008594e+04
12.5 1.005104e+04 1.006217e+04 1.004378e+04 1.003266e+04
13.5 9.956763e+03 1.004529e+04 1.004412e+04 9.955590e+03
14.5 9.820374e+03 1.005605e+04 1.004988e+04 9.814199e+03
15.5 9.989689e+03 1.004995e+04 1.007428e+04 1.001402e+04
16.5 1.019636e+04 1.002917e+04 1.007784e+04 1.024503e+04
17.5 1.019456e+04 1.005319e+04 1.006433e+04 1.020570e+04
0.2 9.956763e+03 1.004529e+04 1.004412e+04 9.955590e+03
1.2 9.820374e+03 1.005605e+04 1.004988e+04 9.814199e+03
2.2 9.989689e+03 1.004995e+04 1.007428e+04 1.001402e+04
3.2 1.019636e+04 1.002917e+04 1.007784e+04 1.024503e+04
4.2 1.019456e+04 1.005319e+04 1.006433e+04 1.020570e+04
5.2 1.000828e+04 1.002934e+04 1.005195e+04 1.003089e+04
6.2 9.728850e+03 1.002561e+04 1.004535e+04 9.748591e+03
7.2 9.833005e+03 9.936857e+03 1.004248e+04 9.938628e+03
8.2 1.003401e+04 1.007482e+04 1.004194e+04 1.000113e+04
9.2 1.024804e+04 1.011459e+04 1.004254e+04 1.017598e+04
10.2 1.000658e+04 1.005669e+04 1.004352e+04 9.993409e+03
11.2 1.011913e+04 1.002019e+04 1.004436e+04 1.014330e+04
12.2 1.014454e+04 1.000610e+04 1.004496e+04 1.018341e+04
13.2 1.002777e+04 1.001058e+04 1.004532e+04 1.006251e+04
14.2 1.011646e+04 9.983094e+03 1.004555e+04 1.017891e+04
15.2 9.912166e+03 1.008006e+04 1.004569e+04 9.877793e+03
16.2 1.000100e+04 9.924710e+03 1.004580e+04 1.012209e+04
17.2 1.026138e+04 1.005100e+04 1.004589e+04 1.025628e+04
0.1 1.010681e+04 1.004725e+04 1.003986e+04 1.009941e+04
1.1 1.016686e+04 1.007648e+04 1.004364e+04 1.013403e+04
2.1 1.007399e+04 1.003518e+04 1.007825e+04 1.011706e+04
3.1 9.961579e+03 1.006369e+04 1.009930e+04 9.997193e+03
4.1 1.006596e+04 1.007418e+04 1.008178e+04 1.007356e+04
5.1 9.900188e+03 9.997605e+03 1.005744e+04 9.960018e+03
6.1 9.945249e+03 9.934650e+03 1.004289e+04 1.005349e+04
7.1 9.933471e+03 1.002139e+04 1.005508e+04 9.967165e+03
8.1 9.824905e+03 1.001601e+04 1.008610e+04 9.895001e+03
9.1 1.010899e+04 1.007257e+04 1.008193e+04 1.011835e+04
10.1 9.918386e+03 1.005817e+04 1.005981e+04 9.920026e+03
11.1 1.005307e+04 1.001435e+04 1.004377e+04 1.008249e+04
12.1 9.840762e+03 9.997656e+03 1.003544e+04 9.878550e+03
13.1 1.020751e+04 1.005673e+04 1.003233e+04 1.018310e+04
14.1 1.003789e+04 1.005292e+04 1.003204e+04 1.001701e+04
15.1 1.018169e+04 1.009312e+04 1.003314e+04 1.012171e+04
16.1 1.010233e+04 9.993638e+03 1.003447e+04 1.014316e+04
17.1 1.000854e+04 9.906457e+03 1.003552e+04 1.013760e+04
0.7 9.945249e+03 9.934650e+03 1.004289e+04 1.005349e+04
1.7 9.933471e+03 1.002139e+04 1.005508e+04 9.967165e+03
2.7 9.824905e+03 1.001601e+04 1.008610e+04 9.895001e+03
3.7 1.010899e+04 1.007257e+04 1.008193e+04 1.011835e+04
4.7 9.918386e+03 1.005817e+04 1.005981e+04 9.920026e+03
5.7 1.005307e+04 1.001435e+04 1.004377e+04 1.008249e+04
6.7 9.840762e+03 9.997656e+03 1.003544e+04 9.878550e+03
7.7 1.020751e+04 1.005673e+04 1.003233e+04 1.018310e+04
8.7 1.003789e+04 1.005292e+04 1.003204e+04 1.001701e+04
9.7 1.018169e+04 1.009312e+04 1.003314e+04 1.012171e+04
10.7 1.010233e+04 9.993638e+03 1.003447e+04 1.014316e+04
11.7 1.000854e+04 9.906457e+03 1.003552e+04 1.013760e+04
12.7 1.015403e+04 9.993683e+03 1.003612e+04 1.019646e+04
13.7 9.757139e+03 9.808450e+03 1.003698e+04 9.985674e+03
14.7 9.986916e+03 1.000676e+04 1.006003e+04 1.004018e+04
15.7 1.005974e+04 1.014129e+04 1.010869e+04 1.002714e+04
16.7 1.015623e+04 1.010832e+04 1.011421e+04 1.016211e+04
17.7 1.012013e+04 9.989519e+03 1.008256e+04 1.021318e+04
0.8 9.757139e+03 9.808450e+03 1.003698e+04 9.985674e+03
1.8 9.986916e+03 1.000676e+04 1.006003e+04 1.004018e+04
2.8 1.005974e+04 1.014129e+04 1.010869e+04 1.002714e+04
3.8 1.015623e+04 1.010832e+04 1.011421e+04 1.016211e+04
4.8 1.012013e+04 9.989519e+03 1.008256e+04 1.021318e+04
5.8 1.013831e+04 1.004724e+04 1.005366e+04 1.014473e+04
6.8 1.016883e+04 1.017657e+04 1.003709e+04 1.002935e+04
7.8 1.049489e+04 1.031025e+04 1.003016e+04 1.021480e+04
8.8 1.057365e+04 1.030036e+04 1.002863e+04 1.030191e+04
9.8 9.918163e+03 9.974446e+03 1.002991e+04 9.973623e+03
10.8 9.907365e+03 9.988649e+03 1.003199e+04 9.950706e+03
11.8 1.001172e+04 1.003052e+04 1.003384e+04 1.001505e+04
12.8 1.011357e+04 1.001190e+04 1.003509e+04 1.013676e+04
13.8 1.043570e+04 1.002669e+04 1.004861e+04 1.045762e+04
14.8 1.014264e+04 1.005682e+04 1.008590e+04 1.017172e+04
15.8 9.823615e+03 1.001052e+04 1.009015e+04 9.903243e+03
16.8 1.006951e+04 1.008181e+04 1.006739e+04 1.005509e+04
17.8 9.866011e+03 9.979710e+03 1.004780e+04 9.934103e+03
0.5 1.011357e+04 1.001190e+04 1.003509e+04 1.013676e+04
1.5 1.043570e+04 1.002669e+04 1.004861e+04 1.045762e+04
2.5 1.014264e+04 1.005682e+04 1.008590e+04 1.017172e+04
3.5 9.823615e+03 1.001052e+04 1.009015e+04 9.903243e+03
4.5 1.006951e+04 1.008181e+04 1.006739e+04 1.005509e+04
5.5 9.866011e+03 9.979710e+03 1.004780e+04 9.934103e+03
6.5 9.910238e+03 1.014672e+04 1.003681e+04 9.800330e+03
7.5 1.021541e+04 1.011809e+04 1.003522e+04 1.013254e+04
8.5 9.999856e+03 1.004294e+04 1.006627e+04 1.002319e+04
9.5 1.012210e+04 1.008641e+04 1.009376e+04 1.012946e+04
10.5 9.787496e+03 9.955290e+03 1.007984e+04 9.912045e+03
11.5 9.886424e+03 1.002296e+04 1.005602e+04 9.919483e+03
12.5 9.947201e+03 9.974152e+03 1.004100e+04 1.001405e+04
13.5 1.009306e+04 1.007683e+04 1.003376e+04 1.004999e+04
14.5 1.025749e+04 1.009883e+04 1.003133e+04 1.018999e+04
15.5 9.711647e+03 1.000240e+04 1.003170e+04 9.740943e+03
16.5 1.003645e+04 9.986054e+03 1.003323e+04 1.008363e+04
17.5 1.017274e+04 1.010944e+04 1.003478e+04 1.009808e+04
0.0 9.910238e+03 1.014672e+04 1.003681e+04 9.800330e+03
1.0 1.021541e+04 1.011809e+04 1.003522e+04 1.013254e+04
2.0 9.999856e+03 1.004294e+04 1.006627e+04 1.002319e+04
3.0 1.012210e+04 1.008641e+04 1.009376e+04 1.012946e+04
4.0 9.787496e+03 9.955290e+03 1.007984e+04 9.912045e+03
5.0 9.886424e+03 1.002296e+04 1.005602e+04 9.919483e+03
6.0 9.947201e+03 9.974152e+03 1.004100e+04 1.001405e+04
7.0 1.009306e+04 1.007683e+04 1.003376e+04 1.004999e+04
8.0 1.025749e+04 1.009883e+04 1.003133e+04 1.018999e+04
9.0 9.711647e+03 1.000240e+04 1.003170e+04 9.740943e+03
10.0 1.003645e+04 9.986054e+03 1.003323e+04 1.008363e+04
11.0 1.017274e+04 1.010944e+04 1.003478e+04 1.009808e+04
12.0 9.888437e+03 1.005451e+04 1.003594e+04 9.869862e+03
13.0 1.023078e+04 1.006927e+04 1.003666e+04 1.019816e+04
14.0 1.017629e+04 1.009214e+04 1.003705e+04 1.012120e+04
15.0 9.988580e+03 1.002320e+04 1.003726e+04 1.000264e+04
16.0 9.884760e+03 9.992767e+03 1.003738e+04 9.929376e+03
17.0 9.901218e+03 1.001267e+04 1.003746e+04 9.926014e+03
0.2 1.013697e+04 9.991688e+03 1.003767e+04 1.018295e+04
1.2 9.756724e+03 9.997258e+03 1.004301e+04 9.802472e+03
2.2 1.011413e+04 1.007408e+04 1.007914e+04 1.011919e+04
3.2 1.016984e+04 1.014383e+04 1.009618e+04 1.012218e+04
4.2 1.016805e+04 1.006357e+04 1.007677e+04 1.018124e+04
5.2 1.016396e+04 1.008980e+04 1.005437e+04 1.012853e+04
6.2 1.019902e+04 1.015884e+04 1.004083e+04 1.008101e+04
7.2 1.001912e+04 1.016804e+04 1.003441e+04 9.885492e+03
8.2 1.019759e+04 1.015809e+04 1.003254e+04 1.007204e+04
9.2 1.006388e+04 1.011904e+04 1.003306e+04 9.977893e+03
10.2 9.808062e+03 1.006028e+04 1.003446e+04 9.782244e+03
11.2 9.879844e+03 1.016041e+04 1.003580e+04 9.755233e+03
12.2 9.888260e+03 1.013803e+04 1.003675e+04 9.786982e+03
13.2 1.036699e+04 1.021691e+04 1.003726e+04 1.018734e+04
14.2 1.024405e+04 1.027012e+04 1.003750e+04 1.001144e+04
15.2 1.016301e+04 9.973253e+03 1.003758e+04 1.022734e+04
16.2 9.897131e+03 9.962430e+03 1.004556e+04 9.980258e+03
17.2 1.016958e+04 1.010341e+04 1.008286e+04 1.014902e+04
0.3 1.016301e+04 9.973253e+03 1.003758e+04 1.022734e+04
1.3 9.897131e+03 9.962430e+03 1.004556e+04 9.980258e+03
2.3 1.016958e+04 1.010341e+04 1.008286e+04 1.014902e+04
3.3 1.039989e+04 1.015232e+04 1.009338e+04 1.034096e+04
4.3 1.011477e+04 1.005409e+04 1.007208e+04 1.013276e+04
5.3 1.006627e+04 1.013129e+04 1.005110e+04 9.986079e+03
6.3 1.010955e+04 1.004579e+04 1.003894e+04 1.010271e+04
7.3 1.027682e+04 1.019112e+04 1.003332e+04 1.011902e+04
8.3 1.000923e+04 1.015273e+04 1.003183e+04 9.888335e+03
9.3 9.873928e+03 9.978330e+03 1.003245e+04 9.928046e+03
10.3 9.771554e+03 9.970063e+03 1.003373e+04 9.835224e+03
11.3 1.001079e+04 9.975054e+03 1.003653e+04 1.007227e+04
12.3 1.008576e+04 1.002651e+04 1.006485e+04 1.012410e+04
13.3 9.699288e+03 1.007049e+04 1.008934e+04 9.718136e+03
14.3 1.015888e+04 1.008369e+04 1.007640e+04 1.015159e+04
15.3 1.013072e+04 1.002145e+04 1.005495e+04 1.016421e+04
16.3 1.021329e+04 9.976557e+03 1.004082e+04 1.027756e+04
17.3 9.846630e+03 9.968823e+03 1.003371e+04 9.911517e+03
0.9 1.001079e+04 9.975054e+03 1.003653e+04 1.007227e+04
1.9 1.008576e+04 1.002651e+04 1.006485e+04 1.012410e+04
2.9 9.699288e+03 1.007049e+04 1.008934e+04 9.718136e+03
3.9 1.015888e+04 1.008369e+04 1.007640e+04 1.015159e+04
4.9 1.013072e+04 1.002145e+04 1.005495e+04 1.016421e+04
5.9 1.021329e+04 9.976557e+03 1.004082e+04 1.027756e+04
6.9 9.846630e+03 9.968823e+03 1.003371e+04 9.911517e+03
