0.4 1.388742e+04 1.391504e+04 1.393423e+04 1.390660e+04
1.4 1.385687e+04 1.393977e+04 1.394450e+04 1.386160e+04
2.4 1.395828e+04 1.393056e+04 1.397653e+04 1.400424e+04
3.4 1.404210e+04 1.414052e+04 1.398066e+04 1.388224e+04
4.4 1.395565e+04 1.395493e+04 1.396172e+04 1.396244e+04
5.4 1.408763e+04 1.394253e+04 1.394459e+04 1.408969e+04
6.4 1.408164e+04 1.395828e+04 1.393546e+04 1.405882e+04
7.4 1.390168e+04 1.398207e+04 1.393156e+04 1.385118e+04
8.4 1.377325e+04 1.389837e+04 1.393078e+04 1.380566e+04
9.4 1.387215e+04 1.387666e+04 1.393163e+04 1.392712e+04
10.4 1.374280e+04 1.387489e+04 1.393298e+04 1.380088e+04
11.4 1.402744e+04 1.388166e+04 1.393411e+04 1.407989e+04
12.4 1.379047e+04 1.391263e+04 1.393489e+04 1.381273e+04
13.4 1.388577e+04 1.388189e+04 1.393536e+04 1.393924e+04
14.4 1.395031e+04 1.397138e+04 1.393562e+04 1.391455e+04
15.4 1.399633e+04 1.388940e+04 1.393577e+04 1.404270e+04
16.4 1.408103e+04 1.386865e+04 1.393588e+04 1.414826e+04
17.4 1.390196e+04 1.384553e+04 1.393596e+04 1.399238e+04
0.7 1.399781e+04 1.393883e+04 1.393667e+04 1.399566e+04
1.7 1.397249e+04 1.394830e+04 1.395143e+04 1.397562e+04
2.7 1.409030e+04 1.412952e+04 1.397014e+04 1.393092e+04
3.7 1.403359e+04 1.392792e+04 1.396429e+04 1.406996e+04
4.7 1.386963e+04 1.400114e+04 1.395007e+04 1.381856e+04
5.7 1.402066e+04 1.389529e+04 1.394055e+04 1.406592e+04
6.7 1.393984e+04 1.388680e+04 1.393571e+04 1.398875e+04
7.7 1.372071e+04 1.396846e+04 1.393400e+04 1.368625e+04
8.7 1.414466e+04 1.399361e+04 1.393400e+04 1.408505e+04
9.7 1.400998e+04 1.400619e+04 1.393480e+04 1.393859e+04
10.7 1.376091e+04 1.380711e+04 1.393570e+04 1.388950e+04
11.7 1.400950e+04 1.400658e+04 1.393648e+04 1.393940e+04
12.7 1.373995e+04 1.389905e+04 1.394719e+04 1.378809e+04
13.7 1.385715e+04 1.384371e+04 1.396713e+04 1.398056e+04
14.7 1.412061e+04 1.391974e+04 1.396439e+04 1.416525e+04
15.7 1.405293e+04 1.390937e+04 1.395156e+04 1.409512e+04
16.7 1.392006e+04 1.390463e+04 1.394186e+04 1.395729e+04
17.7 1.368671e+04 1.395630e+04 1.393704e+04 1.366745e+04
0.5 1.400950e+04 1.400658e+04 1.393648e+04 1.393940e+04
1.5 1.373995e+04 1.389905e+04 1.394719e+04 1.378809e+04
2.5 1.385715e+04 1.384371e+04 1.396713e+04 1.398056e+04
3.5 1.412061e+04 1.391974e+04 1.396439e+04 1.416525e+04
4.5 1.405293e+04 1.390937e+04 1.395156e+04 1.409512e+04
5.5 1.392006e+04 1.390463e+04 1.394186e+04 1.395729e+04
6.5 1.368671e+04 1.395630e+04 1.393704e+04 1.366745e+04
7.5 1.379647e+04 1.392466e+04 1.393517e+04 1.380698e+04
8.5 1.396128e+04 1.393897e+04 1.393502e+04 1.395732e+04
9.5 1.401770e+04 1.396329e+04 1.393571e+04 1.399012e+04
10.5 1.385791e+04 1.398198e+04 1.393660e+04 1.381253e+04
11.5 1.409573e+04 1.394326e+04 1.393730e+04 1.408977e+04
12.5 1.368140e+04 1.392712e+04 1.393778e+04 1.369206e+04
13.5 1.383527e+04 1.393075e+04 1.393807e+04 1.384260e+04
14.5 1.373581e+04 1.391446e+04 1.394324e+04 1.376459e+04
15.5 1.387884e+04 1.392479e+04 1.396513e+04 1.391918e+04
16.5 1.392970e+04 1.387858e+04 1.396832e+04 1.401944e+04
17.5 1.392746e+04 1.394258e+04 1.395620e+04 1.394108e+04
0.2 1.383527e+04 1.393075e+04 1.393807e+04 1.384260e+04
1.2 1.373581e+04 1.391446e+04 1.394324e+04 1.376459e+04
2.2 1.387884e+04 1.392479e+04 1.396513e+04 1.391918e+04
3.2 1.392970e+04 1.387858e+04 1.396832e+04 1.401944e+04
4.2 1.392746e+04 1.394258e+04 1.395620e+04 1.394108e+04
5.2 1.383619e+04 1.393618e+04 1.394510e+04 1.384510e+04
6.2 1.389728e+04 1.391455e+04 1.393918e+04 1.392191e+04
7.2 1.383132e+04 1.385278e+04 1.393661e+04 1.391515e+04
8.2 1.393811e+04 1.393890e+04 1.393612e+04 1.393533e+04
9.2 1.401139e+04 1.397663e+04 1.393666e+04 1.397143e+04
10.2 1.397978e+04 1.398917e+04 1.393754e+04 1.392814e+04
11.2 1.416195e+04 1.412511e+04 1.393829e+04 1.397513e+04
12.2 1.417693e+04 1.405110e+04 1.393883e+04 1.406466e+04
13.2 1.389380e+04 1.394308e+04 1.393916e+04 1.388988e+04
14.2 1.407900e+04 1.401220e+04 1.393936e+04 1.400615e+04
15.2 1.405730e+04 1.394766e+04 1.393949e+04 1.404912e+04
16.2 1.400657e+04 1.400877e+04 1.393958e+04 1.393739e+04
17.2 1.387195e+04 1.392235e+04 1.393967e+04 1.388926e+04
0.1 1.399493e+04 1.393422e+04 1.393425e+04 1.399496e+04
1.1 1.391809e+04 1.397980e+04 1.393765e+04 1.387594e+04
2.1 1.387826e+04 1.393409e+04 1.396869e+04 1.391286e+04
3.1 1.384314e+04 1.395948e+04 1.398757e+04 1.387122e+04
4.1 1.403981e+04 1.398383e+04 1.397185e+04 1.402783e+04
5.1 1.387604e+04 1.390861e+04 1.395002e+04 1.391745e+04
6.1 1.367997e+04 1.384985e+04 1.393698e+04 1.376709e+04
7.1 1.396603e+04 1.390633e+04 1.394791e+04 1.400760e+04
8.1 1.394722e+04 1.389923e+04 1.397573e+04 1.402372e+04
9.1 1.404217e+04 1.397795e+04 1.397199e+04 1.403620e+04
10.1 1.418725e+04 1.403378e+04 1.395215e+04 1.410561e+04
11.1 1.391988e+04 1.397124e+04 1.393776e+04 1.388640e+04
12.1 1.383263e+04 1.394844e+04 1.393030e+04 1.381449e+04
13.1 1.403840e+04 1.390242e+04 1.392750e+04 1.406348e+04
14.1 1.405890e+04 1.395680e+04 1.392724e+04 1.402934e+04
15.1 1.396794e+04 1.397483e+04 1.392823e+04 1.392134e+04
16.1 1.379356e+04 1.403404e+04 1.392942e+04 1.368894e+04
17.1 1.417198e+04 1.404648e+04 1.393036e+04 1.405587e+04
0.7 1.367997e+04 1.384985e+04 1.393698e+04 1.376709e+04
1.7 1.396603e+04 1.390633e+04 1.394791e+04 1.400760e+04
2.7 1.394722e+04 1.389923e+04 1.397573e+04 1.402372e+04
3.7 1.404217e+04 1.397795e+04 1.397199e+04 1.403620e+04
4.7 1.418725e+04 1.403378e+04 1.395215e+04 1.410561e+04
5.7 1.391988e+04 1.397124e+04 1.393776e+04 1.388640e+04
6.7 1.383263e+04 1.394844e+04 1.393030e+04 1.381449e+04
7.7 1.403840e+04 1.390242e+04 1.392750e+04 1.406348e+04
8.7 1.405890e+04 1.395680e+04 1.392724e+04 1.402934e+04
9.7 1.396794e+04 1.397483e+04 1.392823e+04 1.392134e+04
10.7 1.379356e+04 1.403404e+04 1.392942e+04 1.368894e+04
11.7 1.417198e+04 1.404648e+04 1.393036e+04 1.405587e+04
12.7 1.399254e+04 1.392368e+04 1.393090e+04 1.399976e+04
13.7 1.396748e+04 1.396543e+04 1.393168e+04 1.393373e+04
14.7 1.409323e+04 1.398632e+04 1.395234e+04 1.405926e+04
15.7 1.398796e+04 1.404760e+04 1.399598e+04 1.393635e+04
16.7 1.389739e+04 1.400336e+04 1.400093e+04 1.389497e+04
17.7 1.382558e+04 1.385371e+04 1.397255e+04 1.394442e+04
0.8 1.396748e+04 1.396543e+04 1.393168e+04 1.393373e+04
1.8 1.409323e+04 1.398632e+04 1.395234e+04 1.405926e+04
2.8 1.398796e+04 1.404760e+04 1.399598e+04 1.393635e+04
3.8 1.389739e+04 1.400336e+04 1.400093e+04 1.389497e+04
4.8 1.382558e+04 1.385371e+04 1.397255e+04 1.394442e+04
5.8 1.379297e+04 1.379408e+04 1.394664e+04 1.394552e+04
6.8 1.407123e+04 1.388549e+04 1.393177e+04 1.411751e+04
7.8 1.388758e+04 1.386647e+04 1.392556e+04 1.394667e+04
8.8 1.374448e+04 1.385042e+04 1.392419e+04 1.381825e+04
9.8 1.385275e+04 1.387071e+04 1.392533e+04 1.390736e+04
10.8 1.386936e+04 1.387331e+04 1.392720e+04 1.392325e+04
11.8 1.383123e+04 1.388224e+04 1.392886e+04 1.387786e+04
12.8 1.383632e+04 1.390002e+04 1.392998e+04 1.386629e+04
13.8 1.380029e+04 1.383942e+04 1.394211e+04 1.390298e+04
14.8 1.382318e+04 1.395188e+04 1.397555e+04 1.384685e+04
15.8 1.379241e+04 1.388724e+04 1.397936e+04 1.388453e+04
16.8 1.391015e+04 1.401103e+04 1.395895e+04 1.385807e+04
17.8 1.424066e+04 1.421991e+04 1.394138e+04 1.396213e+04
0.5 1.383632e+04 1.390002e+04 1.392998e+04 1.386629e+04
1.5 1.380029e+04 1.383942e+04 1.394211e+04 1.390298e+04
2.5 1.382318e+04 1.395188e+04 1.397555e+04 1.384685e+04
3.5 1.379241e+04 1.388724e+04 1.397936e+04 1.388453e+04
4.5 1.391015e+04 1.401103e+04 1.395895e+04 1.385807e+04
5.5 1.424066e+04 1.421991e+04 1.394138e+04 1.396213e+04
6.5 1.400617e+04 1.385613e+04 1.393152e+04 1.408157e+04
7.5 1.394710e+04 1.386458e+04 1.393010e+04 1.401262e+04
8.5 1.385744e+04 1.388067e+04 1.395794e+04 1.393472e+04
9.5 1.411238e+04 1.399026e+04 1.398260e+04 1.410471e+04
10.5 1.379890e+04 1.379539e+04 1.397011e+04 1.397362e+04
11.5 1.398743e+04 1.393147e+04 1.394875e+04 1.400471e+04
12.5 1.388894e+04 1.388639e+04 1.393528e+04 1.393784e+04
13.5 1.405063e+04 1.396138e+04 1.392879e+04 1.401804e+04
14.5 1.391100e+04 1.390482e+04 1.392661e+04 1.393279e+04
15.5 1.397254e+04 1.394962e+04 1.392694e+04 1.394986e+04
16.5 1.397295e+04 1.398894e+04 1.392831e+04 1.391232e+04
17.5 1.410411e+04 1.402393e+04 1.392971e+04 1.400988e+04
0.0 1.400617e+04 1.385613e+04 1.393152e+04 1.408157e+04
1.0 1.394710e+04 1.386458e+04 1.393010e+04 1.401262e+04
2.0 1.385744e+04 1.388067e+04 1.395794e+04 1.393472e+04
3.0 1.411238e+04 1.399026e+04 1.398260e+04 1.410471e+04
4.0 1.379890e+04 1.379539e+04 1.397011e+04 1.397362e+04
5.0 1.398743e+04 1.393147e+04 1.394875e+04 1.400471e+04
6.0 1.388894e+04 1.388639e+04 1.393528e+04 1.393784e+04
7.0 1.405063e+04 1.396138e+04 1.392879e+04 1.401804e+04
8.0 1.391100e+04 1.390482e+04 1.392661e+04 1.393279e+04
9.0 1.397254e+04 1.394962e+04 1.392694e+04 1.394986e+04
10.0 1.397295e+04 1.398894e+04 1.392831e+04 1.391232e+04
11.0 1.410411e+04 1.402393e+04 1.392971e+04 1.400988e+04
12.0 1.386783e+04 1.395590e+04 1.393074e+04 1.384266e+04
13.0 1.401146e+04 1.391820e+04 1.393139e+04 1.402465e+04
14.0 1.385416e+04 1.393853e+04 1.393174e+04 1.384737e+04
15.0 1.383441e+04 1.395884e+04 1.393193e+04 1.380750e+04
16.0 1.404385e+04 1.395004e+04 1.393204e+04 1.402584e+04
17.0 1.396186e+04 1.396163e+04 1.393211e+04 1.393233e+04
0.2 1.426478e+04 1.420591e+04 1.393229e+04 1.399116e+04
1.2 1.395979e+04 1.408362e+04 1.393708e+04 1.381325e+04
2.2 1.410510e+04 1.401593e+04 1.396949e+04 1.405865e+04
3.2 1.413596e+04 1.407880e+04 1.398476e+04 1.404192e+04
4.2 1.384690e+04 1.391990e+04 1.396736e+04 1.389435e+04
5.2 1.388968e+04 1.397091e+04 1.394727e+04 1.386604e+04
6.2 1.388215e+04 1.388511e+04 1.393513e+04 1.393217e+04
7.2 1.383226e+04 1.394121e+04 1.392937e+04 1.382041e+04
8.2 1.390985e+04 1.394233e+04 1.392769e+04 1.389521e+04
9.2 1.398329e+04 1.391900e+04 1.392816e+04 1.399245e+04
10.2 1.386644e+04 1.390279e+04 1.392941e+04 1.389307e+04
11.2 1.382151e+04 1.385819e+04 1.393062e+04 1.389394e+04
12.2 1.379214e+04 1.389777e+04 1.393147e+04 1.382584e+04
13.2 1.394339e+04 1.386646e+04 1.393193e+04 1.400887e+04
14.2 1.380993e+04 1.381608e+04 1.393214e+04 1.392599e+04
15.2 1.380011e+04 1.395085e+04 1.393221e+04 1.378148e+04
16.2 1.388470e+04 1.395954e+04 1.393937e+04 1.386453e+04
17.2 1.421066e+04 1.408831e+04 1.397282e+04 1.409517e+04
0.3 1.380011e+04 1.395085e+04 1.393221e+04 1.378148e+04
1.3 1.388470e+04 1.395954e+04 1.393937e+04 1.386453e+04
2.3 1.421066e+04 1.408831e+04 1.397282e+04 1.409517e+04
3.3 1.413622e+04 1.409499e+04 1.398226e+04 1.402349e+04
4.3 1.387246e+04 1.387131e+04 1.396315e+04 1.396430e+04
5.3 1.376056e+04 1.379997e+04 1.394433e+04 1.390492e+04
6.3 1.400651e+04 1.401147e+04 1.393343e+04 1.392847e+04
7.3 1.380409e+04 1.389595e+04 1.392840e+04 1.383654e+04
8.3 1.381453e+04 1.388670e+04 1.392706e+04 1.385489e+04
9.3 1.411525e+04 1.414457e+04 1.392761e+04 1.389829e+04
10.3 1.402495e+04 1.395402e+04 1.392876e+04 1.399970e+04
11.3 1.373538e+04 1.394188e+04 1.393127e+04 1.372478e+04
12.3 1.396745e+04 1.392802e+04 1.395667e+04 1.399610e+04
13.3 1.396900e+04 1.397758e+04 1.397863e+04 1.397005e+04
14.3 1.396923e+04 1.401392e+04 1.396703e+04 1.392234e+04
15.3 1.400883e+04 1.394276e+04 1.394779e+04 1.401385e+04
16.3 1.400139e+04 1.389308e+04 1.393512e+04 1.404343e+04
17.3 1.390428e+04 1.389897e+04 1.392874e+04 1.393406e+04
0.9 1.373538e+04 1.394188e+04 1.393127e+04 1.372478e+04
1.9 1.396745e+04 1.392802e+04 1.395667e+04 1.399610e+04
2.9 1.396900e+04 1.397758e+04 1.397863e+04 1.397005e+04
3.9 1.396923e+04 1.401392e+04 1.396703e+04 1.392234e+04
4.9 1.400883e+04 1.394276e+04 1.394779e+04 1.401385e+04
5.9 1.400139e+04 1.389308e+04 1.393512e+04 1.404343e+04
6.9 1.390428e+04 1.389897e+04 1.392874e+04 1.393406e+04
