0.1 9.385101e+03 9.356129e+03 9.370766e+03 9.399738e+03
1.1 9.398224e+03 9.379217e+03 9.374167e+03 9.393173e+03
2.1 9.378829e+03 9.381449e+03 9.393622e+03 9.391002e+03
3.1 9.438044e+03 9.382099e+03 9.398702e+03 9.454647e+03
4.1 9.441783e+03 9.386881e+03 9.387769e+03 9.442671e+03
5.1 9.359944e+03 9.383000e+03 9.377476e+03 9.354420e+03
6.1 9.331767e+03 9.364788e+03 9.371551e+03 9.338530e+03
7.1 9.288246e+03 9.339606e+03 9.369012e+03 9.317652e+03
8.1 9.367034e+03 9.352121e+03 9.368378e+03 9.383292e+03
9.1 9.381509e+03 9.366597e+03 9.368777e+03 9.383689e+03
10.1 9.370289e+03 9.335543e+03 9.369505e+03 9.404250e+03
11.1 9.374339e+03 9.365608e+03 9.370174e+03 9.378905e+03
12.1 9.346933e+03 9.460341e+03 9.370618e+03 9.257210e+03
13.1 9.453130e+03 9.372171e+03 9.370875e+03 9.451834e+03
14.1 9.416825e+03 9.362568e+03 9.371012e+03 9.425268e+03
15.1 9.368407e+03 9.376816e+03 9.371079e+03 9.362670e+03
16.1 9.376259e+03 9.380784e+03 9.371117e+03 9.366591e+03
17.1 9.360472e+03 9.385146e+03 9.371139e+03 9.346465e+03
0.3 9.305690e+03 9.313213e+03 9.370306e+03 9.362782e+03
1.3 9.261107e+03 9.291563e+03 9.377182e+03 9.346725e+03
2.3 9.296212e+03 9.343917e+03 9.396383e+03 9.348678e+03
3.3 9.330995e+03 9.365668e+03 9.396418e+03 9.361745e+03
4.3 9.309572e+03 9.359730e+03 9.384511e+03 9.334353e+03
5.3 9.310813e+03 9.373420e+03 9.375185e+03 9.312578e+03
6.3 9.269930e+03 9.394185e+03 9.370395e+03 9.246140e+03
7.3 9.390831e+03 9.470563e+03 9.381694e+03 9.301962e+03
8.3 9.424318e+03 9.380174e+03 9.396322e+03 9.440466e+03
9.3 9.312789e+03 9.366857e+03 9.390648e+03 9.336580e+03
10.3 9.385503e+03 9.389683e+03 9.379661e+03 9.375482e+03
11.3 9.380991e+03 9.363098e+03 9.372328e+03 9.390221e+03
12.3 9.315222e+03 9.315101e+03 9.368914e+03 9.369035e+03
13.3 9.440113e+03 9.406847e+03 9.367746e+03 9.401012e+03
14.3 9.468688e+03 9.360900e+03 9.367873e+03 9.475661e+03
15.3 9.434310e+03 9.382913e+03 9.368560e+03 9.419957e+03
16.3 9.463368e+03 9.382992e+03 9.369313e+03 9.449688e+03
17.3 9.447682e+03 9.376520e+03 9.369868e+03 9.441029e+03
0.6 9.269930e+03 9.394185e+03 9.370395e+03 9.246140e+03
1.6 9.390831e+03 9.470563e+03 9.381694e+03 9.301962e+03
2.6 9.424318e+03 9.380174e+03 9.396322e+03 9.440466e+03
3.6 9.312789e+03 9.366857e+03 9.390648e+03 9.336580e+03
4.6 9.385503e+03 9.389683e+03 9.379661e+03 9.375482e+03
5.6 9.380991e+03 9.363098e+03 9.372328e+03 9.390221e+03
6.6 9.315222e+03 9.315101e+03 9.368914e+03 9.369035e+03
7.6 9.440113e+03 9.406847e+03 9.367746e+03 9.401012e+03
8.6 9.468688e+03 9.360900e+03 9.367873e+03 9.475661e+03
9.6 9.434310e+03 9.382913e+03 9.368560e+03 9.419957e+03
10.6 9.463368e+03 9.382992e+03 9.369313e+03 9.449688e+03
11.6 9.447682e+03 9.376520e+03 9.369868e+03 9.441029e+03
12.6 9.461068e+03 9.352819e+03 9.370215e+03 9.478464e+03
13.6 9.472760e+03 9.480342e+03 9.370412e+03 9.362829e+03
14.6 9.373688e+03 9.381649e+03 9.370516e+03 9.362554e+03
15.6 9.289634e+03 9.395055e+03 9.370578e+03 9.265157e+03
16.6 9.380420e+03 9.394779e+03 9.370621e+03 9.356263e+03
17.6 9.334997e+03 9.360331e+03 9.370658e+03 9.345324e+03
0.9 9.463863e+03 9.405210e+03 9.372536e+03 9.431189e+03
1.9 9.425676e+03 9.361551e+03 9.390141e+03 9.454266e+03
2.9 9.408655e+03 9.352124e+03 9.399835e+03 9.456366e+03
3.9 9.766237e+03 9.397846e+03 9.390475e+03 9.758866e+03
4.9 9.766089e+03 9.472569e+03 9.379387e+03 9.672908e+03
5.9 9.267249e+03 9.431195e+03 9.372569e+03 9.208623e+03
6.9 9.267386e+03 9.328101e+03 9.369475e+03 9.308759e+03
7.9 9.185168e+03 9.343003e+03 9.368499e+03 9.210664e+03
8.9 9.201892e+03 9.322523e+03 9.368715e+03 9.248084e+03
9.9 9.189561e+03 9.285593e+03 9.369378e+03 9.273345e+03
10.9 9.244067e+03 9.295470e+03 9.370042e+03 9.318639e+03
11.9 9.250495e+03 9.379495e+03 9.370493e+03 9.241494e+03
12.9 9.292288e+03 9.372984e+03 9.370746e+03 9.290051e+03
13.9 9.241085e+03 9.377181e+03 9.370865e+03 9.234769e+03
14.9 9.240296e+03 9.352369e+03 9.370903e+03 9.258830e+03
15.9 9.272874e+03 9.374326e+03 9.370906e+03 9.269453e+03
16.9 9.221818e+03 9.372809e+03 9.370894e+03 9.219903e+03
17.9 9.208059e+03 9.337133e+03 9.370877e+03 9.241802e+03
0.2 9.284191e+03 9.290258e+03 9.369440e+03 9.363374e+03
1.2 9.277315e+03 9.299810e+03 9.373801e+03 9.351307e+03
2.2 9.276644e+03 9.338752e+03 9.393390e+03 9.331282e+03
3.2 9.290946e+03 9.332257e+03 9.396682e+03 9.355370e+03
4.2 9.160925e+03 9.299891e+03 9.385277e+03 9.246310e+03
5.2 9.174967e+03 9.155144e+03 9.375280e+03 9.395102e+03
6.2 9.218343e+03 9.143573e+03 9.379404e+03 9.454173e+03
7.2 9.307399e+03 9.392118e+03 9.394750e+03 9.310031e+03
8.2 9.112121e+03 9.367188e+03 9.391238e+03 9.136171e+03
9.2 9.429174e+03 9.449371e+03 9.379535e+03 9.359337e+03
10.2 9.571393e+03 9.445826e+03 9.371604e+03 9.497171e+03
11.2 9.259492e+03 9.405310e+03 9.367705e+03 9.221888e+03
12.2 9.536191e+03 9.506560e+03 9.366385e+03 9.396016e+03
13.2 9.490015e+03 9.416715e+03 9.366432e+03 9.439733e+03
14.2 9.192603e+03 9.283897e+03 9.367129e+03 9.275835e+03
15.2 9.368790e+03 9.265149e+03 9.367906e+03 9.471547e+03
16.2 9.530594e+03 9.452310e+03 9.368527e+03 9.446811e+03
17.2 9.457523e+03 9.366190e+03 9.368919e+03 9.460252e+03
0.5 9.174967e+03 9.155144e+03 9.375280e+03 9.395102e+03
1.5 9.218343e+03 9.143573e+03 9.379404e+03 9.454173e+03
2.5 9.307399e+03 9.392118e+03 9.394750e+03 9.310031e+03
3.5 9.112121e+03 9.367188e+03 9.391238e+03 9.136171e+03
4.5 9.429174e+03 9.449371e+03 9.379535e+03 9.359337e+03
5.5 9.571393e+03 9.445826e+03 9.371604e+03 9.497171e+03
6.5 9.259492e+03 9.405310e+03 9.367705e+03 9.221888e+03
7.5 9.536191e+03 9.506560e+03 9.366385e+03 9.396016e+03
8.5 9.490015e+03 9.416715e+03 9.366432e+03 9.439733e+03
9.5 9.192603e+03 9.283897e+03 9.367129e+03 9.275835e+03
10.5 9.368790e+03 9.265149e+03 9.367906e+03 9.471547e+03
11.5 9.530594e+03 9.452310e+03 9.368527e+03 9.446811e+03
12.5 9.457523e+03 9.366190e+03 9.368919e+03 9.460252e+03
13.5 9.524686e+03 9.325059e+03 9.369153e+03 9.568780e+03
14.5 9.486022e+03 9.350183e+03 9.369298e+03 9.505136e+03
15.5 9.338573e+03 9.371211e+03 9.369401e+03 9.336763e+03
16.5 9.466458e+03 9.398372e+03 9.369492e+03 9.437579e+03
17.5 9.483571e+03 9.377740e+03 9.369585e+03 9.475416e+03
