0.1 1.247763e+04 1.259212e+04 1.258339e+04 1.246891e+04
1.1 1.262794e+04 1.266180e+04 1.258030e+04 1.254644e+04
2.1 1.251246e+04 1.261087e+04 1.256262e+04 1.246421e+04
3.1 1.258918e+04 1.259411e+04 1.255800e+04 1.255307e+04
4.1 1.241558e+04 1.255610e+04 1.256794e+04 1.242742e+04
5.1 1.265008e+04 1.255183e+04 1.257730e+04 1.267555e+04
6.1 1.256595e+04 1.255887e+04 1.258268e+04 1.258976e+04
7.1 1.251119e+04 1.255847e+04 1.258499e+04 1.253771e+04
8.1 1.265535e+04 1.260697e+04 1.258557e+04 1.263394e+04
9.1 1.248934e+04 1.263930e+04 1.258520e+04 1.243525e+04
10.1 1.278079e+04 1.258379e+04 1.258454e+04 1.278154e+04
11.1 1.261096e+04 1.257840e+04 1.258393e+04 1.261649e+04
12.1 1.258665e+04 1.264979e+04 1.258353e+04 1.252039e+04
13.1 1.257119e+04 1.254110e+04 1.258330e+04 1.261339e+04
14.1 1.262711e+04 1.256490e+04 1.258317e+04 1.264538e+04
15.1 1.244719e+04 1.263711e+04 1.258311e+04 1.239319e+04
16.1 1.258317e+04 1.267381e+04 1.258308e+04 1.249243e+04
17.1 1.269482e+04 1.262119e+04 1.258306e+04 1.265669e+04
0.3 1.264067e+04 1.258039e+04 1.258381e+04 1.264409e+04
1.3 1.248929e+04 1.257228e+04 1.257756e+04 1.249457e+04
2.3 1.263955e+04 1.256954e+04 1.256011e+04 1.263012e+04
3.3 1.253879e+04 1.258401e+04 1.256008e+04 1.251486e+04
4.3 1.276265e+04 1.259997e+04 1.257090e+04 1.273357e+04
5.3 1.249647e+04 1.261026e+04 1.257938e+04 1.246558e+04
6.3 1.261892e+04 1.262688e+04 1.258373e+04 1.257577e+04
7.3 1.264992e+04 1.265773e+04 1.257346e+04 1.256565e+04
8.3 1.283051e+04 1.257946e+04 1.256016e+04 1.281121e+04
9.3 1.266246e+04 1.260020e+04 1.256532e+04 1.262758e+04
10.3 1.266732e+04 1.265499e+04 1.257531e+04 1.258764e+04
11.3 1.257771e+04 1.260400e+04 1.258198e+04 1.255568e+04
12.3 1.271185e+04 1.250138e+04 1.258508e+04 1.279554e+04
13.3 1.262906e+04 1.256639e+04 1.258614e+04 1.264881e+04
14.3 1.251302e+04 1.255066e+04 1.258602e+04 1.254838e+04
15.3 1.257471e+04 1.257390e+04 1.258540e+04 1.258622e+04
16.3 1.243474e+04 1.256075e+04 1.258472e+04 1.245871e+04
17.3 1.259509e+04 1.266734e+04 1.258421e+04 1.251196e+04
0.6 1.261892e+04 1.262688e+04 1.258373e+04 1.257577e+04
1.6 1.264992e+04 1.265773e+04 1.257346e+04 1.256565e+04
2.6 1.283051e+04 1.257946e+04 1.256016e+04 1.281121e+04
3.6 1.266246e+04 1.260020e+04 1.256532e+04 1.262758e+04
4.6 1.266732e+04 1.265499e+04 1.257531e+04 1.258764e+04
5.6 1.257771e+04 1.260400e+04 1.258198e+04 1.255568e+04
6.6 1.271185e+04 1.250138e+04 1.258508e+04 1.279554e+04
7.6 1.262906e+04 1.256639e+04 1.258614e+04 1.264881e+04
8.6 1.251302e+04 1.255066e+04 1.258602e+04 1.254838e+04
9.6 1.257471e+04 1.257390e+04 1.258540e+04 1.258622e+04
10.6 1.243474e+04 1.256075e+04 1.258472e+04 1.245871e+04
11.6 1.259509e+04 1.266734e+04 1.258421e+04 1.251196e+04
12.6 1.269091e+04 1.260746e+04 1.258390e+04 1.266734e+04
13.6 1.267284e+04 1.268655e+04 1.258372e+04 1.257001e+04
14.6 1.260865e+04 1.262545e+04 1.258362e+04 1.256682e+04
15.6 1.250826e+04 1.258737e+04 1.258357e+04 1.250446e+04
16.6 1.257388e+04 1.256167e+04 1.258353e+04 1.259574e+04
17.6 1.264407e+04 1.256217e+04 1.258349e+04 1.266539e+04
0.9 1.267961e+04 1.258325e+04 1.258179e+04 1.267815e+04
1.9 1.263910e+04 1.259007e+04 1.256578e+04 1.261481e+04
2.9 1.248771e+04 1.254932e+04 1.255697e+04 1.249535e+04
3.9 1.277502e+04 1.258863e+04 1.256548e+04 1.275187e+04
4.9 1.239104e+04 1.258221e+04 1.257556e+04 1.238439e+04
5.9 1.238731e+04 1.251369e+04 1.258176e+04 1.245537e+04
6.9 1.224538e+04 1.245982e+04 1.258457e+04 1.237013e+04
7.9 1.268500e+04 1.258549e+04 1.258546e+04 1.268496e+04
8.9 1.230315e+04 1.254447e+04 1.258526e+04 1.234394e+04
9.9 1.233186e+04 1.248112e+04 1.258466e+04 1.243539e+04
10.9 1.254329e+04 1.252797e+04 1.258405e+04 1.259938e+04
11.9 1.252257e+04 1.257173e+04 1.258364e+04 1.253449e+04
12.9 1.272478e+04 1.261840e+04 1.258341e+04 1.268980e+04
13.9 1.273047e+04 1.268130e+04 1.258331e+04 1.263248e+04
14.9 1.250506e+04 1.265062e+04 1.258327e+04 1.243771e+04
15.9 1.261393e+04 1.265925e+04 1.258327e+04 1.253795e+04
16.9 1.219192e+04 1.253495e+04 1.258328e+04 1.224025e+04
17.9 1.237148e+04 1.246274e+04 1.258329e+04 1.249203e+04
0.2 1.258747e+04 1.258616e+04 1.258460e+04 1.258590e+04
1.2 1.253970e+04 1.262499e+04 1.258064e+04 1.249535e+04
2.2 1.251959e+04 1.260887e+04 1.256283e+04 1.247355e+04
3.2 1.242631e+04 1.261807e+04 1.255984e+04 1.236808e+04
4.2 1.247647e+04 1.259054e+04 1.257020e+04 1.245613e+04
5.2 1.235119e+04 1.249936e+04 1.257929e+04 1.243111e+04
6.2 1.272023e+04 1.249323e+04 1.257554e+04 1.280254e+04
7.2 1.256511e+04 1.261098e+04 1.256159e+04 1.251572e+04
8.2 1.253288e+04 1.258432e+04 1.256479e+04 1.251335e+04
9.2 1.289595e+04 1.264678e+04 1.257542e+04 1.282460e+04
10.2 1.291515e+04 1.263342e+04 1.258263e+04 1.286436e+04
11.2 1.252913e+04 1.244290e+04 1.258618e+04 1.267241e+04
12.2 1.218506e+04 1.242383e+04 1.258738e+04 1.234860e+04
13.2 1.245682e+04 1.258476e+04 1.258733e+04 1.245939e+04
14.2 1.255038e+04 1.251847e+04 1.258670e+04 1.261862e+04
15.2 1.259866e+04 1.257053e+04 1.258599e+04 1.261413e+04
16.2 1.284755e+04 1.263713e+04 1.258543e+04 1.279585e+04
17.2 1.269402e+04 1.257431e+04 1.258507e+04 1.270478e+04
0.5 1.235119e+04 1.249936e+04 1.257929e+04 1.243111e+04
1.5 1.272023e+04 1.249323e+04 1.257554e+04 1.280254e+04
2.5 1.256511e+04 1.261098e+04 1.256159e+04 1.251572e+04
3.5 1.253288e+04 1.258432e+04 1.256479e+04 1.251335e+04
4.5 1.289595e+04 1.264678e+04 1.257542e+04 1.282460e+04
5.5 1.291515e+04 1.263342e+04 1.258263e+04 1.286436e+04
6.5 1.252913e+04 1.244290e+04 1.258618e+04 1.267241e+04
7.5 1.218506e+04 1.242383e+04 1.258738e+04 1.234860e+04
8.5 1.245682e+04 1.258476e+04 1.258733e+04 1.245939e+04
9.5 1.255038e+04 1.251847e+04 1.258670e+04 1.261862e+04
10.5 1.259866e+04 1.257053e+04 1.258599e+04 1.261413e+04
11.5 1.284755e+04 1.263713e+04 1.258543e+04 1.279585e+04
12.5 1.269402e+04 1.257431e+04 1.258507e+04 1.270478e+04
13.5 1.245980e+04 1.256015e+04 1.258486e+04 1.248451e+04
14.5 1.253057e+04 1.255456e+04 1.258473e+04 1.256074e+04
15.5 1.266693e+04 1.252960e+04 1.258464e+04 1.272197e+04
16.5 1.252050e+04 1.260821e+04 1.258455e+04 1.249685e+04
17.5 1.264808e+04 1.256394e+04 1.258447e+04 1.266861e+04
