0.4 5.401425e+03 5.481703e+03 5.511849e+03 5.431571e+03
1.4 5.912839e+03 5.464701e+03 5.520619e+03 5.968757e+03
2.4 5.450172e+03 5.549014e+03 5.547963e+03 5.449121e+03
3.4 5.432309e+03 5.303478e+03 5.551491e+03 5.680321e+03
4.4 5.224417e+03 5.489300e+03 5.535319e+03 5.270435e+03
5.4 5.569312e+03 5.469968e+03 5.520691e+03 5.620035e+03
6.4 5.763940e+03 5.523560e+03 5.512898e+03 5.753278e+03
7.4 5.615905e+03 5.634262e+03 5.509575e+03 5.491218e+03
8.4 5.655528e+03 5.662766e+03 5.508909e+03 5.501671e+03
9.4 5.321291e+03 5.543543e+03 5.509632e+03 5.287380e+03
10.4 5.884612e+03 5.627296e+03 5.510779e+03 5.768095e+03
11.4 6.027731e+03 5.597381e+03 5.511752e+03 5.942101e+03
12.4 5.515662e+03 5.525799e+03 5.512414e+03 5.502277e+03
13.4 5.650992e+03 5.615099e+03 5.512815e+03 5.548708e+03
14.4 5.517374e+03 5.447719e+03 5.513036e+03 5.582691e+03
15.4 5.367951e+03 5.603322e+03 5.513168e+03 5.277797e+03
16.4 5.587544e+03 5.778697e+03 5.513257e+03 5.322104e+03
17.4 5.910820e+03 5.942130e+03 5.513327e+03 5.482017e+03
0.7 5.459045e+03 5.460617e+03 5.513937e+03 5.512365e+03
1.7 5.356160e+03 5.489005e+03 5.526536e+03 5.393691e+03
2.7 5.403575e+03 5.299322e+03 5.542511e+03 5.646764e+03
3.7 5.768270e+03 5.555704e+03 5.537516e+03 5.750081e+03
4.7 5.566814e+03 5.411403e+03 5.525373e+03 5.680784e+03
5.7 5.694834e+03 5.577292e+03 5.517244e+03 5.634786e+03
6.7 5.610552e+03 5.606220e+03 5.513113e+03 5.517446e+03
7.7 5.549963e+03 5.513306e+03 5.511654e+03 5.548310e+03
8.7 5.536967e+03 5.487200e+03 5.511653e+03 5.561420e+03
9.7 5.481399e+03 5.465402e+03 5.512335e+03 5.528333e+03
10.7 5.404865e+03 5.310703e+03 5.513105e+03 5.607267e+03
11.7 5.268308e+03 5.469696e+03 5.513771e+03 5.312383e+03
12.7 5.123559e+03 5.438329e+03 5.522919e+03 5.208149e+03
13.7 5.282815e+03 5.597763e+03 5.539936e+03 5.224988e+03
14.7 5.512805e+03 5.582357e+03 5.537599e+03 5.468047e+03
15.7 5.512922e+03 5.481932e+03 5.526643e+03 5.557633e+03
16.7 5.306759e+03 5.385293e+03 5.518367e+03 5.439833e+03
17.7 5.394573e+03 5.342957e+03 5.514252e+03 5.565867e+03
0.5 5.268308e+03 5.469696e+03 5.513771e+03 5.312383e+03
1.5 5.123559e+03 5.438329e+03 5.522919e+03 5.208149e+03
2.5 5.282815e+03 5.597763e+03 5.539936e+03 5.224988e+03
3.5 5.512805e+03 5.582357e+03 5.537599e+03 5.468047e+03
4.5 5.512922e+03 5.481932e+03 5.526643e+03 5.557633e+03
5.5 5.306759e+03 5.385293e+03 5.518367e+03 5.439833e+03
6.5 5.394573e+03 5.342957e+03 5.514252e+03 5.565867e+03
7.5 5.567447e+03 5.491231e+03 5.512650e+03 5.588866e+03
8.5 5.454416e+03 5.478919e+03 5.512526e+03 5.488022e+03
9.5 5.509808e+03 5.517556e+03 5.513116e+03 5.505368e+03
10.5 5.695034e+03 5.519038e+03 5.513870e+03 5.689867e+03
11.5 5.719786e+03 5.554209e+03 5.514472e+03 5.680048e+03
12.5 5.592107e+03 5.551955e+03 5.514877e+03 5.555029e+03
13.5 5.330844e+03 5.522336e+03 5.515133e+03 5.323640e+03
14.5 5.668324e+03 5.556669e+03 5.519544e+03 5.631199e+03
15.5 5.755713e+03 5.573532e+03 5.538228e+03 5.720409e+03
16.5 5.658218e+03 5.642543e+03 5.540956e+03 5.556630e+03
17.5 5.532555e+03 5.530060e+03 5.530607e+03 5.533102e+03
0.2 5.330844e+03 5.522336e+03 5.515133e+03 5.323640e+03
1.2 5.668324e+03 5.556669e+03 5.519544e+03 5.631199e+03
2.2 5.755713e+03 5.573532e+03 5.538228e+03 5.720409e+03
3.2 5.658218e+03 5.642543e+03 5.540956e+03 5.556630e+03
4.2 5.532555e+03 5.530060e+03 5.530607e+03 5.533102e+03
5.2 5.379119e+03 5.487776e+03 5.521129e+03 5.412473e+03
6.2 5.549926e+03 5.345836e+03 5.516076e+03 5.720167e+03
7.2 5.422805e+03 5.484270e+03 5.513881e+03 5.452416e+03
8.2 5.783686e+03 5.461775e+03 5.513464e+03 5.835375e+03
9.2 5.286107e+03 5.557401e+03 5.513925e+03 5.242631e+03
10.2 5.474606e+03 5.495269e+03 5.514674e+03 5.494011e+03
11.2 5.666540e+03 5.531001e+03 5.515321e+03 5.650859e+03
12.2 5.482067e+03 5.476542e+03 5.515780e+03 5.521305e+03
13.2 5.507831e+03 5.463642e+03 5.516058e+03 5.560247e+03
14.2 5.479350e+03 5.529885e+03 5.516227e+03 5.465692e+03
15.2 5.536766e+03 5.597345e+03 5.516339e+03 5.455760e+03
16.2 5.452093e+03 5.401789e+03 5.516422e+03 5.566725e+03
17.2 5.658509e+03 5.552618e+03 5.516491e+03 5.622382e+03
0.1 6.396215e+03 5.702663e+03 5.511871e+03 6.205423e+03
1.1 5.888494e+03 5.629254e+03 5.514770e+03 5.774011e+03
2.1 6.030090e+03 5.529413e+03 5.541269e+03 6.041946e+03
3.1 5.767403e+03 5.527345e+03 5.557388e+03 5.797446e+03
4.1 6.012047e+03 5.449630e+03 5.543970e+03 6.106387e+03
5.1 5.787007e+03 5.414329e+03 5.525331e+03 5.898009e+03
6.1 5.789536e+03 5.414392e+03 5.514197e+03 5.889341e+03
7.1 5.555759e+03 5.358928e+03 5.523528e+03 5.720359e+03
8.1 5.610146e+03 5.516020e+03 5.547282e+03 5.641407e+03
9.1 5.706373e+03 5.474830e+03 5.544085e+03 5.775627e+03
10.1 5.806297e+03 5.354498e+03 5.527149e+03 5.978947e+03
11.1 5.700252e+03 5.410557e+03 5.514868e+03 5.804563e+03
12.1 5.576465e+03 5.425337e+03 5.508493e+03 5.659621e+03
13.1 5.734701e+03 5.533112e+03 5.506105e+03 5.707694e+03
14.1 5.797801e+03 5.503235e+03 5.505886e+03 5.800452e+03
15.1 5.804125e+03 5.541995e+03 5.506727e+03 5.768857e+03
16.1 5.675237e+03 5.417359e+03 5.507744e+03 5.765623e+03
17.1 5.185479e+03 5.275494e+03 5.508550e+03 5.418536e+03
0.7 5.789536e+03 5.414392e+03 5.514197e+03 5.889341e+03
1.7 5.555759e+03 5.358928e+03 5.523528e+03 5.720359e+03
2.7 5.610146e+03 5.516020e+03 5.547282e+03 5.641407e+03
3.7 5.706373e+03 5.474830e+03 5.544085e+03 5.775627e+03
4.7 5.806297e+03 5.354498e+03 5.527149e+03 5.978947e+03
5.7 5.700252e+03 5.410557e+03 5.514868e+03 5.804563e+03
6.7 5.576465e+03 5.425337e+03 5.508493e+03 5.659621e+03
7.7 5.734701e+03 5.533112e+03 5.506105e+03 5.707694e+03
8.7 5.797801e+03 5.503235e+03 5.505886e+03 5.800452e+03
9.7 5.804125e+03 5.541995e+03 5.506727e+03 5.768857e+03
10.7 5.675237e+03 5.417359e+03 5.507744e+03 5.765623e+03
11.7 5.185479e+03 5.275494e+03 5.508550e+03 5.418536e+03
12.7 6.015007e+03 5.413940e+03 5.509008e+03 6.110075e+03
13.7 4.733978e+03 4.927822e+03 5.509672e+03 5.315828e+03
14.7 4.702758e+03 5.266432e+03 5.527316e+03 4.963642e+03
15.7 5.049997e+03 5.419610e+03 5.564573e+03 5.194959e+03
16.7 5.100694e+03 5.514033e+03 5.568801e+03 5.155461e+03
17.7 5.660520e+03 5.629250e+03 5.544570e+03 5.575840e+03
0.8 4.733978e+03 4.927822e+03 5.509672e+03 5.315828e+03
1.8 4.702758e+03 5.266432e+03 5.527316e+03 4.963642e+03
2.8 5.049997e+03 5.419610e+03 5.564573e+03 5.194959e+03
3.8 5.100694e+03 5.514033e+03 5.568801e+03 5.155461e+03
4.8 5.660520e+03 5.629250e+03 5.544570e+03 5.575840e+03
5.8 5.738835e+03 5.666713e+03 5.522442e+03 5.594565e+03
6.8 5.301070e+03 5.634983e+03 5.509753e+03 5.175840e+03
7.8 5.895647e+03 5.709218e+03 5.504445e+03 5.690875e+03
8.8 5.662664e+03 5.712445e+03 5.503276e+03 5.453496e+03
9.8 5.592890e+03 5.426459e+03 5.504252e+03 5.670683e+03
10.8 5.577185e+03 5.455695e+03 5.505848e+03 5.627338e+03
11.8 5.043016e+03 5.536340e+03 5.507268e+03 5.013944e+03
12.8 5.610390e+03 5.480948e+03 5.508223e+03 5.637666e+03
13.8 5.422437e+03 5.636091e+03 5.518575e+03 5.304922e+03
14.8 5.284549e+03 5.536823e+03 5.547127e+03 5.294853e+03
15.8 5.538304e+03 5.620381e+03 5.550378e+03 5.468300e+03
16.8 5.344744e+03 5.416647e+03 5.532951e+03 5.461048e+03
17.8 4.648621e+03 4.892624e+03 5.517955e+03 5.273952e+03
0.5 5.610390e+03 5.480948e+03 5.508223e+03 5.637666e+03
1.5 5.422437e+03 5.636091e+03 5.518575e+03 5.304922e+03
2.5 5.284549e+03 5.536823e+03 5.547127e+03 5.294853e+03
3.5 5.538304e+03 5.620381e+03 5.550378e+03 5.468300e+03
4.5 5.344744e+03 5.416647e+03 5.532951e+03 5.461048e+03
5.5 4.648621e+03 4.892624e+03 5.517955e+03 5.273952e+03
6.5 5.206390e+03 5.507490e+03 5.509539e+03 5.208439e+03
7.5 5.358679e+03 5.535582e+03 5.508325e+03 5.331422e+03
8.5 5.297474e+03 5.575413e+03 5.532093e+03 5.254154e+03
9.5 5.330689e+03 5.503255e+03 5.553147e+03 5.380581e+03
10.5 5.534849e+03 5.728823e+03 5.542485e+03 5.348511e+03
11.5 5.344065e+03 5.505921e+03 5.524244e+03 5.362388e+03
12.5 5.157501e+03 5.414207e+03 5.512748e+03 5.256042e+03
13.5 5.154712e+03 5.134202e+03 5.507207e+03 5.527718e+03
14.5 5.164794e+03 5.438785e+03 5.505343e+03 5.231352e+03
15.5 5.520779e+03 5.618196e+03 5.505623e+03 5.408206e+03
16.5 5.620469e+03 5.664402e+03 5.506796e+03 5.462863e+03
17.5 5.922250e+03 5.923481e+03 5.507988e+03 5.506756e+03
0.0 5.206390e+03 5.507490e+03 5.509539e+03 5.208439e+03
1.0 5.358679e+03 5.535582e+03 5.508325e+03 5.331422e+03
2.0 5.297474e+03 5.575413e+03 5.532093e+03 5.254154e+03
3.0 5.330689e+03 5.503255e+03 5.553147e+03 5.380581e+03
4.0 5.534849e+03 5.728823e+03 5.542485e+03 5.348511e+03
5.0 5.344065e+03 5.505921e+03 5.524244e+03 5.362388e+03
6.0 5.157501e+03 5.414207e+03 5.512748e+03 5.256042e+03
7.0 5.154712e+03 5.134202e+03 5.507207e+03 5.527718e+03
8.0 5.164794e+03 5.438785e+03 5.505343e+03 5.231352e+03
9.0 5.520779e+03 5.618196e+03 5.505623e+03 5.408206e+03
10.0 5.620469e+03 5.664402e+03 5.506796e+03 5.462863e+03
11.0 5.922250e+03 5.923481e+03 5.507988e+03 5.506756e+03
12.0 5.545980e+03 5.754369e+03 5.508872e+03 5.300484e+03
13.0 5.906879e+03 5.675552e+03 5.509426e+03 5.740753e+03
14.0 6.009183e+03 5.663318e+03 5.509724e+03 5.855588e+03
15.0 6.149741e+03 5.548552e+03 5.509886e+03 6.111076e+03
16.0 5.487642e+03 5.459088e+03 5.509977e+03 5.538531e+03
17.0 5.562418e+03 5.453261e+03 5.510038e+03 5.619195e+03
0.2 5.791310e+03 5.603548e+03 5.510195e+03 5.697958e+03
1.2 5.713785e+03 5.505961e+03 5.514283e+03 5.722107e+03
2.2 5.490072e+03 5.422191e+03 5.541951e+03 5.609832e+03
3.2 5.179162e+03 5.409271e+03 5.554993e+03 5.324884e+03
4.2 5.954687e+03 5.517326e+03 5.540134e+03 5.977495e+03
5.2 5.071391e+03 5.342236e+03 5.522982e+03 5.252137e+03
6.2 5.446469e+03 5.600953e+03 5.512616e+03 5.358132e+03
7.2 5.875599e+03 5.612761e+03 5.507698e+03 5.770536e+03
8.2 5.305172e+03 5.638005e+03 5.506266e+03 5.173434e+03
9.2 5.750065e+03 5.652469e+03 5.506668e+03 5.604265e+03
10.2 5.462832e+03 5.634294e+03 5.507739e+03 5.336277e+03
11.2 5.926647e+03 5.907675e+03 5.508767e+03 5.527739e+03
12.2 5.592658e+03 5.754860e+03 5.509494e+03 5.347292e+03
13.2 5.914470e+03 5.813373e+03 5.509886e+03 5.610984e+03
14.2 5.869216e+03 5.978719e+03 5.510068e+03 5.400566e+03
15.2 5.655565e+03 5.385939e+03 5.510130e+03 5.779756e+03
16.2 5.605136e+03 5.323083e+03 5.516237e+03 5.798290e+03
17.2 5.412349e+03 5.272045e+03 5.544797e+03 5.685101e+03
0.3 5.655565e+03 5.385939e+03 5.510130e+03 5.779756e+03
1.3 5.605136e+03 5.323083e+03 5.516237e+03 5.798290e+03
2.3 5.412349e+03 5.272045e+03 5.544797e+03 5.685101e+03
3.3 5.514660e+03 5.372532e+03 5.552857e+03 5.694985e+03
4.3 5.892165e+03 5.577816e+03 5.536543e+03 5.850891e+03
5.3 5.694970e+03 5.616013e+03 5.520477e+03 5.599434e+03
6.3 5.778603e+03 5.340429e+03 5.511170e+03 5.949344e+03
7.3 5.734068e+03 5.637976e+03 5.506870e+03 5.602962e+03
8.3 5.282504e+03 5.608649e+03 5.505727e+03 5.179582e+03
9.3 5.486245e+03 5.608263e+03 5.506200e+03 5.384182e+03
10.3 5.116541e+03 5.478313e+03 5.507183e+03 5.145411e+03
11.3 5.646819e+03 5.473933e+03 5.509327e+03 5.682213e+03
12.3 5.414158e+03 5.508602e+03 5.531010e+03 5.436566e+03
13.3 5.957991e+03 5.554610e+03 5.549758e+03 5.953139e+03
14.3 5.342143e+03 5.471972e+03 5.539853e+03 5.410024e+03
15.3 4.966581e+03 5.365660e+03 5.523425e+03 5.124345e+03
16.3 5.483180e+03 5.460384e+03 5.512609e+03 5.535405e+03
17.3 5.285216e+03 5.509814e+03 5.507165e+03 5.282567e+03
0.9 5.646819e+03 5.473933e+03 5.509327e+03 5.682213e+03
1.9 5.414158e+03 5.508602e+03 5.531010e+03 5.436566e+03
2.9 5.957991e+03 5.554610e+03 5.549758e+03 5.953139e+03
3.9 5.342143e+03 5.471972e+03 5.539853e+03 5.410024e+03
4.9 4.966581e+03 5.365660e+03 5.523425e+03 5.124345e+03
5.9 5.483180e+03 5.460384e+03 5.512609e+03 5.535405e+03
6.9 5.285216e+03 5.509814e+03 5.507165e+03 5.282567e+03
