0.1 9.694482e+03 9.766915e+03 9.764056e+03 9.691623e+03
1.1 9.832131e+03 9.748896e+03 9.760641e+03 9.843875e+03
2.1 9.741424e+03 9.799345e+03 9.741104e+03 9.683182e+03
3.1 9.852574e+03 9.853606e+03 9.736002e+03 9.734971e+03
4.1 9.759594e+03 9.719528e+03 9.746982e+03 9.787048e+03
5.1 9.743931e+03 9.754839e+03 9.757318e+03 9.746409e+03
6.1 9.746730e+03 9.752602e+03 9.763268e+03 9.757396e+03
7.1 9.770740e+03 9.760455e+03 9.765817e+03 9.776103e+03
8.1 9.948362e+03 9.753604e+03 9.766454e+03 9.961212e+03
9.1 9.776936e+03 9.743343e+03 9.766053e+03 9.799646e+03
10.1 9.599396e+03 9.753887e+03 9.765323e+03 9.610831e+03
11.1 9.798034e+03 9.767308e+03 9.764650e+03 9.795377e+03
12.1 9.915674e+03 9.797151e+03 9.764205e+03 9.882727e+03
13.1 9.964658e+03 9.781711e+03 9.763947e+03 9.946894e+03
14.1 9.769709e+03 9.770129e+03 9.763809e+03 9.763389e+03
15.1 9.730827e+03 9.752833e+03 9.763741e+03 9.741735e+03
16.1 9.662513e+03 9.747964e+03 9.763704e+03 9.678253e+03
17.1 9.648761e+03 9.761171e+03 9.763681e+03 9.651271e+03
0.3 9.801032e+03 9.773060e+03 9.764518e+03 9.792491e+03
1.3 9.952727e+03 9.792922e+03 9.757613e+03 9.917417e+03
2.3 9.993011e+03 9.834932e+03 9.738331e+03 9.896409e+03
3.3 9.752949e+03 9.789626e+03 9.738296e+03 9.701619e+03
4.3 9.775674e+03 9.775324e+03 9.750253e+03 9.750603e+03
5.3 9.813860e+03 9.781084e+03 9.759618e+03 9.792394e+03
6.3 9.798773e+03 9.790770e+03 9.764428e+03 9.772432e+03
7.3 9.520187e+03 9.742809e+03 9.753082e+03 9.530459e+03
8.3 9.817447e+03 9.758782e+03 9.738392e+03 9.797058e+03
9.3 9.776306e+03 9.822984e+03 9.744090e+03 9.697411e+03
10.3 9.806103e+03 9.796081e+03 9.755123e+03 9.765145e+03
11.3 9.814755e+03 9.803328e+03 9.762488e+03 9.773915e+03
12.3 9.816011e+03 9.879144e+03 9.765916e+03 9.702782e+03
13.3 9.583442e+03 9.724324e+03 9.767089e+03 9.626208e+03
14.3 9.565626e+03 9.755837e+03 9.766961e+03 9.576750e+03
15.3 9.750981e+03 9.731833e+03 9.766271e+03 9.785420e+03
16.3 9.782641e+03 9.681805e+03 9.765515e+03 9.866351e+03
17.3 9.862510e+03 9.779000e+03 9.764958e+03 9.848468e+03
0.6 9.798773e+03 9.790770e+03 9.764428e+03 9.772432e+03
1.6 9.520187e+03 9.742809e+03 9.753082e+03 9.530459e+03
2.6 9.817447e+03 9.758782e+03 9.738392e+03 9.797058e+03
3.6 9.776306e+03 9.822984e+03 9.744090e+03 9.697411e+03
4.6 9.806103e+03 9.796081e+03 9.755123e+03 9.765145e+03
5.6 9.814755e+03 9.803328e+03 9.762488e+03 9.773915e+03
6.6 9.816011e+03 9.879144e+03 9.765916e+03 9.702782e+03
7.6 9.583442e+03 9.724324e+03 9.767089e+03 9.626208e+03
8.6 9.565626e+03 9.755837e+03 9.766961e+03 9.576750e+03
9.6 9.750981e+03 9.731833e+03 9.766271e+03 9.785420e+03
10.6 9.782641e+03 9.681805e+03 9.765515e+03 9.866351e+03
11.6 9.862510e+03 9.779000e+03 9.764958e+03 9.848468e+03
12.6 9.929292e+03 9.766960e+03 9.764609e+03 9.926940e+03
13.6 9.665572e+03 9.789377e+03 9.764412e+03 9.640607e+03
14.6 9.701347e+03 9.777608e+03 9.764307e+03 9.688046e+03
15.6 9.835952e+03 9.703625e+03 9.764245e+03 9.896572e+03
16.6 9.443429e+03 9.652529e+03 9.764201e+03 9.555101e+03
17.6 9.784274e+03 9.626264e+03 9.764164e+03 9.922174e+03
0.9 9.855640e+03 9.742588e+03 9.762279e+03 9.875330e+03
1.9 9.644294e+03 9.697630e+03 9.744599e+03 9.691264e+03
2.9 9.433100e+03 9.523971e+03 9.734864e+03 9.643992e+03
3.9 9.829818e+03 9.679393e+03 9.744264e+03 9.894690e+03
4.9 9.862865e+03 9.790229e+03 9.755398e+03 9.828034e+03
5.9 9.774780e+03 9.819511e+03 9.762245e+03 9.717515e+03
6.9 9.993164e+03 9.785480e+03 9.765353e+03 9.973037e+03
7.9 9.944430e+03 9.752996e+03 9.766332e+03 9.957766e+03
8.9 9.780235e+03 9.818922e+03 9.766116e+03 9.727429e+03
9.9 1.002556e+04 9.884817e+03 9.765450e+03 9.906192e+03
10.9 9.872344e+03 9.894364e+03 9.764783e+03 9.742763e+03
11.9 9.848960e+03 9.706821e+03 9.764330e+03 9.906469e+03
12.9 9.655317e+03 9.720938e+03 9.764076e+03 9.698455e+03
13.9 9.600397e+03 9.736135e+03 9.763957e+03 9.628219e+03
14.9 9.646659e+03 9.725964e+03 9.763918e+03 9.684613e+03
15.9 9.751895e+03 9.728834e+03 9.763916e+03 9.786976e+03
16.9 9.649146e+03 9.793896e+03 9.763928e+03 9.619177e+03
17.9 9.717576e+03 9.794664e+03 9.763945e+03 9.686857e+03
0.2 9.783652e+03 9.774942e+03 9.765387e+03 9.774098e+03
1.2 9.658335e+03 9.765930e+03 9.761008e+03 9.653413e+03
2.2 9.567513e+03 9.744144e+03 9.741337e+03 9.564706e+03
3.2 9.798378e+03 9.827637e+03 9.738031e+03 9.708771e+03
4.2 9.697639e+03 9.788483e+03 9.749484e+03 9.658640e+03
5.2 9.785921e+03 9.796383e+03 9.759523e+03 9.749061e+03
6.2 9.876504e+03 9.837685e+03 9.755382e+03 9.794201e+03
7.2 9.785520e+03 9.671146e+03 9.739971e+03 9.854344e+03
8.2 9.718551e+03 9.667609e+03 9.743497e+03 9.794440e+03
9.2 9.820579e+03 9.731678e+03 9.755250e+03 9.844151e+03
10.2 9.837538e+03 9.790026e+03 9.763214e+03 9.810726e+03
11.2 9.788602e+03 9.798986e+03 9.767130e+03 9.756745e+03
12.2 9.699489e+03 9.788009e+03 9.768456e+03 9.679936e+03
13.2 9.734105e+03 9.785585e+03 9.768408e+03 9.716928e+03
14.2 9.866390e+03 9.767697e+03 9.767708e+03 9.866401e+03
15.2 9.788906e+03 9.741544e+03 9.766928e+03 9.814290e+03
16.2 9.800781e+03 9.742323e+03 9.766304e+03 9.824762e+03
17.2 9.532096e+03 9.664500e+03 9.765911e+03 9.633506e+03
0.5 9.785921e+03 9.796383e+03 9.759523e+03 9.749061e+03
1.5 9.876504e+03 9.837685e+03 9.755382e+03 9.794201e+03
2.5 9.785520e+03 9.671146e+03 9.739971e+03 9.854344e+03
3.5 9.718551e+03 9.667609e+03 9.743497e+03 9.794440e+03
4.5 9.820579e+03 9.731678e+03 9.755250e+03 9.844151e+03
5.5 9.837538e+03 9.790026e+03 9.763214e+03 9.810726e+03
6.5 9.788602e+03 9.798986e+03 9.767130e+03 9.756745e+03
7.5 9.699489e+03 9.788009e+03 9.768456e+03 9.679936e+03
8.5 9.734105e+03 9.785585e+03 9.768408e+03 9.716928e+03
9.5 9.866390e+03 9.767697e+03 9.767708e+03 9.866401e+03
10.5 9.788906e+03 9.741544e+03 9.766928e+03 9.814290e+03
11.5 9.800781e+03 9.742323e+03 9.766304e+03 9.824762e+03
12.5 9.532096e+03 9.664500e+03 9.765911e+03 9.633506e+03
13.5 9.655670e+03 9.692420e+03 9.765676e+03 9.728925e+03
14.5 9.819758e+03 9.743404e+03 9.765530e+03 9.841884e+03
15.5 9.828942e+03 9.795087e+03 9.765427e+03 9.799282e+03
16.5 9.800724e+03 9.800800e+03 9.765335e+03 9.765259e+03
17.5 9.882191e+03 9.818658e+03 9.765242e+03 9.828776e+03
