0.9 1.003324e+04 1.005841e+04 1.005987e+04 1.003471e+04
1.9 1.003413e+04 1.006569e+04 1.005603e+04 1.002447e+04
2.9 1.000556e+04 1.007901e+04 1.004778e+04 9.974334e+03
3.9 1.004667e+04 1.010173e+04 1.004122e+04 9.986167e+03
4.9 9.987653e+03 1.006697e+04 1.003793e+04 9.958614e+03
5.9 1.004369e+04 1.005671e+04 1.003702e+04 1.002399e+04
6.9 9.971988e+03 1.003495e+04 1.003724e+04 9.974272e+03
7.9 1.007200e+04 1.007362e+04 1.003790e+04 1.003627e+04
8.9 1.004041e+04 1.003889e+04 1.003855e+04 1.004007e+04
9.9 1.009706e+04 1.008074e+04 1.003904e+04 1.005536e+04
10.9 9.998366e+03 1.007308e+04 1.003932e+04 9.964608e+03
11.9 1.003938e+04 1.000202e+04 1.003944e+04 1.007681e+04
12.9 1.014584e+04 1.006377e+04 1.003948e+04 1.012155e+04
13.9 1.014824e+04 1.010177e+04 1.003946e+04 1.008592e+04
14.9 1.015606e+04 1.007975e+04 1.003942e+04 1.011573e+04
15.9 1.009899e+04 1.007478e+04 1.003937e+04 1.006358e+04
16.9 1.006275e+04 1.006621e+04 1.003931e+04 1.003585e+04
17.9 1.011859e+04 1.005609e+04 1.004030e+04 1.010279e+04
18.9 9.999287e+03 1.002775e+04 1.004641e+04 1.001795e+04
19.9 1.003199e+04 1.004302e+04 1.005450e+04 1.004347e+04
20.9 1.011994e+04 1.008145e+04 1.005951e+04 1.009800e+04
21.9 1.013001e+04 1.006414e+04 1.006152e+04 1.012739e+04
22.9 1.016085e+04 1.009964e+04 1.006176e+04 1.012297e+04
23.9 1.015959e+04 1.007031e+04 1.006118e+04 1.015046e+04
24.9 1.007431e+04 1.005652e+04 1.006037e+04 1.007817e+04
25.9 1.010440e+04 1.006413e+04 1.005967e+04 1.009994e+04
26.9 1.002109e+04 1.006111e+04 1.005916e+04 1.001914e+04
27.9 1.007410e+04 1.006059e+04 1.005884e+04 1.007235e+04
28.9 1.005031e+04 1.006224e+04 1.005864e+04 1.004672e+04
29.9 1.008830e+04 1.006638e+04 1.005852e+04 1.008044e+04
30.9 1.004090e+04 1.007004e+04 1.005844e+04 1.002930e+04
31.9 1.007440e+04 1.007041e+04 1.005836e+04 1.006235e+04
32.9 1.008299e+04 1.005957e+04 1.005830e+04 1.008172e+04
33.9 1.006068e+04 1.006537e+04 1.005824e+04 1.005355e+04
