0.8 2.603670e+03 2.612099e+03 2.607952e+03 2.599524e+03
1.8 2.631460e+03 2.618581e+03 2.615612e+03 2.628491e+03
2.8 2.670167e+03 2.633902e+03 2.634083e+03 2.670348e+03
3.8 2.642017e+03 2.637737e+03 2.649481e+03 2.653761e+03
4.8 2.647759e+03 2.653615e+03 2.657285e+03 2.651428e+03
5.8 2.579829e+03 2.640999e+03 2.659630e+03 2.598461e+03
6.8 2.594134e+03 2.646531e+03 2.659109e+03 2.606711e+03
7.8 2.595799e+03 2.641029e+03 2.657483e+03 2.612253e+03
8.8 2.699594e+03 2.654043e+03 2.655823e+03 2.701374e+03
9.8 2.630897e+03 2.666163e+03 2.654545e+03 2.619280e+03
10.8 2.683813e+03 2.642674e+03 2.653716e+03 2.694855e+03
11.8 2.643109e+03 2.652716e+03 2.653270e+03 2.643663e+03
12.8 2.599035e+03 2.653210e+03 2.653044e+03 2.598869e+03
13.8 2.554819e+03 2.600508e+03 2.652943e+03 2.607253e+03
14.8 2.551325e+03 2.540288e+03 2.652898e+03 2.663935e+03
15.8 2.671632e+03 2.596033e+03 2.652879e+03 2.728477e+03
16.8 2.520126e+03 2.600728e+03 2.652873e+03 2.572271e+03
17.8 2.738698e+03 2.616245e+03 2.651003e+03 2.773456e+03
18.8 2.492352e+03 2.592677e+03 2.637776e+03 2.537450e+03
19.8 2.700269e+03 2.608956e+03 2.619355e+03 2.710669e+03
20.8 2.635497e+03 2.582335e+03 2.606764e+03 2.659926e+03
21.8 2.596974e+03 2.602718e+03 2.601636e+03 2.595892e+03
22.8 2.403935e+03 2.595104e+03 2.600762e+03 2.409592e+03
23.8 2.588947e+03 2.550393e+03 2.601886e+03 2.640440e+03
24.8 2.404389e+03 2.608193e+03 2.603590e+03 2.399786e+03
25.8 2.842946e+03 2.601511e+03 2.605166e+03 2.846601e+03
26.8 2.688108e+03 2.653368e+03 2.606258e+03 2.640998e+03
27.8 2.483052e+03 2.581091e+03 2.606938e+03 2.508898e+03
28.8 2.508675e+03 2.589997e+03 2.607306e+03 2.525984e+03
29.8 2.519247e+03 2.644526e+03 2.607509e+03 2.482229e+03
30.8 2.573133e+03 2.630902e+03 2.607633e+03 2.549864e+03
31.8 2.540843e+03 2.590437e+03 2.607722e+03 2.558129e+03
32.8 2.559569e+03 2.645141e+03 2.607803e+03 2.522231e+03
33.8 2.625663e+03 2.614085e+03 2.607882e+03 2.619459e+03
