0.2 1.018518e+04 1.019245e+04 1.017827e+04 1.017100e+04
1.2 1.006118e+04 1.019286e+04 1.017891e+04 1.004723e+04
2.2 1.021653e+04 1.020709e+04 1.018331e+04 1.019275e+04
3.2 1.019937e+04 1.019989e+04 1.018928e+04 1.018876e+04
4.2 1.014242e+04 1.019614e+04 1.019331e+04 1.013959e+04
5.2 1.016977e+04 1.022665e+04 1.019493e+04 1.013805e+04
6.2 1.022407e+04 1.020445e+04 1.019518e+04 1.021480e+04
7.2 1.019478e+04 1.020875e+04 1.019479e+04 1.018082e+04
8.2 1.023941e+04 1.016851e+04 1.019423e+04 1.026514e+04
9.2 1.018878e+04 1.019040e+04 1.019372e+04 1.019210e+04
10.2 1.031183e+04 1.023219e+04 1.019337e+04 1.027300e+04
11.2 1.022844e+04 1.024251e+04 1.019315e+04 1.017909e+04
12.2 1.016832e+04 1.019666e+04 1.019303e+04 1.016470e+04
13.2 1.028292e+04 1.019656e+04 1.019297e+04 1.027933e+04
14.2 1.017349e+04 1.019053e+04 1.019294e+04 1.017590e+04
15.2 1.023602e+04 1.019730e+04 1.019292e+04 1.023165e+04
16.2 1.010308e+04 1.021177e+04 1.019291e+04 1.008422e+04
17.2 1.009143e+04 1.019546e+04 1.019287e+04 1.008884e+04
18.2 1.021342e+04 1.017929e+04 1.019095e+04 1.022508e+04
19.2 1.008714e+04 1.018155e+04 1.018516e+04 1.009075e+04
20.2 1.023207e+04 1.018790e+04 1.017978e+04 1.022395e+04
21.2 1.016501e+04 1.018233e+04 1.017682e+04 1.015950e+04
22.2 1.003198e+04 1.018056e+04 1.017587e+04 1.002729e+04
23.2 1.015875e+04 1.017971e+04 1.017592e+04 1.015497e+04
24.2 1.017836e+04 1.017911e+04 1.017641e+04 1.017566e+04
25.2 1.021783e+04 1.017844e+04 1.017694e+04 1.021633e+04
26.2 1.019099e+04 1.017468e+04 1.017737e+04 1.019368e+04
27.2 1.020189e+04 1.017321e+04 1.017764e+04 1.020632e+04
28.2 1.023747e+04 1.017252e+04 1.017779e+04 1.024273e+04
29.2 1.017303e+04 1.017271e+04 1.017786e+04 1.017818e+04
30.2 1.008131e+04 1.017287e+04 1.017789e+04 1.008632e+04
31.2 1.015839e+04 1.017326e+04 1.017789e+04 1.016303e+04
32.2 1.017786e+04 1.017325e+04 1.017789e+04 1.018251e+04
33.2 1.020641e+04 1.017323e+04 1.017789e+04 1.021107e+04
0.6 1.011067e+04 1.019330e+04 1.017727e+04 1.009464e+04
1.6 1.034215e+04 1.018013e+04 1.017878e+04 1.034080e+04
2.6 1.007594e+04 1.018707e+04 1.018432e+04 1.007318e+04
3.6 1.026038e+04 1.022537e+04 1.018986e+04 1.022488e+04
4.6 1.020346e+04 1.016881e+04 1.019305e+04 1.022770e+04
5.6 1.028300e+04 1.017529e+04 1.019412e+04 1.030183e+04
6.6 1.016746e+04 1.023266e+04 1.019411e+04 1.012891e+04
7.6 1.014999e+04 1.021766e+04 1.019362e+04 1.012595e+04
8.6 1.014658e+04 1.017610e+04 1.019306e+04 1.016353e+04
9.6 1.026939e+04 1.023033e+04 1.019259e+04 1.023165e+04
10.6 1.026752e+04 1.019967e+04 1.019228e+04 1.026014e+04
11.6 1.013419e+04 1.018609e+04 1.019210e+04 1.014020e+04
12.6 1.026507e+04 1.020283e+04 1.019200e+04 1.025425e+04
13.6 1.036402e+04 1.025214e+04 1.019195e+04 1.030383e+04
14.6 1.025358e+04 1.023878e+04 1.019192e+04 1.020672e+04
15.6 1.031478e+04 1.025833e+04 1.019190e+04 1.024835e+04
16.6 1.012425e+04 1.018124e+04 1.019189e+04 1.013490e+04
17.6 1.013055e+04 1.020942e+04 1.019165e+04 1.011279e+04
18.6 1.029606e+04 1.018224e+04 1.018837e+04 1.030219e+04
19.6 1.021628e+04 1.019011e+04 1.018217e+04 1.020833e+04
20.6 1.010250e+04 1.018834e+04 1.017754e+04 1.009170e+04
21.6 1.026550e+04 1.018307e+04 1.017535e+04 1.025778e+04
22.6 1.025193e+04 1.018251e+04 1.017478e+04 1.024420e+04
23.6 1.017487e+04 1.018646e+04 1.017502e+04 1.016344e+04
24.6 1.020555e+04 1.017087e+04 1.017556e+04 1.021024e+04
25.6 1.024292e+04 1.020781e+04 1.017607e+04 1.021118e+04
26.6 1.031749e+04 1.018654e+04 1.017644e+04 1.030739e+04
27.6 1.024787e+04 1.018394e+04 1.017668e+04 1.024061e+04
28.6 1.016012e+04 1.015844e+04 1.017680e+04 1.017849e+04
29.6 1.006388e+04 1.019334e+04 1.017686e+04 1.004740e+04
30.6 1.012325e+04 1.018931e+04 1.017688e+04 1.011082e+04
31.6 1.031279e+04 1.017712e+04 1.017689e+04 1.031256e+04
32.6 1.012516e+04 1.016988e+04 1.017690e+04 1.013218e+04
33.6 1.016865e+04 1.018381e+04 1.017690e+04 1.016174e+04
