0.1 7.644975e+03 7.669441e+03 7.672392e+03 7.647925e+03
1.1 7.693357e+03 7.694116e+03 7.672872e+03 7.672113e+03
2.1 7.673566e+03 7.674891e+03 7.677104e+03 7.675779e+03
3.1 7.698983e+03 7.684896e+03 7.683632e+03 7.697719e+03
4.1 7.625057e+03 7.697939e+03 7.688031e+03 7.615149e+03
5.1 7.680852e+03 7.685380e+03 7.689972e+03 7.685444e+03
6.1 7.693678e+03 7.680970e+03 7.690330e+03 7.703037e+03
7.1 7.736899e+03 7.707187e+03 7.689977e+03 7.719689e+03
8.1 7.720588e+03 7.679378e+03 7.689385e+03 7.730595e+03
9.1 7.689311e+03 7.685076e+03 7.688856e+03 7.693091e+03
10.1 7.697241e+03 7.695243e+03 7.688473e+03 7.690471e+03
11.1 7.676101e+03 7.697433e+03 7.688251e+03 7.666918e+03
12.1 7.649622e+03 7.694451e+03 7.688135e+03 7.643307e+03
13.1 7.659189e+03 7.695503e+03 7.688082e+03 7.651769e+03
14.1 7.639153e+03 7.675930e+03 7.688062e+03 7.651285e+03
15.1 7.728241e+03 7.688826e+03 7.688056e+03 7.727471e+03
16.1 7.745461e+03 7.694182e+03 7.688058e+03 7.739337e+03
17.1 7.703036e+03 7.686092e+03 7.688049e+03 7.704993e+03
18.1 7.750655e+03 7.696663e+03 7.686340e+03 7.740331e+03
19.1 7.686814e+03 7.681613e+03 7.680582e+03 7.685783e+03
20.1 7.687128e+03 7.663819e+03 7.674601e+03 7.697910e+03
21.1 7.673542e+03 7.669754e+03 7.671344e+03 7.675132e+03
22.1 7.660165e+03 7.677213e+03 7.670205e+03 7.653157e+03
23.1 7.665822e+03 7.675595e+03 7.670221e+03 7.660448e+03
24.1 7.685722e+03 7.681738e+03 7.670724e+03 7.674707e+03
25.1 7.664730e+03 7.694336e+03 7.671328e+03 7.641722e+03
26.1 7.686950e+03 7.663570e+03 7.671811e+03 7.695190e+03
27.1 7.653524e+03 7.706220e+03 7.672135e+03 7.619439e+03
28.1 7.669560e+03 7.613849e+03 7.672330e+03 7.728041e+03
29.1 7.636391e+03 7.652559e+03 7.672434e+03 7.656266e+03
30.1 7.630853e+03 7.630277e+03 7.672494e+03 7.673070e+03
31.1 7.650114e+03 7.716221e+03 7.672531e+03 7.606424e+03
32.1 7.695381e+03 7.787421e+03 7.672561e+03 7.580521e+03
33.1 7.637829e+03 7.664113e+03 7.672588e+03 7.646303e+03
