0.5 9.261509e+03 9.235830e+03 9.161068e+03 9.186747e+03
1.5 9.219952e+03 9.179956e+03 9.160397e+03 9.200393e+03
2.5 9.097783e+03 9.155866e+03 9.157513e+03 9.099430e+03
3.5 9.193264e+03 9.166654e+03 9.154439e+03 9.181048e+03
4.5 9.149014e+03 9.162442e+03 9.152641e+03 9.139214e+03
5.5 9.118159e+03 9.161882e+03 9.151977e+03 9.108254e+03
6.5 9.090629e+03 9.162733e+03 9.151963e+03 9.079859e+03
7.5 9.200909e+03 9.165389e+03 9.152226e+03 9.187746e+03
8.5 9.168610e+03 9.168436e+03 9.152541e+03 9.152715e+03
9.5 9.184476e+03 9.169405e+03 9.152805e+03 9.167876e+03
10.5 9.114006e+03 9.161544e+03 9.152990e+03 9.105452e+03
11.5 9.120468e+03 9.166143e+03 9.153097e+03 9.107423e+03
12.5 9.157674e+03 9.165212e+03 9.153159e+03 9.145620e+03
13.5 9.188858e+03 9.166212e+03 9.153192e+03 9.175838e+03
14.5 9.170562e+03 9.160189e+03 9.153212e+03 9.163586e+03
15.5 9.200428e+03 9.162237e+03 9.153227e+03 9.191418e+03
16.5 9.185345e+03 9.161579e+03 9.153238e+03 9.177004e+03
17.5 9.201174e+03 9.157751e+03 9.153331e+03 9.196753e+03
18.5 9.184430e+03 9.157553e+03 9.154942e+03 9.181819e+03
19.5 9.206948e+03 9.175043e+03 9.158213e+03 9.190119e+03
20.5 9.100286e+03 9.174947e+03 9.160914e+03 9.086253e+03
21.5 9.168522e+03 9.207991e+03 9.162192e+03 9.122723e+03
22.5 9.165930e+03 9.198398e+03 9.162551e+03 9.130082e+03
23.5 9.165224e+03 9.193727e+03 9.162439e+03 9.133935e+03
24.5 9.229689e+03 9.174140e+03 9.162160e+03 9.217710e+03
25.5 9.152552e+03 9.173409e+03 9.161870e+03 9.141014e+03
26.5 9.163046e+03 9.171753e+03 9.161659e+03 9.152952e+03
27.5 9.132164e+03 9.173060e+03 9.161524e+03 9.120629e+03
28.5 9.161898e+03 9.172381e+03 9.161454e+03 9.150971e+03
29.5 9.097862e+03 9.174576e+03 9.161420e+03 9.084707e+03
30.5 9.174762e+03 9.172742e+03 9.161404e+03 9.163424e+03
31.5 9.104179e+03 9.171522e+03 9.161396e+03 9.094053e+03
32.5 9.116494e+03 9.171572e+03 9.161391e+03 9.106313e+03
33.5 9.172119e+03 9.171822e+03 9.161387e+03 9.161684e+03
0.5 9.130407e+03 9.154495e+03 9.161296e+03 9.137208e+03
1.5 9.086172e+03 9.154208e+03 9.160449e+03 9.092413e+03
2.5 9.143417e+03 9.176028e+03 9.157501e+03 9.124890e+03
3.5 9.106257e+03 9.157704e+03 9.154377e+03 9.102930e+03
4.5 9.081042e+03 9.157070e+03 9.152647e+03 9.076619e+03
5.5 9.149619e+03 9.158844e+03 9.152019e+03 9.142794e+03
6.5 9.124294e+03 9.155324e+03 9.151996e+03 9.120967e+03
7.5 9.139213e+03 9.155004e+03 9.152229e+03 9.136437e+03
8.5 9.051155e+03 9.157439e+03 9.152517e+03 9.046234e+03
9.5 9.151521e+03 9.155498e+03 9.152742e+03 9.148765e+03
10.5 9.178067e+03 9.154667e+03 9.152885e+03 9.176285e+03
11.5 9.195531e+03 9.153418e+03 9.152959e+03 9.195072e+03
12.5 9.207312e+03 9.152940e+03 9.152985e+03 9.207357e+03
13.5 9.157916e+03 9.153463e+03 9.152986e+03 9.157439e+03
14.5 9.170403e+03 9.152796e+03 9.152975e+03 9.170582e+03
15.5 9.227273e+03 9.154724e+03 9.152958e+03 9.225507e+03
16.5 9.153559e+03 9.161859e+03 9.152939e+03 9.144638e+03
17.5 9.172555e+03 9.155576e+03 9.153026e+03 9.170005e+03
18.5 9.127477e+03 9.140186e+03 9.154799e+03 9.142089e+03
19.5 9.151892e+03 9.174034e+03 9.158066e+03 9.135923e+03
20.5 9.179871e+03 9.157781e+03 9.160590e+03 9.182680e+03
21.5 9.142885e+03 9.177010e+03 9.161797e+03 9.127672e+03
22.5 9.244981e+03 9.171915e+03 9.162079e+03 9.235145e+03
23.5 9.188235e+03 9.159959e+03 9.161919e+03 9.190196e+03
24.5 9.267960e+03 9.204278e+03 9.161608e+03 9.225290e+03
25.5 9.182943e+03 9.153587e+03 9.161302e+03 9.190659e+03
26.5 9.187068e+03 9.159838e+03 9.161064e+03 9.188295e+03
27.5 9.103631e+03 9.159454e+03 9.160912e+03 9.105089e+03
28.5 9.107409e+03 9.157930e+03 9.160817e+03 9.110296e+03
29.5 9.163992e+03 9.156845e+03 9.160760e+03 9.167907e+03
30.5 9.149544e+03 9.161162e+03 9.160720e+03 9.149102e+03
31.5 9.209753e+03 9.157404e+03 9.160689e+03 9.213038e+03
32.5 9.140626e+03 9.158409e+03 9.160660e+03 9.142878e+03
33.5 9.131799e+03 9.159278e+03 9.160633e+03 9.133154e+03
