0.8 1.000159e+04 9.985011e+03 1.000629e+04 1.002287e+04
1.8 9.987690e+03 9.987328e+03 1.000571e+04 1.000608e+04
2.8 1.001180e+04 9.990590e+03 1.000432e+04 1.002553e+04
3.8 1.002067e+04 9.993431e+03 1.000316e+04 1.003039e+04
4.8 1.003818e+04 9.994386e+03 1.000257e+04 1.004636e+04
5.8 1.001373e+04 9.992659e+03 1.000239e+04 1.002346e+04
6.8 1.003280e+04 9.994411e+03 1.000243e+04 1.004082e+04
7.8 1.002710e+04 9.994579e+03 1.000255e+04 1.003508e+04
8.8 1.002240e+04 9.997086e+03 1.000268e+04 1.002799e+04
9.8 9.993100e+03 9.998614e+03 1.000277e+04 9.997258e+03
10.8 9.985284e+03 9.997105e+03 1.000284e+04 9.991015e+03
11.8 1.001497e+04 9.998245e+03 1.000287e+04 1.001959e+04
12.8 9.975053e+03 9.998684e+03 1.000289e+04 9.979255e+03
13.8 9.930407e+03 9.995994e+03 1.000289e+04 9.937307e+03
14.8 1.001179e+04 9.992948e+03 1.000290e+04 1.002174e+04
15.8 9.907383e+03 9.996651e+03 1.000290e+04 9.913631e+03
16.8 9.933110e+03 9.997376e+03 1.000290e+04 9.938634e+03
17.8 9.955076e+03 9.999927e+03 1.000304e+04 9.958189e+03
18.8 1.000971e+04 1.000855e+04 1.000404e+04 1.000520e+04
19.8 9.964148e+03 1.000483e+04 1.000543e+04 9.964753e+03
20.8 1.000698e+04 1.001277e+04 1.000638e+04 1.000059e+04
21.8 9.962611e+03 1.000202e+04 1.000677e+04 9.967366e+03
22.8 1.003938e+04 1.000580e+04 1.000684e+04 1.004041e+04
23.8 9.917950e+03 1.002803e+04 1.000675e+04 9.896667e+03
24.8 9.963760e+03 1.000524e+04 1.000662e+04 9.965146e+03
25.8 1.006483e+04 1.001752e+04 1.000650e+04 1.005381e+04
26.8 1.004911e+04 1.003299e+04 1.000642e+04 1.002254e+04
27.8 1.009416e+04 1.001961e+04 1.000637e+04 1.008091e+04
28.8 1.001860e+04 1.002291e+04 1.000634e+04 1.000203e+04
29.8 9.992899e+03 1.004603e+04 1.000633e+04 9.953200e+03
30.8 1.015524e+04 1.003994e+04 1.000632e+04 1.012162e+04
31.8 1.001673e+04 1.002473e+04 1.000631e+04 9.998303e+03
32.8 1.004941e+04 1.004379e+04 1.000630e+04 1.001192e+04
33.8 1.002617e+04 1.003356e+04 1.000630e+04 9.998914e+03
