0.8 4.326571e+03 4.311104e+03 4.299071e+03 4.314538e+03
1.8 4.350773e+03 4.317314e+03 4.305229e+03 4.338687e+03
2.8 4.379394e+03 4.331577e+03 4.320077e+03 4.367893e+03
3.8 4.355037e+03 4.324169e+03 4.332454e+03 4.363323e+03
4.8 4.332832e+03 4.348795e+03 4.338727e+03 4.322764e+03
5.8 4.298461e+03 4.311454e+03 4.340613e+03 4.327620e+03
6.8 4.332782e+03 4.327149e+03 4.340194e+03 4.345827e+03
7.8 4.311244e+03 4.316190e+03 4.338887e+03 4.333941e+03
8.8 4.384211e+03 4.352135e+03 4.337553e+03 4.369628e+03
9.8 4.344602e+03 4.383181e+03 4.336525e+03 4.297946e+03
10.8 4.383761e+03 4.327673e+03 4.335858e+03 4.391946e+03
11.8 4.336540e+03 4.352154e+03 4.335500e+03 4.319887e+03
12.8 4.269240e+03 4.353582e+03 4.335319e+03 4.250977e+03
13.8 4.164070e+03 4.229971e+03 4.335237e+03 4.269336e+03
14.8 4.125626e+03 4.088842e+03 4.335201e+03 4.371985e+03
15.8 4.275252e+03 4.219678e+03 4.335186e+03 4.390759e+03
16.8 4.088015e+03 4.230708e+03 4.335181e+03 4.192488e+03
17.8 4.295347e+03 4.272422e+03 4.333678e+03 4.356603e+03
18.8 4.146235e+03 4.257589e+03 4.323045e+03 4.211691e+03
19.8 4.388169e+03 4.304494e+03 4.308237e+03 4.391912e+03
20.8 4.356064e+03 4.280383e+03 4.298116e+03 4.373796e+03
21.8 4.257530e+03 4.302170e+03 4.293994e+03 4.249354e+03
22.8 4.054760e+03 4.294974e+03 4.293291e+03 4.053077e+03
23.8 4.206950e+03 4.251644e+03 4.294194e+03 4.249500e+03
24.8 4.104871e+03 4.307069e+03 4.295564e+03 4.093366e+03
25.8 4.535634e+03 4.297651e+03 4.296831e+03 4.534815e+03
26.8 4.379962e+03 4.354064e+03 4.297709e+03 4.323607e+03
27.8 4.147335e+03 4.267520e+03 4.298256e+03 4.178071e+03
28.8 4.151753e+03 4.277075e+03 4.298551e+03 4.173229e+03
29.8 4.220696e+03 4.343398e+03 4.298714e+03 4.176013e+03
30.8 4.285644e+03 4.326971e+03 4.298814e+03 4.257487e+03
31.8 4.285325e+03 4.278247e+03 4.298886e+03 4.305964e+03
32.8 4.230793e+03 4.344486e+03 4.298951e+03 4.185258e+03
33.8 4.276646e+03 4.307241e+03 4.299014e+03 4.268420e+03
