0.8 1.271173e+04 1.268303e+04 1.266096e+04 1.268965e+04
1.8 1.265260e+04 1.267987e+04 1.265847e+04 1.263120e+04
2.8 1.262530e+04 1.267115e+04 1.265246e+04 1.260662e+04
3.8 1.263773e+04 1.264166e+04 1.264746e+04 1.264352e+04
4.8 1.265845e+04 1.265993e+04 1.264492e+04 1.264344e+04
5.8 1.266800e+04 1.261590e+04 1.264416e+04 1.269626e+04
6.8 1.264412e+04 1.263372e+04 1.264433e+04 1.265472e+04
7.8 1.262083e+04 1.262333e+04 1.264485e+04 1.264235e+04
8.8 1.267923e+04 1.266570e+04 1.264539e+04 1.265893e+04
9.8 1.269557e+04 1.270278e+04 1.264581e+04 1.263860e+04
10.8 1.263042e+04 1.264059e+04 1.264608e+04 1.263590e+04
11.8 1.263327e+04 1.266924e+04 1.264622e+04 1.261025e+04
12.8 1.270754e+04 1.267121e+04 1.264630e+04 1.268263e+04
13.8 1.246652e+04 1.252920e+04 1.264633e+04 1.258365e+04
14.8 1.236706e+04 1.236689e+04 1.264635e+04 1.264652e+04
15.8 1.254677e+04 1.251744e+04 1.264635e+04 1.267568e+04
16.8 1.257429e+04 1.253016e+04 1.264635e+04 1.269049e+04
17.8 1.257600e+04 1.257963e+04 1.264696e+04 1.264333e+04
18.8 1.257698e+04 1.257189e+04 1.265126e+04 1.265635e+04
19.8 1.267181e+04 1.265600e+04 1.265725e+04 1.267306e+04
20.8 1.265591e+04 1.263721e+04 1.266134e+04 1.268004e+04
21.8 1.274264e+04 1.268096e+04 1.266301e+04 1.272469e+04
22.8 1.271414e+04 1.267045e+04 1.266329e+04 1.270699e+04
23.8 1.261064e+04 1.259639e+04 1.266293e+04 1.267718e+04
24.8 1.270397e+04 1.268369e+04 1.266237e+04 1.268265e+04
25.8 1.267092e+04 1.265931e+04 1.266186e+04 1.267347e+04
26.8 1.276214e+04 1.273760e+04 1.266151e+04 1.268604e+04
27.8 1.267279e+04 1.260153e+04 1.266129e+04 1.273254e+04
28.8 1.262865e+04 1.261438e+04 1.266117e+04 1.267544e+04
29.8 1.274894e+04 1.271302e+04 1.266110e+04 1.269702e+04
30.8 1.267516e+04 1.268895e+04 1.266106e+04 1.264727e+04
31.8 1.258866e+04 1.261664e+04 1.266103e+04 1.263305e+04
32.8 1.274300e+04 1.271626e+04 1.266100e+04 1.268775e+04
33.8 1.264609e+04 1.266069e+04 1.266098e+04 1.264638e+04
