0.2 1.440548e+03 1.455259e+03 1.460135e+03 1.445424e+03
1.2 1.446594e+03 1.457524e+03 1.459847e+03 1.448918e+03
2.2 1.472445e+03 1.458911e+03 1.457882e+03 1.471416e+03
3.2 1.462964e+03 1.458036e+03 1.455209e+03 1.460138e+03
4.2 1.463124e+03 1.454820e+03 1.453408e+03 1.461713e+03
5.2 1.463464e+03 1.460455e+03 1.452686e+03 1.455694e+03
6.2 1.482963e+03 1.455283e+03 1.452573e+03 1.480253e+03
7.2 1.471709e+03 1.456503e+03 1.452744e+03 1.467950e+03
8.2 1.464495e+03 1.447996e+03 1.452995e+03 1.469494e+03
9.2 1.432357e+03 1.453239e+03 1.453225e+03 1.432343e+03
10.2 1.432327e+03 1.462346e+03 1.453383e+03 1.423365e+03
11.2 1.457550e+03 1.464593e+03 1.453480e+03 1.446437e+03
12.2 1.444082e+03 1.455163e+03 1.453532e+03 1.442451e+03
13.2 1.433610e+03 1.455223e+03 1.453558e+03 1.431945e+03
14.2 1.461347e+03 1.454040e+03 1.453572e+03 1.460879e+03
15.2 1.450927e+03 1.455487e+03 1.453581e+03 1.449021e+03
16.2 1.458608e+03 1.458515e+03 1.453587e+03 1.453680e+03
17.2 1.482580e+03 1.455222e+03 1.453606e+03 1.480963e+03
18.2 1.461549e+03 1.453621e+03 1.454462e+03 1.462389e+03
19.2 1.429863e+03 1.458868e+03 1.457054e+03 1.428049e+03
20.2 1.448518e+03 1.460076e+03 1.459458e+03 1.447900e+03
21.2 1.476134e+03 1.460958e+03 1.460783e+03 1.475960e+03
22.2 1.458980e+03 1.461988e+03 1.461209e+03 1.458201e+03
23.2 1.461459e+03 1.465782e+03 1.461183e+03 1.456860e+03
24.2 1.455156e+03 1.464877e+03 1.460967e+03 1.451246e+03
25.2 1.465186e+03 1.456100e+03 1.460728e+03 1.469814e+03
26.2 1.451245e+03 1.457870e+03 1.460535e+03 1.453911e+03
27.2 1.459037e+03 1.455904e+03 1.460415e+03 1.463548e+03
28.2 1.439412e+03 1.452656e+03 1.460349e+03 1.447105e+03
29.2 1.432304e+03 1.456358e+03 1.460318e+03 1.436264e+03
30.2 1.437504e+03 1.456881e+03 1.460306e+03 1.440929e+03
31.2 1.466888e+03 1.455215e+03 1.460303e+03 1.471976e+03
32.2 1.455208e+03 1.456958e+03 1.460303e+03 1.458553e+03
33.2 1.446291e+03 1.457630e+03 1.460305e+03 1.448967e+03
0.6 1.427664e+03 1.469068e+03 1.460581e+03 1.419177e+03
1.6 1.433079e+03 1.461218e+03 1.459904e+03 1.431766e+03
2.6 1.474807e+03 1.460200e+03 1.457429e+03 1.472037e+03
3.6 1.462165e+03 1.464218e+03 1.454951e+03 1.452898e+03
4.6 1.426941e+03 1.450233e+03 1.453526e+03 1.430234e+03
5.6 1.428465e+03 1.450897e+03 1.453046e+03 1.430615e+03
6.6 1.443980e+03 1.464234e+03 1.453052e+03 1.432798e+03
7.6 1.460352e+03 1.460997e+03 1.453270e+03 1.452624e+03
8.6 1.469477e+03 1.452174e+03 1.453521e+03 1.470824e+03
9.6 1.474486e+03 1.464176e+03 1.453732e+03 1.464042e+03
10.6 1.472430e+03 1.457843e+03 1.453869e+03 1.468455e+03
11.6 1.494507e+03 1.455150e+03 1.453949e+03 1.493306e+03
12.6 1.450358e+03 1.458702e+03 1.453993e+03 1.445648e+03
13.6 1.503387e+03 1.468922e+03 1.454015e+03 1.488481e+03
14.6 1.454178e+03 1.466195e+03 1.454029e+03 1.442012e+03
15.6 1.460872e+03 1.470251e+03 1.454037e+03 1.444658e+03
16.6 1.439505e+03 1.454396e+03 1.454044e+03 1.439153e+03
17.6 1.438018e+03 1.460338e+03 1.454150e+03 1.431830e+03
18.6 1.431723e+03 1.457570e+03 1.455618e+03 1.429772e+03
19.6 1.452881e+03 1.462012e+03 1.458392e+03 1.449261e+03
20.6 1.472237e+03 1.460667e+03 1.460462e+03 1.472032e+03
21.6 1.464598e+03 1.460476e+03 1.461440e+03 1.465561e+03
22.6 1.472621e+03 1.458512e+03 1.461694e+03 1.475804e+03
23.6 1.435557e+03 1.466214e+03 1.461586e+03 1.430929e+03
24.6 1.465640e+03 1.448649e+03 1.461347e+03 1.478338e+03
25.6 1.478948e+03 1.506226e+03 1.461119e+03 1.433842e+03
26.6 1.455758e+03 1.470853e+03 1.460951e+03 1.445856e+03
27.6 1.487618e+03 1.465748e+03 1.460846e+03 1.482717e+03
28.6 1.402797e+03 1.423004e+03 1.460793e+03 1.440585e+03
29.6 1.466818e+03 1.479927e+03 1.460767e+03 1.447657e+03
30.6 1.431434e+03 1.472864e+03 1.460756e+03 1.419326e+03
31.6 1.423960e+03 1.453104e+03 1.460752e+03 1.431608e+03
32.6 1.426338e+03 1.441470e+03 1.460749e+03 1.445617e+03
33.6 1.462489e+03 1.463200e+03 1.460747e+03 1.460036e+03
