0.6 9.319153e+03 9.329431e+03 9.327981e+03 9.317703e+03
1.6 9.341104e+03 9.326318e+03 9.329237e+03 9.344024e+03
2.6 9.310582e+03 9.336405e+03 9.331939e+03 9.306116e+03
3.6 9.350196e+03 9.340519e+03 9.331834e+03 9.341511e+03
4.6 9.391176e+03 9.403094e+03 9.330142e+03 9.318223e+03
5.6 9.287752e+03 9.302549e+03 9.328778e+03 9.313981e+03
6.6 9.380299e+03 9.362229e+03 9.328086e+03 9.346156e+03
7.6 9.373612e+03 9.322264e+03 9.327810e+03 9.379158e+03
8.6 9.304339e+03 9.312058e+03 9.327779e+03 9.320060e+03
9.6 9.342541e+03 9.315313e+03 9.327870e+03 9.355098e+03
10.6 9.319906e+03 9.318904e+03 9.327991e+03 9.328994e+03
11.6 9.294146e+03 9.323571e+03 9.328089e+03 9.298663e+03
12.6 9.310248e+03 9.330747e+03 9.328155e+03 9.307656e+03
13.6 9.328979e+03 9.333704e+03 9.328194e+03 9.323470e+03
14.6 9.315716e+03 9.313123e+03 9.328216e+03 9.330809e+03
15.6 9.322195e+03 9.314028e+03 9.328228e+03 9.336395e+03
16.6 9.328740e+03 9.322248e+03 9.328236e+03 9.334728e+03
17.6 9.314002e+03 9.325164e+03 9.328241e+03 9.317079e+03
1.0 9.352059e+03 9.331129e+03 9.327992e+03 9.348922e+03
2.0 9.351851e+03 9.334292e+03 9.330332e+03 9.347891e+03
3.0 9.319635e+03 9.335487e+03 9.332467e+03 9.316614e+03
4.0 9.315873e+03 9.335537e+03 9.331335e+03 9.311671e+03
5.0 9.330073e+03 9.328244e+03 9.329387e+03 9.331216e+03
6.0 9.324832e+03 9.310422e+03 9.328136e+03 9.342546e+03
7.0 9.349697e+03 9.359871e+03 9.327632e+03 9.317458e+03
8.0 9.339465e+03 9.342294e+03 9.329605e+03 9.326776e+03
9.0 9.333646e+03 9.343138e+03 9.331722e+03 9.322229e+03
10.0 9.372753e+03 9.341792e+03 9.330804e+03 9.361765e+03
11.0 9.319584e+03 9.324869e+03 9.329094e+03 9.323809e+03
12.0 9.344588e+03 9.321447e+03 9.327957e+03 9.351098e+03
13.0 9.325431e+03 9.321046e+03 9.327385e+03 9.331770e+03
14.0 9.318817e+03 9.313956e+03 9.327185e+03 9.332047e+03
15.0 9.321982e+03 9.312687e+03 9.327188e+03 9.336483e+03
16.0 9.332686e+03 9.313203e+03 9.327277e+03 9.346760e+03
17.0 9.338199e+03 9.335273e+03 9.327374e+03 9.330301e+03
18.0 9.317929e+03 9.342166e+03 9.327446e+03 9.303209e+03
0.9 9.349697e+03 9.359871e+03 9.327632e+03 9.317458e+03
1.9 9.339465e+03 9.342294e+03 9.329605e+03 9.326776e+03
2.9 9.333646e+03 9.343138e+03 9.331722e+03 9.322229e+03
3.9 9.372753e+03 9.341792e+03 9.330804e+03 9.361765e+03
4.9 9.319584e+03 9.324869e+03 9.329094e+03 9.323809e+03
5.9 9.344588e+03 9.321447e+03 9.327957e+03 9.351098e+03
6.9 9.325431e+03 9.321046e+03 9.327385e+03 9.331770e+03
7.9 9.318817e+03 9.313956e+03 9.327185e+03 9.332047e+03
8.9 9.321982e+03 9.312687e+03 9.327188e+03 9.336483e+03
9.9 9.332686e+03 9.313203e+03 9.327277e+03 9.346760e+03
10.9 9.338199e+03 9.335273e+03 9.327374e+03 9.330301e+03
11.9 9.317929e+03 9.342166e+03 9.327446e+03 9.303209e+03
12.9 9.301805e+03 9.331545e+03 9.327483e+03 9.297742e+03
13.9 9.322855e+03 9.332956e+03 9.327498e+03 9.317397e+03
14.9 9.320657e+03 9.327901e+03 9.327499e+03 9.320256e+03
15.9 9.361746e+03 9.341017e+03 9.327928e+03 9.348657e+03
16.9 9.341937e+03 9.341943e+03 9.330941e+03 9.330934e+03
17.9 9.332041e+03 9.341002e+03 9.332479e+03 9.323518e+03
0.2 9.320657e+03 9.327901e+03 9.327499e+03 9.320256e+03
1.2 9.361746e+03 9.341017e+03 9.327928e+03 9.348657e+03
2.2 9.341937e+03 9.341943e+03 9.330941e+03 9.330934e+03
3.2 9.332041e+03 9.341002e+03 9.332479e+03 9.323518e+03
4.2 9.303114e+03 9.329049e+03 9.330866e+03 9.304932e+03
5.2 9.316688e+03 9.322560e+03 9.328949e+03 9.323076e+03
6.2 9.284408e+03 9.319304e+03 9.329162e+03 9.294266e+03
7.2 9.333144e+03 9.329618e+03 9.332274e+03 9.335799e+03
8.2 9.324501e+03 9.336940e+03 9.332527e+03 9.320088e+03
9.2 9.310579e+03 9.334735e+03 9.330263e+03 9.306108e+03
10.2 9.330200e+03 9.332883e+03 9.328358e+03 9.325675e+03
11.2 9.346541e+03 9.335535e+03 9.327344e+03 9.338350e+03
12.2 9.287782e+03 9.328972e+03 9.326931e+03 9.285742e+03
13.2 9.308444e+03 9.327704e+03 9.326875e+03 9.307616e+03
14.2 9.303148e+03 9.309394e+03 9.326993e+03 9.320747e+03
15.2 9.319619e+03 9.316159e+03 9.327152e+03 9.330612e+03
16.2 9.323757e+03 9.326481e+03 9.327286e+03 9.324562e+03
17.2 9.344613e+03 9.324065e+03 9.327377e+03 9.347925e+03
0.6 9.316688e+03 9.322560e+03 9.328949e+03 9.323076e+03
1.6 9.284408e+03 9.319304e+03 9.329162e+03 9.294266e+03
2.6 9.333144e+03 9.329618e+03 9.332274e+03 9.335799e+03
3.6 9.324501e+03 9.336940e+03 9.332527e+03 9.320088e+03
4.6 9.310579e+03 9.334735e+03 9.330263e+03 9.306108e+03
5.6 9.330200e+03 9.332883e+03 9.328358e+03 9.325675e+03
6.6 9.346541e+03 9.335535e+03 9.327344e+03 9.338350e+03
7.6 9.287782e+03 9.328972e+03 9.326931e+03 9.285742e+03
8.6 9.308444e+03 9.327704e+03 9.326875e+03 9.307616e+03
9.6 9.303148e+03 9.309394e+03 9.326993e+03 9.320747e+03
10.6 9.319619e+03 9.316159e+03 9.327152e+03 9.330612e+03
11.6 9.323757e+03 9.326481e+03 9.327286e+03 9.324562e+03
12.6 9.344613e+03 9.324065e+03 9.327377e+03 9.347925e+03
13.6 9.319552e+03 9.326643e+03 9.327427e+03 9.320336e+03
14.6 9.316820e+03 9.330979e+03 9.327751e+03 9.313593e+03
15.6 9.310073e+03 9.335511e+03 9.330646e+03 9.305208e+03
16.6 9.349905e+03 9.341129e+03 9.333401e+03 9.342178e+03
17.6 9.350954e+03 9.332494e+03 9.332170e+03 9.350630e+03
0.1 9.319552e+03 9.326643e+03 9.327427e+03 9.320336e+03
1.1 9.316820e+03 9.330979e+03 9.327751e+03 9.313593e+03
2.1 9.310073e+03 9.335511e+03 9.330646e+03 9.305208e+03
3.1 9.349905e+03 9.341129e+03 9.333401e+03 9.342178e+03
4.1 9.350954e+03 9.332494e+03 9.332170e+03 9.350630e+03
5.1 9.323964e+03 9.331718e+03 9.329764e+03 9.322010e+03
6.1 9.326607e+03 9.319718e+03 9.328095e+03 9.334984e+03
7.1 9.332452e+03 9.326887e+03 9.328375e+03 9.333939e+03
8.1 9.329996e+03 9.338548e+03 9.330584e+03 9.322032e+03
9.1 9.344406e+03 9.331914e+03 9.330499e+03 9.342991e+03
10.1 9.334179e+03 9.346235e+03 9.329057e+03 9.317000e+03
11.1 9.326121e+03 9.333718e+03 9.327935e+03 9.320338e+03
12.1 9.347656e+03 9.340325e+03 9.327395e+03 9.334726e+03
13.1 9.319435e+03 9.332697e+03 9.327198e+03 9.313935e+03
14.1 9.367504e+03 9.333111e+03 9.327202e+03 9.361595e+03
15.1 9.357000e+03 9.340061e+03 9.328237e+03 9.345176e+03
16.1 9.378491e+03 9.334738e+03 9.330612e+03 9.374365e+03
17.1 9.360734e+03 9.338941e+03 9.330576e+03 9.352369e+03
0.5 9.326607e+03 9.319718e+03 9.328095e+03 9.334984e+03
1.5 9.332452e+03 9.326887e+03 9.328375e+03 9.333939e+03
2.5 9.329996e+03 9.338548e+03 9.330584e+03 9.322032e+03
3.5 9.344406e+03 9.331914e+03 9.330499e+03 9.342991e+03
4.5 9.334179e+03 9.346235e+03 9.329057e+03 9.317000e+03
5.5 9.326121e+03 9.333718e+03 9.327935e+03 9.320338e+03
6.5 9.347656e+03 9.340325e+03 9.327395e+03 9.334726e+03
7.5 9.319435e+03 9.332697e+03 9.327198e+03 9.313935e+03
8.5 9.367504e+03 9.333111e+03 9.327202e+03 9.361595e+03
9.5 9.357000e+03 9.340061e+03 9.328237e+03 9.345176e+03
10.5 9.378491e+03 9.334738e+03 9.330612e+03 9.374365e+03
11.5 9.360734e+03 9.338941e+03 9.330576e+03 9.352369e+03
12.5 9.370758e+03 9.341941e+03 9.329236e+03 9.358053e+03
13.5 9.335223e+03 9.334425e+03 9.328147e+03 9.328945e+03
14.5 9.315487e+03 9.316940e+03 9.327592e+03 9.326139e+03
15.5 9.298700e+03 9.291665e+03 9.327365e+03 9.334400e+03
16.5 9.317002e+03 9.305782e+03 9.327341e+03 9.338561e+03
17.5 9.306836e+03 9.319154e+03 9.327413e+03 9.315095e+03
0.5 9.367504e+03 9.333111e+03 9.327202e+03 9.361595e+03
1.5 9.357000e+03 9.340061e+03 9.328237e+03 9.345176e+03
2.5 9.378491e+03 9.334738e+03 9.330612e+03 9.374365e+03
3.5 9.360734e+03 9.338941e+03 9.330576e+03 9.352369e+03
4.5 9.370758e+03 9.341941e+03 9.329236e+03 9.358053e+03
5.5 9.335223e+03 9.334425e+03 9.328147e+03 9.328945e+03
6.5 9.315487e+03 9.316940e+03 9.327592e+03 9.326139e+03
7.5 9.298700e+03 9.291665e+03 9.327365e+03 9.334400e+03
8.5 9.317002e+03 9.305782e+03 9.327341e+03 9.338561e+03
9.5 9.306836e+03 9.319154e+03 9.327413e+03 9.315095e+03
10.5 9.324752e+03 9.316409e+03 9.327510e+03 9.335852e+03
11.5 9.340581e+03 9.326097e+03 9.327589e+03 9.342073e+03
12.5 9.314138e+03 9.320578e+03 9.327643e+03 9.321203e+03
13.5 9.335174e+03 9.330422e+03 9.327675e+03 9.332427e+03
14.5 9.353388e+03 9.331135e+03 9.327695e+03 9.349948e+03
15.5 9.342762e+03 9.330715e+03 9.327708e+03 9.339755e+03
16.5 9.318780e+03 9.328743e+03 9.327718e+03 9.317755e+03
17.5 9.325816e+03 9.339346e+03 9.327727e+03 9.314197e+03
1.0 9.336466e+03 9.332337e+03 9.328007e+03 9.332136e+03
2.0 9.324654e+03 9.342443e+03 9.330437e+03 9.312648e+03
3.0 9.356775e+03 9.340808e+03 9.332520e+03 9.348487e+03
4.0 9.350844e+03 9.337521e+03 9.331362e+03 9.344685e+03
5.0 9.344035e+03 9.329335e+03 9.329449e+03 9.344149e+03
6.0 9.319259e+03 9.327015e+03 9.328267e+03 9.320511e+03
7.0 9.325695e+03 9.325434e+03 9.329128e+03 9.329389e+03
8.0 9.345764e+03 9.332343e+03 9.331773e+03 9.345194e+03
9.0 9.341860e+03 9.335453e+03 9.331515e+03 9.337922e+03
10.0 9.350948e+03 9.332067e+03 9.329728e+03 9.348609e+03
11.0 9.321949e+03 9.331927e+03 9.328420e+03 9.318441e+03
12.0 9.304793e+03 9.339918e+03 9.327759e+03 9.292634e+03
13.0 9.334058e+03 9.335112e+03 9.327508e+03 9.326454e+03
14.0 9.288945e+03 9.327352e+03 9.327503e+03 9.289096e+03
15.0 9.322173e+03 9.329994e+03 9.327612e+03 9.319791e+03
16.0 9.353014e+03 9.335416e+03 9.327742e+03 9.345339e+03
17.0 9.335884e+03 9.310321e+03 9.327847e+03 9.353409e+03
18.0 9.296960e+03 9.308540e+03 9.327919e+03 9.316339e+03
0.7 9.319259e+03 9.327015e+03 9.328267e+03 9.320511e+03
1.7 9.325695e+03 9.325434e+03 9.329128e+03 9.329389e+03
2.7 9.345764e+03 9.332343e+03 9.331773e+03 9.345194e+03
3.7 9.341860e+03 9.335453e+03 9.331515e+03 9.337922e+03
4.7 9.350948e+03 9.332067e+03 9.329728e+03 9.348609e+03
5.7 9.321949e+03 9.331927e+03 9.328420e+03 9.318441e+03
6.7 9.304793e+03 9.339918e+03 9.327759e+03 9.292634e+03
7.7 9.334058e+03 9.335112e+03 9.327508e+03 9.326454e+03
8.7 9.288945e+03 9.327352e+03 9.327503e+03 9.289096e+03
9.7 9.322173e+03 9.329994e+03 9.327612e+03 9.319791e+03
10.7 9.353014e+03 9.335416e+03 9.327742e+03 9.345339e+03
11.7 9.335884e+03 9.310321e+03 9.327847e+03 9.353409e+03
12.7 9.296960e+03 9.308540e+03 9.327919e+03 9.316339e+03
13.7 9.309054e+03 9.311527e+03 9.328081e+03 9.325607e+03
14.7 9.309712e+03 9.330253e+03 9.330370e+03 9.309829e+03
15.7 9.347450e+03 9.339797e+03 9.332765e+03 9.340418e+03
16.7 9.332646e+03 9.338435e+03 9.331855e+03 9.326067e+03
17.7 9.320890e+03 9.333621e+03 9.329873e+03 9.317141e+03
0.9 9.309054e+03 9.311527e+03 9.328081e+03 9.325607e+03
1.9 9.309712e+03 9.330253e+03 9.330370e+03 9.309829e+03
2.9 9.347450e+03 9.339797e+03 9.332765e+03 9.340418e+03
3.9 9.332646e+03 9.338435e+03 9.331855e+03 9.326067e+03
4.9 9.320890e+03 9.333621e+03 9.329873e+03 9.317141e+03
5.9 9.340576e+03 9.336316e+03 9.328557e+03 9.332817e+03
6.9 9.340701e+03 9.331109e+03 9.327894e+03 9.337486e+03
7.9 9.338365e+03 9.329379e+03 9.327669e+03 9.336655e+03
8.9 9.333156e+03 9.326322e+03 9.327680e+03 9.334514e+03
9.9 9.319590e+03 9.328964e+03 9.327799e+03 9.318426e+03
10.9 9.354003e+03 9.334493e+03 9.327931e+03 9.347441e+03
11.9 9.381384e+03 9.343205e+03 9.328036e+03 9.366215e+03
12.9 9.351013e+03 9.342206e+03 9.328104e+03 9.336910e+03
13.9 9.337151e+03 9.326867e+03 9.328146e+03 9.338430e+03
14.9 9.332132e+03 9.328645e+03 9.328174e+03 9.331661e+03
15.9 9.309138e+03 9.327376e+03 9.328194e+03 9.309956e+03
16.9 9.326771e+03 9.328539e+03 9.328211e+03 9.326444e+03
17.9 9.301062e+03 9.323536e+03 9.328227e+03 9.305754e+03
