0.1 9.328740e+03 9.322248e+03 9.328871e+03 9.335364e+03
1.1 9.314002e+03 9.325164e+03 9.328504e+03 9.317342e+03
2.1 9.284279e+03 9.297089e+03 9.326298e+03 9.313489e+03
3.1 9.317217e+03 9.331634e+03 9.325808e+03 9.311391e+03
4.1 9.319398e+03 9.318796e+03 9.327055e+03 9.327657e+03
5.1 9.346168e+03 9.326422e+03 9.328203e+03 9.347949e+03
6.1 9.356258e+03 9.327167e+03 9.328853e+03 9.357944e+03
7.1 9.331491e+03 9.332029e+03 9.329150e+03 9.328612e+03
8.1 9.354299e+03 9.328491e+03 9.329227e+03 9.355034e+03
9.1 9.318242e+03 9.327273e+03 9.329190e+03 9.320159e+03
10.1 9.310084e+03 9.328445e+03 9.329117e+03 9.310756e+03
11.1 9.294239e+03 9.324460e+03 9.329053e+03 9.298832e+03
12.1 9.296163e+03 9.321278e+03 9.329010e+03 9.303895e+03
13.1 9.319269e+03 9.336187e+03 9.328989e+03 9.312070e+03
14.1 9.388546e+03 9.330068e+03 9.328980e+03 9.387457e+03
15.1 9.352796e+03 9.331622e+03 9.328978e+03 9.350152e+03
16.1 9.367452e+03 9.328530e+03 9.328979e+03 9.367901e+03
17.1 9.340182e+03 9.325637e+03 9.328982e+03 9.343526e+03
0.3 9.302228e+03 9.320449e+03 9.328983e+03 9.310761e+03
1.3 9.275183e+03 9.313695e+03 9.328217e+03 9.289705e+03
2.3 9.319387e+03 9.322660e+03 9.326074e+03 9.322801e+03
3.3 9.327706e+03 9.319364e+03 9.326071e+03 9.334413e+03
4.3 9.301568e+03 9.320575e+03 9.327400e+03 9.308393e+03
5.3 9.300523e+03 9.326285e+03 9.328441e+03 9.302679e+03
6.3 9.360643e+03 9.331132e+03 9.329006e+03 9.358517e+03
7.3 9.318682e+03 9.334461e+03 9.329234e+03 9.313454e+03
8.3 9.322056e+03 9.332026e+03 9.329273e+03 9.319303e+03
9.3 9.333996e+03 9.336802e+03 9.329215e+03 9.326410e+03
10.3 9.337689e+03 9.336897e+03 9.329134e+03 9.329926e+03
11.3 9.315447e+03 9.312418e+03 9.329065e+03 9.332094e+03
12.3 9.306489e+03 9.311131e+03 9.328844e+03 9.324202e+03
13.3 9.340210e+03 9.318099e+03 9.326817e+03 9.348927e+03
14.3 9.336192e+03 9.333041e+03 9.325792e+03 9.328944e+03
15.3 9.321954e+03 9.323228e+03 9.326846e+03 9.325572e+03
16.3 9.323514e+03 9.321848e+03 9.328092e+03 9.329757e+03
17.3 9.352059e+03 9.331129e+03 9.328809e+03 9.349739e+03
0.9 9.306489e+03 9.311131e+03 9.328844e+03 9.324202e+03
1.9 9.340210e+03 9.318099e+03 9.326817e+03 9.348927e+03
2.9 9.336192e+03 9.333041e+03 9.325792e+03 9.328944e+03
3.9 9.321954e+03 9.323228e+03 9.326846e+03 9.325572e+03
4.9 9.323514e+03 9.321848e+03 9.328092e+03 9.329757e+03
5.9 9.352059e+03 9.331129e+03 9.328809e+03 9.349739e+03
6.9 9.351851e+03 9.334292e+03 9.329141e+03 9.346700e+03
7.9 9.319635e+03 9.335487e+03 9.329240e+03 9.313387e+03
8.9 9.315873e+03 9.335537e+03 9.329206e+03 9.309542e+03
9.9 9.330073e+03 9.328244e+03 9.329123e+03 9.330952e+03
10.9 9.324832e+03 9.310422e+03 9.329044e+03 9.343454e+03
11.9 9.349697e+03 9.359871e+03 9.328987e+03 9.318813e+03
12.9 9.339465e+03 9.342294e+03 9.328951e+03 9.326122e+03
13.9 9.333646e+03 9.343138e+03 9.328931e+03 9.319438e+03
14.9 9.372753e+03 9.341792e+03 9.328918e+03 9.359878e+03
15.9 9.319584e+03 9.324869e+03 9.328909e+03 9.323623e+03
16.9 9.344588e+03 9.321447e+03 9.328901e+03 9.352042e+03
17.9 9.325431e+03 9.321046e+03 9.328893e+03 9.333278e+03
0.9 9.321982e+03 9.312687e+03 9.328723e+03 9.338018e+03
1.9 9.332686e+03 9.313203e+03 9.326750e+03 9.346233e+03
2.9 9.338199e+03 9.335273e+03 9.325659e+03 9.328585e+03
3.9 9.317929e+03 9.342166e+03 9.326695e+03 9.302458e+03
4.9 9.301805e+03 9.331545e+03 9.327923e+03 9.298182e+03
5.9 9.322855e+03 9.332956e+03 9.328675e+03 9.318574e+03
6.9 9.320657e+03 9.327901e+03 9.329011e+03 9.321767e+03
7.9 9.361746e+03 9.341017e+03 9.329110e+03 9.349839e+03
8.9 9.341937e+03 9.341943e+03 9.329077e+03 9.329070e+03
9.9 9.332041e+03 9.341002e+03 9.328993e+03 9.320032e+03
10.9 9.303114e+03 9.329049e+03 9.328910e+03 9.302975e+03
11.9 9.316688e+03 9.322560e+03 9.328850e+03 9.322977e+03
12.9 9.284408e+03 9.319304e+03 9.328813e+03 9.293917e+03
13.9 9.333144e+03 9.329618e+03 9.328790e+03 9.332315e+03
14.9 9.324501e+03 9.336940e+03 9.328776e+03 9.316337e+03
15.9 9.310579e+03 9.334735e+03 9.328766e+03 9.304610e+03
16.9 9.330200e+03 9.332883e+03 9.328757e+03 9.326074e+03
17.9 9.346541e+03 9.335535e+03 9.328749e+03 9.339755e+03
