0.4 8.813425e+03 8.782288e+03 8.799224e+03 8.830361e+03
1.4 8.780683e+03 8.787568e+03 8.799017e+03 8.792132e+03
2.4 8.765650e+03 8.771140e+03 8.798548e+03 8.793059e+03
3.4 8.769629e+03 8.781616e+03 8.798597e+03 8.786610e+03
4.4 8.768625e+03 8.791220e+03 8.798897e+03 8.776302e+03
5.4 8.780819e+03 8.816940e+03 8.799117e+03 8.762996e+03
6.4 8.728170e+03 8.796793e+03 8.799232e+03 8.730609e+03
7.4 8.811103e+03 8.786549e+03 8.799279e+03 8.823832e+03
8.4 8.822034e+03 8.816440e+03 8.799284e+03 8.804878e+03
9.4 8.817080e+03 8.830013e+03 8.799270e+03 8.786337e+03
10.4 8.861733e+03 8.835654e+03 8.799251e+03 8.825331e+03
11.4 8.827633e+03 8.791723e+03 8.799236e+03 8.835146e+03
12.4 8.823660e+03 8.805239e+03 8.799226e+03 8.817648e+03
13.4 8.790796e+03 8.790773e+03 8.799221e+03 8.799244e+03
14.4 8.793905e+03 8.779294e+03 8.799218e+03 8.813829e+03
15.4 8.764077e+03 8.784121e+03 8.799216e+03 8.779173e+03
16.4 8.743131e+03 8.782998e+03 8.799215e+03 8.759348e+03
17.4 8.771587e+03 8.778765e+03 8.799214e+03 8.792035e+03
0.9 8.809863e+03 8.832491e+03 8.799194e+03 8.776566e+03
1.9 8.781270e+03 8.850399e+03 8.798765e+03 8.729635e+03
2.9 8.821149e+03 8.828757e+03 8.798511e+03 8.790903e+03
3.9 8.908430e+03 8.853753e+03 8.798737e+03 8.853413e+03
4.9 8.815887e+03 8.801765e+03 8.799021e+03 8.813142e+03
5.9 8.767136e+03 8.796008e+03 8.799188e+03 8.770316e+03
6.9 8.786394e+03 8.781775e+03 8.799267e+03 8.803885e+03
7.9 8.739213e+03 8.789645e+03 8.799292e+03 8.748861e+03
8.9 8.746466e+03 8.809747e+03 8.799288e+03 8.736006e+03
9.9 8.750546e+03 8.799471e+03 8.799271e+03 8.750346e+03
10.9 8.810740e+03 8.791348e+03 8.799255e+03 8.818647e+03
11.9 8.716866e+03 8.778725e+03 8.799244e+03 8.737385e+03
12.9 8.792244e+03 8.800576e+03 8.799238e+03 8.790905e+03
13.9 8.811646e+03 8.816890e+03 8.799235e+03 8.793990e+03
14.9 8.843249e+03 8.837544e+03 8.799234e+03 8.804939e+03
15.9 8.769589e+03 8.843102e+03 8.799234e+03 8.725721e+03
16.9 8.803748e+03 8.799694e+03 8.799234e+03 8.803288e+03
17.9 8.834136e+03 8.793020e+03 8.799234e+03 8.840350e+03
0.9 8.786153e+03 8.785785e+03 8.799219e+03 8.799587e+03
1.9 8.746734e+03 8.778428e+03 8.798786e+03 8.767093e+03
2.9 8.825044e+03 8.788114e+03 8.798531e+03 8.835462e+03
3.9 8.833594e+03 8.826441e+03 8.798758e+03 8.805911e+03
4.9 8.743163e+03 8.776801e+03 8.799037e+03 8.765399e+03
5.9 8.809552e+03 8.805893e+03 8.799207e+03 8.802866e+03
6.9 8.852180e+03 8.862071e+03 8.799290e+03 8.789399e+03
7.9 8.772498e+03 8.764354e+03 8.799316e+03 8.807460e+03
8.9 8.807736e+03 8.807829e+03 8.799312e+03 8.799219e+03
9.9 8.849973e+03 8.829150e+03 8.799296e+03 8.820119e+03
10.9 8.839253e+03 8.804866e+03 8.799281e+03 8.833669e+03
11.9 8.789919e+03 8.793580e+03 8.799271e+03 8.795609e+03
12.9 8.732640e+03 8.783099e+03 8.799265e+03 8.748806e+03
13.9 8.797579e+03 8.808183e+03 8.799264e+03 8.788660e+03
14.9 8.790126e+03 8.798957e+03 8.799264e+03 8.790432e+03
15.9 8.837271e+03 8.806081e+03 8.799265e+03 8.830456e+03
16.9 8.812076e+03 8.822793e+03 8.799267e+03 8.788550e+03
17.9 8.804988e+03 8.798628e+03 8.799269e+03 8.805629e+03
0.7 8.795679e+03 8.783522e+03 8.799295e+03 8.811453e+03
1.7 8.813168e+03 8.803432e+03 8.798944e+03 8.808679e+03
2.7 8.797202e+03 8.805368e+03 8.798598e+03 8.790432e+03
