1.0 1.256076e+03 1.233130e+03 1.237061e+03 1.260006e+03
2.0 1.237439e+03 1.248481e+03 1.243541e+03 1.232499e+03
3.0 1.249655e+03 1.248721e+03 1.245836e+03 1.246770e+03
4.0 1.249631e+03 1.237414e+03 1.242417e+03 1.254634e+03
5.0 1.232375e+03 1.240935e+03 1.238732e+03 1.230172e+03
6.0 1.221054e+03 1.239060e+03 1.236656e+03 1.218649e+03
7.0 1.220791e+03 1.242627e+03 1.235694e+03 1.213857e+03
8.0 1.217166e+03 1.240019e+03 1.235437e+03 1.212583e+03
9.0 1.241047e+03 1.237764e+03 1.235543e+03 1.238826e+03
10.0 1.247910e+03 1.226083e+03 1.235786e+03 1.257613e+03
11.0 1.237117e+03 1.221120e+03 1.236006e+03 1.252003e+03
12.0 1.218655e+03 1.227848e+03 1.236161e+03 1.226968e+03
13.0 1.231195e+03 1.222742e+03 1.236248e+03 1.244701e+03
14.0 1.217071e+03 1.231353e+03 1.236292e+03 1.222010e+03
15.0 1.230696e+03 1.226829e+03 1.236314e+03 1.240181e+03
16.0 1.225299e+03 1.224724e+03 1.236325e+03 1.236900e+03
17.0 1.223608e+03 1.244518e+03 1.236331e+03 1.215421e+03
18.0 1.243047e+03 1.243110e+03 1.236335e+03 1.236273e+03
0.1 1.250590e+03 1.240374e+03 1.236228e+03 1.246444e+03
1.1 1.227184e+03 1.237386e+03 1.237161e+03 1.226959e+03
2.1 1.246952e+03 1.235049e+03 1.243765e+03 1.255668e+03
3.1 1.214689e+03 1.218349e+03 1.245661e+03 1.242002e+03
4.1 1.252611e+03 1.241887e+03 1.242014e+03 1.252738e+03
5.1 1.210023e+03 1.235648e+03 1.238495e+03 1.212870e+03
6.1 1.223505e+03 1.221788e+03 1.236483e+03 1.238199e+03
7.1 1.224332e+03 1.226071e+03 1.235559e+03 1.233821e+03
8.1 1.226279e+03 1.237304e+03 1.235321e+03 1.224296e+03
9.1 1.233777e+03 1.239155e+03 1.235437e+03 1.230059e+03
10.1 1.240407e+03 1.240981e+03 1.235670e+03 1.235096e+03
11.1 1.254512e+03 1.220300e+03 1.235882e+03 1.270094e+03
12.1 1.246786e+03 1.239134e+03 1.236027e+03 1.243679e+03
13.1 1.221040e+03 1.216772e+03 1.236106e+03 1.240374e+03
14.1 1.209384e+03 1.236635e+03 1.236143e+03 1.208893e+03
15.1 1.235044e+03 1.227422e+03 1.236159e+03 1.243781e+03
16.1 1.253216e+03 1.237820e+03 1.236164e+03 1.251560e+03
17.1 1.216063e+03 1.237062e+03 1.236165e+03 1.215167e+03
0.1 1.262882e+03 1.252901e+03 1.236213e+03 1.246194e+03
1.1 1.250304e+03 1.246868e+03 1.237585e+03 1.241021e+03
2.1 1.221640e+03 1.223840e+03 1.244200e+03 1.242000e+03
3.1 1.212937e+03 1.237542e+03 1.245464e+03 1.220859e+03
4.1 1.234644e+03 1.255592e+03 1.241739e+03 1.220791e+03
5.1 1.246656e+03 1.246933e+03 1.238337e+03 1.238060e+03
6.1 1.247256e+03 1.241942e+03 1.236406e+03 1.241721e+03
7.1 1.254188e+03 1.248274e+03 1.235589e+03 1.241503e+03
8.1 1.257927e+03 1.257589e+03 1.235399e+03 1.235737e+03
9.1 1.226063e+03 1.241269e+03 1.235543e+03 1.220337e+03
10.1 1.227872e+03 1.224063e+03 1.235788e+03 1.239597e+03
11.1 1.218167e+03 1.227993e+03 1.236011e+03 1.226184e+03
12.1 1.228079e+03 1.234029e+03 1.236157e+03 1.230207e+03
13.1 1.231167e+03 1.235251e+03 1.236242e+03 1.232158e+03
14.1 1.243939e+03 1.240609e+03 1.236286e+03 1.239617e+03
15.1 1.255679e+03 1.240901e+03 1.236310e+03 1.251087e+03
16.1 1.239684e+03 1.236021e+03 1.236323e+03 1.239987e+03
17.1 1.213050e+03 1.234312e+03 1.236333e+03 1.215071e+03
0.2 1.247857e+03 1.241226e+03 1.236267e+03 1.242898e+03
1.2 1.246028e+03 1.243906e+03 1.237750e+03 1.239872e+03
2.2 1.290658e+03 1.273953e+03 1.244497e+03 1.261202e+03
3.2 1.242164e+03 1.231741e+03 1.245429e+03 1.255852e+03
4.2 1.239167e+03 1.245978e+03 1.241555e+03 1.234745e+03
5.2 1.228909e+03 1.241329e+03 1.238219e+03 1.225800e+03
6.2 1.231820e+03 1.245692e+03 1.236379e+03 1.222508e+03
7.2 1.206498e+03 1.239985e+03 1.235566e+03 1.202079e+03
8.2 1.195665e+03 1.239636e+03 1.235393e+03 1.191421e+03
9.2 1.206689e+03 1.226352e+03 1.235543e+03 1.215879e+03
10.2 1.272204e+03 1.242798e+03 1.235786e+03 1.265193e+03
11.2 1.221441e+03 1.242390e+03 1.235999e+03 1.215050e+03
12.2 1.220198e+03 1.230868e+03 1.236145e+03 1.225475e+03
13.2 1.239069e+03 1.233714e+03 1.236225e+03 1.241580e+03
14.2 1.207517e+03 1.232013e+03 1.236268e+03 1.211772e+03
15.2 1.219277e+03 1.234649e+03 1.236292e+03 1.220920e+03
16.2 1.235546e+03 1.236315e+03 1.236309e+03 1.235540e+03
17.2 1.239859e+03 1.245389e+03 1.236324e+03 1.230794e+03
