0.9 1.455600e+03 1.482721e+03 1.459642e+03 1.432520e+03
1.9 1.480840e+03 1.464691e+03 1.464234e+03 1.480383e+03
2.9 1.442261e+03 1.465520e+03 1.470524e+03 1.447265e+03
3.9 1.490527e+03 1.475109e+03 1.468927e+03 1.484345e+03
4.9 1.484218e+03 1.458748e+03 1.464143e+03 1.489613e+03
5.9 1.493558e+03 1.457270e+03 1.460778e+03 1.497066e+03
6.9 1.451130e+03 1.449567e+03 1.459050e+03 1.460614e+03
7.9 1.532223e+03 1.451047e+03 1.459381e+03 1.540558e+03
8.9 1.428205e+03 1.456438e+03 1.465967e+03 1.437734e+03
9.9 1.495450e+03 1.468171e+03 1.470193e+03 1.497473e+03
10.9 1.483469e+03 1.469079e+03 1.467020e+03 1.481411e+03
11.9 1.492768e+03 1.461869e+03 1.462688e+03 1.493586e+03
12.9 1.491544e+03 1.476223e+03 1.459925e+03 1.475246e+03
13.9 1.485161e+03 1.461595e+03 1.458667e+03 1.482233e+03
14.9 1.421996e+03 1.458840e+03 1.458275e+03 1.421430e+03
15.9 1.455304e+03 1.450644e+03 1.458378e+03 1.463039e+03
16.9 1.438137e+03 1.450420e+03 1.458668e+03 1.446385e+03
17.9 1.439840e+03 1.446211e+03 1.458965e+03 1.452594e+03
0.2 1.451130e+03 1.449567e+03 1.459050e+03 1.460614e+03
1.2 1.532223e+03 1.451047e+03 1.459381e+03 1.540558e+03
2.2 1.428205e+03 1.456438e+03 1.465967e+03 1.437734e+03
3.2 1.495450e+03 1.468171e+03 1.470193e+03 1.497473e+03
4.2 1.483469e+03 1.469079e+03 1.467020e+03 1.481411e+03
5.2 1.492768e+03 1.461869e+03 1.462688e+03 1.493586e+03
6.2 1.491544e+03 1.476223e+03 1.459925e+03 1.475246e+03
7.2 1.485161e+03 1.461595e+03 1.458667e+03 1.482233e+03
8.2 1.421996e+03 1.458840e+03 1.458275e+03 1.421430e+03
9.2 1.455304e+03 1.450644e+03 1.458378e+03 1.463039e+03
10.2 1.438137e+03 1.450420e+03 1.458668e+03 1.446385e+03
11.2 1.439840e+03 1.446211e+03 1.458965e+03 1.452594e+03
12.2 1.447532e+03 1.452138e+03 1.459175e+03 1.454569e+03
13.2 1.420354e+03 1.458181e+03 1.459308e+03 1.421480e+03
14.2 1.464367e+03 1.459386e+03 1.460883e+03 1.465864e+03
15.2 1.462005e+03 1.470633e+03 1.467343e+03 1.458715e+03
16.2 1.457451e+03 1.471323e+03 1.469172e+03 1.455300e+03
17.2 1.491061e+03 1.473382e+03 1.465535e+03 1.483214e+03
0.3 1.420354e+03 1.458181e+03 1.459308e+03 1.421480e+03
1.3 1.464367e+03 1.459386e+03 1.460883e+03 1.465864e+03
2.3 1.462005e+03 1.470633e+03 1.467343e+03 1.458715e+03
3.3 1.457451e+03 1.471323e+03 1.469172e+03 1.455300e+03
4.3 1.491061e+03 1.473382e+03 1.465535e+03 1.483214e+03
5.3 1.448336e+03 1.465610e+03 1.461835e+03 1.444562e+03
6.3 1.479834e+03 1.461827e+03 1.459786e+03 1.477793e+03
7.3 1.465063e+03 1.452302e+03 1.459131e+03 1.471892e+03
8.3 1.463982e+03 1.462977e+03 1.463487e+03 1.464492e+03
9.3 1.460832e+03 1.468174e+03 1.467648e+03 1.460306e+03
10.3 1.460827e+03 1.464660e+03 1.465741e+03 1.461907e+03
11.3 1.465809e+03 1.467683e+03 1.462434e+03 1.460560e+03
12.3 1.460844e+03 1.468054e+03 1.460288e+03 1.453078e+03
13.3 1.451038e+03 1.457490e+03 1.459243e+03 1.452792e+03
14.3 1.465432e+03 1.446965e+03 1.458919e+03 1.477386e+03
15.3 1.457823e+03 1.451998e+03 1.458988e+03 1.464814e+03
16.3 1.457945e+03 1.435142e+03 1.459222e+03 1.482024e+03
17.3 1.437544e+03 1.441313e+03 1.459465e+03 1.455696e+03
0.9 1.465063e+03 1.452302e+03 1.459131e+03 1.471892e+03
1.9 1.463982e+03 1.462977e+03 1.463487e+03 1.464492e+03
2.9 1.460832e+03 1.468174e+03 1.467648e+03 1.460306e+03
3.9 1.460827e+03 1.464660e+03 1.465741e+03 1.461907e+03
4.9 1.465809e+03 1.467683e+03 1.462434e+03 1.460560e+03
5.9 1.460844e+03 1.468054e+03 1.460288e+03 1.453078e+03
6.9 1.451038e+03 1.457490e+03 1.459243e+03 1.452792e+03
7.9 1.465432e+03 1.446965e+03 1.458919e+03 1.477386e+03
8.9 1.457823e+03 1.451998e+03 1.458988e+03 1.464814e+03
9.9 1.457945e+03 1.435142e+03 1.459222e+03 1.482024e+03
10.9 1.437544e+03 1.441313e+03 1.459465e+03 1.455696e+03
11.9 1.443007e+03 1.446244e+03 1.459675e+03 1.456438e+03
12.9 1.436686e+03 1.457373e+03 1.462333e+03 1.441647e+03
13.9 1.452977e+03 1.463867e+03 1.470103e+03 1.459214e+03
14.9 1.452691e+03 1.468123e+03 1.471442e+03 1.456010e+03
15.9 1.469662e+03 1.471783e+03 1.466934e+03 1.464813e+03
16.9 1.449379e+03 1.466116e+03 1.462584e+03 1.445848e+03
17.9 1.474123e+03 1.466490e+03 1.460210e+03 1.467843e+03
0.5 1.443007e+03 1.446244e+03 1.459675e+03 1.456438e+03
1.5 1.436686e+03 1.457373e+03 1.462333e+03 1.441647e+03
2.5 1.452977e+03 1.463867e+03 1.470103e+03 1.459214e+03
3.5 1.452691e+03 1.468123e+03 1.471442e+03 1.456010e+03
4.5 1.469662e+03 1.471783e+03 1.466934e+03 1.464813e+03
5.5 1.449379e+03 1.466116e+03 1.462584e+03 1.445848e+03
6.5 1.474123e+03 1.466490e+03 1.460210e+03 1.467843e+03
7.5 1.457109e+03 1.466347e+03 1.459167e+03 1.449928e+03
8.5 1.474826e+03 1.460241e+03 1.458955e+03 1.473539e+03
9.5 1.457191e+03 1.465517e+03 1.459154e+03 1.450828e+03
10.5 1.473788e+03 1.479472e+03 1.459488e+03 1.453805e+03
11.5 1.462749e+03 1.463354e+03 1.459780e+03 1.459174e+03
12.5 1.477682e+03 1.470999e+03 1.459986e+03 1.466670e+03
13.5 1.468610e+03 1.468179e+03 1.460109e+03 1.460540e+03
14.5 1.504517e+03 1.490724e+03 1.460183e+03 1.473975e+03
15.5 1.524572e+03 1.483779e+03 1.460229e+03 1.501022e+03
16.5 1.478453e+03 1.479184e+03 1.460263e+03 1.459532e+03
17.5 1.471964e+03 1.456208e+03 1.460291e+03 1.476046e+03
0.5 1.480465e+03 1.458670e+03 1.460349e+03 1.482143e+03
1.5 1.496732e+03 1.457681e+03 1.462540e+03 1.501591e+03
2.5 1.462428e+03 1.456035e+03 1.467623e+03 1.474016e+03
3.5 1.437550e+03 1.457031e+03 1.467439e+03 1.447957e+03
4.5 1.483793e+03 1.466646e+03 1.464265e+03 1.481412e+03
5.5 1.457609e+03 1.462208e+03 1.461756e+03 1.457156e+03
6.5 1.470889e+03 1.459927e+03 1.460405e+03 1.471367e+03
7.5 1.436670e+03 1.464008e+03 1.459876e+03 1.432538e+03
8.5 1.474545e+03 1.469464e+03 1.459806e+03 1.464886e+03
9.5 1.436087e+03 1.456137e+03 1.459963e+03 1.439913e+03
10.5 1.449418e+03 1.449830e+03 1.460176e+03 1.459764e+03
11.5 1.422234e+03 1.429032e+03 1.460356e+03 1.453558e+03
12.5 1.434828e+03 1.433602e+03 1.460472e+03 1.461698e+03
13.5 1.471984e+03 1.455276e+03 1.460542e+03 1.477251e+03
14.5 1.421457e+03 1.463665e+03 1.460581e+03 1.418373e+03
15.5 1.460017e+03 1.453468e+03 1.460605e+03 1.467154e+03
16.5 1.400118e+03 1.427951e+03 1.460621e+03 1.432789e+03
17.5 1.455847e+03 1.445488e+03 1.460634e+03 1.470992e+03
0.4 1.463580e+03 1.459136e+03 1.460678e+03 1.465121e+03
1.4 1.478133e+03 1.460158e+03 1.462419e+03 1.480394e+03
2.4 1.489899e+03 1.454051e+03 1.469268e+03 1.505117e+03
3.4 1.476344e+03 1.470227e+03 1.470822e+03 1.476939e+03
4.4 1.468900e+03 1.472339e+03 1.466954e+03 1.463516e+03
5.4 1.462894e+03 1.448182e+03 1.463092e+03 1.477804e+03
6.4 1.440969e+03 1.432263e+03 1.460956e+03 1.469661e+03
7.4 1.458925e+03 1.458700e+03 1.459991e+03 1.460216e+03
8.4 1.463939e+03 1.465308e+03 1.459762e+03 1.458393e+03
9.4 1.403317e+03 1.445221e+03 1.459900e+03 1.417996e+03
10.4 1.433141e+03 1.446838e+03 1.460166e+03 1.446470e+03
11.4 1.482796e+03 1.482025e+03 1.460398e+03 1.461168e+03
12.4 1.442343e+03 1.455755e+03 1.460556e+03 1.447145e+03
13.4 1.458701e+03 1.464894e+03 1.460641e+03 1.454448e+03
14.4 1.453537e+03 1.438635e+03 1.460681e+03 1.475583e+03
15.4 1.466857e+03 1.474415e+03 1.460698e+03 1.453140e+03
16.4 1.444968e+03 1.444347e+03 1.460702e+03 1.461324e+03
17.4 1.431400e+03 1.460384e+03 1.460702e+03 1.431719e+03
0.8 1.443528e+03 1.457409e+03 1.460788e+03 1.446907e+03
1.8 1.468675e+03 1.465668e+03 1.464682e+03 1.467689e+03
2.8 1.451330e+03 1.454330e+03 1.470563e+03 1.467563e+03
3.8 1.465597e+03 1.456878e+03 1.469373e+03 1.478091e+03
4.8 1.418886e+03 1.432768e+03 1.465179e+03 1.451297e+03
5.8 1.409672e+03 1.451781e+03 1.462607e+03 1.420499e+03
6.8 1.472976e+03 1.487833e+03 1.467086e+03 1.452230e+03
7.8 1.472073e+03 1.505984e+03 1.472875e+03 1.438963e+03
8.8 1.505291e+03 1.470326e+03 1.470466e+03 1.505430e+03
9.8 1.479029e+03 1.464319e+03 1.465316e+03 1.480025e+03
10.8 1.493579e+03 1.469070e+03 1.461733e+03 1.486241e+03
11.8 1.445675e+03 1.462837e+03 1.460059e+03 1.442897e+03
12.8 1.441503e+03 1.448335e+03 1.459491e+03 1.452659e+03
13.8 1.473605e+03 1.459501e+03 1.459548e+03 1.473652e+03
14.8 1.466186e+03 1.467241e+03 1.459873e+03 1.458817e+03
15.8 1.488174e+03 1.453970e+03 1.460232e+03 1.494437e+03
16.8 1.457950e+03 1.465130e+03 1.460498e+03 1.453318e+03
17.8 1.438416e+03 1.464736e+03 1.460664e+03 1.434345e+03
0.1 1.418886e+03 1.432768e+03 1.465179e+03 1.451297e+03
1.1 1.409672e+03 1.451781e+03 1.462607e+03 1.420499e+03
2.1 1.472976e+03 1.487833e+03 1.467086e+03 1.452230e+03
3.1 1.472073e+03 1.505984e+03 1.472875e+03 1.438963e+03
4.1 1.505291e+03 1.470326e+03 1.470466e+03 1.505430e+03
5.1 1.479029e+03 1.464319e+03 1.465316e+03 1.480025e+03
6.1 1.493579e+03 1.469070e+03 1.461733e+03 1.486241e+03
7.1 1.445675e+03 1.462837e+03 1.460059e+03 1.442897e+03
8.1 1.441503e+03 1.448335e+03 1.459491e+03 1.452659e+03
9.1 1.473605e+03 1.459501e+03 1.459548e+03 1.473652e+03
10.1 1.466186e+03 1.467241e+03 1.459873e+03 1.458817e+03
11.1 1.488174e+03 1.453970e+03 1.460232e+03 1.494437e+03
12.1 1.457950e+03 1.465130e+03 1.460498e+03 1.453318e+03
13.1 1.438416e+03 1.464736e+03 1.460664e+03 1.434345e+03
14.1 1.502264e+03 1.471550e+03 1.460759e+03 1.491473e+03
15.1 1.447893e+03 1.467496e+03 1.460809e+03 1.441206e+03
16.1 1.441033e+03 1.471314e+03 1.460837e+03 1.430556e+03
17.1 1.435172e+03 1.465361e+03 1.460856e+03 1.430668e+03
0.8 1.480435e+03 1.462686e+03 1.460763e+03 1.478511e+03
1.8 1.505091e+03 1.476929e+03 1.464933e+03 1.493095e+03
2.8 1.471438e+03 1.481073e+03 1.472820e+03 1.463185e+03
3.8 1.550755e+03 1.511140e+03 1.472913e+03 1.512529e+03
4.8 1.519126e+03 1.505264e+03 1.467491e+03 1.481352e+03
5.8 1.466219e+03 1.447076e+03 1.463021e+03 1.482163e+03
6.8 1.453298e+03 1.463782e+03 1.460537e+03 1.450053e+03
7.8 1.476995e+03 1.463388e+03 1.459531e+03 1.473139e+03
8.8 1.427487e+03 1.466592e+03 1.460047e+03 1.420942e+03
9.8 1.426770e+03 1.471417e+03 1.466078e+03 1.421431e+03
10.8 1.436658e+03 1.477176e+03 1.469454e+03 1.428937e+03
11.8 1.470566e+03 1.478587e+03 1.466679e+03 1.458658e+03
12.8 1.527717e+03 1.467908e+03 1.463184e+03 1.522993e+03
13.8 1.457461e+03 1.465970e+03 1.461044e+03 1.452535e+03
14.8 1.446315e+03 1.464935e+03 1.460027e+03 1.441408e+03
15.8 1.443523e+03 1.466532e+03 1.459739e+03 1.436730e+03
16.8 1.369827e+03 1.451742e+03 1.459842e+03 1.377926e+03
17.8 1.433173e+03 1.446701e+03 1.460090e+03 1.446563e+03
0.1 1.476995e+03 1.463388e+03 1.459531e+03 1.473139e+03
1.1 1.427487e+03 1.466592e+03 1.460047e+03 1.420942e+03
2.1 1.426770e+03 1.471417e+03 1.466078e+03 1.421431e+03
3.1 1.436658e+03 1.477176e+03 1.469454e+03 1.428937e+03
4.1 1.470566e+03 1.478587e+03 1.466679e+03 1.458658e+03
5.1 1.527717e+03 1.467908e+03 1.463184e+03 1.522993e+03
6.1 1.457461e+03 1.465970e+03 1.461044e+03 1.452535e+03
7.1 1.446315e+03 1.464935e+03 1.460027e+03 1.441408e+03
8.1 1.443523e+03 1.466532e+03 1.459739e+03 1.436730e+03
9.1 1.369827e+03 1.451742e+03 1.459842e+03 1.377926e+03
10.1 1.433173e+03 1.446701e+03 1.460090e+03 1.446563e+03
11.1 1.414892e+03 1.446206e+03 1.460333e+03 1.429019e+03
12.1 1.438931e+03 1.457558e+03 1.460516e+03 1.441888e+03
13.1 1.463684e+03 1.468700e+03 1.460634e+03 1.455618e+03
14.1 1.539354e+03 1.471063e+03 1.460713e+03 1.529004e+03
15.1 1.513378e+03 1.465855e+03 1.460771e+03 1.508294e+03
16.1 1.445277e+03 1.465739e+03 1.460821e+03 1.440359e+03
17.1 1.476410e+03 1.463439e+03 1.460870e+03 1.473841e+03
