1.0 9.340845e+03 9.356956e+03 9.372101e+03 9.355990e+03
2.0 9.369989e+03 9.345503e+03 9.372100e+03 9.396585e+03
3.0 9.380700e+03 9.362308e+03 9.372099e+03 9.390491e+03
4.0 9.375889e+03 9.361790e+03 9.372099e+03 9.386198e+03
5.0 9.340019e+03 9.339638e+03 9.372101e+03 9.372482e+03
6.0 9.319540e+03 9.342130e+03 9.372101e+03 9.349511e+03
7.0 9.334647e+03 9.344821e+03 9.372101e+03 9.361928e+03
8.0 9.373229e+03 9.385971e+03 9.372102e+03 9.359360e+03
9.0 9.363043e+03 9.384250e+03 9.372102e+03 9.350895e+03
10.0 9.405061e+03 9.375383e+03 9.372102e+03 9.401779e+03
11.0 9.427867e+03 9.408323e+03 9.372101e+03 9.391646e+03
12.0 9.412542e+03 9.391131e+03 9.372101e+03 9.393512e+03
13.0 9.412305e+03 9.391346e+03 9.372101e+03 9.393061e+03
14.0 9.393878e+03 9.355874e+03 9.372101e+03 9.410105e+03
15.0 9.398465e+03 9.375355e+03 9.372101e+03 9.395212e+03
16.0 9.369732e+03 9.373147e+03 9.372101e+03 9.368687e+03
17.0 9.354894e+03 9.346967e+03 9.372101e+03 9.380029e+03
18.0 9.344803e+03 9.348809e+03 9.372101e+03 9.368095e+03
0.2 9.344803e+03 9.348809e+03 9.372101e+03 9.368095e+03
1.2 9.309135e+03 9.342382e+03 9.372101e+03 9.338854e+03
2.2 9.324281e+03 9.350938e+03 9.372099e+03 9.345443e+03
3.2 9.320120e+03 9.358712e+03 9.372099e+03 9.333506e+03
4.2 9.390686e+03 9.392098e+03 9.372100e+03 9.370687e+03
5.2 9.404057e+03 9.404625e+03 9.372101e+03 9.371533e+03
6.2 9.349328e+03 9.373914e+03 9.372101e+03 9.347515e+03
7.2 9.411619e+03 9.401722e+03 9.372102e+03 9.381999e+03
8.2 9.428946e+03 9.414376e+03 9.372102e+03 9.386671e+03
9.2 9.372520e+03 9.356289e+03 9.372102e+03 9.388332e+03
10.2 9.403130e+03 9.359068e+03 9.372101e+03 9.416163e+03
11.2 9.403534e+03 9.354245e+03 9.372101e+03 9.421390e+03
12.2 9.372650e+03 9.361720e+03 9.372101e+03 9.383032e+03
13.2 9.355368e+03 9.350863e+03 9.372101e+03 9.376607e+03
14.2 9.324138e+03 9.343624e+03 9.372101e+03 9.352615e+03
15.2 9.353343e+03 9.369078e+03 9.372101e+03 9.356367e+03
16.2 9.363182e+03 9.373599e+03 9.372101e+03 9.361685e+03
17.2 9.349634e+03 9.368940e+03 9.372101e+03 9.352796e+03
0.8 9.364569e+03 9.362003e+03 9.372101e+03 9.374667e+03
1.8 9.385640e+03 9.381461e+03 9.372100e+03 9.376279e+03
2.8 9.376747e+03 9.380451e+03 9.372099e+03 9.368394e+03
3.8 9.397848e+03 9.408201e+03 9.372099e+03 9.361747e+03
4.8 9.323052e+03 9.356493e+03 9.372100e+03 9.338659e+03
5.8 9.448845e+03 9.439059e+03 9.372101e+03 9.381887e+03
6.8 9.421028e+03 9.419663e+03 9.372101e+03 9.373466e+03
7.8 9.412067e+03 9.401669e+03 9.372101e+03 9.382499e+03
8.8 9.388287e+03 9.385345e+03 9.372101e+03 9.375043e+03
9.8 9.359185e+03 9.370735e+03 9.372101e+03 9.360551e+03
10.8 9.397937e+03 9.389300e+03 9.372101e+03 9.380738e+03
11.8 9.399451e+03 9.398275e+03 9.372101e+03 9.373277e+03
12.8 9.394081e+03 9.389716e+03 9.372101e+03 9.376466e+03
13.8 9.386698e+03 9.377399e+03 9.372101e+03 9.381400e+03
14.8 9.358695e+03 9.374573e+03 9.372101e+03 9.356224e+03
15.8 9.381297e+03 9.388975e+03 9.372101e+03 9.364423e+03
16.8 9.364004e+03 9.364703e+03 9.372101e+03 9.371402e+03
17.8 9.358826e+03 9.370258e+03 9.372101e+03 9.360669e+03
0.2 9.340626e+03 9.345686e+03 9.372101e+03 9.367042e+03
1.2 9.333092e+03 9.309460e+03 9.372101e+03 9.395734e+03
2.2 9.368099e+03 9.356124e+03 9.372099e+03 9.384074e+03
3.2 9.345823e+03 9.363537e+03 9.372099e+03 9.354384e+03
4.2 9.376854e+03 9.378091e+03 9.372100e+03 9.370862e+03
5.2 9.362621e+03 9.356390e+03 9.372101e+03 9.378331e+03
6.2 9.408214e+03 9.406697e+03 9.372101e+03 9.373618e+03
7.2 9.371082e+03 9.383887e+03 9.372102e+03 9.359296e+03
8.2 9.305017e+03 9.327116e+03 9.372102e+03 9.350003e+03
9.2 9.329101e+03 9.339872e+03 9.372102e+03 9.361330e+03
10.2 9.333342e+03 9.330388e+03 9.372102e+03 9.375056e+03
11.2 9.366036e+03 9.362965e+03 9.372102e+03 9.375172e+03
12.2 9.420841e+03 9.403894e+03 9.372101e+03 9.389048e+03
13.2 9.411888e+03 9.398576e+03 9.372101e+03 9.385413e+03
14.2 9.373441e+03 9.364629e+03 9.372101e+03 9.380914e+03
15.2 9.335017e+03 9.345450e+03 9.372101e+03 9.361668e+03
16.2 9.328335e+03 9.324189e+03 9.372101e+03 9.376247e+03
17.2 9.390471e+03 9.366136e+03 9.372101e+03 9.396436e+03
1.0 9.379123e+03 9.399931e+03 9.372101e+03 9.351294e+03
2.0 9.416722e+03 9.404222e+03 9.372100e+03 9.384600e+03
3.0 9.372641e+03 9.387409e+03 9.372099e+03 9.357330e+03
4.0 9.408748e+03 9.386070e+03 9.372099e+03 9.394777e+03
5.0 9.426657e+03 9.413777e+03 9.372101e+03 9.384981e+03
6.0 9.388946e+03 9.413816e+03 9.372101e+03 9.347231e+03
7.0 9.403189e+03 9.383637e+03 9.372102e+03 9.391653e+03
8.0 9.415154e+03 9.415901e+03 9.372102e+03 9.371356e+03
9.0 9.351552e+03 9.380516e+03 9.372102e+03 9.343138e+03
10.0 9.373745e+03 9.390545e+03 9.372102e+03 9.355302e+03
11.0 9.363092e+03 9.376250e+03 9.372102e+03 9.358944e+03
12.0 9.351990e+03 9.364778e+03 9.372102e+03 9.359314e+03
13.0 9.367733e+03 9.380360e+03 9.372101e+03 9.359475e+03
14.0 9.375789e+03 9.376138e+03 9.372100e+03 9.371751e+03
15.0 9.374116e+03 9.368928e+03 9.372099e+03 9.377287e+03
16.0 9.328715e+03 9.333760e+03 9.372100e+03 9.367055e+03
17.0 9.330905e+03 9.358405e+03 9.372101e+03 9.344601e+03
18.0 9.384891e+03 9.381634e+03 9.372102e+03 9.375358e+03
0.2 9.351990e+03 9.364778e+03 9.372102e+03 9.359314e+03
1.2 9.367733e+03 9.380360e+03 9.372101e+03 9.359475e+03
2.2 9.375789e+03 9.376138e+03 9.372100e+03 9.371751e+03
3.2 9.374116e+03 9.368928e+03 9.372099e+03 9.377287e+03
4.2 9.328715e+03 9.333760e+03 9.372100e+03 9.367055e+03
5.2 9.330905e+03 9.358405e+03 9.372101e+03 9.344601e+03
6.2 9.384891e+03 9.381634e+03 9.372102e+03 9.375358e+03
7.2 9.435785e+03 9.417560e+03 9.372102e+03 9.390327e+03
8.2 9.423771e+03 9.438072e+03 9.372101e+03 9.357799e+03
9.2 9.399433e+03 9.386035e+03 9.372099e+03 9.385497e+03
10.2 9.394910e+03 9.377956e+03 9.372099e+03 9.389053e+03
11.2 9.319697e+03 9.325693e+03 9.372100e+03 9.366105e+03
12.2 9.352188e+03 9.350027e+03 9.372101e+03 9.374262e+03
13.2 9.389812e+03 9.360247e+03 9.372102e+03 9.401667e+03
14.2 9.387479e+03 9.390792e+03 9.372102e+03 9.368789e+03
15.2 9.330812e+03 9.342388e+03 9.372102e+03 9.360526e+03
16.2 9.344930e+03 9.355390e+03 9.372102e+03 9.361643e+03
17.2 9.324821e+03 9.347836e+03 9.372102e+03 9.349087e+03
0.8 9.435785e+03 9.417560e+03 9.372102e+03 9.390327e+03
1.8 9.423771e+03 9.438072e+03 9.372101e+03 9.357799e+03
2.8 9.399433e+03 9.386035e+03 9.372099e+03 9.385497e+03
3.8 9.394910e+03 9.377956e+03 9.372099e+03 9.389053e+03
4.8 9.319697e+03 9.325693e+03 9.372100e+03 9.366105e+03
5.8 9.352188e+03 9.350027e+03 9.372101e+03 9.374262e+03
6.8 9.389812e+03 9.360247e+03 9.372102e+03 9.401667e+03
7.8 9.387479e+03 9.390792e+03 9.372102e+03 9.368789e+03
8.8 9.330812e+03 9.342388e+03 9.372102e+03 9.360526e+03
9.8 9.344930e+03 9.355390e+03 9.372102e+03 9.361643e+03
10.8 9.324821e+03 9.347836e+03 9.372102e+03 9.349087e+03
11.8 9.334442e+03 9.359456e+03 9.372102e+03 9.347088e+03
12.8 9.329836e+03 9.317667e+03 9.372102e+03 9.384271e+03
13.8 9.413526e+03 9.394738e+03 9.372102e+03 9.390890e+03
14.8 9.421943e+03 9.395557e+03 9.372101e+03 9.398487e+03
15.8 9.387488e+03 9.364346e+03 9.372099e+03 9.395241e+03
16.8 9.373421e+03 9.373567e+03 9.372099e+03 9.371954e+03
17.8 9.339310e+03 9.338075e+03 9.372101e+03 9.373336e+03
0.6 9.413526e+03 9.394738e+03 9.372102e+03 9.390890e+03
1.6 9.421943e+03 9.395557e+03 9.372101e+03 9.398487e+03
2.6 9.387488e+03 9.364346e+03 9.372099e+03 9.395241e+03
3.6 9.373421e+03 9.373567e+03 9.372099e+03 9.371954e+03
4.6 9.339310e+03 9.338075e+03 9.372101e+03 9.373336e+03
5.6 9.353278e+03 9.357300e+03 9.372101e+03 9.368079e+03
6.6 9.359707e+03 9.339637e+03 9.372102e+03 9.392172e+03
7.6 9.385306e+03 9.382434e+03 9.372100e+03 9.374972e+03
8.6 9.403233e+03 9.382462e+03 9.372100e+03 9.392871e+03
9.6 9.355904e+03 9.353918e+03 9.372100e+03 9.374087e+03
10.6 9.316352e+03 9.341800e+03 9.372101e+03 9.346653e+03
11.6 9.369518e+03 9.349043e+03 9.372102e+03 9.392576e+03
12.6 9.422925e+03 9.399168e+03 9.372102e+03 9.395858e+03
13.6 9.386505e+03 9.367835e+03 9.372102e+03 9.390773e+03
14.6 9.405771e+03 9.404907e+03 9.372102e+03 9.372966e+03
15.6 9.383605e+03 9.414457e+03 9.372102e+03 9.341250e+03
16.6 9.333314e+03 9.349418e+03 9.372102e+03 9.355998e+03
17.6 9.343589e+03 9.370006e+03 9.372102e+03 9.345686e+03
0.2 9.353278e+03 9.357300e+03 9.372101e+03 9.368079e+03
1.2 9.359707e+03 9.339637e+03 9.372102e+03 9.392172e+03
2.2 9.385306e+03 9.382434e+03 9.372100e+03 9.374972e+03
3.2 9.403233e+03 9.382462e+03 9.372100e+03 9.392871e+03
4.2 9.355904e+03 9.353918e+03 9.372100e+03 9.374087e+03
5.2 9.316352e+03 9.341800e+03 9.372101e+03 9.346653e+03
6.2 9.369518e+03 9.349043e+03 9.372102e+03 9.392576e+03
7.2 9.422925e+03 9.399168e+03 9.372102e+03 9.395858e+03
8.2 9.386505e+03 9.367835e+03 9.372102e+03 9.390773e+03
9.2 9.405771e+03 9.404907e+03 9.372102e+03 9.372966e+03
10.2 9.383605e+03 9.414457e+03 9.372102e+03 9.341250e+03
11.2 9.333314e+03 9.349418e+03 9.372102e+03 9.355998e+03
12.2 9.343589e+03 9.370006e+03 9.372102e+03 9.345686e+03
13.2 9.392696e+03 9.394486e+03 9.372102e+03 9.370312e+03
14.2 9.382626e+03 9.363320e+03 9.372102e+03 9.391408e+03
15.2 9.355784e+03 9.375598e+03 9.372102e+03 9.352288e+03
16.2 9.352787e+03 9.374945e+03 9.372102e+03 9.349944e+03
17.2 9.393040e+03 9.413590e+03 9.372102e+03 9.351552e+03
0.7 9.393701e+03 9.371573e+03 9.372102e+03 9.394230e+03
1.7 9.400760e+03 9.407872e+03 9.372101e+03 9.364989e+03
2.7 9.364213e+03 9.382016e+03 9.372100e+03 9.354297e+03
3.7 9.365359e+03 9.353135e+03 9.372100e+03 9.384324e+03
4.7 9.310739e+03 9.339936e+03 9.372101e+03 9.342903e+03
5.7 9.361986e+03 9.357709e+03 9.372102e+03 9.376378e+03
6.7 9.362851e+03 9.342308e+03 9.372102e+03 9.392646e+03
7.7 9.380132e+03 9.417771e+03 9.372101e+03 9.334461e+03
8.7 9.378445e+03 9.382731e+03 9.372099e+03 9.367812e+03
9.7 9.395200e+03 9.375921e+03 9.372100e+03 9.391379e+03
10.7 9.356304e+03 9.358135e+03 9.372101e+03 9.370271e+03
11.7 9.438796e+03 9.413793e+03 9.372102e+03 9.397104e+03
12.7 9.404194e+03 9.380888e+03 9.372102e+03 9.395408e+03
13.7 9.341496e+03 9.343153e+03 9.372100e+03 9.370444e+03
14.7 9.374529e+03 9.369793e+03 9.372099e+03 9.376835e+03
15.7 9.362351e+03 9.379812e+03 9.372100e+03 9.354640e+03
16.7 9.362621e+03 9.371145e+03 9.372101e+03 9.363578e+03
1.0 9.362851e+03 9.342308e+03 9.372102e+03 9.392646e+03
2.0 9.380132e+03 9.417771e+03 9.372101e+03 9.334461e+03
3.0 9.378445e+03 9.382731e+03 9.372099e+03 9.367812e+03
4.0 9.395200e+03 9.375921e+03 9.372100e+03 9.391379e+03
5.0 9.356304e+03 9.358135e+03 9.372101e+03 9.370271e+03
6.0 9.438796e+03 9.413793e+03 9.372102e+03 9.397104e+03
7.0 9.404194e+03 9.380888e+03 9.372102e+03 9.395408e+03
8.0 9.341496e+03 9.343153e+03 9.372100e+03 9.370444e+03
9.0 9.374529e+03 9.369793e+03 9.372099e+03 9.376835e+03
10.0 9.362351e+03 9.379812e+03 9.372100e+03 9.354640e+03
11.0 9.362621e+03 9.371145e+03 9.372101e+03 9.363578e+03
0.3 9.438796e+03 9.413793e+03 9.372102e+03 9.397104e+03
1.3 9.404194e+03 9.380888e+03 9.372102e+03 9.395408e+03
2.3 9.341496e+03 9.343153e+03 9.372100e+03 9.370444e+03
3.3 9.374529e+03 9.369793e+03 9.372099e+03 9.376835e+03
4.3 9.362351e+03 9.379812e+03 9.372100e+03 9.354640e+03
5.3 9.362621e+03 9.371145e+03 9.372101e+03 9.363578e+03
