1.0 1.141899e+03 1.144139e+03 1.145725e+03 1.143485e+03
2.0 1.145214e+03 1.158223e+03 1.151917e+03 1.138908e+03
3.0 1.123336e+03 1.141239e+03 1.154574e+03 1.136672e+03
4.0 1.157146e+03 1.151968e+03 1.151313e+03 1.156491e+03
5.0 1.142427e+03 1.147141e+03 1.147761e+03 1.143047e+03
6.0 1.130979e+03 1.148568e+03 1.145648e+03 1.128058e+03
7.0 1.150444e+03 1.152985e+03 1.144727e+03 1.142186e+03
8.0 1.130947e+03 1.146159e+03 1.144481e+03 1.129269e+03
9.0 1.155429e+03 1.146354e+03 1.144611e+03 1.153686e+03
10.0 1.117470e+03 1.141720e+03 1.144871e+03 1.120621e+03
11.0 1.157812e+03 1.142126e+03 1.145123e+03 1.160809e+03
12.0 1.159275e+03 1.144704e+03 1.145300e+03 1.159871e+03
13.0 1.170694e+03 1.149607e+03 1.145413e+03 1.166500e+03
14.0 1.167469e+03 1.150247e+03 1.145480e+03 1.162702e+03
15.0 1.131011e+03 1.145990e+03 1.145522e+03 1.130543e+03
16.0 1.138871e+03 1.151045e+03 1.145551e+03 1.133377e+03
17.0 1.120150e+03 1.136615e+03 1.145575e+03 1.129110e+03
18.0 1.165161e+03 1.143044e+03 1.145595e+03 1.167712e+03
0.9 1.147998e+03 1.147657e+03 1.146254e+03 1.146595e+03
1.9 1.152605e+03 1.145364e+03 1.152110e+03 1.159352e+03
2.9 1.165889e+03 1.154273e+03 1.155338e+03 1.166954e+03
3.9 1.178092e+03 1.149277e+03 1.152237e+03 1.181052e+03
4.9 1.141235e+03 1.147437e+03 1.148563e+03 1.142361e+03
5.9 1.148363e+03 1.146369e+03 1.146307e+03 1.148301e+03
6.9 1.152676e+03 1.142241e+03 1.145289e+03 1.155723e+03
7.9 1.148282e+03 1.143858e+03 1.144976e+03 1.149400e+03
8.9 1.149312e+03 1.148016e+03 1.145058e+03 1.146354e+03
9.9 1.147663e+03 1.147628e+03 1.145290e+03 1.145325e+03
10.9 1.154237e+03 1.147397e+03 1.145522e+03 1.152363e+03
11.9 1.164997e+03 1.145609e+03 1.145684e+03 1.165072e+03
12.9 1.144840e+03 1.137064e+03 1.145780e+03 1.153556e+03
13.9 1.150964e+03 1.143353e+03 1.145833e+03 1.153443e+03
14.9 1.161948e+03 1.155439e+03 1.145860e+03 1.152369e+03
15.9 1.172998e+03 1.163398e+03 1.145876e+03 1.155476e+03
16.9 1.146247e+03 1.147052e+03 1.145888e+03 1.145082e+03
17.9 1.144708e+03 1.147482e+03 1.145898e+03 1.143123e+03
