1.125204e+04 1.127684e+04 1.127903e+04 1.124985e+04
1.113361e+04 1.119127e+04 1.119292e+04 1.113197e+04
1.121811e+04 1.130235e+04 1.130348e+04 1.121698e+04
1.114832e+04 1.121911e+04 1.122594e+04 1.114149e+04
1.129515e+04 1.138235e+04 1.137150e+04 1.130600e+04
1.130020e+04 1.132589e+04 1.131830e+04 1.130778e+04
1.127910e+04 1.134080e+04 1.126251e+04 1.135738e+04
1.121118e+04 1.114653e+04 1.115095e+04 1.120676e+04
1.119497e+04 1.126670e+04 1.122318e+04 1.123849e+04
1.116786e+04 1.120507e+04 1.120596e+04 1.116698e+04
1.126110e+04 1.123271e+04 1.125314e+04 1.124067e+04
1.132535e+04 1.138388e+04 1.139211e+04 1.131713e+04
1.137372e+04 1.132699e+04 1.133764e+04 1.136307e+04
1.126399e+04 1.119621e+04 1.119826e+04 1.126194e+04
1.139000e+04 1.134983e+04 1.135189e+04 1.138794e+04
1.135692e+04 1.137183e+04 1.137158e+04 1.135716e+04
1.113893e+04 1.111612e+04 1.113778e+04 1.111728e+04
1.124322e+04 1.125298e+04 1.127122e+04 1.122497e+04
1.132846e+04 1.130704e+04 1.131239e+04 1.132311e+04
1.133225e+04 1.124790e+04 1.125224e+04 1.132791e+04
1.120825e+04 1.108877e+04 1.113547e+04 1.116155e+04
1.131915e+04 1.126589e+04 1.127383e+04 1.131121e+04
1.120404e+04 1.116064e+04 1.118452e+04 1.118017e+04
1.118333e+04 1.117953e+04 1.118811e+04 1.117476e+04
1.122061e+04 1.118097e+04 1.119032e+04 1.121127e+04
1.118463e+04 1.112791e+04 1.116858e+04 1.114396e+04
1.117239e+04 1.114721e+04 1.117540e+04 1.114420e+04
1.121461e+04 1.114945e+04 1.115769e+04 1.120637e+04
1.129476e+04 1.129007e+04 1.128786e+04 1.129696e+04
1.134313e+04 1.131508e+04 1.131874e+04 1.133947e+04
1.132863e+04 1.128344e+04 1.129140e+04 1.132067e+04
1.141672e+04 1.141277e+04 1.140769e+04 1.142180e+04
1.126389e+04 1.127956e+04 1.128385e+04 1.125960e+04
1.123249e+04 1.126154e+04 1.126545e+04 1.122857e+04
1.115766e+04 1.114503e+04 1.114327e+04 1.115942e+04
1.132250e+04 1.124732e+04 1.125049e+04 1.131933e+04
1.129963e+04 1.126539e+04 1.127284e+04 1.129218e+04
1.122339e+04 1.117114e+04 1.119129e+04 1.120324e+04
1.127190e+04 1.124319e+04 1.125978e+04 1.125531e+04
1.121775e+04 1.121209e+04 1.123164e+04 1.119820e+04
1.117584e+04 1.117001e+04 1.118833e+04 1.115752e+04
1.111931e+04 1.113429e+04 1.115114e+04 1.110246e+04
1.132459e+04 1.136112e+04 1.134198e+04 1.134373e+04
1.139823e+04 1.140429e+04 1.141107e+04 1.139144e+04
1.123350e+04 1.125111e+04 1.125998e+04 1.122463e+04
1.137761e+04 1.134751e+04 1.135062e+04 1.137450e+04
1.142117e+04 1.140454e+04 1.140309e+04 1.142261e+04
1.127568e+04 1.118818e+04 1.120737e+04 1.125650e+04
1.123683e+04 1.121204e+04 1.123266e+04 1.121621e+04
1.125490e+04 1.124982e+04 1.126736e+04 1.123737e+04
1.125467e+04 1.129436e+04 1.129666e+04 1.125237e+04
1.121715e+04 1.121973e+04 1.122864e+04 1.120824e+04
1.111086e+04 1.115897e+04 1.115813e+04 1.111170e+04
1.122764e+04 1.122889e+04 1.121871e+04 1.123782e+04
1.120597e+04 1.123115e+04 1.122930e+04 1.120782e+04
1.115933e+04 1.119143e+04 1.120675e+04 1.114401e+04
1.122224e+04 1.126115e+04 1.126037e+04 1.122302e+04
1.118670e+04 1.115804e+04 1.115832e+04 1.118641e+04
1.107251e+04 1.114258e+04 1.113622e+04 1.107888e+04
1.117565e+04 1.123128e+04 1.117464e+04 1.123229e+04
1.114069e+04 1.120972e+04 1.118712e+04 1.116329e+04
1.120558e+04 1.123329e+04 1.122755e+04 1.121132e+04
1.129157e+04 1.132982e+04 1.131437e+04 1.130702e+04
1.120294e+04 1.124974e+04 1.126189e+04 1.119079e+04
1.118424e+04 1.119657e+04 1.122198e+04 1.115883e+04
1.117854e+04 1.116465e+04 1.118599e+04 1.115720e+04
1.112929e+04 1.115214e+04 1.117676e+04 1.110468e+04
1.110105e+04 1.114100e+04 1.115929e+04 1.108277e+04
1.110607e+04 1.119720e+04 1.121884e+04 1.108443e+04
1.129909e+04 1.129598e+04 1.129430e+04 1.130077e+04
1.137101e+04 1.135564e+04 1.132552e+04 1.140113e+04
1.127501e+04 1.134107e+04 1.130235e+04 1.131373e+04
1.136187e+04 1.146612e+04 1.141159e+04 1.141640e+04
1.113581e+04 1.116134e+04 1.115191e+04 1.114525e+04
1.153030e+04 1.150453e+04 1.148861e+04 1.154623e+04
1.146323e+04 1.146974e+04 1.144075e+04 1.149222e+04
1.140806e+04 1.140294e+04 1.137893e+04 1.143207e+04
1.132306e+04 1.131242e+04 1.132074e+04 1.131475e+04
1.122232e+04 1.122166e+04 1.124992e+04 1.119407e+04
1.140357e+04 1.134625e+04 1.136371e+04 1.138611e+04
1.147690e+04 1.144297e+04 1.142122e+04 1.149865e+04
1.135929e+04 1.135612e+04 1.134283e+04 1.137259e+04
1.127649e+04 1.126675e+04 1.126390e+04 1.127934e+04
1.125837e+04 1.125453e+04 1.124537e+04 1.126753e+04
1.127867e+04 1.130620e+04 1.129383e+04 1.129103e+04
1.121634e+04 1.122127e+04 1.120732e+04 1.123029e+04
1.123279e+04 1.124491e+04 1.123594e+04 1.124176e+04
1.108711e+04 1.111987e+04 1.113939e+04 1.106759e+04
1.127384e+04 1.126271e+04 1.127203e+04 1.126452e+04
1.132291e+04 1.134352e+04 1.134055e+04 1.132588e+04
1.118647e+04 1.114486e+04 1.115471e+04 1.117662e+04
1.104907e+04 1.104549e+04 1.105265e+04 1.104191e+04
1.118047e+04 1.121990e+04 1.121828e+04 1.118209e+04
1.128169e+04 1.124940e+04 1.125264e+04 1.127845e+04
1.131285e+04 1.134700e+04 1.133119e+04 1.132866e+04
1.140093e+04 1.134581e+04 1.134313e+04 1.140361e+04
1.119517e+04 1.109486e+04 1.113600e+04 1.115403e+04
1.133554e+04 1.132723e+04 1.134570e+04 1.131707e+04
1.124856e+04 1.119735e+04 1.120622e+04 1.123969e+04
1.139698e+04 1.142850e+04 1.140890e+04 1.141658e+04
1.119866e+04 1.119215e+04 1.120137e+04 1.118944e+04
1.143603e+04 1.144945e+04 1.142875e+04 1.145674e+04
1.126243e+04 1.126233e+04 1.125221e+04 1.127254e+04
1.137581e+04 1.137047e+04 1.136014e+04 1.138615e+04
1.127055e+04 1.126528e+04 1.125460e+04 1.128124e+04
1.127517e+04 1.127526e+04 1.126545e+04 1.128499e+04
1.140526e+04 1.138231e+04 1.137193e+04 1.141564e+04
1.124958e+04 1.124820e+04 1.125087e+04 1.124691e+04
1.129051e+04 1.134209e+04 1.133135e+04 1.130125e+04
1.140847e+04 1.141466e+04 1.139956e+04 1.142356e+04
1.130973e+04 1.129097e+04 1.128353e+04 1.131717e+04
1.114767e+04 1.112549e+04 1.112336e+04 1.114980e+04
1.100998e+04 1.098298e+04 1.101915e+04 1.097381e+04
1.118201e+04 1.114546e+04 1.114696e+04 1.118051e+04
1.120720e+04 1.120995e+04 1.119954e+04 1.121761e+04
1.103634e+04 1.106282e+04 1.105905e+04 1.104011e+04
1.117062e+04 1.115101e+04 1.114264e+04 1.117899e+04
1.100358e+04 1.100120e+04 1.099435e+04 1.101043e+04
1.117725e+04 1.113240e+04 1.113864e+04 1.117101e+04
1.111257e+04 1.114931e+04 1.115827e+04 1.110361e+04
1.124667e+04 1.127745e+04 1.126210e+04 1.126202e+04
1.113241e+04 1.117535e+04 1.117091e+04 1.113686e+04
1.134049e+04 1.137925e+04 1.137084e+04 1.134890e+04
1.125921e+04 1.130772e+04 1.130712e+04 1.125981e+04
1.103239e+04 1.106066e+04 1.109713e+04 1.099592e+04
1.109465e+04 1.111595e+04 1.114361e+04 1.106699e+04
1.108036e+04 1.104160e+04 1.106783e+04 1.105413e+04
1.119524e+04 1.116959e+04 1.118156e+04 1.118326e+04
1.140951e+04 1.138361e+04 1.138478e+04 1.140834e+04
1.142790e+04 1.144476e+04 1.143291e+04 1.143975e+04
1.127366e+04 1.124522e+04 1.125988e+04 1.125900e+04
1.116867e+04 1.115097e+04 1.115918e+04 1.116046e+04
1.108405e+04 1.107208e+04 1.106840e+04 1.108773e+04
1.124122e+04 1.122706e+04 1.121842e+04 1.124986e+04
1.139491e+04 1.135880e+04 1.134622e+04 1.140749e+04
1.133831e+04 1.129401e+04 1.129167e+04 1.134065e+04
1.127399e+04 1.125305e+04 1.125639e+04 1.127065e+04
1.137511e+04 1.135710e+04 1.136370e+04 1.136851e+04
1.117758e+04 1.115712e+04 1.118262e+04 1.115208e+04
1.124058e+04 1.123551e+04 1.125901e+04 1.121708e+04
1.125197e+04 1.123704e+04 1.125836e+04 1.123064e+04
1.127247e+04 1.125972e+04 1.126753e+04 1.126466e+04
1.120687e+04 1.119797e+04 1.120141e+04 1.120343e+04
1.121309e+04 1.121683e+04 1.121040e+04 1.121952e+04
1.136884e+04 1.134770e+04 1.133755e+04 1.137899e+04
1.142981e+04 1.141240e+04 1.137963e+04 1.146257e+04
1.136295e+04 1.137572e+04 1.133098e+04 1.140768e+04
1.130397e+04 1.133534e+04 1.130729e+04 1.133202e+04
1.143179e+04 1.143826e+04 1.141307e+04 1.145698e+04
1.137685e+04 1.140308e+04 1.138610e+04 1.139383e+04
1.128375e+04 1.129868e+04 1.130493e+04 1.127750e+04
1.135376e+04 1.139713e+04 1.138788e+04 1.136302e+04
1.125951e+04 1.128482e+04 1.128882e+04 1.125551e+04
1.127899e+04 1.134641e+04 1.133731e+04 1.128809e+04
1.124802e+04 1.126099e+04 1.126593e+04 1.124308e+04
1.125009e+04 1.120941e+04 1.121081e+04 1.124869e+04
1.134204e+04 1.127748e+04 1.127033e+04 1.134920e+04
1.126633e+04 1.126517e+04 1.125024e+04 1.128125e+04
1.119078e+04 1.120551e+04 1.120026e+04 1.119603e+04
1.106182e+04 1.101338e+04 1.103324e+04 1.104196e+04
1.116942e+04 1.118540e+04 1.117977e+04 1.117504e+04
1.126319e+04 1.128128e+04 1.127459e+04 1.126988e+04
1.139991e+04 1.140779e+04 1.140480e+04 1.140290e+04
1.149890e+04 1.155066e+04 1.151896e+04 1.153060e+04
1.133628e+04 1.137537e+04 1.133160e+04 1.138006e+04
1.131306e+04 1.129670e+04 1.127765e+04 1.133211e+04
1.106610e+04 1.098609e+04 1.103008e+04 1.102212e+04
1.117691e+04 1.116886e+04 1.118943e+04 1.115634e+04
1.127144e+04 1.123233e+04 1.123731e+04 1.126646e+04
1.131056e+04 1.137746e+04 1.133892e+04 1.134910e+04
1.115228e+04 1.117048e+04 1.116988e+04 1.115289e+04
1.121022e+04 1.120228e+04 1.119430e+04 1.121820e+04
1.115789e+04 1.116159e+04 1.115429e+04 1.116519e+04
1.117666e+04 1.119713e+04 1.118958e+04 1.118420e+04
1.104295e+04 1.104403e+04 1.103351e+04 1.105348e+04
1.129769e+04 1.132263e+04 1.131913e+04 1.130119e+04
1.125930e+04 1.134551e+04 1.133246e+04 1.127235e+04
1.116048e+04 1.116376e+04 1.117041e+04 1.115383e+04
1.123315e+04 1.124453e+04 1.123463e+04 1.124305e+04
1.109152e+04 1.106962e+04 1.108484e+04 1.107630e+04
1.122983e+04 1.119888e+04 1.121672e+04 1.121200e+04
1.117824e+04 1.112639e+04 1.114559e+04 1.115904e+04
1.137189e+04 1.132221e+04 1.131479e+04 1.137931e+04
1.129701e+04 1.132193e+04 1.130144e+04 1.131750e+04
1.118090e+04 1.114495e+04 1.115026e+04 1.117559e+04
1.116810e+04 1.114388e+04 1.116889e+04 1.114309e+04
1.120085e+04 1.118834e+04 1.121646e+04 1.117273e+04
1.141111e+04 1.136542e+04 1.136044e+04 1.141610e+04
1.133419e+04 1.127557e+04 1.129630e+04 1.131346e+04
1.144672e+04 1.146720e+04 1.145374e+04 1.146017e+04
1.145002e+04 1.141455e+04 1.141872e+04 1.144584e+04
1.112139e+04 1.110816e+04 1.112088e+04 1.110867e+04
1.115897e+04 1.120902e+04 1.120774e+04 1.116025e+04
1.131093e+04 1.131266e+04 1.130753e+04 1.131606e+04
1.118140e+04 1.121029e+04 1.120217e+04 1.118952e+04
1.127747e+04 1.128222e+04 1.128455e+04 1.127513e+04
1.133994e+04 1.129833e+04 1.130431e+04 1.133396e+04
1.142090e+04 1.145968e+04 1.144838e+04 1.143219e+04
1.123014e+04 1.124344e+04 1.124282e+04 1.123076e+04
1.126676e+04 1.124584e+04 1.124070e+04 1.127190e+04
1.135390e+04 1.140738e+04 1.138590e+04 1.137538e+04
1.126871e+04 1.130664e+04 1.128225e+04 1.129310e+04
1.108523e+04 1.111418e+04 1.112721e+04 1.107220e+04
1.109065e+04 1.109658e+04 1.111958e+04 1.106765e+04
1.119671e+04 1.120357e+04 1.122212e+04 1.117816e+04
1.111199e+04 1.114000e+04 1.114907e+04 1.110291e+04
1.147804e+04 1.150243e+04 1.146862e+04 1.151185e+04
1.129006e+04 1.133243e+04 1.130218e+04 1.132031e+04
1.124296e+04 1.126249e+04 1.124855e+04 1.125690e+04
1.114540e+04 1.117803e+04 1.117395e+04 1.114947e+04
1.136150e+04 1.140340e+04 1.139361e+04 1.137129e+04
1.131138e+04 1.127855e+04 1.127116e+04 1.131877e+04
1.106649e+04 1.103769e+04 1.106550e+04 1.103867e+04
1.125112e+04 1.121002e+04 1.120820e+04 1.125295e+04
1.135316e+04 1.129883e+04 1.128763e+04 1.136437e+04
1.129299e+04 1.126139e+04 1.127411e+04 1.128027e+04
1.120861e+04 1.121104e+04 1.122997e+04 1.118968e+04
