0.8 8.725638e+03 8.756982e+03 8.717846e+03 8.686502e+03
1.8 8.696577e+03 8.715460e+03 8.704391e+03 8.685508e+03
2.8 8.650098e+03 8.673461e+03 8.695756e+03 8.672392e+03
3.8 8.746942e+03 8.661303e+03 8.702581e+03 8.788220e+03
4.8 8.731069e+03 8.685197e+03 8.711344e+03 8.757216e+03
5.8 8.809486e+03 8.733185e+03 8.716791e+03 8.793092e+03
6.8 8.877790e+03 8.749941e+03 8.719234e+03 8.847083e+03
7.8 8.973950e+03 8.804276e+03 8.719968e+03 8.889642e+03
8.8 8.934297e+03 8.799010e+03 8.719723e+03 8.855010e+03
9.8 8.838443e+03 8.778152e+03 8.719108e+03 8.779399e+03
10.8 8.748971e+03 8.765012e+03 8.718483e+03 8.702441e+03
11.8 8.768444e+03 8.724250e+03 8.718029e+03 8.762224e+03
12.8 8.816103e+03 8.683754e+03 8.717731e+03 8.850079e+03
13.8 8.586256e+03 8.662635e+03 8.717552e+03 8.641172e+03
14.8 8.506586e+03 8.655543e+03 8.717435e+03 8.568478e+03
15.8 8.452281e+03 8.659734e+03 8.717350e+03 8.509898e+03
16.8 8.631096e+03 8.710581e+03 8.717282e+03 8.637796e+03
17.8 8.682991e+03 8.759039e+03 8.717221e+03 8.641173e+03
0.8 8.681702e+03 8.747060e+03 8.715988e+03 8.650631e+03
1.8 8.497585e+03 8.707883e+03 8.702648e+03 8.492350e+03
2.8 8.672675e+03 8.669623e+03 8.694095e+03 8.697148e+03
3.8 8.595241e+03 8.680938e+03 8.701057e+03 8.615360e+03
4.8 8.683039e+03 8.708582e+03 8.709924e+03 8.684381e+03
5.8 8.672326e+03 8.706546e+03 8.715470e+03 8.681250e+03
6.8 8.731265e+03 8.709101e+03 8.718008e+03 8.740171e+03
7.8 8.777663e+03 8.701169e+03 8.718828e+03 8.795322e+03
8.8 8.644190e+03 8.684302e+03 8.718675e+03 8.678563e+03
9.8 8.755622e+03 8.679746e+03 8.718143e+03 8.794019e+03
10.8 8.687843e+03 8.730852e+03 8.717598e+03 8.674589e+03
11.8 8.695542e+03 8.764529e+03 8.717219e+03 8.648232e+03
12.8 8.783142e+03 8.752529e+03 8.716996e+03 8.747609e+03
13.8 8.781203e+03 8.735561e+03 8.716879e+03 8.762521e+03
14.8 8.812123e+03 8.718796e+03 8.716823e+03 8.810151e+03
15.8 8.604312e+03 8.726867e+03 8.716794e+03 8.594240e+03
16.8 8.797624e+03 8.713257e+03 8.716780e+03 8.801147e+03
17.8 8.729514e+03 8.691597e+03 8.716771e+03 8.754688e+03
0.8 8.747311e+03 8.707977e+03 8.716131e+03 8.755464e+03
1.8 8.728506e+03 8.670550e+03 8.702678e+03 8.760634e+03
2.8 8.736898e+03 8.650670e+03 8.694125e+03 8.780354e+03
3.8 8.655036e+03 8.688716e+03 8.700845e+03 8.667166e+03
4.8 8.734600e+03 8.738651e+03 8.709955e+03 8.705903e+03
5.8 8.625664e+03 8.729530e+03 8.715407e+03 8.611541e+03
6.8 8.648622e+03 8.717373e+03 8.718040e+03 8.649289e+03
7.8 8.681977e+03 8.726111e+03 8.718861e+03 8.674727e+03
8.8 8.656770e+03 8.710488e+03 8.718720e+03 8.665001e+03
9.8 8.665675e+03 8.706955e+03 8.718178e+03 8.676899e+03
10.8 8.797380e+03 8.743184e+03 8.717645e+03 8.771841e+03
11.8 8.742843e+03 8.737856e+03 8.717256e+03 8.722242e+03
12.8 8.888427e+03 8.705401e+03 8.717034e+03 8.900060e+03
13.8 8.826760e+03 8.680702e+03 8.716920e+03 8.862978e+03
14.8 8.781699e+03 8.672347e+03 8.716866e+03 8.826218e+03
15.8 8.800315e+03 8.706069e+03 8.716842e+03 8.811089e+03
16.8 8.808589e+03 8.737667e+03 8.716830e+03 8.787752e+03
17.8 8.653545e+03 8.731538e+03 8.716821e+03 8.638828e+03
0.6 8.623960e+03 8.717529e+03 8.716735e+03 8.623165e+03
1.6 8.688412e+03 8.687549e+03 8.706600e+03 8.707464e+03
2.6 8.707843e+03 8.663366e+03 8.694415e+03 8.738892e+03
3.6 8.624070e+03 8.662726e+03 8.698988e+03 8.660332e+03
4.6 8.621336e+03 8.671061e+03 8.708254e+03 8.658529e+03
5.6 8.634153e+03 8.694443e+03 8.714616e+03 8.654326e+03
6.6 8.772189e+03 8.739725e+03 8.717672e+03 8.750136e+03
7.6 8.757177e+03 8.744987e+03 8.718795e+03 8.730984e+03
8.6 8.743321e+03 8.721081e+03 8.718796e+03 8.741036e+03
9.6 8.714287e+03 8.709983e+03 8.718295e+03 8.722600e+03
10.6 8.828164e+03 8.716996e+03 8.717716e+03 8.828884e+03
11.6 8.781436e+03 8.709476e+03 8.717284e+03 8.789243e+03
12.6 8.556595e+03 8.696904e+03 8.717013e+03 8.576704e+03
13.6 8.577189e+03 8.689377e+03 8.716858e+03 8.604670e+03
14.6 8.775372e+03 8.697043e+03 8.716773e+03 8.795102e+03
15.6 8.712082e+03 8.737681e+03 8.716720e+03 8.691122e+03
16.6 8.645746e+03 8.747201e+03 8.716680e+03 8.615225e+03
17.6 8.760967e+03 8.725700e+03 8.716644e+03 8.751911e+03
