0.2 3.901306e+03 3.904765e+03 3.917287e+03 3.913827e+03
1.2 3.926481e+03 3.888087e+03 3.922596e+03 3.960990e+03
2.2 3.995881e+03 3.904836e+03 3.948715e+03 4.039760e+03
3.2 4.085372e+03 3.910285e+03 3.953092e+03 4.128179e+03
4.2 3.982361e+03 3.911986e+03 3.938677e+03 4.009052e+03
5.2 3.936916e+03 3.914653e+03 3.925263e+03 3.947526e+03
6.2 3.996901e+03 3.905911e+03 3.918043e+03 4.009033e+03
7.2 3.885057e+03 3.895324e+03 3.914839e+03 3.904573e+03
8.2 4.012192e+03 3.889733e+03 3.914147e+03 4.036606e+03
9.2 4.134539e+03 3.888122e+03 3.914709e+03 4.161126e+03
10.2 4.096967e+03 3.890472e+03 3.915687e+03 4.122182e+03
11.2 4.057996e+03 3.913403e+03 3.916524e+03 4.061117e+03
12.2 4.087552e+03 3.935221e+03 3.917097e+03 4.069428e+03
13.2 4.094129e+03 3.949888e+03 3.917415e+03 4.061656e+03
14.2 4.073006e+03 3.985201e+03 3.917582e+03 4.005387e+03
15.2 4.124271e+03 3.976169e+03 3.917670e+03 4.065772e+03
16.2 4.028523e+03 3.960039e+03 3.917720e+03 3.986204e+03
17.2 4.156437e+03 3.934868e+03 3.917753e+03 4.139322e+03
0.1 4.035217e+03 3.903838e+03 3.918062e+03 4.049440e+03
1.1 4.040933e+03 3.907777e+03 3.922907e+03 4.056063e+03
2.1 4.129967e+03 3.931403e+03 3.948939e+03 4.147503e+03
3.1 3.852666e+03 3.935849e+03 3.954041e+03 3.870857e+03
4.1 3.958082e+03 3.931621e+03 3.939769e+03 3.966231e+03
5.1 3.908362e+03 3.926823e+03 3.926189e+03 3.907728e+03
6.1 3.958345e+03 3.942634e+03 3.918815e+03 3.934526e+03
7.1 4.049766e+03 3.990998e+03 3.915505e+03 3.974272e+03
8.1 4.017576e+03 3.977906e+03 3.914736e+03 3.954406e+03
9.1 3.783022e+03 3.941600e+03 3.915243e+03 3.756665e+03
10.1 3.989931e+03 3.913954e+03 3.916182e+03 3.992159e+03
11.1 3.812558e+03 3.898032e+03 3.916991e+03 3.831517e+03
12.1 3.809742e+03 3.890715e+03 3.917538e+03 3.836565e+03
13.1 3.897474e+03 3.889446e+03 3.917827e+03 3.925855e+03
14.1 3.895407e+03 3.892454e+03 3.917962e+03 3.920915e+03
15.1 3.873011e+03 3.908019e+03 3.918014e+03 3.883006e+03
16.1 4.148537e+03 3.921398e+03 3.918026e+03 4.145165e+03
17.1 3.990809e+03 3.916869e+03 3.918021e+03 3.991961e+03
0.5 3.903785e+03 3.893525e+03 3.917485e+03 3.927745e+03
1.5 3.837136e+03 3.905901e+03 3.930269e+03 3.861505e+03
2.5 3.800181e+03 3.929205e+03 3.953436e+03 3.824412e+03
3.5 3.882198e+03 3.925999e+03 3.949604e+03 3.905802e+03
4.5 3.774773e+03 3.911808e+03 3.933806e+03 3.796771e+03
5.5 4.022562e+03 3.905120e+03 3.922555e+03 4.039997e+03
6.5 3.919210e+03 3.900968e+03 3.916660e+03 3.934902e+03
7.5 3.953354e+03 3.896468e+03 3.914424e+03 3.971310e+03
8.5 3.905663e+03 3.901533e+03 3.922037e+03 3.926167e+03
9.5 3.936863e+03 3.926509e+03 3.948637e+03 3.958990e+03
10.5 4.176292e+03 3.929234e+03 3.950332e+03 4.197390e+03
11.5 3.942021e+03 3.928375e+03 3.935657e+03 3.949303e+03
12.5 3.788765e+03 3.927681e+03 3.923820e+03 3.784904e+03
13.5 3.837426e+03 3.915032e+03 3.917467e+03 3.839861e+03
14.5 3.974809e+03 3.901007e+03 3.914771e+03 3.988572e+03
15.5 4.013778e+03 3.893264e+03 3.914347e+03 4.034860e+03
16.5 3.917398e+03 3.902249e+03 3.915048e+03 3.930196e+03
17.5 3.986516e+03 3.926407e+03 3.916028e+03 3.976137e+03
0.3 3.953354e+03 3.896468e+03 3.914424e+03 3.971310e+03
1.3 3.905663e+03 3.901533e+03 3.922037e+03 3.926167e+03
2.3 3.936863e+03 3.926509e+03 3.948637e+03 3.958990e+03
3.3 4.176292e+03 3.929234e+03 3.950332e+03 4.197390e+03
4.3 3.942021e+03 3.928375e+03 3.935657e+03 3.949303e+03
5.3 3.788765e+03 3.927681e+03 3.923820e+03 3.784904e+03
6.3 3.837426e+03 3.915032e+03 3.917467e+03 3.839861e+03
7.3 3.974809e+03 3.901007e+03 3.914771e+03 3.988572e+03
8.3 4.013778e+03 3.893264e+03 3.914347e+03 4.034860e+03
9.3 3.917398e+03 3.902249e+03 3.915048e+03 3.930196e+03
10.3 3.986516e+03 3.926407e+03 3.916028e+03 3.976137e+03
11.3 4.005080e+03 3.926014e+03 3.916855e+03 3.995922e+03
12.3 3.905625e+03 3.910446e+03 3.917416e+03 3.912595e+03
13.3 3.926865e+03 3.900115e+03 3.917735e+03 3.944484e+03
14.3 4.250372e+03 3.914211e+03 3.917917e+03 4.254077e+03
15.3 4.083907e+03 3.925459e+03 3.918024e+03 4.076472e+03
16.3 3.959050e+03 3.914904e+03 3.918099e+03 3.962245e+03
17.3 3.771379e+03 3.900871e+03 3.918161e+03 3.788669e+03
0.9 3.892481e+03 3.897849e+03 3.921342e+03 3.915973e+03
1.9 3.856612e+03 3.919124e+03 3.945143e+03 3.882632e+03
2.9 3.762661e+03 3.932081e+03 3.956199e+03 3.786778e+03
3.9 3.846788e+03 3.937870e+03 3.943506e+03 3.852424e+03
4.9 3.932286e+03 3.935891e+03 3.929292e+03 3.925687e+03
5.9 3.925590e+03 3.919934e+03 3.920710e+03 3.926366e+03
6.9 3.978830e+03 3.905886e+03 3.916879e+03 3.989823e+03
7.9 3.715479e+03 3.898599e+03 3.915738e+03 3.732617e+03
8.9 3.951532e+03 3.907950e+03 3.916112e+03 3.959694e+03
9.9 3.843386e+03 3.928262e+03 3.917029e+03 3.832154e+03
10.9 3.702803e+03 3.918285e+03 3.917932e+03 3.702450e+03
11.9 3.865864e+03 3.845461e+03 3.918553e+03 3.938955e+03
12.9 3.633384e+03 3.815030e+03 3.918926e+03 3.737281e+03
13.9 3.743768e+03 3.843786e+03 3.919121e+03 3.819103e+03
14.9 3.860991e+03 3.876528e+03 3.919227e+03 3.903690e+03
15.9 3.851457e+03 3.899608e+03 3.919292e+03 3.871141e+03
16.9 3.810993e+03 3.911653e+03 3.919340e+03 3.818681e+03
17.9 4.019176e+03 3.915466e+03 3.919383e+03 4.023093e+03
