0.4 7.704178e+03 7.520465e+03 7.545774e+03 7.729486e+03
1.4 7.474998e+03 7.517416e+03 7.540595e+03 7.498177e+03
2.4 7.658699e+03 7.511456e+03 7.528993e+03 7.676236e+03
3.4 7.357948e+03 7.513958e+03 7.530070e+03 7.374059e+03
4.4 7.152285e+03 7.515111e+03 7.537407e+03 7.174582e+03
5.4 7.224327e+03 7.521230e+03 7.543092e+03 7.246189e+03
6.4 7.218114e+03 7.529720e+03 7.545961e+03 7.234355e+03
7.4 7.222107e+03 7.535494e+03 7.547119e+03 7.233732e+03
8.4 7.722006e+03 7.538267e+03 7.547267e+03 7.731007e+03
9.4 8.089170e+03 7.538906e+03 7.546918e+03 8.097181e+03
10.4 7.876089e+03 7.531944e+03 7.546446e+03 7.890591e+03
11.4 7.909958e+03 7.521616e+03 7.546071e+03 7.934414e+03
12.4 7.826452e+03 7.541459e+03 7.545827e+03 7.830820e+03
13.4 7.873287e+03 7.613928e+03 7.545685e+03 7.805044e+03
14.4 7.953202e+03 7.623295e+03 7.545608e+03 7.875515e+03
15.4 7.865680e+03 7.588166e+03 7.545563e+03 7.823076e+03
16.4 7.793219e+03 7.549689e+03 7.545532e+03 7.789061e+03
17.4 7.600034e+03 7.471475e+03 7.545507e+03 7.674066e+03
0.5 7.558970e+03 7.529419e+03 7.545845e+03 7.575396e+03
1.5 7.582804e+03 7.527886e+03 7.539437e+03 7.594356e+03
2.5 7.604799e+03 7.522379e+03 7.528596e+03 7.611016e+03
3.5 7.724978e+03 7.528410e+03 7.530727e+03 7.727295e+03
4.5 7.751867e+03 7.534866e+03 7.538292e+03 7.755293e+03
5.5 7.696806e+03 7.532499e+03 7.543610e+03 7.707917e+03
6.5 7.696782e+03 7.535487e+03 7.546390e+03 7.707685e+03
7.5 7.657668e+03 7.541902e+03 7.547447e+03 7.663213e+03
8.5 7.670606e+03 7.546264e+03 7.547555e+03 7.671898e+03
9.5 7.629708e+03 7.542117e+03 7.547203e+03 7.634794e+03
10.5 7.574700e+03 7.485458e+03 7.546770e+03 7.636012e+03
11.5 7.444161e+03 7.437450e+03 7.546424e+03 7.553135e+03
12.5 7.250286e+03 7.399653e+03 7.546218e+03 7.396851e+03
13.5 7.233016e+03 7.326591e+03 7.546110e+03 7.452536e+03
14.5 7.050254e+03 7.399705e+03 7.546060e+03 7.196609e+03
15.5 7.433505e+03 7.594486e+03 7.546040e+03 7.385059e+03
16.5 7.877783e+03 7.712575e+03 7.546032e+03 7.711240e+03
17.5 7.869924e+03 7.685556e+03 7.546028e+03 7.730396e+03
0.4 7.660459e+03 7.531999e+03 7.545929e+03 7.674389e+03
1.4 7.582435e+03 7.533001e+03 7.541042e+03 7.590476e+03
2.4 7.715089e+03 7.525394e+03 7.529127e+03 7.718822e+03
3.4 7.329088e+03 7.528415e+03 7.530039e+03 7.330712e+03
4.4 7.129275e+03 7.553758e+03 7.537525e+03 7.113042e+03
5.4 7.797581e+03 7.653812e+03 7.543100e+03 7.686868e+03
6.4 7.625391e+03 7.710259e+03 7.546017e+03 7.461149e+03
7.4 7.472776e+03 7.661363e+03 7.547215e+03 7.358628e+03
8.4 7.392449e+03 7.599206e+03 7.547360e+03 7.340604e+03
9.4 7.470060e+03 7.558310e+03 7.547000e+03 7.458751e+03
10.4 7.642023e+03 7.531388e+03 7.546532e+03 7.657168e+03
11.4 7.512411e+03 7.519718e+03 7.546148e+03 7.538842e+03
12.4 7.446409e+03 7.523395e+03 7.545890e+03 7.468904e+03
13.4 7.452302e+03 7.531376e+03 7.545743e+03 7.466669e+03
14.4 7.149651e+03 7.538093e+03 7.545657e+03 7.157215e+03
15.4 7.323908e+03 7.537828e+03 7.545605e+03 7.331686e+03
16.4 7.300853e+03 7.532403e+03 7.545567e+03 7.314017e+03
17.4 7.234642e+03 7.542993e+03 7.545534e+03 7.237184e+03
