0.4 8.682991e+03 8.759039e+03 8.713379e+03 8.637331e+03
1.4 8.821001e+03 8.753594e+03 8.726982e+03 8.794389e+03
2.4 8.824771e+03 8.746781e+03 8.757462e+03 8.835452e+03
3.4 8.732914e+03 8.734042e+03 8.754632e+03 8.753504e+03
4.4 8.932708e+03 8.751263e+03 8.735357e+03 8.916802e+03
5.4 8.851860e+03 8.736273e+03 8.720424e+03 8.836011e+03
6.4 8.827402e+03 8.699627e+03 8.712885e+03 8.840661e+03
7.4 8.748264e+03 8.673430e+03 8.709844e+03 8.784678e+03
8.4 8.533518e+03 8.661288e+03 8.709456e+03 8.581685e+03
9.4 8.712653e+03 8.659721e+03 8.710374e+03 8.763306e+03
10.4 8.718894e+03 8.701234e+03 8.711612e+03 8.729272e+03
11.4 8.671411e+03 8.762213e+03 8.712597e+03 8.621795e+03
12.4 8.770593e+03 8.762040e+03 8.713238e+03 8.721790e+03
13.4 8.680650e+03 8.746504e+03 8.713612e+03 8.647759e+03
14.4 8.743776e+03 8.717243e+03 8.713813e+03 8.740346e+03
15.4 8.609703e+03 8.685670e+03 8.713932e+03 8.637965e+03
16.4 8.562073e+03 8.672947e+03 8.714013e+03 8.603139e+03
17.4 8.702208e+03 8.706716e+03 8.714080e+03 8.709572e+03
0.5 8.625664e+03 8.729530e+03 8.713191e+03 8.609324e+03
1.5 8.648622e+03 8.717373e+03 8.730024e+03 8.661273e+03
2.5 8.681977e+03 8.726111e+03 8.758505e+03 8.714371e+03
3.5 8.656770e+03 8.710488e+03 8.752905e+03 8.699187e+03
4.5 8.665675e+03 8.706955e+03 8.733034e+03 8.691754e+03
5.5 8.797380e+03 8.743184e+03 8.719063e+03 8.773259e+03
6.5 8.742843e+03 8.737856e+03 8.711760e+03 8.716747e+03
7.5 8.888427e+03 8.705401e+03 8.708983e+03 8.892008e+03
8.5 8.826760e+03 8.680702e+03 8.708698e+03 8.854755e+03
9.5 8.781699e+03 8.672347e+03 8.709625e+03 8.818977e+03
10.5 8.800315e+03 8.706069e+03 8.710760e+03 8.805007e+03
11.5 8.808589e+03 8.737667e+03 8.711670e+03 8.782592e+03
12.5 8.653545e+03 8.731538e+03 8.712212e+03 8.634219e+03
13.5 8.622327e+03 8.722413e+03 8.712494e+03 8.612409e+03
14.5 8.600983e+03 8.711965e+03 8.712626e+03 8.601644e+03
15.5 8.822344e+03 8.739919e+03 8.712678e+03 8.795103e+03
16.5 8.911644e+03 8.754350e+03 8.712700e+03 8.869994e+03
17.5 8.721880e+03 8.724832e+03 8.712712e+03 8.709760e+03
0.4 8.754954e+03 8.738771e+03 8.712969e+03 8.729152e+03
1.4 8.740211e+03 8.719945e+03 8.725809e+03 8.746075e+03
2.4 8.733191e+03 8.727416e+03 8.757109e+03 8.762884e+03
3.4 8.716672e+03 8.713404e+03 8.754712e+03 8.757980e+03
4.4 8.685495e+03 8.697332e+03 8.735046e+03 8.723209e+03
5.4 8.656503e+03 8.726695e+03 8.720402e+03 8.650210e+03
6.4 8.757070e+03 8.746103e+03 8.712739e+03 8.723706e+03
7.4 8.833418e+03 8.729535e+03 8.709591e+03 8.813474e+03
8.4 8.719911e+03 8.776643e+03 8.709210e+03 8.652478e+03
9.4 8.654749e+03 8.798093e+03 8.710156e+03 8.566812e+03
10.4 8.743077e+03 8.788433e+03 8.711385e+03 8.666029e+03
11.4 8.770720e+03 8.765408e+03 8.712396e+03 8.717708e+03
12.4 8.686960e+03 8.720255e+03 8.713074e+03 8.679778e+03
13.4 8.632386e+03 8.685714e+03 8.713460e+03 8.660131e+03
14.4 8.641128e+03 8.669265e+03 8.713684e+03 8.685547e+03
15.4 8.654524e+03 8.691041e+03 8.713821e+03 8.677304e+03
16.4 8.726197e+03 8.737388e+03 8.713921e+03 8.702730e+03
17.4 8.587134e+03 8.737263e+03 8.714008e+03 8.563878e+03
