0.4 1.028449e+04 1.033901e+04 1.031217e+04 1.025765e+04
1.4 1.008027e+04 1.030952e+04 1.032150e+04 1.009224e+04
2.4 1.016223e+04 1.029863e+04 1.034124e+04 1.020484e+04
3.4 1.017233e+04 1.029449e+04 1.033858e+04 1.021642e+04
4.4 1.016947e+04 1.033711e+04 1.032598e+04 1.015834e+04
5.4 1.021372e+04 1.035104e+04 1.031634e+04 1.017902e+04
6.4 1.023106e+04 1.031724e+04 1.031148e+04 1.022531e+04
7.4 1.036477e+04 1.028304e+04 1.030949e+04 1.039122e+04
8.4 1.043994e+04 1.026487e+04 1.030924e+04 1.048431e+04
9.4 1.026319e+04 1.026117e+04 1.030980e+04 1.031181e+04
10.4 1.032061e+04 1.029345e+04 1.031055e+04 1.033771e+04
11.4 1.025771e+04 1.032432e+04 1.031113e+04 1.024453e+04
12.4 1.039437e+04 1.031228e+04 1.031150e+04 1.039359e+04
13.4 1.010975e+04 1.028797e+04 1.031168e+04 1.013346e+04
14.4 1.023104e+04 1.027156e+04 1.031176e+04 1.027123e+04
15.4 1.006814e+04 1.028178e+04 1.031179e+04 1.009815e+04
16.4 1.043676e+04 1.034936e+04 1.031179e+04 1.039919e+04
17.4 1.042578e+04 1.037901e+04 1.031178e+04 1.035855e+04
0.1 1.019013e+04 1.031704e+04 1.031172e+04 1.018480e+04
1.1 1.023455e+04 1.028189e+04 1.031567e+04 1.026832e+04
2.1 1.044140e+04 1.028204e+04 1.033690e+04 1.049625e+04
3.1 1.045122e+04 1.028032e+04 1.034106e+04 1.051196e+04
4.1 1.044862e+04 1.027003e+04 1.032909e+04 1.050769e+04
5.1 1.031577e+04 1.026351e+04 1.031834e+04 1.037060e+04
6.1 1.041498e+04 1.026622e+04 1.031232e+04 1.046108e+04
7.1 1.021103e+04 1.031332e+04 1.030963e+04 1.020733e+04
8.1 1.051964e+04 1.034304e+04 1.030900e+04 1.048561e+04
9.1 1.040991e+04 1.036397e+04 1.030944e+04 1.035538e+04
10.1 1.046941e+04 1.041313e+04 1.031020e+04 1.036649e+04
11.1 1.053302e+04 1.038217e+04 1.031087e+04 1.046171e+04
12.1 1.028320e+04 1.033530e+04 1.031133e+04 1.025923e+04
13.1 1.034348e+04 1.035821e+04 1.031158e+04 1.029684e+04
14.1 1.034116e+04 1.036213e+04 1.031170e+04 1.029073e+04
15.1 1.020904e+04 1.032095e+04 1.031176e+04 1.019985e+04
16.1 1.024733e+04 1.031032e+04 1.031179e+04 1.024880e+04
17.1 1.020557e+04 1.037885e+04 1.031181e+04 1.013852e+04
0.3 1.020934e+04 1.030074e+04 1.031213e+04 1.022073e+04
1.3 1.038927e+04 1.029341e+04 1.031809e+04 1.041395e+04
2.3 1.029782e+04 1.030747e+04 1.033930e+04 1.032965e+04
3.3 1.033121e+04 1.031340e+04 1.034051e+04 1.035831e+04
4.3 1.047288e+04 1.035165e+04 1.032832e+04 1.044956e+04
5.3 1.031764e+04 1.036696e+04 1.031786e+04 1.026855e+04
6.3 1.059739e+04 1.033484e+04 1.031239e+04 1.057494e+04
7.3 1.047951e+04 1.028498e+04 1.031004e+04 1.050457e+04
8.3 1.033698e+04 1.025739e+04 1.030962e+04 1.038922e+04
9.3 1.033080e+04 1.028496e+04 1.031015e+04 1.035599e+04
10.3 1.031354e+04 1.032544e+04 1.031095e+04 1.029905e+04
11.3 1.029430e+04 1.032174e+04 1.031162e+04 1.028418e+04
12.3 1.000316e+04 1.025804e+04 1.031208e+04 1.005720e+04
13.3 1.020359e+04 1.016935e+04 1.031233e+04 1.034657e+04
14.3 1.008472e+04 1.017737e+04 1.031247e+04 1.021982e+04
15.3 1.046363e+04 1.024227e+04 1.031255e+04 1.053391e+04
16.3 1.024102e+04 1.031642e+04 1.031261e+04 1.023720e+04
17.3 1.041040e+04 1.033711e+04 1.031265e+04 1.038594e+04
