1.0 9.865808e+03 1.001435e+04 1.008654e+04 9.937999e+03
2.0 9.948223e+03 1.007781e+04 1.014768e+04 1.001810e+04
3.0 1.011433e+04 1.014034e+04 1.020508e+04 1.017907e+04
4.0 1.005582e+04 1.011375e+04 1.017700e+04 1.011907e+04
5.0 1.000533e+04 1.005954e+04 1.012684e+04 1.007264e+04
6.0 9.937731e+03 1.004815e+04 1.011287e+04 1.000246e+04
7.0 1.022949e+04 1.009991e+04 1.015916e+04 1.028875e+04
8.0 1.008711e+04 1.010352e+04 1.015894e+04 1.014253e+04
9.0 1.004802e+04 1.006795e+04 1.012163e+04 1.010170e+04
10.0 1.015968e+04 1.003887e+04 1.009205e+04 1.021286e+04
11.0 1.013862e+04 1.002375e+04 1.007714e+04 1.019202e+04
12.0 1.012978e+04 1.002018e+04 1.007414e+04 1.018374e+04
13.0 1.017635e+04 1.007137e+04 1.012601e+04 1.023100e+04
14.0 1.012224e+04 1.014792e+04 1.020319e+04 1.017751e+04
15.0 1.017105e+04 1.015459e+04 1.019303e+04 1.020948e+04
16.0 1.019230e+04 1.016266e+04 1.013959e+04 1.016923e+04
17.0 1.008070e+04 1.012621e+04 1.010016e+04 1.005465e+04
18.0 1.006979e+04 1.006830e+04 1.007938e+04 1.008088e+04
0.4 1.000533e+04 1.005954e+04 1.012684e+04 1.007264e+04
1.4 9.937731e+03 1.004815e+04 1.011287e+04 1.000246e+04
2.4 1.022949e+04 1.009991e+04 1.015916e+04 1.028875e+04
3.4 1.008711e+04 1.010352e+04 1.015894e+04 1.014253e+04
4.4 1.004802e+04 1.006795e+04 1.012163e+04 1.010170e+04
5.4 1.015968e+04 1.003887e+04 1.009205e+04 1.021286e+04
6.4 1.013862e+04 1.002375e+04 1.007714e+04 1.019202e+04
7.4 1.012978e+04 1.002018e+04 1.007414e+04 1.018374e+04
8.4 1.017635e+04 1.007137e+04 1.012601e+04 1.023100e+04
9.4 1.012224e+04 1.014792e+04 1.020319e+04 1.017751e+04
10.4 1.017105e+04 1.015459e+04 1.019303e+04 1.020948e+04
11.4 1.019230e+04 1.016266e+04 1.013959e+04 1.016923e+04
12.4 1.008070e+04 1.012621e+04 1.010016e+04 1.005465e+04
13.4 1.006979e+04 1.006830e+04 1.007938e+04 1.008088e+04
14.4 1.007824e+04 1.004384e+04 1.007168e+04 1.010607e+04
15.4 1.016358e+04 1.012180e+04 1.007116e+04 1.011293e+04
16.4 1.014117e+04 1.017852e+04 1.007415e+04 1.003681e+04
17.4 1.022564e+04 1.013159e+04 1.007777e+04 1.017182e+04
0.9 1.012978e+04 1.002018e+04 1.007414e+04 1.018374e+04
1.9 1.017635e+04 1.007137e+04 1.012601e+04 1.023100e+04
2.9 1.012224e+04 1.014792e+04 1.020319e+04 1.017751e+04
3.9 1.017105e+04 1.015459e+04 1.019303e+04 1.020948e+04
4.9 1.019230e+04 1.016266e+04 1.013959e+04 1.016923e+04
5.9 1.008070e+04 1.012621e+04 1.010016e+04 1.005465e+04
6.9 1.006979e+04 1.006830e+04 1.007938e+04 1.008088e+04
7.9 1.007824e+04 1.004384e+04 1.007168e+04 1.010607e+04
8.9 1.016358e+04 1.012180e+04 1.007116e+04 1.011293e+04
9.9 1.014117e+04 1.017852e+04 1.007415e+04 1.003681e+04
10.9 1.022564e+04 1.013159e+04 1.007777e+04 1.017182e+04
11.9 1.018709e+04 1.006746e+04 1.008075e+04 1.020038e+04
12.9 1.004091e+04 1.003085e+04 1.008266e+04 1.009272e+04
13.9 1.020753e+04 1.006208e+04 1.008379e+04 1.022924e+04
14.9 1.026552e+04 1.014338e+04 1.008446e+04 1.020660e+04
15.9 1.026679e+04 1.014067e+04 1.008488e+04 1.021100e+04
16.9 1.025507e+04 1.011642e+04 1.008520e+04 1.022384e+04
17.9 1.014651e+04 1.008852e+04 1.008546e+04 1.014345e+04
0.2 1.007963e+04 1.005646e+04 1.008776e+04 1.011093e+04
1.2 1.011802e+04 1.003511e+04 1.009706e+04 1.017997e+04
2.2 1.013624e+04 1.009416e+04 1.016960e+04 1.021168e+04
3.2 1.019012e+04 1.013652e+04 1.021416e+04 1.026776e+04
4.2 1.018753e+04 1.013962e+04 1.017808e+04 1.022599e+04
5.2 1.013996e+04 1.014392e+04 1.012696e+04 1.012300e+04
6.2 1.010269e+04 1.013057e+04 1.009559e+04 1.006771e+04
7.2 1.028122e+04 1.016103e+04 1.008026e+04 1.020046e+04
8.2 1.019482e+04 1.013307e+04 1.007534e+04 1.013709e+04
9.2 1.010169e+04 1.007862e+04 1.007590e+04 1.009897e+04
10.2 1.005799e+04 1.006487e+04 1.007875e+04 1.007188e+04
11.2 1.003622e+04 1.005235e+04 1.008157e+04 1.006544e+04
12.2 1.009335e+04 1.003174e+04 1.008359e+04 1.014519e+04
13.2 9.908981e+03 1.001955e+04 1.008464e+04 9.974071e+03
14.2 9.983560e+03 1.002278e+04 1.008507e+04 1.004585e+04
15.2 1.003797e+04 1.009249e+04 1.008515e+04 1.003062e+04
16.2 1.012922e+04 1.013658e+04 1.008505e+04 1.007770e+04
17.2 1.011398e+04 1.011913e+04 1.008487e+04 1.007972e+04
0.6 9.929938e+03 1.004278e+04 1.008186e+04 9.969015e+03
1.6 9.951092e+03 1.005309e+04 1.011624e+04 1.001424e+04
2.6 1.012329e+04 1.011632e+04 1.018625e+04 1.019322e+04
3.6 1.008088e+04 1.011525e+04 1.018306e+04 1.014870e+04
4.6 9.956986e+03 1.007381e+04 1.013585e+04 1.001902e+04
5.6 9.957305e+03 1.004777e+04 1.010414e+04 1.001367e+04
6.6 1.006537e+04 1.009080e+04 1.014288e+04 1.011745e+04
7.6 1.014515e+04 1.012483e+04 1.017428e+04 1.019460e+04
8.6 1.010203e+04 1.009604e+04 1.014397e+04 1.014996e+04
9.6 1.012509e+04 1.005697e+04 1.010398e+04 1.017210e+04
10.6 1.009227e+04 1.003456e+04 1.008096e+04 1.013868e+04
11.6 1.014545e+04 1.004799e+04 1.007061e+04 1.016808e+04
12.6 1.019438e+04 1.012824e+04 1.006788e+04 1.013403e+04
13.6 1.005503e+04 1.014273e+04 1.006900e+04 9.981300e+03
14.6 9.983864e+03 1.009637e+04 1.007161e+04 9.959104e+03
15.6 9.970195e+03 1.006348e+04 1.007401e+04 9.980724e+03
16.6 1.008790e+04 1.006905e+04 1.007567e+04 1.009452e+04
17.6 1.011518e+04 1.007224e+04 1.007652e+04 1.011945e+04
1.0 9.957305e+03 1.004777e+04 1.010414e+04 1.001367e+04
2.0 1.006537e+04 1.009080e+04 1.014288e+04 1.011745e+04
3.0 1.014515e+04 1.012483e+04 1.017428e+04 1.019460e+04
4.0 1.010203e+04 1.009604e+04 1.014397e+04 1.014996e+04
5.0 1.012509e+04 1.005697e+04 1.010398e+04 1.017210e+04
6.0 1.009227e+04 1.003456e+04 1.008096e+04 1.013868e+04
7.0 1.014545e+04 1.004799e+04 1.007061e+04 1.016808e+04
8.0 1.019438e+04 1.012824e+04 1.006788e+04 1.013403e+04
9.0 1.005503e+04 1.014273e+04 1.006900e+04 9.981300e+03
10.0 9.983864e+03 1.009637e+04 1.007161e+04 9.959104e+03
11.0 9.970195e+03 1.006348e+04 1.007401e+04 9.980724e+03
12.0 1.008790e+04 1.006905e+04 1.007567e+04 1.009452e+04
13.0 1.011518e+04 1.007224e+04 1.007652e+04 1.011945e+04
14.0 1.004530e+04 1.012880e+04 1.007686e+04 9.993362e+03
15.0 1.013064e+04 1.015334e+04 1.007691e+04 1.005421e+04
16.0 1.012707e+04 1.011012e+04 1.007683e+04 1.009378e+04
17.0 1.015220e+04 1.008005e+04 1.007670e+04 1.014885e+04
18.0 1.008901e+04 1.006703e+04 1.007868e+04 1.010067e+04
0.9 1.008901e+04 1.006703e+04 1.007868e+04 1.010067e+04
1.9 1.006801e+04 1.009364e+04 1.012549e+04 1.009986e+04
2.9 1.008075e+04 1.013251e+04 1.017888e+04 1.012712e+04
3.9 9.932688e+03 1.010692e+04 1.015835e+04 9.984110e+03
4.9 9.924185e+03 1.005991e+04 1.011516e+04 9.979434e+03
5.9 1.007967e+04 1.002660e+04 1.008656e+04 1.013963e+04
6.9 1.007453e+04 1.001620e+04 1.007236e+04 1.013069e+04
7.9 1.010042e+04 1.004381e+04 1.009308e+04 1.014968e+04
8.9 1.016095e+04 1.011319e+04 1.015764e+04 1.020540e+04
9.9 1.012138e+04 1.011859e+04 1.016037e+04 1.016317e+04
10.9 1.031325e+04 1.008177e+04 1.012241e+04 1.035389e+04
11.9 1.020900e+04 1.005080e+04 1.009112e+04 1.024931e+04
12.9 1.009290e+04 1.004293e+04 1.007406e+04 1.012403e+04
13.9 1.002567e+04 1.012367e+04 1.006725e+04 9.969244e+03
14.9 1.014580e+04 1.019543e+04 1.006618e+04 1.001654e+04
15.9 1.004659e+04 1.018332e+04 1.006801e+04 9.931289e+03
16.9 1.005426e+04 1.016840e+04 1.007058e+04 9.956441e+03
17.9 1.000947e+04 1.013805e+04 1.007276e+04 9.944182e+03
0.5 1.007453e+04 1.001620e+04 1.007236e+04 1.013069e+04
1.5 1.010042e+04 1.004381e+04 1.009308e+04 1.014968e+04
2.5 1.016095e+04 1.011319e+04 1.015764e+04 1.020540e+04
3.5 1.012138e+04 1.011859e+04 1.016037e+04 1.016317e+04
4.5 1.031325e+04 1.008177e+04 1.012241e+04 1.035389e+04
5.5 1.020900e+04 1.005080e+04 1.009112e+04 1.024931e+04
6.5 1.009290e+04 1.004293e+04 1.007406e+04 1.012403e+04
7.5 1.002567e+04 1.012367e+04 1.006725e+04 9.969244e+03
8.5 1.014580e+04 1.019543e+04 1.006618e+04 1.001654e+04
9.5 1.004659e+04 1.018332e+04 1.006801e+04 9.931289e+03
10.5 1.005426e+04 1.016840e+04 1.007058e+04 9.956441e+03
11.5 1.000947e+04 1.013805e+04 1.007276e+04 9.944182e+03
12.5 1.019114e+04 1.018471e+04 1.007415e+04 1.008059e+04
13.5 1.016657e+04 1.020715e+04 1.007495e+04 1.003438e+04
14.5 1.013286e+04 1.014195e+04 1.007536e+04 1.006627e+04
15.5 1.002167e+04 1.007334e+04 1.007694e+04 1.002527e+04
16.5 1.002616e+04 1.007929e+04 1.012328e+04 1.007015e+04
17.5 1.016643e+04 1.014230e+04 1.020183e+04 1.022597e+04
0.8 1.002167e+04 1.007334e+04 1.007694e+04 1.002527e+04
1.8 1.002616e+04 1.007929e+04 1.012328e+04 1.007015e+04
2.8 1.016643e+04 1.014230e+04 1.020183e+04 1.022597e+04
3.8 1.022366e+04 1.013214e+04 1.019420e+04 1.028571e+04
4.8 1.005342e+04 1.008188e+04 1.014011e+04 1.011166e+04
5.8 1.002632e+04 1.004506e+04 1.009768e+04 1.007894e+04
6.8 1.001144e+04 1.002815e+04 1.007580e+04 1.005909e+04
7.8 1.004202e+04 1.006189e+04 1.010631e+04 1.008644e+04
8.8 1.018060e+04 1.012710e+04 1.016968e+04 1.022318e+04
9.8 1.017417e+04 1.011878e+04 1.016052e+04 1.021591e+04
10.8 1.008703e+04 1.007517e+04 1.011969e+04 1.013156e+04
11.8 1.000761e+04 1.003704e+04 1.008906e+04 1.005963e+04
12.8 1.010898e+04 1.002268e+04 1.007417e+04 1.016046e+04
13.8 1.010715e+04 1.003841e+04 1.006863e+04 1.013738e+04
14.8 1.017624e+04 1.013391e+04 1.006873e+04 1.011107e+04
15.8 1.028489e+04 1.019067e+04 1.007137e+04 1.016559e+04
16.8 1.030624e+04 1.014855e+04 1.007455e+04 1.023224e+04
17.8 1.018603e+04 1.011679e+04 1.007707e+04 1.014631e+04
0.7 1.001144e+04 1.002815e+04 1.007580e+04 1.005909e+04
1.7 1.004202e+04 1.006189e+04 1.010631e+04 1.008644e+04
2.7 1.018060e+04 1.012710e+04 1.016968e+04 1.022318e+04
3.7 1.017417e+04 1.011878e+04 1.016052e+04 1.021591e+04
4.7 1.008703e+04 1.007517e+04 1.011969e+04 1.013156e+04
5.7 1.000761e+04 1.003704e+04 1.008906e+04 1.005963e+04
6.7 1.010898e+04 1.002268e+04 1.007417e+04 1.016046e+04
7.7 1.010715e+04 1.003841e+04 1.006863e+04 1.013738e+04
8.7 1.017624e+04 1.013391e+04 1.006873e+04 1.011107e+04
9.7 1.028489e+04 1.019067e+04 1.007137e+04 1.016559e+04
10.7 1.030624e+04 1.014855e+04 1.007455e+04 1.023224e+04
11.7 1.018603e+04 1.011679e+04 1.007707e+04 1.014631e+04
12.7 1.006936e+04 1.009555e+04 1.008289e+04 1.005671e+04
13.7 1.009529e+04 1.011058e+04 1.013189e+04 1.011660e+04
14.7 1.008464e+04 1.011799e+04 1.016259e+04 1.012924e+04
15.7 9.968580e+03 1.008402e+04 1.013811e+04 1.002267e+04
16.7 9.958564e+03 1.005149e+04 1.010664e+04 1.001372e+04
17.7 9.977550e+03 1.003471e+04 1.008759e+04 1.003043e+04
1.0 1.006936e+04 1.009555e+04 1.008289e+04 1.005671e+04
2.0 1.009529e+04 1.011058e+04 1.013189e+04 1.011660e+04
3.0 1.008464e+04 1.011799e+04 1.016259e+04 1.012924e+04
4.0 9.968580e+03 1.008402e+04 1.013811e+04 1.002267e+04
5.0 9.958564e+03 1.005149e+04 1.010664e+04 1.001372e+04
6.0 9.977550e+03 1.003471e+04 1.008759e+04 1.003043e+04
7.0 1.002160e+04 1.006227e+04 1.011227e+04 1.007160e+04
8.0 1.009591e+04 1.011941e+04 1.016701e+04 1.014350e+04
9.0 1.011613e+04 1.012032e+04 1.015849e+04 1.015429e+04
10.0 1.013613e+04 1.014356e+04 1.012181e+04 1.011438e+04
11.0 1.019510e+04 1.013759e+04 1.009471e+04 1.015222e+04
12.0 1.010439e+04 1.009247e+04 1.008177e+04 1.009369e+04
13.0 1.004877e+04 1.005882e+04 1.007720e+04 1.006715e+04
14.0 1.016040e+04 1.010212e+04 1.007749e+04 1.013577e+04
15.0 1.016437e+04 1.014568e+04 1.008006e+04 1.009875e+04
16.0 1.006368e+04 1.011554e+04 1.008310e+04 1.003125e+04
17.0 1.008410e+04 1.008578e+04 1.008556e+04 1.008387e+04
18.0 1.005291e+04 1.007580e+04 1.008730e+04 1.006441e+04
0.6 9.977550e+03 1.003471e+04 1.008759e+04 1.003043e+04
1.6 1.002160e+04 1.006227e+04 1.011227e+04 1.007160e+04
2.6 1.009591e+04 1.011941e+04 1.016701e+04 1.014350e+04
3.6 1.011613e+04 1.012032e+04 1.015849e+04 1.015429e+04
4.6 1.013613e+04 1.014356e+04 1.012181e+04 1.011438e+04
5.6 1.019510e+04 1.013759e+04 1.009471e+04 1.015222e+04
6.6 1.010439e+04 1.009247e+04 1.008177e+04 1.009369e+04
7.6 1.004877e+04 1.005882e+04 1.007720e+04 1.006715e+04
8.6 1.016040e+04 1.010212e+04 1.007749e+04 1.013577e+04
9.6 1.016437e+04 1.014568e+04 1.008006e+04 1.009875e+04
10.6 1.006368e+04 1.011554e+04 1.008310e+04 1.003125e+04
11.6 1.008410e+04 1.008578e+04 1.008556e+04 1.008387e+04
12.6 1.005291e+04 1.007580e+04 1.008730e+04 1.006441e+04
13.6 9.983162e+03 1.005774e+04 1.008850e+04 1.001391e+04
14.6 1.002541e+04 1.004247e+04 1.008935e+04 1.007229e+04
15.6 1.011495e+04 1.007223e+04 1.009004e+04 1.013276e+04
16.6 1.017648e+04 1.016467e+04 1.009066e+04 1.010247e+04
17.6 1.012774e+04 1.017145e+04 1.009125e+04 1.004755e+04
