0.2 8.985762e+03 8.899382e+03 8.889189e+03 8.975568e+03
1.2 8.941335e+03 8.932287e+03 8.942993e+03 8.952041e+03
2.2 9.071818e+03 9.150064e+03 9.182969e+03 9.104723e+03
3.2 9.077643e+03 9.178806e+03 9.223707e+03 9.122544e+03
4.2 8.993801e+03 9.035807e+03 9.084748e+03 9.042742e+03
5.2 8.934958e+03 8.916329e+03 8.962546e+03 8.981176e+03
6.2 8.883214e+03 8.869143e+03 8.893564e+03 8.907636e+03
7.2 8.852243e+03 8.855307e+03 8.864481e+03 8.861418e+03
8.2 8.968705e+03 8.907396e+03 8.857777e+03 8.919087e+03
9.2 8.877185e+03 8.992760e+03 8.863013e+03 8.747438e+03
10.2 8.848985e+03 8.976779e+03 8.871771e+03 8.743976e+03
11.2 8.916585e+03 8.944513e+03 8.879615e+03 8.851687e+03
12.2 9.003978e+03 8.903277e+03 8.884703e+03 8.985404e+03
13.2 8.827937e+03 8.870376e+03 8.887584e+03 8.845145e+03
14.2 8.901385e+03 8.879331e+03 8.889082e+03 8.911136e+03
15.2 8.907739e+03 8.878569e+03 8.889807e+03 8.918977e+03
16.2 8.904363e+03 8.862159e+03 8.890204e+03 8.932407e+03
17.2 8.817477e+03 8.850561e+03 8.890462e+03 8.857379e+03
0.5 8.749705e+03 8.930156e+03 8.887925e+03 8.707475e+03
1.5 9.116149e+03 9.032768e+03 9.007423e+03 9.090804e+03
2.5 9.238666e+03 9.223100e+03 9.224349e+03 9.239915e+03
3.5 9.199362e+03 9.177773e+03 9.185060e+03 9.206649e+03
4.5 9.168346e+03 9.077064e+03 9.040179e+03 9.131461e+03
5.5 8.728432e+03 8.994977e+03 8.932685e+03 8.666140e+03
6.5 8.635194e+03 8.913731e+03 8.879199e+03 8.600661e+03
7.5 8.695375e+03 8.858378e+03 8.858024e+03 8.695021e+03
8.5 8.769617e+03 8.847420e+03 8.855791e+03 8.777988e+03
9.5 8.858198e+03 8.866315e+03 8.862591e+03 8.854474e+03
10.5 8.982568e+03 8.870253e+03 8.871355e+03 8.983669e+03
11.5 8.824279e+03 8.863064e+03 8.878054e+03 8.839269e+03
12.5 8.545746e+03 8.857818e+03 8.882194e+03 8.570122e+03
13.5 8.702762e+03 8.856202e+03 8.884393e+03 8.730952e+03
14.5 8.623638e+03 8.866947e+03 8.885352e+03 8.642043e+03
15.5 8.757305e+03 8.885457e+03 8.885735e+03 8.757583e+03
16.5 8.739788e+03 8.883293e+03 8.885850e+03 8.742345e+03
17.5 8.640690e+03 8.849981e+03 8.885864e+03 8.676573e+03
0.5 8.798149e+03 8.883266e+03 8.884481e+03 8.799364e+03
1.5 9.011459e+03 8.979157e+03 8.997987e+03 9.030290e+03
2.5 9.177956e+03 9.193324e+03 9.221381e+03 9.206013e+03
3.5 9.179079e+03 9.154114e+03 9.185529e+03 9.210494e+03
4.5 9.136735e+03 9.009323e+03 9.040938e+03 9.168351e+03
5.5 9.032806e+03 8.901964e+03 8.932175e+03 9.063018e+03
6.5 9.133153e+03 8.858600e+03 8.877824e+03 9.152376e+03
7.5 9.103091e+03 8.875284e+03 8.855965e+03 9.083771e+03
8.5 8.804076e+03 8.881843e+03 8.853876e+03 8.776109e+03
9.5 8.788125e+03 8.868483e+03 8.860843e+03 8.780485e+03
10.5 8.670141e+03 8.857501e+03 8.869946e+03 8.682587e+03
11.5 8.624647e+03 8.853664e+03 8.877068e+03 8.648051e+03
12.5 8.672149e+03 8.853535e+03 8.881736e+03 8.700350e+03
13.5 8.735901e+03 8.855691e+03 8.884320e+03 8.764531e+03
14.5 8.966131e+03 8.878799e+03 8.885760e+03 8.973091e+03
15.5 8.979406e+03 8.918623e+03 8.886650e+03 8.947432e+03
16.5 8.910924e+03 8.916283e+03 8.887307e+03 8.881949e+03
17.5 8.771628e+03 8.892424e+03 8.887908e+03 8.767111e+03
