1.0 4.096967e+03 3.890472e+03 3.916020e+03 4.122515e+03
2.0 4.057996e+03 3.913403e+03 3.937462e+03 4.082055e+03
3.0 4.087552e+03 3.935221e+03 3.957586e+03 4.109917e+03
4.0 4.094129e+03 3.949888e+03 3.947742e+03 4.091983e+03
5.0 4.073006e+03 3.985201e+03 3.930153e+03 4.017958e+03
6.0 4.124271e+03 3.976169e+03 3.925254e+03 4.073356e+03
7.0 4.028523e+03 3.960039e+03 3.941487e+03 4.009971e+03
8.0 4.156437e+03 3.934868e+03 3.941407e+03 4.162977e+03
9.0 4.039043e+03 3.909210e+03 3.928326e+03 4.058160e+03
10.0 3.849378e+03 3.893867e+03 3.917954e+03 3.873464e+03
11.0 3.875276e+03 3.888146e+03 3.912726e+03 3.899856e+03
12.0 3.773966e+03 3.888790e+03 3.911673e+03 3.796849e+03
13.0 3.676208e+03 3.909189e+03 3.929862e+03 3.696881e+03
14.0 3.780594e+03 3.937995e+03 3.956923e+03 3.799523e+03
15.0 3.838909e+03 3.917706e+03 3.953361e+03 3.874564e+03
16.0 3.781770e+03 3.835956e+03 3.934623e+03 3.880436e+03
17.0 3.976706e+03 3.818912e+03 3.920796e+03 4.078590e+03
18.0 3.680923e+03 3.849445e+03 3.913512e+03 3.744989e+03
0.4 4.073006e+03 3.985201e+03 3.930153e+03 4.017958e+03
1.4 4.124271e+03 3.976169e+03 3.925254e+03 4.073356e+03
2.4 4.028523e+03 3.960039e+03 3.941487e+03 4.009971e+03
3.4 4.156437e+03 3.934868e+03 3.941407e+03 4.162977e+03
4.4 4.039043e+03 3.909210e+03 3.928326e+03 4.058160e+03
5.4 3.849378e+03 3.893867e+03 3.917954e+03 3.873464e+03
6.4 3.875276e+03 3.888146e+03 3.912726e+03 3.899856e+03
7.4 3.773966e+03 3.888790e+03 3.911673e+03 3.796849e+03
8.4 3.676208e+03 3.909189e+03 3.929862e+03 3.696881e+03
9.4 3.780594e+03 3.937995e+03 3.956923e+03 3.799523e+03
10.4 3.838909e+03 3.917706e+03 3.953361e+03 3.874564e+03
11.4 3.781770e+03 3.835956e+03 3.934623e+03 3.880436e+03
12.4 3.976706e+03 3.818912e+03 3.920796e+03 4.078590e+03
13.4 3.680923e+03 3.849445e+03 3.913512e+03 3.744989e+03
14.4 3.877543e+03 3.879257e+03 3.910809e+03 3.909095e+03
15.4 3.847391e+03 3.908757e+03 3.910627e+03 3.849260e+03
16.4 3.919451e+03 3.925413e+03 3.911676e+03 3.905714e+03
17.4 3.859528e+03 3.921310e+03 3.912946e+03 3.851164e+03
0.9 3.773966e+03 3.888790e+03 3.911673e+03 3.796849e+03
1.9 3.676208e+03 3.909189e+03 3.929862e+03 3.696881e+03
2.9 3.780594e+03 3.937995e+03 3.956923e+03 3.799523e+03
3.9 3.838909e+03 3.917706e+03 3.953361e+03 3.874564e+03
4.9 3.781770e+03 3.835956e+03 3.934623e+03 3.880436e+03
5.9 3.976706e+03 3.818912e+03 3.920796e+03 4.078590e+03
6.9 3.680923e+03 3.849445e+03 3.913512e+03 3.744989e+03
7.9 3.877543e+03 3.879257e+03 3.910809e+03 3.909095e+03
8.9 3.847391e+03 3.908757e+03 3.910627e+03 3.849260e+03
9.9 3.919451e+03 3.925413e+03 3.911676e+03 3.905714e+03
10.9 3.859528e+03 3.921310e+03 3.912946e+03 3.851164e+03
11.9 3.733833e+03 3.911419e+03 3.913991e+03 3.736405e+03
12.9 3.681288e+03 3.904106e+03 3.914660e+03 3.691841e+03
13.9 3.881803e+03 3.901970e+03 3.915057e+03 3.894890e+03
14.9 4.035217e+03 3.903838e+03 3.915292e+03 4.046671e+03
15.9 4.040933e+03 3.907777e+03 3.915440e+03 4.048595e+03
16.9 4.129967e+03 3.931403e+03 3.915549e+03 4.114114e+03
17.9 3.852666e+03 3.935849e+03 3.915642e+03 3.832458e+03
0.2 3.773481e+03 3.890835e+03 3.916449e+03 3.799095e+03
1.2 3.874375e+03 3.891612e+03 3.919710e+03 3.902472e+03
2.2 3.942578e+03 3.918250e+03 3.945145e+03 3.969474e+03
3.2 3.889944e+03 3.935577e+03 3.960771e+03 3.915138e+03
4.2 3.765792e+03 3.887063e+03 3.948120e+03 3.826849e+03
5.2 3.832878e+03 3.818184e+03 3.930194e+03 3.944889e+03
6.2 3.841828e+03 3.828771e+03 3.919195e+03 3.932251e+03
7.2 3.904483e+03 3.873807e+03 3.913820e+03 3.944496e+03
8.2 3.926925e+03 3.898232e+03 3.912094e+03 3.940786e+03
9.2 4.009585e+03 3.916779e+03 3.912291e+03 4.005097e+03
10.2 3.861036e+03 3.981533e+03 3.913290e+03 3.792793e+03
11.2 4.043404e+03 3.992356e+03 3.914279e+03 3.965327e+03
12.2 3.870831e+03 3.953528e+03 3.914985e+03 3.832288e+03
13.2 4.043819e+03 3.918798e+03 3.915354e+03 4.040376e+03
14.2 3.902841e+03 3.899547e+03 3.915505e+03 3.918798e+03
15.2 3.980406e+03 3.893786e+03 3.915533e+03 4.002152e+03
16.2 3.903785e+03 3.893525e+03 3.915498e+03 3.925758e+03
17.2 3.837136e+03 3.905901e+03 3.915437e+03 3.846672e+03
0.6 4.013778e+03 3.893264e+03 3.914379e+03 4.034893e+03
1.6 3.917398e+03 3.902249e+03 3.926436e+03 3.941585e+03
2.6 3.986516e+03 3.926407e+03 3.950983e+03 4.011092e+03
3.6 4.005080e+03 3.926014e+03 3.949867e+03 4.028934e+03
4.6 3.905625e+03 3.910446e+03 3.933310e+03 3.928489e+03
5.6 3.926865e+03 3.900115e+03 3.922191e+03 3.948940e+03
6.6 4.250372e+03 3.914211e+03 3.935778e+03 4.271938e+03
7.6 4.083907e+03 3.925459e+03 3.946788e+03 4.105236e+03
8.6 3.959050e+03 3.914904e+03 3.936160e+03 3.980305e+03
9.6 3.771379e+03 3.900871e+03 3.922138e+03 3.792646e+03
10.6 3.909010e+03 3.892748e+03 3.914064e+03 3.930325e+03
11.6 3.979146e+03 3.892268e+03 3.910436e+03 3.997314e+03
12.6 3.813479e+03 3.902621e+03 3.909479e+03 3.820337e+03
13.6 3.980807e+03 3.904742e+03 3.909869e+03 3.985934e+03
14.6 3.987521e+03 3.898812e+03 3.910786e+03 3.999494e+03
15.6 3.957350e+03 3.911626e+03 3.911626e+03 3.957350e+03
16.6 4.012157e+03 3.972998e+03 3.912209e+03 3.951368e+03
17.6 4.063396e+03 3.975913e+03 3.912507e+03 3.999990e+03
1.0 3.926865e+03 3.900115e+03 3.922191e+03 3.948940e+03
2.0 4.250372e+03 3.914211e+03 3.935778e+03 4.271938e+03
3.0 4.083907e+03 3.925459e+03 3.946788e+03 4.105236e+03
4.0 3.959050e+03 3.914904e+03 3.936160e+03 3.980305e+03
5.0 3.771379e+03 3.900871e+03 3.922138e+03 3.792646e+03
6.0 3.909010e+03 3.892748e+03 3.914064e+03 3.930325e+03
7.0 3.979146e+03 3.892268e+03 3.910436e+03 3.997314e+03
8.0 3.813479e+03 3.902621e+03 3.909479e+03 3.820337e+03
9.0 3.980807e+03 3.904742e+03 3.909869e+03 3.985934e+03
10.0 3.987521e+03 3.898812e+03 3.910786e+03 3.999494e+03
11.0 3.957350e+03 3.911626e+03 3.911626e+03 3.957350e+03
12.0 4.012157e+03 3.972998e+03 3.912209e+03 3.951368e+03
13.0 4.063396e+03 3.975913e+03 3.912507e+03 3.999990e+03
14.0 3.906912e+03 3.942005e+03 3.912625e+03 3.877533e+03
15.0 4.180089e+03 3.912122e+03 3.912645e+03 4.180612e+03
16.0 4.009355e+03 3.900492e+03 3.912616e+03 4.021479e+03
17.0 4.115841e+03 4.010456e+03 3.912570e+03 4.017955e+03
18.0 4.067635e+03 4.084459e+03 3.913264e+03 3.896440e+03
0.9 4.067635e+03 4.084459e+03 3.913264e+03 3.896440e+03
1.9 3.923299e+03 4.042559e+03 3.929679e+03 3.810419e+03
2.9 3.877193e+03 3.983040e+03 3.948402e+03 3.842556e+03
3.9 3.835217e+03 3.929844e+03 3.941200e+03 3.846573e+03
4.9 3.804244e+03 3.921674e+03 3.926055e+03 3.808625e+03
5.9 3.837799e+03 3.953871e+03 3.916028e+03 3.799956e+03
6.9 3.926339e+03 3.941177e+03 3.911048e+03 3.896210e+03
7.9 3.863281e+03 3.919744e+03 3.918312e+03 3.861850e+03
8.9 3.854941e+03 3.923552e+03 3.940951e+03 3.872340e+03
9.9 3.909580e+03 3.915724e+03 3.941910e+03 3.935766e+03
10.9 3.841751e+03 3.899831e+03 3.928599e+03 3.870519e+03
11.9 4.156996e+03 3.889559e+03 3.917626e+03 4.185063e+03
12.9 4.012319e+03 3.887090e+03 3.911643e+03 4.036872e+03
13.9 3.991278e+03 3.899115e+03 3.909256e+03 4.001419e+03
14.9 3.956744e+03 3.910644e+03 3.908881e+03 3.954980e+03
15.9 3.999214e+03 3.913039e+03 3.909524e+03 3.995699e+03
16.9 3.955176e+03 3.916764e+03 3.910424e+03 3.948836e+03
17.9 4.185438e+03 3.910631e+03 3.911190e+03 4.185998e+03
0.5 3.926339e+03 3.941177e+03 3.911048e+03 3.896210e+03
1.5 3.863281e+03 3.919744e+03 3.918312e+03 3.861850e+03
2.5 3.854941e+03 3.923552e+03 3.940951e+03 3.872340e+03
3.5 3.909580e+03 3.915724e+03 3.941910e+03 3.935766e+03
4.5 3.841751e+03 3.899831e+03 3.928599e+03 3.870519e+03
5.5 4.156996e+03 3.889559e+03 3.917626e+03 4.185063e+03
6.5 4.012319e+03 3.887090e+03 3.911643e+03 4.036872e+03
7.5 3.991278e+03 3.899115e+03 3.909256e+03 4.001419e+03
8.5 3.956744e+03 3.910644e+03 3.908881e+03 3.954980e+03
9.5 3.999214e+03 3.913039e+03 3.909524e+03 3.995699e+03
10.5 3.955176e+03 3.916764e+03 3.910424e+03 3.948836e+03
11.5 4.185438e+03 3.910631e+03 3.911190e+03 4.185998e+03
12.5 3.694267e+03 3.905315e+03 3.911677e+03 3.700630e+03
13.5 3.862826e+03 3.901558e+03 3.911957e+03 3.873224e+03
14.5 3.729844e+03 3.896784e+03 3.912102e+03 3.745162e+03
15.5 3.795112e+03 3.893885e+03 3.912656e+03 3.813883e+03
16.5 3.794947e+03 3.908845e+03 3.928904e+03 3.815005e+03
17.5 4.079749e+03 3.936487e+03 3.956450e+03 4.099712e+03
0.8 3.795112e+03 3.893885e+03 3.912656e+03 3.813883e+03
1.8 3.794947e+03 3.908845e+03 3.928904e+03 3.815005e+03
2.8 4.079749e+03 3.936487e+03 3.956450e+03 4.099712e+03
3.8 3.992955e+03 3.934463e+03 3.953772e+03 4.012264e+03
4.8 4.040009e+03 3.916259e+03 3.934805e+03 4.058555e+03
5.8 3.852943e+03 3.902064e+03 3.919928e+03 3.870807e+03
6.8 3.964197e+03 3.894930e+03 3.912256e+03 3.981523e+03
7.8 3.879991e+03 3.906027e+03 3.922952e+03 3.896916e+03
8.8 3.757943e+03 3.928563e+03 3.945173e+03 3.774554e+03
9.8 3.899000e+03 3.925643e+03 3.941962e+03 3.915319e+03
10.8 3.961789e+03 3.933356e+03 3.927646e+03 3.956079e+03
11.8 3.871856e+03 3.976077e+03 3.916906e+03 3.812685e+03
12.8 4.022722e+03 3.966896e+03 3.911682e+03 3.967508e+03
13.8 4.102431e+03 3.932301e+03 3.909741e+03 4.079871e+03
14.8 4.196910e+03 3.911589e+03 3.909776e+03 4.195097e+03
15.8 3.989966e+03 3.901877e+03 3.910702e+03 3.998791e+03
16.8 3.892481e+03 3.897849e+03 3.911817e+03 3.906449e+03
17.8 3.856612e+03 3.919124e+03 3.912699e+03 3.850188e+03
0.7 3.964197e+03 3.894930e+03 3.912256e+03 3.981523e+03
1.7 3.879991e+03 3.906027e+03 3.922952e+03 3.896916e+03
2.7 3.757943e+03 3.928563e+03 3.945173e+03 3.774554e+03
3.7 3.899000e+03 3.925643e+03 3.941962e+03 3.915319e+03
4.7 3.961789e+03 3.933356e+03 3.927646e+03 3.956079e+03
5.7 3.871856e+03 3.976077e+03 3.916906e+03 3.812685e+03
6.7 4.022722e+03 3.966896e+03 3.911682e+03 3.967508e+03
7.7 4.102431e+03 3.932301e+03 3.909741e+03 4.079871e+03
8.7 4.196910e+03 3.911589e+03 3.909776e+03 4.195097e+03
9.7 3.989966e+03 3.901877e+03 3.910702e+03 3.998791e+03
10.7 3.892481e+03 3.897849e+03 3.911817e+03 3.906449e+03
11.7 3.856612e+03 3.919124e+03 3.912699e+03 3.850188e+03
12.7 3.762661e+03 3.932081e+03 3.914741e+03 3.745321e+03
13.7 3.846788e+03 3.937870e+03 3.931925e+03 3.840843e+03
14.7 3.932286e+03 3.935891e+03 3.942687e+03 3.939082e+03
15.7 3.925590e+03 3.919934e+03 3.934106e+03 3.939761e+03
16.7 3.978830e+03 3.905886e+03 3.923070e+03 3.996015e+03
17.7 3.715479e+03 3.898599e+03 3.916389e+03 3.733269e+03
1.0 3.762661e+03 3.932081e+03 3.914741e+03 3.745321e+03
2.0 3.846788e+03 3.937870e+03 3.931925e+03 3.840843e+03
3.0 3.932286e+03 3.935891e+03 3.942687e+03 3.939082e+03
4.0 3.925590e+03 3.919934e+03 3.934106e+03 3.939761e+03
5.0 3.978830e+03 3.905886e+03 3.923070e+03 3.996015e+03
6.0 3.715479e+03 3.898599e+03 3.916389e+03 3.733269e+03
7.0 3.951532e+03 3.907950e+03 3.925043e+03 3.968625e+03
8.0 3.843386e+03 3.928262e+03 3.944237e+03 3.859362e+03
9.0 3.702803e+03 3.918285e+03 3.941250e+03 3.725768e+03
10.0 3.865864e+03 3.845461e+03 3.928389e+03 3.948792e+03
11.0 3.633384e+03 3.815030e+03 3.918887e+03 3.737241e+03
12.0 3.743768e+03 3.843786e+03 3.914347e+03 3.814328e+03
13.0 3.860991e+03 3.876528e+03 3.912744e+03 3.897208e+03
14.0 3.851457e+03 3.899608e+03 3.912846e+03 3.864695e+03
15.0 3.810993e+03 3.911653e+03 3.913749e+03 3.813090e+03
16.0 4.019176e+03 3.915466e+03 3.914816e+03 4.018526e+03
17.0 4.049906e+03 4.002895e+03 3.915677e+03 3.962687e+03
18.0 4.104562e+03 4.107755e+03 3.916287e+03 3.913094e+03
0.6 3.715479e+03 3.898599e+03 3.916389e+03 3.733269e+03
1.6 3.951532e+03 3.907950e+03 3.925043e+03 3.968625e+03
2.6 3.843386e+03 3.928262e+03 3.944237e+03 3.859362e+03
3.6 3.702803e+03 3.918285e+03 3.941250e+03 3.725768e+03
4.6 3.865864e+03 3.845461e+03 3.928389e+03 3.948792e+03
5.6 3.633384e+03 3.815030e+03 3.918887e+03 3.737241e+03
6.6 3.743768e+03 3.843786e+03 3.914347e+03 3.814328e+03
7.6 3.860991e+03 3.876528e+03 3.912744e+03 3.897208e+03
8.6 3.851457e+03 3.899608e+03 3.912846e+03 3.864695e+03
9.6 3.810993e+03 3.911653e+03 3.913749e+03 3.813090e+03
10.6 4.019176e+03 3.915466e+03 3.914816e+03 4.018526e+03
11.6 4.049906e+03 4.002895e+03 3.915677e+03 3.962687e+03
12.6 4.104562e+03 4.107755e+03 3.916287e+03 3.913094e+03
13.6 4.120961e+03 4.065046e+03 3.916707e+03 3.972622e+03
14.6 3.816913e+03 3.981887e+03 3.917006e+03 3.752032e+03
15.6 3.881833e+03 3.930210e+03 3.917249e+03 3.868872e+03
16.6 3.862266e+03 3.916030e+03 3.917466e+03 3.863701e+03
17.6 3.825144e+03 3.906992e+03 3.917672e+03 3.835824e+03
