0.3 1.131984e+04 1.123569e+04 1.140519e+04 1.148934e+04
1.3 1.120114e+04 1.126016e+04 1.141380e+04 1.135477e+04
2.3 1.117281e+04 1.138046e+04 1.144457e+04 1.123692e+04
3.3 1.159688e+04 1.144847e+04 1.144626e+04 1.159468e+04
4.3 1.149362e+04 1.146527e+04 1.142803e+04 1.145639e+04
5.3 1.143507e+04 1.145648e+04 1.141323e+04 1.139181e+04
6.3 1.145529e+04 1.139984e+04 1.140521e+04 1.146066e+04
7.3 1.129693e+04 1.135947e+04 1.140173e+04 1.133919e+04
8.3 1.080015e+04 1.137819e+04 1.140106e+04 1.082302e+04
9.3 1.140059e+04 1.140946e+04 1.140179e+04 1.139293e+04
10.3 1.121234e+04 1.142939e+04 1.140288e+04 1.118584e+04
11.3 1.136199e+04 1.145133e+04 1.140380e+04 1.131446e+04
12.3 1.106706e+04 1.147659e+04 1.140441e+04 1.099488e+04
13.3 1.143043e+04 1.148381e+04 1.140473e+04 1.135135e+04
14.3 1.130318e+04 1.152407e+04 1.140488e+04 1.118400e+04
15.3 1.151470e+04 1.151782e+04 1.140495e+04 1.140183e+04
16.3 1.133307e+04 1.143701e+04 1.140497e+04 1.130103e+04
17.3 1.140061e+04 1.136889e+04 1.140498e+04 1.143669e+04
0.6 1.117253e+04 1.121276e+04 1.140541e+04 1.136518e+04
1.6 1.116763e+04 1.129133e+04 1.142374e+04 1.130005e+04
2.6 1.120545e+04 1.140233e+04 1.144918e+04 1.125230e+04
3.6 1.191397e+04 1.143130e+04 1.144130e+04 1.192398e+04
4.6 1.126905e+04 1.139636e+04 1.142265e+04 1.129534e+04
5.6 1.128877e+04 1.139206e+04 1.141022e+04 1.130693e+04
6.6 1.129133e+04 1.140877e+04 1.140400e+04 1.128655e+04
7.6 1.167784e+04 1.141465e+04 1.140163e+04 1.166482e+04
8.6 1.129844e+04 1.141935e+04 1.140159e+04 1.128068e+04
9.6 1.117565e+04 1.142634e+04 1.140258e+04 1.115189e+04
10.6 1.150082e+04 1.143068e+04 1.140369e+04 1.147383e+04
11.6 1.146545e+04 1.143379e+04 1.140456e+04 1.143621e+04
12.6 1.178421e+04 1.145140e+04 1.140511e+04 1.173792e+04
13.6 1.156781e+04 1.146163e+04 1.140541e+04 1.151158e+04
14.6 1.153232e+04 1.148051e+04 1.140557e+04 1.145738e+04
15.6 1.167165e+04 1.152033e+04 1.140566e+04 1.155697e+04
16.6 1.151842e+04 1.150448e+04 1.140572e+04 1.141967e+04
17.6 1.150859e+04 1.147158e+04 1.140577e+04 1.144278e+04
1.0 1.110909e+04 1.130811e+04 1.140933e+04 1.121031e+04
2.0 1.140000e+04 1.140079e+04 1.143868e+04 1.143789e+04
3.0 1.133974e+04 1.145772e+04 1.144902e+04 1.133105e+04
4.0 1.127237e+04 1.146405e+04 1.143305e+04 1.124137e+04
5.0 1.128510e+04 1.145668e+04 1.141662e+04 1.124504e+04
6.0 1.159317e+04 1.146294e+04 1.140693e+04 1.153715e+04
7.0 1.133212e+04 1.146742e+04 1.140268e+04 1.126738e+04
8.0 1.128556e+04 1.145413e+04 1.140151e+04 1.123294e+04
9.0 1.158621e+04 1.148548e+04 1.140203e+04 1.150277e+04
10.0 1.143404e+04 1.153239e+04 1.140314e+04 1.130479e+04
11.0 1.132682e+04 1.150661e+04 1.140419e+04 1.122440e+04
12.0 1.140093e+04 1.146183e+04 1.140490e+04 1.134400e+04
13.0 1.151586e+04 1.141281e+04 1.140532e+04 1.150837e+04
14.0 1.130253e+04 1.135011e+04 1.140555e+04 1.135797e+04
15.0 1.160801e+04 1.134233e+04 1.140568e+04 1.167135e+04
16.0 1.144632e+04 1.137301e+04 1.140576e+04 1.147906e+04
17.0 1.138487e+04 1.140253e+04 1.140582e+04 1.138816e+04
18.0 1.145236e+04 1.142293e+04 1.140589e+04 1.143531e+04
