0.3 1.516627e+03 1.208122e+03 1.214660e+03 1.523166e+03
1.3 1.321974e+03 1.265586e+03 1.272560e+03 1.328947e+03
2.3 1.775295e+03 1.487887e+03 1.479418e+03 1.766825e+03
3.3 1.776056e+03 1.511140e+03 1.490815e+03 1.755731e+03
4.3 1.603466e+03 1.394775e+03 1.368259e+03 1.576950e+03
5.3 1.211505e+03 1.295305e+03 1.268728e+03 1.184928e+03
6.3 1.198225e+03 1.226782e+03 1.214817e+03 1.186259e+03
7.3 1.251579e+03 1.192799e+03 1.191425e+03 1.250205e+03
8.3 1.564414e+03 1.194248e+03 1.186942e+03 1.557107e+03
9.3 1.099204e+03 1.208234e+03 1.191838e+03 1.082808e+03
10.3 1.324156e+03 1.221102e+03 1.199176e+03 1.302229e+03
11.3 1.460641e+03 1.233845e+03 1.205369e+03 1.432164e+03
12.3 1.092275e+03 1.245870e+03 1.209457e+03 1.055862e+03
13.3 1.301103e+03 1.251167e+03 1.211598e+03 1.261533e+03
14.3 9.396195e+02 1.270786e+03 1.212624e+03 8.814583e+02
15.3 1.116321e+03 1.270221e+03 1.213038e+03 1.059137e+03
16.3 8.255608e+02 1.242164e+03 1.213192e+03 7.965883e+02
17.3 9.038783e+02 1.217985e+03 1.213242e+03 8.991351e+02
0.6 1.159563e+03 1.189596e+03 1.216188e+03 1.186156e+03
1.6 1.551417e+03 1.321325e+03 1.339407e+03 1.569499e+03
2.6 1.285026e+03 1.508952e+03 1.510431e+03 1.286505e+03
3.6 1.407056e+03 1.462746e+03 1.457429e+03 1.401738e+03
4.6 1.181258e+03 1.331343e+03 1.332041e+03 1.181955e+03
5.6 9.131525e+02 1.250225e+03 1.248516e+03 9.114436e+02
6.6 1.116374e+03 1.205320e+03 1.206661e+03 1.117715e+03
7.6 1.501954e+03 1.137056e+03 1.190772e+03 1.555670e+03
8.6 1.162176e+03 1.127898e+03 1.190450e+03 1.224728e+03
9.6 1.450120e+03 1.168081e+03 1.197103e+03 1.479142e+03
10.6 1.409982e+03 1.204974e+03 1.204623e+03 1.409630e+03
11.6 1.408399e+03 1.227431e+03 1.210429e+03 1.391398e+03
12.6 1.509815e+03 1.244029e+03 1.214140e+03 1.479926e+03
13.6 1.193116e+03 1.251128e+03 1.216143e+03 1.158132e+03
14.6 1.321221e+03 1.260075e+03 1.217231e+03 1.278377e+03
15.6 1.729124e+03 1.276819e+03 1.217840e+03 1.670145e+03
16.6 1.574331e+03 1.269561e+03 1.218255e+03 1.523025e+03
17.6 1.704974e+03 1.254673e+03 1.218596e+03 1.668896e+03
1.0 1.321111e+03 1.237302e+03 1.242545e+03 1.326354e+03
2.0 1.531474e+03 1.446899e+03 1.439842e+03 1.524417e+03
3.0 1.314376e+03 1.525326e+03 1.509363e+03 1.298414e+03
4.0 1.343252e+03 1.421987e+03 1.401973e+03 1.323238e+03
5.0 1.179210e+03 1.313063e+03 1.291496e+03 1.157643e+03
6.0 1.528131e+03 1.252889e+03 1.226380e+03 1.501622e+03
7.0 1.242347e+03 1.227396e+03 1.197834e+03 1.212784e+03
8.0 1.000282e+03 1.214127e+03 1.189937e+03 9.760912e+02
9.0 1.279416e+03 1.135470e+03 1.193467e+03 1.337413e+03
10.0 8.900317e+02 1.046777e+03 1.200878e+03 1.044133e+03
11.0 1.001730e+03 1.086518e+03 1.207932e+03 1.123144e+03
12.0 1.123939e+03 1.160579e+03 1.212705e+03 1.176065e+03
13.0 1.261391e+03 1.205641e+03 1.215573e+03 1.271323e+03
14.0 1.476795e+03 1.215883e+03 1.217093e+03 1.478004e+03
15.0 1.088848e+03 1.224202e+03 1.217944e+03 1.082590e+03
16.0 1.050036e+03 1.233484e+03 1.218500e+03 1.035051e+03
17.0 1.123886e+03 1.258533e+03 1.218940e+03 1.084292e+03
18.0 1.466839e+03 1.300311e+03 1.219358e+03 1.385887e+03
