1.0 9.764126e+03 9.851369e+03 9.841672e+03 9.754429e+03
2.0 9.804596e+03 9.773426e+03 9.763564e+03 9.794734e+03
3.0 9.663874e+03 9.699384e+03 9.690255e+03 9.654745e+03
4.0 9.816658e+03 9.686868e+03 9.726115e+03 9.855906e+03
5.0 9.747810e+03 9.643579e+03 9.790189e+03 9.894419e+03
6.0 9.620795e+03 9.671062e+03 9.808034e+03 9.757767e+03
7.0 9.711630e+03 9.679406e+03 9.748902e+03 9.781126e+03
8.0 9.700031e+03 9.732043e+03 9.749190e+03 9.717179e+03
9.0 9.826512e+03 9.806167e+03 9.796843e+03 9.817188e+03
10.0 9.898079e+03 9.854673e+03 9.834626e+03 9.878033e+03
11.0 1.031154e+04 9.875144e+03 9.853673e+03 1.029007e+04
12.0 9.995639e+03 9.875821e+03 9.857506e+03 9.977324e+03
13.0 9.731062e+03 9.805277e+03 9.791250e+03 9.717034e+03
14.0 9.649404e+03 9.703299e+03 9.692669e+03 9.638775e+03
15.0 9.777915e+03 9.731353e+03 9.705645e+03 9.752207e+03
16.0 9.954395e+03 9.859944e+03 9.773906e+03 9.868356e+03
17.0 9.899781e+03 9.913071e+03 9.824272e+03 9.810982e+03
18.0 9.972276e+03 9.902781e+03 9.850809e+03 9.920305e+03
0.4 9.747810e+03 9.643579e+03 9.790189e+03 9.894419e+03
1.4 9.620795e+03 9.671062e+03 9.808034e+03 9.757767e+03
2.4 9.711630e+03 9.679406e+03 9.748902e+03 9.781126e+03
3.4 9.700031e+03 9.732043e+03 9.749190e+03 9.717179e+03
4.4 9.826512e+03 9.806167e+03 9.796843e+03 9.817188e+03
5.4 9.898079e+03 9.854673e+03 9.834626e+03 9.878033e+03
6.4 1.031154e+04 9.875144e+03 9.853673e+03 1.029007e+04
7.4 9.995639e+03 9.875821e+03 9.857506e+03 9.977324e+03
8.4 9.731062e+03 9.805277e+03 9.791250e+03 9.717034e+03
9.4 9.649404e+03 9.703299e+03 9.692669e+03 9.638775e+03
10.4 9.777915e+03 9.731353e+03 9.705645e+03 9.752207e+03
11.4 9.954395e+03 9.859944e+03 9.773906e+03 9.868356e+03
12.4 9.899781e+03 9.913071e+03 9.824272e+03 9.810982e+03
13.4 9.972276e+03 9.902781e+03 9.850809e+03 9.920305e+03
14.4 9.947567e+03 9.880102e+03 9.860654e+03 9.928119e+03
15.4 9.711607e+03 9.845720e+03 9.861317e+03 9.727204e+03
16.4 9.820547e+03 9.822643e+03 9.857496e+03 9.855400e+03
17.4 9.821801e+03 9.826142e+03 9.852871e+03 9.848530e+03
0.9 9.995639e+03 9.875821e+03 9.857506e+03 9.977324e+03
1.9 9.731062e+03 9.805277e+03 9.791250e+03 9.717034e+03
2.9 9.649404e+03 9.703299e+03 9.692669e+03 9.638775e+03
3.9 9.777915e+03 9.731353e+03 9.705645e+03 9.752207e+03
4.9 9.954395e+03 9.859944e+03 9.773906e+03 9.868356e+03
5.9 9.899781e+03 9.913071e+03 9.824272e+03 9.810982e+03
6.9 9.972276e+03 9.902781e+03 9.850809e+03 9.920305e+03
7.9 9.947567e+03 9.880102e+03 9.860654e+03 9.928119e+03
8.9 9.711607e+03 9.845720e+03 9.861317e+03 9.727204e+03
9.9 9.820547e+03 9.822643e+03 9.857496e+03 9.855400e+03
10.9 9.821801e+03 9.826142e+03 9.852871e+03 9.848530e+03
11.9 9.768741e+03 9.837069e+03 9.849063e+03 9.780735e+03
12.9 9.837491e+03 9.844697e+03 9.846627e+03 9.839421e+03
13.9 9.921495e+03 9.843715e+03 9.845181e+03 9.922960e+03
14.9 9.827337e+03 9.836089e+03 9.844323e+03 9.835571e+03
15.9 9.839745e+03 9.838170e+03 9.843786e+03 9.845360e+03
16.9 9.668755e+03 9.850574e+03 9.843386e+03 9.661567e+03
17.9 9.760604e+03 9.854108e+03 9.843049e+03 9.749545e+03
0.2 9.877396e+03 9.895316e+03 9.840109e+03 9.822189e+03
1.2 9.781691e+03 9.847925e+03 9.828231e+03 9.761998e+03
2.2 9.761583e+03 9.735347e+03 9.735574e+03 9.761810e+03
3.2 9.745651e+03 9.670418e+03 9.678650e+03 9.753883e+03
4.2 9.716339e+03 9.751135e+03 9.724736e+03 9.689940e+03
5.2 9.874528e+03 9.868804e+03 9.790038e+03 9.795763e+03
6.2 9.876665e+03 9.889743e+03 9.830107e+03 9.817029e+03
7.2 9.951060e+03 9.858453e+03 9.849686e+03 9.942293e+03
8.2 9.942580e+03 9.841395e+03 9.855975e+03 9.957160e+03
9.2 9.766718e+03 9.834236e+03 9.855257e+03 9.787738e+03
10.2 9.803243e+03 9.810064e+03 9.851616e+03 9.844795e+03
11.2 9.875755e+03 9.806071e+03 9.848014e+03 9.917698e+03
12.2 9.874153e+03 9.821180e+03 9.845443e+03 9.898417e+03
13.2 9.775488e+03 9.834848e+03 9.844097e+03 9.784737e+03
14.2 9.879169e+03 9.841936e+03 9.843548e+03 9.880781e+03
15.2 9.766176e+03 9.838330e+03 9.843445e+03 9.771291e+03
16.2 9.980555e+03 9.835047e+03 9.843573e+03 9.989080e+03
17.2 9.768582e+03 9.842190e+03 9.843797e+03 9.770189e+03
0.6 9.770974e+03 9.847071e+03 9.847648e+03 9.771550e+03
1.6 9.575155e+03 9.808714e+03 9.803729e+03 9.570170e+03
2.6 9.685764e+03 9.721503e+03 9.714308e+03 9.678569e+03
3.6 9.763326e+03 9.725898e+03 9.718373e+03 9.755801e+03
4.6 9.661004e+03 9.785659e+03 9.778687e+03 9.654033e+03
5.6 9.910804e+03 9.825490e+03 9.819191e+03 9.904505e+03
6.6 9.619201e+03 9.775511e+03 9.769697e+03 9.613387e+03
7.6 9.675113e+03 9.735195e+03 9.729589e+03 9.669507e+03
8.6 9.772586e+03 9.773894e+03 9.768307e+03 9.766999e+03
9.6 9.795399e+03 9.825059e+03 9.819386e+03 9.789726e+03
10.6 9.925782e+03 9.854605e+03 9.848797e+03 9.919974e+03
11.6 9.864521e+03 9.863354e+03 9.862013e+03 9.863179e+03
12.6 9.894542e+03 9.850637e+03 9.865501e+03 9.909406e+03
13.6 9.732103e+03 9.846770e+03 9.864080e+03 9.749412e+03
14.6 9.730449e+03 9.853317e+03 9.860740e+03 9.737873e+03
15.6 9.787761e+03 9.852178e+03 9.857678e+03 9.793261e+03
16.6 9.970044e+03 9.830751e+03 9.855556e+03 9.994848e+03
17.6 9.856257e+03 9.829344e+03 9.854470e+03 9.881383e+03
1.0 9.910804e+03 9.825490e+03 9.819191e+03 9.904505e+03
2.0 9.619201e+03 9.775511e+03 9.769697e+03 9.613387e+03
3.0 9.675113e+03 9.735195e+03 9.729589e+03 9.669507e+03
4.0 9.772586e+03 9.773894e+03 9.768307e+03 9.766999e+03
5.0 9.795399e+03 9.825059e+03 9.819386e+03 9.789726e+03
6.0 9.925782e+03 9.854605e+03 9.848797e+03 9.919974e+03
7.0 9.864521e+03 9.863354e+03 9.862013e+03 9.863179e+03
8.0 9.894542e+03 9.850637e+03 9.865501e+03 9.909406e+03
9.0 9.732103e+03 9.846770e+03 9.864080e+03 9.749412e+03
10.0 9.730449e+03 9.853317e+03 9.860740e+03 9.737873e+03
11.0 9.787761e+03 9.852178e+03 9.857678e+03 9.793261e+03
12.0 9.970044e+03 9.830751e+03 9.855556e+03 9.994848e+03
13.0 9.856257e+03 9.829344e+03 9.854470e+03 9.881383e+03
14.0 9.968373e+03 9.835682e+03 9.854039e+03 9.986730e+03
15.0 9.904561e+03 9.843556e+03 9.853968e+03 9.914972e+03
16.0 9.911621e+03 9.855992e+03 9.854072e+03 9.909702e+03
17.0 9.824560e+03 9.906664e+03 9.854241e+03 9.772136e+03
18.0 9.989255e+03 9.934769e+03 9.851712e+03 9.906198e+03
0.9 9.989255e+03 9.934769e+03 9.851712e+03 9.906198e+03
1.9 9.884392e+03 9.854038e+03 9.791916e+03 9.822269e+03
2.9 9.658363e+03 9.756036e+03 9.723710e+03 9.626037e+03
3.9 9.686854e+03 9.763617e+03 9.749947e+03 9.673183e+03
4.9 9.709490e+03 9.750348e+03 9.805116e+03 9.764258e+03
5.9 9.706939e+03 9.683678e+03 9.841641e+03 9.864902e+03
6.9 9.853204e+03 9.721413e+03 9.859783e+03 9.991574e+03
7.9 9.837070e+03 9.766017e+03 9.833321e+03 9.904374e+03
8.9 9.854784e+03 9.733989e+03 9.750853e+03 9.871647e+03
9.9 9.923163e+03 9.757143e+03 9.747357e+03 9.913377e+03
10.9 9.940267e+03 9.815901e+03 9.795849e+03 9.920215e+03
11.9 1.007825e+04 9.857063e+03 9.835821e+03 1.005701e+04
12.9 9.855837e+03 9.873777e+03 9.857615e+03 9.839675e+03
13.9 9.793084e+03 9.861045e+03 9.866312e+03 9.798352e+03
14.9 9.671929e+03 9.844868e+03 9.867679e+03 9.694740e+03
15.9 9.783951e+03 9.886029e+03 9.865334e+03 9.763257e+03
16.9 9.949062e+03 9.962730e+03 9.862057e+03 9.848389e+03
17.9 9.898091e+03 9.953826e+03 9.859266e+03 9.803531e+03
0.5 9.853204e+03 9.721413e+03 9.859783e+03 9.991574e+03
1.5 9.837070e+03 9.766017e+03 9.833321e+03 9.904374e+03
2.5 9.854784e+03 9.733989e+03 9.750853e+03 9.871647e+03
3.5 9.923163e+03 9.757143e+03 9.747357e+03 9.913377e+03
4.5 9.940267e+03 9.815901e+03 9.795849e+03 9.920215e+03
5.5 1.007825e+04 9.857063e+03 9.835821e+03 1.005701e+04
6.5 9.855837e+03 9.873777e+03 9.857615e+03 9.839675e+03
7.5 9.793084e+03 9.861045e+03 9.866312e+03 9.798352e+03
8.5 9.671929e+03 9.844868e+03 9.867679e+03 9.694740e+03
9.5 9.783951e+03 9.886029e+03 9.865334e+03 9.763257e+03
10.5 9.949062e+03 9.962730e+03 9.862057e+03 9.848389e+03
11.5 9.898091e+03 9.953826e+03 9.859266e+03 9.803531e+03
12.5 9.876432e+03 9.900326e+03 9.857491e+03 9.833597e+03
13.5 9.691587e+03 9.861423e+03 9.856473e+03 9.686636e+03
14.5 9.843088e+03 9.849585e+03 9.855946e+03 9.849448e+03
15.5 9.748604e+03 9.847288e+03 9.853927e+03 9.755243e+03
16.5 9.676267e+03 9.791026e+03 9.794739e+03 9.679980e+03
17.5 9.642831e+03 9.694137e+03 9.694394e+03 9.643089e+03
0.8 9.748604e+03 9.847288e+03 9.853927e+03 9.755243e+03
1.8 9.676267e+03 9.791026e+03 9.794739e+03 9.679980e+03
2.8 9.642831e+03 9.694137e+03 9.694394e+03 9.643089e+03
3.8 9.858719e+03 9.706737e+03 9.704149e+03 9.856131e+03
4.8 9.794764e+03 9.777390e+03 9.773242e+03 9.790616e+03
5.8 9.794820e+03 9.832135e+03 9.827435e+03 9.790120e+03
6.8 9.776781e+03 9.860067e+03 9.855383e+03 9.772097e+03
7.8 9.746934e+03 9.820847e+03 9.816419e+03 9.742505e+03
8.8 9.692635e+03 9.739580e+03 9.735472e+03 9.688526e+03
9.8 9.767260e+03 9.750890e+03 9.747169e+03 9.763539e+03
10.8 9.798411e+03 9.757867e+03 9.799320e+03 9.839864e+03
11.8 9.462741e+03 9.687121e+03 9.838446e+03 9.614066e+03
12.8 9.793695e+03 9.714416e+03 9.857475e+03 9.936753e+03
13.8 9.881871e+03 9.788568e+03 9.864543e+03 9.957847e+03
14.8 9.871689e+03 9.830027e+03 9.864418e+03 9.906081e+03
15.8 9.955670e+03 9.847920e+03 9.861045e+03 9.968794e+03
16.8 1.007174e+04 9.860557e+03 9.856983e+03 1.006817e+04
17.8 9.934694e+03 9.871823e+03 9.853770e+03 9.916641e+03
0.7 9.776781e+03 9.860067e+03 9.855383e+03 9.772097e+03
1.7 9.746934e+03 9.820847e+03 9.816419e+03 9.742505e+03
2.7 9.692635e+03 9.739580e+03 9.735472e+03 9.688526e+03
3.7 9.767260e+03 9.750890e+03 9.747169e+03 9.763539e+03
4.7 9.798411e+03 9.757867e+03 9.799320e+03 9.839864e+03
5.7 9.462741e+03 9.687121e+03 9.838446e+03 9.614066e+03
6.7 9.793695e+03 9.714416e+03 9.857475e+03 9.936753e+03
7.7 9.881871e+03 9.788568e+03 9.864543e+03 9.957847e+03
8.7 9.871689e+03 9.830027e+03 9.864418e+03 9.906081e+03
9.7 9.955670e+03 9.847920e+03 9.861045e+03 9.968794e+03
10.7 1.007174e+04 9.860557e+03 9.856983e+03 1.006817e+04
11.7 9.934694e+03 9.871823e+03 9.853770e+03 9.916641e+03
12.7 9.940261e+03 9.868260e+03 9.846331e+03 9.918332e+03
13.7 9.805274e+03 9.799640e+03 9.783734e+03 9.789368e+03
14.7 9.623724e+03 9.753453e+03 9.744528e+03 9.614799e+03
15.7 1.000457e+04 9.779750e+03 9.775789e+03 1.000061e+04
16.7 9.669334e+03 9.817065e+03 9.815990e+03 9.668258e+03
17.7 9.840515e+03 9.839841e+03 9.840327e+03 9.841001e+03
1.0 9.940261e+03 9.868260e+03 9.846331e+03 9.918332e+03
2.0 9.805274e+03 9.799640e+03 9.783734e+03 9.789368e+03
3.0 9.623724e+03 9.753453e+03 9.744528e+03 9.614799e+03
4.0 1.000457e+04 9.779750e+03 9.775789e+03 1.000061e+04
5.0 9.669334e+03 9.817065e+03 9.815990e+03 9.668258e+03
6.0 9.840515e+03 9.839841e+03 9.840327e+03 9.841001e+03
7.0 9.843081e+03 9.807621e+03 9.808802e+03 9.844262e+03
8.0 9.686087e+03 9.737414e+03 9.738883e+03 9.687555e+03
9.0 9.838128e+03 9.755914e+03 9.749764e+03 9.831978e+03
10.0 9.814478e+03 9.861327e+03 9.796612e+03 9.749763e+03
11.0 9.894117e+03 9.916452e+03 9.831228e+03 9.808893e+03
12.0 9.832890e+03 9.900815e+03 9.847766e+03 9.779841e+03
13.0 9.854357e+03 9.873105e+03 9.853605e+03 9.834857e+03
14.0 1.002331e+04 9.846540e+03 9.853235e+03 1.003000e+04
15.0 9.808183e+03 9.829296e+03 9.849945e+03 9.828832e+03
16.0 9.841064e+03 9.826618e+03 9.846057e+03 9.860503e+03
17.0 9.870299e+03 9.861756e+03 9.842922e+03 9.851465e+03
18.0 9.909591e+03 9.903818e+03 9.840700e+03 9.846472e+03
0.6 9.840515e+03 9.839841e+03 9.840327e+03 9.841001e+03
1.6 9.843081e+03 9.807621e+03 9.808802e+03 9.844262e+03
2.6 9.686087e+03 9.737414e+03 9.738883e+03 9.687555e+03
3.6 9.838128e+03 9.755914e+03 9.749764e+03 9.831978e+03
4.6 9.814478e+03 9.861327e+03 9.796612e+03 9.749763e+03
5.6 9.894117e+03 9.916452e+03 9.831228e+03 9.808893e+03
6.6 9.832890e+03 9.900815e+03 9.847766e+03 9.779841e+03
7.6 9.854357e+03 9.873105e+03 9.853605e+03 9.834857e+03
8.6 1.002331e+04 9.846540e+03 9.853235e+03 1.003000e+04
9.6 9.808183e+03 9.829296e+03 9.849945e+03 9.828832e+03
10.6 9.841064e+03 9.826618e+03 9.846057e+03 9.860503e+03
11.6 9.870299e+03 9.861756e+03 9.842922e+03 9.851465e+03
12.6 9.909591e+03 9.903818e+03 9.840700e+03 9.846472e+03
13.6 9.695220e+03 9.891041e+03 9.839169e+03 9.643347e+03
14.6 9.895410e+03 9.861870e+03 9.838080e+03 9.871621e+03
15.6 9.828032e+03 9.833889e+03 9.837195e+03 9.831338e+03
16.6 9.707949e+03 9.804826e+03 9.836405e+03 9.739529e+03
17.6 9.885251e+03 9.799248e+03 9.835653e+03 9.921656e+03
