0.2 1.032241e+04 1.029110e+04 1.031534e+04 1.034664e+04
1.2 1.023700e+04 1.028068e+04 1.030957e+04 1.026590e+04
2.2 1.012238e+04 1.024249e+04 1.028386e+04 1.016374e+04
3.2 1.039358e+04 1.023058e+04 1.027949e+04 1.044248e+04
4.2 1.038628e+04 1.024231e+04 1.029438e+04 1.043835e+04
5.2 1.033832e+04 1.026006e+04 1.030748e+04 1.038574e+04
6.2 1.026358e+04 1.030988e+04 1.031487e+04 1.026857e+04
7.2 1.014100e+04 1.034062e+04 1.031799e+04 1.011838e+04
8.2 1.024736e+04 1.038689e+04 1.031871e+04 1.017917e+04
9.2 1.038372e+04 1.044837e+04 1.031815e+04 1.025350e+04
10.2 1.057443e+04 1.041224e+04 1.031721e+04 1.047940e+04
11.2 1.035488e+04 1.036447e+04 1.031637e+04 1.030678e+04
12.2 1.019013e+04 1.031704e+04 1.031582e+04 1.018891e+04
13.2 1.023455e+04 1.028189e+04 1.031551e+04 1.026817e+04
14.2 1.044140e+04 1.028204e+04 1.031535e+04 1.047471e+04
15.2 1.045122e+04 1.028032e+04 1.031527e+04 1.048617e+04
16.2 1.044862e+04 1.027003e+04 1.031523e+04 1.049382e+04
17.2 1.031577e+04 1.026351e+04 1.031520e+04 1.036747e+04
0.5 1.059021e+04 1.034184e+04 1.031548e+04 1.056384e+04
1.5 1.035823e+04 1.031401e+04 1.030267e+04 1.034689e+04
2.5 1.007320e+04 1.026765e+04 1.027942e+04 1.008497e+04
3.5 1.026032e+04 1.027183e+04 1.028363e+04 1.027212e+04
4.5 1.023971e+04 1.034858e+04 1.029916e+04 1.019029e+04
5.5 1.052445e+04 1.039452e+04 1.031068e+04 1.044060e+04
6.5 1.030797e+04 1.036412e+04 1.031641e+04 1.026026e+04
7.5 1.042532e+04 1.032164e+04 1.031868e+04 1.042236e+04
8.5 1.027092e+04 1.032007e+04 1.031892e+04 1.026976e+04
9.5 1.045892e+04 1.035194e+04 1.031819e+04 1.042516e+04
10.5 1.020574e+04 1.034272e+04 1.031725e+04 1.018027e+04
11.5 1.023694e+04 1.031181e+04 1.031653e+04 1.024166e+04
12.5 1.037434e+04 1.028970e+04 1.031609e+04 1.040073e+04
13.5 1.022760e+04 1.027962e+04 1.031585e+04 1.026384e+04
14.5 1.042863e+04 1.029897e+04 1.031575e+04 1.044541e+04
15.5 1.024875e+04 1.033652e+04 1.031571e+04 1.022794e+04
16.5 1.050050e+04 1.033151e+04 1.031570e+04 1.048469e+04
17.5 1.024764e+04 1.027404e+04 1.031570e+04 1.028929e+04
0.5 1.019899e+04 1.031477e+04 1.031584e+04 1.020007e+04
1.5 1.008000e+04 1.028612e+04 1.030368e+04 1.009756e+04
2.5 1.032453e+04 1.025280e+04 1.027974e+04 1.035147e+04
3.5 1.032608e+04 1.025280e+04 1.028358e+04 1.035686e+04
4.5 1.029349e+04 1.026766e+04 1.029908e+04 1.032491e+04
5.5 1.020996e+04 1.028040e+04 1.031073e+04 1.024029e+04
6.5 1.021999e+04 1.029601e+04 1.031656e+04 1.024053e+04
7.5 1.051593e+04 1.033267e+04 1.031890e+04 1.050216e+04
8.5 1.034734e+04 1.034071e+04 1.031912e+04 1.032575e+04
9.5 1.023846e+04 1.032207e+04 1.031838e+04 1.023478e+04
10.5 1.022035e+04 1.030339e+04 1.031740e+04 1.023436e+04
11.5 1.031797e+04 1.029302e+04 1.031664e+04 1.034159e+04
12.5 1.056826e+04 1.028839e+04 1.031614e+04 1.059601e+04
13.5 1.026532e+04 1.028785e+04 1.031586e+04 1.029334e+04
14.5 1.043648e+04 1.030702e+04 1.031571e+04 1.044518e+04
15.5 1.030559e+04 1.034154e+04 1.031561e+04 1.027967e+04
16.5 1.032407e+04 1.033884e+04 1.031554e+04 1.030078e+04
17.5 1.026928e+04 1.031710e+04 1.031548e+04 1.026766e+04
