0.6 4.773628e+03 4.683191e+03 4.705103e+03 4.795540e+03
1.6 4.673010e+03 4.699034e+03 4.706096e+03 4.680072e+03
2.6 4.682750e+03 4.721457e+03 4.709219e+03 4.670512e+03
3.6 4.658081e+03 4.720709e+03 4.712459e+03 4.649831e+03
4.6 4.679699e+03 4.721638e+03 4.714265e+03 4.672327e+03
5.6 4.647579e+03 4.681608e+03 4.714964e+03 4.680935e+03
6.6 4.692132e+03 4.708195e+03 4.715043e+03 4.698980e+03
7.6 4.724226e+03 4.685623e+03 4.714871e+03 4.753474e+03
8.6 4.689915e+03 4.689181e+03 4.714645e+03 4.715379e+03
9.6 4.672997e+03 4.704498e+03 4.714483e+03 4.682982e+03
10.6 4.704283e+03 4.691316e+03 4.714402e+03 4.727370e+03
11.6 4.679298e+03 4.687854e+03 4.714396e+03 4.705840e+03
12.6 4.703821e+03 4.685160e+03 4.714434e+03 4.733096e+03
13.6 4.694634e+03 4.668986e+03 4.714496e+03 4.740143e+03
14.6 4.581006e+03 4.662613e+03 4.714568e+03 4.632962e+03
15.6 4.683371e+03 4.692811e+03 4.714644e+03 4.705204e+03
16.6 4.741332e+03 4.711157e+03 4.714720e+03 4.744895e+03
17.6 4.725395e+03 4.719891e+03 4.714672e+03 4.720175e+03
18.6 4.721475e+03 4.711570e+03 4.712854e+03 4.722759e+03
19.6 4.704355e+03 4.700491e+03 4.709564e+03 4.713428e+03
20.6 4.683567e+03 4.691144e+03 4.707025e+03 4.699448e+03
21.6 4.693447e+03 4.689605e+03 4.705916e+03 4.709758e+03
22.6 4.678110e+03 4.694528e+03 4.705691e+03 4.689273e+03
23.6 4.682094e+03 4.698708e+03 4.705904e+03 4.689291e+03
24.6 4.733494e+03 4.693759e+03 4.706266e+03 4.746000e+03
25.6 4.732248e+03 4.701772e+03 4.706624e+03 4.737100e+03
26.6 4.726004e+03 4.698368e+03 4.706898e+03 4.734534e+03
27.6 4.716239e+03 4.703354e+03 4.707088e+03 4.719973e+03
28.6 4.706151e+03 4.699695e+03 4.707218e+03 4.713674e+03
29.6 4.782488e+03 4.700872e+03 4.707309e+03 4.788924e+03
30.6 4.689303e+03 4.704013e+03 4.707380e+03 4.692670e+03
31.6 4.780711e+03 4.703522e+03 4.707442e+03 4.784632e+03
32.6 4.702927e+03 4.694815e+03 4.707500e+03 4.715613e+03
33.6 4.741356e+03 4.698295e+03 4.707555e+03 4.750617e+03
0.5 4.744885e+03 4.709200e+03 4.707935e+03 4.743620e+03
1.5 4.719864e+03 4.713037e+03 4.708621e+03 4.715448e+03
2.5 4.722034e+03 4.718338e+03 4.711565e+03 4.715261e+03
3.5 4.779008e+03 4.751183e+03 4.714701e+03 4.742526e+03
4.5 4.793348e+03 4.745623e+03 4.716563e+03 4.764288e+03
5.5 4.776040e+03 4.724466e+03 4.717210e+03 4.768784e+03
6.5 4.784899e+03 4.729092e+03 4.717221e+03 4.773028e+03
7.5 4.744783e+03 4.751351e+03 4.716948e+03 4.710379e+03
8.5 4.764910e+03 4.730676e+03 4.716621e+03 4.750855e+03
9.5 4.739988e+03 4.720882e+03 4.716341e+03 4.735447e+03
10.5 4.748538e+03 4.739681e+03 4.716152e+03 4.725009e+03
11.5 4.723404e+03 4.717111e+03 4.716036e+03 4.722329e+03
12.5 4.695550e+03 4.744122e+03 4.715968e+03 4.667395e+03
13.5 4.770318e+03 4.766737e+03 4.715927e+03 4.719508e+03
14.5 4.669364e+03 4.742600e+03 4.715900e+03 4.642664e+03
15.5 4.731663e+03 4.721781e+03 4.715879e+03 4.725761e+03
16.5 4.732135e+03 4.705393e+03 4.715860e+03 4.742602e+03
17.5 4.754558e+03 4.719848e+03 4.715758e+03 4.750468e+03
18.5 4.704126e+03 4.695984e+03 4.714106e+03 4.722248e+03
19.5 4.675833e+03 4.707947e+03 4.710676e+03 4.678562e+03
20.5 4.735037e+03 4.705999e+03 4.707994e+03 4.737032e+03
21.5 4.712366e+03 4.707038e+03 4.706682e+03 4.712010e+03
22.5 4.779414e+03 4.703015e+03 4.706307e+03 4.782706e+03
23.5 4.700723e+03 4.714712e+03 4.706412e+03 4.692423e+03
24.5 4.710209e+03 4.719515e+03 4.706697e+03 4.697391e+03
25.5 4.752047e+03 4.716350e+03 4.706976e+03 4.742673e+03
26.5 4.770456e+03 4.723372e+03 4.707184e+03 4.754268e+03
27.5 4.752715e+03 4.722677e+03 4.707313e+03 4.737351e+03
28.5 4.721874e+03 4.719313e+03 4.707376e+03 4.709937e+03
29.5 4.693259e+03 4.718383e+03 4.707404e+03 4.682280e+03
30.5 4.687303e+03 4.712913e+03 4.707412e+03 4.681802e+03
31.5 4.699877e+03 4.718220e+03 4.707412e+03 4.689069e+03
32.5 4.694955e+03 4.719080e+03 4.707409e+03 4.683284e+03
33.5 4.708403e+03 4.719553e+03 4.707407e+03 4.696257e+03
