1.817445e+03 1.788081e+03 1.795360e+03 1.810167e+03
1.805142e+03 1.788081e+03 1.794579e+03 1.798644e+03
1.779110e+03 1.788070e+03 1.792818e+03 1.774362e+03
1.782540e+03 1.788032e+03 1.797471e+03 1.773101e+03
1.784016e+03 1.790960e+03 1.789799e+03 1.785176e+03
1.787665e+03 1.791109e+03 1.781687e+03 1.797087e+03
1.764432e+03 1.791269e+03 1.777571e+03 1.778130e+03
1.790005e+03 1.782838e+03 1.788239e+03 1.784604e+03
1.811608e+03 1.788561e+03 1.779892e+03 1.820277e+03
1.789678e+03 1.783971e+03 1.786776e+03 1.786873e+03
1.802413e+03 1.784906e+03 1.785845e+03 1.801475e+03
1.787574e+03 1.788223e+03 1.781542e+03 1.794255e+03
1.765668e+03 1.785640e+03 1.785267e+03 1.766041e+03
1.764688e+03 1.785039e+03 1.786109e+03 1.763618e+03
1.770821e+03 1.784580e+03 1.786676e+03 1.768725e+03
1.800567e+03 1.781367e+03 1.790945e+03 1.790990e+03
1.780918e+03 1.780143e+03 1.792492e+03 1.768570e+03
1.768547e+03 1.786353e+03 1.783937e+03 1.770962e+03
1.769088e+03 1.790147e+03 1.778664e+03 1.780571e+03
1.770571e+03 1.791990e+03 1.776318e+03 1.786243e+03
1.781863e+03 1.790510e+03 1.782312e+03 1.790062e+03
1.803071e+03 1.788813e+03 1.791336e+03 1.800547e+03
1.778263e+03 1.788065e+03 1.796090e+03 1.770238e+03
1.791599e+03 1.788174e+03 1.797555e+03 1.782218e+03
1.794789e+03 1.787612e+03 1.798595e+03 1.783806e+03
1.795224e+03 1.787334e+03 1.794489e+03 1.788069e+03
1.780190e+03 1.788307e+03 1.782910e+03 1.785588e+03
1.811573e+03 1.787694e+03 1.786072e+03 1.813195e+03
1.792533e+03 1.788011e+03 1.782096e+03 1.798448e+03
1.784224e+03 1.787874e+03 1.785103e+03 1.786996e+03
1.807274e+03 1.788008e+03 1.783157e+03 1.812126e+03
1.788763e+03 1.787995e+03 1.784261e+03 1.792497e+03
1.768195e+03 1.787948e+03 1.786355e+03 1.769788e+03
1.771172e+03 1.787959e+03 1.786265e+03 1.772866e+03
1.774344e+03 1.788094e+03 1.781541e+03 1.780897e+03
1.787545e+03 1.788040e+03 1.783489e+03 1.792096e+03
1.801974e+03 1.788013e+03 1.784395e+03 1.805592e+03
1.781354e+03 1.788016e+03 1.784225e+03 1.785145e+03
1.777801e+03 1.787988e+03 1.785195e+03 1.780594e+03
1.804788e+03 1.788111e+03 1.780659e+03 1.812240e+03
1.789820e+03 1.788026e+03 1.784871e+03 1.792974e+03
1.768039e+03 1.788036e+03 1.790011e+03 1.766064e+03
1.772213e+03 1.788071e+03 1.794467e+03 1.765817e+03
1.767029e+03 1.788079e+03 1.794424e+03 1.760685e+03
1.773336e+03 1.788078e+03 1.796112e+03 1.765302e+03
1.834073e+03 1.788098e+03 1.801355e+03 1.820816e+03
1.804277e+03 1.787968e+03 1.797487e+03 1.794758e+03
1.798291e+03 1.785395e+03 1.796403e+03 1.787283e+03
1.774198e+03 1.769469e+03 1.772509e+03 1.771158e+03
1.760220e+03 1.764134e+03 1.763921e+03 1.760433e+03
1.758099e+03 1.764218e+03 1.764370e+03 1.757947e+03
1.782358e+03 1.768331e+03 1.771615e+03 1.779074e+03
1.782336e+03 1.767814e+03 1.770464e+03 1.779686e+03
1.759316e+03 1.765768e+03 1.766607e+03 1.758477e+03
1.750385e+03 1.759968e+03 1.756253e+03 1.754100e+03
1.776846e+03 1.772353e+03 1.777775e+03 1.771424e+03
1.811892e+03 1.782237e+03 1.794900e+03 1.799229e+03
1.783647e+03 1.773229e+03 1.779137e+03 1.777739e+03
1.788954e+03 1.769716e+03 1.772986e+03 1.785684e+03
1.809023e+03 1.784576e+03 1.798824e+03 1.794775e+03
1.759661e+03 1.775874e+03 1.783663e+03 1.751872e+03
1.806244e+03 1.794277e+03 1.815673e+03 1.784848e+03
1.784966e+03 1.772200e+03 1.777221e+03 1.779944e+03
1.772896e+03 1.776121e+03 1.783024e+03 1.765993e+03
1.802511e+03 1.781727e+03 1.790206e+03 1.794032e+03
1.826455e+03 1.790115e+03 1.794035e+03 1.822536e+03
1.776346e+03 1.786766e+03 1.787141e+03 1.775971e+03
1.848577e+03 1.787448e+03 1.790757e+03 1.845268e+03
1.799794e+03 1.788230e+03 1.793644e+03 1.794380e+03
1.770335e+03 1.787222e+03 1.786668e+03 1.770889e+03
1.773437e+03 1.785522e+03 1.775613e+03 1.783347e+03
1.783370e+03 1.787824e+03 1.778811e+03 1.792383e+03
1.778319e+03 1.788006e+03 1.777134e+03 1.789191e+03
1.794257e+03 1.788089e+03 1.776534e+03 1.805812e+03
1.782156e+03 1.788071e+03 1.777044e+03 1.793183e+03
1.757813e+03 1.788085e+03 1.777345e+03 1.768553e+03
1.760534e+03 1.788077e+03 1.778437e+03 1.770174e+03
1.798248e+03 1.788078e+03 1.779232e+03 1.807094e+03
1.782480e+03 1.788080e+03 1.779239e+03 1.791321e+03
1.781632e+03 1.788081e+03 1.778982e+03 1.790731e+03
1.784004e+03 1.788081e+03 1.779239e+03 1.792846e+03
1.786676e+03 1.788081e+03 1.779501e+03 1.795257e+03
1.787083e+03 1.788081e+03 1.779222e+03 1.795942e+03
1.762633e+03 1.788081e+03 1.779168e+03 1.771546e+03
1.784375e+03 1.788081e+03 1.779237e+03 1.793219e+03
1.771089e+03 1.788081e+03 1.780224e+03 1.778946e+03
1.779510e+03 1.788081e+03 1.787201e+03 1.780390e+03
1.767747e+03 1.788081e+03 1.786462e+03 1.769367e+03
1.797105e+03 1.788081e+03 1.790620e+03 1.794567e+03
1.834977e+03 1.788081e+03 1.796356e+03 1.826701e+03
1.815928e+03 1.788081e+03 1.796074e+03 1.807935e+03
1.802159e+03 1.788081e+03 1.798463e+03 1.791777e+03
1.796066e+03 1.788081e+03 1.796246e+03 1.787901e+03
1.798720e+03 1.788081e+03 1.797820e+03 1.788981e+03
1.799098e+03 1.788081e+03 1.798787e+03 1.788392e+03
1.803926e+03 1.788081e+03 1.802658e+03 1.789349e+03
1.786849e+03 1.788081e+03 1.797100e+03 1.777830e+03
1.791761e+03 1.788081e+03 1.798721e+03 1.781121e+03
1.821775e+03 1.788081e+03 1.797858e+03 1.811998e+03
1.802049e+03 1.788081e+03 1.796278e+03 1.793852e+03
1.804535e+03 1.788081e+03 1.800873e+03 1.791743e+03
1.810708e+03 1.788081e+03 1.800816e+03 1.797973e+03
1.798395e+03 1.788081e+03 1.803694e+03 1.782783e+03
1.809492e+03 1.788081e+03 1.798920e+03 1.798653e+03
1.790606e+03 1.788081e+03 1.798379e+03 1.780308e+03
1.788268e+03 1.788081e+03 1.796036e+03 1.780313e+03
1.795123e+03 1.788081e+03 1.800234e+03 1.782970e+03
1.801069e+03 1.788081e+03 1.795065e+03 1.794085e+03
1.787016e+03 1.788081e+03 1.796068e+03 1.779029e+03
1.787674e+03 1.788081e+03 1.795667e+03 1.780089e+03
1.805771e+03 1.788081e+03 1.795061e+03 1.798792e+03
1.800082e+03 1.788081e+03 1.791044e+03 1.797120e+03
1.788553e+03 1.788081e+03 1.791740e+03 1.784894e+03
1.800212e+03 1.788081e+03 1.794497e+03 1.793796e+03
1.786819e+03 1.788081e+03 1.796654e+03 1.778246e+03
1.796403e+03 1.788081e+03 1.789525e+03 1.794959e+03
1.775680e+03 1.788081e+03 1.783466e+03 1.780296e+03
1.777873e+03 1.788081e+03 1.780327e+03 1.785627e+03
1.791507e+03 1.788081e+03 1.779049e+03 1.800539e+03
1.761245e+03 1.788081e+03 1.779116e+03 1.770210e+03
1.788497e+03 1.788081e+03 1.778591e+03 1.797987e+03
1.789524e+03 1.788081e+03 1.779310e+03 1.798295e+03
1.779266e+03 1.788081e+03 1.779740e+03 1.787608e+03
1.805947e+03 1.788081e+03 1.780018e+03 1.814010e+03
1.792198e+03 1.788081e+03 1.780734e+03 1.799545e+03
1.763036e+03 1.788081e+03 1.780653e+03 1.770464e+03
1.782157e+03 1.788081e+03 1.780909e+03 1.789329e+03
1.772487e+03 1.788081e+03 1.780985e+03 1.779583e+03
1.782933e+03 1.788081e+03 1.781158e+03 1.789856e+03
1.774626e+03 1.788081e+03 1.781221e+03 1.781487e+03
1.782783e+03 1.788081e+03 1.781244e+03 1.789620e+03
1.784637e+03 1.788081e+03 1.783691e+03 1.789027e+03
1.781777e+03 1.788081e+03 1.790467e+03 1.779392e+03
1.792045e+03 1.788081e+03 1.795359e+03 1.784767e+03
1.798388e+03 1.788081e+03 1.793627e+03 1.792843e+03
1.786515e+03 1.788081e+03 1.799509e+03 1.775088e+03
1.809634e+03 1.788081e+03 1.797859e+03 1.799856e+03
1.796035e+03 1.788082e+03 1.796534e+03 1.787583e+03
1.789760e+03 1.788082e+03 1.794458e+03 1.783383e+03
1.777116e+03 1.788132e+03 1.785768e+03 1.779480e+03
1.784796e+03 1.788039e+03 1.785704e+03 1.787131e+03
1.793191e+03 1.787969e+03 1.785916e+03 1.795244e+03
1.797727e+03 1.788081e+03 1.781759e+03 1.804048e+03
1.796480e+03 1.788025e+03 1.783847e+03 1.800658e+03
1.811538e+03 1.788027e+03 1.784351e+03 1.815214e+03
1.775586e+03 1.788010e+03 1.785511e+03 1.778085e+03
1.784638e+03 1.788153e+03 1.780847e+03 1.791944e+03
1.767661e+03 1.788184e+03 1.779939e+03 1.775906e+03
1.758187e+03 1.788159e+03 1.780961e+03 1.765385e+03
1.764865e+03 1.788044e+03 1.785206e+03 1.767703e+03
1.793593e+03 1.788141e+03 1.781701e+03 1.800034e+03
1.765564e+03 1.788051e+03 1.785016e+03 1.768599e+03
1.769312e+03 1.788082e+03 1.783905e+03 1.773490e+03
1.767171e+03 1.788201e+03 1.779603e+03 1.775770e+03
1.770808e+03 1.788069e+03 1.785648e+03 1.773229e+03
1.776141e+03 1.788092e+03 1.789426e+03 1.774807e+03
1.776343e+03 1.788091e+03 1.793404e+03 1.771030e+03
1.790837e+03 1.788080e+03 1.797634e+03 1.781283e+03
1.782038e+03 1.788085e+03 1.800398e+03 1.769725e+03
1.786744e+03 1.788321e+03 1.799591e+03 1.775474e+03
1.762123e+03 1.789138e+03 1.791634e+03 1.759627e+03
1.761855e+03 1.795075e+03 1.777096e+03 1.779834e+03
1.749915e+03 1.794107e+03 1.773235e+03 1.770786e+03
1.771979e+03 1.789621e+03 1.777857e+03 1.783742e+03
1.771803e+03 1.790589e+03 1.776246e+03 1.786147e+03
1.748693e+03 1.795298e+03 1.769994e+03 1.773997e+03
1.768617e+03 1.791001e+03 1.776711e+03 1.782907e+03
1.811394e+03 1.789021e+03 1.779984e+03 1.820431e+03
1.806535e+03 1.792910e+03 1.774974e+03 1.824471e+03
1.800922e+03 1.788320e+03 1.781447e+03 1.807794e+03
1.797934e+03 1.793844e+03 1.774016e+03 1.817762e+03
1.776443e+03 1.798459e+03 1.767782e+03 1.807120e+03
1.765153e+03 1.793562e+03 1.774445e+03 1.784269e+03
1.775640e+03 1.789343e+03 1.780169e+03 1.784814e+03
1.786642e+03 1.786026e+03 1.784659e+03 1.788008e+03
1.786480e+03 1.788996e+03 1.780776e+03 1.794701e+03
1.787146e+03 1.784770e+03 1.789076e+03 1.782841e+03
1.806892e+03 1.787791e+03 1.791763e+03 1.802919e+03
1.810420e+03 1.788037e+03 1.796363e+03 1.802094e+03
1.804438e+03 1.787990e+03 1.799903e+03 1.792525e+03
1.798564e+03 1.789989e+03 1.796966e+03 1.791588e+03
1.790801e+03 1.785490e+03 1.793581e+03 1.782710e+03
1.789901e+03 1.783501e+03 1.786754e+03 1.786648e+03
1.791221e+03 1.792983e+03 1.798468e+03 1.785736e+03
1.784420e+03 1.781809e+03 1.780427e+03 1.785802e+03
1.781374e+03 1.783239e+03 1.782298e+03 1.782315e+03
1.782631e+03 1.787985e+03 1.789957e+03 1.780658e+03
1.786300e+03 1.788580e+03 1.791048e+03 1.783833e+03
1.793811e+03 1.795449e+03 1.802141e+03 1.787120e+03
1.775257e+03 1.787777e+03 1.789925e+03 1.773109e+03
1.777468e+03 1.786352e+03 1.787664e+03 1.776156e+03
1.794828e+03 1.785526e+03 1.786322e+03 1.794031e+03
1.780493e+03 1.786618e+03 1.788008e+03 1.779103e+03
1.759959e+03 1.780054e+03 1.777520e+03 1.762493e+03
1.799542e+03 1.791544e+03 1.795701e+03 1.795386e+03
1.793211e+03 1.781967e+03 1.780416e+03 1.794761e+03
1.817905e+03 1.792132e+03 1.796670e+03 1.813366e+03
1.802102e+03 1.785571e+03 1.788718e+03 1.798955e+03
1.786439e+03 1.790133e+03 1.795741e+03 1.780831e+03
1.777251e+03 1.788075e+03 1.796134e+03 1.769191e+03
1.804204e+03 1.788103e+03 1.797374e+03 1.794933e+03
1.799590e+03 1.787866e+03 1.796242e+03 1.791214e+03
