0.6 8.668404e+03 8.659792e+03 8.655729e+03 8.664341e+03
1.6 8.867897e+03 8.667422e+03 8.657620e+03 8.858096e+03
2.6 8.717731e+03 8.681519e+03 8.660432e+03 8.696645e+03
3.6 8.700482e+03 8.679668e+03 8.659653e+03 8.680467e+03
4.6 8.624479e+03 8.674743e+03 8.657641e+03 8.607377e+03
5.6 8.517409e+03 8.672059e+03 8.656284e+03 8.501634e+03
6.6 8.532787e+03 8.573486e+03 8.655601e+03 8.614902e+03
7.6 8.562255e+03 8.550420e+03 8.655339e+03 8.667174e+03
8.6 8.614221e+03 8.678471e+03 8.655331e+03 8.591081e+03
9.6 8.753480e+03 8.655660e+03 8.655437e+03 8.753258e+03
10.6 8.586932e+03 8.642799e+03 8.655558e+03 8.599690e+03
11.6 8.754085e+03 8.653480e+03 8.655651e+03 8.756256e+03
12.6 8.791727e+03 8.657661e+03 8.655711e+03 8.789777e+03
13.6 8.821577e+03 8.643115e+03 8.655742e+03 8.834205e+03
14.6 8.532836e+03 8.625474e+03 8.655759e+03 8.563121e+03
15.6 8.833311e+03 8.641779e+03 8.655767e+03 8.847298e+03
16.6 8.642346e+03 8.677491e+03 8.655772e+03 8.620626e+03
17.6 8.739068e+03 8.664141e+03 8.655775e+03 8.730702e+03
0.1 8.639180e+03 8.651998e+03 8.655726e+03 8.642907e+03
1.1 8.617879e+03 8.660123e+03 8.656233e+03 8.613989e+03
2.1 8.709926e+03 8.673353e+03 8.659520e+03 8.696093e+03
3.1 8.600013e+03 8.673555e+03 8.660358e+03 8.586815e+03
4.1 8.689423e+03 8.669797e+03 8.658525e+03 8.678151e+03
5.1 8.636729e+03 8.665792e+03 8.656798e+03 8.627736e+03
6.1 8.754319e+03 8.673566e+03 8.655816e+03 8.736570e+03
7.1 8.632706e+03 8.663301e+03 8.655366e+03 8.624770e+03
8.1 8.713836e+03 8.668183e+03 8.655250e+03 8.700903e+03
9.1 8.664547e+03 8.649593e+03 8.655306e+03 8.670260e+03
10.1 8.569665e+03 8.659242e+03 8.655416e+03 8.565839e+03
11.1 8.723654e+03 8.665546e+03 8.655515e+03 8.713623e+03
12.1 8.669952e+03 8.653367e+03 8.655581e+03 8.672166e+03
13.1 8.601159e+03 8.583729e+03 8.655613e+03 8.673043e+03
14.1 8.585020e+03 8.620400e+03 8.655626e+03 8.620245e+03
15.1 8.558505e+03 8.645255e+03 8.655627e+03 8.568876e+03
16.1 8.716348e+03 8.675297e+03 8.655623e+03 8.696674e+03
17.1 8.651692e+03 8.669360e+03 8.655617e+03 8.637950e+03
0.0 8.658850e+03 8.646009e+03 8.655518e+03 8.668359e+03
1.0 8.741143e+03 8.655267e+03 8.655978e+03 8.741854e+03
2.0 8.696638e+03 8.668454e+03 8.659169e+03 8.687353e+03
3.0 8.594626e+03 8.680465e+03 8.660181e+03 8.574343e+03
4.0 8.601762e+03 8.643525e+03 8.658429e+03 8.616666e+03
5.0 8.635655e+03 8.625965e+03 8.656638e+03 8.666329e+03
6.0 8.580348e+03 8.637320e+03 8.655643e+03 8.598671e+03
7.0 8.618924e+03 8.641067e+03 8.655193e+03 8.633050e+03
8.0 8.653800e+03 8.640208e+03 8.655070e+03 8.668662e+03
9.0 8.660005e+03 8.650381e+03 8.655502e+03 8.665127e+03
10.0 8.684156e+03 8.669627e+03 8.658828e+03 8.673357e+03
11.0 8.678481e+03 8.667935e+03 8.660070e+03 8.670617e+03
12.0 8.721125e+03 8.652446e+03 8.658453e+03 8.727132e+03
13.0 8.642040e+03 8.648153e+03 8.656674e+03 8.650561e+03
14.0 8.742654e+03 8.641351e+03 8.655669e+03 8.756972e+03
15.0 8.759091e+03 8.632364e+03 8.655205e+03 8.781932e+03
16.0 8.647921e+03 8.626897e+03 8.655084e+03 8.676108e+03
17.0 8.488822e+03 8.638966e+03 8.655141e+03 8.504997e+03
1.0 8.660005e+03 8.650381e+03 8.655502e+03 8.665127e+03
2.0 8.684156e+03 8.669627e+03 8.658828e+03 8.673357e+03
3.0 8.678481e+03 8.667935e+03 8.660070e+03 8.670617e+03
4.0 8.721125e+03 8.652446e+03 8.658453e+03 8.727132e+03
5.0 8.642040e+03 8.648153e+03 8.656674e+03 8.650561e+03
6.0 8.742654e+03 8.641351e+03 8.655669e+03 8.756972e+03
7.0 8.759091e+03 8.632364e+03 8.655205e+03 8.781932e+03
8.0 8.647921e+03 8.626897e+03 8.655084e+03 8.676108e+03
9.0 8.488822e+03 8.638966e+03 8.655141e+03 8.504997e+03
10.0 8.659903e+03 8.663480e+03 8.655264e+03 8.651688e+03
11.0 8.604352e+03 8.666023e+03 8.655377e+03 8.593706e+03
12.0 8.676086e+03 8.694684e+03 8.655458e+03 8.636860e+03
13.0 8.727353e+03 8.716873e+03 8.655506e+03 8.665985e+03
14.0 8.644340e+03 8.668219e+03 8.655532e+03 8.631653e+03
15.0 8.758210e+03 8.648143e+03 8.655548e+03 8.765616e+03
16.0 8.531556e+03 8.649677e+03 8.655561e+03 8.537440e+03
17.0 8.662640e+03 8.659008e+03 8.656955e+03 8.660587e+03
18.0 8.652103e+03 8.665376e+03 8.660067e+03 8.646793e+03
0.4 8.531556e+03 8.649677e+03 8.655561e+03 8.537440e+03
1.4 8.662640e+03 8.659008e+03 8.656955e+03 8.660587e+03
2.4 8.652103e+03 8.665376e+03 8.660067e+03 8.646793e+03
3.4 8.635829e+03 8.673921e+03 8.659826e+03 8.621734e+03
4.4 8.609184e+03 8.667619e+03 8.657826e+03 8.599390e+03
5.4 8.668176e+03 8.665083e+03 8.656337e+03 8.659430e+03
6.4 8.852303e+03 8.723873e+03 8.655547e+03 8.783976e+03
7.4 8.629352e+03 8.623987e+03 8.655242e+03 8.660606e+03
8.4 8.472078e+03 8.534213e+03 8.655206e+03 8.593071e+03
9.4 8.503559e+03 8.491904e+03 8.655305e+03 8.666959e+03
10.4 8.450907e+03 8.566064e+03 8.655432e+03 8.540276e+03
11.4 8.678941e+03 8.655742e+03 8.655540e+03 8.678739e+03
12.4 8.745492e+03 8.687947e+03 8.655609e+03 8.713154e+03
13.4 8.718800e+03 8.670170e+03 8.655650e+03 8.704280e+03
14.4 8.839021e+03 8.651787e+03 8.655674e+03 8.842908e+03
15.4 8.691354e+03 8.689871e+03 8.655689e+03 8.657172e+03
16.4 8.674732e+03 8.641232e+03 8.655701e+03 8.689201e+03
17.4 8.596925e+03 8.650837e+03 8.655710e+03 8.601798e+03
0.2 8.589115e+03 8.643422e+03 8.655845e+03 8.601539e+03
1.2 8.652906e+03 8.656122e+03 8.656582e+03 8.653366e+03
2.2 8.683299e+03 8.666869e+03 8.659922e+03 8.676352e+03
3.2 8.722866e+03 8.674460e+03 8.660386e+03 8.708792e+03
4.2 8.681704e+03 8.656303e+03 8.658523e+03 8.683924e+03
5.2 8.704272e+03 8.667594e+03 8.656826e+03 8.693504e+03
6.2 8.639125e+03 8.704466e+03 8.655918e+03 8.590577e+03
7.2 8.739213e+03 8.672446e+03 8.655518e+03 8.722285e+03
8.2 8.564960e+03 8.638713e+03 8.655435e+03 8.581682e+03
9.2 8.633495e+03 8.632941e+03 8.655509e+03 8.656062e+03
10.2 8.852213e+03 8.855731e+03 8.655633e+03 8.652115e+03
11.2 8.616604e+03 8.658858e+03 8.655739e+03 8.613486e+03
12.2 8.569852e+03 8.615733e+03 8.655812e+03 8.609931e+03
13.2 8.622531e+03 8.649508e+03 8.655854e+03 8.628877e+03
14.2 8.715517e+03 8.663093e+03 8.655876e+03 8.708300e+03
15.2 8.590574e+03 8.664651e+03 8.655889e+03 8.581812e+03
16.2 8.587435e+03 8.623094e+03 8.655898e+03 8.620238e+03
17.2 8.663936e+03 8.610848e+03 8.655904e+03 8.708992e+03
