0.1 2.161602e+03 2.127126e+03 2.111875e+03 2.146351e+03
1.1 2.186265e+03 2.129949e+03 2.115639e+03 2.171955e+03
2.1 2.174479e+03 2.144445e+03 2.137312e+03 2.167347e+03
3.1 2.116661e+03 2.144272e+03 2.142263e+03 2.114651e+03
4.1 2.168189e+03 2.118101e+03 2.130596e+03 2.180685e+03
5.1 2.144084e+03 2.093599e+03 2.119235e+03 2.169720e+03
6.1 2.176620e+03 2.144889e+03 2.113050e+03 2.144782e+03
7.1 2.108383e+03 2.106684e+03 2.110289e+03 2.111987e+03
8.1 2.111012e+03 2.114919e+03 2.109672e+03 2.105765e+03
9.1 2.243736e+03 2.122683e+03 2.110135e+03 2.231188e+03
10.1 2.217381e+03 2.189614e+03 2.110972e+03 2.138739e+03
11.1 2.155325e+03 2.143048e+03 2.111704e+03 2.123981e+03
12.1 2.050473e+03 2.094231e+03 2.112216e+03 2.068459e+03
13.1 2.071511e+03 2.100091e+03 2.112510e+03 2.083931e+03
14.1 2.067950e+03 2.083646e+03 2.112671e+03 2.096976e+03
15.1 2.056453e+03 2.077855e+03 2.112760e+03 2.091358e+03
16.1 2.084879e+03 2.102353e+03 2.112813e+03 2.095339e+03
17.1 2.119308e+03 2.108045e+03 2.112850e+03 2.124113e+03
0.5 2.157439e+03 2.128688e+03 2.113059e+03 2.141811e+03
1.5 2.080997e+03 2.115942e+03 2.123700e+03 2.088756e+03
2.5 2.141247e+03 2.126448e+03 2.143214e+03 2.158012e+03
3.5 2.146407e+03 2.129047e+03 2.139523e+03 2.156884e+03
4.5 2.106155e+03 2.126844e+03 2.126353e+03 2.105665e+03
5.5 2.114583e+03 2.136215e+03 2.117101e+03 2.095470e+03
6.5 2.052321e+03 2.112197e+03 2.112352e+03 2.052476e+03
7.5 1.986478e+03 2.142772e+03 2.110456e+03 1.954162e+03
8.5 2.192554e+03 2.122029e+03 2.110289e+03 2.180815e+03
9.5 2.083977e+03 2.115378e+03 2.110926e+03 2.079526e+03
10.5 2.090888e+03 2.109051e+03 2.111701e+03 2.093538e+03
11.5 2.146262e+03 2.104955e+03 2.112313e+03 2.153620e+03
12.5 2.134250e+03 2.071996e+03 2.112705e+03 2.174959e+03
13.5 2.099434e+03 2.103746e+03 2.112911e+03 2.108599e+03
14.5 2.123309e+03 2.099772e+03 2.113016e+03 2.136553e+03
15.5 2.049552e+03 2.138940e+03 2.113067e+03 2.023679e+03
16.5 2.141469e+03 2.130722e+03 2.113098e+03 2.123844e+03
17.5 2.185728e+03 2.161082e+03 2.113121e+03 2.137767e+03
0.7 2.057415e+03 2.136830e+03 2.113720e+03 2.034305e+03
1.7 2.142771e+03 2.140645e+03 2.129389e+03 2.131514e+03
2.7 2.039912e+03 2.125153e+03 2.144669e+03 2.059427e+03
3.7 2.101529e+03 2.126922e+03 2.137177e+03 2.111784e+03
4.7 2.227306e+03 2.114615e+03 2.124580e+03 2.237271e+03
5.7 2.116276e+03 2.107404e+03 2.116374e+03 2.125246e+03
6.7 2.088649e+03 2.102359e+03 2.112296e+03 2.098586e+03
7.7 2.145879e+03 2.089724e+03 2.110923e+03 2.167078e+03
8.7 2.140417e+03 2.084343e+03 2.111026e+03 2.167100e+03
9.7 2.169932e+03 2.102949e+03 2.111760e+03 2.178743e+03
10.7 2.150494e+03 2.103511e+03 2.112553e+03 2.159536e+03
11.7 2.229675e+03 2.099058e+03 2.113165e+03 2.243782e+03
12.7 2.091313e+03 2.118943e+03 2.113539e+03 2.085909e+03
13.7 2.093908e+03 2.131609e+03 2.113760e+03 2.076059e+03
14.7 2.104905e+03 2.126252e+03 2.113885e+03 2.092538e+03
15.7 2.207764e+03 2.128191e+03 2.113963e+03 2.193537e+03
16.7 2.166039e+03 2.133533e+03 2.114017e+03 2.146524e+03
17.7 2.202837e+03 2.118695e+03 2.114060e+03 2.198202e+03
0.9 2.090891e+03 2.097277e+03 2.114927e+03 2.108542e+03
1.9 2.039737e+03 2.126411e+03 2.134374e+03 2.047700e+03
2.9 2.081585e+03 2.145660e+03 2.144163e+03 2.080088e+03
3.9 2.060085e+03 2.105519e+03 2.133761e+03 2.088326e+03
4.9 2.043581e+03 2.066181e+03 2.121518e+03 2.098918e+03
5.9 2.119037e+03 2.114083e+03 2.114423e+03 2.119376e+03
6.9 2.142544e+03 2.129119e+03 2.111092e+03 2.124517e+03
7.9 2.169580e+03 2.124691e+03 2.110032e+03 2.154921e+03
8.9 2.184066e+03 2.129393e+03 2.110255e+03 2.164929e+03
9.9 2.014067e+03 2.100261e+03 2.110965e+03 2.024771e+03
10.9 2.183768e+03 2.100583e+03 2.111628e+03 2.194813e+03
11.9 2.258937e+03 2.101452e+03 2.112077e+03 2.269561e+03
12.9 2.235980e+03 2.149935e+03 2.112319e+03 2.198364e+03
13.9 2.079096e+03 2.114213e+03 2.112410e+03 2.077294e+03
14.9 2.113833e+03 2.109095e+03 2.112426e+03 2.117165e+03
15.9 2.149724e+03 2.103105e+03 2.112405e+03 2.159025e+03
16.9 2.126139e+03 2.071416e+03 2.112370e+03 2.167093e+03
17.9 2.032746e+03 2.091461e+03 2.112330e+03 2.053616e+03
0.6 2.115785e+03 2.124794e+03 2.112138e+03 2.103129e+03
1.6 2.208397e+03 2.117829e+03 2.125004e+03 2.215572e+03
2.6 2.205049e+03 2.133826e+03 2.142696e+03 2.213919e+03
3.6 2.145037e+03 2.117436e+03 2.137258e+03 2.164858e+03
4.6 2.105585e+03 2.103961e+03 2.124406e+03 2.126030e+03
5.6 2.025312e+03 2.089215e+03 2.115518e+03 2.051615e+03
6.6 1.982891e+03 2.095242e+03 2.110953e+03 1.998602e+03
7.6 2.022476e+03 2.070341e+03 2.109280e+03 2.061414e+03
8.6 2.052432e+03 2.052164e+03 2.109200e+03 2.109468e+03
9.6 2.029840e+03 2.057232e+03 2.109849e+03 2.082457e+03
10.6 2.170110e+03 2.098817e+03 2.110613e+03 2.181906e+03
11.6 2.170601e+03 2.116389e+03 2.111216e+03 2.165427e+03
12.6 2.003954e+03 2.045858e+03 2.111579e+03 2.069675e+03
13.6 2.034333e+03 2.122379e+03 2.111780e+03 2.023734e+03
14.6 2.142257e+03 2.135620e+03 2.111880e+03 2.118517e+03
15.6 2.044421e+03 2.098797e+03 2.112800e+03 2.058424e+03
16.6 2.108513e+03 2.123208e+03 2.130937e+03 2.116242e+03
17.6 2.199499e+03 2.138153e+03 2.143360e+03 2.204707e+03
0.8 2.044421e+03 2.098797e+03 2.112800e+03 2.058424e+03
1.8 2.108513e+03 2.123208e+03 2.130937e+03 2.116242e+03
2.8 2.199499e+03 2.138153e+03 2.143360e+03 2.204707e+03
3.8 2.173793e+03 2.107768e+03 2.134116e+03 2.200141e+03
4.8 2.091511e+03 2.072887e+03 2.121861e+03 2.140485e+03
5.8 2.081765e+03 2.066413e+03 2.114275e+03 2.129627e+03
6.8 2.107316e+03 2.080946e+03 2.110619e+03 2.136990e+03
7.8 2.078555e+03 2.100713e+03 2.109499e+03 2.087341e+03
8.8 2.114916e+03 2.112898e+03 2.109746e+03 2.111763e+03
9.8 2.176796e+03 2.098536e+03 2.110539e+03 2.188799e+03
10.8 2.274138e+03 2.150614e+03 2.111349e+03 2.234874e+03
11.8 2.109960e+03 2.170925e+03 2.111970e+03 2.051006e+03
12.8 2.159599e+03 2.151206e+03 2.112365e+03 2.120758e+03
13.8 2.076070e+03 2.116047e+03 2.112618e+03 2.072642e+03
14.8 2.046143e+03 2.099505e+03 2.112790e+03 2.059429e+03
15.8 2.093393e+03 2.102690e+03 2.112929e+03 2.103632e+03
16.8 2.191398e+03 2.112406e+03 2.113059e+03 2.192052e+03
