0.9 4.875455e+03 4.836880e+03 4.840162e+03 4.878737e+03
1.9 4.935516e+03 4.884388e+03 4.832243e+03 4.883371e+03
2.9 4.822302e+03 4.885355e+03 4.827183e+03 4.764130e+03
3.9 4.778903e+03 4.810960e+03 4.831305e+03 4.799248e+03
4.9 4.882344e+03 4.829089e+03 4.836683e+03 4.889938e+03
5.9 4.820858e+03 4.834376e+03 4.839871e+03 4.826353e+03
6.9 4.706692e+03 4.826709e+03 4.841377e+03 4.721360e+03
7.9 4.869010e+03 4.839718e+03 4.841864e+03 4.871157e+03
8.9 4.731696e+03 4.821266e+03 4.841766e+03 4.752196e+03
9.9 4.709925e+03 4.798277e+03 4.841436e+03 4.753084e+03
10.9 4.876876e+03 4.809413e+03 4.841113e+03 4.908576e+03
11.9 4.884547e+03 4.833226e+03 4.840880e+03 4.892200e+03
12.9 4.846092e+03 4.836967e+03 4.839295e+03 4.848420e+03
13.9 4.707656e+03 4.774913e+03 4.830165e+03 4.762908e+03
14.9 4.901809e+03 4.790711e+03 4.827546e+03 4.938643e+03
15.9 4.805493e+03 4.822829e+03 4.832515e+03 4.815179e+03
16.9 4.772768e+03 4.822743e+03 4.837382e+03 4.787406e+03
17.9 4.946276e+03 4.823891e+03 4.840203e+03 4.962589e+03
0.1 4.884547e+03 4.833226e+03 4.840880e+03 4.892200e+03
1.1 4.846092e+03 4.836967e+03 4.839295e+03 4.848420e+03
2.1 4.707656e+03 4.774913e+03 4.830165e+03 4.762908e+03
3.1 4.901809e+03 4.790711e+03 4.827546e+03 4.938643e+03
4.1 4.805493e+03 4.822829e+03 4.832515e+03 4.815179e+03
5.1 4.772768e+03 4.822743e+03 4.837382e+03 4.787406e+03
6.1 4.946276e+03 4.823891e+03 4.840203e+03 4.962589e+03
7.1 4.932569e+03 4.849031e+03 4.841417e+03 4.924956e+03
8.1 4.790647e+03 4.809462e+03 4.841727e+03 4.822911e+03
9.1 4.770186e+03 4.805208e+03 4.841541e+03 4.806519e+03
10.1 4.803690e+03 4.814694e+03 4.841195e+03 4.830190e+03
11.1 4.844470e+03 4.817146e+03 4.840872e+03 4.868197e+03
12.1 4.921161e+03 4.828908e+03 4.840655e+03 4.932908e+03
13.1 4.943049e+03 4.829961e+03 4.840523e+03 4.953611e+03
14.1 4.754720e+03 4.828105e+03 4.840451e+03 4.767066e+03
15.1 4.994796e+03 4.846599e+03 4.840410e+03 4.988608e+03
16.1 4.900296e+03 4.921230e+03 4.840383e+03 4.819449e+03
17.1 4.848589e+03 4.891572e+03 4.840363e+03 4.797380e+03
1.0 4.804499e+03 4.836317e+03 4.839028e+03 4.807211e+03
2.0 4.752778e+03 4.829991e+03 4.830233e+03 4.753020e+03
3.0 4.816577e+03 4.837335e+03 4.826816e+03 4.806058e+03
4.0 4.872062e+03 4.806254e+03 4.831567e+03 4.897375e+03
5.0 4.840191e+03 4.823217e+03 4.836589e+03 4.853562e+03
6.0 4.684927e+03 4.827852e+03 4.839572e+03 4.696648e+03
7.0 4.797403e+03 4.861086e+03 4.840890e+03 4.777207e+03
8.0 4.890728e+03 4.827725e+03 4.841265e+03 4.904268e+03
9.0 4.858874e+03 4.837485e+03 4.841118e+03 4.862506e+03
10.0 4.873019e+03 4.874952e+03 4.840790e+03 4.838857e+03
11.0 4.926582e+03 4.826130e+03 4.840476e+03 4.940928e+03
12.0 4.877202e+03 4.794445e+03 4.840266e+03 4.923022e+03
13.0 4.967040e+03 4.944860e+03 4.840144e+03 4.862324e+03
14.0 4.845665e+03 4.846357e+03 4.840084e+03 4.839393e+03
15.0 4.875876e+03 4.802580e+03 4.840057e+03 4.913352e+03
16.0 4.805057e+03 4.831078e+03 4.840044e+03 4.814023e+03
17.0 4.652394e+03 4.828335e+03 4.840038e+03 4.664097e+03
18.0 4.885742e+03 4.842737e+03 4.840035e+03 4.883039e+03
0.7 4.783853e+03 4.820382e+03 4.839844e+03 4.803315e+03
1.7 4.732798e+03 4.785883e+03 4.833098e+03 4.780013e+03
2.7 4.897673e+03 4.844095e+03 4.826521e+03 4.880099e+03
3.7 4.890397e+03 4.892824e+03 4.829626e+03 4.827199e+03
4.7 4.853416e+03 4.864861e+03 4.835213e+03 4.823767e+03
5.7 4.822541e+03 4.822045e+03 4.838767e+03 4.839263e+03
6.7 4.737272e+03 4.829995e+03 4.840540e+03 4.747818e+03
7.7 4.698069e+03 4.734615e+03 4.841148e+03 4.804602e+03
8.7 4.804237e+03 4.798166e+03 4.841124e+03 4.847196e+03
9.7 4.950777e+03 4.883578e+03 4.840819e+03 4.908018e+03
10.7 4.973296e+03 4.934525e+03 4.840493e+03 4.879264e+03
11.7 4.816015e+03 4.839626e+03 4.840246e+03 4.816636e+03
12.7 4.715864e+03 4.853277e+03 4.840103e+03 4.702690e+03
13.7 4.916983e+03 4.838592e+03 4.840029e+03 4.918420e+03
14.7 4.751583e+03 4.765791e+03 4.839994e+03 4.825785e+03
15.7 4.737812e+03 4.830145e+03 4.839980e+03 4.747646e+03
16.7 4.638758e+03 4.803948e+03 4.839974e+03 4.674784e+03
17.7 4.920296e+03 4.803418e+03 4.839972e+03 4.956850e+03
1.0 4.838755e+03 4.851304e+03 4.839409e+03 4.826860e+03
2.0 4.840648e+03 4.840399e+03 4.830630e+03 4.830879e+03
3.0 4.744072e+03 4.704080e+03 4.827229e+03 4.867222e+03
4.0 4.789792e+03 4.827543e+03 4.831994e+03 4.794242e+03
5.0 4.724902e+03 4.848179e+03 4.837128e+03 4.713851e+03
6.0 4.786302e+03 4.845524e+03 4.840024e+03 4.780802e+03
7.0 4.819752e+03 4.853567e+03 4.841350e+03 4.807535e+03
8.0 4.780611e+03 4.850106e+03 4.841733e+03 4.772239e+03
9.0 4.937592e+03 4.890191e+03 4.841591e+03 4.888992e+03
10.0 5.124599e+03 4.955258e+03 4.841258e+03 5.010600e+03
11.0 4.908185e+03 4.870596e+03 4.840954e+03 4.878542e+03
12.0 4.951067e+03 4.862350e+03 4.840242e+03 4.928960e+03
13.0 4.777352e+03 4.814821e+03 4.831943e+03 4.794474e+03
14.0 4.909229e+03 4.855441e+03 4.827058e+03 4.880846e+03
15.0 4.926828e+03 4.893781e+03 4.831285e+03 4.864332e+03
16.0 4.884581e+03 4.854278e+03 4.836493e+03 4.866796e+03
17.0 4.906653e+03 4.822463e+03 4.839662e+03 4.923852e+03
18.0 4.981700e+03 4.827805e+03 4.841173e+03 4.995068e+03
0.9 4.951067e+03 4.862350e+03 4.840242e+03 4.928960e+03
1.9 4.777352e+03 4.814821e+03 4.831943e+03 4.794474e+03
2.9 4.909229e+03 4.855441e+03 4.827058e+03 4.880846e+03
3.9 4.926828e+03 4.893781e+03 4.831285e+03 4.864332e+03
4.9 4.884581e+03 4.854278e+03 4.836493e+03 4.866796e+03
5.9 4.906653e+03 4.822463e+03 4.839662e+03 4.923852e+03
6.9 4.981700e+03 4.827805e+03 4.841173e+03 4.995068e+03
7.9 4.897098e+03 4.878579e+03 4.841621e+03 4.860140e+03
8.9 4.898030e+03 4.899831e+03 4.841499e+03 4.839698e+03
9.9 4.836083e+03 4.896505e+03 4.841158e+03 4.780736e+03
10.9 4.825317e+03 4.880323e+03 4.840817e+03 4.785811e+03
11.9 4.806330e+03 4.809289e+03 4.840558e+03 4.837599e+03
12.9 4.768176e+03 4.821710e+03 4.840395e+03 4.786862e+03
13.9 4.811380e+03 4.792929e+03 4.840291e+03 4.858742e+03
14.9 4.697407e+03 4.814938e+03 4.840221e+03 4.722690e+03
15.9 4.914498e+03 4.829020e+03 4.840164e+03 4.925642e+03
16.9 4.898737e+03 4.836147e+03 4.840111e+03 4.902701e+03
17.9 4.726861e+03 4.837479e+03 4.840058e+03 4.729441e+03
