0.8 1.019726e+04 1.008025e+04 1.010869e+04 1.022570e+04
1.8 1.012352e+04 1.008382e+04 1.011663e+04 1.015633e+04
2.8 1.004046e+04 1.008829e+04 1.012251e+04 1.007468e+04
3.8 1.010260e+04 1.009478e+04 1.011843e+04 1.012625e+04
4.8 1.001257e+04 1.009825e+04 1.011280e+04 1.002712e+04
5.8 1.000410e+04 1.010737e+04 1.010920e+04 1.000594e+04
6.8 1.002908e+04 1.011876e+04 1.010753e+04 1.001786e+04
7.8 1.006426e+04 1.011129e+04 1.010696e+04 1.005993e+04
8.8 1.015968e+04 1.011384e+04 1.010703e+04 1.015287e+04
9.8 1.014543e+04 1.011594e+04 1.010735e+04 1.013684e+04
10.8 1.001833e+04 1.009200e+04 1.010769e+04 1.003402e+04
11.8 1.012547e+04 1.013559e+04 1.010792e+04 1.009780e+04
12.8 9.998786e+03 1.005626e+04 1.010806e+04 1.005059e+04
13.8 1.007378e+04 1.004329e+04 1.010813e+04 1.013862e+04
14.8 9.992265e+03 1.006946e+04 1.010816e+04 1.003096e+04
15.8 1.003965e+04 1.010596e+04 1.010817e+04 1.004186e+04
16.8 1.014307e+04 1.013625e+04 1.010818e+04 1.011500e+04
17.8 1.026107e+04 1.014088e+04 1.010818e+04 1.022837e+04
0.7 1.016136e+04 1.010241e+04 1.010839e+04 1.016735e+04
1.7 1.000371e+04 1.006483e+04 1.011526e+04 1.005415e+04
2.7 1.011785e+04 1.007699e+04 1.012244e+04 1.016331e+04
3.7 1.002319e+04 1.008988e+04 1.011921e+04 1.005252e+04
4.7 1.016429e+04 1.012512e+04 1.011345e+04 1.015263e+04
5.7 1.005423e+04 1.011314e+04 1.010966e+04 1.005075e+04
6.7 1.018010e+04 1.013528e+04 1.010776e+04 1.015257e+04
7.7 1.024620e+04 1.013418e+04 1.010710e+04 1.021913e+04
8.7 1.012779e+04 1.010441e+04 1.010713e+04 1.013051e+04
9.7 1.009537e+04 1.010959e+04 1.010745e+04 1.009323e+04
10.7 9.988618e+03 1.010120e+04 1.010780e+04 9.995220e+03
11.7 1.009948e+04 1.008269e+04 1.010807e+04 1.012486e+04
12.7 1.013483e+04 1.010669e+04 1.010824e+04 1.013637e+04
13.7 1.014804e+04 1.007765e+04 1.010832e+04 1.017872e+04
14.7 1.015825e+04 1.014193e+04 1.010837e+04 1.012469e+04
15.7 1.013118e+04 1.014074e+04 1.010839e+04 1.009883e+04
16.7 1.015430e+04 1.010966e+04 1.010840e+04 1.015304e+04
17.7 1.006047e+04 1.005590e+04 1.010841e+04 1.011298e+04
0.4 1.015853e+04 1.013587e+04 1.010838e+04 1.013104e+04
1.4 1.022351e+04 1.011307e+04 1.011247e+04 1.022291e+04
2.4 1.005433e+04 1.009571e+04 1.012178e+04 1.008040e+04
3.4 1.016047e+04 1.007811e+04 1.012079e+04 1.020315e+04
4.4 1.012651e+04 1.007728e+04 1.011496e+04 1.016419e+04
5.4 1.015405e+04 1.009611e+04 1.011043e+04 1.016837e+04
6.4 1.006949e+04 1.010639e+04 1.010814e+04 1.007124e+04
7.4 1.019073e+04 1.020546e+04 1.010719e+04 1.009247e+04
8.4 1.032159e+04 1.028245e+04 1.010707e+04 1.014621e+04
9.4 1.023691e+04 1.014248e+04 1.010733e+04 1.020175e+04
10.4 1.006338e+04 1.011784e+04 1.010769e+04 1.005322e+04
11.4 1.007852e+04 1.011380e+04 1.010796e+04 1.007269e+04
12.4 1.010139e+04 1.009568e+04 1.010814e+04 1.011386e+04
13.4 1.004596e+04 1.012082e+04 1.010823e+04 1.003337e+04
14.4 1.000646e+04 1.010571e+04 1.010827e+04 1.000902e+04
15.4 1.020342e+04 1.012346e+04 1.010829e+04 1.018825e+04
16.4 1.009662e+04 1.011309e+04 1.010830e+04 1.009183e+04
17.4 1.010955e+04 1.010651e+04 1.010829e+04 1.011133e+04
0.5 1.017809e+04 1.013032e+04 1.010837e+04 1.015613e+04
1.5 1.011458e+04 1.010616e+04 1.011347e+04 1.012188e+04
2.5 1.006308e+04 1.009693e+04 1.012217e+04 1.008831e+04
3.5 1.006184e+04 1.008482e+04 1.012028e+04 1.009729e+04
4.5 1.019835e+04 1.010335e+04 1.011443e+04 1.020943e+04
5.5 1.016784e+04 1.016600e+04 1.011015e+04 1.011199e+04
6.5 1.000532e+04 1.011791e+04 1.010804e+04 9.995445e+03
7.5 1.009531e+04 1.012670e+04 1.010720e+04 1.007582e+04
8.5 1.020550e+04 1.014526e+04 1.010715e+04 1.016739e+04
9.5 1.010503e+04 1.013169e+04 1.010743e+04 1.008077e+04
10.5 1.024035e+04 1.015606e+04 1.010779e+04 1.019208e+04
11.5 1.019367e+04 1.011059e+04 1.010807e+04 1.019115e+04
12.5 1.003235e+04 1.010231e+04 1.010824e+04 1.003829e+04
13.5 1.012457e+04 1.008141e+04 1.010833e+04 1.015150e+04
14.5 1.011214e+04 1.016504e+04 1.010838e+04 1.005548e+04
15.5 9.969308e+03 1.013744e+04 1.010840e+04 9.940263e+03
16.5 1.010401e+04 1.013012e+04 1.010840e+04 1.008229e+04
17.5 1.011442e+04 1.012106e+04 1.010841e+04 1.010176e+04
0.3 1.005310e+04 1.013429e+04 1.010756e+04 1.002638e+04
1.3 1.016616e+04 1.012815e+04 1.011027e+04 1.014828e+04
2.3 9.983779e+03 1.010725e+04 1.012005e+04 9.996580e+03
3.3 1.018936e+04 1.009090e+04 1.012055e+04 1.021901e+04
4.3 1.011096e+04 1.014514e+04 1.011469e+04 1.008050e+04
5.3 1.009723e+04 1.015341e+04 1.010991e+04 1.005374e+04
6.3 1.008892e+04 1.011055e+04 1.010731e+04 1.008568e+04
7.3 1.011626e+04 1.011229e+04 1.010615e+04 1.011012e+04
8.3 1.015909e+04 1.010211e+04 1.010589e+04 1.016286e+04
9.3 1.009583e+04 1.008386e+04 1.010607e+04 1.011805e+04
10.3 9.980117e+03 1.005632e+04 1.010637e+04 1.003017e+04
11.3 9.992894e+03 1.005290e+04 1.010662e+04 1.004661e+04
12.3 1.009534e+04 1.008092e+04 1.010676e+04 1.012118e+04
13.3 1.013541e+04 1.011475e+04 1.010681e+04 1.012748e+04
14.3 1.009435e+04 1.011999e+04 1.010978e+04 1.008415e+04
15.3 1.011012e+04 1.010428e+04 1.011938e+04 1.012521e+04
16.3 1.011796e+04 1.009800e+04 1.011989e+04 1.013985e+04
17.3 1.021003e+04 1.010656e+04 1.011403e+04 1.021749e+04
0.3 1.013541e+04 1.011475e+04 1.010681e+04 1.012748e+04
1.3 1.009435e+04 1.011999e+04 1.010978e+04 1.008415e+04
2.3 1.011012e+04 1.010428e+04 1.011938e+04 1.012521e+04
3.3 1.011796e+04 1.009800e+04 1.011989e+04 1.013985e+04
4.3 1.021003e+04 1.010656e+04 1.011403e+04 1.021749e+04
5.3 1.013351e+04 1.010759e+04 1.010927e+04 1.013519e+04
6.3 1.024107e+04 1.011060e+04 1.010663e+04 1.023709e+04
7.3 1.017494e+04 1.011345e+04 1.010552e+04 1.016700e+04
8.3 1.004767e+04 1.014326e+04 1.010527e+04 1.000968e+04
9.3 1.003009e+04 1.005092e+04 1.010547e+04 1.008464e+04
