0.6 2.344124e+03 2.172086e+03 2.270760e+03 2.442798e+03
1.6 2.057054e+03 2.180897e+03 2.273098e+03 2.149255e+03
2.6 2.296174e+03 2.260465e+03 2.275740e+03 2.311449e+03
3.6 2.086866e+03 2.309226e+03 2.274628e+03 2.052268e+03
4.6 2.358231e+03 2.413641e+03 2.272559e+03 2.217150e+03
5.6 2.418290e+03 2.398586e+03 2.271152e+03 2.290856e+03
6.6 2.524214e+03 2.362276e+03 2.270474e+03 2.432412e+03
7.6 2.589687e+03 2.369667e+03 2.270219e+03 2.490239e+03
8.6 2.371795e+03 2.345212e+03 2.270215e+03 2.296798e+03
9.6 2.527405e+03 2.247950e+03 2.270317e+03 2.549772e+03
10.6 2.368950e+03 2.310997e+03 2.270435e+03 2.328388e+03
11.6 2.445198e+03 2.292000e+03 2.270520e+03 2.423718e+03
12.6 2.296050e+03 2.348297e+03 2.270569e+03 2.218321e+03
13.6 2.397497e+03 2.374260e+03 2.270590e+03 2.293828e+03
14.6 2.248786e+03 2.283465e+03 2.270597e+03 2.235917e+03
15.6 2.130902e+03 2.299316e+03 2.270596e+03 2.102182e+03
16.6 2.226689e+03 2.286081e+03 2.270592e+03 2.211201e+03
17.6 2.159704e+03 2.277924e+03 2.270588e+03 2.152368e+03
0.4 2.239127e+03 2.276728e+03 2.270543e+03 2.232942e+03
1.4 2.114394e+03 2.280613e+03 2.272002e+03 2.105783e+03
2.4 2.122741e+03 2.231542e+03 2.275274e+03 2.166473e+03
3.4 2.167245e+03 2.259721e+03 2.274965e+03 2.182490e+03
4.4 2.208533e+03 2.337259e+03 2.272889e+03 2.144163e+03
5.4 2.212670e+03 2.370532e+03 2.271308e+03 2.113446e+03
6.4 2.239639e+03 2.323354e+03 2.270465e+03 2.186750e+03
7.4 2.177205e+03 2.347974e+03 2.270133e+03 2.099364e+03
8.4 2.217840e+03 2.281548e+03 2.270086e+03 2.206379e+03
9.4 2.194085e+03 2.252785e+03 2.270180e+03 2.211480e+03
10.4 2.299477e+03 2.286370e+03 2.270305e+03 2.283413e+03
11.4 2.189159e+03 2.252513e+03 2.270409e+03 2.207055e+03
12.4 2.203086e+03 2.265682e+03 2.270474e+03 2.207878e+03
13.4 2.214064e+03 2.276549e+03 2.270509e+03 2.208024e+03
14.4 2.281240e+03 2.263510e+03 2.270526e+03 2.288256e+03
15.4 2.205707e+03 2.253009e+03 2.270534e+03 2.223231e+03
16.4 1.997855e+03 2.175462e+03 2.271670e+03 2.094063e+03
17.4 2.168438e+03 2.210202e+03 2.275078e+03 2.233314e+03
0.3 2.205707e+03 2.253009e+03 2.270534e+03 2.223231e+03
1.3 1.997855e+03 2.175462e+03 2.271670e+03 2.094063e+03
2.3 2.168438e+03 2.210202e+03 2.275078e+03 2.233314e+03
3.3 2.268597e+03 2.246088e+03 2.275142e+03 2.297651e+03
4.3 2.371520e+03 2.256742e+03 2.273101e+03 2.387879e+03
5.3 2.537537e+03 2.333177e+03 2.271442e+03 2.475802e+03
6.3 2.665700e+03 2.349621e+03 2.270537e+03 2.586616e+03
7.3 2.677749e+03 2.328930e+03 2.270171e+03 2.618989e+03
8.3 2.585074e+03 2.384054e+03 2.270106e+03 2.471126e+03
9.3 2.364711e+03 2.267312e+03 2.270195e+03 2.367594e+03
10.3 2.443076e+03 2.277380e+03 2.270323e+03 2.436019e+03
11.3 2.222711e+03 2.180034e+03 2.270434e+03 2.313111e+03
12.3 1.918526e+03 2.060485e+03 2.270504e+03 2.128545e+03
13.3 2.284251e+03 2.282755e+03 2.270545e+03 2.272040e+03
14.3 2.368601e+03 2.205950e+03 2.270565e+03 2.433216e+03
15.3 2.205943e+03 2.220355e+03 2.270577e+03 2.256164e+03
16.3 2.291679e+03 2.192325e+03 2.270584e+03 2.369938e+03
17.3 2.305076e+03 2.334881e+03 2.270589e+03 2.240784e+03
0.7 2.158743e+03 2.188771e+03 2.270737e+03 2.240709e+03
1.7 2.078479e+03 2.177133e+03 2.273439e+03 2.174784e+03
2.7 2.318718e+03 2.187256e+03 2.275731e+03 2.407193e+03
3.7 2.215440e+03 2.240720e+03 2.274450e+03 2.249170e+03
4.7 2.175112e+03 2.291385e+03 2.272375e+03 2.156101e+03
5.7 2.069671e+03 2.270216e+03 2.271084e+03 2.070539e+03
6.7 2.146896e+03 2.215975e+03 2.270448e+03 2.201369e+03
7.7 2.054071e+03 2.233035e+03 2.270238e+03 2.091274e+03
8.7 2.276525e+03 2.190731e+03 2.270257e+03 2.356051e+03
9.7 2.199284e+03 2.239087e+03 2.270376e+03 2.230574e+03
10.7 2.209100e+03 2.205322e+03 2.270499e+03 2.274278e+03
11.7 2.091338e+03 2.242387e+03 2.270592e+03 2.119544e+03
12.7 2.218094e+03 2.275124e+03 2.270647e+03 2.213617e+03
13.7 2.295057e+03 2.301194e+03 2.270676e+03 2.264540e+03
14.7 2.280713e+03 2.277662e+03 2.270691e+03 2.273742e+03
15.7 2.362445e+03 2.326533e+03 2.270698e+03 2.306610e+03
16.7 2.241913e+03 2.297782e+03 2.270703e+03 2.214834e+03
17.7 2.170600e+03 2.282619e+03 2.270706e+03 2.158687e+03
0.3 2.327754e+03 2.232541e+03 2.270762e+03 2.365976e+03
1.3 2.452946e+03 2.236487e+03 2.272058e+03 2.488517e+03
2.3 2.503205e+03 2.229324e+03 2.275411e+03 2.549291e+03
3.3 2.343712e+03 2.182025e+03 2.275329e+03 2.437017e+03
4.3 1.949926e+03 2.157954e+03 2.273228e+03 2.065201e+03
5.3 2.222937e+03 2.316825e+03 2.271612e+03 2.177724e+03
6.3 2.186034e+03 2.335678e+03 2.270740e+03 2.121096e+03
7.3 2.287202e+03 2.227751e+03 2.270394e+03 2.329845e+03
8.3 2.209650e+03 2.207806e+03 2.270339e+03 2.272183e+03
9.3 2.116174e+03 2.141525e+03 2.270433e+03 2.245082e+03
10.3 2.179603e+03 2.070236e+03 2.270561e+03 2.379928e+03
11.3 2.028349e+03 2.026307e+03 2.270669e+03 2.272711e+03
12.3 2.256337e+03 2.280035e+03 2.270738e+03 2.247040e+03
13.3 2.213548e+03 2.367064e+03 2.270776e+03 2.117260e+03
14.3 2.191348e+03 2.328146e+03 2.270796e+03 2.133998e+03
15.3 2.114484e+03 2.322698e+03 2.270806e+03 2.062592e+03
16.3 2.265567e+03 2.310952e+03 2.270812e+03 2.225427e+03
17.3 2.172668e+03 2.268984e+03 2.270816e+03 2.174500e+03
0.6 2.320627e+03 2.292828e+03 2.270290e+03 2.298089e+03
1.6 2.236025e+03 2.244504e+03 2.272326e+03 2.263848e+03
2.6 2.259411e+03 2.269580e+03 2.275168e+03 2.264999e+03
