0.8 1.027527e+04 1.016948e+04 1.016163e+04 1.026743e+04
1.8 1.009025e+04 1.016298e+04 1.014352e+04 1.007079e+04
2.8 1.006818e+04 1.013743e+04 1.013011e+04 1.006087e+04
3.8 1.020965e+04 1.013266e+04 1.013941e+04 1.021640e+04
4.8 1.015407e+04 1.011585e+04 1.015226e+04 1.019048e+04
5.8 1.016618e+04 1.015198e+04 1.016046e+04 1.017466e+04
6.8 1.013753e+04 1.015309e+04 1.016427e+04 1.014871e+04
7.8 1.021009e+04 1.015644e+04 1.016556e+04 1.021921e+04
8.8 1.017189e+04 1.015526e+04 1.016541e+04 1.018204e+04
9.8 1.027369e+04 1.015437e+04 1.016468e+04 1.028400e+04
10.8 1.023423e+04 1.016554e+04 1.016391e+04 1.023261e+04
11.8 1.018004e+04 1.020410e+04 1.016337e+04 1.013931e+04
12.8 1.019577e+04 1.012262e+04 1.016305e+04 1.023620e+04
13.8 1.009344e+04 1.012439e+04 1.016290e+04 1.013195e+04
14.8 1.013031e+04 1.015905e+04 1.016283e+04 1.013409e+04
15.8 1.019232e+04 1.016283e+04 1.016280e+04 1.019229e+04
16.8 1.015251e+04 1.011506e+04 1.016279e+04 1.020024e+04
17.8 1.003797e+04 1.010993e+04 1.016278e+04 1.009082e+04
0.7 1.013072e+04 1.016094e+04 1.016231e+04 1.013209e+04
1.7 1.012392e+04 1.016891e+04 1.014664e+04 1.010165e+04
2.7 1.008655e+04 1.016613e+04 1.013027e+04 1.005069e+04
3.7 1.020390e+04 1.017137e+04 1.013764e+04 1.017017e+04
4.7 1.009483e+04 1.018445e+04 1.015077e+04 1.006115e+04
5.7 1.012628e+04 1.017287e+04 1.015942e+04 1.011282e+04
6.7 1.024548e+04 1.020483e+04 1.016375e+04 1.020440e+04
7.7 1.027720e+04 1.018695e+04 1.016524e+04 1.025549e+04
8.7 1.016959e+04 1.017878e+04 1.016518e+04 1.015599e+04
9.7 1.008865e+04 1.016145e+04 1.016445e+04 1.009164e+04
10.7 1.023220e+04 1.015749e+04 1.016365e+04 1.023836e+04
11.7 1.011150e+04 1.015346e+04 1.016303e+04 1.012107e+04
12.7 1.018972e+04 1.016486e+04 1.016266e+04 1.018753e+04
13.7 9.965547e+03 1.013837e+04 1.016246e+04 9.989638e+03
14.7 1.007917e+04 1.015122e+04 1.016237e+04 1.009031e+04
15.7 1.020833e+04 1.015576e+04 1.016232e+04 1.021489e+04
16.7 1.024943e+04 1.015424e+04 1.016229e+04 1.025748e+04
17.7 1.003529e+04 1.000517e+04 1.016227e+04 1.019239e+04
0.4 1.015357e+04 1.011502e+04 1.016234e+04 1.020089e+04
1.4 1.014584e+04 1.014076e+04 1.015300e+04 1.015808e+04
2.4 1.025598e+04 1.015319e+04 1.013179e+04 1.023457e+04
3.4 1.014460e+04 1.014806e+04 1.013404e+04 1.013058e+04
4.4 1.019152e+04 1.016260e+04 1.014734e+04 1.017625e+04
5.4 1.011279e+04 1.015920e+04 1.015765e+04 1.011125e+04
6.4 1.010658e+04 1.016261e+04 1.016288e+04 1.010686e+04
7.4 1.020251e+04 1.024003e+04 1.016504e+04 1.012751e+04
8.4 1.027585e+04 1.029928e+04 1.016532e+04 1.014188e+04
9.4 1.027617e+04 1.017783e+04 1.016473e+04 1.026307e+04
10.4 1.010817e+04 1.012782e+04 1.016392e+04 1.014426e+04
11.4 1.016136e+04 1.015347e+04 1.016328e+04 1.017118e+04
12.4 1.005603e+04 1.016516e+04 1.016288e+04 1.005375e+04
13.4 1.012430e+04 1.017544e+04 1.016267e+04 1.011153e+04
14.4 1.024003e+04 1.019068e+04 1.016257e+04 1.021193e+04
15.4 1.011084e+04 1.016230e+04 1.016253e+04 1.011108e+04
16.4 1.024984e+04 1.016605e+04 1.016253e+04 1.024632e+04
17.4 1.020914e+04 1.015267e+04 1.016253e+04 1.021900e+04
0.5 1.013247e+04 1.014068e+04 1.016235e+04 1.015413e+04
1.5 1.016869e+04 1.015189e+04 1.015074e+04 1.016754e+04
2.5 1.017271e+04 1.012787e+04 1.013090e+04 1.017574e+04
3.5 1.012985e+04 1.015357e+04 1.013521e+04 1.011149e+04
4.5 1.031543e+04 1.015281e+04 1.014854e+04 1.031116e+04
5.5 1.026309e+04 1.019113e+04 1.015829e+04 1.023025e+04
6.5 1.006524e+04 1.007731e+04 1.016311e+04 1.015104e+04
7.5 1.007698e+04 1.015511e+04 1.016501e+04 1.008688e+04
8.5 1.005911e+04 1.018568e+04 1.016515e+04 1.003858e+04
9.5 1.018405e+04 1.018106e+04 1.016449e+04 1.016748e+04
10.5 1.023579e+04 1.021227e+04 1.016367e+04 1.018719e+04
11.5 1.018753e+04 1.014749e+04 1.016304e+04 1.020308e+04
12.5 1.024298e+04 1.015694e+04 1.016264e+04 1.024868e+04
13.5 1.008855e+04 1.013987e+04 1.016244e+04 1.011111e+04
14.5 1.019025e+04 1.022310e+04 1.016234e+04 1.012948e+04
15.5 1.018027e+04 1.021523e+04 1.016229e+04 1.012733e+04
16.5 1.012684e+04 1.016867e+04 1.016228e+04 1.012044e+04
17.5 1.003989e+04 1.016057e+04 1.016227e+04 1.004159e+04
0.3 1.023901e+04 1.013952e+04 1.016420e+04 1.026369e+04
1.3 1.006249e+04 1.013855e+04 1.015802e+04 1.008197e+04
2.3 1.022296e+04 1.016538e+04 1.013572e+04 1.019330e+04
3.3 1.020973e+04 1.021876e+04 1.013459e+04 1.012556e+04
4.3 1.010641e+04 1.019596e+04 1.014796e+04 1.005841e+04
5.3 1.013119e+04 1.017832e+04 1.015884e+04 1.011171e+04
6.3 1.010604e+04 1.018024e+04 1.016478e+04 1.009058e+04
7.3 1.031659e+04 1.024301e+04 1.016742e+04 1.024101e+04
8.3 1.021533e+04 1.020556e+04 1.016802e+04 1.017779e+04
9.3 1.029483e+04 1.022876e+04 1.016760e+04 1.023366e+04
10.3 1.012792e+04 1.018935e+04 1.016691e+04 1.010548e+04
11.3 1.019095e+04 1.017402e+04 1.016636e+04 1.018329e+04
12.3 1.019203e+04 1.016164e+04 1.016602e+04 1.019641e+04
13.3 1.024647e+04 1.015703e+04 1.016590e+04 1.025534e+04
14.3 1.002864e+04 1.015926e+04 1.015914e+04 1.002852e+04
15.3 1.023983e+04 1.017050e+04 1.013726e+04 1.020660e+04
16.3 1.007688e+04 1.013665e+04 1.013610e+04 1.007633e+04
17.3 1.011470e+04 1.016157e+04 1.014945e+04 1.010258e+04
0.3 1.024647e+04 1.015703e+04 1.016590e+04 1.025534e+04
1.3 1.002864e+04 1.015926e+04 1.015914e+04 1.002852e+04
2.3 1.023983e+04 1.017050e+04 1.013726e+04 1.020660e+04
3.3 1.007688e+04 1.013665e+04 1.013610e+04 1.007633e+04
4.3 1.011470e+04 1.016157e+04 1.014945e+04 1.010258e+04
5.3 1.018227e+04 1.018266e+04 1.016031e+04 1.015993e+04
6.3 1.011459e+04 1.015561e+04 1.016633e+04 1.012532e+04
7.3 1.011271e+04 1.014596e+04 1.016886e+04 1.013561e+04
8.3 1.019636e+04 1.017476e+04 1.016942e+04 1.019101e+04
9.3 1.014997e+04 1.009539e+04 1.016897e+04 1.022354e+04
