1.0 7.295785e+03 7.189746e+03 7.336729e+03 7.442768e+03
2.0 7.223459e+03 7.135079e+03 7.247686e+03 7.336067e+03
3.0 6.957156e+03 7.186799e+03 7.216222e+03 6.986579e+03
4.0 7.310327e+03 7.265023e+03 7.264777e+03 7.310081e+03
5.0 7.300586e+03 7.301764e+03 7.314142e+03 7.312964e+03
6.0 7.323158e+03 7.317320e+03 7.342823e+03 7.348661e+03
7.0 7.568739e+03 7.440316e+03 7.356180e+03 7.484604e+03
8.0 7.630802e+03 7.381292e+03 7.359837e+03 7.609347e+03
9.0 7.514794e+03 7.415735e+03 7.358421e+03 7.457480e+03
10.0 7.659378e+03 7.663477e+03 7.355268e+03 7.351169e+03
11.0 7.507783e+03 7.578291e+03 7.352343e+03 7.281835e+03
12.0 7.581667e+03 7.563864e+03 7.350317e+03 7.368119e+03
13.0 7.516815e+03 7.495289e+03 7.349248e+03 7.370774e+03
14.0 7.178380e+03 7.421155e+03 7.348755e+03 7.105981e+03
15.0 7.584847e+03 7.439191e+03 7.348583e+03 7.494239e+03
16.0 7.551903e+03 7.470975e+03 7.348545e+03 7.429474e+03
17.0 7.525407e+03 7.407764e+03 7.348561e+03 7.466205e+03
18.0 7.302917e+03 7.341308e+03 7.348595e+03 7.310204e+03
0.6 7.256418e+03 7.361693e+03 7.348621e+03 7.243346e+03
1.6 6.640713e+03 7.247959e+03 7.291461e+03 6.684216e+03
2.6 7.072578e+03 7.068356e+03 7.217373e+03 7.221595e+03
3.6 7.163718e+03 7.195877e+03 7.242992e+03 7.210833e+03
4.6 7.120465e+03 7.243749e+03 7.297710e+03 7.174426e+03
5.6 6.783123e+03 7.312132e+03 7.335772e+03 6.806763e+03
6.6 7.284137e+03 7.464154e+03 7.354234e+03 7.174217e+03
7.6 6.755264e+03 7.281103e+03 7.361276e+03 6.835438e+03
8.6 7.479333e+03 7.516062e+03 7.361511e+03 7.324782e+03
9.6 7.782166e+03 7.577794e+03 7.358821e+03 7.563193e+03
10.6 8.208538e+03 7.548013e+03 7.355633e+03 8.016157e+03
11.6 7.703396e+03 7.385357e+03 7.353309e+03 7.671349e+03
12.6 7.360235e+03 7.304081e+03 7.351923e+03 7.408077e+03
13.6 6.927953e+03 7.159255e+03 7.351298e+03 7.119995e+03
14.6 6.582472e+03 7.090952e+03 7.351089e+03 6.842609e+03
15.6 7.039315e+03 7.175922e+03 7.351090e+03 7.214483e+03
16.6 7.166877e+03 7.287879e+03 7.351191e+03 7.230189e+03
17.6 7.035083e+03 7.438097e+03 7.351335e+03 6.948321e+03
0.2 7.742175e+03 7.567984e+03 7.356499e+03 7.530690e+03
1.2 7.317244e+03 7.259879e+03 7.330793e+03 7.388158e+03
2.2 7.219745e+03 7.206986e+03 7.240253e+03 7.253012e+03
3.2 7.026302e+03 7.199413e+03 7.232757e+03 7.059645e+03
4.2 6.821071e+03 7.266838e+03 7.287115e+03 6.841348e+03
5.2 6.933119e+03 6.935134e+03 7.332118e+03 7.330102e+03
6.2 6.798406e+03 7.351506e+03 7.357093e+03 6.803994e+03
7.2 7.000103e+03 7.302233e+03 7.367481e+03 7.065351e+03
8.2 7.578232e+03 7.344403e+03 7.356808e+03 7.590637e+03
9.2 7.785458e+03 7.237491e+03 7.263850e+03 7.811817e+03
10.2 7.806068e+03 7.220917e+03 7.234486e+03 7.819637e+03
11.2 7.631092e+03 7.261170e+03 7.281790e+03 7.651711e+03
12.2 7.295634e+03 7.227007e+03 7.328380e+03 7.397008e+03
13.2 7.117068e+03 7.036561e+03 7.355052e+03 7.435559e+03
14.2 7.040413e+03 7.048043e+03 7.367245e+03 7.359614e+03
15.2 7.178036e+03 7.389948e+03 7.370278e+03 7.158366e+03
16.2 7.199826e+03 7.423834e+03 7.368532e+03 7.144524e+03
17.2 6.904273e+03 7.412338e+03 7.365232e+03 6.857167e+03
0.1 7.000103e+03 7.302233e+03 7.367481e+03 7.065351e+03
1.1 7.578232e+03 7.344403e+03 7.356808e+03 7.590637e+03
2.1 7.785458e+03 7.237491e+03 7.263850e+03 7.811817e+03
3.1 7.806068e+03 7.220917e+03 7.234486e+03 7.819637e+03
4.1 7.631092e+03 7.261170e+03 7.281790e+03 7.651711e+03
5.1 7.295634e+03 7.227007e+03 7.328380e+03 7.397008e+03
6.1 7.117068e+03 7.036561e+03 7.355052e+03 7.435559e+03
7.1 7.040413e+03 7.048043e+03 7.367245e+03 7.359614e+03
8.1 7.178036e+03 7.389948e+03 7.370278e+03 7.158366e+03
9.1 7.199826e+03 7.423834e+03 7.368532e+03 7.144524e+03
10.1 6.904273e+03 7.412338e+03 7.365232e+03 6.857167e+03
11.1 7.254895e+03 7.456450e+03 7.362227e+03 7.160671e+03
12.1 6.234591e+03 6.793731e+03 7.360129e+03 6.800989e+03
13.1 7.680806e+03 7.707918e+03 7.358947e+03 7.331834e+03
14.1 7.356000e+03 7.203504e+03 7.344052e+03 7.496548e+03
15.1 7.205146e+03 7.137521e+03 7.254150e+03 7.321775e+03
16.1 6.762834e+03 7.200519e+03 7.227775e+03 6.790090e+03
17.1 7.167853e+03 7.494725e+03 7.277692e+03 6.950820e+03
0.1 7.680806e+03 7.707918e+03 7.358947e+03 7.331834e+03
1.1 7.356000e+03 7.203504e+03 7.344052e+03 7.496548e+03
2.1 7.205146e+03 7.137521e+03 7.254150e+03 7.321775e+03
3.1 6.762834e+03 7.200519e+03 7.227775e+03 6.790090e+03
4.1 7.167853e+03 7.494725e+03 7.277692e+03 6.950820e+03
5.1 7.537328e+03 7.546833e+03 7.325862e+03 7.316357e+03
6.1 7.249542e+03 7.477205e+03 7.353768e+03 7.126105e+03
7.1 7.291789e+03 7.412496e+03 7.365761e+03 7.245054e+03
8.1 7.002247e+03 7.325330e+03 7.368780e+03 7.045697e+03
9.1 7.333718e+03 7.267020e+03 7.366903e+03 7.433601e+03
10.1 7.476865e+03 7.204800e+03 7.363420e+03 7.635485e+03
11.1 7.270296e+03 7.166276e+03 7.360157e+03 7.464177e+03
12.1 7.301313e+03 7.189867e+03 7.357919e+03 7.469365e+03
13.1 7.429693e+03 7.322796e+03 7.356538e+03 7.463435e+03
14.1 7.507513e+03 7.461912e+03 7.355702e+03 7.401304e+03
15.1 7.757386e+03 7.468205e+03 7.355165e+03 7.644346e+03
16.1 7.469888e+03 7.425453e+03 7.354744e+03 7.399179e+03
17.1 7.675899e+03 7.271842e+03 7.354381e+03 7.758438e+03
0.8 7.411664e+03 7.358147e+03 7.350691e+03 7.404208e+03
1.8 7.309075e+03 7.275577e+03 7.277122e+03 7.310620e+03
2.8 7.345765e+03 7.199211e+03 7.218881e+03 7.365435e+03
3.8 7.277903e+03 7.219129e+03 7.253903e+03 7.312677e+03
4.8 7.473762e+03 7.507374e+03 7.308045e+03 7.274433e+03
5.8 7.556315e+03 7.444415e+03 7.341270e+03 7.453170e+03
6.8 7.672913e+03 7.533593e+03 7.357393e+03 7.496713e+03
7.8 7.559121e+03 7.527037e+03 7.362426e+03 7.394509e+03
8.8 7.574148e+03 7.430204e+03 7.361513e+03 7.505458e+03
9.8 7.421121e+03 7.461796e+03 7.358026e+03 7.317351e+03
10.8 7.492203e+03 7.379779e+03 7.354469e+03 7.466893e+03
11.8 7.450748e+03 7.396613e+03 7.351723e+03 7.405858e+03
12.8 7.693663e+03 7.354125e+03 7.349982e+03 7.689519e+03
13.8 7.280455e+03 7.306567e+03 7.348900e+03 7.322788e+03
14.8 7.184911e+03 7.205164e+03 7.348186e+03 7.327932e+03
15.8 6.958647e+03 7.263593e+03 7.347661e+03 7.042716e+03
16.8 7.091848e+03 7.315844e+03 7.347213e+03 7.123217e+03
17.8 7.287499e+03 7.260756e+03 7.346798e+03 7.373540e+03
