0.8 4.077651e+03 4.106178e+03 4.144512e+03 4.115985e+03
1.8 4.130717e+03 4.135075e+03 4.161606e+03 4.157248e+03
2.8 4.121079e+03 4.155580e+03 4.174262e+03 4.139761e+03
3.8 4.159289e+03 4.149123e+03 4.165481e+03 4.175647e+03
4.8 4.093718e+03 4.135607e+03 4.153355e+03 4.111465e+03
5.8 4.071548e+03 4.134750e+03 4.145618e+03 4.082416e+03
6.8 4.098604e+03 4.137118e+03 4.142025e+03 4.103512e+03
7.8 4.066139e+03 4.144766e+03 4.140802e+03 4.062175e+03
8.8 4.138462e+03 4.140897e+03 4.140950e+03 4.138515e+03
9.8 4.122370e+03 4.127681e+03 4.141637e+03 4.136326e+03
10.8 4.149967e+03 4.092203e+03 4.142362e+03 4.200126e+03
11.8 4.059881e+03 4.111648e+03 4.142869e+03 4.091101e+03
12.8 4.102653e+03 4.140629e+03 4.143170e+03 4.105194e+03
13.8 4.070366e+03 4.160480e+03 4.143315e+03 4.053201e+03
14.8 4.193989e+03 4.210222e+03 4.143381e+03 4.127147e+03
15.8 4.161053e+03 4.189760e+03 4.143408e+03 4.114701e+03
16.8 4.219895e+03 4.160562e+03 4.143420e+03 4.202752e+03
17.8 4.252711e+03 4.161951e+03 4.143427e+03 4.234187e+03
0.7 4.159866e+03 4.140287e+03 4.143872e+03 4.163451e+03
1.7 4.087933e+03 4.073289e+03 4.158661e+03 4.173304e+03
2.7 4.128034e+03 4.129599e+03 4.174108e+03 4.172543e+03
3.7 4.167748e+03 4.126226e+03 4.167152e+03 4.208673e+03
4.7 4.139078e+03 4.123618e+03 4.154766e+03 4.170226e+03
5.7 4.127092e+03 4.108552e+03 4.146601e+03 4.165142e+03
6.7 4.136876e+03 4.135733e+03 4.142514e+03 4.143657e+03
7.7 4.149457e+03 4.132201e+03 4.141105e+03 4.158362e+03
8.7 4.156374e+03 4.117103e+03 4.141162e+03 4.180432e+03
9.7 4.148715e+03 4.146017e+03 4.141853e+03 4.144552e+03
10.7 4.089393e+03 4.138516e+03 4.142611e+03 4.093487e+03
11.7 4.059842e+03 4.146049e+03 4.143194e+03 4.056986e+03
12.7 4.109826e+03 4.135428e+03 4.143541e+03 4.117940e+03
13.7 4.180523e+03 4.141864e+03 4.143731e+03 4.182389e+03
14.7 4.176745e+03 4.175910e+03 4.143820e+03 4.144656e+03
15.7 4.102160e+03 4.193706e+03 4.143866e+03 4.052320e+03
16.7 4.110153e+03 4.167473e+03 4.143893e+03 4.086572e+03
17.7 4.075828e+03 4.097077e+03 4.143912e+03 4.122662e+03
0.4 4.149837e+03 4.173376e+03 4.143846e+03 4.120307e+03
1.4 4.173253e+03 4.156702e+03 4.152655e+03 4.169206e+03
2.4 4.106710e+03 4.152860e+03 4.172679e+03 4.126528e+03
3.4 4.140996e+03 4.146874e+03 4.170554e+03 4.164677e+03
4.4 4.139636e+03 4.142894e+03 4.158002e+03 4.154744e+03
5.4 4.105229e+03 4.105851e+03 4.148269e+03 4.147646e+03
6.4 4.059379e+03 4.095508e+03 4.143337e+03 4.107208e+03
7.4 4.062210e+03 4.114421e+03 4.141300e+03 4.089089e+03
8.4 4.176454e+03 4.138795e+03 4.141034e+03 4.178692e+03
9.4 4.125092e+03 4.144212e+03 4.141591e+03 4.122471e+03
10.4 4.098797e+03 4.167268e+03 4.142356e+03 4.073885e+03
11.4 4.114871e+03 4.151874e+03 4.142955e+03 4.105952e+03
12.4 4.065390e+03 4.119017e+03 4.143338e+03 4.089711e+03
13.4 4.030122e+03 4.129347e+03 4.143534e+03 4.044309e+03
14.4 4.210439e+03 4.115818e+03 4.143624e+03 4.238245e+03
15.4 4.109343e+03 4.123232e+03 4.143660e+03 4.129771e+03
16.4 4.136678e+03 4.106102e+03 4.143669e+03 4.174245e+03
17.4 4.012283e+03 4.120108e+03 4.143667e+03 4.035842e+03
0.5 4.212457e+03 4.208410e+03 4.143836e+03 4.147883e+03
1.5 4.120662e+03 4.142448e+03 4.154794e+03 4.133007e+03
2.5 4.208249e+03 4.157367e+03 4.173519e+03 4.224400e+03
3.5 4.156789e+03 4.142936e+03 4.169446e+03 4.183299e+03
4.5 4.250917e+03 4.174198e+03 4.156865e+03 4.233584e+03
5.5 4.412975e+03 4.287383e+03 4.147663e+03 4.273255e+03
6.5 4.063045e+03 4.084849e+03 4.143116e+03 4.121312e+03
7.5 4.319767e+03 4.177544e+03 4.141323e+03 4.283546e+03
8.5 4.256265e+03 4.187064e+03 4.141195e+03 4.210395e+03
9.5 4.297694e+03 4.163211e+03 4.141813e+03 4.276297e+03
10.5 4.129537e+03 4.140428e+03 4.142591e+03 4.131700e+03
11.5 4.226875e+03 4.120305e+03 4.143184e+03 4.249754e+03
12.5 4.235653e+03 4.127431e+03 4.143560e+03 4.251782e+03
13.5 4.270505e+03 4.131318e+03 4.143754e+03 4.282940e+03
14.5 4.162180e+03 4.121504e+03 4.143846e+03 4.184523e+03
15.5 3.982087e+03 4.104798e+03 4.143888e+03 4.021177e+03
16.5 4.108015e+03 4.170606e+03 4.143904e+03 4.081313e+03
17.5 4.083333e+03 4.179120e+03 4.143911e+03 4.048124e+03
0.3 4.223741e+03 4.203597e+03 4.142090e+03 4.162234e+03
1.3 4.280302e+03 4.199167e+03 4.147919e+03 4.229055e+03
2.3 4.167831e+03 4.154332e+03 4.168966e+03 4.182465e+03
3.3 4.154278e+03 4.135757e+03 4.170037e+03 4.188558e+03
4.3 4.209326e+03 4.248455e+03 4.157418e+03 4.118289e+03
5.3 4.165071e+03 4.250442e+03 4.147150e+03 4.061778e+03
6.3 4.081425e+03 4.170946e+03 4.141541e+03 4.052019e+03
7.3 4.148717e+03 4.144569e+03 4.139048e+03 4.143196e+03
8.3 4.117783e+03 4.129484e+03 4.138487e+03 4.126786e+03
9.3 4.122924e+03 4.089030e+03 4.138883e+03 4.172776e+03
10.3 4.083006e+03 4.054057e+03 4.139527e+03 4.168476e+03
11.3 4.114298e+03 4.060122e+03 4.140055e+03 4.194232e+03
12.3 4.135664e+03 4.082522e+03 4.140368e+03 4.193510e+03
13.3 4.137790e+03 4.132750e+03 4.140483e+03 4.145524e+03
14.3 4.085077e+03 4.180006e+03 4.146869e+03 4.051940e+03
15.3 4.110553e+03 4.146009e+03 4.167514e+03 4.132058e+03
16.3 4.127335e+03 4.166945e+03 4.168609e+03 4.128999e+03
17.3 4.199969e+03 4.198098e+03 4.156007e+03 4.157879e+03
0.3 4.137790e+03 4.132750e+03 4.140483e+03 4.145524e+03
1.3 4.085077e+03 4.180006e+03 4.146869e+03 4.051940e+03
2.3 4.110553e+03 4.146009e+03 4.167514e+03 4.132058e+03
3.3 4.127335e+03 4.166945e+03 4.168609e+03 4.128999e+03
4.3 4.199969e+03 4.198098e+03 4.156007e+03 4.157879e+03
5.3 4.234551e+03 4.196092e+03 4.145756e+03 4.184214e+03
6.3 4.187318e+03 4.165030e+03 4.140075e+03 4.162363e+03
7.3 4.146105e+03 4.144753e+03 4.137696e+03 4.139048e+03
8.3 4.109730e+03 4.133628e+03 4.137161e+03 4.113264e+03
9.3 4.144355e+03 4.140261e+03 4.137588e+03 4.141682e+03
