1.135529e+04 1.135314e+04 1.135909e+04 1.134935e+04
1.135919e+04 1.121108e+04 1.121765e+04 1.135261e+04
1.132938e+04 1.126747e+04 1.127446e+04 1.132240e+04
1.086312e+04 1.069968e+04 1.074412e+04 1.081868e+04
1.087796e+04 1.095310e+04 1.095569e+04 1.087537e+04
1.081531e+04 1.083281e+04 1.091401e+04 1.073411e+04
1.102178e+04 1.090437e+04 1.094236e+04 1.098379e+04
1.090350e+04 1.123276e+04 1.127190e+04 1.086436e+04
1.137554e+04 1.131073e+04 1.139411e+04 1.129215e+04
1.110671e+04 1.118699e+04 1.126303e+04 1.103068e+04
1.114025e+04 1.125412e+04 1.130421e+04 1.109016e+04
1.057291e+04 1.074743e+04 1.075948e+04 1.056087e+04
1.092571e+04 1.111267e+04 1.107126e+04 1.096712e+04
1.095866e+04 1.144509e+04 1.126040e+04 1.114335e+04
1.157829e+04 1.141353e+04 1.129285e+04 1.169897e+04
1.137246e+04 1.161634e+04 1.148026e+04 1.150855e+04
1.162051e+04 1.149378e+04 1.143496e+04 1.167933e+04
1.111788e+04 1.114605e+04 1.118491e+04 1.107902e+04
1.063171e+04 1.100793e+04 1.107142e+04 1.056822e+04
1.070341e+04 1.084334e+04 1.088045e+04 1.066630e+04
1.091487e+04 1.091167e+04 1.090647e+04 1.092006e+04
1.098893e+04 1.114383e+04 1.114753e+04 1.098523e+04
1.101361e+04 1.110281e+04 1.107479e+04 1.104163e+04
1.138015e+04 1.093035e+04 1.093775e+04 1.137275e+04
1.099400e+04 1.078137e+04 1.083806e+04 1.093732e+04
1.126173e+04 1.123085e+04 1.120514e+04 1.128743e+04
1.112399e+04 1.111986e+04 1.106770e+04 1.117614e+04
1.082974e+04 1.089707e+04 1.093531e+04 1.079150e+04
1.120971e+04 1.081772e+04 1.092237e+04 1.110506e+04
1.110530e+04 1.060832e+04 1.084726e+04 1.086636e+04
1.138932e+04 1.097739e+04 1.104248e+04 1.132423e+04
1.141037e+04 1.126579e+04 1.127830e+04 1.139785e+04
1.149647e+04 1.119166e+04 1.121472e+04 1.147341e+04
1.127187e+04 1.111676e+04 1.114573e+04 1.124290e+04
1.109723e+04 1.116131e+04 1.118611e+04 1.107243e+04
1.136241e+04 1.135794e+04 1.135060e+04 1.136976e+04
1.129085e+04 1.127337e+04 1.123587e+04 1.132835e+04
1.128386e+04 1.078497e+04 1.096117e+04 1.110767e+04
1.118507e+04 1.067842e+04 1.085603e+04 1.100745e+04
1.069107e+04 1.051894e+04 1.063756e+04 1.057245e+04
1.082912e+04 1.054072e+04 1.065644e+04 1.071341e+04
1.078767e+04 1.088668e+04 1.094534e+04 1.072900e+04
1.108566e+04 1.089175e+04 1.094759e+04 1.102982e+04
1.068637e+04 1.079922e+04 1.087680e+04 1.060879e+04
1.109170e+04 1.124134e+04 1.125457e+04 1.107847e+04
1.073431e+04 1.093706e+04 1.106912e+04 1.060225e+04
1.101205e+04 1.102985e+04 1.113928e+04 1.090262e+04
1.109388e+04 1.091276e+04 1.100156e+04 1.100507e+04
1.097910e+04 1.119169e+04 1.110267e+04 1.106812e+04
1.113736e+04 1.129804e+04 1.119962e+04 1.123579e+04
1.133060e+04 1.153340e+04 1.121231e+04 1.165169e+04
1.108289e+04 1.120560e+04 1.105128e+04 1.123722e+04
1.114512e+04 1.115438e+04 1.103993e+04 1.125956e+04
1.087488e+04 1.110973e+04 1.104039e+04 1.094422e+04
1.113203e+04 1.109080e+04 1.107134e+04 1.115148e+04
1.132225e+04 1.160682e+04 1.139946e+04 1.152961e+04
1.119542e+04 1.133177e+04 1.113795e+04 1.138924e+04
1.124983e+04 1.149023e+04 1.121077e+04 1.152930e+04
1.161060e+04 1.180424e+04 1.133528e+04 1.207957e+04
1.143300e+04 1.161579e+04 1.137399e+04 1.167480e+04
1.122249e+04 1.152813e+04 1.142894e+04 1.132169e+04
1.102207e+04 1.128729e+04 1.132642e+04 1.098294e+04
1.103323e+04 1.117327e+04 1.124041e+04 1.096609e+04
1.117446e+04 1.082722e+04 1.093482e+04 1.106686e+04
1.093986e+04 1.085183e+04 1.095838e+04 1.083331e+04
1.093934e+04 1.079528e+04 1.091408e+04 1.082054e+04
1.113160e+04 1.097798e+04 1.104934e+04 1.106024e+04
1.109870e+04 1.086286e+04 1.098205e+04 1.097952e+04
1.112178e+04 1.105277e+04 1.102403e+04 1.115051e+04
1.096755e+04 1.116174e+04 1.106265e+04 1.106664e+04
1.112839e+04 1.123427e+04 1.121451e+04 1.114815e+04
1.099767e+04 1.083884e+04 1.098322e+04 1.085329e+04
1.112376e+04 1.103049e+04 1.113207e+04 1.102218e+04
1.087372e+04 1.104092e+04 1.111776e+04 1.079688e+04
1.092802e+04 1.074365e+04 1.089422e+04 1.077745e+04
1.086657e+04 1.097115e+04 1.104455e+04 1.079317e+04
1.099623e+04 1.105697e+04 1.107818e+04 1.097502e+04
1.088166e+04 1.104001e+04 1.104623e+04 1.087544e+04
1.153087e+04 1.116735e+04 1.117640e+04 1.152182e+04
1.116200e+04 1.113292e+04 1.115532e+04 1.113960e+04
1.153480e+04 1.151889e+04 1.141497e+04 1.163872e+04
1.120596e+04 1.128484e+04 1.118502e+04 1.130578e+04
1.115229e+04 1.093457e+04 1.102315e+04 1.106371e+04
1.103507e+04 1.101076e+04 1.104256e+04 1.100327e+04
1.098138e+04 1.130650e+04 1.115799e+04 1.112989e+04
1.083676e+04 1.084905e+04 1.091834e+04 1.076748e+04
1.103520e+04 1.093695e+04 1.095739e+04 1.101476e+04
1.113929e+04 1.158927e+04 1.115543e+04 1.157314e+04
1.079041e+04 1.131003e+04 1.115303e+04 1.094741e+04
1.066530e+04 1.095439e+04 1.097458e+04 1.064511e+04
1.113795e+04 1.118107e+04 1.120509e+04 1.111393e+04
1.121436e+04 1.154836e+04 1.152121e+04 1.124151e+04
1.080838e+04 1.102734e+04 1.101943e+04 1.081630e+04
1.141738e+04 1.141689e+04 1.128469e+04 1.154959e+04
1.149907e+04 1.150794e+04 1.140458e+04 1.160244e+04
1.160465e+04 1.157420e+04 1.151130e+04 1.166754e+04
1.108087e+04 1.079120e+04 1.090518e+04 1.096689e+04
9.843591e+03 1.056075e+04 1.063416e+04 9.770188e+03
1.019023e+04 1.064624e+04 1.074448e+04 1.009198e+04
1.050048e+04 1.066449e+04 1.077494e+04 1.039002e+04
1.089535e+04 1.075986e+04 1.081552e+04 1.083969e+04
1.110379e+04 1.099545e+04 1.101950e+04 1.107974e+04
1.123524e+04 1.127795e+04 1.131210e+04 1.120109e+04
1.159165e+04 1.121897e+04 1.127692e+04 1.153370e+04
1.135972e+04 1.095856e+04 1.104354e+04 1.127474e+04
1.136164e+04 1.080320e+04 1.092210e+04 1.124273e+04
1.099271e+04 1.105884e+04 1.103009e+04 1.102146e+04
1.090433e+04 1.126104e+04 1.106140e+04 1.110397e+04
1.130579e+04 1.104527e+04 1.100624e+04 1.134482e+04
1.098952e+04 1.096921e+04 1.099295e+04 1.096579e+04
1.111619e+04 1.132861e+04 1.129361e+04 1.115119e+04
1.152017e+04 1.145443e+04 1.141166e+04 1.156294e+04
1.182963e+04 1.154417e+04 1.139995e+04 1.197386e+04
1.139526e+04 1.152211e+04 1.130783e+04 1.160955e+04
1.104355e+04 1.108849e+04 1.108980e+04 1.104223e+04
1.091748e+04 1.088840e+04 1.096338e+04 1.084250e+04
1.109885e+04 1.105685e+04 1.104703e+04 1.110868e+04
1.109471e+04 1.122283e+04 1.122414e+04 1.109339e+04
1.107312e+04 1.125348e+04 1.130286e+04 1.102374e+04
1.145647e+04 1.143232e+04 1.145452e+04 1.143426e+04
1.155153e+04 1.126386e+04 1.129579e+04 1.151961e+04
1.155592e+04 1.148967e+04 1.144009e+04 1.160549e+04
1.119341e+04 1.130948e+04 1.132397e+04 1.117892e+04
1.116254e+04 1.104228e+04 1.106427e+04 1.114054e+04
1.103496e+04 1.085157e+04 1.087728e+04 1.100925e+04
1.080711e+04 1.055143e+04 1.075794e+04 1.060060e+04
1.068748e+04 1.051949e+04 1.072977e+04 1.047720e+04
1.102674e+04 1.102277e+04 1.102807e+04 1.102144e+04
1.084812e+04 1.088187e+04 1.095281e+04 1.077718e+04
1.118808e+04 1.110774e+04 1.104825e+04 1.124756e+04
1.153891e+04 1.148888e+04 1.134087e+04 1.168692e+04
1.136384e+04 1.177313e+04 1.139249e+04 1.174448e+04
1.138367e+04 1.093405e+04 1.098024e+04 1.133749e+04
1.111283e+04 1.104674e+04 1.105413e+04 1.110545e+04
1.130969e+04 1.078585e+04 1.085169e+04 1.124385e+04
1.123939e+04 1.090547e+04 1.096081e+04 1.118405e+04
1.144163e+04 1.123504e+04 1.111077e+04 1.156590e+04
1.113647e+04 1.105382e+04 1.105800e+04 1.113229e+04
1.088514e+04 1.057964e+04 1.066380e+04 1.080098e+04
1.077085e+04 1.041926e+04 1.059283e+04 1.059728e+04
1.060546e+04 1.058295e+04 1.074570e+04 1.044270e+04
1.083138e+04 1.113230e+04 1.108409e+04 1.087960e+04
1.056028e+04 1.088551e+04 1.095045e+04 1.049534e+04
1.087025e+04 1.104178e+04 1.102561e+04 1.088642e+04
1.079422e+04 1.060999e+04 1.075622e+04 1.064800e+04
1.106078e+04 1.163071e+04 1.121660e+04 1.147489e+04
1.075554e+04 1.060458e+04 1.089031e+04 1.046981e+04
1.074334e+04 1.115980e+04 1.109744e+04 1.080569e+04
1.106584e+04 1.132971e+04 1.112637e+04 1.126918e+04
1.100078e+04 1.127405e+04 1.111002e+04 1.116481e+04
1.137519e+04 1.157952e+04 1.134042e+04 1.161430e+04
1.082003e+04 1.106735e+04 1.112264e+04 1.076474e+04
1.087711e+04 1.094453e+04 1.104635e+04 1.077529e+04
1.071647e+04 1.085699e+04 1.101798e+04 1.055547e+04
1.086178e+04 1.121043e+04 1.118965e+04 1.088255e+04
1.118274e+04 1.136263e+04 1.131119e+04 1.123417e+04
1.080406e+04 1.117993e+04 1.111526e+04 1.086873e+04
1.112886e+04 1.123174e+04 1.113874e+04 1.122185e+04
1.160054e+04 1.141873e+04 1.134892e+04 1.167035e+04
1.194351e+04 1.137164e+04 1.142999e+04 1.188515e+04
1.206351e+04 1.155355e+04 1.166227e+04 1.195478e+04
1.201837e+04 1.156554e+04 1.167263e+04 1.191128e+04
1.172056e+04 1.156769e+04 1.164279e+04 1.164546e+04
1.145494e+04 1.114900e+04 1.113089e+04 1.147305e+04
1.104061e+04 1.113410e+04 1.105359e+04 1.112112e+04
1.081092e+04 1.091849e+04 1.095163e+04 1.077778e+04
1.074801e+04 1.083055e+04 1.087727e+04 1.070129e+04
1.070313e+04 1.062756e+04 1.077842e+04 1.055227e+04
1.076262e+04 1.100820e+04 1.099062e+04 1.078020e+04
1.092882e+04 1.102672e+04 1.099805e+04 1.095749e+04
1.094671e+04 1.145660e+04 1.117799e+04 1.122532e+04
1.144045e+04 1.128173e+04 1.118494e+04 1.153723e+04
1.156151e+04 1.128953e+04 1.128288e+04 1.156816e+04
1.144889e+04 1.131292e+04 1.135043e+04 1.141138e+04
1.075703e+04 1.096600e+04 1.105446e+04 1.066858e+04
1.069772e+04 1.063878e+04 1.080168e+04 1.053481e+04
1.061515e+04 1.009773e+04 1.047328e+04 1.023961e+04
1.053355e+04 1.049318e+04 1.066104e+04 1.036569e+04
1.075581e+04 1.074802e+04 1.080186e+04 1.070197e+04
1.088818e+04 1.103757e+04 1.104797e+04 1.087778e+04
1.140876e+04 1.143274e+04 1.146326e+04 1.137824e+04
1.139352e+04 1.109900e+04 1.110829e+04 1.138423e+04
1.092802e+04 1.090719e+04 1.093025e+04 1.090497e+04
1.101755e+04 1.101913e+04 1.099445e+04 1.104223e+04
1.106860e+04 1.112963e+04 1.106996e+04 1.112828e+04
1.147596e+04 1.142122e+04 1.137599e+04 1.152120e+04
1.139630e+04 1.107308e+04 1.118998e+04 1.127941e+04
1.114122e+04 1.068809e+04 1.085226e+04 1.097704e+04
1.083768e+04 1.094111e+04 1.108334e+04 1.069545e+04
1.095424e+04 1.079705e+04 1.097823e+04 1.077306e+04
1.116332e+04 1.112230e+04 1.114574e+04 1.113987e+04
1.074393e+04 1.098567e+04 1.099657e+04 1.073303e+04
1.082128e+04 1.076531e+04 1.079658e+04 1.079001e+04
1.047127e+04 1.071131e+04 1.080477e+04 1.037781e+04
1.072746e+04 1.069714e+04 1.081018e+04 1.061442e+04
1.078290e+04 1.132518e+04 1.107200e+04 1.103608e+04
1.140432e+04 1.192306e+04 1.131669e+04 1.201069e+04
1.146128e+04 1.160664e+04 1.115054e+04 1.191737e+04
1.154220e+04 1.146809e+04 1.115026e+04 1.186003e+04
1.158785e+04 1.158077e+04 1.138909e+04 1.177953e+04
1.143537e+04 1.158717e+04 1.159330e+04 1.142924e+04
1.135430e+04 1.135764e+04 1.147643e+04 1.123551e+04
1.124808e+04 1.150202e+04 1.161990e+04 1.113019e+04
1.155379e+04 1.145576e+04 1.154540e+04 1.146415e+04
1.145996e+04 1.135629e+04 1.140951e+04 1.140674e+04
1.145442e+04 1.138970e+04 1.133869e+04 1.150544e+04
1.148440e+04 1.124003e+04 1.115491e+04 1.156952e+04
1.106205e+04 1.088142e+04 1.091336e+04 1.103011e+04
1.119939e+04 1.147932e+04 1.114983e+04 1.152889e+04
1.098924e+04 1.086717e+04 1.092065e+04 1.093576e+04
1.081979e+04 1.063166e+04 1.073792e+04 1.071353e+04
1.084046e+04 1.069640e+04 1.075230e+04 1.078457e+04
1.089687e+04 1.069902e+04 1.082641e+04 1.076948e+04
1.085935e+04 1.083493e+04 1.095644e+04 1.073783e+04
1.121429e+04 1.116379e+04 1.117497e+04 1.120311e+04
1.073632e+04 1.074013e+04 1.096167e+04 1.051478e+04
1.057464e+04 1.096596e+04 1.103377e+04 1.050683e+04
