0.5 8.992659e+03 8.933087e+03 8.931580e+03 8.991152e+03
1.5 8.931298e+03 8.937393e+03 8.934239e+03 8.928144e+03
2.5 8.901771e+03 8.947936e+03 8.944365e+03 8.898200e+03
3.5 8.990785e+03 8.958171e+03 8.954714e+03 8.987328e+03
4.5 8.967206e+03 8.963880e+03 8.960653e+03 8.963979e+03
5.5 9.007684e+03 8.965908e+03 8.962829e+03 9.004604e+03
6.5 8.903421e+03 8.965972e+03 8.962871e+03 8.900320e+03
7.5 8.907955e+03 8.965270e+03 8.962019e+03 8.904704e+03
8.5 9.010992e+03 8.964508e+03 8.961015e+03 9.007499e+03
9.5 8.996308e+03 8.963973e+03 8.960195e+03 8.992529e+03
10.5 8.908355e+03 8.963728e+03 8.959644e+03 8.904272e+03
11.5 9.020110e+03 8.963743e+03 8.959349e+03 9.015715e+03
12.5 9.052987e+03 8.963912e+03 8.959206e+03 9.048282e+03
13.5 9.068997e+03 8.964167e+03 8.959153e+03 9.063984e+03
14.5 8.988229e+03 8.964459e+03 8.959141e+03 8.982912e+03
15.5 8.843459e+03 8.964766e+03 8.959148e+03 8.837841e+03
16.5 8.834183e+03 8.965077e+03 8.959163e+03 8.828269e+03
17.5 8.896728e+03 8.965023e+03 8.958818e+03 8.890523e+03
18.5 8.931118e+03 8.959488e+03 8.952995e+03 8.924626e+03
19.5 9.086390e+03 8.948650e+03 8.941874e+03 9.079614e+03
20.5 8.980817e+03 8.940036e+03 8.932982e+03 8.973763e+03
21.5 8.973826e+03 8.936219e+03 8.928889e+03 8.966496e+03
22.5 8.939779e+03 8.935425e+03 8.927824e+03 8.932178e+03
23.5 8.896040e+03 8.935657e+03 8.928292e+03 8.888675e+03
24.5 8.942851e+03 8.930120e+03 8.929290e+03 8.942020e+03
25.5 8.920155e+03 8.918923e+03 8.930301e+03 8.931534e+03
26.5 8.893282e+03 8.910758e+03 8.931041e+03 8.913566e+03
27.5 8.886692e+03 8.907158e+03 8.931518e+03 8.911053e+03
28.5 8.818639e+03 8.906655e+03 8.931779e+03 8.843763e+03
29.5 8.869451e+03 8.907568e+03 8.931920e+03 8.893804e+03
30.5 8.946199e+03 8.908981e+03 8.931999e+03 8.969217e+03
31.5 8.854697e+03 8.910299e+03 8.932049e+03 8.876447e+03
32.5 8.923490e+03 8.911343e+03 8.932088e+03 8.944235e+03
33.5 8.920578e+03 8.912063e+03 8.932122e+03 8.940637e+03
0.3 8.948992e+03 8.934780e+03 8.927536e+03 8.941748e+03
1.3 8.962382e+03 8.935772e+03 8.929026e+03 8.955636e+03
2.3 8.910095e+03 8.944389e+03 8.937670e+03 8.903376e+03
3.3 8.923661e+03 8.955430e+03 8.948604e+03 8.916835e+03
4.3 8.914485e+03 8.962029e+03 8.955166e+03 8.907622e+03
5.3 8.974533e+03 8.964431e+03 8.957654e+03 8.967756e+03
6.3 8.999831e+03 8.964359e+03 8.957779e+03 8.993250e+03
7.3 8.980636e+03 8.963133e+03 8.956833e+03 8.974336e+03
8.3 9.085494e+03 8.961558e+03 8.955587e+03 9.079523e+03
9.3 9.057192e+03 8.960119e+03 8.954503e+03 9.051577e+03
10.3 8.979521e+03 8.958937e+03 8.953691e+03 8.974275e+03
11.3 8.905939e+03 8.957987e+03 8.953120e+03 8.901072e+03
12.3 8.998522e+03 8.957207e+03 8.952726e+03 8.994041e+03
13.3 9.015766e+03 8.956512e+03 8.952422e+03 9.011676e+03
14.3 8.814118e+03 8.955857e+03 8.952164e+03 8.810425e+03
15.3 8.878792e+03 8.955214e+03 8.951923e+03 8.875501e+03
16.3 8.870966e+03 8.954572e+03 8.951687e+03 8.868081e+03
17.3 8.939861e+03 8.953810e+03 8.951337e+03 8.937389e+03
18.3 8.919540e+03 8.948680e+03 8.946627e+03 8.917487e+03
19.3 8.991795e+03 8.937198e+03 8.935573e+03 8.990169e+03
20.3 8.911785e+03 8.927006e+03 8.925814e+03 8.910594e+03
21.3 8.772774e+03 8.921307e+03 8.920555e+03 8.772022e+03
22.3 8.854357e+03 8.919119e+03 8.918811e+03 8.854049e+03
23.3 8.900188e+03 8.918664e+03 8.918804e+03 8.900328e+03
24.3 8.987215e+03 8.918869e+03 8.919461e+03 8.987807e+03
