0.4 9.824214e+03 9.661060e+03 9.709737e+03 9.872891e+03
1.4 9.770080e+03 9.662372e+03 9.719580e+03 9.827289e+03
2.4 9.745651e+03 9.710111e+03 9.768200e+03 9.803739e+03
3.4 9.760079e+03 9.767962e+03 9.823471e+03 9.815587e+03
4.4 9.710602e+03 9.805016e+03 9.857057e+03 9.762643e+03
5.4 9.735243e+03 9.821207e+03 9.870156e+03 9.784192e+03
6.4 9.710433e+03 9.824357e+03 9.871185e+03 9.757262e+03
7.4 9.815585e+03 9.821490e+03 9.866989e+03 9.861083e+03
8.4 9.815267e+03 9.816912e+03 9.861663e+03 9.860018e+03
9.4 9.810664e+03 9.812828e+03 9.857138e+03 9.854974e+03
10.4 9.842973e+03 9.809978e+03 9.853995e+03 9.886990e+03
11.4 9.856977e+03 9.808431e+03 9.852224e+03 9.900771e+03
12.4 9.788414e+03 9.807701e+03 9.851297e+03 9.832010e+03
13.4 9.828627e+03 9.807468e+03 9.850877e+03 9.872036e+03
14.4 9.863042e+03 9.807469e+03 9.850694e+03 9.906267e+03
15.4 9.818469e+03 9.807577e+03 9.850621e+03 9.861513e+03
16.4 9.873424e+03 9.807738e+03 9.850601e+03 9.916288e+03
17.4 9.814943e+03 9.806968e+03 9.849652e+03 9.857626e+03
18.4 9.795415e+03 9.782131e+03 9.824635e+03 9.837920e+03
19.4 9.711765e+03 9.725808e+03 9.768133e+03 9.754090e+03
20.4 9.671814e+03 9.677033e+03 9.719180e+03 9.713961e+03
21.4 9.656238e+03 9.653373e+03 9.695341e+03 9.698207e+03
22.4 9.606393e+03 9.646508e+03 9.688299e+03 9.648184e+03
23.4 9.625535e+03 9.649037e+03 9.690035e+03 9.666533e+03
24.4 9.595767e+03 9.667330e+03 9.695003e+03 9.623440e+03
25.4 9.682723e+03 9.701197e+03 9.700310e+03 9.681836e+03
26.4 9.704062e+03 9.727893e+03 9.704302e+03 9.680471e+03
27.4 9.703171e+03 9.741926e+03 9.706926e+03 9.668171e+03
28.4 9.836143e+03 9.746560e+03 9.708390e+03 9.797974e+03
29.4 9.743826e+03 9.746603e+03 9.709195e+03 9.706419e+03
30.4 9.776395e+03 9.744778e+03 9.709666e+03 9.741283e+03
31.4 9.755298e+03 9.742818e+03 9.709980e+03 9.722460e+03
32.4 9.747205e+03 9.741365e+03 9.710242e+03 9.716083e+03
33.4 9.676466e+03 9.740639e+03 9.710493e+03 9.646320e+03
