0.6 1.015304e+04 1.015976e+04 1.018435e+04 1.017762e+04
1.6 1.012769e+04 1.018807e+04 1.024248e+04 1.018211e+04
2.6 1.022288e+04 1.023879e+04 1.030814e+04 1.029223e+04
3.6 1.009697e+04 1.020655e+04 1.028084e+04 1.017125e+04
4.6 1.018789e+04 1.018071e+04 1.022981e+04 1.023700e+04
5.6 1.022321e+04 1.021616e+04 1.019518e+04 1.020224e+04
6.6 1.024665e+04 1.021452e+04 1.017863e+04 1.021075e+04
7.6 1.029712e+04 1.026414e+04 1.017256e+04 1.020553e+04
8.6 1.018440e+04 1.027501e+04 1.017271e+04 1.008210e+04
9.6 1.014027e+04 1.021017e+04 1.017548e+04 1.010558e+04
10.6 1.009492e+04 1.014743e+04 1.017865e+04 1.012615e+04
11.6 1.009617e+04 1.011677e+04 1.018099e+04 1.016039e+04
12.6 1.023868e+04 1.014979e+04 1.018246e+04 1.027135e+04
13.6 1.021559e+04 1.020556e+04 1.018324e+04 1.019326e+04
14.6 1.030469e+04 1.022256e+04 1.018365e+04 1.026578e+04
15.6 1.039053e+04 1.028643e+04 1.018388e+04 1.028798e+04
16.6 1.034071e+04 1.026567e+04 1.018403e+04 1.025908e+04
17.6 1.029691e+04 1.019941e+04 1.018416e+04 1.028166e+04
0.2 1.019696e+04 1.019400e+04 1.016697e+04 1.016993e+04
1.2 1.021191e+04 1.019634e+04 1.018869e+04 1.020426e+04
2.2 1.026059e+04 1.024457e+04 1.027333e+04 1.028935e+04
3.2 1.030691e+04 1.023621e+04 1.028122e+04 1.035192e+04
4.2 1.024383e+04 1.023541e+04 1.023071e+04 1.023914e+04
5.2 1.016265e+04 1.021985e+04 1.018678e+04 1.012958e+04
6.2 1.021840e+04 1.021262e+04 1.021003e+04 1.021581e+04
7.2 1.021804e+04 1.024136e+04 1.027366e+04 1.025034e+04
8.2 1.024271e+04 1.022285e+04 1.025269e+04 1.027254e+04
9.2 1.031622e+04 1.023290e+04 1.020213e+04 1.028545e+04
10.2 1.023550e+04 1.020780e+04 1.016714e+04 1.019483e+04
11.2 1.010708e+04 1.015150e+04 1.015053e+04 1.010612e+04
12.2 1.002195e+04 1.012643e+04 1.014425e+04 1.003976e+04
13.2 1.017745e+04 1.014202e+04 1.014377e+04 1.017920e+04
0.5 1.016265e+04 1.021985e+04 1.018678e+04 1.012958e+04
1.5 1.021840e+04 1.021262e+04 1.021003e+04 1.021581e+04
2.5 1.021804e+04 1.024136e+04 1.027366e+04 1.025034e+04
3.5 1.024271e+04 1.022285e+04 1.025269e+04 1.027254e+04
4.5 1.031622e+04 1.023290e+04 1.020213e+04 1.028545e+04
5.5 1.023550e+04 1.020780e+04 1.016714e+04 1.019483e+04
6.5 1.010708e+04 1.015150e+04 1.015053e+04 1.010612e+04
7.5 1.002195e+04 1.012643e+04 1.014425e+04 1.003976e+04
8.5 1.017745e+04 1.014202e+04 1.014377e+04 1.017920e+04
