0.6 1.353395e+04 1.353010e+04 1.352027e+04 1.352411e+04
1.6 1.357301e+04 1.355259e+04 1.357930e+04 1.359971e+04
2.6 1.357491e+04 1.359973e+04 1.364596e+04 1.362114e+04
3.6 1.367102e+04 1.356465e+04 1.361824e+04 1.372461e+04
4.6 1.362075e+04 1.354387e+04 1.356643e+04 1.364330e+04
5.6 1.392690e+04 1.359720e+04 1.353126e+04 1.386096e+04
6.6 1.356197e+04 1.359049e+04 1.351446e+04 1.348594e+04
7.6 1.378525e+04 1.356058e+04 1.350829e+04 1.373297e+04
8.6 1.342338e+04 1.353029e+04 1.350845e+04 1.340154e+04
9.6 1.348774e+04 1.349511e+04 1.351127e+04 1.350389e+04
10.6 1.346405e+04 1.347125e+04 1.351448e+04 1.350728e+04
11.6 1.335751e+04 1.346445e+04 1.351686e+04 1.340992e+04
12.6 1.347322e+04 1.352180e+04 1.351835e+04 1.346976e+04
13.6 1.362467e+04 1.359731e+04 1.351914e+04 1.354650e+04
14.6 1.356503e+04 1.358900e+04 1.351955e+04 1.349558e+04
15.6 1.383043e+04 1.356516e+04 1.351979e+04 1.378506e+04
16.6 1.363296e+04 1.352948e+04 1.351995e+04 1.362343e+04
17.6 1.384776e+04 1.350247e+04 1.352008e+04 1.386537e+04
0.2 1.353658e+04 1.358549e+04 1.350262e+04 1.345371e+04
1.2 1.354493e+04 1.358360e+04 1.352467e+04 1.348601e+04
2.2 1.390313e+04 1.362839e+04 1.361062e+04 1.388536e+04
3.2 1.359835e+04 1.361789e+04 1.361863e+04 1.359908e+04
4.2 1.348944e+04 1.361989e+04 1.356735e+04 1.343690e+04
5.2 1.349588e+04 1.360578e+04 1.352273e+04 1.341283e+04
6.2 1.349619e+04 1.359645e+04 1.354635e+04 1.344609e+04
7.2 1.355882e+04 1.362323e+04 1.361095e+04 1.354653e+04
8.2 1.338337e+04 1.356761e+04 1.358966e+04 1.340542e+04
9.2 1.335256e+04 1.347006e+04 1.353832e+04 1.342083e+04
10.2 1.347829e+04 1.342634e+04 1.350279e+04 1.355474e+04
11.2 1.336340e+04 1.343393e+04 1.348593e+04 1.341540e+04
12.2 1.347921e+04 1.345147e+04 1.347955e+04 1.350728e+04
13.2 1.369786e+04 1.346569e+04 1.347906e+04 1.371123e+04
0.5 1.349588e+04 1.360578e+04 1.352273e+04 1.341283e+04
1.5 1.349619e+04 1.359645e+04 1.354635e+04 1.344609e+04
2.5 1.355882e+04 1.362323e+04 1.361095e+04 1.354653e+04
3.5 1.338337e+04 1.356761e+04 1.358966e+04 1.340542e+04
4.5 1.335256e+04 1.347006e+04 1.353832e+04 1.342083e+04
5.5 1.347829e+04 1.342634e+04 1.350279e+04 1.355474e+04
6.5 1.336340e+04 1.343393e+04 1.348593e+04 1.341540e+04
7.5 1.347921e+04 1.345147e+04 1.347955e+04 1.350728e+04
8.5 1.369786e+04 1.346569e+04 1.347906e+04 1.371123e+04
