0.8 8.025994e+03 7.978577e+03 7.924570e+03 7.971988e+03
1.8 7.875269e+03 7.975485e+03 8.038706e+03 7.938490e+03
2.8 7.853947e+03 7.995262e+03 8.128937e+03 7.987621e+03
3.8 8.040332e+03 8.019799e+03 8.071516e+03 8.092049e+03
4.8 8.078744e+03 8.097198e+03 7.988670e+03 7.970216e+03
5.8 7.972932e+03 8.011668e+03 7.936249e+03 7.897512e+03
6.8 7.728376e+03 7.919543e+03 7.910499e+03 7.719331e+03
7.8 7.919409e+03 7.939443e+03 7.902045e+03 7.882011e+03
8.8 8.143470e+03 7.944252e+03 7.902953e+03 8.102171e+03
9.8 8.166140e+03 8.023869e+03 7.907698e+03 8.049969e+03
10.8 7.880759e+03 7.981750e+03 7.912643e+03 7.811652e+03
11.8 7.723427e+03 7.862051e+03 7.916322e+03 7.777699e+03
12.8 7.787299e+03 7.780764e+03 7.918436e+03 7.924972e+03
13.8 7.726781e+03 7.859048e+03 7.919541e+03 7.787274e+03
14.8 7.940257e+03 8.022710e+03 7.920038e+03 7.837585e+03
15.8 8.177252e+03 7.989557e+03 7.920259e+03 8.107955e+03
16.8 7.971773e+03 7.872411e+03 7.920363e+03 8.019725e+03
17.8 7.767667e+03 7.887760e+03 7.920419e+03 7.800325e+03
0.5 8.174891e+03 8.064547e+03 7.922134e+03 8.032478e+03
1.5 8.060215e+03 8.001829e+03 7.996714e+03 8.055101e+03
2.5 8.136976e+03 8.017474e+03 8.124149e+03 8.243652e+03
3.5 8.026259e+03 7.932561e+03 8.096472e+03 8.190170e+03
4.5 7.822353e+03 7.824111e+03 8.010916e+03 8.009157e+03
5.5 7.735492e+03 7.818001e+03 7.948352e+03 7.865843e+03
6.5 8.001840e+03 8.035755e+03 7.917472e+03 7.883557e+03
7.5 8.115707e+03 8.126015e+03 7.905337e+03 7.895028e+03
8.5 7.917170e+03 7.996139e+03 7.904541e+03 7.825572e+03
9.5 7.816797e+03 7.859115e+03 7.908838e+03 7.866520e+03
10.5 7.805143e+03 7.896404e+03 7.914227e+03 7.822965e+03
11.5 8.078108e+03 7.989483e+03 7.918371e+03 8.006996e+03
12.5 8.051670e+03 7.927094e+03 7.921049e+03 8.045625e+03
13.5 7.780535e+03 7.833128e+03 7.922503e+03 7.869909e+03
14.5 7.866889e+03 7.910381e+03 7.923271e+03 7.879779e+03
15.5 8.100999e+03 8.013177e+03 7.923680e+03 8.011502e+03
16.5 7.966215e+03 8.048501e+03 7.923929e+03 7.841643e+03
17.5 7.932077e+03 8.132805e+03 7.924133e+03 7.723405e+03
0.3 8.063228e+03 8.058031e+03 7.916150e+03 7.921347e+03
1.3 8.012864e+03 7.975932e+03 7.959396e+03 7.996328e+03
2.3 8.176698e+03 8.003103e+03 8.100113e+03 8.273708e+03
3.3 7.950420e+03 7.981915e+03 8.106429e+03 8.074934e+03
4.3 8.027454e+03 8.044992e+03 8.022779e+03 8.005241e+03
5.3 7.971994e+03 8.018894e+03 7.952287e+03 7.905387e+03
6.3 7.945252e+03 7.904911e+03 7.915491e+03 7.955833e+03
7.3 7.738233e+03 7.967666e+03 7.899874e+03 7.670441e+03
8.3 8.051587e+03 7.991946e+03 7.896835e+03 7.956475e+03
9.3 7.935151e+03 7.888910e+03 7.900279e+03 7.946521e+03
10.3 8.135075e+03 7.910090e+03 7.905595e+03 8.130580e+03
11.3 8.238368e+03 8.025891e+03 7.909983e+03 8.122461e+03
12.3 8.068870e+03 8.010384e+03 7.953250e+03 8.011736e+03
13.3 7.904563e+03 8.025956e+03 8.098852e+03 7.977459e+03
14.3 7.939416e+03 7.974457e+03 8.107747e+03 8.072706e+03
15.3 8.040752e+03 8.043583e+03 8.023130e+03 8.020299e+03
16.3 8.008932e+03 8.065040e+03 7.954346e+03 7.898238e+03
17.3 8.004457e+03 7.931182e+03 7.917223e+03 7.990498e+03
0.3 8.238368e+03 8.025891e+03 7.909983e+03 8.122461e+03
1.3 8.068870e+03 8.010384e+03 7.953250e+03 8.011736e+03
2.3 7.904563e+03 8.025956e+03 8.098852e+03 7.977459e+03
3.3 7.939416e+03 7.974457e+03 8.107747e+03 8.072706e+03
4.3 8.040752e+03 8.043583e+03 8.023130e+03 8.020299e+03
5.3 8.008932e+03 8.065040e+03 7.954346e+03 7.898238e+03
6.3 8.004457e+03 7.931182e+03 7.917223e+03 7.990498e+03
7.3 7.851623e+03 7.824548e+03 7.901315e+03 7.928389e+03
8.3 7.894751e+03 7.932389e+03 7.898552e+03 7.860915e+03
9.3 7.980355e+03 7.956389e+03 7.902327e+03 7.926293e+03
10.3 7.910515e+03 7.873920e+03 7.907819e+03 7.944415e+03
11.3 7.771035e+03 7.957947e+03 7.912532e+03 7.725620e+03
12.3 8.014054e+03 8.047241e+03 7.915800e+03 7.882613e+03
13.3 8.002010e+03 7.952912e+03 7.917732e+03 7.966831e+03
14.3 8.097963e+03 7.966411e+03 7.918906e+03 8.050458e+03
15.3 8.015983e+03 8.005408e+03 7.919669e+03 7.930244e+03
16.3 7.916195e+03 7.901949e+03 7.920268e+03 7.934514e+03
17.3 7.672066e+03 7.789288e+03 7.920809e+03 7.803588e+03
