0.7 1.557089e+03 1.476545e+03 1.463966e+03 1.544510e+03
1.7 1.401622e+03 1.426345e+03 1.420382e+03 1.395659e+03
2.7 1.382064e+03 1.359681e+03 1.359021e+03 1.381404e+03
3.7 1.299977e+03 1.373091e+03 1.374671e+03 1.301556e+03
4.7 1.429089e+03 1.417179e+03 1.419126e+03 1.431036e+03
5.7 1.515868e+03 1.449736e+03 1.451467e+03 1.517600e+03
6.7 1.515369e+03 1.467122e+03 1.467359e+03 1.515606e+03
7.7 1.348698e+03 1.478279e+03 1.473412e+03 1.343832e+03
8.7 1.434977e+03 1.496483e+03 1.473732e+03 1.412226e+03
9.7 1.371730e+03 1.500779e+03 1.471394e+03 1.342345e+03
10.7 1.515454e+03 1.489755e+03 1.468536e+03 1.494235e+03
11.7 1.424474e+03 1.478975e+03 1.466354e+03 1.411853e+03
12.7 1.593846e+03 1.472762e+03 1.464969e+03 1.586053e+03
13.7 1.470353e+03 1.470021e+03 1.464181e+03 1.464513e+03
14.7 1.639280e+03 1.471049e+03 1.463773e+03 1.632005e+03
15.7 1.636418e+03 1.486745e+03 1.463543e+03 1.613217e+03
16.7 1.457387e+03 1.498635e+03 1.463398e+03 1.422150e+03
17.7 1.513401e+03 1.491441e+03 1.463287e+03 1.485247e+03
0.7 1.357314e+03 1.477593e+03 1.461514e+03 1.341236e+03
1.7 1.339688e+03 1.440789e+03 1.417250e+03 1.316149e+03
2.7 1.323326e+03 1.375552e+03 1.351768e+03 1.299542e+03
3.7 1.409050e+03 1.386439e+03 1.365310e+03 1.387921e+03
4.7 1.407016e+03 1.429501e+03 1.413282e+03 1.390797e+03
5.7 1.416345e+03 1.382218e+03 1.447419e+03 1.481547e+03
6.7 1.207217e+03 1.309349e+03 1.465318e+03 1.363186e+03
7.7 1.331552e+03 1.352143e+03 1.472078e+03 1.451487e+03
8.7 1.491029e+03 1.427631e+03 1.472731e+03 1.536129e+03
9.7 1.823746e+03 1.488750e+03 1.470442e+03 1.805438e+03
10.7 1.481254e+03 1.509795e+03 1.467663e+03 1.439122e+03
11.7 1.559840e+03 1.512494e+03 1.465453e+03 1.512799e+03
12.7 1.514732e+03 1.505575e+03 1.464158e+03 1.473315e+03
13.7 1.482143e+03 1.492576e+03 1.463518e+03 1.453084e+03
14.7 1.632291e+03 1.481465e+03 1.463268e+03 1.614093e+03
15.7 1.599675e+03 1.475704e+03 1.463231e+03 1.587202e+03
16.7 1.312025e+03 1.484226e+03 1.463288e+03 1.291086e+03
17.7 1.452295e+03 1.497624e+03 1.463390e+03 1.418061e+03
0.4 1.605723e+03 1.451762e+03 1.468230e+03 1.622190e+03
1.4 1.551339e+03 1.443112e+03 1.446284e+03 1.554511e+03
2.4 1.523100e+03 1.360125e+03 1.356003e+03 1.518978e+03
3.4 1.355891e+03 1.328943e+03 1.321415e+03 1.348364e+03
4.4 1.307742e+03 1.381067e+03 1.372812e+03 1.299487e+03
5.4 1.143733e+03 1.436399e+03 1.429597e+03 1.136931e+03
6.4 1.371445e+03 1.449440e+03 1.464275e+03 1.386281e+03
7.4 1.342465e+03 1.442257e+03 1.479842e+03 1.380050e+03
8.4 1.658848e+03 1.455423e+03 1.484545e+03 1.687970e+03
9.4 1.517550e+03 1.471404e+03 1.483255e+03 1.529401e+03
10.4 1.557205e+03 1.479487e+03 1.479886e+03 1.557604e+03
11.4 1.524983e+03 1.481404e+03 1.476652e+03 1.520231e+03
12.4 1.481198e+03 1.462877e+03 1.474584e+03 1.492905e+03
13.4 1.375287e+03 1.429557e+03 1.473511e+03 1.419241e+03
14.4 1.455674e+03 1.432566e+03 1.473154e+03 1.496262e+03
15.4 1.418269e+03 1.453381e+03 1.473159e+03 1.438047e+03
16.4 1.348888e+03 1.469822e+03 1.473328e+03 1.352394e+03
17.4 1.380426e+03 1.478195e+03 1.473564e+03 1.375795e+03
0.4 1.398277e+03 1.476653e+03 1.475384e+03 1.397007e+03
1.4 1.466635e+03 1.456049e+03 1.456200e+03 1.466786e+03
2.4 1.386788e+03 1.366454e+03 1.366661e+03 1.386995e+03
3.4 1.511656e+03 1.324525e+03 1.324218e+03 1.511349e+03
4.4 1.395333e+03 1.374201e+03 1.373351e+03 1.394482e+03
5.4 1.477741e+03 1.433296e+03 1.432066e+03 1.476511e+03
6.4 1.494464e+03 1.466647e+03 1.465222e+03 1.493040e+03
7.4 1.491799e+03 1.423675e+03 1.422205e+03 1.490329e+03
8.4 1.452767e+03 1.352377e+03 1.350936e+03 1.451326e+03
9.4 1.428951e+03 1.372033e+03 1.370941e+03 1.427858e+03
10.4 1.495460e+03 1.425472e+03 1.425310e+03 1.495298e+03
11.4 1.586973e+03 1.453385e+03 1.453307e+03 1.586895e+03
12.4 1.286652e+03 1.403086e+03 1.402557e+03 1.286123e+03
13.4 1.395338e+03 1.380414e+03 1.379514e+03 1.394438e+03
14.4 1.378174e+03 1.418137e+03 1.417063e+03 1.377100e+03
15.4 1.416529e+03 1.456902e+03 1.455926e+03 1.415554e+03
16.4 1.400653e+03 1.477765e+03 1.477693e+03 1.400581e+03
17.4 1.623333e+03 1.482603e+03 1.486253e+03 1.626983e+03
0.9 1.494464e+03 1.466647e+03 1.465222e+03 1.493040e+03
1.9 1.491799e+03 1.423675e+03 1.422205e+03 1.490329e+03
2.9 1.452767e+03 1.352377e+03 1.350936e+03 1.451326e+03
3.9 1.428951e+03 1.372033e+03 1.370941e+03 1.427858e+03
4.9 1.495460e+03 1.425472e+03 1.425310e+03 1.495298e+03
5.9 1.586973e+03 1.453385e+03 1.453307e+03 1.586895e+03
6.9 1.286652e+03 1.403086e+03 1.402557e+03 1.286123e+03
7.9 1.395338e+03 1.380414e+03 1.379514e+03 1.394438e+03
8.9 1.378174e+03 1.418137e+03 1.417063e+03 1.377100e+03
9.9 1.416529e+03 1.456902e+03 1.455926e+03 1.415554e+03
10.9 1.400653e+03 1.477765e+03 1.477693e+03 1.400581e+03
11.9 1.623333e+03 1.482603e+03 1.486253e+03 1.626983e+03
12.9 1.593601e+03 1.455645e+03 1.487809e+03 1.625764e+03
13.9 1.295214e+03 1.438195e+03 1.485728e+03 1.342748e+03
14.9 1.397661e+03 1.449932e+03 1.482530e+03 1.430259e+03
15.9 1.360822e+03 1.466310e+03 1.479628e+03 1.374139e+03
16.9 1.367692e+03 1.475858e+03 1.477675e+03 1.369508e+03
17.9 1.539650e+03 1.480203e+03 1.476494e+03 1.535941e+03
0.2 1.495460e+03 1.425472e+03 1.425310e+03 1.495298e+03
1.2 1.586973e+03 1.453385e+03 1.453307e+03 1.586895e+03
2.2 1.286652e+03 1.403086e+03 1.402557e+03 1.286123e+03
3.2 1.395338e+03 1.380414e+03 1.379514e+03 1.394438e+03
4.2 1.378174e+03 1.418137e+03 1.417063e+03 1.377100e+03
5.2 1.416529e+03 1.456902e+03 1.455926e+03 1.415554e+03
6.2 1.400653e+03 1.477765e+03 1.477693e+03 1.400581e+03
7.2 1.623333e+03 1.482603e+03 1.486253e+03 1.626983e+03
8.2 1.593601e+03 1.455645e+03 1.487809e+03 1.625764e+03
9.2 1.295214e+03 1.438195e+03 1.485728e+03 1.342748e+03
10.2 1.397661e+03 1.449932e+03 1.482530e+03 1.430259e+03
11.2 1.360822e+03 1.466310e+03 1.479628e+03 1.374139e+03
12.2 1.367692e+03 1.475858e+03 1.477675e+03 1.369508e+03
13.2 1.539650e+03 1.480203e+03 1.476494e+03 1.535941e+03
14.2 1.528105e+03 1.486133e+03 1.475864e+03 1.517836e+03
15.2 1.375895e+03 1.503381e+03 1.475511e+03 1.348025e+03
16.2 1.414987e+03 1.506998e+03 1.475271e+03 1.383259e+03
17.2 1.526271e+03 1.495309e+03 1.475074e+03 1.506035e+03
0.3 1.577592e+03 1.489767e+03 1.473400e+03 1.561225e+03
1.3 1.442292e+03 1.468230e+03 1.456486e+03 1.430548e+03
2.3 1.364855e+03 1.377786e+03 1.372210e+03 1.359280e+03
3.3 1.283017e+03 1.342788e+03 1.340641e+03 1.280870e+03
4.3 1.449170e+03 1.386941e+03 1.385879e+03 1.448108e+03
5.3 1.637481e+03 1.438425e+03 1.437204e+03 1.636261e+03
6.3 1.336758e+03 1.468132e+03 1.466226e+03 1.334851e+03
7.3 1.411748e+03 1.445322e+03 1.442593e+03 1.409020e+03
8.3 1.237662e+03 1.375691e+03 1.372233e+03 1.234204e+03
9.3 1.365699e+03 1.378971e+03 1.374913e+03 1.361641e+03
10.3 1.338011e+03 1.425648e+03 1.421101e+03 1.333465e+03
11.3 1.519393e+03 1.461129e+03 1.456177e+03 1.514441e+03
12.3 1.265010e+03 1.477340e+03 1.474564e+03 1.262233e+03
13.3 1.302485e+03 1.458675e+03 1.481399e+03 1.325209e+03
14.3 1.651773e+03 1.442002e+03 1.481909e+03 1.691679e+03
15.3 1.480257e+03 1.452995e+03 1.479262e+03 1.506524e+03
16.3 1.559767e+03 1.468197e+03 1.475994e+03 1.567564e+03
17.3 1.463951e+03 1.477473e+03 1.473291e+03 1.459769e+03
0.6 1.336758e+03 1.468132e+03 1.466226e+03 1.334851e+03
1.6 1.411748e+03 1.445322e+03 1.442593e+03 1.409020e+03
2.6 1.237662e+03 1.375691e+03 1.372233e+03 1.234204e+03
3.6 1.365699e+03 1.378971e+03 1.374913e+03 1.361641e+03
4.6 1.338011e+03 1.425648e+03 1.421101e+03 1.333465e+03
5.6 1.519393e+03 1.461129e+03 1.456177e+03 1.514441e+03
6.6 1.265010e+03 1.477340e+03 1.474564e+03 1.262233e+03
7.6 1.302485e+03 1.458675e+03 1.481399e+03 1.325209e+03
8.6 1.651773e+03 1.442002e+03 1.481909e+03 1.691679e+03
9.6 1.480257e+03 1.452995e+03 1.479262e+03 1.506524e+03
10.6 1.559767e+03 1.468197e+03 1.475994e+03 1.567564e+03
11.6 1.463951e+03 1.477473e+03 1.473291e+03 1.459769e+03
12.6 1.484460e+03 1.481544e+03 1.471588e+03 1.474504e+03
13.6 1.441939e+03 1.482891e+03 1.470629e+03 1.429677e+03
14.6 1.402112e+03 1.490373e+03 1.470122e+03 1.381860e+03
15.6 1.353724e+03 1.508536e+03 1.469861e+03 1.315049e+03
16.6 1.364108e+03 1.509795e+03 1.469710e+03 1.324022e+03
17.6 1.504511e+03 1.487829e+03 1.469611e+03 1.486293e+03
0.2 1.585615e+03 1.460070e+03 1.469651e+03 1.595196e+03
1.2 1.352515e+03 1.440664e+03 1.460501e+03 1.372352e+03
2.2 1.282183e+03 1.383129e+03 1.388150e+03 1.287205e+03
3.2 1.152173e+03 1.359383e+03 1.350118e+03 1.142907e+03
4.2 1.377384e+03 1.405492e+03 1.387326e+03 1.359219e+03
5.2 1.457393e+03 1.458115e+03 1.435094e+03 1.434373e+03
6.2 1.326598e+03 1.488005e+03 1.463595e+03 1.302187e+03
7.2 1.482144e+03 1.502190e+03 1.477330e+03 1.457283e+03
8.2 1.353381e+03 1.503917e+03 1.481587e+03 1.331052e+03
9.2 1.269094e+03 1.474626e+03 1.480894e+03 1.275362e+03
10.2 1.287565e+03 1.449849e+03 1.478210e+03 1.315926e+03
11.2 1.361936e+03 1.462399e+03 1.475649e+03 1.375186e+03
12.2 1.417373e+03 1.483760e+03 1.473878e+03 1.407491e+03
13.2 1.438507e+03 1.497770e+03 1.473011e+03 1.413748e+03
14.2 1.417390e+03 1.505480e+03 1.472727e+03 1.384638e+03
15.2 1.366911e+03 1.508453e+03 1.472766e+03 1.331223e+03
16.2 1.565395e+03 1.490582e+03 1.472971e+03 1.547784e+03
17.2 1.402692e+03 1.467515e+03 1.473249e+03 1.408426e+03
0.5 1.391576e+03 1.390270e+03 1.475805e+03 1.477111e+03
1.5 1.338883e+03 1.398448e+03 1.447686e+03 1.388122e+03
2.5 1.368535e+03 1.376427e+03 1.369655e+03 1.361763e+03
3.5 1.260486e+03 1.407815e+03 1.365841e+03 1.218512e+03
4.5 1.604684e+03 1.472544e+03 1.413570e+03 1.545711e+03
5.5 1.394195e+03 1.518526e+03 1.453353e+03 1.329022e+03
6.5 1.556207e+03 1.493540e+03 1.427999e+03 1.490665e+03
7.5 1.517313e+03 1.448610e+03 1.384927e+03 1.453630e+03
8.5 1.573447e+03 1.439753e+03 1.408334e+03 1.542028e+03
9.5 1.477340e+03 1.363462e+03 1.448627e+03 1.562506e+03
10.5 1.159757e+03 1.370440e+03 1.467183e+03 1.256500e+03
11.5 1.463630e+03 1.388009e+03 1.416463e+03 1.492085e+03
12.5 1.333781e+03 1.419022e+03 1.387698e+03 1.302458e+03
13.5 1.433877e+03 1.420439e+03 1.420185e+03 1.433623e+03
14.5 1.500276e+03 1.371844e+03 1.457321e+03 1.585753e+03
15.5 1.435745e+03 1.410931e+03 1.479173e+03 1.503987e+03
16.5 1.332278e+03 1.453845e+03 1.488417e+03 1.366851e+03
17.5 1.533325e+03 1.498351e+03 1.490853e+03 1.525826e+03
0.8 1.394195e+03 1.518526e+03 1.453353e+03 1.329022e+03
1.8 1.556207e+03 1.493540e+03 1.427999e+03 1.490665e+03
2.8 1.517313e+03 1.448610e+03 1.384927e+03 1.453630e+03
3.8 1.573447e+03 1.439753e+03 1.408334e+03 1.542028e+03
4.8 1.477340e+03 1.363462e+03 1.448627e+03 1.562506e+03
5.8 1.159757e+03 1.370440e+03 1.467183e+03 1.256500e+03
6.8 1.463630e+03 1.388009e+03 1.416463e+03 1.492085e+03
7.8 1.333781e+03 1.419022e+03 1.387698e+03 1.302458e+03
8.8 1.433877e+03 1.420439e+03 1.420185e+03 1.433623e+03
9.8 1.500276e+03 1.371844e+03 1.457321e+03 1.585753e+03
10.8 1.435745e+03 1.410931e+03 1.479173e+03 1.503987e+03
11.8 1.332278e+03 1.453845e+03 1.488417e+03 1.366851e+03
12.8 1.533325e+03 1.498351e+03 1.490853e+03 1.525826e+03
13.8 1.694360e+03 1.541528e+03 1.489579e+03 1.642412e+03
14.8 1.587005e+03 1.532495e+03 1.486978e+03 1.541488e+03
15.8 1.430405e+03 1.467775e+03 1.484445e+03 1.447075e+03
0.1 1.477340e+03 1.363462e+03 1.448627e+03 1.562506e+03
1.1 1.159757e+03 1.370440e+03 1.467183e+03 1.256500e+03
2.1 1.463630e+03 1.388009e+03 1.416463e+03 1.492085e+03
3.1 1.333781e+03 1.419022e+03 1.387698e+03 1.302458e+03
4.1 1.433877e+03 1.420439e+03 1.420185e+03 1.433623e+03
5.1 1.500276e+03 1.371844e+03 1.457321e+03 1.585753e+03
6.1 1.435745e+03 1.410931e+03 1.479173e+03 1.503987e+03
7.1 1.332278e+03 1.453845e+03 1.488417e+03 1.366851e+03
8.1 1.533325e+03 1.498351e+03 1.490853e+03 1.525826e+03
9.1 1.694360e+03 1.541528e+03 1.489579e+03 1.642412e+03
10.1 1.587005e+03 1.532495e+03 1.486978e+03 1.541488e+03
11.1 1.430405e+03 1.467775e+03 1.484445e+03 1.447075e+03
