0.8 1.013831e+04 1.012364e+04 1.006690e+04 1.008158e+04
1.8 1.007705e+04 1.015079e+04 1.023992e+04 1.016618e+04
2.8 1.001490e+04 1.020006e+04 1.037670e+04 1.019153e+04
3.8 1.037729e+04 1.022121e+04 1.028965e+04 1.044574e+04
4.8 1.009424e+04 1.030405e+04 1.016407e+04 9.954260e+03
5.8 1.009397e+04 1.018152e+04 1.008461e+04 9.997060e+03
6.8 9.957113e+03 1.004945e+04 1.004557e+04 9.953241e+03
7.8 1.000847e+04 1.005936e+04 1.003276e+04 9.981867e+03
8.8 1.013128e+04 1.006714e+04 1.003414e+04 1.009828e+04
9.8 1.032521e+04 1.018002e+04 1.004133e+04 1.018652e+04
10.8 1.005535e+04 1.013294e+04 1.004882e+04 9.971231e+03
11.8 9.751352e+03 9.981920e+03 1.005440e+04 9.823833e+03
12.8 1.000321e+04 9.878079e+03 1.005761e+04 1.018274e+04
13.8 9.983285e+03 9.971846e+03 1.005928e+04 1.007072e+04
14.8 9.957237e+03 1.017174e+04 1.006003e+04 9.845535e+03
15.8 1.019321e+04 1.013074e+04 1.006037e+04 1.012284e+04
16.8 1.016938e+04 9.987600e+03 1.006053e+04 1.024230e+04
17.8 9.741776e+03 1.003144e+04 1.006061e+04 9.770950e+03
0.5 1.024843e+04 1.023190e+04 1.006321e+04 1.007974e+04
1.5 1.025512e+04 1.017463e+04 1.017626e+04 1.025676e+04
2.5 1.038095e+04 1.022915e+04 1.036944e+04 1.052124e+04
3.5 1.013761e+04 1.011632e+04 1.032748e+04 1.034878e+04
4.5 9.906114e+03 9.958395e+03 1.019779e+04 1.014551e+04
5.5 9.973018e+03 9.933032e+03 1.010295e+04 1.014294e+04
6.5 1.019294e+04 1.019182e+04 1.005614e+04 1.005727e+04
7.5 1.018789e+04 1.029947e+04 1.003775e+04 9.926165e+03
8.5 1.008821e+04 1.014003e+04 1.003654e+04 9.984721e+03
9.5 9.975271e+03 9.973563e+03 1.004306e+04 1.004476e+04
10.5 1.014632e+04 1.002945e+04 1.005122e+04 1.016810e+04
11.5 1.035375e+04 1.015398e+04 1.005751e+04 1.025728e+04
12.5 1.025709e+04 1.007458e+04 1.006157e+04 1.024408e+04
13.5 9.893830e+03 9.952558e+03 1.006377e+04 1.000504e+04
14.5 1.002361e+04 1.004327e+04 1.006494e+04 1.004527e+04
15.5 1.023323e+04 1.016781e+04 1.006555e+04 1.013097e+04
16.5 1.002013e+04 1.021785e+04 1.006593e+04 9.868220e+03
17.5 1.024262e+04 1.033435e+04 1.006624e+04 9.974507e+03
0.3 1.025729e+04 1.022522e+04 1.005414e+04 1.008621e+04
1.3 1.028252e+04 1.013507e+04 1.011970e+04 1.026715e+04
2.3 1.040243e+04 1.020725e+04 1.033300e+04 1.052818e+04
3.3 1.020260e+04 1.018465e+04 1.034258e+04 1.036052e+04
4.3 1.030927e+04 1.024964e+04 1.021578e+04 1.027541e+04
5.3 1.017629e+04 1.020071e+04 1.010892e+04 1.008449e+04
6.3 9.923821e+03 1.004348e+04 1.005314e+04 9.933481e+03
7.3 9.838617e+03 1.010983e+04 1.002947e+04 9.758256e+03
8.3 1.021033e+04 1.013509e+04 1.002486e+04 1.010011e+04
9.3 1.014906e+04 1.000770e+04 1.003008e+04 1.017144e+04
10.3 1.039149e+04 1.003652e+04 1.003814e+04 1.039311e+04
11.3 1.038688e+04 1.018275e+04 1.004479e+04 1.024891e+04
12.3 1.028285e+04 1.017590e+04 1.011038e+04 1.021733e+04
13.3 1.017025e+04 1.023522e+04 1.033109e+04 1.026612e+04
14.3 1.001720e+04 1.017330e+04 1.034457e+04 1.018848e+04
15.3 1.017017e+04 1.023316e+04 1.021631e+04 1.015332e+04
16.3 1.032268e+04 1.023944e+04 1.011204e+04 1.019528e+04
17.3 1.024546e+04 1.006432e+04 1.005577e+04 1.023691e+04
0.3 1.038688e+04 1.018275e+04 1.004479e+04 1.024891e+04
1.3 1.028285e+04 1.017590e+04 1.011038e+04 1.021733e+04
2.3 1.017025e+04 1.023522e+04 1.033109e+04 1.026612e+04
3.3 1.001720e+04 1.017330e+04 1.034457e+04 1.018848e+04
4.3 1.017017e+04 1.023316e+04 1.021631e+04 1.015332e+04
5.3 1.032268e+04 1.023944e+04 1.011204e+04 1.019528e+04
6.3 1.024546e+04 1.006432e+04 1.005577e+04 1.023691e+04
7.3 1.010423e+04 9.932361e+03 1.003165e+04 1.020352e+04
8.3 1.006702e+04 1.008611e+04 1.002746e+04 1.000838e+04
9.3 1.006232e+04 1.012296e+04 1.003319e+04 9.972540e+03
10.3 1.010614e+04 1.001233e+04 1.004151e+04 1.013532e+04
11.3 1.006373e+04 1.011677e+04 1.004866e+04 9.995609e+03
12.3 1.020241e+04 1.022962e+04 1.005361e+04 1.002640e+04
13.3 1.037347e+04 1.010543e+04 1.005654e+04 1.032458e+04
14.3 1.037134e+04 1.011270e+04 1.005832e+04 1.031695e+04
15.3 1.010333e+04 1.015568e+04 1.005948e+04 1.000712e+04
16.3 1.004965e+04 1.002651e+04 1.006038e+04 1.008353e+04
17.3 9.729683e+03 9.887948e+03 1.006120e+04 9.902938e+03
