0.7 9.654724e+03 9.752119e+03 9.838559e+03 9.741163e+03
1.7 9.746997e+03 9.844898e+03 1.001626e+04 9.918358e+03
2.7 9.929792e+03 9.974191e+03 1.017922e+04 1.013482e+04
3.7 9.813387e+03 1.002772e+04 1.009138e+04 9.877054e+03
4.7 1.006331e+04 1.015314e+04 9.949402e+03 9.859572e+03
5.7 1.006997e+04 1.003934e+04 9.861015e+03 9.891642e+03
6.7 9.505530e+03 9.827308e+03 9.818068e+03 9.496290e+03
7.7 9.547958e+03 9.679217e+03 9.802902e+03 9.671643e+03
8.7 9.565608e+03 9.613277e+03 9.804044e+03 9.756375e+03
9.7 9.770909e+03 9.594425e+03 9.812074e+03 9.988558e+03
10.7 9.847587e+03 9.617180e+03 9.820427e+03 1.005083e+04
11.7 9.876781e+03 9.803010e+03 9.826611e+03 9.900383e+03
12.7 9.750774e+03 9.960085e+03 9.830431e+03 9.621120e+03
13.7 9.635593e+03 9.888900e+03 9.832417e+03 9.579110e+03
14.7 9.683683e+03 9.760571e+03 9.833446e+03 9.756557e+03
15.7 9.706896e+03 9.678447e+03 9.833985e+03 9.862434e+03
16.7 9.861958e+03 9.638409e+03 9.834330e+03 1.005788e+04
17.7 9.775387e+03 9.685655e+03 9.834602e+03 9.924334e+03
1.0 9.790646e+03 9.848199e+03 9.843836e+03 9.786284e+03
2.0 9.900243e+03 9.922570e+03 1.006269e+04 1.004036e+04
3.0 1.000715e+04 9.947909e+03 1.016411e+04 1.022335e+04
4.0 9.851240e+03 9.809170e+03 1.004671e+04 1.008878e+04
5.0 1.003206e+04 9.810048e+03 9.912723e+03 1.013474e+04
6.0 1.017162e+04 9.926617e+03 9.835875e+03 1.008088e+04
7.0 9.772010e+03 9.903896e+03 9.800211e+03 9.668325e+03
8.0 9.697713e+03 9.915103e+03 9.789359e+03 9.571969e+03
9.0 9.668421e+03 9.860951e+03 9.792479e+03 9.599949e+03
10.0 1.004710e+04 9.956918e+03 9.800827e+03 9.891012e+03
11.0 1.015388e+04 9.992084e+03 9.808600e+03 9.970401e+03
12.0 9.810658e+03 9.838452e+03 9.814008e+03 9.786214e+03
13.0 9.641809e+03 9.703602e+03 9.817180e+03 9.755387e+03
14.0 9.692920e+03 9.767326e+03 9.818743e+03 9.744336e+03
15.0 9.892527e+03 9.776360e+03 9.819513e+03 9.935680e+03
16.0 9.795429e+03 9.715960e+03 9.819911e+03 9.899379e+03
17.0 9.868257e+03 9.882618e+03 9.820187e+03 9.805826e+03
18.0 1.019540e+04 1.003385e+04 9.820448e+03 9.982000e+03
0.8 1.001978e+04 9.913836e+03 9.827650e+03 9.933594e+03
1.8 1.005696e+04 9.921451e+03 1.001775e+04 1.015326e+04
2.8 9.874347e+03 9.962209e+03 1.016815e+04 1.008029e+04
3.8 9.973406e+03 9.820840e+03 1.007684e+04 1.022941e+04
4.8 9.658390e+03 9.670520e+03 9.936003e+03 9.923873e+03
5.8 9.929429e+03 9.743042e+03 9.849412e+03 1.003580e+04
6.8 9.942012e+03 9.901021e+03 9.807179e+03 9.848170e+03
7.8 9.567775e+03 9.831400e+03 9.793725e+03 9.530100e+03
8.8 9.603616e+03 9.694972e+03 9.795716e+03 9.704361e+03
9.8 9.599149e+03 9.604687e+03 9.804416e+03 9.798878e+03
10.8 9.723334e+03 9.604970e+03 9.813336e+03 9.931700e+03
11.8 9.895074e+03 9.863259e+03 9.820189e+03 9.852004e+03
12.8 1.006087e+04 1.001231e+04 9.824478e+03 9.873041e+03
13.8 9.727127e+03 9.996731e+03 9.827097e+03 9.557493e+03
14.8 1.002832e+04 9.972367e+03 9.828802e+03 9.884753e+03
15.8 9.840597e+03 9.907350e+03 9.830056e+03 9.763302e+03
16.8 1.004257e+04 9.993166e+03 9.831151e+03 9.880558e+03
17.8 1.012852e+04 9.917685e+03 9.832201e+03 1.004304e+04
