0.8 7.813680e+03 7.763444e+03 7.719667e+03 7.769903e+03
1.8 7.848224e+03 7.737727e+03 7.730041e+03 7.840538e+03
2.8 7.812645e+03 7.722708e+03 7.738242e+03 7.828180e+03
3.8 7.580326e+03 7.689396e+03 7.733023e+03 7.623953e+03
4.8 7.471853e+03 7.653700e+03 7.725493e+03 7.543647e+03
5.8 7.509726e+03 7.654352e+03 7.720729e+03 7.576103e+03
6.8 7.552992e+03 7.658843e+03 7.718388e+03 7.612537e+03
7.8 7.609635e+03 7.644984e+03 7.717620e+03 7.682271e+03
8.8 7.542614e+03 7.648449e+03 7.717702e+03 7.611868e+03
9.8 7.640723e+03 7.647498e+03 7.718134e+03 7.711359e+03
10.8 7.723141e+03 7.661340e+03 7.718583e+03 7.780384e+03
11.8 7.605496e+03 7.682806e+03 7.718917e+03 7.641607e+03
12.8 7.629980e+03 7.696795e+03 7.719110e+03 7.652295e+03
13.8 7.661870e+03 7.707756e+03 7.719210e+03 7.673324e+03
14.8 7.760411e+03 7.716217e+03 7.719255e+03 7.763449e+03
15.8 7.685081e+03 7.713907e+03 7.719275e+03 7.690449e+03
16.8 7.739891e+03 7.707365e+03 7.719285e+03 7.751811e+03
17.8 7.729185e+03 7.716141e+03 7.719290e+03 7.732333e+03
0.5 7.700405e+03 7.802665e+03 7.719446e+03 7.617186e+03
1.5 7.674156e+03 7.764595e+03 7.726224e+03 7.635786e+03
2.5 7.761992e+03 7.739666e+03 7.737807e+03 7.760133e+03
3.5 7.797498e+03 7.718361e+03 7.735291e+03 7.814429e+03
4.5 7.801080e+03 7.703037e+03 7.727515e+03 7.825558e+03
5.5 7.773380e+03 7.698807e+03 7.721829e+03 7.796401e+03
6.5 7.802084e+03 7.708104e+03 7.719022e+03 7.813002e+03
7.5 7.775602e+03 7.713881e+03 7.717919e+03 7.779640e+03
8.5 7.635230e+03 7.710775e+03 7.717847e+03 7.642301e+03
9.5 7.678564e+03 7.706044e+03 7.718237e+03 7.690757e+03
10.5 7.660974e+03 7.686513e+03 7.718727e+03 7.693188e+03
11.5 7.681665e+03 7.667440e+03 7.719104e+03 7.733329e+03
12.5 7.731459e+03 7.675260e+03 7.719347e+03 7.775546e+03
13.5 7.640421e+03 7.690512e+03 7.719479e+03 7.669389e+03
14.5 7.700807e+03 7.694813e+03 7.719549e+03 7.725542e+03
15.5 7.727629e+03 7.694187e+03 7.719586e+03 7.753028e+03
16.5 7.749279e+03 7.683976e+03 7.719609e+03 7.784912e+03
17.5 7.700498e+03 7.662232e+03 7.719627e+03 7.757894e+03
0.3 7.719012e+03 7.808129e+03 7.718902e+03 7.629785e+03
1.3 7.717373e+03 7.771866e+03 7.722832e+03 7.668340e+03
2.3 7.713140e+03 7.748974e+03 7.735622e+03 7.699789e+03
3.3 7.673357e+03 7.724136e+03 7.736196e+03 7.685417e+03
4.3 7.665509e+03 7.683492e+03 7.728593e+03 7.710610e+03
5.3 7.663844e+03 7.668367e+03 7.722186e+03 7.717663e+03
6.3 7.624272e+03 7.680318e+03 7.718842e+03 7.662796e+03
7.3 7.637492e+03 7.688039e+03 7.717422e+03 7.666875e+03
8.3 7.646454e+03 7.695048e+03 7.717146e+03 7.668552e+03
9.3 7.626128e+03 7.706656e+03 7.717459e+03 7.636931e+03
10.3 7.728880e+03 7.752411e+03 7.717942e+03 7.694412e+03
11.3 7.722564e+03 7.807361e+03 7.718341e+03 7.633544e+03
12.3 7.752700e+03 7.800593e+03 7.722274e+03 7.674381e+03
13.3 7.657453e+03 7.774560e+03 7.735508e+03 7.618401e+03
14.3 7.741249e+03 7.748108e+03 7.736316e+03 7.729457e+03
15.3 7.740340e+03 7.733389e+03 7.728625e+03 7.735576e+03
16.3 7.664790e+03 7.725767e+03 7.722373e+03 7.661397e+03
17.3 7.703258e+03 7.718059e+03 7.718999e+03 7.704199e+03
0.3 7.722564e+03 7.807361e+03 7.718341e+03 7.633544e+03
1.3 7.752700e+03 7.800593e+03 7.722274e+03 7.674381e+03
2.3 7.657453e+03 7.774560e+03 7.735508e+03 7.618401e+03
3.3 7.741249e+03 7.748108e+03 7.736316e+03 7.729457e+03
4.3 7.740340e+03 7.733389e+03 7.728625e+03 7.735576e+03
5.3 7.664790e+03 7.725767e+03 7.722373e+03 7.661397e+03
6.3 7.703258e+03 7.718059e+03 7.718999e+03 7.704199e+03
7.3 7.645547e+03 7.715661e+03 7.717553e+03 7.647439e+03
8.3 7.673513e+03 7.727553e+03 7.717302e+03 7.663262e+03
9.3 7.681176e+03 7.732254e+03 7.717645e+03 7.666567e+03
10.3 7.685519e+03 7.724304e+03 7.718145e+03 7.679360e+03
11.3 7.754612e+03 7.694453e+03 7.718573e+03 7.778732e+03
12.3 7.677479e+03 7.672632e+03 7.718870e+03 7.723718e+03
13.3 7.768148e+03 7.683726e+03 7.719046e+03 7.803467e+03
14.3 7.769243e+03 7.696100e+03 7.719152e+03 7.792295e+03
15.3 7.704957e+03 7.703373e+03 7.719222e+03 7.720806e+03
16.3 7.702082e+03 7.713428e+03 7.719276e+03 7.707930e+03
17.3 7.650645e+03 7.720839e+03 7.719325e+03 7.649131e+03
