0.7 1.074034e+04 1.067181e+04 1.054994e+04 1.061847e+04
1.7 1.060449e+04 1.067151e+04 1.065395e+04 1.058693e+04
2.7 1.069782e+04 1.071968e+04 1.080039e+04 1.077854e+04
3.7 1.054605e+04 1.062792e+04 1.076304e+04 1.068117e+04
4.7 1.055876e+04 1.056563e+04 1.065695e+04 1.065007e+04
5.7 1.070032e+04 1.063108e+04 1.057977e+04 1.064901e+04
6.7 1.074083e+04 1.058304e+04 1.054184e+04 1.069963e+04
7.7 1.042333e+04 1.051749e+04 1.052739e+04 1.043323e+04
8.7 1.066235e+04 1.061991e+04 1.052663e+04 1.056907e+04
9.7 1.060304e+04 1.064893e+04 1.053221e+04 1.048632e+04
10.7 1.030583e+04 1.054817e+04 1.053903e+04 1.029669e+04
11.7 1.027719e+04 1.045498e+04 1.054424e+04 1.036644e+04
12.7 1.040482e+04 1.040547e+04 1.054754e+04 1.054689e+04
13.7 1.036433e+04 1.038624e+04 1.054942e+04 1.052751e+04
14.7 1.045009e+04 1.040031e+04 1.055040e+04 1.060018e+04
15.7 1.052614e+04 1.056267e+04 1.055095e+04 1.051442e+04
16.7 1.063743e+04 1.068358e+04 1.055129e+04 1.050514e+04
17.7 1.052650e+04 1.062093e+04 1.055156e+04 1.045712e+04
0.7 1.051149e+04 1.041892e+04 1.055579e+04 1.064836e+04
1.7 1.059311e+04 1.049155e+04 1.066143e+04 1.076299e+04
2.7 1.062146e+04 1.064088e+04 1.081770e+04 1.079828e+04
3.7 1.054803e+04 1.061366e+04 1.078538e+04 1.071975e+04
4.7 1.035647e+04 1.051094e+04 1.067090e+04 1.051642e+04
5.7 1.043600e+04 1.055078e+04 1.058943e+04 1.047465e+04
6.7 1.060462e+04 1.064164e+04 1.054671e+04 1.050970e+04
7.7 1.048808e+04 1.057689e+04 1.053058e+04 1.044177e+04
8.7 1.038752e+04 1.054302e+04 1.052902e+04 1.037352e+04
9.7 1.056459e+04 1.065608e+04 1.053448e+04 1.044299e+04
10.7 1.073312e+04 1.065200e+04 1.054112e+04 1.062224e+04
11.7 1.074926e+04 1.066450e+04 1.054639e+04 1.063115e+04
12.7 1.051696e+04 1.063714e+04 1.054948e+04 1.042929e+04
13.7 1.050417e+04 1.052993e+04 1.055101e+04 1.052525e+04
14.7 1.030440e+04 1.043876e+04 1.055160e+04 1.041725e+04
15.7 1.048660e+04 1.040013e+04 1.055169e+04 1.063816e+04
16.7 1.035555e+04 1.050379e+04 1.055156e+04 1.040332e+04
17.7 1.075506e+04 1.065238e+04 1.055131e+04 1.065399e+04
0.4 1.045094e+04 1.050354e+04 1.053976e+04 1.048716e+04
1.4 1.054516e+04 1.047652e+04 1.059214e+04 1.066078e+04
2.4 1.068615e+04 1.066120e+04 1.080759e+04 1.083254e+04
3.4 1.077822e+04 1.073848e+04 1.089014e+04 1.092988e+04
4.4 1.069135e+04 1.062269e+04 1.076748e+04 1.083614e+04
5.4 1.051435e+04 1.050173e+04 1.063196e+04 1.064458e+04
6.4 1.048995e+04 1.052831e+04 1.054920e+04 1.051084e+04
7.4 1.080363e+04 1.060370e+04 1.051205e+04 1.071197e+04
8.4 1.066016e+04 1.055296e+04 1.050082e+04 1.060803e+04
9.4 1.041222e+04 1.047663e+04 1.050390e+04 1.043949e+04
10.4 1.058284e+04 1.053251e+04 1.051194e+04 1.056228e+04
11.4 1.060736e+04 1.060987e+04 1.051966e+04 1.051715e+04
12.4 1.064641e+04 1.064380e+04 1.052460e+04 1.052721e+04
13.4 1.079230e+04 1.072034e+04 1.052716e+04 1.059911e+04
14.4 1.051276e+04 1.065404e+04 1.052801e+04 1.038673e+04
15.4 1.034604e+04 1.052881e+04 1.052800e+04 1.034523e+04
16.4 1.036902e+04 1.044119e+04 1.052760e+04 1.045542e+04
17.4 1.060505e+04 1.040213e+04 1.052703e+04 1.072995e+04
0.4 1.053660e+04 1.041277e+04 1.052269e+04 1.064652e+04
1.4 1.053594e+04 1.044674e+04 1.056847e+04 1.065767e+04
2.4 1.063814e+04 1.066201e+04 1.078216e+04 1.075828e+04
3.4 1.073607e+04 1.077044e+04 1.088345e+04 1.084908e+04
4.4 1.052644e+04 1.066048e+04 1.076619e+04 1.063215e+04
5.4 1.033579e+04 1.052576e+04 1.062607e+04 1.043609e+04
6.4 1.032544e+04 1.044999e+04 1.054694e+04 1.042238e+04
7.4 1.076756e+04 1.055443e+04 1.064960e+04 1.086274e+04
8.4 1.084348e+04 1.072546e+04 1.081969e+04 1.093771e+04
9.4 1.085977e+04 1.072781e+04 1.077194e+04 1.090390e+04
10.4 1.054881e+04 1.074749e+04 1.064219e+04 1.044351e+04
11.4 1.044821e+04 1.068347e+04 1.057537e+04 1.034012e+04
12.4 1.053446e+04 1.071514e+04 1.069649e+04 1.051581e+04
13.4 1.071340e+04 1.069604e+04 1.075148e+04 1.076884e+04
14.4 1.072448e+04 1.056796e+04 1.066187e+04 1.081840e+04
15.4 1.071398e+04 1.048503e+04 1.056913e+04 1.079808e+04
16.4 1.067928e+04 1.058305e+04 1.051718e+04 1.061340e+04
17.4 1.073323e+04 1.061749e+04 1.049675e+04 1.061249e+04
0.9 1.032544e+04 1.044999e+04 1.054694e+04 1.042238e+04
1.9 1.076756e+04 1.055443e+04 1.064960e+04 1.086274e+04
2.9 1.084348e+04 1.072546e+04 1.081969e+04 1.093771e+04
3.9 1.085977e+04 1.072781e+04 1.077194e+04 1.090390e+04
4.9 1.054881e+04 1.074749e+04 1.064219e+04 1.044351e+04
5.9 1.044821e+04 1.068347e+04 1.057537e+04 1.034012e+04
6.9 1.053446e+04 1.071514e+04 1.069649e+04 1.051581e+04
7.9 1.071340e+04 1.069604e+04 1.075148e+04 1.076884e+04
8.9 1.072448e+04 1.056796e+04 1.066187e+04 1.081840e+04
9.9 1.071398e+04 1.048503e+04 1.056913e+04 1.079808e+04
10.9 1.067928e+04 1.058305e+04 1.051718e+04 1.061340e+04
11.9 1.073323e+04 1.061749e+04 1.049675e+04 1.061249e+04
12.9 1.059853e+04 1.067343e+04 1.049304e+04 1.041813e+04
13.9 1.080742e+04 1.068022e+04 1.049800e+04 1.062520e+04
14.9 1.072174e+04 1.057514e+04 1.050563e+04 1.065224e+04
15.9 1.040482e+04 1.047079e+04 1.051256e+04 1.044659e+04
16.9 1.038880e+04 1.041578e+04 1.051722e+04 1.049025e+04
17.9 1.034873e+04 1.039523e+04 1.052004e+04 1.047355e+04
0.2 1.054881e+04 1.074749e+04 1.064219e+04 1.044351e+04
1.2 1.044821e+04 1.068347e+04 1.057537e+04 1.034012e+04
2.2 1.053446e+04 1.071514e+04 1.069649e+04 1.051581e+04
3.2 1.071340e+04 1.069604e+04 1.075148e+04 1.076884e+04
4.2 1.072448e+04 1.056796e+04 1.066187e+04 1.081840e+04
5.2 1.071398e+04 1.048503e+04 1.056913e+04 1.079808e+04
6.2 1.067928e+04 1.058305e+04 1.051718e+04 1.061340e+04
7.2 1.073323e+04 1.061749e+04 1.049675e+04 1.061249e+04
8.2 1.059853e+04 1.067343e+04 1.049304e+04 1.041813e+04
9.2 1.080742e+04 1.068022e+04 1.049800e+04 1.062520e+04
10.2 1.072174e+04 1.057514e+04 1.050563e+04 1.065224e+04
11.2 1.040482e+04 1.047079e+04 1.051256e+04 1.044659e+04
12.2 1.038880e+04 1.041578e+04 1.051722e+04 1.049025e+04
13.2 1.034873e+04 1.039523e+04 1.052004e+04 1.047355e+04
14.2 1.039090e+04 1.044453e+04 1.052154e+04 1.046791e+04
15.2 1.060133e+04 1.063715e+04 1.052238e+04 1.048656e+04
16.2 1.065796e+04 1.069795e+04 1.052296e+04 1.048296e+04
17.2 1.041339e+04 1.059748e+04 1.052343e+04 1.033933e+04
0.3 1.064919e+04 1.064710e+04 1.052742e+04 1.052952e+04
1.3 1.074220e+04 1.063121e+04 1.056779e+04 1.067878e+04
2.3 1.067553e+04 1.073181e+04 1.076891e+04 1.071263e+04
3.3 1.069933e+04 1.074392e+04 1.084425e+04 1.079966e+04
4.3 1.055973e+04 1.060874e+04 1.073629e+04 1.068729e+04
5.3 1.041472e+04 1.047927e+04 1.061380e+04 1.054925e+04
6.3 1.046468e+04 1.041281e+04 1.054454e+04 1.059642e+04
7.3 1.044312e+04 1.047547e+04 1.060094e+04 1.056859e+04
8.3 1.060189e+04 1.064906e+04 1.076886e+04 1.072168e+04
9.3 1.070992e+04 1.064647e+04 1.076247e+04 1.082592e+04
10.3 1.040710e+04 1.053815e+04 1.065224e+04 1.052119e+04
11.3 1.051517e+04 1.045489e+04 1.056853e+04 1.062880e+04
12.3 1.058156e+04 1.042298e+04 1.052465e+04 1.068323e+04
13.3 1.071674e+04 1.053090e+04 1.050833e+04 1.069417e+04
14.3 1.066195e+04 1.061355e+04 1.050711e+04 1.055551e+04
15.3 1.051351e+04 1.055478e+04 1.051343e+04 1.047217e+04
16.3 1.036112e+04 1.047420e+04 1.052123e+04 1.040815e+04
17.3 1.042254e+04 1.042369e+04 1.052768e+04 1.052653e+04
0.6 1.046468e+04 1.041281e+04 1.054454e+04 1.059642e+04
1.6 1.044312e+04 1.047547e+04 1.060094e+04 1.056859e+04
2.6 1.060189e+04 1.064906e+04 1.076886e+04 1.072168e+04
3.6 1.070992e+04 1.064647e+04 1.076247e+04 1.082592e+04
4.6 1.040710e+04 1.053815e+04 1.065224e+04 1.052119e+04
5.6 1.051517e+04 1.045489e+04 1.056853e+04 1.062880e+04
6.6 1.058156e+04 1.042298e+04 1.052465e+04 1.068323e+04
7.6 1.071674e+04 1.053090e+04 1.050833e+04 1.069417e+04
8.6 1.066195e+04 1.061355e+04 1.050711e+04 1.055551e+04
9.6 1.051351e+04 1.055478e+04 1.051343e+04 1.047217e+04
10.6 1.036112e+04 1.047420e+04 1.052123e+04 1.040815e+04
11.6 1.042254e+04 1.042369e+04 1.052768e+04 1.052653e+04
12.6 1.048288e+04 1.040087e+04 1.053175e+04 1.061375e+04
13.6 1.039572e+04 1.039462e+04 1.053403e+04 1.053514e+04
14.6 1.042838e+04 1.047676e+04 1.053525e+04 1.048687e+04
15.6 1.079556e+04 1.067837e+04 1.053587e+04 1.065306e+04
16.6 1.070687e+04 1.070424e+04 1.053623e+04 1.053886e+04
17.6 1.070749e+04 1.063731e+04 1.053646e+04 1.060665e+04
0.2 1.051005e+04 1.072910e+04 1.053637e+04 1.031733e+04
1.2 1.060357e+04 1.067967e+04 1.055821e+04 1.048211e+04
2.2 1.093436e+04 1.070825e+04 1.073087e+04 1.095698e+04
3.2 1.083231e+04 1.070162e+04 1.082164e+04 1.095232e+04
4.2 1.059363e+04 1.056826e+04 1.073284e+04 1.075821e+04
5.2 1.034735e+04 1.046555e+04 1.061884e+04 1.050063e+04
6.2 1.041749e+04 1.055038e+04 1.055082e+04 1.041793e+04
7.2 1.063662e+04 1.057012e+04 1.051804e+04 1.058455e+04
8.2 1.066799e+04 1.050269e+04 1.050788e+04 1.067318e+04
9.2 1.063192e+04 1.057232e+04 1.050954e+04 1.056914e+04
10.2 1.065026e+04 1.064645e+04 1.051594e+04 1.051976e+04
11.2 1.083632e+04 1.056935e+04 1.052206e+04 1.078903e+04
12.2 1.062837e+04 1.057152e+04 1.052628e+04 1.058314e+04
13.2 1.049522e+04 1.059630e+04 1.052835e+04 1.042727e+04
14.2 1.046285e+04 1.051583e+04 1.052903e+04 1.047605e+04
15.2 1.049239e+04 1.043010e+04 1.052894e+04 1.059122e+04
16.2 1.060359e+04 1.047534e+04 1.052845e+04 1.065670e+04
17.2 1.058552e+04 1.057026e+04 1.052778e+04 1.054305e+04
0.5 1.062966e+04 1.069843e+04 1.052168e+04 1.045292e+04
1.5 1.062991e+04 1.065779e+04 1.058879e+04 1.056091e+04
2.5 1.074989e+04 1.071271e+04 1.077501e+04 1.081219e+04
3.5 1.061043e+04 1.064601e+04 1.078411e+04 1.074853e+04
4.5 1.033063e+04 1.050078e+04 1.067021e+04 1.050006e+04
5.5 1.041301e+04 1.039972e+04 1.057527e+04 1.058855e+04
6.5 1.045391e+04 1.046628e+04 1.063577e+04 1.062340e+04
7.5 1.073136e+04 1.057886e+04 1.073857e+04 1.089106e+04
8.5 1.059412e+04 1.057504e+04 1.068270e+04 1.070178e+04
9.5 1.072015e+04 1.065008e+04 1.058654e+04 1.065662e+04
10.5 1.065530e+04 1.062581e+04 1.054226e+04 1.057175e+04
11.5 1.065249e+04 1.065193e+04 1.066330e+04 1.066386e+04
12.5 1.070791e+04 1.063735e+04 1.073195e+04 1.080251e+04
13.5 1.056589e+04 1.060626e+04 1.065442e+04 1.061404e+04
14.5 1.065680e+04 1.064234e+04 1.056580e+04 1.058025e+04
15.5 1.064792e+04 1.060749e+04 1.051365e+04 1.055408e+04
16.5 1.072275e+04 1.065986e+04 1.049158e+04 1.055447e+04
17.5 1.062896e+04 1.061626e+04 1.048577e+04 1.049847e+04
0.8 1.041301e+04 1.039972e+04 1.057527e+04 1.058855e+04
1.8 1.045391e+04 1.046628e+04 1.063577e+04 1.062340e+04
2.8 1.073136e+04 1.057886e+04 1.073857e+04 1.089106e+04
3.8 1.059412e+04 1.057504e+04 1.068270e+04 1.070178e+04
4.8 1.072015e+04 1.065008e+04 1.058654e+04 1.065662e+04
5.8 1.065530e+04 1.062581e+04 1.054226e+04 1.057175e+04
6.8 1.065249e+04 1.065193e+04 1.066330e+04 1.066386e+04
7.8 1.070791e+04 1.063735e+04 1.073195e+04 1.080251e+04
8.8 1.056589e+04 1.060626e+04 1.065442e+04 1.061404e+04
9.8 1.065680e+04 1.064234e+04 1.056580e+04 1.058025e+04
10.8 1.064792e+04 1.060749e+04 1.051365e+04 1.055408e+04
11.8 1.072275e+04 1.065986e+04 1.049158e+04 1.055447e+04
12.8 1.062896e+04 1.061626e+04 1.048577e+04 1.049847e+04
13.8 1.036547e+04 1.048501e+04 1.048881e+04 1.036927e+04
14.8 1.029095e+04 1.045913e+04 1.049502e+04 1.032683e+04
15.8 1.073760e+04 1.056839e+04 1.050106e+04 1.067027e+04
0.1 1.072015e+04 1.065008e+04 1.058654e+04 1.065662e+04
1.1 1.065530e+04 1.062581e+04 1.054226e+04 1.057175e+04
2.1 1.065249e+04 1.065193e+04 1.066330e+04 1.066386e+04
3.1 1.070791e+04 1.063735e+04 1.073195e+04 1.080251e+04
4.1 1.056589e+04 1.060626e+04 1.065442e+04 1.061404e+04
5.1 1.065680e+04 1.064234e+04 1.056580e+04 1.058025e+04
6.1 1.064792e+04 1.060749e+04 1.051365e+04 1.055408e+04
7.1 1.072275e+04 1.065986e+04 1.049158e+04 1.055447e+04
8.1 1.062896e+04 1.061626e+04 1.048577e+04 1.049847e+04
9.1 1.036547e+04 1.048501e+04 1.048881e+04 1.036927e+04
10.1 1.029095e+04 1.045913e+04 1.049502e+04 1.032683e+04
11.1 1.073760e+04 1.056839e+04 1.050106e+04 1.067027e+04
