0.4 1.010147e+04 1.020178e+04 1.018538e+04 1.008506e+04
1.4 1.015113e+04 1.016871e+04 1.020205e+04 1.018447e+04
2.4 1.015774e+04 1.017264e+04 1.023683e+04 1.022192e+04
3.4 1.013074e+04 1.017474e+04 1.023259e+04 1.018860e+04
4.4 1.019712e+04 1.020289e+04 1.021022e+04 1.020445e+04
5.4 1.009887e+04 1.019045e+04 1.019345e+04 1.010187e+04
6.4 1.007739e+04 1.015177e+04 1.018456e+04 1.011018e+04
7.4 1.014265e+04 1.012537e+04 1.018112e+04 1.019841e+04
8.4 1.014889e+04 1.015473e+04 1.018071e+04 1.017487e+04
9.4 1.022040e+04 1.021380e+04 1.018178e+04 1.018838e+04
10.4 1.020288e+04 1.020171e+04 1.018317e+04 1.018433e+04
11.4 1.015304e+04 1.015976e+04 1.018431e+04 1.017759e+04
12.4 1.012769e+04 1.018807e+04 1.018503e+04 1.012465e+04
13.4 1.022288e+04 1.023879e+04 1.018544e+04 1.016953e+04
14.4 1.009697e+04 1.020655e+04 1.018566e+04 1.007607e+04
15.4 1.018789e+04 1.018071e+04 1.018578e+04 1.019297e+04
16.4 1.022321e+04 1.021616e+04 1.018586e+04 1.019292e+04
17.4 1.024665e+04 1.021452e+04 1.018593e+04 1.021805e+04
0.6 1.022850e+04 1.021500e+04 1.018276e+04 1.019625e+04
1.6 1.016300e+04 1.020715e+04 1.020592e+04 1.016177e+04
2.6 1.017569e+04 1.019608e+04 1.023599e+04 1.021560e+04
3.6 1.020993e+04 1.018809e+04 1.022533e+04 1.024717e+04
4.6 1.022469e+04 1.022850e+04 1.020228e+04 1.019848e+04
5.6 1.020052e+04 1.021377e+04 1.018702e+04 1.017378e+04
6.6 1.007814e+04 1.016141e+04 1.017927e+04 1.009600e+04
7.6 1.007208e+04 1.012305e+04 1.017618e+04 1.012522e+04
8.6 1.017325e+04 1.014978e+04 1.017588e+04 1.019935e+04
9.6 1.019696e+04 1.019400e+04 1.017680e+04 1.017977e+04
10.6 1.021191e+04 1.019634e+04 1.017785e+04 1.019343e+04
11.6 1.026059e+04 1.024457e+04 1.017858e+04 1.019460e+04
12.6 1.030691e+04 1.023621e+04 1.017892e+04 1.024962e+04
13.6 1.024383e+04 1.023541e+04 1.017894e+04 1.018736e+04
14.6 1.016265e+04 1.021985e+04 1.017878e+04 1.012158e+04
15.6 1.021840e+04 1.021262e+04 1.017854e+04 1.018431e+04
16.6 1.021804e+04 1.024136e+04 1.017824e+04 1.015493e+04
17.6 1.024271e+04 1.022285e+04 1.017793e+04 1.019778e+04
0.4 1.010708e+04 1.015150e+04 1.017695e+04 1.013253e+04
1.4 1.002195e+04 1.012643e+04 1.019323e+04 1.008875e+04
2.4 1.017745e+04 1.014202e+04 1.022805e+04 1.026349e+04
