1.000118e+04 9.992865e+03 9.884362e+03 1.010968e+04
9.872013e+03 9.992017e+03 9.882405e+03 9.981625e+03
9.662501e+03 9.991194e+03 9.880889e+03 9.772807e+03
9.817122e+03 9.990398e+03 9.917802e+03 9.889718e+03
1.015286e+04 9.989628e+03 1.003472e+04 1.010777e+04
1.008610e+04 9.988886e+03 1.005024e+04 1.002474e+04
1.014243e+04 9.988172e+03 1.005201e+04 1.007859e+04
9.975824e+03 9.987488e+03 1.004107e+04 9.922241e+03
1.004875e+04 9.986834e+03 1.006448e+04 9.971111e+03
1.000329e+04 9.986210e+03 1.013422e+04 9.855287e+03
1.002896e+04 9.985617e+03 1.006267e+04 9.951909e+03
9.967745e+03 9.985056e+03 9.999703e+03 9.953098e+03
1.004130e+04 9.984527e+03 1.003845e+04 9.987382e+03
9.831105e+03 9.984030e+03 9.994672e+03 9.820463e+03
9.983304e+03 9.983565e+03 9.940406e+03 1.002646e+04
1.005720e+04 9.983133e+03 1.001702e+04 1.002332e+04
1.006943e+04 9.982733e+03 1.003912e+04 1.001305e+04
9.970846e+03 9.982366e+03 9.962618e+03 9.990594e+03
9.962482e+03 9.982032e+03 9.891882e+03 1.005263e+04
9.990073e+03 9.981730e+03 9.854337e+03 1.011747e+04
9.978995e+03 9.981459e+03 9.839749e+03 1.012071e+04
9.954644e+03 9.981221e+03 9.850475e+03 1.008539e+04
9.864936e+03 9.981013e+03 9.974461e+03 9.871488e+03
1.008454e+04 9.980837e+03 1.006674e+04 9.998635e+03
9.894138e+03 9.980690e+03 1.001694e+04 9.857888e+03
9.901558e+03 9.980573e+03 9.989523e+03 9.892608e+03
9.759055e+03 9.980485e+03 9.984758e+03 9.754782e+03
1.019110e+04 9.980425e+03 1.003801e+04 1.013351e+04
1.020957e+04 9.980392e+03 1.014587e+04 1.004409e+04
1.026579e+04 9.980549e+03 1.008808e+04 1.015826e+04
1.014229e+04 1.006115e+04 1.004289e+04 1.016055e+04
1.010168e+04 1.022927e+04 1.012761e+04 1.020334e+04
1.010232e+04 1.020880e+04 1.012274e+04 1.018838e+04
1.023313e+04 1.010063e+04 1.015235e+04 1.018141e+04
9.903906e+03 1.001956e+04 1.008000e+04 9.843467e+03
9.893357e+03 9.976611e+03 9.951206e+03 9.918763e+03
9.969759e+03 9.959991e+03 9.868487e+03 1.006126e+04
9.993095e+03 9.958008e+03 9.929061e+03 1.002204e+04
1.013295e+04 9.963164e+03 1.006651e+04 1.002960e+04
1.013152e+04 9.969861e+03 1.004153e+04 1.005985e+04
1.009432e+04 9.975401e+03 9.946548e+03 1.012317e+04
9.967994e+03 9.978873e+03 9.962484e+03 9.984383e+03
1.012433e+04 9.980866e+03 1.002279e+04 1.008240e+04
9.965839e+03 9.981907e+03 9.973508e+03 9.974238e+03
9.889527e+03 9.982498e+03 9.951144e+03 9.920881e+03
1.007639e+04 9.982893e+03 1.004092e+04 1.001836e+04
1.023523e+04 9.983208e+03 1.003891e+04 1.017953e+04
1.016811e+04 9.983507e+03 1.003599e+04 1.011562e+04
1.001768e+04 9.983787e+03 1.000925e+04 9.992212e+03
9.935305e+03 9.984071e+03 9.934573e+03 9.984802e+03
9.741822e+03 9.984357e+03 9.873240e+03 9.852939e+03
9.821702e+03 9.984645e+03 9.848479e+03 9.957868e+03
9.901721e+03 9.984934e+03 9.929903e+03 9.956752e+03
1.009580e+04 9.985223e+03 1.004406e+04 1.003697e+04
9.999816e+03 9.985510e+03 1.004407e+04 9.941257e+03
1.005456e+04 9.985796e+03 1.005252e+04 9.987841e+03
9.937338e+03 9.986080e+03 1.000150e+04 9.921917e+03
9.908515e+03 9.986360e+03 9.935185e+03 9.959689e+03
9.932637e+03 9.986636e+03 9.993973e+03 9.925300e+03
9.997862e+03 9.986908e+03 1.003009e+04 9.954676e+03
9.817548e+03 9.987174e+03 9.965070e+03 9.839652e+03
9.799548e+03 9.987435e+03 9.897326e+03 9.889657e+03
9.911194e+03 9.987690e+03 9.928979e+03 9.969905e+03
1.006772e+04 9.987939e+03 1.005905e+04 9.996613e+03
1.002310e+04 9.988180e+03 1.004733e+04 9.963951e+03
1.004533e+04 9.988415e+03 9.955527e+03 1.007821e+04
9.871490e+03 9.988642e+03 9.888315e+03 9.971817e+03
9.925155e+03 9.988861e+03 9.858464e+03 1.005555e+04
9.895114e+03 9.989073e+03 9.937773e+03 9.946414e+03
1.009479e+04 9.989277e+03 1.008647e+04 9.997599e+03
1.032136e+04 9.989472e+03 1.007892e+04 1.023192e+04
1.005266e+04 9.989660e+03 1.001805e+04 1.002427e+04
1.028661e+04 9.989839e+03 1.000269e+04 1.027376e+04
9.916713e+03 9.990010e+03 9.947334e+03 9.959389e+03
9.907920e+03 9.990173e+03 9.887131e+03 1.001096e+04
1.002228e+04 9.990326e+03 9.902706e+03 1.010990e+04
9.945148e+03 9.990471e+03 1.009392e+04 9.841695e+03
1.008829e+04 9.990609e+03 1.017230e+04 9.906601e+03
9.988336e+03 9.990740e+03 1.006333e+04 9.915746e+03
9.884156e+03 9.990863e+03 9.947442e+03 9.927577e+03
1.001454e+04 9.990980e+03 9.987403e+03 1.001811e+04
1.019302e+04 9.991089e+03 1.007517e+04 1.010894e+04
9.925467e+03 9.991192e+03 1.001736e+04 9.899296e+03
9.995698e+03 9.991289e+03 9.927706e+03 1.005928e+04
9.852766e+03 9.991379e+03 9.943036e+03 9.901109e+03
9.912294e+03 9.991463e+03 9.986731e+03 9.917026e+03
9.981501e+03 9.991542e+03 1.004590e+04 9.927140e+03
1.005585e+04 9.991615e+03 1.016735e+04 9.880121e+03
1.016047e+04 9.991683e+03 1.011457e+04 1.003758e+04
9.892387e+03 9.991745e+03 9.984049e+03 9.900083e+03
9.903967e+03 9.991803e+03 9.888927e+03 1.000684e+04
9.955940e+03 9.991857e+03 9.844425e+03 1.010337e+04
9.649716e+03 9.991906e+03 9.829591e+03 9.812031e+03
9.741970e+03 9.991952e+03 9.842388e+03 9.891533e+03
9.868980e+03 9.991993e+03 9.963835e+03 9.897138e+03
9.988977e+03 9.992031e+03 1.006687e+04 9.914140e+03
9.910943e+03 9.992066e+03 1.001917e+04 9.883842e+03
9.859329e+03 9.992098e+03 9.933847e+03 9.917580e+03
9.841193e+03 9.992126e+03 9.879240e+03 9.954079e+03
9.852013e+03 9.992153e+03 9.852555e+03 9.991611e+03
9.916550e+03 9.992176e+03 9.886425e+03 1.002230e+04
1.012302e+04 9.992198e+03 1.008731e+04 1.002791e+04
1.011607e+04 9.992217e+03 1.018742e+04 9.920866e+03
9.987423e+03 9.992235e+03 1.008351e+04 9.896151e+03
1.017239e+04 9.992251e+03 9.956784e+03 1.020786e+04
9.976974e+03 9.992278e+03 9.885470e+03 1.008378e+04
9.894395e+03 9.992330e+03 9.982765e+03 9.903960e+03
1.012908e+04 9.992373e+03 1.014242e+04 9.979033e+03
1.015169e+04 9.992393e+03 1.013664e+04 1.000744e+04
1.010365e+04 9.992397e+03 1.013114e+04 9.964908e+03
9.962850e+03 9.992394e+03 1.007095e+04 9.884297e+03
1.005907e+04 9.992388e+03 1.011492e+04 9.936534e+03
1.026903e+04 9.992383e+03 1.010900e+04 1.015241e+04
9.988247e+03 9.992379e+03 9.995560e+03 9.985065e+03
1.012885e+04 9.992376e+03 9.916570e+03 1.020465e+04
1.007006e+04 9.992375e+03 9.984183e+03 1.007825e+04
1.015630e+04 9.992374e+03 1.001352e+04 1.013516e+04
1.013986e+04 9.992374e+03 1.010560e+04 1.002664e+04
1.004312e+04 9.992374e+03 1.013859e+04 9.896899e+03
1.005880e+04 9.992374e+03 1.003347e+04 1.001770e+04
9.627762e+03 9.992352e+03 9.921219e+03 9.698895e+03
9.895849e+03 9.992301e+03 9.859947e+03 1.002820e+04
9.954601e+03 9.992253e+03 9.835200e+03 1.011165e+04
9.929552e+03 9.992219e+03 9.870353e+03 1.005142e+04
1.003524e+04 9.992195e+03 1.001843e+04 1.000901e+04
9.985255e+03 9.992175e+03 1.006715e+04 9.910282e+03
9.852486e+03 9.992155e+03 9.992518e+03 9.852123e+03
9.628042e+03 9.992133e+03 9.913249e+03 9.706926e+03
9.870592e+03 9.992108e+03 9.868815e+03 9.993885e+03
1.006943e+04 9.992079e+03 9.849002e+03 1.021251e+04
1.000380e+04 9.992047e+03 9.846414e+03 1.014944e+04
9.776377e+03 9.992011e+03 9.925991e+03 9.842397e+03
1.005136e+04 9.991971e+03 1.005442e+04 9.988913e+03
1.005032e+04 9.991928e+03 1.003761e+04 1.000463e+04
9.884941e+03 9.991881e+03 9.992913e+03 9.883910e+03
1.005302e+04 9.991830e+03 1.001429e+04 1.003056e+04
1.005319e+04 9.991775e+03 1.001054e+04 1.003442e+04
1.019391e+04 9.991715e+03 1.013068e+04 1.005494e+04
1.006911e+04 9.991650e+03 1.015941e+04 9.901355e+03
1.002360e+04 9.991580e+03 1.004124e+04 9.973938e+03
9.854957e+03 9.991490e+03 9.922922e+03 9.923525e+03
9.697278e+03 9.991360e+03 9.860534e+03 9.828105e+03
9.804623e+03 9.991223e+03 9.917571e+03 9.878276e+03
1.002416e+04 9.991115e+03 1.007822e+04 9.937046e+03
1.018541e+04 9.990997e+03 1.007470e+04 1.010170e+04
1.003175e+04 9.990871e+03 9.972878e+03 1.004975e+04
9.736176e+03 9.990736e+03 9.894828e+03 9.832084e+03
9.845195e+03 9.990591e+03 9.867298e+03 9.968489e+03
1.028539e+04 9.990436e+03 9.992198e+03 1.028363e+04
1.022355e+04 9.990270e+03 1.008581e+04 1.012801e+04
1.000287e+04 9.990094e+03 1.001863e+04 9.974327e+03
9.854006e+03 9.989905e+03 9.926605e+03 9.917306e+03
9.839419e+03 9.989705e+03 9.868717e+03 9.960407e+03
9.963175e+03 9.989492e+03 9.842469e+03 1.011020e+04
9.917607e+03 9.989265e+03 9.834836e+03 1.007204e+04
9.810660e+03 9.989026e+03 9.898109e+03 9.901577e+03
1.003724e+04 9.988772e+03 1.005399e+04 9.972029e+03
1.009494e+04 9.988504e+03 1.007557e+04 1.000787e+04
1.005292e+04 9.988221e+03 1.000680e+04 1.003434e+04
1.003607e+04 9.987923e+03 9.996202e+03 1.002779e+04
9.843786e+03 9.987609e+03 9.986578e+03 9.844818e+03
9.963456e+03 9.987279e+03 1.008451e+04 9.866227e+03
1.011468e+04 9.986932e+03 1.009041e+04 1.001121e+04
1.006322e+04 9.986568e+03 9.992346e+03 1.005745e+04
9.851937e+03 9.986187e+03 9.987229e+03 9.850894e+03
1.021860e+04 9.985788e+03 9.977835e+03 1.022655e+04
1.014115e+04 9.985371e+03 9.915200e+03 1.021132e+04
1.002123e+04 9.984935e+03 9.949118e+03 1.005705e+04
1.014692e+04 9.984480e+03 1.004520e+04 1.008620e+04
9.987252e+03 9.984007e+03 1.003091e+04 9.940346e+03
1.003588e+04 9.983513e+03 1.001294e+04 1.000645e+04
9.897148e+03 9.983000e+03 9.975742e+03 9.904407e+03
1.019700e+04 9.982467e+03 1.006356e+04 1.011591e+04
1.023512e+04 9.981914e+03 1.010335e+04 1.011369e+04
1.002575e+04 9.981340e+03 1.000198e+04 1.000511e+04
9.897034e+03 9.980745e+03 9.910788e+03 9.966991e+03
9.863172e+03 9.980129e+03 9.966293e+03 9.877007e+03
1.005839e+04 9.979492e+03 9.974190e+03 1.006370e+04
1.003174e+04 9.978833e+03 9.922859e+03 1.008771e+04
9.897056e+03 9.978153e+03 1.002436e+04 9.850846e+03
1.012424e+04 9.977451e+03 1.011980e+04 9.981892e+03
1.002533e+04 9.976726e+03 1.003516e+04 9.966890e+03
9.902813e+03 9.975980e+03 9.989260e+03 9.889533e+03
9.948113e+03 9.975211e+03 9.976875e+03 9.946450e+03
9.844601e+03 9.974420e+03 9.906798e+03 9.912222e+03
9.822664e+03 9.973605e+03 9.843745e+03 9.952524e+03
9.900713e+03 9.972768e+03 9.915174e+03 9.958307e+03
1.000192e+04 9.971908e+03 1.003187e+04 9.941963e+03
9.847527e+03 9.971023e+03 9.988630e+03 9.829920e+03
9.910838e+03 9.970115e+03 9.896576e+03 9.984377e+03
9.821627e+03 9.969183e+03 9.833576e+03 9.957235e+03
9.701615e+03 9.968227e+03 9.831066e+03 9.838777e+03
1.010347e+04 9.967246e+03 1.000163e+04 1.006909e+04
9.981196e+03 9.967880e+03 1.010034e+04 9.848734e+03
1.004353e+04 1.007985e+04 1.012523e+04 9.998146e+03
1.004839e+04 1.022523e+04 1.015527e+04 1.011835e+04
1.028396e+04 1.017368e+04 1.009829e+04 1.035936e+04
1.007074e+04 1.006228e+04 1.012899e+04 1.000403e+04
1.006730e+04 9.988503e+03 1.005498e+04 1.000082e+04
9.790624e+03 9.951036e+03 9.914429e+03 9.827231e+03
9.786578e+03 9.936104e+03 9.818944e+03 9.903738e+03
9.906814e+03 9.934622e+03 9.881729e+03 9.959707e+03
1.009435e+04 9.939086e+03 9.987938e+03 1.004550e+04
1.008716e+04 9.944177e+03 9.976295e+03 1.005504e+04
9.958050e+03 9.947688e+03 1.001329e+04 9.892448e+03
9.991036e+03 9.949316e+03 9.987125e+03 9.953226e+03
1.008040e+04 9.949413e+03 1.003057e+04 9.999243e+03
1.003328e+04 9.948672e+03 1.003332e+04 9.948633e+03
9.960278e+03 9.947471e+03 9.994352e+03 9.913397e+03
9.974807e+03 9.946054e+03 1.000240e+04 9.918464e+03
9.959431e+03 9.944525e+03 9.988139e+03 9.915816e+03
1.014903e+04 9.942929e+03 1.008898e+04 1.000298e+04
1.011931e+04 9.941265e+03 1.006664e+04 9.993942e+03
9.932095e+03 9.939785e+03 9.929782e+03 9.942097e+03
9.844782e+03 1.001852e+04 9.899285e+03 9.964021e+03
1.007096e+04 1.018683e+04 1.001232e+04 1.024547e+04
1.000810e+04 1.016236e+04 9.970145e+03 1.020032e+04
