0.2 7.707918e+03 7.720088e+03 7.724975e+03 7.712805e+03
1.2 7.711791e+03 7.717859e+03 7.722073e+03 7.716005e+03
2.2 7.722000e+03 7.709910e+03 7.711991e+03 7.724081e+03
3.2 7.747445e+03 7.710629e+03 7.711214e+03 7.748031e+03
4.2 7.760304e+03 7.715978e+03 7.717074e+03 7.761400e+03
5.2 7.729078e+03 7.716583e+03 7.722007e+03 7.734502e+03
6.2 7.744256e+03 7.718777e+03 7.724725e+03 7.750203e+03
7.2 7.751387e+03 7.722303e+03 7.725829e+03 7.754913e+03
8.2 7.721151e+03 7.729909e+03 7.726029e+03 7.717272e+03
9.2 7.721560e+03 7.761326e+03 7.725763e+03 7.685996e+03
10.2 7.766293e+03 7.769058e+03 7.725371e+03 7.722606e+03
11.2 7.767181e+03 7.749244e+03 7.725029e+03 7.742966e+03
12.2 7.691259e+03 7.731687e+03 7.724807e+03 7.684379e+03
13.2 7.730772e+03 7.723217e+03 7.724675e+03 7.732231e+03
14.2 7.697689e+03 7.720279e+03 7.724605e+03 7.702016e+03
15.2 7.731117e+03 7.719889e+03 7.724567e+03 7.735795e+03
16.2 7.735673e+03 7.720769e+03 7.724543e+03 7.739447e+03
17.2 7.739355e+03 7.721886e+03 7.724527e+03 7.741996e+03
0.4 7.735585e+03 7.722616e+03 7.725181e+03 7.738150e+03
1.4 7.765919e+03 7.719168e+03 7.721180e+03 7.767931e+03
2.4 7.752983e+03 7.709888e+03 7.711521e+03 7.754616e+03
3.4 7.726764e+03 7.709821e+03 7.712044e+03 7.728988e+03
4.4 7.695870e+03 7.713336e+03 7.718224e+03 7.700758e+03
5.4 7.749513e+03 7.717711e+03 7.722907e+03 7.754708e+03
6.4 7.743867e+03 7.720355e+03 7.723994e+03 7.747507e+03
7.4 7.660604e+03 7.712821e+03 7.715158e+03 7.662940e+03
8.4 7.679317e+03 7.710015e+03 7.712121e+03 7.681423e+03
9.4 7.700221e+03 7.708194e+03 7.717313e+03 7.709339e+03
10.4 7.679729e+03 7.707667e+03 7.722353e+03 7.694416e+03
11.4 7.714664e+03 7.724886e+03 7.725212e+03 7.714990e+03
12.4 7.774750e+03 7.761506e+03 7.726404e+03 7.739647e+03
13.4 7.789061e+03 7.765094e+03 7.726676e+03 7.750643e+03
14.4 7.779598e+03 7.745919e+03 7.726449e+03 7.760128e+03
15.4 7.756568e+03 7.720683e+03 7.726063e+03 7.761949e+03
16.4 7.684540e+03 7.706935e+03 7.725709e+03 7.703314e+03
17.4 7.731572e+03 7.729806e+03 7.725473e+03 7.727239e+03
1.0 7.743867e+03 7.720355e+03 7.723994e+03 7.747507e+03
2.0 7.660604e+03 7.712821e+03 7.715158e+03 7.662940e+03
3.0 7.679317e+03 7.710015e+03 7.712121e+03 7.681423e+03
4.0 7.700221e+03 7.708194e+03 7.717313e+03 7.709339e+03
5.0 7.679729e+03 7.707667e+03 7.722353e+03 7.694416e+03
6.0 7.714664e+03 7.724886e+03 7.725212e+03 7.714990e+03
7.0 7.774750e+03 7.761506e+03 7.726404e+03 7.739647e+03
8.0 7.789061e+03 7.765094e+03 7.726676e+03 7.750643e+03
9.0 7.779598e+03 7.745919e+03 7.726449e+03 7.760128e+03
10.0 7.756568e+03 7.720683e+03 7.726063e+03 7.761949e+03
11.0 7.684540e+03 7.706935e+03 7.725709e+03 7.703314e+03
12.0 7.731572e+03 7.729806e+03 7.725473e+03 7.727239e+03
13.0 7.774123e+03 7.759392e+03 7.725333e+03 7.740064e+03
14.0 7.753528e+03 7.754504e+03 7.725255e+03 7.724279e+03
15.0 7.760527e+03 7.738944e+03 7.725209e+03 7.746792e+03
16.0 7.719848e+03 7.726321e+03 7.725177e+03 7.718704e+03
17.0 7.682245e+03 7.717874e+03 7.725153e+03 7.689524e+03
18.0 7.714289e+03 7.715794e+03 7.725128e+03 7.723623e+03
0.3 7.714289e+03 7.715794e+03 7.725128e+03 7.723623e+03
1.3 7.715820e+03 7.713873e+03 7.721567e+03 7.723514e+03
2.3 7.675215e+03 7.706158e+03 7.711675e+03 7.680732e+03
3.3 7.669606e+03 7.707961e+03 7.711748e+03 7.673394e+03
4.3 7.699286e+03 7.713355e+03 7.717718e+03 7.703650e+03
5.3 7.711363e+03 7.708572e+03 7.722482e+03 7.725273e+03
6.3 7.686616e+03 7.706335e+03 7.725057e+03 7.705338e+03
7.3 7.680191e+03 7.713131e+03 7.726078e+03 7.693138e+03
8.3 7.698898e+03 7.725461e+03 7.726232e+03 7.699669e+03
9.3 7.715762e+03 7.731904e+03 7.725947e+03 7.709806e+03
10.3 7.735182e+03 7.724334e+03 7.725552e+03 7.736401e+03
11.3 7.735099e+03 7.709912e+03 7.725213e+03 7.750399e+03
12.3 7.703577e+03 7.708515e+03 7.724991e+03 7.720053e+03
13.3 7.722100e+03 7.717299e+03 7.724855e+03 7.729657e+03
14.3 7.689030e+03 7.728114e+03 7.724777e+03 7.685693e+03
15.3 7.700577e+03 7.730250e+03 7.724728e+03 7.695055e+03
16.3 7.672102e+03 7.727661e+03 7.724691e+03 7.669132e+03
17.3 7.723388e+03 7.725102e+03 7.724659e+03 7.722945e+03
0.6 7.686054e+03 7.717598e+03 7.724223e+03 7.692679e+03
1.6 7.725426e+03 7.714473e+03 7.718131e+03 7.729084e+03
2.6 7.717487e+03 7.709015e+03 7.709759e+03 7.718232e+03
3.6 7.731571e+03 7.713050e+03 7.712170e+03 7.730692e+03
4.6 7.709462e+03 7.719936e+03 7.718377e+03 7.707903e+03
5.6 7.722743e+03 7.724284e+03 7.722565e+03 7.721024e+03
6.6 7.742959e+03 7.723839e+03 7.724711e+03 7.743831e+03
7.6 7.707140e+03 7.717213e+03 7.725491e+03 7.715419e+03
8.6 7.713639e+03 7.716336e+03 7.725524e+03 7.722827e+03
9.6 7.707165e+03 7.716103e+03 7.725204e+03 7.716266e+03
10.6 7.710076e+03 7.698512e+03 7.724835e+03 7.736399e+03
11.6 7.698785e+03 7.696398e+03 7.724543e+03 7.726931e+03
12.6 7.666658e+03 7.708471e+03 7.724366e+03 7.682553e+03
13.6 7.658781e+03 7.713170e+03 7.724268e+03 7.669879e+03
14.6 7.670258e+03 7.713924e+03 7.724215e+03 7.680548e+03
15.6 7.674098e+03 7.719310e+03 7.724184e+03 7.678972e+03
16.6 7.712506e+03 7.725239e+03 7.724163e+03 7.711430e+03
17.6 7.687805e+03 7.733118e+03 7.724147e+03 7.678833e+03
