0.2 9.484591e+03 9.509918e+03 9.507784e+03 9.482457e+03
1.2 9.496683e+03 9.498975e+03 9.511206e+03 9.508914e+03
2.2 9.528581e+03 9.504659e+03 9.524778e+03 9.548700e+03
3.2 9.516094e+03 9.503396e+03 9.526055e+03 9.538753e+03
4.2 9.520052e+03 9.495927e+03 9.518091e+03 9.542215e+03
5.2 9.516556e+03 9.491200e+03 9.511145e+03 9.536501e+03
6.2 9.516315e+03 9.492432e+03 9.507445e+03 9.531329e+03
7.2 9.514547e+03 9.495922e+03 9.505811e+03 9.524437e+03
8.2 9.544032e+03 9.519035e+03 9.505409e+03 9.530405e+03
9.2 9.547840e+03 9.528309e+03 9.505648e+03 9.525179e+03
10.2 9.497024e+03 9.514916e+03 9.506076e+03 9.488184e+03
11.2 9.490070e+03 9.500824e+03 9.506415e+03 9.495661e+03
12.2 9.482279e+03 9.492673e+03 9.506607e+03 9.496213e+03
13.2 9.465353e+03 9.489016e+03 9.506677e+03 9.483014e+03
14.2 9.478658e+03 9.488451e+03 9.506665e+03 9.496871e+03
15.2 9.494332e+03 9.506286e+03 9.506610e+03 9.494656e+03
16.2 9.530509e+03 9.529229e+03 9.506534e+03 9.507813e+03
17.2 9.497146e+03 9.523220e+03 9.506447e+03 9.480373e+03
0.2 9.473986e+03 9.496191e+03 9.506262e+03 9.484058e+03
1.2 9.479077e+03 9.494889e+03 9.510444e+03 9.494631e+03
2.2 9.502977e+03 9.512150e+03 9.529618e+03 9.520445e+03
3.2 9.532035e+03 9.515797e+03 9.533128e+03 9.549367e+03
4.2 9.541582e+03 9.513861e+03 9.521881e+03 9.549603e+03
5.2 9.509396e+03 9.515585e+03 9.511823e+03 9.505634e+03
6.2 9.506493e+03 9.507091e+03 9.506066e+03 9.505468e+03
7.2 9.503546e+03 9.509203e+03 9.503560e+03 9.497903e+03
8.2 9.503670e+03 9.526483e+03 9.502879e+03 9.480065e+03
9.2 9.504175e+03 9.521025e+03 9.503171e+03 9.486321e+03
10.2 9.526667e+03 9.509241e+03 9.503753e+03 9.521179e+03
11.2 9.531899e+03 9.500511e+03 9.504262e+03 9.535651e+03
12.2 9.507508e+03 9.493534e+03 9.504545e+03 9.518519e+03
13.2 9.486641e+03 9.489432e+03 9.504646e+03 9.501854e+03
14.2 9.478539e+03 9.489435e+03 9.504631e+03 9.493735e+03
15.2 9.500486e+03 9.502599e+03 9.504550e+03 9.502437e+03
16.2 9.537491e+03 9.508571e+03 9.504440e+03 9.533361e+03
17.2 9.524557e+03 9.502330e+03 9.504317e+03 9.526544e+03
1.0 9.517656e+03 9.495775e+03 9.505614e+03 9.527496e+03
2.0 9.520839e+03 9.519397e+03 9.532226e+03 9.533668e+03
3.0 9.564589e+03 9.539126e+03 9.553559e+03 9.579022e+03
4.0 9.558757e+03 9.531955e+03 9.540412e+03 9.567214e+03
5.0 9.533623e+03 9.524034e+03 9.520024e+03 9.529613e+03
6.0 9.530233e+03 9.509111e+03 9.506495e+03 9.527616e+03
7.0 9.494587e+03 9.505079e+03 9.500069e+03 9.489577e+03
8.0 9.495059e+03 9.518972e+03 9.497774e+03 9.473860e+03
9.0 9.516715e+03 9.514170e+03 9.497830e+03 9.500375e+03
10.0 9.503436e+03 9.500158e+03 9.498861e+03 9.502139e+03
11.0 9.492952e+03 9.494334e+03 9.499992e+03 9.498609e+03
12.0 9.508426e+03 9.499697e+03 9.500770e+03 9.509500e+03
13.0 9.518113e+03 9.506634e+03 9.501195e+03 9.512673e+03
14.0 9.539181e+03 9.530301e+03 9.501372e+03 9.510252e+03
15.0 9.540375e+03 9.529408e+03 9.501401e+03 9.512368e+03
16.0 9.534315e+03 9.511522e+03 9.501365e+03 9.524158e+03
17.0 9.526414e+03 9.506010e+03 9.501303e+03 9.521706e+03
18.0 9.499667e+03 9.502537e+03 9.502624e+03 9.499755e+03
0.9 9.499667e+03 9.502537e+03 9.502624e+03 9.499755e+03
1.9 9.520129e+03 9.515928e+03 9.524643e+03 9.528844e+03
2.9 9.526695e+03 9.527074e+03 9.541524e+03 9.541145e+03
3.9 9.514364e+03 9.515023e+03 9.530507e+03 9.529848e+03
4.9 9.474702e+03 9.501968e+03 9.514405e+03 9.487138e+03
5.9 9.447020e+03 9.492305e+03 9.504118e+03 9.458833e+03
6.9 9.450058e+03 9.491357e+03 9.504346e+03 9.463047e+03
7.9 9.485745e+03 9.520999e+03 9.534884e+03 9.499630e+03
8.9 9.511518e+03 9.538170e+03 9.552410e+03 9.525758e+03
9.9 9.509716e+03 9.524041e+03 9.536185e+03 9.521860e+03
10.9 9.492483e+03 9.506171e+03 9.515814e+03 9.502125e+03
11.9 9.500157e+03 9.492541e+03 9.503142e+03 9.510758e+03
12.9 9.484406e+03 9.485234e+03 9.497471e+03 9.496643e+03
13.9 9.487693e+03 9.498956e+03 9.495787e+03 9.484524e+03
14.9 9.521065e+03 9.529309e+03 9.496350e+03 9.488106e+03
15.9 9.553157e+03 9.527297e+03 9.497740e+03 9.523601e+03
16.9 9.512435e+03 9.511189e+03 9.499126e+03 9.500371e+03
17.9 9.511134e+03 9.506320e+03 9.500094e+03 9.504909e+03
0.2 9.447020e+03 9.492305e+03 9.504118e+03 9.458833e+03
1.2 9.450058e+03 9.491357e+03 9.504346e+03 9.463047e+03
2.2 9.485745e+03 9.520999e+03 9.534884e+03 9.499630e+03
3.2 9.511518e+03 9.538170e+03 9.552410e+03 9.525758e+03
4.2 9.509716e+03 9.524041e+03 9.536185e+03 9.521860e+03
5.2 9.492483e+03 9.506171e+03 9.515814e+03 9.502125e+03
6.2 9.500157e+03 9.492541e+03 9.503142e+03 9.510758e+03
7.2 9.484406e+03 9.485234e+03 9.497471e+03 9.496643e+03
8.2 9.487693e+03 9.498956e+03 9.495787e+03 9.484524e+03
9.2 9.521065e+03 9.529309e+03 9.496350e+03 9.488106e+03
10.2 9.553157e+03 9.527297e+03 9.497740e+03 9.523601e+03
11.2 9.512435e+03 9.511189e+03 9.499126e+03 9.500371e+03
12.2 9.511134e+03 9.506320e+03 9.500094e+03 9.504909e+03
13.2 9.487666e+03 9.498391e+03 9.500694e+03 9.489968e+03
14.2 9.473786e+03 9.494247e+03 9.505897e+03 9.485436e+03
15.2 9.522429e+03 9.519522e+03 9.536510e+03 9.539418e+03
16.2 9.540555e+03 9.532909e+03 9.551656e+03 9.559302e+03
17.2 9.526341e+03 9.517535e+03 9.535387e+03 9.544192e+03
0.2 9.487666e+03 9.498391e+03 9.500694e+03 9.489968e+03
1.2 9.473786e+03 9.494247e+03 9.505897e+03 9.485436e+03
2.2 9.522429e+03 9.519522e+03 9.536510e+03 9.539418e+03
3.2 9.540555e+03 9.532909e+03 9.551656e+03 9.559302e+03
4.2 9.526341e+03 9.517535e+03 9.535387e+03 9.544192e+03
5.2 9.492757e+03 9.510539e+03 9.515673e+03 9.497891e+03
6.2 9.491023e+03 9.506807e+03 9.504653e+03 9.488870e+03
7.2 9.486005e+03 9.514207e+03 9.517620e+03 9.489418e+03
8.2 9.532488e+03 9.538502e+03 9.549301e+03 9.543287e+03
9.2 9.555981e+03 9.531244e+03 9.546469e+03 9.571206e+03
10.2 9.518116e+03 9.513494e+03 9.524984e+03 9.529606e+03
11.2 9.488028e+03 9.509113e+03 9.508979e+03 9.487894e+03
12.2 9.489807e+03 9.499568e+03 9.500782e+03 9.491021e+03
13.2 9.483917e+03 9.488547e+03 9.497623e+03 9.492993e+03
14.2 9.516262e+03 9.482722e+03 9.497487e+03 9.531027e+03
15.2 9.541967e+03 9.491718e+03 9.498777e+03 9.549026e+03
16.2 9.527138e+03 9.522351e+03 9.500331e+03 9.505119e+03
17.2 9.523161e+03 9.526450e+03 9.501600e+03 9.498311e+03
0.8 9.491023e+03 9.506807e+03 9.504653e+03 9.488870e+03
1.8 9.486005e+03 9.514207e+03 9.517620e+03 9.489418e+03
2.8 9.532488e+03 9.538502e+03 9.549301e+03 9.543287e+03
3.8 9.555981e+03 9.531244e+03 9.546469e+03 9.571206e+03
4.8 9.518116e+03 9.513494e+03 9.524984e+03 9.529606e+03
5.8 9.488028e+03 9.509113e+03 9.508979e+03 9.487894e+03
6.8 9.489807e+03 9.499568e+03 9.500782e+03 9.491021e+03
7.8 9.483917e+03 9.488547e+03 9.497623e+03 9.492993e+03
8.8 9.516262e+03 9.482722e+03 9.497487e+03 9.531027e+03
9.8 9.541967e+03 9.491718e+03 9.498777e+03 9.549026e+03
10.8 9.527138e+03 9.522351e+03 9.500331e+03 9.505119e+03
11.8 9.523161e+03 9.526450e+03 9.501600e+03 9.498311e+03
12.8 9.508120e+03 9.521838e+03 9.502465e+03 9.488747e+03
13.8 9.462468e+03 9.514667e+03 9.502978e+03 9.450779e+03
14.8 9.459701e+03 9.499578e+03 9.503294e+03 9.463416e+03
15.8 9.460176e+03 9.489109e+03 9.503504e+03 9.474571e+03
16.8 9.492487e+03 9.503645e+03 9.503668e+03 9.492509e+03
17.8 9.534125e+03 9.517069e+03 9.503811e+03 9.520867e+03
1.0 9.497314e+03 9.478540e+03 9.507536e+03 9.526310e+03
2.0 9.509799e+03 9.502069e+03 9.531216e+03 9.538946e+03
3.0 9.538417e+03 9.522959e+03 9.550845e+03 9.566303e+03
4.0 9.526558e+03 9.512836e+03 9.539272e+03 9.552994e+03
5.0 9.522681e+03 9.495804e+03 9.520885e+03 9.547762e+03
6.0 9.482473e+03 9.487848e+03 9.509381e+03 9.504005e+03
7.0 9.491118e+03 9.484759e+03 9.503784e+03 9.510143e+03
8.0 9.544114e+03 9.505497e+03 9.501816e+03 9.540432e+03
9.0 9.602841e+03 9.555044e+03 9.501961e+03 9.549758e+03
10.0 9.526713e+03 9.560719e+03 9.502979e+03 9.468973e+03
11.0 9.530071e+03 9.527869e+03 9.504020e+03 9.506222e+03
12.0 9.476366e+03 9.502317e+03 9.504766e+03 9.478815e+03
13.0 9.493900e+03 9.520108e+03 9.505197e+03 9.478990e+03
14.0 9.496859e+03 9.538420e+03 9.505384e+03 9.463823e+03
15.0 9.518213e+03 9.526150e+03 9.505435e+03 9.497498e+03
16.0 9.518827e+03 9.510252e+03 9.505412e+03 9.513986e+03
17.0 9.480886e+03 9.493272e+03 9.505354e+03 9.492968e+03
18.0 9.460564e+03 9.480635e+03 9.505279e+03 9.485209e+03
0.7 9.476906e+03 9.486100e+03 9.502276e+03 9.493082e+03
1.7 9.481030e+03 9.491323e+03 9.517407e+03 9.507113e+03
2.7 9.522329e+03 9.513190e+03 9.542808e+03 9.551947e+03
3.7 9.537346e+03 9.508172e+03 9.537773e+03 9.566946e+03
4.7 9.505122e+03 9.496678e+03 9.519701e+03 9.528146e+03
5.7 9.531713e+03 9.498515e+03 9.506775e+03 9.539973e+03
6.7 9.493018e+03 9.498594e+03 9.500021e+03 9.494446e+03
7.7 9.562417e+03 9.526843e+03 9.497219e+03 9.532792e+03
8.7 9.541940e+03 9.538976e+03 9.496810e+03 9.499774e+03
9.7 9.513985e+03 9.529620e+03 9.497512e+03 9.481877e+03
10.7 9.505074e+03 9.521893e+03 9.498467e+03 9.481648e+03
11.7 9.497312e+03 9.513435e+03 9.509999e+03 9.493876e+03
12.7 9.506577e+03 9.529425e+03 9.544702e+03 9.521854e+03
13.7 9.524255e+03 9.524958e+03 9.549757e+03 9.549053e+03
14.7 9.498392e+03 9.501943e+03 9.529033e+03 9.525482e+03
15.7 9.494013e+03 9.487180e+03 9.510579e+03 9.517413e+03
16.7 9.465631e+03 9.481581e+03 9.502700e+03 9.486751e+03
17.7 9.466956e+03 9.504845e+03 9.525926e+03 9.488037e+03
0.5 9.505074e+03 9.521893e+03 9.498467e+03 9.481648e+03
1.5 9.497312e+03 9.513435e+03 9.509999e+03 9.493876e+03
2.5 9.506577e+03 9.529425e+03 9.544702e+03 9.521854e+03
3.5 9.524255e+03 9.524958e+03 9.549757e+03 9.549053e+03
4.5 9.498392e+03 9.501943e+03 9.529033e+03 9.525482e+03
5.5 9.494013e+03 9.487180e+03 9.510579e+03 9.517413e+03
6.5 9.465631e+03 9.481581e+03 9.502700e+03 9.486751e+03
7.5 9.466956e+03 9.504845e+03 9.525926e+03 9.488037e+03
8.5 9.481758e+03 9.525097e+03 9.546327e+03 9.502987e+03
9.5 9.504821e+03 9.514020e+03 9.533521e+03 9.524322e+03
10.5 9.520730e+03 9.497806e+03 9.514116e+03 9.537040e+03
11.5 9.483116e+03 9.493744e+03 9.501830e+03 9.491201e+03
12.5 9.555974e+03 9.525537e+03 9.495948e+03 9.526385e+03
13.5 9.588440e+03 9.534301e+03 9.494158e+03 9.548297e+03
14.5 9.528935e+03 9.527767e+03 9.494562e+03 9.495729e+03
15.5 9.487005e+03 9.520666e+03 9.496041e+03 9.462380e+03
16.5 9.551918e+03 9.516081e+03 9.511567e+03 9.547404e+03
17.5 9.521401e+03 9.529063e+03 9.542335e+03 9.534673e+03
0.1 9.494013e+03 9.487180e+03 9.510579e+03 9.517413e+03
1.1 9.465631e+03 9.481581e+03 9.502700e+03 9.486751e+03
2.1 9.466956e+03 9.504845e+03 9.525926e+03 9.488037e+03
3.1 9.481758e+03 9.525097e+03 9.546327e+03 9.502987e+03
4.1 9.504821e+03 9.514020e+03 9.533521e+03 9.524322e+03
5.1 9.520730e+03 9.497806e+03 9.514116e+03 9.537040e+03
6.1 9.483116e+03 9.493744e+03 9.501830e+03 9.491201e+03
7.1 9.555974e+03 9.525537e+03 9.495948e+03 9.526385e+03
8.1 9.588440e+03 9.534301e+03 9.494158e+03 9.548297e+03
9.1 9.528935e+03 9.527767e+03 9.494562e+03 9.495729e+03
10.1 9.487005e+03 9.520666e+03 9.496041e+03 9.462380e+03
11.1 9.551918e+03 9.516081e+03 9.511567e+03 9.547404e+03
12.1 9.521401e+03 9.529063e+03 9.542335e+03 9.534673e+03
13.1 9.495958e+03 9.520442e+03 9.540827e+03 9.516343e+03
14.1 9.518286e+03 9.511575e+03 9.521589e+03 9.528299e+03
15.1 9.520805e+03 9.501482e+03 9.506863e+03 9.526186e+03
16.1 9.483278e+03 9.490119e+03 9.499118e+03 9.492277e+03
17.1 9.507060e+03 9.510499e+03 9.495992e+03 9.492554e+03
0.6 9.487005e+03 9.520666e+03 9.496041e+03 9.462380e+03
1.6 9.551918e+03 9.516081e+03 9.511567e+03 9.547404e+03
2.6 9.521401e+03 9.529063e+03 9.542335e+03 9.534673e+03
3.6 9.495958e+03 9.520442e+03 9.540827e+03 9.516343e+03
4.6 9.518286e+03 9.511575e+03 9.521589e+03 9.528299e+03
5.6 9.520805e+03 9.501482e+03 9.506863e+03 9.526186e+03
6.6 9.483278e+03 9.490119e+03 9.499118e+03 9.492277e+03
7.6 9.507060e+03 9.510499e+03 9.495992e+03 9.492554e+03
8.6 9.512317e+03 9.532925e+03 9.495709e+03 9.475101e+03
9.6 9.542106e+03 9.520914e+03 9.496798e+03 9.517990e+03
10.6 9.505824e+03 9.503942e+03 9.498200e+03 9.500082e+03
11.6 9.516176e+03 9.490805e+03 9.499383e+03 9.524754e+03
12.6 9.469143e+03 9.482410e+03 9.500227e+03 9.486960e+03
