0.9 9.861844e+03 9.862313e+03 9.867588e+03 9.867119e+03
1.9 9.851647e+03 9.887041e+03 9.894129e+03 9.858735e+03
2.9 9.862669e+03 9.901315e+03 9.909762e+03 9.871115e+03
3.9 9.879154e+03 9.886845e+03 9.895861e+03 9.888170e+03
4.9 9.851456e+03 9.869889e+03 9.878813e+03 9.860381e+03
5.9 9.851960e+03 9.862417e+03 9.868415e+03 9.857958e+03
6.9 9.852145e+03 9.859744e+03 9.863409e+03 9.855811e+03
7.9 9.871980e+03 9.857066e+03 9.861863e+03 9.876777e+03
8.9 9.846420e+03 9.855578e+03 9.862168e+03 9.853010e+03
9.9 9.840241e+03 9.855530e+03 9.863185e+03 9.847896e+03
10.9 9.840523e+03 9.856066e+03 9.864197e+03 9.848655e+03
11.9 9.835212e+03 9.856817e+03 9.864932e+03 9.843327e+03
12.9 9.852817e+03 9.860292e+03 9.865347e+03 9.857872e+03
13.9 9.888966e+03 9.864069e+03 9.865564e+03 9.890461e+03
14.9 9.894931e+03 9.871562e+03 9.874175e+03 9.897545e+03
15.9 9.884020e+03 9.898907e+03 9.904054e+03 9.889167e+03
16.9 9.912963e+03 9.899374e+03 9.906288e+03 9.919877e+03
17.9 9.910510e+03 9.881616e+03 9.888816e+03 9.917710e+03
0.2 9.888966e+03 9.864069e+03 9.865564e+03 9.890461e+03
1.2 9.894931e+03 9.871562e+03 9.874175e+03 9.897545e+03
2.2 9.884020e+03 9.898907e+03 9.904054e+03 9.889167e+03
3.2 9.912963e+03 9.899374e+03 9.906288e+03 9.919877e+03
4.2 9.910510e+03 9.881616e+03 9.888816e+03 9.917710e+03
5.2 9.886302e+03 9.871108e+03 9.873819e+03 9.889013e+03
6.2 9.866370e+03 9.866200e+03 9.865957e+03 9.866127e+03
7.2 9.893383e+03 9.860996e+03 9.862612e+03 9.894999e+03
8.2 9.878223e+03 9.865341e+03 9.861951e+03 9.874833e+03
9.2 9.903732e+03 9.870232e+03 9.862684e+03 9.896184e+03
10.2 9.889867e+03 9.869043e+03 9.863826e+03 9.884650e+03
11.2 9.873599e+03 9.868628e+03 9.864775e+03 9.869747e+03
12.2 9.876017e+03 9.865169e+03 9.865405e+03 9.876253e+03
13.2 9.895044e+03 9.860800e+03 9.865772e+03 9.900016e+03
14.2 9.871435e+03 9.858262e+03 9.865961e+03 9.879134e+03
15.2 9.869758e+03 9.857329e+03 9.866065e+03 9.878495e+03
16.2 9.891243e+03 9.857682e+03 9.866129e+03 9.899690e+03
17.2 9.882541e+03 9.862892e+03 9.866176e+03 9.885825e+03
0.4 9.862945e+03 9.868814e+03 9.867043e+03 9.861174e+03
1.4 9.899638e+03 9.875889e+03 9.878996e+03 9.902745e+03
2.4 9.920552e+03 9.900352e+03 9.907747e+03 9.927947e+03
3.4 9.933137e+03 9.897662e+03 9.906262e+03 9.941738e+03
4.4 9.919972e+03 9.883296e+03 9.887979e+03 9.924655e+03
5.4 9.903187e+03 9.870616e+03 9.874138e+03 9.906710e+03
6.4 9.882212e+03 9.860696e+03 9.866724e+03 9.888240e+03
7.4 9.858283e+03 9.855452e+03 9.863806e+03 9.866637e+03
8.4 9.833046e+03 9.856823e+03 9.863385e+03 9.839608e+03
9.4 9.837687e+03 9.862281e+03 9.864228e+03 9.839634e+03
10.4 9.883420e+03 9.862220e+03 9.865353e+03 9.886552e+03
11.4 9.909732e+03 9.865632e+03 9.866299e+03 9.910399e+03
12.4 9.901859e+03 9.879528e+03 9.866901e+03 9.889232e+03
13.4 9.912820e+03 9.878894e+03 9.867248e+03 9.901174e+03
14.4 9.922804e+03 9.873535e+03 9.867443e+03 9.916712e+03
15.4 9.884002e+03 9.868123e+03 9.867555e+03 9.883434e+03
16.4 9.876326e+03 9.856208e+03 9.867634e+03 9.887752e+03
17.4 9.861360e+03 9.845343e+03 9.867699e+03 9.883716e+03
