0.1 1.026896e+04 1.021437e+04 1.028698e+04 1.034158e+04
1.1 1.026869e+04 1.019139e+04 1.029059e+04 1.036790e+04
2.1 1.027979e+04 1.020286e+04 1.031123e+04 1.038816e+04
3.1 1.022281e+04 1.022414e+04 1.031662e+04 1.031529e+04
4.1 1.042776e+04 1.035180e+04 1.030502e+04 1.038098e+04
5.1 1.050086e+04 1.040210e+04 1.029410e+04 1.039286e+04
6.1 1.022719e+04 1.032667e+04 1.028782e+04 1.018834e+04
7.1 1.017810e+04 1.024778e+04 1.028512e+04 1.021544e+04
8.1 1.012281e+04 1.020225e+04 1.028445e+04 1.020502e+04
9.1 9.990320e+03 1.018190e+04 1.028488e+04 1.009330e+04
10.1 1.010941e+04 1.017851e+04 1.028565e+04 1.021654e+04
11.1 1.017776e+04 1.025923e+04 1.028636e+04 1.020489e+04
12.1 1.044080e+04 1.036333e+04 1.028683e+04 1.036430e+04
13.1 1.023308e+04 1.033742e+04 1.028710e+04 1.018276e+04
14.1 9.987632e+03 1.026578e+04 1.028725e+04 1.000910e+04
15.1 1.005730e+04 1.021726e+04 1.028732e+04 1.012735e+04
16.1 1.010762e+04 1.021423e+04 1.028736e+04 1.018075e+04
17.1 1.020646e+04 1.030350e+04 1.028738e+04 1.019034e+04
0.3 1.045180e+04 1.037688e+04 1.028650e+04 1.036141e+04
1.3 1.040611e+04 1.031255e+04 1.029379e+04 1.038735e+04
2.3 1.020161e+04 1.024867e+04 1.031416e+04 1.026709e+04
3.3 1.007801e+04 1.019941e+04 1.031419e+04 1.019279e+04
4.3 1.001841e+04 1.019270e+04 1.030156e+04 1.012727e+04
5.3 1.018626e+04 1.034258e+04 1.029167e+04 1.013536e+04
6.3 1.036132e+04 1.042974e+04 1.028659e+04 1.021817e+04
7.3 1.029911e+04 1.036060e+04 1.029858e+04 1.023708e+04
8.3 1.020464e+04 1.027295e+04 1.031409e+04 1.024578e+04
9.3 1.019765e+04 1.020244e+04 1.030807e+04 1.030328e+04
10.3 1.012481e+04 1.016309e+04 1.029642e+04 1.025815e+04
11.3 1.018681e+04 1.023938e+04 1.028864e+04 1.023607e+04
12.3 1.032858e+04 1.040770e+04 1.028502e+04 1.020590e+04
13.3 1.054006e+04 1.039584e+04 1.028378e+04 1.042800e+04
14.3 1.030988e+04 1.030993e+04 1.028392e+04 1.028387e+04
15.3 1.022501e+04 1.029433e+04 1.028464e+04 1.021532e+04
16.3 1.025208e+04 1.025010e+04 1.028544e+04 1.028742e+04
17.3 1.011606e+04 1.021777e+04 1.028603e+04 1.018432e+04
0.6 1.036132e+04 1.042974e+04 1.028659e+04 1.021817e+04
1.6 1.029911e+04 1.036060e+04 1.029858e+04 1.023708e+04
2.6 1.020464e+04 1.027295e+04 1.031409e+04 1.024578e+04
3.6 1.019765e+04 1.020244e+04 1.030807e+04 1.030328e+04
4.6 1.012481e+04 1.016309e+04 1.029642e+04 1.025815e+04
5.6 1.018681e+04 1.023938e+04 1.028864e+04 1.023607e+04
6.6 1.032858e+04 1.040770e+04 1.028502e+04 1.020590e+04
7.6 1.054006e+04 1.039584e+04 1.028378e+04 1.042800e+04
8.6 1.030988e+04 1.030993e+04 1.028392e+04 1.028387e+04
9.6 1.022501e+04 1.029433e+04 1.028464e+04 1.021532e+04
10.6 1.025208e+04 1.025010e+04 1.028544e+04 1.028742e+04
11.6 1.011606e+04 1.021777e+04 1.028603e+04 1.018432e+04
12.6 1.026591e+04 1.033867e+04 1.028640e+04 1.021364e+04
13.6 1.047278e+04 1.040322e+04 1.028661e+04 1.035617e+04
14.6 1.038985e+04 1.032340e+04 1.028672e+04 1.035316e+04
15.6 1.024835e+04 1.028113e+04 1.028678e+04 1.025400e+04
16.6 1.028805e+04 1.025919e+04 1.028683e+04 1.031570e+04
17.6 1.024943e+04 1.030137e+04 1.028687e+04 1.023494e+04
0.9 1.030178e+04 1.022530e+04 1.028886e+04 1.036533e+04
1.9 1.020996e+04 1.018822e+04 1.030754e+04 1.032928e+04
2.9 1.024454e+04 1.017407e+04 1.031782e+04 1.038829e+04
3.9 1.026900e+04 1.026301e+04 1.030789e+04 1.031388e+04
4.9 1.028732e+04 1.048194e+04 1.029613e+04 1.010151e+04
5.9 1.038776e+04 1.050592e+04 1.028890e+04 1.017074e+04
6.9 1.034865e+04 1.035826e+04 1.028561e+04 1.027601e+04
7.9 1.010186e+04 1.024852e+04 1.028458e+04 1.013792e+04
8.9 1.026794e+04 1.036627e+04 1.028481e+04 1.018648e+04
9.9 1.020084e+04 1.047622e+04 1.028551e+04 1.001014e+04
10.9 1.030258e+04 1.041706e+04 1.028622e+04 1.017174e+04
11.9 1.037137e+04 1.033723e+04 1.028670e+04 1.032083e+04
12.9 1.026789e+04 1.023770e+04 1.028696e+04 1.031716e+04
13.9 1.015482e+04 1.015810e+04 1.028709e+04 1.028381e+04
14.9 1.002125e+04 1.012007e+04 1.028713e+04 1.018831e+04
15.9 1.010471e+04 1.017039e+04 1.028713e+04 1.022145e+04
16.9 1.027505e+04 1.034901e+04 1.028712e+04 1.021316e+04
17.9 1.032145e+04 1.037687e+04 1.028710e+04 1.023169e+04
0.2 1.037787e+04 1.037697e+04 1.028558e+04 1.028648e+04
1.2 1.028488e+04 1.026710e+04 1.029020e+04 1.030798e+04
2.2 1.026259e+04 1.019763e+04 1.031098e+04 1.037594e+04
3.2 1.011530e+04 1.016904e+04 1.031447e+04 1.026073e+04
4.2 1.022088e+04 1.028356e+04 1.030238e+04 1.023970e+04
5.2 1.025195e+04 1.038320e+04 1.029177e+04 1.016052e+04
6.2 1.028340e+04 1.032665e+04 1.029615e+04 1.025289e+04
7.2 1.032625e+04 1.024680e+04 1.031242e+04 1.039187e+04
8.2 1.022626e+04 1.022003e+04 1.030870e+04 1.031493e+04
9.2 1.048629e+04 1.035553e+04 1.029629e+04 1.042705e+04
10.2 1.062747e+04 1.039091e+04 1.028787e+04 1.052443e+04
11.2 1.045630e+04 1.034410e+04 1.028374e+04 1.039593e+04
12.2 1.012716e+04 1.029875e+04 1.028234e+04 1.011075e+04
13.2 1.053259e+04 1.029584e+04 1.028239e+04 1.051914e+04
14.2 1.039134e+04 1.038615e+04 1.028313e+04 1.028832e+04
15.2 1.036867e+04 1.035504e+04 1.028395e+04 1.029757e+04
16.2 1.024277e+04 1.030825e+04 1.028461e+04 1.021913e+04
17.2 1.027103e+04 1.025571e+04 1.028503e+04 1.030034e+04
0.5 1.025195e+04 1.038320e+04 1.029177e+04 1.016052e+04
1.5 1.028340e+04 1.032665e+04 1.029615e+04 1.025289e+04
2.5 1.032625e+04 1.024680e+04 1.031242e+04 1.039187e+04
3.5 1.022626e+04 1.022003e+04 1.030870e+04 1.031493e+04
4.5 1.048629e+04 1.035553e+04 1.029629e+04 1.042705e+04
5.5 1.062747e+04 1.039091e+04 1.028787e+04 1.052443e+04
6.5 1.045630e+04 1.034410e+04 1.028374e+04 1.039593e+04
7.5 1.012716e+04 1.029875e+04 1.028234e+04 1.011075e+04
8.5 1.053259e+04 1.029584e+04 1.028239e+04 1.051914e+04
9.5 1.039134e+04 1.038615e+04 1.028313e+04 1.028832e+04
10.5 1.036867e+04 1.035504e+04 1.028395e+04 1.029757e+04
11.5 1.024277e+04 1.030825e+04 1.028461e+04 1.021913e+04
12.5 1.027103e+04 1.025571e+04 1.028503e+04 1.030034e+04
13.5 1.009782e+04 1.019990e+04 1.028527e+04 1.018319e+04
14.5 1.024088e+04 1.028865e+04 1.028543e+04 1.023765e+04
15.5 1.033202e+04 1.038837e+04 1.028554e+04 1.022919e+04
16.5 1.033631e+04 1.033735e+04 1.028563e+04 1.028460e+04
17.5 1.022638e+04 1.026881e+04 1.028573e+04 1.024330e+04
