0.9 1.149986e+04 1.153213e+04 1.157027e+04 1.153799e+04
1.9 1.154286e+04 1.153519e+04 1.155244e+04 1.156011e+04
2.9 1.158585e+04 1.154217e+04 1.154194e+04 1.158562e+04
3.9 1.152916e+04 1.156125e+04 1.155128e+04 1.151918e+04
4.9 1.152299e+04 1.157528e+04 1.156273e+04 1.151044e+04
5.9 1.156487e+04 1.156040e+04 1.156972e+04 1.157418e+04
6.9 1.149133e+04 1.154602e+04 1.157308e+04 1.151839e+04
7.9 1.158005e+04 1.155731e+04 1.157412e+04 1.159686e+04
8.9 1.154190e+04 1.157258e+04 1.157391e+04 1.154324e+04
9.9 1.154359e+04 1.158130e+04 1.157323e+04 1.153553e+04
10.9 1.157957e+04 1.158509e+04 1.157255e+04 1.156704e+04
11.9 1.161436e+04 1.158496e+04 1.157206e+04 1.160145e+04
12.9 1.153753e+04 1.156010e+04 1.157178e+04 1.154920e+04
13.9 1.150054e+04 1.153126e+04 1.157163e+04 1.154092e+04
14.9 1.150912e+04 1.153507e+04 1.156585e+04 1.153990e+04
15.9 1.151488e+04 1.153612e+04 1.154577e+04 1.152452e+04
16.9 1.151451e+04 1.154944e+04 1.154427e+04 1.150934e+04
17.9 1.155785e+04 1.156751e+04 1.155601e+04 1.154635e+04
0.2 1.150054e+04 1.153126e+04 1.157163e+04 1.154092e+04
1.2 1.150912e+04 1.153507e+04 1.156585e+04 1.153990e+04
2.2 1.151488e+04 1.153612e+04 1.154577e+04 1.152452e+04
3.2 1.151451e+04 1.154944e+04 1.154427e+04 1.150934e+04
4.2 1.155785e+04 1.156751e+04 1.155601e+04 1.154635e+04
5.2 1.159092e+04 1.157293e+04 1.156609e+04 1.158407e+04
6.2 1.152580e+04 1.157373e+04 1.157137e+04 1.152344e+04
7.2 1.157127e+04 1.157884e+04 1.157362e+04 1.156604e+04
8.2 1.161692e+04 1.159171e+04 1.157406e+04 1.159927e+04
9.2 1.160947e+04 1.159965e+04 1.157357e+04 1.158339e+04
10.2 1.157230e+04 1.159129e+04 1.157280e+04 1.155382e+04
11.2 1.153758e+04 1.157771e+04 1.157216e+04 1.153203e+04
12.2 1.154513e+04 1.157420e+04 1.157174e+04 1.154267e+04
13.2 1.157357e+04 1.157668e+04 1.157149e+04 1.156838e+04
14.2 1.155018e+04 1.157929e+04 1.157137e+04 1.154226e+04
15.2 1.158190e+04 1.158104e+04 1.157130e+04 1.157216e+04
16.2 1.159944e+04 1.158158e+04 1.157125e+04 1.158911e+04
17.2 1.155300e+04 1.157653e+04 1.157122e+04 1.154769e+04
0.4 1.152152e+04 1.152860e+04 1.157064e+04 1.156355e+04
1.4 1.158155e+04 1.153013e+04 1.156261e+04 1.161403e+04
2.4 1.159820e+04 1.153267e+04 1.154329e+04 1.160883e+04
3.4 1.150886e+04 1.153952e+04 1.154429e+04 1.151363e+04
4.4 1.151867e+04 1.152061e+04 1.155657e+04 1.155463e+04
5.4 1.151123e+04 1.152287e+04 1.156587e+04 1.155423e+04
6.4 1.156567e+04 1.155056e+04 1.157085e+04 1.158596e+04
7.4 1.148762e+04 1.157307e+04 1.157281e+04 1.148736e+04
8.4 1.159193e+04 1.158096e+04 1.157310e+04 1.158407e+04
9.4 1.156149e+04 1.157910e+04 1.157253e+04 1.155492e+04
10.4 1.154638e+04 1.158016e+04 1.157177e+04 1.153799e+04
11.4 1.157414e+04 1.158214e+04 1.157114e+04 1.156314e+04
12.4 1.154535e+04 1.158221e+04 1.157073e+04 1.153388e+04
13.4 1.159872e+04 1.158086e+04 1.157050e+04 1.158837e+04
14.4 1.157739e+04 1.157308e+04 1.157037e+04 1.157467e+04
15.4 1.155846e+04 1.156908e+04 1.157029e+04 1.155968e+04
16.4 1.154640e+04 1.156630e+04 1.157024e+04 1.155034e+04
17.4 1.157257e+04 1.156286e+04 1.157020e+04 1.157991e+04
