0.9 8.446669e+03 8.489331e+03 8.491111e+03 8.448449e+03
1.9 8.481333e+03 8.491108e+03 8.501487e+03 8.491712e+03
2.9 8.481358e+03 8.492816e+03 8.507624e+03 8.496166e+03
3.9 8.538468e+03 8.486329e+03 8.502171e+03 8.554309e+03
4.9 8.463205e+03 8.480031e+03 8.495446e+03 8.478620e+03
5.9 8.494636e+03 8.477337e+03 8.491275e+03 8.508574e+03
6.9 8.482513e+03 8.481870e+03 8.489374e+03 8.490017e+03
7.9 8.485469e+03 8.484117e+03 8.488763e+03 8.490115e+03
8.9 8.543096e+03 8.481545e+03 8.488891e+03 8.550442e+03
9.9 8.492943e+03 8.478862e+03 8.489297e+03 8.503378e+03
10.9 8.489231e+03 8.477371e+03 8.489710e+03 8.501571e+03
11.9 8.399142e+03 8.479038e+03 8.489997e+03 8.410100e+03
12.9 8.475883e+03 8.488867e+03 8.490170e+03 8.477186e+03
13.9 8.509334e+03 8.490361e+03 8.490259e+03 8.509232e+03
14.9 8.467996e+03 8.484895e+03 8.490305e+03 8.473406e+03
15.9 8.506072e+03 8.482306e+03 8.492769e+03 8.516535e+03
16.9 8.541420e+03 8.491378e+03 8.504579e+03 8.554622e+03
17.9 8.472043e+03 8.493297e+03 8.506838e+03 8.485583e+03
0.1 8.467996e+03 8.484895e+03 8.490305e+03 8.473406e+03
1.1 8.506072e+03 8.482306e+03 8.492769e+03 8.516535e+03
2.1 8.541420e+03 8.491378e+03 8.504579e+03 8.554622e+03
3.1 8.472043e+03 8.493297e+03 8.506838e+03 8.485583e+03
4.1 8.490647e+03 8.496174e+03 8.500194e+03 8.494667e+03
5.1 8.536429e+03 8.498185e+03 8.494130e+03 8.532373e+03
6.1 8.504414e+03 8.507986e+03 8.490690e+03 8.487118e+03
7.1 8.504369e+03 8.533826e+03 8.489241e+03 8.459784e+03
8.1 8.477661e+03 8.523451e+03 8.488909e+03 8.443119e+03
9.1 8.545077e+03 8.503106e+03 8.489175e+03 8.531146e+03
10.1 8.440917e+03 8.495436e+03 8.489624e+03 8.435105e+03
11.1 8.475571e+03 8.486160e+03 8.490031e+03 8.479443e+03
12.1 8.494143e+03 8.477309e+03 8.490303e+03 8.507137e+03
13.1 8.457679e+03 8.478815e+03 8.490468e+03 8.469332e+03
14.1 8.491187e+03 8.492496e+03 8.490559e+03 8.489249e+03
15.1 8.469120e+03 8.496075e+03 8.490614e+03 8.463659e+03
16.1 8.521162e+03 8.500576e+03 8.490652e+03 8.511238e+03
17.1 8.506241e+03 8.495676e+03 8.490682e+03 8.501248e+03
0.8 8.478494e+03 8.492631e+03 8.491150e+03 8.477013e+03
1.8 8.506904e+03 8.492802e+03 8.500901e+03 8.515003e+03
2.8 8.533207e+03 8.494586e+03 8.508076e+03 8.546697e+03
3.8 8.483714e+03 8.495167e+03 8.503108e+03 8.491656e+03
4.8 8.467852e+03 8.501443e+03 8.496250e+03 8.462658e+03
5.8 8.515556e+03 8.495637e+03 8.491948e+03 8.511867e+03
6.8 8.500227e+03 8.484543e+03 8.489842e+03 8.505525e+03
7.8 8.578300e+03 8.477318e+03 8.489154e+03 8.590136e+03
8.8 8.494072e+03 8.474001e+03 8.489234e+03 8.509305e+03
9.8 8.463795e+03 8.473769e+03 8.489621e+03 8.479647e+03
10.8 8.477110e+03 8.482768e+03 8.490019e+03 8.484362e+03
11.8 8.489768e+03 8.490726e+03 8.490310e+03 8.489352e+03
12.8 8.481042e+03 8.487135e+03 8.490472e+03 8.484379e+03
13.8 8.481327e+03 8.481338e+03 8.490553e+03 8.490543e+03
14.8 8.456564e+03 8.483740e+03 8.490585e+03 8.463409e+03
15.8 8.492111e+03 8.485523e+03 8.490595e+03 8.497183e+03
16.8 8.575751e+03 8.490826e+03 8.490596e+03 8.575521e+03
17.8 8.522128e+03 8.506817e+03 8.490593e+03 8.505903e+03
1.0 8.450519e+03 8.477394e+03 8.491775e+03 8.464900e+03
2.0 8.423062e+03 8.482814e+03 8.502911e+03 8.443158e+03
3.0 8.467652e+03 8.486313e+03 8.507708e+03 8.489047e+03
4.0 8.517161e+03 8.491555e+03 8.501663e+03 8.527270e+03
5.0 8.512840e+03 8.496320e+03 8.495157e+03 8.511677e+03
6.0 8.508736e+03 8.490558e+03 8.491258e+03 8.509437e+03
7.0 8.500281e+03 8.486347e+03 8.489523e+03 8.503457e+03
8.0 8.449206e+03 8.483319e+03 8.489013e+03 8.454900e+03
9.0 8.460117e+03 8.491823e+03 8.489183e+03 8.457477e+03
10.0 8.508905e+03 8.492090e+03 8.489595e+03 8.506410e+03
11.0 8.527062e+03 8.482091e+03 8.489992e+03 8.534962e+03
12.0 8.443782e+03 8.473765e+03 8.490256e+03 8.460274e+03
13.0 8.432303e+03 8.475026e+03 8.490404e+03 8.447680e+03
14.0 8.499904e+03 8.482774e+03 8.490474e+03 8.507604e+03
15.0 8.489016e+03 8.480810e+03 8.490498e+03 8.498704e+03
16.0 8.468821e+03 8.488767e+03 8.490502e+03 8.470556e+03
17.0 8.528299e+03 8.521102e+03 8.490496e+03 8.497693e+03
18.0 8.511116e+03 8.520412e+03 8.490485e+03 8.481190e+03
0.3 8.492403e+03 8.488547e+03 8.488894e+03 8.492750e+03
1.3 8.508218e+03 8.483595e+03 8.493185e+03 8.517808e+03
2.3 8.460863e+03 8.485875e+03 8.504503e+03 8.479491e+03
3.3 8.470384e+03 8.481144e+03 8.504068e+03 8.493307e+03
4.3 8.467787e+03 8.472890e+03 8.496717e+03 8.491614e+03
