0.6 1.111051e+04 1.115528e+04 1.111584e+04 1.107107e+04
1.6 1.128987e+04 1.114384e+04 1.111550e+04 1.126153e+04
2.6 1.119895e+04 1.117532e+04 1.111441e+04 1.113804e+04
3.6 1.118241e+04 1.115042e+04 1.111328e+04 1.114527e+04
4.6 1.137262e+04 1.115578e+04 1.111265e+04 1.132949e+04
5.6 1.113448e+04 1.115088e+04 1.111240e+04 1.109600e+04
6.6 1.113962e+04 1.112850e+04 1.111237e+04 1.112349e+04
7.6 1.105652e+04 1.112667e+04 1.111243e+04 1.104229e+04
8.6 1.117108e+04 1.108715e+04 1.111251e+04 1.119644e+04
9.6 1.127500e+04 1.114128e+04 1.111257e+04 1.124629e+04
10.6 1.135528e+04 1.109792e+04 1.111260e+04 1.136996e+04
11.6 1.121256e+04 1.113543e+04 1.111260e+04 1.118973e+04
12.6 1.124318e+04 1.114304e+04 1.111259e+04 1.121273e+04
13.6 1.113310e+04 1.112455e+04 1.111257e+04 1.112112e+04
14.6 1.115567e+04 1.113038e+04 1.111254e+04 1.113783e+04
15.6 1.129062e+04 1.113201e+04 1.111252e+04 1.127113e+04
16.6 1.111331e+04 1.116264e+04 1.111249e+04 1.106316e+04
17.6 1.110315e+04 1.114307e+04 1.111251e+04 1.107259e+04
18.6 1.107592e+04 1.109924e+04 1.111315e+04 1.108983e+04
19.6 1.116453e+04 1.113778e+04 1.111430e+04 1.114104e+04
20.6 1.117137e+04 1.111594e+04 1.111518e+04 1.117062e+04
21.6 1.123685e+04 1.113767e+04 1.111557e+04 1.121475e+04
22.6 1.111427e+04 1.115507e+04 1.111565e+04 1.107485e+04
23.6 1.109382e+04 1.108475e+04 1.111557e+04 1.112464e+04
24.6 1.107495e+04 1.099637e+04 1.111545e+04 1.119402e+04
25.6 1.091122e+04 1.104374e+04 1.111532e+04 1.098280e+04
26.6 1.091448e+04 1.110108e+04 1.111523e+04 1.092863e+04
27.6 1.091169e+04 1.114338e+04 1.111516e+04 1.088347e+04
28.6 1.100900e+04 1.105469e+04 1.111512e+04 1.106943e+04
29.6 1.127599e+04 1.112219e+04 1.111508e+04 1.126888e+04
30.6 1.117893e+04 1.103905e+04 1.111506e+04 1.125495e+04
31.6 1.088984e+04 1.100843e+04 1.111504e+04 1.099645e+04
32.6 1.140846e+04 1.131011e+04 1.111502e+04 1.121337e+04
33.6 1.118373e+04 1.113522e+04 1.111500e+04 1.116350e+04
1.0 1.103454e+04 1.117207e+04 1.111529e+04 1.097776e+04
2.0 1.113631e+04 1.117209e+04 1.111468e+04 1.107890e+04
3.0 1.103794e+04 1.111877e+04 1.111351e+04 1.103268e+04
4.0 1.129075e+04 1.120522e+04 1.111264e+04 1.119818e+04
5.0 1.097725e+04 1.117654e+04 1.111225e+04 1.091296e+04
6.0 1.135044e+04 1.115452e+04 1.111217e+04 1.130808e+04
7.0 1.115792e+04 1.112934e+04 1.111224e+04 1.114082e+04
8.0 1.116270e+04 1.117533e+04 1.111238e+04 1.109974e+04
9.0 1.130107e+04 1.119270e+04 1.111250e+04 1.122087e+04
10.0 1.127592e+04 1.114463e+04 1.111261e+04 1.124390e+04
11.0 1.120566e+04 1.113039e+04 1.111268e+04 1.118795e+04
12.0 1.117410e+04 1.115839e+04 1.111274e+04 1.112844e+04
13.0 1.111065e+04 1.111350e+04 1.111278e+04 1.110993e+04
14.0 1.106832e+04 1.113614e+04 1.111282e+04 1.104499e+04
15.0 1.107457e+04 1.112795e+04 1.111285e+04 1.105947e+04
16.0 1.097060e+04 1.110149e+04 1.111288e+04 1.098199e+04
17.0 1.075163e+04 1.113724e+04 1.111292e+04 1.072731e+04
18.0 1.099781e+04 1.111406e+04 1.111315e+04 1.099690e+04
19.0 1.074658e+04 1.110092e+04 1.111415e+04 1.075981e+04
20.0 1.128251e+04 1.112219e+04 1.111531e+04 1.127563e+04
21.0 1.129807e+04 1.115235e+04 1.111605e+04 1.126177e+04
