0.1 1.077579e+04 1.064370e+04 1.057442e+04 1.070652e+04
1.1 1.073122e+04 1.061596e+04 1.057307e+04 1.068833e+04
2.1 1.073578e+04 1.062221e+04 1.056112e+04 1.067469e+04
3.1 1.065188e+04 1.056171e+04 1.054270e+04 1.063286e+04
4.1 1.053854e+04 1.053941e+04 1.053028e+04 1.052940e+04
5.1 1.095010e+04 1.065774e+04 1.052480e+04 1.081716e+04
6.1 1.080917e+04 1.051763e+04 1.052379e+04 1.081533e+04
7.1 1.070797e+04 1.069280e+04 1.052478e+04 1.053995e+04
8.1 1.039248e+04 1.044938e+04 1.052645e+04 1.046955e+04
9.1 1.050488e+04 1.052817e+04 1.052795e+04 1.050467e+04
10.1 1.052562e+04 1.060654e+04 1.052903e+04 1.044811e+04
11.1 1.058951e+04 1.065453e+04 1.052966e+04 1.046464e+04
12.1 1.050960e+04 1.061852e+04 1.052998e+04 1.042106e+04
13.1 1.049980e+04 1.066620e+04 1.053013e+04 1.036373e+04
14.1 1.042898e+04 1.051426e+04 1.053019e+04 1.044491e+04
15.1 1.062770e+04 1.058691e+04 1.053021e+04 1.057100e+04
16.1 1.080900e+04 1.071313e+04 1.053020e+04 1.062607e+04
17.1 1.051322e+04 1.058472e+04 1.053022e+04 1.045873e+04
18.1 1.056394e+04 1.070756e+04 1.053505e+04 1.039144e+04
19.1 1.059133e+04 1.061355e+04 1.055131e+04 1.052908e+04
20.1 1.043403e+04 1.064918e+04 1.056819e+04 1.035304e+04
21.1 1.042383e+04 1.062453e+04 1.057738e+04 1.037667e+04
22.1 1.054830e+04 1.063269e+04 1.058060e+04 1.049621e+04
23.1 1.071676e+04 1.064026e+04 1.058055e+04 1.065704e+04
24.1 1.070421e+04 1.062559e+04 1.057913e+04 1.065775e+04
25.1 1.039911e+04 1.062956e+04 1.057743e+04 1.034698e+04
26.1 1.062126e+04 1.055553e+04 1.057606e+04 1.064179e+04
27.1 1.052390e+04 1.066728e+04 1.057515e+04 1.043177e+04
28.1 1.050769e+04 1.049311e+04 1.057460e+04 1.058918e+04
29.1 1.065718e+04 1.059366e+04 1.057430e+04 1.063783e+04
30.1 1.062992e+04 1.050603e+04 1.057414e+04 1.069802e+04
31.1 1.060383e+04 1.057696e+04 1.057403e+04 1.060090e+04
32.1 1.057995e+04 1.066549e+04 1.057395e+04 1.048841e+04
33.1 1.048116e+04 1.054782e+04 1.057387e+04 1.050721e+04
