0.2 1.019733e+04 1.038124e+04 1.046050e+04 1.027659e+04
1.2 1.025463e+04 1.041111e+04 1.045960e+04 1.030312e+04
2.2 1.029672e+04 1.045298e+04 1.045344e+04 1.029718e+04
3.2 1.038749e+04 1.048149e+04 1.044507e+04 1.035107e+04
4.2 1.019985e+04 1.047270e+04 1.043943e+04 1.016658e+04
5.2 1.034910e+04 1.048460e+04 1.043716e+04 1.030166e+04
6.2 1.043977e+04 1.045812e+04 1.043681e+04 1.041845e+04
7.2 1.054076e+04 1.046853e+04 1.043735e+04 1.050958e+04
8.2 1.054853e+04 1.041661e+04 1.043813e+04 1.057005e+04
9.2 1.054008e+04 1.046701e+04 1.043885e+04 1.051192e+04
10.2 1.058632e+04 1.049326e+04 1.043935e+04 1.053240e+04
11.2 1.050673e+04 1.049344e+04 1.043965e+04 1.045294e+04
12.2 1.064483e+04 1.046127e+04 1.043981e+04 1.062338e+04
13.2 1.081976e+04 1.046984e+04 1.043990e+04 1.078982e+04
14.2 1.065291e+04 1.046366e+04 1.043994e+04 1.062919e+04
15.2 1.061524e+04 1.047192e+04 1.043997e+04 1.058329e+04
16.2 1.050078e+04 1.048124e+04 1.043999e+04 1.045952e+04
17.2 1.016944e+04 1.046211e+04 1.044005e+04 1.014738e+04
18.2 1.036357e+04 1.046588e+04 1.044273e+04 1.034041e+04
19.2 1.034110e+04 1.048024e+04 1.045085e+04 1.031170e+04
20.2 1.037819e+04 1.046062e+04 1.045838e+04 1.037594e+04
21.2 1.038319e+04 1.042931e+04 1.046253e+04 1.041641e+04
22.2 1.030447e+04 1.047222e+04 1.046387e+04 1.029612e+04
23.2 1.048119e+04 1.049196e+04 1.046379e+04 1.045302e+04
24.2 1.049184e+04 1.049541e+04 1.046311e+04 1.045953e+04
25.2 1.028292e+04 1.045721e+04 1.046236e+04 1.028807e+04
26.2 1.026647e+04 1.044602e+04 1.046176e+04 1.028220e+04
27.2 1.042943e+04 1.043738e+04 1.046138e+04 1.045343e+04
28.2 1.052914e+04 1.048805e+04 1.046117e+04 1.050226e+04
29.2 1.046685e+04 1.040854e+04 1.046108e+04 1.051939e+04
30.2 1.030604e+04 1.039034e+04 1.046104e+04 1.037674e+04
31.2 1.034851e+04 1.041775e+04 1.046103e+04 1.039178e+04
32.2 1.046675e+04 1.042211e+04 1.046103e+04 1.050567e+04
33.2 1.073973e+04 1.041136e+04 1.046104e+04 1.078940e+04
0.6 1.053624e+04 1.054243e+04 1.046190e+04 1.045571e+04
1.6 1.029739e+04 1.046181e+04 1.045978e+04 1.029535e+04
2.6 1.030728e+04 1.047930e+04 1.045203e+04 1.028001e+04
3.6 1.046813e+04 1.047200e+04 1.044426e+04 1.044039e+04
4.6 1.029564e+04 1.044186e+04 1.043980e+04 1.029358e+04
5.6 1.060956e+04 1.043374e+04 1.043829e+04 1.061412e+04
6.6 1.023925e+04 1.048631e+04 1.043831e+04 1.019125e+04
7.6 1.030316e+04 1.046612e+04 1.043899e+04 1.027603e+04
8.6 1.040733e+04 1.043688e+04 1.043978e+04 1.041023e+04
9.6 1.053828e+04 1.048245e+04 1.044044e+04 1.049627e+04
10.6 1.042480e+04 1.045696e+04 1.044087e+04 1.040871e+04
11.6 1.023673e+04 1.044634e+04 1.044112e+04 1.023151e+04
12.6 1.046142e+04 1.046192e+04 1.044126e+04 1.044076e+04
13.6 1.050674e+04 1.048224e+04 1.044133e+04 1.046583e+04
14.6 1.042262e+04 1.049648e+04 1.044137e+04 1.036752e+04
15.6 1.077922e+04 1.049646e+04 1.044140e+04 1.072416e+04
16.6 1.045352e+04 1.045147e+04 1.044142e+04 1.044346e+04
17.6 1.043697e+04 1.046560e+04 1.044175e+04 1.041313e+04
18.6 1.050012e+04 1.046453e+04 1.044635e+04 1.048194e+04
19.6 1.086259e+04 1.047152e+04 1.045504e+04 1.084611e+04
20.6 1.053330e+04 1.045189e+04 1.046153e+04 1.054293e+04
21.6 1.035838e+04 1.041956e+04 1.046459e+04 1.040341e+04
22.6 1.045319e+04 1.041885e+04 1.046539e+04 1.049973e+04
23.6 1.047420e+04 1.046042e+04 1.046505e+04 1.047883e+04
24.6 1.042717e+04 1.042001e+04 1.046430e+04 1.047147e+04
25.6 1.080189e+04 1.066382e+04 1.046359e+04 1.060166e+04
26.6 1.060565e+04 1.059240e+04 1.046306e+04 1.047631e+04
27.6 1.050862e+04 1.051639e+04 1.046273e+04 1.045496e+04
28.6 1.020436e+04 1.042381e+04 1.046256e+04 1.024312e+04
29.6 1.044588e+04 1.059713e+04 1.046248e+04 1.031122e+04
30.6 1.080545e+04 1.065798e+04 1.046245e+04 1.060991e+04
31.6 1.059316e+04 1.048801e+04 1.046243e+04 1.056758e+04
32.6 1.036443e+04 1.044094e+04 1.046243e+04 1.038592e+04
33.6 1.034314e+04 1.053903e+04 1.046242e+04 1.026653e+04
