0.2 6.952775e+03 7.162246e+03 7.059081e+03 6.849610e+03
1.2 6.845501e+03 7.152584e+03 7.056471e+03 6.749388e+03
2.2 7.029441e+03 7.108412e+03 7.038633e+03 6.959662e+03
3.2 6.869306e+03 7.039837e+03 7.014378e+03 6.843848e+03
4.2 7.319332e+03 7.028530e+03 6.998028e+03 7.288829e+03
5.2 6.909679e+03 7.027043e+03 6.991471e+03 6.874108e+03
6.2 7.054319e+03 7.013407e+03 6.990448e+03 7.031360e+03
7.2 6.760411e+03 7.018554e+03 6.992003e+03 6.733860e+03
8.2 7.006237e+03 7.000082e+03 6.994284e+03 7.000439e+03
9.2 6.969010e+03 7.022512e+03 6.996369e+03 6.942867e+03
10.2 6.963128e+03 7.037395e+03 6.997803e+03 6.923536e+03
11.2 7.262993e+03 7.039586e+03 6.998685e+03 7.222091e+03
12.2 7.189099e+03 7.023111e+03 6.999150e+03 7.165138e+03
13.2 6.919834e+03 7.028586e+03 6.999391e+03 6.890639e+03
14.2 7.096405e+03 7.025677e+03 6.999521e+03 7.070249e+03
15.2 6.846949e+03 7.030894e+03 6.999598e+03 6.815653e+03
16.2 6.936663e+03 7.036678e+03 6.999654e+03 6.899639e+03
17.2 7.137542e+03 7.026279e+03 6.999821e+03 7.111083e+03
18.2 7.169515e+03 7.030003e+03 7.007590e+03 7.147102e+03
19.2 7.246225e+03 7.063773e+03 7.031117e+03 7.213569e+03
20.2 7.437553e+03 7.101689e+03 7.052935e+03 7.388799e+03
21.2 7.482884e+03 7.129483e+03 7.064964e+03 7.418366e+03
22.2 7.277559e+03 7.112213e+03 7.068829e+03 7.234176e+03
23.2 7.245334e+03 7.102537e+03 7.068598e+03 7.211394e+03
24.2 7.069947e+03 7.085389e+03 7.066631e+03 7.051188e+03
25.2 7.164113e+03 7.030184e+03 7.064466e+03 7.198395e+03
26.2 7.295360e+03 6.991370e+03 7.062713e+03 7.366703e+03
27.2 7.202401e+03 6.960886e+03 7.061622e+03 7.303137e+03
28.2 7.013545e+03 6.846306e+03 7.061028e+03 7.228267e+03
29.2 7.265629e+03 6.998782e+03 7.060744e+03 7.327592e+03
30.2 6.851153e+03 7.041528e+03 7.060636e+03 6.870261e+03
31.2 7.099579e+03 6.997086e+03 7.060606e+03 7.163099e+03
32.2 7.110235e+03 6.995562e+03 7.060611e+03 7.175284e+03
33.2 6.919612e+03 7.022729e+03 7.060627e+03 6.957510e+03
0.6 6.839264e+03 7.013355e+03 7.063135e+03 6.889044e+03
1.6 6.711963e+03 7.035007e+03 7.056989e+03 6.733945e+03
2.6 7.228671e+03 7.002039e+03 7.034527e+03 7.261159e+03
3.6 6.987843e+03 6.991700e+03 7.012031e+03 7.008174e+03
4.6 6.389297e+03 6.960304e+03 6.999100e+03 6.428093e+03
5.6 6.617621e+03 6.955123e+03 6.994746e+03 6.657245e+03
6.6 6.977108e+03 6.969124e+03 6.994800e+03 7.002784e+03
7.6 6.795243e+03 6.963427e+03 6.996776e+03 6.828592e+03
8.6 6.933066e+03 6.952096e+03 6.999057e+03 6.980027e+03
9.6 6.685358e+03 6.971571e+03 7.000967e+03 6.714753e+03
10.6 6.888652e+03 6.958600e+03 7.002210e+03 6.932262e+03
11.6 7.245595e+03 6.951394e+03 7.002937e+03 7.297139e+03
12.6 7.153502e+03 6.958262e+03 7.003335e+03 7.198575e+03
13.6 7.227801e+03 6.967999e+03 7.003541e+03 7.263343e+03
14.6 6.920631e+03 6.974317e+03 7.003660e+03 6.949974e+03
15.6 7.202619e+03 6.972467e+03 7.003739e+03 7.233891e+03
16.6 7.242784e+03 6.944964e+03 7.003802e+03 7.301622e+03
17.6 7.245919e+03 6.951958e+03 7.004760e+03 7.298721e+03
18.6 7.220389e+03 6.950991e+03 7.018090e+03 7.287488e+03
19.6 7.424886e+03 6.986594e+03 7.043266e+03 7.481558e+03
20.6 7.267431e+03 7.016662e+03 7.062052e+03 7.312822e+03
21.6 7.394225e+03 7.039191e+03 7.070925e+03 7.425959e+03
22.6 7.204553e+03 7.045605e+03 7.073237e+03 7.232185e+03
23.6 7.227520e+03 7.110700e+03 7.072253e+03 7.189073e+03
24.6 7.348919e+03 7.001240e+03 7.070084e+03 7.417763e+03
25.6 7.579912e+03 7.465138e+03 7.068015e+03 7.182788e+03
26.6 7.841451e+03 7.367305e+03 7.066490e+03 7.540636e+03
27.6 7.179627e+03 7.268037e+03 7.065539e+03 6.977129e+03
28.6 6.833460e+03 7.140589e+03 7.065052e+03 6.757923e+03
29.6 7.297205e+03 7.361662e+03 7.064819e+03 7.000362e+03
30.6 6.968205e+03 7.437936e+03 7.064722e+03 6.594991e+03
31.6 6.876344e+03 7.200242e+03 7.064679e+03 6.740780e+03
32.6 7.022846e+03 7.129767e+03 7.064656e+03 6.957735e+03
33.6 6.917840e+03 7.262487e+03 7.064637e+03 6.719991e+03
