0.6 1.089905e+04 1.083834e+04 1.073416e+04 1.079486e+04
1.6 1.088874e+04 1.075803e+04 1.073535e+04 1.086606e+04
2.6 1.086659e+04 1.087521e+04 1.073909e+04 1.073046e+04
3.6 1.082482e+04 1.077232e+04 1.074296e+04 1.079546e+04
4.6 1.084251e+04 1.077907e+04 1.074513e+04 1.080857e+04
5.6 1.077826e+04 1.076658e+04 1.074596e+04 1.075765e+04
6.6 1.074191e+04 1.072285e+04 1.074606e+04 1.076511e+04
7.6 1.072363e+04 1.071566e+04 1.074585e+04 1.075382e+04
8.6 1.071720e+04 1.063213e+04 1.074558e+04 1.083065e+04
9.6 1.064536e+04 1.073759e+04 1.074539e+04 1.065315e+04
10.6 1.067974e+04 1.064291e+04 1.074529e+04 1.078212e+04
11.6 1.073057e+04 1.071960e+04 1.074528e+04 1.075625e+04
12.6 1.067034e+04 1.073349e+04 1.074532e+04 1.068217e+04
13.6 1.061059e+04 1.069121e+04 1.074539e+04 1.066477e+04
14.6 1.059486e+04 1.070153e+04 1.074547e+04 1.063880e+04
15.6 1.063015e+04 1.070284e+04 1.074556e+04 1.067288e+04
16.6 1.066919e+04 1.076697e+04 1.074565e+04 1.064786e+04
17.6 1.067293e+04 1.072185e+04 1.074559e+04 1.069667e+04
18.6 1.063255e+04 1.058529e+04 1.074341e+04 1.079066e+04
19.6 1.064906e+04 1.065466e+04 1.073947e+04 1.073387e+04
20.6 1.046407e+04 1.046881e+04 1.073643e+04 1.073169e+04
21.6 1.050277e+04 1.056050e+04 1.073510e+04 1.067738e+04
22.6 1.063313e+04 1.069757e+04 1.073483e+04 1.067039e+04
23.6 1.075734e+04 1.081516e+04 1.073508e+04 1.067726e+04
24.6 1.085623e+04 1.083044e+04 1.073551e+04 1.076130e+04
25.6 1.077843e+04 1.076664e+04 1.073594e+04 1.074774e+04
26.6 1.075316e+04 1.072821e+04 1.073627e+04 1.076122e+04
27.6 1.072778e+04 1.070413e+04 1.073649e+04 1.076014e+04
28.6 1.082856e+04 1.075983e+04 1.073665e+04 1.080538e+04
29.6 1.065047e+04 1.071934e+04 1.073676e+04 1.066789e+04
30.6 1.080581e+04 1.077787e+04 1.073685e+04 1.076479e+04
31.6 1.077185e+04 1.080206e+04 1.073692e+04 1.070671e+04
32.6 1.058402e+04 1.058648e+04 1.073700e+04 1.073454e+04
33.6 1.070756e+04 1.071267e+04 1.073706e+04 1.073195e+04
1.0 1.092561e+04 1.086055e+04 1.073605e+04 1.080111e+04
2.0 1.093931e+04 1.083777e+04 1.073814e+04 1.083968e+04
3.0 1.061293e+04 1.062191e+04 1.074216e+04 1.073318e+04
4.0 1.080852e+04 1.087110e+04 1.074514e+04 1.068256e+04
5.0 1.089980e+04 1.079568e+04 1.074649e+04 1.085062e+04
6.0 1.096841e+04 1.075438e+04 1.074677e+04 1.096080e+04
7.0 1.079229e+04 1.070941e+04 1.074651e+04 1.082939e+04
8.0 1.087529e+04 1.080071e+04 1.074605e+04 1.082063e+04
9.0 1.086805e+04 1.084036e+04 1.074561e+04 1.077330e+04
10.0 1.080658e+04 1.074449e+04 1.074525e+04 1.080734e+04
11.0 1.076449e+04 1.071625e+04 1.074499e+04 1.079324e+04
12.0 1.084502e+04 1.077830e+04 1.074481e+04 1.081153e+04
13.0 1.083963e+04 1.068366e+04 1.074466e+04 1.090063e+04
14.0 1.078419e+04 1.073467e+04 1.074454e+04 1.079406e+04
15.0 1.069765e+04 1.071911e+04 1.074442e+04 1.072297e+04
16.0 1.057167e+04 1.066400e+04 1.074431e+04 1.065198e+04
17.0 1.068910e+04 1.074353e+04 1.074420e+04 1.068976e+04
18.0 1.050533e+04 1.069112e+04 1.074339e+04 1.055759e+04
19.0 1.037089e+04 1.062524e+04 1.073998e+04 1.048562e+04
20.0 1.065385e+04 1.067165e+04 1.073598e+04 1.071818e+04
21.0 1.094657e+04 1.085601e+04 1.073344e+04 1.082400e+04
