0.2 1.088131e+04 1.072275e+04 1.059461e+04 1.075317e+04
1.2 1.078407e+04 1.071010e+04 1.059348e+04 1.066745e+04
2.2 1.103663e+04 1.068367e+04 1.058573e+04 1.093870e+04
3.2 1.093857e+04 1.062559e+04 1.057520e+04 1.088817e+04
4.2 1.027727e+04 1.062613e+04 1.056810e+04 1.021924e+04
5.2 1.053645e+04 1.064028e+04 1.056525e+04 1.046143e+04
6.2 1.051404e+04 1.060459e+04 1.056481e+04 1.047426e+04
7.2 1.086357e+04 1.061626e+04 1.056548e+04 1.081279e+04
8.2 1.069803e+04 1.054572e+04 1.056647e+04 1.071878e+04
9.2 1.063247e+04 1.061257e+04 1.056738e+04 1.058728e+04
10.2 1.066188e+04 1.065306e+04 1.056800e+04 1.057682e+04
11.2 1.074534e+04 1.065433e+04 1.056838e+04 1.065939e+04
12.2 1.036635e+04 1.060001e+04 1.056859e+04 1.033492e+04
13.2 1.039505e+04 1.061383e+04 1.056869e+04 1.034991e+04
14.2 1.065226e+04 1.060248e+04 1.056875e+04 1.061853e+04
15.2 1.064771e+04 1.061603e+04 1.056878e+04 1.060045e+04
16.2 1.049028e+04 1.063145e+04 1.056880e+04 1.042764e+04
17.2 1.031614e+04 1.059764e+04 1.056888e+04 1.028738e+04
18.2 1.046548e+04 1.059145e+04 1.057225e+04 1.044628e+04
19.2 1.042494e+04 1.062539e+04 1.058247e+04 1.038202e+04
20.2 1.052059e+04 1.065427e+04 1.059194e+04 1.045826e+04
21.2 1.047897e+04 1.067404e+04 1.059717e+04 1.040210e+04
22.2 1.072145e+04 1.065037e+04 1.059885e+04 1.066993e+04
23.2 1.062183e+04 1.063911e+04 1.059875e+04 1.058146e+04
24.2 1.027087e+04 1.062106e+04 1.059789e+04 1.024771e+04
25.2 1.030295e+04 1.060059e+04 1.059695e+04 1.029931e+04
26.2 1.051734e+04 1.054792e+04 1.059619e+04 1.056561e+04
27.2 1.013340e+04 1.052451e+04 1.059572e+04 1.020462e+04
28.2 1.033089e+04 1.052058e+04 1.059546e+04 1.040577e+04
29.2 1.051036e+04 1.051251e+04 1.059534e+04 1.059319e+04
30.2 1.047248e+04 1.051256e+04 1.059529e+04 1.055521e+04
31.2 1.054309e+04 1.051837e+04 1.059528e+04 1.061999e+04
32.2 1.047821e+04 1.052108e+04 1.059528e+04 1.055241e+04
33.2 1.046111e+04 1.052028e+04 1.059529e+04 1.053612e+04
0.6 1.070933e+04 1.060832e+04 1.059637e+04 1.069738e+04
1.6 1.070652e+04 1.061441e+04 1.059371e+04 1.068582e+04
2.6 1.061717e+04 1.059964e+04 1.058395e+04 1.060147e+04
3.6 1.089148e+04 1.061591e+04 1.057418e+04 1.084975e+04
4.6 1.081554e+04 1.056354e+04 1.056856e+04 1.082057e+04
5.6 1.081930e+04 1.055984e+04 1.056667e+04 1.082613e+04
6.6 1.095573e+04 1.062007e+04 1.056670e+04 1.090236e+04
7.6 1.061759e+04 1.059858e+04 1.056755e+04 1.058657e+04
8.6 1.058356e+04 1.055991e+04 1.056855e+04 1.059220e+04
9.6 1.096161e+04 1.062589e+04 1.056937e+04 1.090510e+04
10.6 1.078664e+04 1.058772e+04 1.056991e+04 1.076884e+04
11.6 1.072481e+04 1.057047e+04 1.057023e+04 1.072457e+04
12.6 1.054856e+04 1.059732e+04 1.057040e+04 1.052164e+04
13.6 1.068441e+04 1.063313e+04 1.057049e+04 1.062178e+04
14.6 1.038965e+04 1.065875e+04 1.057054e+04 1.030145e+04
15.6 1.051923e+04 1.065979e+04 1.057058e+04 1.043002e+04
16.6 1.033262e+04 1.058321e+04 1.057061e+04 1.032002e+04
17.6 1.037881e+04 1.060887e+04 1.057102e+04 1.034096e+04
18.6 1.065090e+04 1.058658e+04 1.057681e+04 1.064113e+04
19.6 1.087784e+04 1.062447e+04 1.058775e+04 1.084112e+04
20.6 1.086846e+04 1.064911e+04 1.059590e+04 1.081526e+04
21.6 1.065863e+04 1.066989e+04 1.059976e+04 1.058850e+04
22.6 1.058216e+04 1.067128e+04 1.060076e+04 1.051164e+04
23.6 1.060711e+04 1.065221e+04 1.060033e+04 1.055524e+04
24.6 1.030849e+04 1.052718e+04 1.059939e+04 1.038070e+04
25.6 1.075396e+04 1.064106e+04 1.059849e+04 1.071140e+04
26.6 1.061670e+04 1.058387e+04 1.059783e+04 1.063066e+04
27.6 1.091395e+04 1.054822e+04 1.059742e+04 1.096315e+04
28.6 1.034536e+04 1.051285e+04 1.059721e+04 1.042972e+04
29.6 1.064362e+04 1.059024e+04 1.059711e+04 1.065049e+04
30.6 1.057379e+04 1.062285e+04 1.059706e+04 1.054799e+04
31.6 1.063091e+04 1.055246e+04 1.059705e+04 1.067549e+04
32.6 1.047993e+04 1.053398e+04 1.059704e+04 1.054299e+04
33.6 1.064696e+04 1.058080e+04 1.059703e+04 1.066318e+04
