0.7 9.884811e+03 9.962917e+03 9.945180e+03 9.867074e+03
1.7 9.950419e+03 9.952992e+03 9.934219e+03 9.931647e+03
2.7 9.932784e+03 9.924045e+03 9.903967e+03 9.912706e+03
3.7 9.961079e+03 9.896812e+03 9.875380e+03 9.939648e+03
4.7 9.907461e+03 9.883447e+03 9.860742e+03 9.884756e+03
5.7 9.907933e+03 9.879968e+03 9.856077e+03 9.884042e+03
6.7 9.875332e+03 9.881797e+03 9.856793e+03 9.850328e+03
7.7 9.904872e+03 9.885665e+03 9.859583e+03 9.878790e+03
8.7 9.915301e+03 9.889857e+03 9.862707e+03 9.888151e+03
9.7 9.851525e+03 9.893362e+03 9.865141e+03 9.823304e+03
10.7 9.936058e+03 9.896100e+03 9.866796e+03 9.906755e+03
11.7 9.927670e+03 9.898162e+03 9.867761e+03 9.897269e+03
12.7 9.941633e+03 9.899833e+03 9.868318e+03 9.910117e+03
13.7 9.854932e+03 9.901304e+03 9.868658e+03 9.822286e+03
14.7 9.962018e+03 9.902682e+03 9.868887e+03 9.928223e+03
15.7 9.862423e+03 9.904029e+03 9.869068e+03 9.827462e+03
16.7 9.922653e+03 9.905372e+03 9.869227e+03 9.886507e+03
17.7 9.855817e+03 9.908763e+03 9.871414e+03 9.818469e+03
18.7 9.782814e+03 9.931136e+03 9.892565e+03 9.744243e+03
19.7 9.875233e+03 9.964724e+03 9.924910e+03 9.835419e+03
20.7 9.849740e+03 9.989373e+03 9.948297e+03 9.808664e+03
21.7 9.841457e+03 1.000071e+04 9.958357e+03 9.799100e+03
22.7 9.880446e+03 1.000423e+04 9.960570e+03 9.836789e+03
23.7 9.925021e+03 1.000392e+04 9.958972e+03 9.880070e+03
24.7 1.003474e+04 9.992533e+03 9.956193e+03 9.998403e+03
25.7 1.019376e+04 9.945192e+03 9.953547e+03 1.020211e+04
26.7 9.958268e+03 9.893558e+03 9.951722e+03 1.001643e+04
27.7 9.888000e+03 9.863105e+03 9.950647e+03 9.975543e+03
28.7 9.939353e+03 9.852063e+03 9.950098e+03 1.003739e+04
29.7 9.932664e+03 9.852398e+03 9.949874e+03 1.003014e+04
30.7 9.818272e+03 9.857653e+03 9.949797e+03 9.910416e+03
31.7 9.734165e+03 9.863985e+03 9.949784e+03 9.819965e+03
32.7 9.805063e+03 9.869592e+03 9.949790e+03 9.885261e+03
33.7 9.804366e+03 9.873941e+03 9.949796e+03 9.880221e+03
