0.7 8.628937e+03 8.627697e+03 8.684212e+03 8.685452e+03
1.7 8.723845e+03 8.637710e+03 8.694380e+03 8.780515e+03
2.7 8.706320e+03 8.670951e+03 8.724463e+03 8.759832e+03
3.7 8.694192e+03 8.702106e+03 8.751839e+03 8.743925e+03
4.7 8.703736e+03 8.719878e+03 8.766440e+03 8.750298e+03
5.7 8.731502e+03 8.726845e+03 8.771189e+03 8.775846e+03
6.7 8.730364e+03 8.727545e+03 8.770587e+03 8.773405e+03
7.7 8.742368e+03 8.725539e+03 8.767835e+03 8.784664e+03
8.7 8.749839e+03 8.722992e+03 8.764873e+03 8.791720e+03
9.7 8.742679e+03 8.720886e+03 8.762506e+03 8.784299e+03
10.7 8.744441e+03 8.719473e+03 8.760904e+03 8.785871e+03
11.7 8.839643e+03 8.718709e+03 8.759985e+03 8.880920e+03
12.7 8.761935e+03 8.718326e+03 8.759467e+03 8.803076e+03
13.7 8.791379e+03 8.718161e+03 8.759181e+03 8.832399e+03
14.7 8.703337e+03 8.718093e+03 8.759002e+03 8.744245e+03
15.7 8.727456e+03 8.718065e+03 8.758872e+03 8.768263e+03
16.7 8.657436e+03 8.718052e+03 8.758767e+03 8.698151e+03
17.7 8.717420e+03 8.716051e+03 8.756685e+03 8.758054e+03
18.7 8.792382e+03 8.696279e+03 8.736841e+03 8.832944e+03
19.7 8.730492e+03 8.664795e+03 8.705295e+03 8.770993e+03
20.7 8.743432e+03 8.641733e+03 8.682182e+03 8.783881e+03
21.7 8.645627e+03 8.631756e+03 8.672163e+03 8.686034e+03
22.7 8.684122e+03 8.629967e+03 8.669933e+03 8.724088e+03
23.7 8.671804e+03 8.645006e+03 8.671490e+03 8.698288e+03
24.7 8.744561e+03 8.680473e+03 8.674254e+03 8.738342e+03
25.7 8.753187e+03 8.712440e+03 8.676911e+03 8.717657e+03
26.7 8.800160e+03 8.728907e+03 8.678771e+03 8.750025e+03
27.7 8.696724e+03 8.734565e+03 8.679915e+03 8.642074e+03
28.7 8.786860e+03 8.734319e+03 8.680498e+03 8.733040e+03
29.7 8.801272e+03 8.731759e+03 8.680777e+03 8.750290e+03
30.7 8.768530e+03 8.728786e+03 8.680908e+03 8.720653e+03
31.7 8.757487e+03 8.726493e+03 8.680973e+03 8.711966e+03
32.7 8.736093e+03 8.724980e+03 8.681016e+03 8.692130e+03
33.7 8.735641e+03 8.724153e+03 8.681056e+03 8.692544e+03
0.4 8.634430e+03 8.627712e+03 8.681889e+03 8.688607e+03
1.4 8.580269e+03 8.635412e+03 8.687824e+03 8.632682e+03
2.4 8.679206e+03 8.664484e+03 8.714061e+03 8.728783e+03
3.4 8.692564e+03 8.697954e+03 8.744926e+03 8.739536e+03
4.4 8.681274e+03 8.717791e+03 8.763052e+03 8.726534e+03
5.4 8.705697e+03 8.725735e+03 8.770078e+03 8.750040e+03
6.4 8.670132e+03 8.726830e+03 8.770807e+03 8.714110e+03
7.4 8.755328e+03 8.724803e+03 8.768759e+03 8.799284e+03
8.4 8.739221e+03 8.721899e+03 8.765997e+03 8.783319e+03
9.4 8.718371e+03 8.719433e+03 8.763756e+03 8.762693e+03
10.4 8.703418e+03 8.717716e+03 8.762299e+03 8.748001e+03
11.4 8.630701e+03 8.716657e+03 8.761520e+03 8.675563e+03
12.4 8.688610e+03 8.716076e+03 8.761231e+03 8.733765e+03
13.4 8.653538e+03 8.715740e+03 8.761196e+03 8.698994e+03
14.4 8.695216e+03 8.715529e+03 8.761295e+03 8.740982e+03
15.4 8.715976e+03 8.715367e+03 8.761451e+03 8.762060e+03
16.4 8.733243e+03 8.715223e+03 8.761632e+03 8.779653e+03
17.4 8.734534e+03 8.714564e+03 8.761307e+03 8.781277e+03
18.4 8.672372e+03 8.700175e+03 8.747259e+03 8.719456e+03
19.4 8.743287e+03 8.669152e+03 8.716584e+03 8.790719e+03
20.4 8.654871e+03 8.643157e+03 8.690945e+03 8.702659e+03
21.4 8.651956e+03 8.629830e+03 8.677981e+03 8.700107e+03
22.4 8.655736e+03 8.625994e+03 8.674515e+03 8.704257e+03
23.4 8.510958e+03 8.628816e+03 8.675684e+03 8.557827e+03
24.4 8.717705e+03 8.654720e+03 8.678572e+03 8.741557e+03
25.4 8.638602e+03 8.696781e+03 8.681549e+03 8.623370e+03
26.4 8.704435e+03 8.728504e+03 8.683920e+03 8.659851e+03
27.4 8.749429e+03 8.742788e+03 8.685460e+03 8.692101e+03
28.4 8.778068e+03 8.746429e+03 8.686419e+03 8.718058e+03
29.4 8.696742e+03 8.744731e+03 8.686996e+03 8.639007e+03
30.4 8.833443e+03 8.741220e+03 8.687387e+03 8.779610e+03
31.4 8.727576e+03 8.737703e+03 8.687694e+03 8.677567e+03
32.4 8.786694e+03 8.735139e+03 8.687966e+03 8.739521e+03
33.4 8.743843e+03 8.733476e+03 8.688227e+03 8.698594e+03
