0.5 7.665686e+03 7.616187e+03 7.639985e+03 7.689483e+03
1.5 7.695250e+03 7.625516e+03 7.649954e+03 7.719689e+03
2.5 7.673148e+03 7.663161e+03 7.688223e+03 7.698211e+03
3.5 7.691944e+03 7.705588e+03 7.731259e+03 7.717616e+03
4.5 7.704185e+03 7.729870e+03 7.756138e+03 7.730453e+03
5.5 7.728117e+03 7.739067e+03 7.765919e+03 7.754969e+03
6.5 7.754372e+03 7.739581e+03 7.767001e+03 7.781793e+03
7.5 7.773005e+03 7.736499e+03 7.764473e+03 7.800978e+03
8.5 7.766306e+03 7.732525e+03 7.761034e+03 7.794814e+03
9.5 7.742816e+03 7.729323e+03 7.758348e+03 7.771840e+03
10.5 7.745660e+03 7.727177e+03 7.756698e+03 7.775181e+03
11.5 7.729080e+03 7.726044e+03 7.756046e+03 7.759082e+03
12.5 7.709925e+03 7.725534e+03 7.756001e+03 7.740392e+03
13.5 7.712627e+03 7.725363e+03 7.756282e+03 7.743545e+03
14.5 7.665211e+03 7.725367e+03 7.756723e+03 7.696567e+03
15.5 7.720430e+03 7.725443e+03 7.757223e+03 7.752210e+03
16.5 7.703773e+03 7.725550e+03 7.757742e+03 7.735965e+03
17.5 7.756330e+03 7.724705e+03 7.757295e+03 7.788919e+03
18.5 7.761396e+03 7.703351e+03 7.736327e+03 7.794371e+03
19.5 7.701161e+03 7.660036e+03 7.693384e+03 7.734510e+03
20.5 7.645395e+03 7.624305e+03 7.658014e+03 7.679105e+03
21.5 7.632496e+03 7.607511e+03 7.641569e+03 7.666555e+03
22.5 7.646961e+03 7.604938e+03 7.637350e+03 7.679373e+03
23.5 7.669265e+03 7.630367e+03 7.639340e+03 7.678238e+03
24.5 7.697804e+03 7.672850e+03 7.643560e+03 7.668513e+03
25.5 7.690019e+03 7.705541e+03 7.647899e+03 7.632377e+03
26.5 7.730059e+03 7.721055e+03 7.651183e+03 7.660187e+03
27.5 7.659009e+03 7.725822e+03 7.653386e+03 7.586574e+03
28.5 7.652526e+03 7.725048e+03 7.654782e+03 7.582260e+03
29.5 7.701715e+03 7.722234e+03 7.655649e+03 7.635130e+03
30.5 7.679252e+03 7.719282e+03 7.656257e+03 7.616227e+03
31.5 7.704918e+03 7.717190e+03 7.656737e+03 7.644465e+03
32.5 7.704016e+03 7.715971e+03 7.657162e+03 7.645207e+03
33.5 7.689370e+03 7.715392e+03 7.657562e+03 7.631541e+03
0.8 7.616485e+03 7.617020e+03 7.668520e+03 7.667984e+03
1.8 7.601220e+03 7.636242e+03 7.686277e+03 7.651255e+03
2.8 7.646729e+03 7.681537e+03 7.728982e+03 7.694173e+03
3.8 7.647883e+03 7.722341e+03 7.767298e+03 7.692840e+03
4.8 7.711899e+03 7.743332e+03 7.786551e+03 7.755117e+03
5.8 7.748857e+03 7.750572e+03 7.792727e+03 7.791011e+03
6.8 7.736586e+03 7.750364e+03 7.791982e+03 7.778205e+03
7.8 7.693678e+03 7.747274e+03 7.788644e+03 7.735048e+03
8.8 7.747316e+03 7.743712e+03 7.784975e+03 7.788580e+03
9.8 7.701550e+03 7.741065e+03 7.782288e+03 7.742773e+03
10.8 7.733952e+03 7.739449e+03 7.780654e+03 7.775157e+03
11.8 7.762423e+03 7.738733e+03 7.779927e+03 7.803617e+03
12.8 7.703582e+03 7.738544e+03 7.779727e+03 7.744765e+03
13.8 7.758948e+03 7.738632e+03 7.779803e+03 7.800118e+03
14.8 7.748249e+03 7.738859e+03 7.780013e+03 7.789403e+03
15.8 7.770694e+03 7.739143e+03 7.780277e+03 7.811829e+03
16.8 7.757902e+03 7.739452e+03 7.780563e+03 7.799013e+03
17.8 7.761295e+03 7.736069e+03 7.777154e+03 7.802379e+03
18.8 7.772770e+03 7.705490e+03 7.746544e+03 7.813825e+03
19.8 7.739696e+03 7.662152e+03 7.703173e+03 7.780717e+03
20.8 7.696547e+03 7.632218e+03 7.673203e+03 7.737531e+03
21.8 7.645413e+03 7.620055e+03 7.660999e+03 7.686357e+03
22.8 7.599751e+03 7.618086e+03 7.658978e+03 7.640643e+03
23.8 7.548342e+03 7.626426e+03 7.661820e+03 7.583737e+03
24.8 7.663001e+03 7.655166e+03 7.666064e+03 7.673900e+03
25.8 7.677682e+03 7.687951e+03 7.670024e+03 7.659755e+03
26.8 7.742461e+03 7.707662e+03 7.672835e+03 7.707634e+03
27.8 7.670165e+03 7.715964e+03 7.674628e+03 7.628829e+03
28.8 7.754252e+03 7.717667e+03 7.675717e+03 7.712302e+03
29.8 7.701358e+03 7.716334e+03 7.676373e+03 7.661396e+03
30.8 7.735679e+03 7.714130e+03 7.676826e+03 7.698375e+03
31.8 7.733075e+03 7.712318e+03 7.677186e+03 7.697943e+03
32.8 7.723750e+03 7.711203e+03 7.677509e+03 7.690057e+03
33.8 7.707101e+03 7.710706e+03 7.677819e+03 7.674214e+03
