0.7 1.057903e+04 1.061487e+04 1.063925e+04 1.060342e+04
1.7 1.055081e+04 1.061914e+04 1.064358e+04 1.057525e+04
2.7 1.064771e+04 1.063285e+04 1.065638e+04 1.067125e+04
3.7 1.083141e+04 1.064558e+04 1.066804e+04 1.085387e+04
4.7 1.057416e+04 1.065269e+04 1.067425e+04 1.059572e+04
5.7 1.066132e+04 1.065533e+04 1.067627e+04 1.068226e+04
6.7 1.068782e+04 1.065541e+04 1.067602e+04 1.070843e+04
7.7 1.066075e+04 1.065442e+04 1.067485e+04 1.068117e+04
8.7 1.073234e+04 1.065324e+04 1.067358e+04 1.075269e+04
9.7 1.072380e+04 1.065226e+04 1.067258e+04 1.074412e+04
10.7 1.058435e+04 1.065158e+04 1.067190e+04 1.060467e+04
11.7 1.068788e+04 1.065117e+04 1.067150e+04 1.070821e+04
12.7 1.059908e+04 1.065093e+04 1.067128e+04 1.061943e+04
13.7 1.057344e+04 1.065078e+04 1.067116e+04 1.059382e+04
14.7 1.060894e+04 1.065066e+04 1.067109e+04 1.062936e+04
15.7 1.065062e+04 1.065056e+04 1.067103e+04 1.067109e+04
16.7 1.063148e+04 1.065047e+04 1.067099e+04 1.065200e+04
17.7 1.058759e+04 1.064952e+04 1.067010e+04 1.060817e+04
18.7 1.073610e+04 1.064101e+04 1.066165e+04 1.075674e+04
19.7 1.057021e+04 1.062751e+04 1.064823e+04 1.059093e+04
20.7 1.068905e+04 1.061759e+04 1.063839e+04 1.070985e+04
21.7 1.069413e+04 1.061324e+04 1.063412e+04 1.071501e+04
22.7 1.065001e+04 1.061245e+04 1.063317e+04 1.067074e+04
23.7 1.067776e+04 1.062135e+04 1.063384e+04 1.069025e+04
24.7 1.064649e+04 1.064267e+04 1.063501e+04 1.063883e+04
25.7 1.065552e+04 1.066184e+04 1.063614e+04 1.062982e+04
26.7 1.066302e+04 1.067156e+04 1.063694e+04 1.062840e+04
27.7 1.066123e+04 1.067473e+04 1.063742e+04 1.062392e+04
28.7 1.077861e+04 1.067435e+04 1.063767e+04 1.074193e+04
29.7 1.064583e+04 1.067259e+04 1.063779e+04 1.061102e+04
30.7 1.059634e+04 1.067061e+04 1.063785e+04 1.056358e+04
31.7 1.061853e+04 1.066906e+04 1.063787e+04 1.058735e+04
32.7 1.069700e+04 1.066799e+04 1.063789e+04 1.066690e+04
33.7 1.071635e+04 1.066735e+04 1.063791e+04 1.068691e+04
0.4 1.065694e+04 1.060614e+04 1.063826e+04 1.068906e+04
1.4 1.057401e+04 1.060964e+04 1.064079e+04 1.060516e+04
2.4 1.069283e+04 1.062244e+04 1.065196e+04 1.072235e+04
3.4 1.073114e+04 1.063707e+04 1.066509e+04 1.075916e+04
4.4 1.058170e+04 1.064573e+04 1.067281e+04 1.060878e+04
5.4 1.065967e+04 1.064917e+04 1.067580e+04 1.068630e+04
6.4 1.064406e+04 1.064959e+04 1.067611e+04 1.067059e+04
7.4 1.059340e+04 1.064861e+04 1.067524e+04 1.062003e+04
8.4 1.068047e+04 1.064723e+04 1.067406e+04 1.070731e+04
9.4 1.061355e+04 1.064602e+04 1.067311e+04 1.064064e+04
10.4 1.058752e+04 1.064512e+04 1.067249e+04 1.061489e+04
11.4 1.062966e+04 1.064450e+04 1.067216e+04 1.065732e+04
12.4 1.067324e+04 1.064408e+04 1.067203e+04 1.070119e+04
13.4 1.063845e+04 1.064376e+04 1.067202e+04 1.066670e+04
14.4 1.079057e+04 1.064350e+04 1.067206e+04 1.081913e+04
15.4 1.056683e+04 1.064325e+04 1.067213e+04 1.059570e+04
16.4 1.062515e+04 1.064302e+04 1.067221e+04 1.065434e+04
17.4 1.068418e+04 1.064256e+04 1.067207e+04 1.071368e+04
18.4 1.066247e+04 1.063626e+04 1.066609e+04 1.069230e+04
19.4 1.052045e+04 1.062288e+04 1.065303e+04 1.055061e+04
20.4 1.053769e+04 1.061163e+04 1.064212e+04 1.056817e+04
21.4 1.065456e+04 1.060578e+04 1.063660e+04 1.068538e+04
22.4 1.057728e+04 1.060397e+04 1.063513e+04 1.060843e+04
23.4 1.050802e+04 1.060472e+04 1.063562e+04 1.053892e+04
24.4 1.055287e+04 1.061243e+04 1.063685e+04 1.057729e+04
25.4 1.065592e+04 1.062487e+04 1.063812e+04 1.066917e+04
26.4 1.071761e+04 1.063421e+04 1.063913e+04 1.072253e+04
27.4 1.070128e+04 1.063835e+04 1.063978e+04 1.070272e+04
28.4 1.063169e+04 1.063931e+04 1.064019e+04 1.063258e+04
29.4 1.053891e+04 1.063865e+04 1.064044e+04 1.054069e+04
30.4 1.070762e+04 1.063745e+04 1.064060e+04 1.071077e+04
31.4 1.046833e+04 1.063623e+04 1.064073e+04 1.047283e+04
32.4 1.052418e+04 1.063529e+04 1.064085e+04 1.052975e+04
33.4 1.061848e+04 1.063460e+04 1.064096e+04 1.062484e+04
