0.4 8.450903e+03 8.621950e+03 8.693851e+03 8.522804e+03
1.4 8.617218e+03 8.629028e+03 8.697497e+03 8.685686e+03
2.4 8.600357e+03 8.652092e+03 8.717650e+03 8.665915e+03
3.4 8.644689e+03 8.677909e+03 8.741626e+03 8.708406e+03
4.4 8.641347e+03 8.693821e+03 8.756551e+03 8.704077e+03
5.4 8.704740e+03 8.700218e+03 8.762521e+03 8.767043e+03
6.4 8.697722e+03 8.700921e+03 8.763127e+03 8.759927e+03
7.4 8.717545e+03 8.699125e+03 8.761383e+03 8.779803e+03
8.4 8.718635e+03 8.696709e+03 8.759092e+03 8.781018e+03
9.4 8.706114e+03 8.694581e+03 8.757117e+03 8.768650e+03
10.4 8.737018e+03 8.693028e+03 8.755731e+03 8.799720e+03
11.4 8.694033e+03 8.692065e+03 8.754941e+03 8.756909e+03
12.4 8.670370e+03 8.691468e+03 8.754523e+03 8.733424e+03
13.4 8.819552e+03 8.691092e+03 8.754329e+03 8.882789e+03
14.4 8.650514e+03 8.690819e+03 8.754241e+03 8.713936e+03
15.4 8.738070e+03 8.690592e+03 8.754202e+03 8.801680e+03
16.4 8.625525e+03 8.690386e+03 8.754187e+03 8.689326e+03
17.4 8.695038e+03 8.689888e+03 8.753883e+03 8.759033e+03
18.4 8.664330e+03 8.679819e+03 8.744013e+03 8.728523e+03
19.4 8.624652e+03 8.655645e+03 8.720040e+03 8.689047e+03
20.4 8.421396e+03 8.633955e+03 8.698555e+03 8.485997e+03
21.4 8.743721e+03 8.623047e+03 8.687856e+03 8.808530e+03
22.4 8.696669e+03 8.620086e+03 8.684559e+03 8.761142e+03
23.4 8.743480e+03 8.646917e+03 8.685180e+03 8.781743e+03
24.4 8.777145e+03 8.720835e+03 8.687274e+03 8.743584e+03
25.4 8.779954e+03 8.790998e+03 8.689562e+03 8.678518e+03
26.4 8.815885e+03 8.827617e+03 8.691301e+03 8.679569e+03
27.4 8.854300e+03 8.840053e+03 8.692451e+03 8.706697e+03
28.4 8.813576e+03 8.839245e+03 8.693094e+03 8.667424e+03
29.4 8.838794e+03 8.833232e+03 8.693446e+03 8.699007e+03
30.4 8.826490e+03 8.826268e+03 8.693649e+03 8.693871e+03
31.4 8.932092e+03 8.820857e+03 8.693782e+03 8.805017e+03
32.4 8.810223e+03 8.817253e+03 8.693893e+03 8.686863e+03
33.4 8.824488e+03 8.815265e+03 8.693998e+03 8.703220e+03
