1.069337e+04 1.055178e+04 1.053956e+04 1.070558e+04
1.055412e+04 1.055172e+04 1.054019e+04 1.056565e+04
1.058875e+04 1.055167e+04 1.054082e+04 1.059960e+04
1.062317e+04 1.055403e+04 1.054486e+04 1.063234e+04
1.054848e+04 1.056382e+04 1.055939e+04 1.055290e+04
1.056604e+04 1.057485e+04 1.057568e+04 1.056522e+04
1.061414e+04 1.058114e+04 1.058523e+04 1.061005e+04
1.057401e+04 1.058346e+04 1.058917e+04 1.056831e+04
1.060910e+04 1.058351e+04 1.058988e+04 1.060273e+04
1.063808e+04 1.058262e+04 1.058925e+04 1.063145e+04
1.062977e+04 1.058149e+04 1.058827e+04 1.062299e+04
1.053791e+04 1.058056e+04 1.058758e+04 1.053089e+04
1.064390e+04 1.057991e+04 1.058727e+04 1.063654e+04
1.057408e+04 1.057952e+04 1.058733e+04 1.056627e+04
1.051326e+04 1.057929e+04 1.058760e+04 1.050494e+04
1.057500e+04 1.057915e+04 1.058800e+04 1.056615e+04
1.045083e+04 1.057906e+04 1.058845e+04 1.044144e+04
1.058849e+04 1.057899e+04 1.058892e+04 1.057855e+04
1.057996e+04 1.057892e+04 1.058939e+04 1.056948e+04
1.055892e+04 1.057861e+04 1.058951e+04 1.054802e+04
1.071838e+04 1.057292e+04 1.058201e+04 1.070929e+04
1.056792e+04 1.056147e+04 1.056635e+04 1.056303e+04
1.060657e+04 1.055201e+04 1.055351e+04 1.060507e+04
1.047259e+04 1.054751e+04 1.054767e+04 1.047243e+04
1.053251e+04 1.054623e+04 1.054689e+04 1.053185e+04
1.055281e+04 1.054657e+04 1.055417e+04 1.054521e+04
1.051877e+04 1.054751e+04 1.056620e+04 1.050007e+04
1.060812e+04 1.054847e+04 1.057564e+04 1.058095e+04
1.051209e+04 1.054917e+04 1.058042e+04 1.048085e+04
1.046228e+04 1.054959e+04 1.058222e+04 1.042965e+04
1.062501e+04 1.054979e+04 1.058246e+04 1.059235e+04
1.055976e+04 1.054987e+04 1.058209e+04 1.052754e+04
1.059444e+04 1.054987e+04 1.058166e+04 1.056266e+04
1.048824e+04 1.054985e+04 1.058143e+04 1.045667e+04
1.059496e+04 1.054982e+04 1.058141e+04 1.056337e+04
1.053223e+04 1.054979e+04 1.058155e+04 1.050047e+04
1.068844e+04 1.054975e+04 1.058179e+04 1.065641e+04
1.063293e+04 1.054972e+04 1.058206e+04 1.060058e+04
1.053617e+04 1.054969e+04 1.058236e+04 1.050350e+04
1.053429e+04 1.054966e+04 1.058266e+04 1.050130e+04
1.057766e+04 1.054964e+04 1.058295e+04 1.054435e+04
1.061034e+04 1.054961e+04 1.058108e+04 1.057888e+04
1.062278e+04 1.054959e+04 1.057236e+04 1.060001e+04
1.057589e+04 1.054957e+04 1.056305e+04 1.056242e+04
1.048402e+04 1.054956e+04 1.055769e+04 1.047589e+04
1.052658e+04 1.054963e+04 1.055571e+04 1.052050e+04
1.060003e+04 1.055418e+04 1.054941e+04 1.060480e+04
1.049629e+04 1.056748e+04 1.053160e+04 1.053217e+04
1.046309e+04 1.057959e+04 1.051563e+04 1.052704e+04
1.050694e+04 1.058608e+04 1.050744e+04 1.058558e+04
1.062754e+04 1.058825e+04 1.050513e+04 1.071066e+04
1.058401e+04 1.058807e+04 1.050590e+04 1.066618e+04
1.061305e+04 1.058695e+04 1.050786e+04 1.069214e+04
1.063274e+04 1.058573e+04 1.050987e+04 1.070860e+04
1.056974e+04 1.058477e+04 1.051146e+04 1.064305e+04
1.055846e+04 1.058415e+04 1.051257e+04 1.063003e+04
1.041901e+04 1.058383e+04 1.051324e+04 1.048959e+04
1.045470e+04 1.058368e+04 1.051366e+04 1.052471e+04
1.045292e+04 1.058363e+04 1.051394e+04 1.052261e+04
1.051776e+04 1.058363e+04 1.051414e+04 1.058725e+04
1.053725e+04 1.058366e+04 1.051432e+04 1.060659e+04
1.024317e+04 1.058369e+04 1.051447e+04 1.031239e+04
1.056992e+04 1.058285e+04 1.051585e+04 1.063691e+04
1.051086e+04 1.057422e+04 1.052827e+04 1.055681e+04
1.052922e+04 1.056044e+04 1.054795e+04 1.054172e+04
1.063480e+04 1.055037e+04 1.056239e+04 1.062278e+04
1.059228e+04 1.054605e+04 1.056869e+04 1.056963e+04
1.062981e+04 1.054528e+04 1.057036e+04 1.060473e+04
1.056201e+04 1.055062e+04 1.057595e+04 1.053668e+04
1.048581e+04 1.056303e+04 1.059004e+04 1.045880e+04
1.065127e+04 1.057424e+04 1.060257e+04 1.062294e+04
1.058801e+04 1.058011e+04 1.060852e+04 1.055959e+04
1.055145e+04 1.058223e+04 1.061007e+04 1.052361e+04
1.055657e+04 1.058229e+04 1.060941e+04 1.052945e+04
1.055712e+04 1.058154e+04 1.060797e+04 1.053068e+04
1.057793e+04 1.058063e+04 1.060650e+04 1.055207e+04
1.057108e+04 1.057996e+04 1.060543e+04 1.054561e+04
1.051637e+04 1.057955e+04 1.060477e+04 1.049114e+04
1.063102e+04 1.057937e+04 1.060445e+04 1.060595e+04
1.066413e+04 1.057934e+04 1.060432e+04 1.063915e+04
1.059627e+04 1.057938e+04 1.060429e+04 1.057136e+04
1.063573e+04 1.057946e+04 1.060431e+04 1.061089e+04
1.069481e+04 1.057956e+04 1.060434e+04 1.067003e+04
1.070256e+04 1.057966e+04 1.060437e+04 1.067785e+04
1.066087e+04 1.057880e+04 1.060303e+04 1.063664e+04
1.065431e+04 1.057081e+04 1.059161e+04 1.063351e+04
1.056455e+04 1.055948e+04 1.057545e+04 1.054858e+04
1.056505e+04 1.055167e+04 1.056425e+04 1.055247e+04
1.053520e+04 1.054851e+04 1.055964e+04 1.052407e+04
1.054102e+04 1.054803e+04 1.055880e+04 1.053026e+04
1.049583e+04 1.055139e+04 1.055614e+04 1.049107e+04
1.045853e+04 1.056402e+04 1.054140e+04 1.048114e+04
1.047818e+04 1.057861e+04 1.052368e+04 1.053311e+04
1.051333e+04 1.058731e+04 1.051345e+04 1.058719e+04
1.039760e+04 1.059086e+04 1.050973e+04 1.047872e+04
1.047790e+04 1.059147e+04 1.050967e+04 1.055970e+04
1.054340e+04 1.059074e+04 1.051117e+04 1.062297e+04
1.050720e+04 1.058965e+04 1.051304e+04 1.058380e+04
1.047731e+04 1.058876e+04 1.051456e+04 1.055151e+04
1.046447e+04 1.058820e+04 1.051558e+04 1.053710e+04
1.051298e+04 1.058794e+04 1.051617e+04 1.058475e+04
1.039192e+04 1.058789e+04 1.051646e+04 1.046335e+04
1.048609e+04 1.058796e+04 1.051660e+04 1.055745e+04
1.065623e+04 1.058808e+04 1.051665e+04 1.072766e+04
1.061766e+04 1.058823e+04 1.051667e+04 1.068921e+04
1.055266e+04 1.058839e+04 1.051668e+04 1.062436e+04
1.052385e+04 1.058832e+04 1.051701e+04 1.059517e+04
1.049109e+04 1.058223e+04 1.052586e+04 1.054746e+04
1.060573e+04 1.056884e+04 1.054504e+04 1.062953e+04
1.059574e+04 1.055766e+04 1.056110e+04 1.059231e+04
1.058999e+04 1.055205e+04 1.056929e+04 1.057275e+04
1.066009e+04 1.055061e+04 1.057158e+04 1.063911e+04
1.052251e+04 1.055120e+04 1.057153e+04 1.050218e+04
1.048996e+04 1.055255e+04 1.057595e+04 1.046656e+04
1.053045e+04 1.055393e+04 1.058447e+04 1.049991e+04
1.056841e+04 1.055505e+04 1.059086e+04 1.053260e+04
1.051750e+04 1.055580e+04 1.059347e+04 1.047983e+04
1.062473e+04 1.055630e+04 1.059384e+04 1.058719e+04
1.055268e+04 1.055663e+04 1.059318e+04 1.051614e+04
1.060184e+04 1.055688e+04 1.059221e+04 1.056651e+04
1.055846e+04 1.055709e+04 1.059132e+04 1.052423e+04
1.064834e+04 1.055729e+04 1.059072e+04 1.061491e+04
1.065111e+04 1.055748e+04 1.059036e+04 1.061823e+04
1.061508e+04 1.055767e+04 1.059021e+04 1.058255e+04
1.062620e+04 1.055786e+04 1.059016e+04 1.059390e+04
1.063865e+04 1.055805e+04 1.059017e+04 1.060653e+04
1.061586e+04 1.055824e+04 1.059020e+04 1.058389e+04
1.054784e+04 1.055843e+04 1.059026e+04 1.051601e+04
1.068426e+04 1.055862e+04 1.059031e+04 1.065256e+04
1.060060e+04 1.055881e+04 1.058836e+04 1.057104e+04
1.060013e+04 1.055900e+04 1.057956e+04 1.057957e+04
1.058619e+04 1.055919e+04 1.056998e+04 1.057539e+04
1.064938e+04 1.055938e+04 1.056424e+04 1.064452e+04
1.045319e+04 1.055957e+04 1.056224e+04 1.045052e+04
1.059470e+04 1.055976e+04 1.056220e+04 1.059226e+04
1.053688e+04 1.055995e+04 1.056306e+04 1.053377e+04
1.054647e+04 1.056014e+04 1.056646e+04 1.054016e+04
1.050723e+04 1.056033e+04 1.058025e+04 1.048731e+04
1.050706e+04 1.056052e+04 1.059620e+04 1.047138e+04
1.058999e+04 1.056071e+04 1.060617e+04 1.054453e+04
1.057876e+04 1.056090e+04 1.061030e+04 1.052936e+04
1.068165e+04 1.056108e+04 1.061093e+04 1.063180e+04
1.065661e+04 1.056127e+04 1.061004e+04 1.060785e+04
1.055059e+04 1.056146e+04 1.060878e+04 1.050327e+04
1.048382e+04 1.056164e+04 1.060773e+04 1.043774e+04
1.067243e+04 1.056182e+04 1.060705e+04 1.062720e+04
1.063873e+04 1.056201e+04 1.060676e+04 1.059397e+04
1.072451e+04 1.056219e+04 1.060671e+04 1.067999e+04
1.066435e+04 1.056237e+04 1.060682e+04 1.061990e+04
1.058669e+04 1.056255e+04 1.060699e+04 1.054225e+04
1.064820e+04 1.056273e+04 1.060720e+04 1.060372e+04
1.054408e+04 1.056291e+04 1.060744e+04 1.049955e+04
1.060012e+04 1.056308e+04 1.060750e+04 1.055570e+04
1.062206e+04 1.056326e+04 1.060147e+04 1.058385e+04
1.053538e+04 1.056343e+04 1.058647e+04 1.051234e+04
1.053845e+04 1.056360e+04 1.057306e+04 1.052899e+04
1.052211e+04 1.056377e+04 1.056653e+04 1.051935e+04
1.051784e+04 1.056394e+04 1.056472e+04 1.051705e+04
1.052145e+04 1.056410e+04 1.056578e+04 1.051978e+04
1.050742e+04 1.056427e+04 1.056840e+04 1.050329e+04
1.055020e+04 1.056443e+04 1.057110e+04 1.054353e+04
1.045584e+04 1.056459e+04 1.057301e+04 1.044742e+04
1.060517e+04 1.056475e+04 1.057423e+04 1.059569e+04
1.060247e+04 1.056490e+04 1.057496e+04 1.059242e+04
1.051827e+04 1.056505e+04 1.057544e+04 1.050789e+04
1.054541e+04 1.056521e+04 1.057583e+04 1.053478e+04
1.066318e+04 1.056535e+04 1.057621e+04 1.065233e+04
1.066490e+04 1.056550e+04 1.057660e+04 1.065380e+04
1.061652e+04 1.056565e+04 1.057702e+04 1.060515e+04
1.058186e+04 1.056579e+04 1.057747e+04 1.057018e+04
1.040268e+04 1.056593e+04 1.057794e+04 1.039068e+04
1.063403e+04 1.056607e+04 1.057842e+04 1.062168e+04
1.068881e+04 1.056621e+04 1.057893e+04 1.067609e+04
1.058050e+04 1.056635e+04 1.057945e+04 1.056740e+04
1.065584e+04 1.056648e+04 1.057991e+04 1.064241e+04
1.053805e+04 1.056662e+04 1.057978e+04 1.052489e+04
1.059831e+04 1.056675e+04 1.057929e+04 1.058576e+04
1.062197e+04 1.056687e+04 1.057911e+04 1.060973e+04
1.059363e+04 1.056700e+04 1.057938e+04 1.058125e+04
1.062406e+04 1.056712e+04 1.057991e+04 1.061128e+04
1.066455e+04 1.056724e+04 1.058057e+04 1.065123e+04
1.054324e+04 1.056736e+04 1.057713e+04 1.053347e+04
1.057891e+04 1.056748e+04 1.055858e+04 1.058780e+04
1.050209e+04 1.056759e+04 1.053788e+04 1.053181e+04
1.046469e+04 1.056770e+04 1.052571e+04 1.050668e+04
1.046981e+04 1.056781e+04 1.052143e+04 1.051619e+04
1.063742e+04 1.056791e+04 1.052178e+04 1.068355e+04
1.047883e+04 1.056802e+04 1.052413e+04 1.052272e+04
1.064646e+04 1.056812e+04 1.052691e+04 1.068766e+04
1.060338e+04 1.056821e+04 1.052938e+04 1.064221e+04
1.054202e+04 1.056831e+04 1.053133e+04 1.057900e+04
1.051800e+04 1.056840e+04 1.053278e+04 1.055362e+04
1.051433e+04 1.056849e+04 1.053393e+04 1.054889e+04
1.045302e+04 1.056858e+04 1.053490e+04 1.048670e+04
1.058246e+04 1.056866e+04 1.053581e+04 1.061532e+04
1.062515e+04 1.056874e+04 1.053670e+04 1.065720e+04
1.048432e+04 1.056881e+04 1.053760e+04 1.051554e+04
1.052497e+04 1.056887e+04 1.053895e+04 1.055490e+04
1.048197e+04 1.056893e+04 1.055003e+04 1.050087e+04
1.058062e+04 1.056897e+04 1.057310e+04 1.057649e+04
1.055462e+04 1.056902e+04 1.059293e+04 1.053071e+04
1.062756e+04 1.056906e+04 1.060302e+04 1.059360e+04
