0.6 1.159266e+04 1.167756e+04 1.168905e+04 1.160415e+04
1.6 1.158251e+04 1.165920e+04 1.166929e+04 1.159261e+04
2.6 1.158004e+04 1.159651e+04 1.160518e+04 1.158871e+04
3.6 1.156359e+04 1.153139e+04 1.153863e+04 1.157083e+04
4.6 1.146232e+04 1.149607e+04 1.150187e+04 1.146812e+04
5.6 1.158209e+04 1.148380e+04 1.148816e+04 1.158645e+04
6.6 1.146439e+04 1.148438e+04 1.148732e+04 1.146733e+04
7.6 1.169269e+04 1.149010e+04 1.149167e+04 1.169426e+04
8.6 1.157473e+04 1.149690e+04 1.149713e+04 1.157497e+04
9.6 1.159048e+04 1.150234e+04 1.150125e+04 1.158939e+04
10.6 1.141040e+04 1.150610e+04 1.150368e+04 1.140798e+04
11.6 1.154138e+04 1.150831e+04 1.150455e+04 1.153763e+04
12.6 1.148310e+04 1.150960e+04 1.150449e+04 1.147800e+04
13.6 1.153087e+04 1.151039e+04 1.150393e+04 1.152441e+04
14.6 1.156904e+04 1.151095e+04 1.150312e+04 1.156122e+04
15.6 1.150870e+04 1.151141e+04 1.150221e+04 1.149950e+04
16.6 1.149704e+04 1.151184e+04 1.150127e+04 1.148646e+04
17.6 1.166967e+04 1.151484e+04 1.150287e+04 1.165771e+04
18.6 1.151329e+04 1.155466e+04 1.154131e+04 1.149994e+04
19.6 1.160341e+04 1.162509e+04 1.161034e+04 1.158866e+04
20.6 1.151925e+04 1.167985e+04 1.166371e+04 1.150311e+04
21.6 1.153466e+04 1.170428e+04 1.168730e+04 1.151768e+04
22.6 1.157417e+04 1.170382e+04 1.169248e+04 1.156282e+04
23.6 1.159346e+04 1.168874e+04 1.168849e+04 1.159321e+04
24.6 1.159902e+04 1.167404e+04 1.168141e+04 1.160638e+04
25.6 1.162656e+04 1.166422e+04 1.167436e+04 1.163670e+04
26.6 1.166897e+04 1.165942e+04 1.166905e+04 1.167861e+04
27.6 1.156414e+04 1.165781e+04 1.166544e+04 1.157177e+04
28.6 1.156682e+04 1.165796e+04 1.166305e+04 1.157190e+04
29.6 1.171645e+04 1.165883e+04 1.166144e+04 1.171906e+04
30.6 1.174272e+04 1.165980e+04 1.166022e+04 1.174313e+04
31.6 1.164739e+04 1.166064e+04 1.165917e+04 1.164592e+04
32.6 1.154874e+04 1.166133e+04 1.165820e+04 1.154561e+04
33.6 1.156347e+04 1.166192e+04 1.165726e+04 1.155880e+04
0.5 1.198942e+04 1.170111e+04 1.164805e+04 1.193636e+04
1.5 1.151126e+04 1.168596e+04 1.163239e+04 1.145769e+04
2.5 1.157886e+04 1.162354e+04 1.156973e+04 1.152505e+04
3.5 1.141140e+04 1.155733e+04 1.150307e+04 1.135714e+04
4.5 1.145867e+04 1.151856e+04 1.146356e+04 1.140367e+04
5.5 1.149038e+04 1.150411e+04 1.144813e+04 1.143439e+04
6.5 1.133641e+04 1.150371e+04 1.144656e+04 1.127925e+04
7.5 1.143417e+04 1.150930e+04 1.145089e+04 1.137576e+04
8.5 1.148200e+04 1.151605e+04 1.145635e+04 1.142230e+04
9.5 1.138827e+04 1.152175e+04 1.146075e+04 1.132727e+04
10.5 1.119918e+04 1.152578e+04 1.146347e+04 1.113687e+04
11.5 1.141731e+04 1.152820e+04 1.146459e+04 1.135370e+04
12.5 1.140948e+04 1.152965e+04 1.146475e+04 1.134457e+04
13.5 1.136125e+04 1.153052e+04 1.146433e+04 1.129506e+04
14.5 1.155706e+04 1.153113e+04 1.146367e+04 1.148959e+04
15.5 1.147483e+04 1.153163e+04 1.146289e+04 1.140610e+04
16.5 1.177945e+04 1.153207e+04 1.146207e+04 1.170945e+04
17.5 1.174739e+04 1.153425e+04 1.146301e+04 1.167615e+04
18.5 1.192240e+04 1.156872e+04 1.149624e+04 1.184991e+04
19.5 1.189757e+04 1.163846e+04 1.156474e+04 1.182386e+04
20.5 1.184979e+04 1.169609e+04 1.162115e+04 1.177485e+04
21.5 1.172982e+04 1.172350e+04 1.164735e+04 1.165367e+04
22.5 1.168255e+04 1.172826e+04 1.165406e+04 1.160836e+04
23.5 1.148654e+04 1.167548e+04 1.165079e+04 1.146186e+04
24.5 1.150436e+04 1.157316e+04 1.164398e+04 1.157518e+04
25.5 1.142593e+04 1.148997e+04 1.163698e+04 1.157294e+04
26.5 1.136126e+04 1.145007e+04 1.163164e+04 1.154283e+04
27.5 1.131860e+04 1.143810e+04 1.162798e+04 1.150848e+04
28.5 1.152539e+04 1.144079e+04 1.162570e+04 1.171031e+04
29.5 1.157541e+04 1.144884e+04 1.162421e+04 1.175078e+04
30.5 1.154636e+04 1.145740e+04 1.162312e+04 1.171208e+04
31.5 1.149432e+04 1.146379e+04 1.162224e+04 1.165277e+04
32.5 1.146816e+04 1.146796e+04 1.162143e+04 1.162163e+04
33.5 1.149342e+04 1.147028e+04 1.162066e+04 1.164381e+04
