0.9 8.570581e+03 8.647420e+03 8.714055e+03 8.637216e+03
1.9 8.665931e+03 8.674834e+03 8.739493e+03 8.730590e+03
2.9 8.756937e+03 8.727964e+03 8.788314e+03 8.817287e+03
3.9 8.751975e+03 8.771401e+03 8.827318e+03 8.807892e+03
4.9 8.771780e+03 8.792577e+03 8.845174e+03 8.824377e+03
5.9 8.810114e+03 8.799303e+03 8.849687e+03 8.860499e+03
6.9 8.814186e+03 8.798368e+03 8.847462e+03 8.863280e+03
7.9 8.808786e+03 8.794581e+03 8.842911e+03 8.857116e+03
8.9 8.817397e+03 8.790470e+03 8.838312e+03 8.865239e+03
9.9 8.753728e+03 8.787432e+03 8.834925e+03 8.801221e+03
10.9 8.781355e+03 8.785508e+03 8.832713e+03 8.828560e+03
11.9 8.795411e+03 8.784516e+03 8.831463e+03 8.842358e+03
12.9 8.774742e+03 8.784051e+03 8.830758e+03 8.821450e+03
13.9 8.787295e+03 8.783854e+03 8.830337e+03 8.833778e+03
14.9 8.749377e+03 8.783789e+03 8.830057e+03 8.795646e+03
15.9 8.728960e+03 8.783774e+03 8.829840e+03 8.775026e+03
16.9 8.713006e+03 8.783772e+03 8.829647e+03 8.758881e+03
17.9 8.767325e+03 8.776390e+03 8.822085e+03 8.813020e+03
18.9 8.709815e+03 8.736189e+03 8.781716e+03 8.755342e+03
19.9 8.679493e+03 8.688396e+03 8.733767e+03 8.724864e+03
20.9 8.651372e+03 8.658121e+03 8.703348e+03 8.696599e+03
21.9 8.647509e+03 8.646644e+03 8.691727e+03 8.692593e+03
22.9 8.628305e+03 8.651028e+03 8.690307e+03 8.667584e+03
23.9 8.746807e+03 8.682135e+03 8.693579e+03 8.758251e+03
24.9 8.791885e+03 8.718115e+03 8.697960e+03 8.771730e+03
25.9 8.789044e+03 8.741529e+03 8.701814e+03 8.749328e+03
26.9 8.765218e+03 8.751348e+03 8.704354e+03 8.718223e+03
27.9 8.750189e+03 8.753510e+03 8.705809e+03 8.702488e+03
28.9 8.712572e+03 8.751966e+03 8.706547e+03 8.667153e+03
29.9 8.748461e+03 8.749336e+03 8.706859e+03 8.705984e+03
30.9 8.754178e+03 8.746902e+03 8.706985e+03 8.714260e+03
31.9 8.757764e+03 8.745263e+03 8.707030e+03 8.719531e+03
32.9 8.769874e+03 8.744308e+03 8.707051e+03 8.732618e+03
33.9 8.771123e+03 8.743813e+03 8.707072e+03 8.734382e+03
0.9 8.625984e+03 8.653120e+03 8.709208e+03 8.682072e+03
1.9 8.722205e+03 8.681002e+03 8.734411e+03 8.775614e+03
2.9 8.815896e+03 8.732874e+03 8.783583e+03 8.866605e+03
3.9 8.808555e+03 8.774168e+03 8.822870e+03 8.857256e+03
4.9 8.870803e+03 8.794862e+03 8.842353e+03 8.918294e+03
5.9 8.831220e+03 8.800617e+03 8.847578e+03 8.878181e+03
6.9 8.849498e+03 8.799136e+03 8.845956e+03 8.896318e+03
7.9 8.779188e+03 8.795010e+03 8.841911e+03 8.826088e+03
8.9 8.795986e+03 8.790787e+03 8.837872e+03 8.843070e+03
9.9 8.727994e+03 8.787525e+03 8.834842e+03 8.775311e+03
10.9 8.711303e+03 8.785544e+03 8.833122e+03 8.758881e+03
11.9 8.776647e+03 8.784447e+03 8.832301e+03 8.824501e+03
12.9 8.766011e+03 8.783925e+03 8.832069e+03 8.814155e+03
13.9 8.834249e+03 8.783683e+03 8.832128e+03 8.882695e+03
14.9 8.834738e+03 8.783568e+03 8.832325e+03 8.883495e+03
15.9 8.797365e+03 8.783507e+03 8.832588e+03 8.846445e+03
16.9 8.765726e+03 8.783462e+03 8.832875e+03 8.815139e+03
17.9 8.725329e+03 8.776566e+03 8.826323e+03 8.775086e+03
18.9 8.660683e+03 8.738301e+03 8.788413e+03 8.710794e+03
19.9 8.649057e+03 8.688964e+03 8.739440e+03 8.699533e+03
20.9 8.608680e+03 8.658606e+03 8.709456e+03 8.659530e+03
21.9 8.684825e+03 8.646233e+03 8.697460e+03 8.736052e+03
22.9 8.630683e+03 8.650012e+03 8.696334e+03 8.677005e+03
23.9 8.765559e+03 8.679601e+03 8.699899e+03 8.785857e+03
24.9 8.776289e+03 8.716670e+03 8.704850e+03 8.764468e+03
25.9 8.754576e+03 8.740025e+03 8.709111e+03 8.723662e+03
26.9 8.715244e+03 8.750456e+03 8.712222e+03 8.677010e+03
27.9 8.812636e+03 8.752711e+03 8.714157e+03 8.774081e+03
28.9 8.781058e+03 8.751240e+03 8.715349e+03 8.745166e+03
29.9 8.675427e+03 8.748518e+03 8.716131e+03 8.643040e+03
30.9 8.701603e+03 8.746082e+03 8.716703e+03 8.672225e+03
31.9 8.738650e+03 8.744334e+03 8.717194e+03 8.711510e+03
32.9 8.746251e+03 8.743329e+03 8.717656e+03 8.720578e+03
33.9 8.718667e+03 8.742799e+03 8.718111e+03 8.693979e+03
