0.1 9.020948e+03 9.269408e+03 9.318911e+03 9.070451e+03
1.1 9.036324e+03 9.099570e+03 9.318986e+03 9.255740e+03
2.1 9.089665e+03 9.235585e+03 9.319801e+03 9.173882e+03
3.1 9.163786e+03 9.261937e+03 9.320564e+03 9.222413e+03
4.1 9.143732e+03 9.312229e+03 9.320191e+03 9.151694e+03
5.1 9.104268e+03 9.233006e+03 9.319496e+03 9.190759e+03
6.1 9.519588e+03 9.283821e+03 9.319041e+03 9.554808e+03
7.1 9.540553e+03 9.293279e+03 9.318814e+03 9.566088e+03
8.1 9.473860e+03 9.268361e+03 9.318729e+03 9.524227e+03
9.1 9.614630e+03 9.314348e+03 9.318727e+03 9.619009e+03
10.1 9.550045e+03 9.298124e+03 9.318761e+03 9.570682e+03
11.1 9.526797e+03 9.337520e+03 9.318797e+03 9.508073e+03
12.1 9.465848e+03 9.347217e+03 9.318823e+03 9.437455e+03
13.1 9.823623e+03 9.544141e+03 9.318838e+03 9.598320e+03
14.1 9.266535e+03 9.379328e+03 9.318843e+03 9.206050e+03
15.1 9.017429e+03 9.305440e+03 9.318844e+03 9.030833e+03
16.1 9.095565e+03 9.275843e+03 9.318842e+03 9.138564e+03
17.1 9.044282e+03 9.208359e+03 9.318838e+03 9.154762e+03
0.2 9.303174e+03 9.372034e+03 9.318811e+03 9.249951e+03
1.2 9.330685e+03 9.347278e+03 9.318936e+03 9.302342e+03
2.2 9.342273e+03 9.336812e+03 9.319834e+03 9.325295e+03
3.2 9.372072e+03 9.294140e+03 9.320411e+03 9.398342e+03
4.2 9.076908e+03 9.266360e+03 9.319946e+03 9.130494e+03
5.2 9.172390e+03 9.321433e+03 9.319297e+03 9.170254e+03
6.2 9.132545e+03 9.337556e+03 9.318901e+03 9.113890e+03
7.2 9.382748e+03 9.285054e+03 9.318710e+03 9.416405e+03
8.2 9.408987e+03 9.351046e+03 9.318646e+03 9.376587e+03
9.2 9.368473e+03 9.353364e+03 9.318653e+03 9.333762e+03
10.2 9.390810e+03 9.373254e+03 9.318690e+03 9.336246e+03
11.2 9.240885e+03 9.157382e+03 9.318790e+03 9.402294e+03
12.2 9.410195e+03 9.316958e+03 9.319557e+03 9.412794e+03
13.2 9.330810e+03 9.178639e+03 9.320186e+03 9.472358e+03
14.2 9.322614e+03 9.267970e+03 9.319834e+03 9.374478e+03
15.2 9.248637e+03 9.222804e+03 9.319257e+03 9.345090e+03
16.2 9.276701e+03 9.282111e+03 9.318892e+03 9.313482e+03
17.2 9.276488e+03 9.271956e+03 9.318714e+03 9.323246e+03
1.0 9.240885e+03 9.157382e+03 9.318790e+03 9.402294e+03
2.0 9.410195e+03 9.316958e+03 9.319557e+03 9.412794e+03
3.0 9.330810e+03 9.178639e+03 9.320186e+03 9.472358e+03
4.0 9.322614e+03 9.267970e+03 9.319834e+03 9.374478e+03
5.0 9.248637e+03 9.222804e+03 9.319257e+03 9.345090e+03
6.0 9.276701e+03 9.282111e+03 9.318892e+03 9.313482e+03
7.0 9.276488e+03 9.271956e+03 9.318714e+03 9.323246e+03
8.0 9.239697e+03 9.326167e+03 9.318651e+03 9.232181e+03
9.0 9.233204e+03 9.303126e+03 9.318656e+03 9.248734e+03
10.0 9.374621e+03 9.317140e+03 9.318688e+03 9.376169e+03
11.0 9.355215e+03 9.248081e+03 9.318722e+03 9.425856e+03
12.0 9.294901e+03 9.325196e+03 9.318844e+03 9.288549e+03
13.0 9.402695e+03 9.320079e+03 9.319764e+03 9.402381e+03
14.0 9.397347e+03 9.273992e+03 9.320556e+03 9.443911e+03
15.0 9.260991e+03 9.297281e+03 9.320157e+03 9.283867e+03
16.0 9.493296e+03 9.386042e+03 9.319436e+03 9.426690e+03
17.0 9.305307e+03 9.337685e+03 9.318950e+03 9.286572e+03
18.0 9.279270e+03 9.284957e+03 9.318704e+03 9.313018e+03
0.1 9.355215e+03 9.248081e+03 9.318722e+03 9.425856e+03
1.1 9.294901e+03 9.325196e+03 9.318844e+03 9.288549e+03
2.1 9.402695e+03 9.320079e+03 9.319764e+03 9.402381e+03
3.1 9.397347e+03 9.273992e+03 9.320556e+03 9.443911e+03
4.1 9.260991e+03 9.297281e+03 9.320157e+03 9.283867e+03
5.1 9.493296e+03 9.386042e+03 9.319436e+03 9.426690e+03
6.1 9.305307e+03 9.337685e+03 9.318950e+03 9.286572e+03
7.1 9.279270e+03 9.284957e+03 9.318704e+03 9.313018e+03
8.1 9.343128e+03 9.343898e+03 9.318621e+03 9.317850e+03
9.1 9.380283e+03 9.367935e+03 9.318624e+03 9.330972e+03
10.1 9.329838e+03 9.381596e+03 9.318665e+03 9.266907e+03
11.1 9.330203e+03 9.367144e+03 9.318724e+03 9.281784e+03
12.1 9.397619e+03 9.348182e+03 9.319262e+03 9.368699e+03
13.1 9.352797e+03 9.324462e+03 9.319873e+03 9.348209e+03
14.1 9.350849e+03 9.333322e+03 9.319670e+03 9.337197e+03
15.1 9.324218e+03 9.378577e+03 9.319218e+03 9.264860e+03
16.1 9.327286e+03 9.383045e+03 9.318908e+03 9.263149e+03
17.1 9.300750e+03 9.347000e+03 9.318751e+03 9.272501e+03
0.8 9.330203e+03 9.367144e+03 9.318724e+03 9.281784e+03
1.8 9.397619e+03 9.348182e+03 9.319262e+03 9.368699e+03
2.8 9.352797e+03 9.324462e+03 9.319873e+03 9.348209e+03
3.8 9.350849e+03 9.333322e+03 9.319670e+03 9.337197e+03
4.8 9.324218e+03 9.378577e+03 9.319218e+03 9.264860e+03
5.8 9.327286e+03 9.383045e+03 9.318908e+03 9.263149e+03
6.8 9.300750e+03 9.347000e+03 9.318751e+03 9.272501e+03
7.8 9.284238e+03 9.313618e+03 9.318695e+03 9.289315e+03
8.8 9.216095e+03 9.313816e+03 9.318696e+03 9.220974e+03
9.8 9.329462e+03 9.359748e+03 9.318721e+03 9.288436e+03
10.8 9.314984e+03 9.348840e+03 9.318750e+03 9.284895e+03
11.8 9.295409e+03 9.339040e+03 9.318775e+03 9.275144e+03
12.8 9.228815e+03 9.301060e+03 9.319074e+03 9.246829e+03
13.8 9.456541e+03 9.341394e+03 9.319845e+03 9.434992e+03
14.8 9.395795e+03 9.323874e+03 9.319852e+03 9.391772e+03
15.8 9.303224e+03 9.372270e+03 9.319391e+03 9.250345e+03
16.8 9.256971e+03 9.307465e+03 9.319006e+03 9.268512e+03
17.8 9.406778e+03 9.315031e+03 9.318806e+03 9.410553e+03
0.5 9.295409e+03 9.339040e+03 9.318775e+03 9.275144e+03
1.5 9.228815e+03 9.301060e+03 9.319074e+03 9.246829e+03
2.5 9.456541e+03 9.341394e+03 9.319845e+03 9.434992e+03
3.5 9.395795e+03 9.323874e+03 9.319852e+03 9.391772e+03
4.5 9.303224e+03 9.372270e+03 9.319391e+03 9.250345e+03
5.5 9.256971e+03 9.307465e+03 9.319006e+03 9.268512e+03
6.5 9.406778e+03 9.315031e+03 9.318806e+03 9.410553e+03
7.5 9.306613e+03 9.290254e+03 9.318722e+03 9.335081e+03
8.5 9.195756e+03 9.262389e+03 9.318709e+03 9.252076e+03
9.5 9.207039e+03 9.281493e+03 9.318730e+03 9.244277e+03
10.5 9.400744e+03 9.339550e+03 9.318762e+03 9.379955e+03
11.5 9.300009e+03 9.368160e+03 9.318788e+03 9.250637e+03
12.5 9.237343e+03 9.290788e+03 9.318805e+03 9.265360e+03
13.5 9.348410e+03 9.246452e+03 9.318815e+03 9.420773e+03
14.5 9.435310e+03 9.296489e+03 9.318821e+03 9.457642e+03
15.5 9.501512e+03 9.345630e+03 9.318825e+03 9.474707e+03
16.5 9.494007e+03 9.362356e+03 9.318827e+03 9.450478e+03
17.5 9.337898e+03 9.356092e+03 9.318829e+03 9.300635e+03
0.2 9.196669e+03 9.253755e+03 9.318835e+03 9.261748e+03
1.2 9.361484e+03 9.342180e+03 9.318964e+03 9.338268e+03
2.2 9.312255e+03 9.299328e+03 9.319942e+03 9.332869e+03
3.2 9.256100e+03 9.255014e+03 9.320720e+03 9.321805e+03
4.2 9.337844e+03 9.343146e+03 9.320292e+03 9.314990e+03
5.2 9.444029e+03 9.320393e+03 9.319520e+03 9.443155e+03
6.2 9.395184e+03 9.273048e+03 9.319017e+03 9.441152e+03
7.2 9.319202e+03 9.287528e+03 9.318766e+03 9.350440e+03
8.2 9.286462e+03 9.292612e+03 9.318682e+03 9.312532e+03
9.2 9.363045e+03 9.323121e+03 9.318688e+03 9.358611e+03
10.2 9.339603e+03 9.294655e+03 9.318734e+03 9.363682e+03
11.2 9.314424e+03 9.309205e+03 9.318781e+03 9.324000e+03
12.2 9.162737e+03 9.254917e+03 9.318818e+03 9.226638e+03
13.2 9.225358e+03 9.267570e+03 9.318840e+03 9.276629e+03
14.2 9.258457e+03 9.288705e+03 9.318853e+03 9.288605e+03
15.2 9.236788e+03 9.313481e+03 9.318860e+03 9.242166e+03
16.2 9.320869e+03 9.299476e+03 9.318864e+03 9.340257e+03
17.2 9.358120e+03 9.321170e+03 9.319088e+03 9.356037e+03
0.4 9.320869e+03 9.299476e+03 9.318864e+03 9.340257e+03
1.4 9.358120e+03 9.321170e+03 9.319088e+03 9.356037e+03
2.4 9.344743e+03 9.282446e+03 9.319873e+03 9.382170e+03
3.4 9.311143e+03 9.277197e+03 9.319998e+03 9.353944e+03
4.4 9.213231e+03 9.269092e+03 9.319533e+03 9.263672e+03
5.4 9.220961e+03 9.278131e+03 9.319122e+03 9.261953e+03
6.4 9.224168e+03 9.280656e+03 9.318890e+03 9.262403e+03
7.4 9.238210e+03 9.260277e+03 9.318794e+03 9.296728e+03
8.4 9.336764e+03 9.278983e+03 9.318773e+03 9.376555e+03
9.4 9.404197e+03 9.373643e+03 9.318793e+03 9.349347e+03
10.4 9.359029e+03 9.334963e+03 9.318825e+03 9.342890e+03
11.4 9.393358e+03 9.354819e+03 9.318853e+03 9.357392e+03
12.4 9.299784e+03 9.371126e+03 9.318872e+03 9.247530e+03
13.4 9.363471e+03 9.340433e+03 9.318883e+03 9.341921e+03
14.4 9.336959e+03 9.320130e+03 9.318890e+03 9.335718e+03
15.4 9.281782e+03 9.263734e+03 9.318893e+03 9.336941e+03
16.4 9.273137e+03 9.472195e+03 9.318896e+03 9.119838e+03
17.4 9.452332e+03 9.501589e+03 9.318898e+03 9.269640e+03
0.1 9.354546e+03 9.338391e+03 9.318910e+03 9.335065e+03
1.1 9.221917e+03 9.258791e+03 9.318999e+03 9.282126e+03
2.1 9.218388e+03 9.300705e+03 9.319832e+03 9.237515e+03
3.1 9.152096e+03 9.212640e+03 9.320524e+03 9.259980e+03
4.1 9.345459e+03 9.414182e+03 9.320129e+03 9.251406e+03
5.1 9.511184e+03 9.415692e+03 9.319485e+03 9.414977e+03
6.1 9.389932e+03 9.389813e+03 9.319054e+03 9.319172e+03
7.1 9.267361e+03 9.399714e+03 9.318850e+03 9.186496e+03
8.1 9.121724e+03 9.422594e+03 9.318779e+03 9.017908e+03
9.1 9.179557e+03 9.357852e+03 9.318785e+03 9.140490e+03
10.1 9.178170e+03 9.332420e+03 9.318823e+03 9.164573e+03
11.1 9.184561e+03 9.249925e+03 9.318863e+03 9.253499e+03
12.1 9.244509e+03 9.282739e+03 9.318892e+03 9.280663e+03
13.1 9.287599e+03 9.342271e+03 9.318910e+03 9.264238e+03
14.1 9.276143e+03 9.373347e+03 9.318919e+03 9.221715e+03
15.1 9.178102e+03 9.320239e+03 9.318924e+03 9.176787e+03
16.1 9.234176e+03 9.287710e+03 9.318925e+03 9.265391e+03
17.1 9.161149e+03 9.290799e+03 9.318926e+03 9.189276e+03
0.5 9.345648e+03 9.321426e+03 9.318848e+03 9.343070e+03
1.5 9.471867e+03 9.292969e+03 9.319192e+03 9.498090e+03
2.5 9.239135e+03 9.316426e+03 9.320071e+03 9.242779e+03
3.5 9.161922e+03 9.275883e+03 9.320114e+03 9.206152e+03
4.5 9.264106e+03 9.241458e+03 9.319549e+03 9.342197e+03
5.5 9.325814e+03 9.305965e+03 9.319081e+03 9.338930e+03
6.5 9.369973e+03 9.401776e+03 9.318819e+03 9.287016e+03
7.5 9.437357e+03 9.392956e+03 9.318709e+03 9.363110e+03
8.5 9.370640e+03 9.350357e+03 9.318684e+03 9.338967e+03
9.5 9.390122e+03 9.305109e+03 9.318703e+03 9.403715e+03
10.5 9.370828e+03 9.269839e+03 9.318956e+03 9.419945e+03
11.5 9.205082e+03 9.232209e+03 9.319874e+03 9.292747e+03
12.5 9.245807e+03 9.314034e+03 9.320073e+03 9.251846e+03
13.5 9.305276e+03 9.327948e+03 9.319574e+03 9.296903e+03
14.5 9.210259e+03 9.318098e+03 9.319082e+03 9.211244e+03
15.5 9.177738e+03 9.310375e+03 9.318809e+03 9.186173e+03
16.5 9.177257e+03 9.306590e+03 9.318685e+03 9.189353e+03
17.5 9.328115e+03 9.301469e+03 9.318666e+03 9.345312e+03
0.4 9.390122e+03 9.305109e+03 9.318703e+03 9.403715e+03
1.4 9.370828e+03 9.269839e+03 9.318956e+03 9.419945e+03
2.4 9.205082e+03 9.232209e+03 9.319874e+03 9.292747e+03
3.4 9.245807e+03 9.314034e+03 9.320073e+03 9.251846e+03
4.4 9.305276e+03 9.327948e+03 9.319574e+03 9.296903e+03
5.4 9.210259e+03 9.318098e+03 9.319082e+03 9.211244e+03
6.4 9.177738e+03 9.310375e+03 9.318809e+03 9.186173e+03
7.4 9.177257e+03 9.306590e+03 9.318685e+03 9.189353e+03
8.4 9.328115e+03 9.301469e+03 9.318666e+03 9.345312e+03
9.4 9.321923e+03 9.278540e+03 9.319179e+03 9.362562e+03
10.4 9.420736e+03 9.309342e+03 9.320108e+03 9.431502e+03
11.4 9.374402e+03 9.325022e+03 9.320028e+03 9.369409e+03
12.4 9.238184e+03 9.301808e+03 9.319430e+03 9.255807e+03
13.4 9.206184e+03 9.289134e+03 9.318981e+03 9.236031e+03
14.4 9.282811e+03 9.333863e+03 9.318744e+03 9.267691e+03
15.4 9.417116e+03 9.325636e+03 9.318648e+03 9.410129e+03
16.4 9.218796e+03 9.339642e+03 9.318637e+03 9.197792e+03
17.4 9.307881e+03 9.358196e+03 9.318668e+03 9.268353e+03
0.7 9.328115e+03 9.301469e+03 9.318666e+03 9.345312e+03
1.7 9.321923e+03 9.278540e+03 9.319179e+03 9.362562e+03
2.7 9.420736e+03 9.309342e+03 9.320108e+03 9.431502e+03
3.7 9.374402e+03 9.325022e+03 9.320028e+03 9.369409e+03
4.7 9.238184e+03 9.301808e+03 9.319430e+03 9.255807e+03
5.7 9.206184e+03 9.289134e+03 9.318981e+03 9.236031e+03
6.7 9.282811e+03 9.333863e+03 9.318744e+03 9.267691e+03
7.7 9.417116e+03 9.325636e+03 9.318648e+03 9.410129e+03
8.7 9.218796e+03 9.339642e+03 9.318637e+03 9.197792e+03
9.7 9.307881e+03 9.358196e+03 9.318668e+03 9.268353e+03
10.7 9.406245e+03 9.345929e+03 9.318707e+03 9.379023e+03
11.7 9.286633e+03 9.325698e+03 9.318739e+03 9.279674e+03
12.7 9.369313e+03 9.341392e+03 9.318761e+03 9.346682e+03
