0.5 9.671990e+03 9.739172e+03 9.720740e+03 9.653558e+03
1.5 9.820737e+03 9.744707e+03 9.712932e+03 9.788963e+03
2.5 9.732669e+03 9.718308e+03 9.684271e+03 9.698632e+03
3.5 9.661556e+03 9.727742e+03 9.671668e+03 9.605482e+03
4.5 9.860801e+03 9.736616e+03 9.687124e+03 9.811309e+03
5.5 9.514466e+03 9.600441e+03 9.705624e+03 9.619649e+03
6.5 9.723263e+03 9.574283e+03 9.715953e+03 9.864932e+03
7.5 9.589171e+03 9.665951e+03 9.706845e+03 9.630065e+03
8.5 9.601611e+03 9.650821e+03 9.682121e+03 9.632911e+03
9.5 9.784981e+03 9.676681e+03 9.683100e+03 9.791401e+03
10.5 9.579612e+03 9.636224e+03 9.699380e+03 9.642768e+03
11.5 9.568757e+03 9.660111e+03 9.711808e+03 9.620454e+03
12.5 9.529985e+03 9.651330e+03 9.718156e+03 9.596811e+03
13.5 9.574012e+03 9.648179e+03 9.720542e+03 9.646374e+03
14.5 9.560528e+03 9.669600e+03 9.720547e+03 9.611475e+03
15.5 9.770330e+03 9.755790e+03 9.719431e+03 9.733971e+03
16.5 1.014427e+04 9.747962e+03 9.718117e+03 1.011442e+04
17.5 9.901916e+03 9.751488e+03 9.717040e+03 9.867468e+03
0.8 9.723263e+03 9.574283e+03 9.715953e+03 9.864932e+03
1.8 9.589171e+03 9.665951e+03 9.706845e+03 9.630065e+03
2.8 9.601611e+03 9.650821e+03 9.682121e+03 9.632911e+03
3.8 9.784981e+03 9.676681e+03 9.683100e+03 9.791401e+03
4.8 9.579612e+03 9.636224e+03 9.699380e+03 9.642768e+03
5.8 9.568757e+03 9.660111e+03 9.711808e+03 9.620454e+03
6.8 9.529985e+03 9.651330e+03 9.718156e+03 9.596811e+03
7.8 9.574012e+03 9.648179e+03 9.720542e+03 9.646374e+03
8.8 9.560528e+03 9.669600e+03 9.720547e+03 9.611475e+03
9.8 9.770330e+03 9.755790e+03 9.719431e+03 9.733971e+03
10.8 1.014427e+04 9.747962e+03 9.718117e+03 1.011442e+04
11.8 9.901916e+03 9.751488e+03 9.717040e+03 9.867468e+03
12.8 1.004025e+04 9.769455e+03 9.716296e+03 9.987089e+03
13.8 9.797527e+03 9.723582e+03 9.715844e+03 9.789789e+03
14.8 9.859429e+03 9.692681e+03 9.715559e+03 9.882307e+03
15.8 9.858084e+03 9.707179e+03 9.715371e+03 9.866276e+03
16.8 9.657705e+03 9.729354e+03 9.715233e+03 9.643584e+03
17.8 9.722602e+03 9.766863e+03 9.715121e+03 9.670860e+03
0.8 9.838335e+03 9.719105e+03 9.714230e+03 9.833460e+03
1.8 9.638568e+03 9.740304e+03 9.701003e+03 9.599268e+03
2.8 9.768513e+03 9.713421e+03 9.677458e+03 9.732550e+03
3.8 9.920540e+03 9.700960e+03 9.680254e+03 9.899834e+03
4.8 9.683764e+03 9.639730e+03 9.696561e+03 9.740594e+03
5.8 9.931830e+03 9.638797e+03 9.708786e+03 1.000182e+04
6.8 9.675468e+03 9.643115e+03 9.715231e+03 9.747583e+03
7.8 9.717410e+03 9.675929e+03 9.717886e+03 9.759367e+03
8.8 9.799962e+03 9.701239e+03 9.718237e+03 9.816959e+03
9.8 9.871118e+03 9.774971e+03 9.717495e+03 9.813641e+03
10.8 9.749844e+03 9.732935e+03 9.711648e+03 9.728557e+03
11.8 9.703944e+03 9.746380e+03 9.687499e+03 9.645063e+03
12.8 9.601639e+03 9.711840e+03 9.678383e+03 9.568182e+03
13.8 9.686324e+03 9.724706e+03 9.691197e+03 9.652816e+03
14.8 9.750234e+03 9.738681e+03 9.705386e+03 9.716939e+03
15.8 9.731729e+03 9.766882e+03 9.713496e+03 9.678343e+03
16.8 9.865228e+03 9.724685e+03 9.717208e+03 9.857751e+03
17.8 9.743084e+03 9.685955e+03 9.718263e+03 9.775392e+03
0.3 9.871118e+03 9.774971e+03 9.717495e+03 9.813641e+03
1.3 9.749844e+03 9.732935e+03 9.711648e+03 9.728557e+03
2.3 9.703944e+03 9.746380e+03 9.687499e+03 9.645063e+03
3.3 9.601639e+03 9.711840e+03 9.678383e+03 9.568182e+03
4.3 9.686324e+03 9.724706e+03 9.691197e+03 9.652816e+03
5.3 9.750234e+03 9.738681e+03 9.705386e+03 9.716939e+03
6.3 9.731729e+03 9.766882e+03 9.713496e+03 9.678343e+03
7.3 9.865228e+03 9.724685e+03 9.717208e+03 9.857751e+03
8.3 9.743084e+03 9.685955e+03 9.718263e+03 9.775392e+03
9.3 9.428349e+03 9.660740e+03 9.717850e+03 9.485458e+03
10.3 9.502389e+03 9.674113e+03 9.716912e+03 9.545188e+03
11.3 9.698204e+03 9.673078e+03 9.716060e+03 9.741186e+03
12.3 9.602147e+03 9.712323e+03 9.715450e+03 9.605274e+03
13.3 9.617970e+03 9.746675e+03 9.707688e+03 9.578983e+03
14.3 9.654158e+03 9.712426e+03 9.679242e+03 9.620974e+03
15.3 9.700723e+03 9.697987e+03 9.666926e+03 9.669662e+03
16.3 9.764281e+03 9.694531e+03 9.682697e+03 9.752448e+03
17.3 1.002525e+04 9.951545e+03 9.701140e+03 9.774841e+03
0.5 9.602147e+03 9.712323e+03 9.715450e+03 9.605274e+03
1.5 9.617970e+03 9.746675e+03 9.707688e+03 9.578983e+03
2.5 9.654158e+03 9.712426e+03 9.679242e+03 9.620974e+03
3.5 9.700723e+03 9.697987e+03 9.666926e+03 9.669662e+03
4.5 9.764281e+03 9.694531e+03 9.682697e+03 9.752448e+03
5.5 1.002525e+04 9.951545e+03 9.701140e+03 9.774841e+03
6.5 9.926023e+03 9.847134e+03 9.712575e+03 9.791464e+03
7.5 9.748327e+03 9.723244e+03 9.717692e+03 9.742775e+03
8.5 9.763467e+03 9.714120e+03 9.719205e+03 9.768551e+03
9.5 9.809807e+03 9.730969e+03 9.718718e+03 9.797556e+03
10.5 9.704869e+03 9.691099e+03 9.717520e+03 9.731289e+03
11.5 9.682475e+03 9.750528e+03 9.716341e+03 9.648287e+03
12.5 9.739914e+03 9.746002e+03 9.715530e+03 9.709442e+03
13.5 9.544988e+03 9.709763e+03 9.715042e+03 9.550267e+03
14.5 9.748726e+03 9.691297e+03 9.714789e+03 9.772219e+03
15.5 9.783367e+03 9.691707e+03 9.714654e+03 9.806314e+03
16.5 9.755409e+03 9.686280e+03 9.714573e+03 9.783703e+03
17.5 9.627177e+03 9.666414e+03 9.714521e+03 9.675284e+03
0.1 9.776585e+03 9.763826e+03 9.714240e+03 9.726999e+03
1.1 9.720698e+03 9.752535e+03 9.712396e+03 9.680559e+03
2.1 9.740708e+03 9.727721e+03 9.693650e+03 9.706637e+03
3.1 9.639332e+03 9.724562e+03 9.682313e+03 9.597083e+03
4.1 9.744904e+03 9.675409e+03 9.691970e+03 9.761466e+03
5.1 9.411657e+03 9.626549e+03 9.704342e+03 9.489450e+03
6.1 9.595166e+03 9.650043e+03 9.711983e+03 9.657106e+03
7.1 9.631882e+03 9.689040e+03 9.709580e+03 9.652421e+03
8.1 9.683178e+03 9.702448e+03 9.685209e+03 9.665939e+03
9.1 9.878140e+03 9.706951e+03 9.675727e+03 9.846916e+03
10.1 9.778411e+03 9.724316e+03 9.689341e+03 9.743436e+03
11.1 9.682853e+03 9.726018e+03 9.704075e+03 9.660909e+03
12.1 9.620703e+03 9.658404e+03 9.712851e+03 9.675151e+03
13.1 9.796641e+03 9.643167e+03 9.716638e+03 9.870111e+03
14.1 9.792569e+03 9.640893e+03 9.717610e+03 9.869286e+03
15.1 9.644354e+03 9.641349e+03 9.717043e+03 9.720048e+03
16.1 9.580782e+03 9.658135e+03 9.715963e+03 9.638611e+03
17.1 9.741866e+03 9.702782e+03 9.714947e+03 9.754031e+03
0.4 9.595166e+03 9.650043e+03 9.711983e+03 9.657106e+03
1.4 9.631882e+03 9.689040e+03 9.709580e+03 9.652421e+03
2.4 9.683178e+03 9.702448e+03 9.685209e+03 9.665939e+03
3.4 9.878140e+03 9.706951e+03 9.675727e+03 9.846916e+03
4.4 9.778411e+03 9.724316e+03 9.689341e+03 9.743436e+03
5.4 9.682853e+03 9.726018e+03 9.704075e+03 9.660909e+03
6.4 9.620703e+03 9.658404e+03 9.712851e+03 9.675151e+03
7.4 9.796641e+03 9.643167e+03 9.716638e+03 9.870111e+03
8.4 9.792569e+03 9.640893e+03 9.717610e+03 9.869286e+03
9.4 9.644354e+03 9.641349e+03 9.717043e+03 9.720048e+03
10.4 9.580782e+03 9.658135e+03 9.715963e+03 9.638611e+03
11.4 9.741866e+03 9.702782e+03 9.714947e+03 9.754031e+03
12.4 9.774729e+03 9.757593e+03 9.714264e+03 9.731401e+03
13.4 9.736537e+03 9.742175e+03 9.713861e+03 9.708224e+03
14.4 9.733316e+03 9.705987e+03 9.713658e+03 9.740987e+03
15.4 9.758273e+03 9.709123e+03 9.713554e+03 9.762704e+03
16.4 9.735174e+03 9.725434e+03 9.713498e+03 9.723237e+03
17.4 9.668136e+03 9.732612e+03 9.713463e+03 9.648987e+03
0.2 9.797095e+03 9.738393e+03 9.713331e+03 9.772033e+03
1.2 9.745533e+03 9.764607e+03 9.710369e+03 9.691295e+03
2.2 9.668731e+03 9.742299e+03 9.690021e+03 9.616453e+03
3.2 9.678888e+03 9.716237e+03 9.680116e+03 9.642767e+03
4.2 9.664070e+03 9.719856e+03 9.691067e+03 9.635281e+03
5.2 9.642670e+03 9.727051e+03 9.704137e+03 9.619757e+03
6.2 9.747249e+03 9.687615e+03 9.711764e+03 9.771398e+03
7.2 9.622478e+03 9.662063e+03 9.715318e+03 9.675733e+03
8.2 9.832827e+03 9.693488e+03 9.716409e+03 9.855749e+03
9.2 9.605527e+03 9.692609e+03 9.716121e+03 9.629040e+03
10.2 9.815476e+03 9.775682e+03 9.715315e+03 9.755108e+03
11.2 9.780073e+03 9.773818e+03 9.714561e+03 9.720817e+03
12.2 9.748716e+03 9.735941e+03 9.714041e+03 9.726817e+03
13.2 9.608521e+03 9.688036e+03 9.713745e+03 9.634229e+03
14.2 9.748652e+03 9.709198e+03 9.713613e+03 9.753068e+03
15.2 9.793566e+03 9.699081e+03 9.713569e+03 9.808054e+03
16.2 9.676647e+03 9.714102e+03 9.713568e+03 9.676114e+03
17.2 9.908851e+03 9.726957e+03 9.713583e+03 9.895476e+03
0.4 9.730469e+03 9.759935e+03 9.713646e+03 9.684180e+03
1.4 9.630283e+03 9.595408e+03 9.707586e+03 9.742461e+03
2.4 9.584973e+03 9.697548e+03 9.680168e+03 9.567592e+03
3.4 9.760499e+03 9.753114e+03 9.665386e+03 9.672771e+03
4.4 9.629710e+03 9.713566e+03 9.680046e+03 9.596190e+03
5.4 9.671111e+03 9.718996e+03 9.698903e+03 9.651018e+03
6.4 9.732329e+03 9.729047e+03 9.710931e+03 9.714213e+03
7.4 9.663120e+03 9.682419e+03 9.716431e+03 9.697132e+03
8.4 9.588803e+03 9.690478e+03 9.718174e+03 9.616499e+03
9.4 9.601922e+03 9.697336e+03 9.717802e+03 9.622387e+03
10.4 9.712866e+03 9.718402e+03 9.716642e+03 9.711106e+03
11.4 9.714967e+03 9.742456e+03 9.715463e+03 9.687974e+03
12.4 9.686527e+03 9.726754e+03 9.714645e+03 9.674418e+03
13.4 9.780522e+03 9.695485e+03 9.714156e+03 9.799194e+03
14.4 9.752035e+03 9.702311e+03 9.713913e+03 9.763638e+03
15.4 9.745650e+03 9.690822e+03 9.713797e+03 9.768625e+03
16.4 9.670591e+03 9.702241e+03 9.713740e+03 9.682090e+03
17.4 9.913232e+03 9.748267e+03 9.713708e+03 9.878673e+03
0.3 9.913232e+03 9.748267e+03 9.713708e+03 9.878673e+03
1.3 9.836964e+03 9.725763e+03 9.709159e+03 9.820359e+03
2.3 9.847628e+03 9.710317e+03 9.684057e+03 9.821368e+03
3.3 9.686531e+03 9.717645e+03 9.669746e+03 9.638633e+03
4.3 9.704263e+03 9.695597e+03 9.683007e+03 9.691673e+03
5.3 9.698538e+03 9.652561e+03 9.700089e+03 9.746066e+03
6.3 9.654857e+03 9.620372e+03 9.710949e+03 9.745434e+03
7.3 9.582263e+03 9.642759e+03 9.715905e+03 9.655409e+03
8.3 9.633940e+03 9.671409e+03 9.717459e+03 9.679991e+03
9.3 9.595192e+03 9.710416e+03 9.717112e+03 9.601889e+03
10.3 9.683994e+03 9.746944e+03 9.716032e+03 9.653082e+03
11.3 9.671513e+03 9.756214e+03 9.714930e+03 9.630229e+03
12.3 9.751656e+03 9.732522e+03 9.714157e+03 9.733291e+03
13.3 9.663536e+03 9.702981e+03 9.713692e+03 9.674248e+03
14.3 9.751770e+03 9.703170e+03 9.713437e+03 9.762037e+03
15.3 9.653271e+03 9.699787e+03 9.713307e+03 9.666790e+03
16.3 9.636630e+03 9.698820e+03 9.713232e+03 9.651042e+03
17.3 9.653358e+03 9.723314e+03 9.713182e+03 9.643227e+03
1.0 9.627980e+03 9.724636e+03 9.711999e+03 9.615344e+03
2.0 9.641776e+03 9.717502e+03 9.694844e+03 9.619118e+03
3.0 9.620071e+03 9.697080e+03 9.681217e+03 9.604209e+03
4.0 9.690335e+03 9.710968e+03 9.689563e+03 9.668930e+03
5.0 9.736601e+03 9.710944e+03 9.702235e+03 9.727892e+03
6.0 9.688073e+03 9.826402e+03 9.710389e+03 9.572061e+03
7.0 9.655937e+03 9.714107e+03 9.714408e+03 9.656237e+03
8.0 9.664647e+03 9.766618e+03 9.715725e+03 9.613755e+03
9.0 9.622769e+03 9.720723e+03 9.715584e+03 9.617630e+03
10.0 9.569468e+03 9.660034e+03 9.714844e+03 9.624278e+03
11.0 9.758034e+03 9.674810e+03 9.714069e+03 9.797294e+03
12.0 9.781907e+03 9.728722e+03 9.713491e+03 9.766677e+03
13.0 9.640283e+03 9.716707e+03 9.713160e+03 9.636736e+03
14.0 9.640562e+03 9.685468e+03 9.712991e+03 9.668085e+03
15.0 9.718517e+03 9.717792e+03 9.712923e+03 9.713648e+03
16.0 9.800223e+03 9.744222e+03 9.712905e+03 9.768905e+03
17.0 9.802131e+03 9.739262e+03 9.712911e+03 9.775780e+03
18.0 9.777127e+03 9.737194e+03 9.712931e+03 9.752865e+03
0.3 9.770203e+03 9.714438e+03 9.714039e+03 9.769803e+03
1.3 9.669147e+03 9.724560e+03 9.709669e+03 9.654257e+03
2.3 9.709581e+03 9.702212e+03 9.685839e+03 9.693208e+03
3.3 9.694497e+03 9.683800e+03 9.674905e+03 9.685602e+03
4.3 9.806271e+03 9.703577e+03 9.688180e+03 9.790873e+03
5.3 9.697061e+03 9.718711e+03 9.703649e+03 9.681998e+03
6.3 9.645757e+03 9.712453e+03 9.713281e+03 9.646585e+03
