0.4 7.140002e+03 7.281888e+03 7.152459e+03 7.010573e+03
1.4 6.913536e+03 7.121902e+03 7.143025e+03 6.934658e+03
2.4 6.852433e+03 7.027198e+03 7.123048e+03 6.948283e+03
3.4 6.989962e+03 7.174259e+03 7.125734e+03 6.941437e+03
4.4 6.960844e+03 7.007956e+03 7.138492e+03 7.091379e+03
5.4 7.082425e+03 7.132106e+03 7.148239e+03 7.098558e+03
6.4 7.439635e+03 7.119152e+03 7.153155e+03 7.473639e+03
7.4 7.150158e+03 7.179038e+03 7.155174e+03 7.126295e+03
8.4 7.074964e+03 7.070816e+03 7.155426e+03 7.159574e+03
9.4 7.168722e+03 7.204305e+03 7.154862e+03 7.119279e+03
10.4 6.956522e+03 7.115894e+03 7.154100e+03 6.994728e+03
11.4 7.218760e+03 7.153793e+03 7.153510e+03 7.218477e+03
12.4 7.312797e+03 7.121161e+03 7.153138e+03 7.344774e+03
13.4 6.962358e+03 7.150325e+03 7.152955e+03 6.964987e+03
14.4 7.109893e+03 7.209623e+03 7.152876e+03 7.053146e+03
15.4 7.225608e+03 7.126332e+03 7.152850e+03 7.252126e+03
16.4 7.280061e+03 7.173329e+03 7.152848e+03 7.259580e+03
17.4 7.276049e+03 7.178680e+03 7.152854e+03 7.250223e+03
0.1 6.821693e+03 7.120428e+03 7.152918e+03 6.854183e+03
1.1 7.335677e+03 7.186220e+03 7.148923e+03 7.298381e+03
2.1 7.514955e+03 7.214616e+03 7.127439e+03 7.427779e+03
3.1 7.175292e+03 7.262862e+03 7.123230e+03 7.035661e+03
4.1 6.986659e+03 7.180892e+03 7.135337e+03 6.941104e+03
5.1 7.258952e+03 7.101271e+03 7.146221e+03 7.303903e+03
6.1 7.328190e+03 7.131050e+03 7.152306e+03 7.349446e+03
7.1 7.479324e+03 7.186028e+03 7.155035e+03 7.448331e+03
8.1 7.310993e+03 7.199404e+03 7.155664e+03 7.267253e+03
9.1 7.614816e+03 7.171229e+03 7.155221e+03 7.598808e+03
10.1 7.381178e+03 7.208213e+03 7.154454e+03 7.327420e+03
11.1 7.254416e+03 7.147203e+03 7.153776e+03 7.260989e+03
12.1 7.194796e+03 7.131312e+03 7.153313e+03 7.216797e+03
13.1 7.081277e+03 7.170794e+03 7.153060e+03 7.063544e+03
14.1 7.073775e+03 7.180894e+03 7.152932e+03 7.045813e+03
15.1 6.947847e+03 7.138054e+03 7.152873e+03 6.962666e+03
16.1 7.087482e+03 7.127993e+03 7.152845e+03 7.112334e+03
17.1 7.386706e+03 7.166031e+03 7.152828e+03 7.373503e+03
0.3 7.246845e+03 7.127388e+03 7.152506e+03 7.271964e+03
1.3 7.210868e+03 7.109787e+03 7.146469e+03 7.247549e+03
2.3 7.288501e+03 7.130744e+03 7.125011e+03 7.282768e+03
3.3 7.260231e+03 7.062915e+03 7.123789e+03 7.321105e+03
4.3 7.247191e+03 7.037607e+03 7.136119e+03 7.345703e+03
5.3 7.154027e+03 7.208943e+03 7.146699e+03 7.091784e+03
6.3 7.294411e+03 7.150810e+03 7.152239e+03 7.295840e+03
7.3 7.267219e+03 7.021448e+03 7.154616e+03 7.400387e+03
8.3 7.021508e+03 6.937869e+03 7.155037e+03 7.238676e+03
9.3 6.990595e+03 7.034811e+03 7.154509e+03 7.110292e+03
10.3 6.927391e+03 7.158579e+03 7.153693e+03 6.922505e+03
11.3 7.126556e+03 7.176979e+03 7.153014e+03 7.102591e+03
12.3 6.928274e+03 6.706279e+03 7.152554e+03 7.374550e+03
13.3 6.911897e+03 6.712828e+03 7.152296e+03 7.351365e+03
14.3 7.296626e+03 7.137077e+03 7.152155e+03 7.311704e+03
15.3 7.334629e+03 7.486421e+03 7.152073e+03 7.000282e+03
16.3 7.066588e+03 7.101699e+03 7.152021e+03 7.116910e+03
17.3 7.157325e+03 7.208847e+03 7.151979e+03 7.100457e+03
