0.5 9.383759e+03 9.365228e+03 9.371412e+03 9.389943e+03
1.5 9.447046e+03 9.375278e+03 9.376763e+03 9.448531e+03
2.5 9.457771e+03 9.369304e+03 9.396407e+03 9.484875e+03
3.5 9.517325e+03 9.367084e+03 9.405045e+03 9.555286e+03
4.5 9.234883e+03 9.391823e+03 9.394452e+03 9.237511e+03
5.5 9.423437e+03 9.392132e+03 9.381772e+03 9.413077e+03
6.5 9.271096e+03 9.375478e+03 9.374693e+03 9.270311e+03
7.5 9.329726e+03 9.385292e+03 9.380936e+03 9.325369e+03
8.5 9.497053e+03 9.435452e+03 9.397880e+03 9.459481e+03
9.5 9.327140e+03 9.390834e+03 9.397209e+03 9.333515e+03
10.5 9.355877e+03 9.300482e+03 9.386052e+03 9.441447e+03
11.5 9.236355e+03 9.136516e+03 9.377534e+03 9.477374e+03
12.5 9.453659e+03 9.333158e+03 9.373183e+03 9.493684e+03
13.5 9.461629e+03 9.413814e+03 9.371548e+03 9.419363e+03
14.5 9.454380e+03 9.433251e+03 9.371545e+03 9.392674e+03
15.5 9.349135e+03 9.386207e+03 9.372309e+03 9.335237e+03
16.5 9.173729e+03 9.365164e+03 9.373210e+03 9.181774e+03
17.5 9.279513e+03 9.352060e+03 9.373948e+03 9.301401e+03
0.8 9.271096e+03 9.375478e+03 9.374693e+03 9.270311e+03
1.8 9.329726e+03 9.385292e+03 9.380936e+03 9.325369e+03
2.8 9.497053e+03 9.435452e+03 9.397880e+03 9.459481e+03
3.8 9.327140e+03 9.390834e+03 9.397209e+03 9.333515e+03
4.8 9.355877e+03 9.300482e+03 9.386052e+03 9.441447e+03
5.8 9.236355e+03 9.136516e+03 9.377534e+03 9.477374e+03
6.8 9.453659e+03 9.333158e+03 9.373183e+03 9.493684e+03
7.8 9.461629e+03 9.413814e+03 9.371548e+03 9.419363e+03
8.8 9.454380e+03 9.433251e+03 9.371545e+03 9.392674e+03
9.8 9.349135e+03 9.386207e+03 9.372309e+03 9.335237e+03
10.8 9.173729e+03 9.365164e+03 9.373210e+03 9.181774e+03
11.8 9.279513e+03 9.352060e+03 9.373948e+03 9.301401e+03
12.8 9.320936e+03 9.358960e+03 9.374458e+03 9.336433e+03
13.8 9.280651e+03 9.344127e+03 9.374768e+03 9.311292e+03
14.8 9.503434e+03 9.358886e+03 9.374963e+03 9.519511e+03
15.8 9.331547e+03 9.378815e+03 9.375092e+03 9.327824e+03
16.8 9.335568e+03 9.424067e+03 9.375187e+03 9.286689e+03
17.8 9.362400e+03 9.378821e+03 9.375263e+03 9.358843e+03
0.8 9.478805e+03 9.359001e+03 9.375874e+03 9.495677e+03
1.8 9.336223e+03 9.366173e+03 9.384940e+03 9.354989e+03
2.8 9.337433e+03 9.375037e+03 9.401076e+03 9.363471e+03
3.8 9.120455e+03 9.374399e+03 9.399160e+03 9.145216e+03
4.8 9.254511e+03 9.373306e+03 9.387984e+03 9.269189e+03
5.8 9.027484e+03 9.171152e+03 9.379605e+03 9.235938e+03
6.8 9.416731e+03 9.388845e+03 9.375188e+03 9.403075e+03
7.8 9.139254e+03 9.329037e+03 9.373368e+03 9.183585e+03
8.8 9.518625e+03 9.401063e+03 9.373128e+03 9.490690e+03
9.8 9.271032e+03 9.376175e+03 9.373636e+03 9.268494e+03
10.8 9.273066e+03 9.372563e+03 9.377643e+03 9.278147e+03
11.8 9.577377e+03 9.408520e+03 9.394195e+03 9.563052e+03
12.8 9.545622e+03 9.397110e+03 9.400442e+03 9.548955e+03
13.8 9.393745e+03 9.385545e+03 9.391660e+03 9.399860e+03
14.8 9.362626e+03 9.352313e+03 9.381936e+03 9.392249e+03
15.8 9.406755e+03 9.357018e+03 9.376377e+03 9.426114e+03
16.8 9.403437e+03 9.356274e+03 9.373833e+03 9.420996e+03
17.8 9.352062e+03 9.410699e+03 9.373110e+03 9.314473e+03
0.3 9.271032e+03 9.376175e+03 9.373636e+03 9.268494e+03
1.3 9.273066e+03 9.372563e+03 9.377643e+03 9.278147e+03
2.3 9.577377e+03 9.408520e+03 9.394195e+03 9.563052e+03
3.3 9.545622e+03 9.397110e+03 9.400442e+03 9.548955e+03
4.3 9.393745e+03 9.385545e+03 9.391660e+03 9.399860e+03
5.3 9.362626e+03 9.352313e+03 9.381936e+03 9.392249e+03
6.3 9.406755e+03 9.357018e+03 9.376377e+03 9.426114e+03
7.3 9.403437e+03 9.356274e+03 9.373833e+03 9.420996e+03
8.3 9.352062e+03 9.410699e+03 9.373110e+03 9.314473e+03
9.3 9.590950e+03 9.429979e+03 9.373393e+03 9.534364e+03
10.3 9.353810e+03 9.422855e+03 9.374036e+03 9.304991e+03
11.3 9.524063e+03 9.409481e+03 9.374620e+03 9.489203e+03
12.3 9.338790e+03 9.366197e+03 9.375038e+03 9.347631e+03
13.3 9.393997e+03 9.358571e+03 9.380358e+03 9.415784e+03
14.3 9.391133e+03 9.376659e+03 9.399854e+03 9.414327e+03
15.3 9.499943e+03 9.386488e+03 9.408295e+03 9.521750e+03
16.3 9.371931e+03 9.385818e+03 9.397486e+03 9.383598e+03
17.3 9.309965e+03 9.363375e+03 9.384846e+03 9.331435e+03
0.5 9.338790e+03 9.366197e+03 9.375038e+03 9.347631e+03
1.5 9.393997e+03 9.358571e+03 9.380358e+03 9.415784e+03
2.5 9.391133e+03 9.376659e+03 9.399854e+03 9.414327e+03
3.5 9.499943e+03 9.386488e+03 9.408295e+03 9.521750e+03
4.5 9.371931e+03 9.385818e+03 9.397486e+03 9.383598e+03
5.5 9.309965e+03 9.363375e+03 9.384846e+03 9.331435e+03
6.5 9.471187e+03 9.393278e+03 9.377009e+03 9.454917e+03
7.5 9.417967e+03 9.419213e+03 9.373501e+03 9.372255e+03
8.5 9.518026e+03 9.421286e+03 9.372465e+03 9.469205e+03
9.5 9.363102e+03 9.447929e+03 9.372798e+03 9.287970e+03
10.5 9.432666e+03 9.439965e+03 9.373619e+03 9.366321e+03
11.5 9.409530e+03 9.401743e+03 9.374427e+03 9.382214e+03
12.5 9.394937e+03 9.368197e+03 9.374983e+03 9.401723e+03
13.5 9.315521e+03 9.345186e+03 9.375317e+03 9.345652e+03
14.5 9.412783e+03 9.313051e+03 9.375491e+03 9.475223e+03
15.5 9.374917e+03 9.367780e+03 9.375584e+03 9.382720e+03
16.5 9.382553e+03 9.424668e+03 9.375639e+03 9.333523e+03
17.5 9.438396e+03 9.442037e+03 9.375675e+03 9.372033e+03
0.1 9.386403e+03 9.350091e+03 9.375867e+03 9.412179e+03
1.1 9.462813e+03 9.353451e+03 9.377131e+03 9.486493e+03
2.1 9.323135e+03 9.361703e+03 9.389979e+03 9.351410e+03
3.1 9.308194e+03 9.361253e+03 9.397749e+03 9.344690e+03
4.1 9.363938e+03 9.344633e+03 9.391130e+03 9.410436e+03
5.1 9.328686e+03 9.256889e+03 9.382651e+03 9.454447e+03
6.1 9.400268e+03 9.317836e+03 9.377414e+03 9.459845e+03
7.1 9.314146e+03 9.379874e+03 9.379061e+03 9.313333e+03
8.1 9.319129e+03 9.381046e+03 9.395764e+03 9.333847e+03
9.1 9.289349e+03 9.385953e+03 9.402263e+03 9.305658e+03
10.1 9.392901e+03 9.393794e+03 9.392932e+03 9.392040e+03
11.1 9.288569e+03 9.359024e+03 9.382834e+03 9.312379e+03
12.1 9.175662e+03 9.279982e+03 9.376819e+03 9.272499e+03
13.1 9.423370e+03 9.372407e+03 9.374224e+03 9.425187e+03
14.1 9.303687e+03 9.397619e+03 9.373558e+03 9.279625e+03
15.1 9.412447e+03 9.413990e+03 9.373946e+03 9.372403e+03
16.1 9.414254e+03 9.451089e+03 9.374686e+03 9.337851e+03
17.1 9.258322e+03 9.389862e+03 9.375383e+03 9.243843e+03
0.4 9.400268e+03 9.317836e+03 9.377414e+03 9.459845e+03
1.4 9.314146e+03 9.379874e+03 9.379061e+03 9.313333e+03
2.4 9.319129e+03 9.381046e+03 9.395764e+03 9.333847e+03
3.4 9.289349e+03 9.385953e+03 9.402263e+03 9.305658e+03
4.4 9.392901e+03 9.393794e+03 9.392932e+03 9.392040e+03
5.4 9.288569e+03 9.359024e+03 9.382834e+03 9.312379e+03
6.4 9.175662e+03 9.279982e+03 9.376819e+03 9.272499e+03
7.4 9.423370e+03 9.372407e+03 9.374224e+03 9.425187e+03
8.4 9.303687e+03 9.397619e+03 9.373558e+03 9.279625e+03
9.4 9.412447e+03 9.413990e+03 9.373946e+03 9.372403e+03
10.4 9.414254e+03 9.451089e+03 9.374686e+03 9.337851e+03
11.4 9.258322e+03 9.389862e+03 9.375383e+03 9.243843e+03
12.4 9.448324e+03 9.373795e+03 9.375851e+03 9.450380e+03
13.4 9.268166e+03 9.360500e+03 9.376127e+03 9.283792e+03
14.4 9.362186e+03 9.361354e+03 9.376266e+03 9.377098e+03
15.4 9.276463e+03 9.342556e+03 9.376337e+03 9.310244e+03
16.4 9.386024e+03 9.358050e+03 9.376376e+03 9.404350e+03
17.4 9.271696e+03 9.355657e+03 9.376399e+03 9.292438e+03
0.2 9.602244e+03 9.374847e+03 9.376490e+03 9.603887e+03
1.2 9.350143e+03 9.365879e+03 9.378521e+03 9.362784e+03
2.2 9.302551e+03 9.386532e+03 9.392466e+03 9.308484e+03
3.2 9.444537e+03 9.368044e+03 9.399255e+03 9.475748e+03
4.2 9.367568e+03 9.375844e+03 9.391749e+03 9.383473e+03
5.2 9.487950e+03 9.373857e+03 9.382791e+03 9.496884e+03
6.2 9.459481e+03 9.373502e+03 9.377564e+03 9.463544e+03
7.2 9.474281e+03 9.373189e+03 9.375128e+03 9.476221e+03
8.2 9.238831e+03 9.365117e+03 9.374380e+03 9.248094e+03
9.2 9.353337e+03 9.376186e+03 9.374578e+03 9.351729e+03
10.2 9.340557e+03 9.350667e+03 9.375131e+03 9.365020e+03
11.2 9.416576e+03 9.391542e+03 9.375647e+03 9.400681e+03
12.2 9.444256e+03 9.428862e+03 9.376003e+03 9.391397e+03
13.2 9.322429e+03 9.425757e+03 9.376206e+03 9.272878e+03
14.2 9.300806e+03 9.376244e+03 9.376297e+03 9.300858e+03
15.2 9.311737e+03 9.360700e+03 9.376327e+03 9.327364e+03
16.2 9.317441e+03 9.337424e+03 9.376328e+03 9.356345e+03
17.2 9.355702e+03 9.347577e+03 9.376318e+03 9.384443e+03
0.4 9.499534e+03 9.478977e+03 9.376274e+03 9.396831e+03
1.4 9.439091e+03 9.448571e+03 9.380427e+03 9.370947e+03
2.4 9.359873e+03 9.425507e+03 9.399219e+03 9.333585e+03
3.4 9.385938e+03 9.355451e+03 9.409350e+03 9.439837e+03
4.4 9.289567e+03 9.368726e+03 9.399303e+03 9.320144e+03
5.4 9.189559e+03 9.351317e+03 9.386379e+03 9.224620e+03
6.4 9.406198e+03 9.364610e+03 9.378135e+03 9.419724e+03
7.4 9.243546e+03 9.357398e+03 9.374366e+03 9.260514e+03
8.4 9.312005e+03 9.333177e+03 9.373171e+03 9.351999e+03
9.4 9.314179e+03 9.335408e+03 9.373426e+03 9.352196e+03
10.4 9.263352e+03 9.354929e+03 9.374221e+03 9.282643e+03
11.4 9.370324e+03 9.357819e+03 9.375029e+03 9.387535e+03
12.4 9.281379e+03 9.359846e+03 9.375590e+03 9.297123e+03
13.4 9.315836e+03 9.358457e+03 9.375925e+03 9.333304e+03
14.4 9.334945e+03 9.339508e+03 9.376091e+03 9.371529e+03
15.4 9.455618e+03 9.401899e+03 9.376171e+03 9.429890e+03
16.4 9.565350e+03 9.469970e+03 9.376210e+03 9.471590e+03
17.4 9.437295e+03 9.416072e+03 9.376232e+03 9.397455e+03
0.3 9.437295e+03 9.416072e+03 9.376232e+03 9.397455e+03
1.3 9.439626e+03 9.410829e+03 9.379350e+03 9.408147e+03
2.3 9.280815e+03 9.392736e+03 9.396554e+03 9.284633e+03
3.3 9.491280e+03 9.363273e+03 9.406362e+03 9.534369e+03
4.3 9.476396e+03 9.381261e+03 9.397273e+03 9.492408e+03
5.3 9.430007e+03 9.471326e+03 9.385565e+03 9.344246e+03
6.3 9.469106e+03 9.464358e+03 9.378123e+03 9.382872e+03
7.3 9.427435e+03 9.405338e+03 9.374726e+03 9.396822e+03
8.3 9.383414e+03 9.348092e+03 9.373661e+03 9.408983e+03
9.3 9.486471e+03 9.357634e+03 9.373898e+03 9.502736e+03
10.3 9.288367e+03 9.367626e+03 9.374639e+03 9.295380e+03
11.3 9.162450e+03 9.364787e+03 9.375394e+03 9.173058e+03
12.3 9.423782e+03 9.358934e+03 9.375924e+03 9.440773e+03
13.3 9.448088e+03 9.362717e+03 9.376243e+03 9.461614e+03
14.3 9.402176e+03 9.372226e+03 9.376417e+03 9.406367e+03
15.3 9.446656e+03 9.416910e+03 9.376507e+03 9.406253e+03
16.3 9.433109e+03 9.443137e+03 9.376558e+03 9.366530e+03
17.3 9.425846e+03 9.413757e+03 9.376592e+03 9.388681e+03
1.0 9.415823e+03 9.382648e+03 9.377403e+03 9.410578e+03
2.0 9.282352e+03 9.368000e+03 9.389161e+03 9.303512e+03
3.0 9.411607e+03 9.389979e+03 9.398500e+03 9.420128e+03
4.0 9.249252e+03 9.373992e+03 9.392780e+03 9.268040e+03
5.0 9.394933e+03 9.367555e+03 9.384095e+03 9.411472e+03
6.0 9.358119e+03 9.367948e+03 9.378506e+03 9.368678e+03
7.0 9.326867e+03 9.364506e+03 9.375752e+03 9.338113e+03
8.0 9.376382e+03 9.361625e+03 9.374849e+03 9.389607e+03
9.0 9.357775e+03 9.374109e+03 9.374946e+03 9.358612e+03
10.0 9.510916e+03 9.426973e+03 9.375453e+03 9.459397e+03
11.0 9.472079e+03 9.413988e+03 9.375984e+03 9.434075e+03
12.0 9.375411e+03 9.380903e+03 9.376380e+03 9.370888e+03
13.0 9.464050e+03 9.396671e+03 9.376607e+03 9.443986e+03
14.0 9.445257e+03 9.445189e+03 9.376723e+03 9.376791e+03
15.0 9.482067e+03 9.432376e+03 9.376770e+03 9.426461e+03
16.0 9.381208e+03 9.394096e+03 9.376782e+03 9.363894e+03
17.0 9.441122e+03 9.367395e+03 9.376778e+03 9.450506e+03
18.0 9.264794e+03 9.363804e+03 9.376764e+03 9.277754e+03
0.3 9.290863e+03 9.361758e+03 9.376005e+03 9.305111e+03
1.3 9.453458e+03 9.358861e+03 9.379000e+03 9.473596e+03
2.3 9.516424e+03 9.386113e+03 9.395332e+03 9.525643e+03
3.3 9.355536e+03 9.399690e+03 9.402826e+03 9.358672e+03
4.3 9.419177e+03 9.382763e+03 9.393728e+03 9.430142e+03
5.3 9.341577e+03 9.371376e+03 9.383126e+03 9.353328e+03
6.3 9.423362e+03 9.365288e+03 9.376524e+03 9.434599e+03
