0.3 6.161490e+03 6.103284e+03 6.084676e+03 6.142882e+03
1.3 6.234472e+03 6.096955e+03 6.073154e+03 6.210671e+03
2.3 6.221189e+03 6.035445e+03 6.031993e+03 6.217736e+03
3.3 6.306382e+03 6.107961e+03 6.029725e+03 6.228145e+03
4.3 6.182282e+03 6.028958e+03 6.054111e+03 6.207435e+03
5.3 6.178853e+03 6.122675e+03 6.073917e+03 6.130095e+03
6.3 6.084919e+03 6.098605e+03 6.084644e+03 6.070959e+03
7.3 6.125104e+03 6.117648e+03 6.089299e+03 6.096755e+03
8.3 6.282817e+03 6.121340e+03 6.090191e+03 6.251668e+03
9.3 6.119850e+03 6.099380e+03 6.089217e+03 6.109687e+03
10.3 6.192873e+03 6.099392e+03 6.087757e+03 6.181237e+03
11.3 5.868119e+03 6.072473e+03 6.086524e+03 5.882170e+03
12.3 5.857111e+03 6.062724e+03 6.085711e+03 5.880099e+03
13.3 6.008106e+03 6.063999e+03 6.085285e+03 6.029392e+03
14.3 6.127485e+03 6.072872e+03 6.085081e+03 6.139694e+03
15.3 6.081063e+03 6.163879e+03 6.084998e+03 6.002182e+03
16.3 5.988997e+03 6.106745e+03 6.084968e+03 5.967220e+03
17.3 6.036690e+03 6.173408e+03 6.084958e+03 5.948240e+03
0.6 6.117925e+03 6.113839e+03 6.084371e+03 6.088457e+03
1.6 6.077210e+03 6.114252e+03 6.059853e+03 6.022810e+03
2.6 6.112174e+03 6.152469e+03 6.025821e+03 5.985526e+03
3.6 6.224468e+03 6.193470e+03 6.036368e+03 6.067366e+03
4.6 5.971423e+03 6.111218e+03 6.061318e+03 5.921523e+03
5.6 5.911846e+03 6.104697e+03 6.077939e+03 5.885088e+03
6.6 6.179229e+03 6.108686e+03 6.086267e+03 6.156810e+03
7.6 6.332963e+03 6.157782e+03 6.089429e+03 6.264610e+03
8.6 6.089307e+03 6.168848e+03 6.089493e+03 6.009952e+03
9.6 6.018760e+03 6.133884e+03 6.088169e+03 5.973045e+03
10.6 6.170971e+03 6.102042e+03 6.086673e+03 6.155602e+03
11.6 6.197053e+03 6.090112e+03 6.085517e+03 6.192459e+03
12.6 6.205990e+03 6.080299e+03 6.084779e+03 6.210470e+03
13.6 6.285926e+03 6.079400e+03 6.084380e+03 6.290906e+03
14.6 6.360050e+03 6.076663e+03 6.084164e+03 6.367551e+03
15.6 6.137277e+03 6.125095e+03 6.084043e+03 6.096224e+03
16.6 5.985877e+03 6.104858e+03 6.083960e+03 5.964979e+03
17.6 5.961382e+03 6.080858e+03 6.083892e+03 5.964416e+03
1.0 5.778811e+03 6.100767e+03 6.079127e+03 5.757170e+03
2.0 5.886388e+03 6.110129e+03 6.039868e+03 5.816126e+03
3.0 5.935048e+03 6.122520e+03 6.026034e+03 5.838561e+03
4.0 5.714610e+03 6.073227e+03 6.047403e+03 5.688786e+03
5.0 6.027210e+03 6.096199e+03 6.069386e+03 6.000397e+03
6.0 6.020958e+03 6.097815e+03 6.082344e+03 6.005487e+03
7.0 5.928429e+03 6.068358e+03 6.088024e+03 5.948094e+03
8.0 5.912779e+03 6.082945e+03 6.089595e+03 5.919429e+03
9.0 5.991669e+03 6.042630e+03 6.088893e+03 6.037932e+03
10.0 6.036441e+03 6.010026e+03 6.087418e+03 6.113833e+03
11.0 5.972878e+03 6.010659e+03 6.086014e+03 6.048233e+03
12.0 5.968737e+03 6.069241e+03 6.085065e+03 5.984560e+03
13.0 5.805340e+03 6.096855e+03 6.084494e+03 5.792979e+03
14.0 6.238934e+03 6.116584e+03 6.084192e+03 6.206542e+03
15.0 6.347860e+03 6.134958e+03 6.084022e+03 6.296924e+03
16.0 6.163537e+03 6.128229e+03 6.083911e+03 6.119220e+03
17.0 5.971311e+03 6.057408e+03 6.083824e+03 5.997728e+03
18.0 6.028438e+03 5.946684e+03 6.083741e+03 6.165495e+03
