0.2 8.576034e+03 8.519973e+03 8.414577e+03 8.470639e+03
1.2 9.064510e+03 8.566091e+03 8.435479e+03 8.933898e+03
2.2 8.597561e+03 8.548584e+03 8.528705e+03 8.577682e+03
3.2 9.199805e+03 8.342730e+03 8.544531e+03 9.401606e+03
4.2 8.735186e+03 8.508157e+03 8.490548e+03 8.717577e+03
5.2 8.939875e+03 8.495196e+03 8.443075e+03 8.887753e+03
6.2 8.492124e+03 8.464417e+03 8.416277e+03 8.443983e+03
7.2 8.567695e+03 8.261442e+03 8.404979e+03 8.711231e+03
8.2 8.532491e+03 8.513577e+03 8.402375e+03 8.421289e+03
9.2 8.592493e+03 8.180848e+03 8.404408e+03 8.816054e+03
10.2 7.819299e+03 7.689642e+03 8.407811e+03 8.537468e+03
11.2 9.070986e+03 8.477207e+03 8.410858e+03 9.004636e+03
12.2 9.211020e+03 8.521556e+03 8.412835e+03 9.102298e+03
13.2 9.183781e+03 8.641172e+03 8.413954e+03 8.956564e+03
14.2 8.001576e+03 8.027559e+03 8.414536e+03 8.388553e+03
15.2 7.997234e+03 7.951323e+03 8.414817e+03 8.460728e+03
16.2 8.023892e+03 8.198121e+03 8.414972e+03 8.240743e+03
17.2 7.614754e+03 8.234801e+03 8.415072e+03 7.795025e+03
0.5 7.907094e+03 8.444692e+03 8.414086e+03 7.876488e+03
1.5 8.338908e+03 8.615874e+03 8.460509e+03 8.183543e+03
2.5 8.846488e+03 8.654723e+03 8.544780e+03 8.736545e+03
3.5 7.795739e+03 8.120595e+03 8.529517e+03 8.204661e+03
4.5 7.430359e+03 8.396253e+03 8.473234e+03 7.507339e+03
5.5 8.781319e+03 8.275197e+03 8.431475e+03 8.937597e+03
6.5 8.511986e+03 8.355644e+03 8.410696e+03 8.567038e+03
7.5 8.756310e+03 8.462067e+03 8.402470e+03 8.696713e+03
8.5 8.155016e+03 8.380125e+03 8.401603e+03 8.176494e+03
9.5 8.250658e+03 8.516311e+03 8.404245e+03 8.138591e+03
10.5 8.688206e+03 8.359891e+03 8.407649e+03 8.735964e+03
11.5 8.583389e+03 8.516347e+03 8.410252e+03 8.477294e+03
12.5 8.691137e+03 8.558206e+03 8.411860e+03 8.544791e+03
13.5 8.739901e+03 8.400147e+03 8.412714e+03 8.752468e+03
14.5 8.432478e+03 8.417414e+03 8.413087e+03 8.428152e+03
15.5 8.496919e+03 8.451384e+03 8.413236e+03 8.458771e+03
16.5 8.867617e+03 8.393258e+03 8.413280e+03 8.887639e+03
17.5 8.943572e+03 8.548190e+03 8.413286e+03 8.808668e+03
0.5 8.991318e+03 8.321899e+03 8.412748e+03 9.082167e+03
1.5 8.205104e+03 8.307674e+03 8.456843e+03 8.354274e+03
2.5 7.955254e+03 8.340895e+03 8.543627e+03 8.157986e+03
3.5 8.524778e+03 8.413376e+03 8.529699e+03 8.641101e+03
4.5 8.197907e+03 8.495381e+03 8.473529e+03 8.176054e+03
5.5 8.516834e+03 8.373249e+03 8.431277e+03 8.574862e+03
6.5 8.051229e+03 8.286125e+03 8.410162e+03 8.175266e+03
7.5 7.973994e+03 8.360679e+03 8.401670e+03 8.014985e+03
8.5 8.315879e+03 8.405327e+03 8.400859e+03 8.311412e+03
9.5 8.835119e+03 8.481345e+03 8.403565e+03 8.757340e+03
10.5 8.192263e+03 8.519327e+03 8.407102e+03 8.080038e+03
11.5 8.426888e+03 8.503326e+03 8.409869e+03 8.333431e+03
12.5 7.721461e+03 8.481917e+03 8.411682e+03 7.651226e+03
13.5 7.976919e+03 8.443928e+03 8.412686e+03 7.945677e+03
14.5 8.247431e+03 8.346013e+03 8.413245e+03 8.314663e+03
15.5 7.622555e+03 8.431678e+03 8.413591e+03 7.604468e+03
16.5 8.001221e+03 8.441313e+03 8.413846e+03 7.973754e+03
17.5 8.751423e+03 8.437267e+03 8.414080e+03 8.728235e+03
