0.4 1.012621e+04 1.003541e+04 1.012473e+04 1.021554e+04
1.4 1.000178e+04 1.011926e+04 1.010235e+04 9.984865e+03
2.4 1.027480e+04 1.022231e+04 1.005494e+04 1.010743e+04
3.4 9.947568e+03 1.005356e+04 1.006132e+04 9.955322e+03
4.4 9.972292e+03 1.010626e+04 1.009159e+04 9.957618e+03
5.4 1.005923e+04 1.006358e+04 1.011472e+04 1.011037e+04
6.4 9.957299e+03 1.011369e+04 1.012639e+04 9.969997e+03
7.4 1.005748e+04 1.016624e+04 1.013118e+04 1.002242e+04
8.4 1.030837e+04 1.029413e+04 1.013177e+04 1.014601e+04
9.4 1.030110e+04 1.008222e+04 1.013044e+04 1.034932e+04
10.4 1.013935e+04 1.013428e+04 1.012863e+04 1.013370e+04
11.4 1.009564e+04 1.007873e+04 1.012723e+04 1.014414e+04
12.4 1.015415e+04 1.012430e+04 1.012635e+04 1.015620e+04
13.4 1.045798e+04 1.007654e+04 1.012591e+04 1.050735e+04
14.4 1.012847e+04 1.006546e+04 1.012572e+04 1.018874e+04
15.4 1.005907e+04 1.019695e+04 1.012566e+04 9.987782e+03
16.4 1.015926e+04 1.012499e+04 1.012566e+04 1.015993e+04
17.4 1.011280e+04 1.010619e+04 1.012567e+04 1.013227e+04
0.1 1.029156e+04 1.013387e+04 1.012582e+04 1.028351e+04
1.1 1.009204e+04 1.001165e+04 1.011634e+04 1.019674e+04
2.1 9.955772e+03 9.954816e+03 1.006536e+04 1.006632e+04
3.1 9.888021e+03 9.884229e+03 1.005538e+04 1.005917e+04
4.1 9.942973e+03 1.006680e+04 1.008411e+04 9.960281e+03
5.1 9.946984e+03 1.023281e+04 1.010993e+04 9.824107e+03
6.1 1.018096e+04 1.020512e+04 1.012437e+04 1.010022e+04
7.1 1.016523e+04 1.017834e+04 1.013085e+04 1.011773e+04
8.1 1.035037e+04 1.023494e+04 1.013234e+04 1.024777e+04
9.1 1.017484e+04 1.007698e+04 1.013129e+04 1.022915e+04
10.1 1.003379e+04 1.010493e+04 1.012947e+04 1.005833e+04
11.1 1.024630e+04 1.013220e+04 1.012786e+04 1.024196e+04
12.1 9.883983e+03 1.012218e+04 1.012676e+04 9.888561e+03
13.1 1.019667e+04 1.015913e+04 1.012616e+04 1.016371e+04
14.1 1.013623e+04 1.013650e+04 1.012586e+04 1.012559e+04
15.1 1.012171e+04 1.011317e+04 1.012572e+04 1.013425e+04
16.1 9.960519e+03 1.017218e+04 1.012565e+04 9.913984e+03
17.1 9.961257e+03 1.016156e+04 1.012561e+04 9.925305e+03
0.3 1.011966e+04 1.016813e+04 1.012485e+04 1.007638e+04
1.3 1.018590e+04 1.018381e+04 1.011052e+04 1.011261e+04
2.3 1.024578e+04 1.008241e+04 1.005960e+04 1.022297e+04
3.3 1.018705e+04 1.017601e+04 1.005670e+04 1.006774e+04
4.3 1.022266e+04 1.014272e+04 1.008596e+04 1.016590e+04
5.3 1.024422e+04 1.019093e+04 1.011107e+04 1.016436e+04
6.3 1.035026e+04 1.014630e+04 1.012421e+04 1.032817e+04
7.3 1.019902e+04 1.018497e+04 1.012985e+04 1.014389e+04
8.3 1.031362e+04 1.019382e+04 1.013085e+04 1.025065e+04
9.3 1.011930e+04 1.013257e+04 1.012960e+04 1.011633e+04
10.3 1.006480e+04 1.008993e+04 1.012766e+04 1.010253e+04
11.3 9.934753e+03 1.009444e+04 1.012605e+04 9.966362e+03
12.3 1.009925e+04 1.017112e+04 1.012496e+04 1.005309e+04
13.3 9.944503e+03 1.012625e+04 1.012435e+04 9.942599e+03
14.3 1.004180e+04 1.011953e+04 1.012401e+04 1.004628e+04
15.3 1.048391e+04 1.007888e+04 1.012382e+04 1.052885e+04
16.3 1.019768e+04 1.007337e+04 1.012369e+04 1.024800e+04
17.3 9.967544e+03 1.009388e+04 1.012359e+04 9.997262e+03
