0.5 9.428090e+03 9.355257e+03 9.349087e+03 9.421920e+03
1.5 9.386168e+03 9.362557e+03 9.356136e+03 9.379747e+03
2.5 9.404826e+03 9.437839e+03 9.382011e+03 9.348998e+03
3.5 9.434744e+03 9.477479e+03 9.393389e+03 9.350655e+03
4.5 9.198104e+03 9.358516e+03 9.379436e+03 9.219023e+03
5.5 9.409650e+03 9.386475e+03 9.362734e+03 9.385909e+03
6.5 9.434194e+03 9.440776e+03 9.353409e+03 9.346828e+03
7.5 9.535677e+03 9.377690e+03 9.361631e+03 9.519618e+03
8.5 9.330624e+03 9.271120e+03 9.383952e+03 9.443456e+03
9.5 9.267751e+03 9.273334e+03 9.383068e+03 9.377485e+03
10.5 9.271982e+03 9.332897e+03 9.368371e+03 9.307457e+03
11.5 9.268683e+03 9.336674e+03 9.357151e+03 9.289160e+03
12.5 9.450026e+03 9.421964e+03 9.351420e+03 9.379482e+03
13.5 9.368790e+03 9.461439e+03 9.349266e+03 9.256617e+03
14.5 9.341913e+03 9.359181e+03 9.349261e+03 9.331994e+03
15.5 9.543893e+03 9.456028e+03 9.350269e+03 9.438133e+03
16.5 9.256290e+03 9.360559e+03 9.351455e+03 9.247186e+03
17.5 9.355284e+03 9.347634e+03 9.352427e+03 9.360077e+03
0.8 9.434194e+03 9.440776e+03 9.353409e+03 9.346828e+03
1.8 9.535677e+03 9.377690e+03 9.361631e+03 9.519618e+03
2.8 9.330624e+03 9.271120e+03 9.383952e+03 9.443456e+03
3.8 9.267751e+03 9.273334e+03 9.383068e+03 9.377485e+03
4.8 9.271982e+03 9.332897e+03 9.368371e+03 9.307457e+03
5.8 9.268683e+03 9.336674e+03 9.357151e+03 9.289160e+03
6.8 9.450026e+03 9.421964e+03 9.351420e+03 9.379482e+03
7.8 9.368790e+03 9.461439e+03 9.349266e+03 9.256617e+03
8.8 9.341913e+03 9.359181e+03 9.349261e+03 9.331994e+03
9.8 9.543893e+03 9.456028e+03 9.350269e+03 9.438133e+03
10.8 9.256290e+03 9.360559e+03 9.351455e+03 9.247186e+03
11.8 9.355284e+03 9.347634e+03 9.352427e+03 9.360077e+03
12.8 9.216776e+03 9.357966e+03 9.353099e+03 9.211910e+03
13.8 9.323859e+03 9.345243e+03 9.353507e+03 9.332124e+03
14.8 9.306261e+03 9.348375e+03 9.353765e+03 9.311650e+03
15.8 9.332721e+03 9.349776e+03 9.353934e+03 9.336879e+03
16.8 9.257290e+03 9.344729e+03 9.354059e+03 9.266620e+03
17.8 9.373401e+03 9.351603e+03 9.354160e+03 9.375958e+03
0.8 8.994946e+03 9.330488e+03 9.354964e+03 9.019422e+03
1.8 9.192001e+03 9.348860e+03 9.366906e+03 9.210047e+03
2.8 9.455678e+03 9.373824e+03 9.388161e+03 9.470015e+03
3.8 9.277766e+03 9.369103e+03 9.385638e+03 9.294301e+03
4.8 9.312885e+03 9.352957e+03 9.370916e+03 9.330844e+03
5.8 9.279881e+03 9.334731e+03 9.359879e+03 9.305029e+03
6.8 9.400156e+03 9.380127e+03 9.354061e+03 9.374090e+03
7.8 9.548070e+03 9.548350e+03 9.351663e+03 9.351383e+03
8.8 9.274874e+03 9.386213e+03 9.351347e+03 9.240007e+03
9.8 9.321812e+03 9.318243e+03 9.352017e+03 9.355586e+03
10.8 9.386297e+03 9.309266e+03 9.357295e+03 9.434326e+03
11.8 9.199731e+03 9.255034e+03 9.379097e+03 9.323794e+03
12.8 9.337987e+03 9.318486e+03 9.387326e+03 9.406827e+03
13.8 9.374601e+03 9.331802e+03 9.375758e+03 9.418557e+03
14.8 9.217787e+03 9.364273e+03 9.362949e+03 9.216463e+03
15.8 9.516720e+03 9.380172e+03 9.355627e+03 9.492174e+03
16.8 9.452098e+03 9.329015e+03 9.352276e+03 9.475359e+03
17.8 9.351002e+03 9.338427e+03 9.351324e+03 9.363899e+03
0.3 9.321812e+03 9.318243e+03 9.352017e+03 9.355586e+03
1.3 9.386297e+03 9.309266e+03 9.357295e+03 9.434326e+03
2.3 9.199731e+03 9.255034e+03 9.379097e+03 9.323794e+03
3.3 9.337987e+03 9.318486e+03 9.387326e+03 9.406827e+03
4.3 9.374601e+03 9.331802e+03 9.375758e+03 9.418557e+03
5.3 9.217787e+03 9.364273e+03 9.362949e+03 9.216463e+03
6.3 9.516720e+03 9.380172e+03 9.355627e+03 9.492174e+03
7.3 9.452098e+03 9.329015e+03 9.352276e+03 9.475359e+03
8.3 9.351002e+03 9.338427e+03 9.351324e+03 9.363899e+03
9.3 9.430195e+03 9.453089e+03 9.351696e+03 9.328803e+03
10.3 9.585197e+03 9.392155e+03 9.352543e+03 9.545586e+03
11.3 9.239550e+03 9.260689e+03 9.353312e+03 9.332174e+03
12.3 9.190484e+03 9.325442e+03 9.353863e+03 9.218905e+03
13.3 9.305075e+03 9.355621e+03 9.360870e+03 9.310325e+03
14.3 9.427086e+03 9.364130e+03 9.386551e+03 9.449507e+03
15.3 9.454652e+03 9.371503e+03 9.397670e+03 9.480820e+03
16.3 9.246169e+03 9.349480e+03 9.383432e+03 9.280121e+03
17.3 9.284287e+03 9.253035e+03 9.366782e+03 9.398034e+03
0.5 9.190484e+03 9.325442e+03 9.353863e+03 9.218905e+03
1.5 9.305075e+03 9.355621e+03 9.360870e+03 9.310325e+03
2.5 9.427086e+03 9.364130e+03 9.386551e+03 9.449507e+03
3.5 9.454652e+03 9.371503e+03 9.397670e+03 9.480820e+03
4.5 9.246169e+03 9.349480e+03 9.383432e+03 9.280121e+03
5.5 9.284287e+03 9.253035e+03 9.366782e+03 9.398034e+03
6.5 9.292994e+03 9.258960e+03 9.356459e+03 9.390492e+03
7.5 9.418178e+03 9.325289e+03 9.351839e+03 9.444727e+03
8.5 9.296806e+03 9.330881e+03 9.350473e+03 9.316398e+03
9.5 9.619112e+03 9.379244e+03 9.350912e+03 9.590780e+03
10.5 9.448426e+03 9.374148e+03 9.351994e+03 9.426272e+03
11.5 9.502793e+03 9.359863e+03 9.353059e+03 9.495989e+03
12.5 9.299877e+03 9.353309e+03 9.353791e+03 9.300359e+03
13.5 9.115364e+03 9.348466e+03 9.354231e+03 9.121129e+03
14.5 9.174978e+03 9.344263e+03 9.354459e+03 9.185174e+03
15.5 9.330625e+03 9.351756e+03 9.354582e+03 9.333451e+03
16.5 9.395508e+03 9.362521e+03 9.354654e+03 9.387641e+03
17.5 9.373815e+03 9.337975e+03 9.354701e+03 9.390542e+03
0.1 9.315218e+03 9.339995e+03 9.354955e+03 9.330178e+03
1.1 9.426016e+03 9.355232e+03 9.356620e+03 9.427403e+03
2.1 9.272463e+03 9.386244e+03 9.373544e+03 9.259762e+03
3.1 9.395414e+03 9.423078e+03 9.383778e+03 9.356114e+03
4.1 9.590379e+03 9.344065e+03 9.375060e+03 9.621374e+03
5.1 9.483376e+03 9.341404e+03 9.363891e+03 9.505863e+03
6.1 9.530735e+03 9.349127e+03 9.356993e+03 9.538601e+03
7.1 9.419963e+03 9.354403e+03 9.359163e+03 9.424723e+03
8.1 9.520859e+03 9.391361e+03 9.381164e+03 9.510663e+03
9.1 9.373849e+03 9.388245e+03 9.389724e+03 9.375328e+03
10.1 9.179342e+03 9.355335e+03 9.377434e+03 9.201440e+03
11.1 9.356398e+03 9.359236e+03 9.364132e+03 9.361294e+03
12.1 9.225514e+03 9.349841e+03 9.356209e+03 9.231881e+03
13.1 9.307574e+03 9.347898e+03 9.352791e+03 9.312467e+03
14.1 9.404184e+03 9.405464e+03 9.351913e+03 9.350633e+03
15.1 9.667468e+03 9.499156e+03 9.352424e+03 9.520736e+03
16.1 9.392896e+03 9.319965e+03 9.353400e+03 9.426330e+03
17.1 9.388234e+03 9.335556e+03 9.354317e+03 9.406996e+03
0.4 9.530735e+03 9.349127e+03 9.356993e+03 9.538601e+03
1.4 9.419963e+03 9.354403e+03 9.359163e+03 9.424723e+03
2.4 9.520859e+03 9.391361e+03 9.381164e+03 9.510663e+03
3.4 9.373849e+03 9.388245e+03 9.389724e+03 9.375328e+03
4.4 9.179342e+03 9.355335e+03 9.377434e+03 9.201440e+03
5.4 9.356398e+03 9.359236e+03 9.364132e+03 9.361294e+03
6.4 9.225514e+03 9.349841e+03 9.356209e+03 9.231881e+03
7.4 9.307574e+03 9.347898e+03 9.352791e+03 9.312467e+03
8.4 9.404184e+03 9.405464e+03 9.351913e+03 9.350633e+03
9.4 9.667468e+03 9.499156e+03 9.352424e+03 9.520736e+03
10.4 9.392896e+03 9.319965e+03 9.353400e+03 9.426330e+03
11.4 9.388234e+03 9.335556e+03 9.354317e+03 9.406996e+03
12.4 9.296395e+03 9.383101e+03 9.354934e+03 9.268227e+03
13.4 9.126838e+03 9.357579e+03 9.355297e+03 9.124556e+03
14.4 9.320529e+03 9.349949e+03 9.355481e+03 9.326061e+03
15.4 9.464222e+03 9.348569e+03 9.355575e+03 9.471227e+03
16.4 9.314872e+03 9.353576e+03 9.355625e+03 9.316921e+03
17.4 9.268288e+03 9.351618e+03 9.355656e+03 9.272327e+03
0.2 9.301525e+03 9.303010e+03 9.355776e+03 9.354292e+03
1.2 9.332118e+03 9.289666e+03 9.358450e+03 9.400903e+03
2.2 9.396227e+03 9.280553e+03 9.376820e+03 9.492493e+03
3.2 9.387656e+03 9.418609e+03 9.385762e+03 9.354809e+03
4.2 9.354452e+03 9.370034e+03 9.375876e+03 9.360294e+03
5.2 9.258130e+03 9.354594e+03 9.364076e+03 9.267612e+03
6.2 9.483084e+03 9.368390e+03 9.357191e+03 9.471885e+03
7.2 9.404073e+03 9.378673e+03 9.353982e+03 9.379382e+03
8.2 9.354536e+03 9.350957e+03 9.352997e+03 9.356575e+03
9.2 9.172987e+03 9.376706e+03 9.353257e+03 9.149539e+03
10.2 9.236061e+03 9.373635e+03 9.353985e+03 9.216411e+03
11.2 9.400427e+03 9.355736e+03 9.354665e+03 9.399356e+03
12.2 9.215453e+03 9.353731e+03 9.355134e+03 9.216856e+03
13.2 9.476784e+03 9.348670e+03 9.355402e+03 9.483517e+03
14.2 9.335734e+03 9.363384e+03 9.355521e+03 9.327872e+03
15.2 9.369479e+03 9.358395e+03 9.355561e+03 9.366645e+03
16.2 9.452482e+03 9.346278e+03 9.355562e+03 9.461766e+03
17.2 9.463891e+03 9.351275e+03 9.355549e+03 9.468164e+03
0.4 9.219046e+03 9.378139e+03 9.355491e+03 9.196398e+03
1.4 9.257773e+03 9.369647e+03 9.360962e+03 9.249088e+03
2.4 9.296868e+03 9.371028e+03 9.385715e+03 9.311555e+03
3.4 9.625628e+03 9.519613e+03 9.399060e+03 9.505074e+03
4.4 9.441113e+03 9.397028e+03 9.385825e+03 9.429911e+03
5.4 9.337866e+03 9.376598e+03 9.368801e+03 9.330070e+03
6.4 9.295349e+03 9.362042e+03 9.357943e+03 9.291250e+03
7.4 9.314473e+03 9.353990e+03 9.352978e+03 9.313460e+03
8.4 9.257604e+03 9.335355e+03 9.351403e+03 9.273653e+03
9.4 9.281338e+03 9.315140e+03 9.351740e+03 9.317938e+03
10.4 9.421014e+03 9.338304e+03 9.352787e+03 9.435496e+03
11.4 9.112641e+03 9.358487e+03 9.353851e+03 9.108005e+03
12.4 9.341154e+03 9.358427e+03 9.354589e+03 9.337316e+03
13.4 9.477423e+03 9.354175e+03 9.355031e+03 9.478278e+03
14.4 9.533987e+03 9.342595e+03 9.355250e+03 9.546643e+03
15.4 9.334623e+03 9.339562e+03 9.355355e+03 9.350417e+03
16.4 9.329372e+03 9.344092e+03 9.355407e+03 9.340687e+03
17.4 9.457414e+03 9.351615e+03 9.355436e+03 9.461235e+03
0.3 9.457414e+03 9.351615e+03 9.355436e+03 9.461235e+03
1.3 9.456196e+03 9.355467e+03 9.359543e+03 9.460272e+03
2.3 9.394173e+03 9.391115e+03 9.382204e+03 9.385262e+03
3.3 9.480369e+03 9.466003e+03 9.395124e+03 9.409490e+03
4.3 9.521617e+03 9.364379e+03 9.383152e+03 9.540390e+03
5.3 9.408446e+03 9.382155e+03 9.367730e+03 9.394021e+03
6.3 9.315302e+03 9.345654e+03 9.357926e+03 9.327574e+03
7.3 9.262745e+03 9.339089e+03 9.353452e+03 9.277108e+03
8.3 9.344034e+03 9.354447e+03 9.352049e+03 9.341636e+03
9.3 9.243969e+03 9.356178e+03 9.352362e+03 9.240153e+03
10.3 9.378545e+03 9.373305e+03 9.353337e+03 9.358577e+03
11.3 9.441568e+03 9.368095e+03 9.354332e+03 9.427805e+03
12.3 9.302162e+03 9.356566e+03 9.355030e+03 9.300626e+03
13.3 9.503543e+03 9.355979e+03 9.355450e+03 9.503014e+03
14.3 9.453971e+03 9.357399e+03 9.355680e+03 9.452252e+03
15.3 9.231877e+03 9.358080e+03 9.355798e+03 9.229595e+03
16.3 9.327429e+03 9.361576e+03 9.355865e+03 9.321718e+03
17.3 9.275159e+03 9.357740e+03 9.355910e+03 9.273329e+03
1.0 9.254024e+03 9.352508e+03 9.356978e+03 9.258495e+03
2.0 9.390716e+03 9.385992e+03 9.372466e+03 9.377190e+03
3.0 9.208156e+03 9.344688e+03 9.384768e+03 9.248236e+03
4.0 9.237221e+03 9.359801e+03 9.377233e+03 9.254652e+03
5.0 9.275287e+03 9.355547e+03 9.365793e+03 9.285533e+03
6.0 9.266761e+03 9.278274e+03 9.358432e+03 9.346919e+03
7.0 9.285061e+03 9.349353e+03 9.354803e+03 9.290511e+03
8.0 9.345898e+03 9.312677e+03 9.353615e+03 9.386836e+03
9.0 9.286393e+03 9.365484e+03 9.353742e+03 9.274651e+03
10.0 9.335696e+03 9.361043e+03 9.354410e+03 9.329063e+03
11.0 9.359224e+03 9.424990e+03 9.355109e+03 9.289343e+03
12.0 9.535641e+03 9.431983e+03 9.355631e+03 9.459288e+03
13.0 9.324710e+03 9.382919e+03 9.355930e+03 9.297721e+03
14.0 9.368493e+03 9.361275e+03 9.356083e+03 9.363301e+03
15.0 9.298319e+03 9.354986e+03 9.356144e+03 9.299478e+03
16.0 9.341150e+03 9.350685e+03 9.356161e+03 9.346627e+03
17.0 9.199885e+03 9.351237e+03 9.356155e+03 9.204803e+03
18.0 9.322404e+03 9.374060e+03 9.356137e+03 9.304481e+03
0.3 9.454442e+03 9.332719e+03 9.355137e+03 9.476860e+03
1.3 9.486677e+03 9.345447e+03 9.359081e+03 9.500312e+03
2.3 9.283375e+03 9.343973e+03 9.380595e+03 9.319998e+03
3.3 9.376188e+03 9.342145e+03 9.390467e+03 9.424510e+03
4.3 9.377568e+03 9.360041e+03 9.378482e+03 9.396009e+03
5.3 9.358687e+03 9.354413e+03 9.364517e+03 9.368791e+03
6.3 9.360703e+03 9.336090e+03 9.355821e+03 9.380434e+03
