0.2 8.882574e+03 8.923625e+03 8.890993e+03 8.849943e+03
1.2 8.876432e+03 8.908696e+03 8.891709e+03 8.859445e+03
2.2 9.029701e+03 8.877487e+03 8.894902e+03 9.047116e+03
3.2 8.831895e+03 8.901307e+03 8.895444e+03 8.826031e+03
4.2 8.783252e+03 8.865289e+03 8.893595e+03 8.811558e+03
5.2 8.998130e+03 8.862971e+03 8.891969e+03 9.027128e+03
6.2 8.962614e+03 8.923517e+03 8.891052e+03 8.930149e+03
7.2 9.072590e+03 9.160346e+03 8.890665e+03 8.802908e+03
8.2 8.949256e+03 9.029542e+03 8.890576e+03 8.810290e+03
9.2 9.015836e+03 8.989299e+03 8.890645e+03 8.917182e+03
10.2 8.921735e+03 8.895497e+03 8.890762e+03 8.917000e+03
11.2 8.761684e+03 8.942743e+03 8.890866e+03 8.709807e+03
12.2 9.011172e+03 8.916726e+03 8.890934e+03 8.985380e+03
13.2 8.777173e+03 8.909762e+03 8.890972e+03 8.758383e+03
14.2 8.910451e+03 8.947588e+03 8.890992e+03 8.853855e+03
15.2 8.964952e+03 8.961073e+03 8.891002e+03 8.894881e+03
16.2 9.155212e+03 8.903757e+03 8.891007e+03 9.142462e+03
17.2 8.839314e+03 8.870090e+03 8.891010e+03 8.860235e+03
0.5 8.696110e+03 8.858410e+03 8.890977e+03 8.728677e+03
1.5 8.970512e+03 8.958125e+03 8.892566e+03 8.904953e+03
2.5 8.839528e+03 8.891041e+03 8.895452e+03 8.843940e+03
3.5 9.052817e+03 8.957403e+03 8.894930e+03 8.990345e+03
4.5 9.022805e+03 8.929159e+03 8.893002e+03 8.986648e+03
5.5 8.902795e+03 8.929716e+03 8.891572e+03 8.864651e+03
6.5 8.971305e+03 8.919185e+03 8.890861e+03 8.942980e+03
7.5 8.966824e+03 8.897520e+03 8.890579e+03 8.959883e+03
8.5 8.744805e+03 8.792810e+03 8.890549e+03 8.842543e+03
9.5 8.879986e+03 8.831804e+03 8.890640e+03 8.938822e+03
10.5 9.120882e+03 9.081644e+03 8.890756e+03 8.929994e+03
11.5 9.116655e+03 9.096312e+03 8.890845e+03 8.911189e+03
12.5 9.021642e+03 8.907983e+03 8.890900e+03 9.004559e+03
13.5 9.058817e+03 8.877532e+03 8.890930e+03 9.072215e+03
14.5 8.996490e+03 8.874242e+03 8.890942e+03 9.013191e+03
15.5 8.916262e+03 8.903766e+03 8.890948e+03 8.903444e+03
16.5 9.130951e+03 9.072807e+03 8.890949e+03 8.949093e+03
17.5 9.077190e+03 8.932188e+03 8.890949e+03 9.035951e+03
0.5 8.905498e+03 8.865852e+03 8.890931e+03 8.930577e+03
1.5 8.743798e+03 8.887615e+03 8.892441e+03 8.748624e+03
2.5 8.882216e+03 8.909393e+03 8.895413e+03 8.868235e+03
3.5 8.783271e+03 8.892943e+03 8.894936e+03 8.785264e+03
4.5 8.954646e+03 8.872285e+03 8.893012e+03 8.975374e+03
5.5 8.905287e+03 8.875551e+03 8.891565e+03 8.921301e+03
6.5 8.853512e+03 8.875103e+03 8.890842e+03 8.869251e+03
7.5 8.937851e+03 8.849789e+03 8.890551e+03 8.978614e+03
8.5 8.948929e+03 8.940228e+03 8.890524e+03 8.899224e+03
9.5 9.005849e+03 8.925810e+03 8.890616e+03 8.970655e+03
10.5 8.832671e+03 8.891278e+03 8.890737e+03 8.832130e+03
11.5 8.950439e+03 8.876127e+03 8.890832e+03 8.965144e+03
12.5 8.908516e+03 8.871288e+03 8.890894e+03 8.928122e+03
13.5 8.995722e+03 8.871605e+03 8.890929e+03 9.015046e+03
14.5 9.033014e+03 8.877874e+03 8.890948e+03 9.046087e+03
15.5 8.849568e+03 8.922377e+03 8.890960e+03 8.818151e+03
16.5 8.817111e+03 8.936423e+03 8.890968e+03 8.771657e+03
17.5 8.865399e+03 8.893986e+03 8.890976e+03 8.862389e+03
