1.060246e+04 1.128076e+04 1.082200e+04 1.106122e+04
1.133141e+04 1.128076e+04 1.123404e+04 1.137812e+04
1.177426e+04 1.128076e+04 1.120701e+04 1.184801e+04
1.125145e+04 1.128076e+04 1.126565e+04 1.126656e+04
1.091150e+04 1.128076e+04 1.132894e+04 1.086331e+04
1.104905e+04 1.128076e+04 1.139336e+04 1.093644e+04
1.155439e+04 1.128076e+04 1.142678e+04 1.140836e+04
1.159855e+04 1.128076e+04 1.153428e+04 1.134503e+04
1.204287e+04 1.128076e+04 1.151398e+04 1.180965e+04
1.116418e+04 1.128076e+04 1.138529e+04 1.105964e+04
1.132707e+04 1.128076e+04 1.131234e+04 1.129548e+04
1.099663e+04 1.128076e+04 1.128689e+04 1.099050e+04
1.155488e+04 1.128076e+04 1.134836e+04 1.148728e+04
1.170667e+04 1.128076e+04 1.129240e+04 1.169502e+04
1.166346e+04 1.128076e+04 1.118072e+04 1.176350e+04
1.120395e+04 1.128076e+04 1.109036e+04 1.139435e+04
1.154046e+04 1.128076e+04 1.120709e+04 1.161413e+04
1.156372e+04 1.128076e+04 1.117070e+04 1.167378e+04
1.017302e+04 1.128076e+04 1.121804e+04 1.023574e+04
1.075914e+04 1.128076e+04 1.122197e+04 1.081792e+04
1.035194e+04 1.128076e+04 1.129494e+04 1.033775e+04
1.016516e+04 1.128076e+04 1.122573e+04 1.022019e+04
1.105269e+04 1.128076e+04 1.125620e+04 1.107725e+04
1.115594e+04 1.128076e+04 1.129547e+04 1.114123e+04
1.119179e+04 1.128076e+04 1.139325e+04 1.107930e+04
1.085795e+04 1.128076e+04 1.130394e+04 1.083477e+04
1.136336e+04 1.128076e+04 1.130610e+04 1.133802e+04
1.177393e+04 1.128076e+04 1.128400e+04 1.177069e+04
1.157503e+04 1.128076e+04 1.127880e+04 1.157699e+04
1.167762e+04 1.128076e+04 1.132142e+04 1.163695e+04
1.134174e+04 1.128076e+04 1.103474e+04 1.158775e+04
1.149206e+04 1.128076e+04 1.119700e+04 1.157582e+04
1.165538e+04 1.128076e+04 1.129562e+04 1.164052e+04
1.135723e+04 1.128076e+04 1.124700e+04 1.139098e+04
1.124807e+04 1.128076e+04 1.117614e+04 1.135269e+04
1.096890e+04 1.128076e+04 1.102898e+04 1.122067e+04
1.136936e+04 1.128076e+04 1.106916e+04 1.158096e+04
1.186256e+04 1.128076e+04 1.113209e+04 1.201123e+04
1.151571e+04 1.128076e+04 1.119223e+04 1.160424e+04
1.117394e+04 1.128076e+04 1.128311e+04 1.117160e+04
1.102595e+04 1.128076e+04 1.122254e+04 1.108416e+04
1.119572e+04 1.128076e+04 1.120855e+04 1.126793e+04
1.178976e+04 1.128076e+04 1.126523e+04 1.180529e+04
1.153443e+04 1.128076e+04 1.123514e+04 1.158005e+04
1.106497e+04 1.128076e+04 1.134566e+04 1.100007e+04
1.169841e+04 1.128076e+04 1.138721e+04 1.159196e+04
1.145484e+04 1.128076e+04 1.139462e+04 1.134097e+04
1.147160e+04 1.128076e+04 1.144375e+04 1.130861e+04
1.156833e+04 1.128076e+04 1.138236e+04 1.146672e+04
1.104013e+04 1.128076e+04 1.130082e+04 1.102006e+04
1.097645e+04 1.128076e+04 1.101544e+04 1.124178e+04
1.104555e+04 1.128076e+04 1.117544e+04 1.115087e+04
1.099589e+04 1.128076e+04 1.121204e+04 1.106461e+04
1.138111e+04 1.128076e+04 1.116867e+04 1.149319e+04
1.166856e+04 1.128076e+04 1.137414e+04 1.157518e+04
1.180470e+04 1.128076e+04 1.136969e+04 1.171577e+04
1.164036e+04 1.128076e+04 1.135728e+04 1.156383e+04
1.184458e+04 1.128076e+04 1.129792e+04 1.182741e+04
1.147412e+04 1.128076e+04 1.134415e+04 1.141073e+04
1.048760e+04 1.128076e+04 1.122901e+04 1.053934e+04
1.116429e+04 1.128076e+04 1.125665e+04 1.118839e+04
1.033483e+04 1.128076e+04 1.112399e+04 1.049159e+04
1.118259e+04 1.128076e+04 1.120815e+04 1.125519e+04
1.185030e+04 1.128076e+04 1.129366e+04 1.183740e+04
1.129062e+04 1.128076e+04 1.122631e+04 1.134507e+04
1.117841e+04 1.128076e+04 1.131537e+04 1.114380e+04
1.126215e+04 1.128076e+04 1.137896e+04 1.116395e+04
1.107598e+04 1.128076e+04 1.141742e+04 1.093932e+04
1.107241e+04 1.128076e+04 1.150266e+04 1.085050e+04
1.136771e+04 1.128076e+04 1.139831e+04 1.125015e+04
1.136206e+04 1.128076e+04 1.134604e+04 1.129678e+04
1.116013e+04 1.128076e+04 1.128819e+04 1.115270e+04
1.133266e+04 1.145865e+04 1.146457e+04 1.132674e+04
1.143868e+04 1.117143e+04 1.131025e+04 1.129986e+04
1.099251e+04 9.946772e+03 1.015120e+04 1.078808e+04
1.127734e+04 1.120668e+04 1.130940e+04 1.117462e+04
1.155281e+04 1.129817e+04 1.132210e+04 1.152887e+04
1.140027e+04 1.128680e+04 1.125270e+04 1.143438e+04
1.154562e+04 1.115761e+04 1.106290e+04 1.164034e+04
1.135917e+04 1.118565e+04 1.103469e+04 1.151013e+04
1.168366e+04 1.113687e+04 1.091318e+04 1.190735e+04
1.119963e+04 1.112222e+04 1.100613e+04 1.131572e+04
1.162182e+04 1.123912e+04 1.116648e+04 1.169446e+04
1.170124e+04 1.126693e+04 1.121813e+04 1.175003e+04
1.173678e+04 1.126100e+04 1.122759e+04 1.177019e+04
1.063839e+04 1.127761e+04 1.114035e+04 1.077565e+04
1.076476e+04 1.127933e+04 1.109855e+04 1.094554e+04
1.137584e+04 1.128055e+04 1.120480e+04 1.145159e+04
1.115580e+04 1.128084e+04 1.130131e+04 1.113533e+04
1.096237e+04 1.128077e+04 1.129674e+04 1.094640e+04
1.077283e+04 1.128076e+04 1.133173e+04 1.072186e+04
1.123605e+04 1.128076e+04 1.137619e+04 1.114062e+04
1.135671e+04 1.128076e+04 1.136469e+04 1.127278e+04
1.042690e+04 1.128076e+04 1.139938e+04 1.030827e+04
1.074253e+04 1.128076e+04 1.138739e+04 1.063590e+04
1.065082e+04 1.128076e+04 1.133918e+04 1.059240e+04
1.076028e+04 1.128076e+04 1.136999e+04 1.067104e+04
1.107185e+04 1.128076e+04 1.136963e+04 1.098298e+04
1.126463e+04 1.128076e+04 1.132675e+04 1.121864e+04
1.110174e+04 1.128076e+04 1.132302e+04 1.105947e+04
1.095934e+04 1.128076e+04 1.137556e+04 1.086453e+04
1.134384e+04 1.128076e+04 1.137127e+04 1.125333e+04
1.139595e+04 1.128076e+04 1.123897e+04 1.143774e+04
1.123711e+04 1.128076e+04 1.106237e+04 1.145550e+04
1.095869e+04 1.128076e+04 1.129251e+04 1.094693e+04
1.119620e+04 1.128076e+04 1.123260e+04 1.124436e+04
1.147769e+04 1.128076e+04 1.126021e+04 1.149824e+04
1.121043e+04 1.128076e+04 1.126896e+04 1.122223e+04
1.102517e+04 1.128076e+04 1.127559e+04 1.103033e+04
1.085532e+04 1.128076e+04 1.123780e+04 1.089827e+04
1.097250e+04 1.128076e+04 1.127371e+04 1.097955e+04
1.096327e+04 1.128076e+04 1.125024e+04 1.099379e+04
1.110830e+04 1.128076e+04 1.131165e+04 1.107741e+04
1.168055e+04 1.128076e+04 1.129178e+04 1.166953e+04
1.178671e+04 1.128076e+04 1.127211e+04 1.179535e+04
1.140634e+04 1.128076e+04 1.124423e+04 1.144287e+04
1.084865e+04 1.128076e+04 1.125845e+04 1.087095e+04
1.141572e+04 1.128076e+04 1.123427e+04 1.146221e+04
1.134756e+04 1.128076e+04 1.117772e+04 1.145060e+04
1.114368e+04 1.128076e+04 1.115573e+04 1.126870e+04
1.106486e+04 1.128076e+04 1.119985e+04 1.114577e+04
1.093366e+04 1.128076e+04 1.124174e+04 1.097267e+04
1.184268e+04 1.128076e+04 1.118039e+04 1.194305e+04
1.142609e+04 1.128076e+04 1.124433e+04 1.146252e+04
1.133231e+04 1.128076e+04 1.134779e+04 1.126528e+04
1.161991e+04 1.128076e+04 1.133313e+04 1.156754e+04
1.170524e+04 1.128076e+04 1.132774e+04 1.165826e+04
1.138625e+04 1.128076e+04 1.142228e+04 1.124473e+04
1.162554e+04 1.128076e+04 1.150878e+04 1.139752e+04
1.139830e+04 1.128076e+04 1.144371e+04 1.123535e+04
1.162140e+04 1.128076e+04 1.130979e+04 1.159237e+04
1.173537e+04 1.128076e+04 1.130444e+04 1.171168e+04
1.186891e+04 1.128076e+04 1.124188e+04 1.190778e+04
1.150220e+04 1.128076e+04 1.130392e+04 1.147904e+04
1.180148e+04 1.128076e+04 1.137961e+04 1.170264e+04
1.168095e+04 1.128076e+04 1.135851e+04 1.160320e+04
1.157284e+04 1.128076e+04 1.127085e+04 1.158275e+04
1.062309e+04 1.128076e+04 1.124148e+04 1.066237e+04
1.112242e+04 1.128076e+04 1.117520e+04 1.122798e+04
1.173338e+04 1.128076e+04 1.120290e+04 1.181123e+04
1.140616e+04 1.128076e+04 1.126201e+04 1.142491e+04
1.153466e+04 1.128076e+04 1.119273e+04 1.162269e+04
1.039261e+04 1.127674e+04 1.096514e+04 1.070421e+04
1.143608e+04 1.230868e+04 1.245536e+04 1.128941e+04
1.180981e+04 1.187530e+04 1.204268e+04 1.164243e+04
7.975419e+03 8.933215e+03 9.141869e+03 7.766765e+03
1.108221e+04 1.109617e+04 1.126215e+04 1.091623e+04
1.169295e+04 1.153444e+04 1.170843e+04 1.151896e+04
1.200561e+04 1.127312e+04 1.133820e+04 1.194053e+04
1.198789e+04 1.120982e+04 1.118899e+04 1.200872e+04
1.184883e+04 1.142485e+04 1.142703e+04 1.184665e+04
1.157332e+04 1.131011e+04 1.126084e+04 1.162259e+04
1.152156e+04 1.122675e+04 1.112149e+04 1.162683e+04
1.158686e+04 1.121873e+04 1.107760e+04 1.172798e+04
1.177619e+04 1.126850e+04 1.118950e+04 1.185519e+04
1.184312e+04 1.128188e+04 1.125040e+04 1.187460e+04
1.188467e+04 1.128129e+04 1.125184e+04 1.191412e+04
1.131588e+04 1.128071e+04 1.123924e+04 1.135736e+04
1.170157e+04 1.128033e+04 1.119420e+04 1.178769e+04
1.221147e+04 1.128062e+04 1.131547e+04 1.217662e+04
1.230293e+04 1.128076e+04 1.147471e+04 1.210898e+04
1.152394e+04 1.128076e+04 1.137363e+04 1.143107e+04
8.612056e+03 1.128076e+04 1.136069e+04 8.532124e+03
1.146480e+04 1.128076e+04 1.137206e+04 1.137349e+04
1.153638e+04 1.128076e+04 1.140164e+04 1.141550e+04
1.144717e+04 1.128076e+04 1.133504e+04 1.139289e+04
1.145499e+04 1.128076e+04 1.137808e+04 1.135766e+04
1.175218e+04 1.128076e+04 1.139288e+04 1.164006e+04
1.130028e+04 1.128076e+04 1.131940e+04 1.126164e+04
1.129617e+04 1.128076e+04 1.128809e+04 1.128884e+04
1.134542e+04 1.128076e+04 1.125726e+04 1.136891e+04
1.144358e+04 1.128076e+04 1.128437e+04 1.143997e+04
8.284002e+03 1.128076e+04 1.126940e+04 8.295358e+03
1.165785e+04 1.128076e+04 1.124459e+04 1.169402e+04
1.043714e+04 1.128076e+04 1.125005e+04 1.046785e+04
8.616795e+03 1.128076e+04 1.123508e+04 8.662469e+03
7.963333e+03 1.128076e+04 1.108262e+04 8.161466e+03
1.110596e+04 1.128076e+04 1.105258e+04 1.133414e+04
1.116874e+04 1.128076e+04 1.110244e+04 1.134706e+04
1.135993e+04 1.128076e+04 1.119124e+04 1.144945e+04
1.109095e+04 1.128076e+04 1.129820e+04 1.107351e+04
1.112300e+04 1.128076e+04 1.136337e+04 1.104039e+04
1.118310e+04 1.128076e+04 1.135772e+04 1.110614e+04
1.127265e+04 1.128076e+04 1.142404e+04 1.112937e+04
1.150085e+04 1.128076e+04 1.142843e+04 1.135317e+04
1.147584e+04 1.128076e+04 1.145727e+04 1.129932e+04
1.129939e+04 1.128076e+04 1.130136e+04 1.127879e+04
1.146364e+04 1.128076e+04 1.126128e+04 1.148312e+04
1.133066e+04 1.128076e+04 1.123424e+04 1.137718e+04
1.157145e+04 1.128076e+04 1.114839e+04 1.170381e+04
1.177828e+04 1.127859e+04 1.116289e+04 1.189398e+04
1.132624e+04 1.086097e+04 1.090465e+04 1.128256e+04
1.100461e+04 1.017345e+04 1.040561e+04 1.077245e+04
1.128533e+04 1.070923e+04 1.091991e+04 1.107465e+04
1.137468e+04 1.130305e+04 1.139669e+04 1.128105e+04
1.167077e+04 1.121724e+04 1.125709e+04 1.163092e+04
1.119701e+04 1.130180e+04 1.129607e+04 1.120274e+04
1.125939e+04 1.144020e+04 1.126017e+04 1.143942e+04
1.153127e+04 1.121553e+04 1.116210e+04 1.158470e+04
1.153347e+04 1.119601e+04 1.116102e+04 1.156847e+04
1.178106e+04 1.124270e+04 1.120001e+04 1.182375e+04
1.176447e+04 1.126861e+04 1.123807e+04 1.179501e+04
1.160537e+04 1.127754e+04 1.126016e+04 1.162276e+04
1.146488e+04 1.128074e+04 1.127572e+04 1.146990e+04
1.114906e+04 1.128270e+04 1.125163e+04 1.118013e+04
1.150176e+04 1.128063e+04 1.121258e+04 1.156982e+04
1.134210e+04 1.128058e+04 1.124726e+04 1.137542e+04
1.133343e+04 1.128077e+04 1.123575e+04 1.137845e+04
1.116893e+04 1.128076e+04 1.127030e+04 1.117939e+04
1.073219e+04 1.128076e+04 1.123608e+04 1.077687e+04
1.056842e+04 1.128076e+04 1.127396e+04 1.057522e+04
1.118667e+04 1.128076e+04 1.136509e+04 1.110234e+04
1.184909e+04 1.128076e+04 1.138494e+04 1.174491e+04
1.116270e+04 1.128076e+04 1.135345e+04 1.109001e+04
1.136673e+04 1.128076e+04 1.130844e+04 1.133905e+04
1.081243e+04 1.128076e+04 1.124383e+04 1.084936e+04
1.099197e+04 1.128076e+04 1.130869e+04 1.096404e+04
