1.279768e+04 9.410393e+03 1.287345e+04 9.334621e+03
8.735401e+03 9.410393e+03 9.240553e+03 8.905241e+03
9.765988e+03 9.410393e+03 9.507394e+03 9.668987e+03
9.598685e+03 9.410393e+03 9.113808e+03 9.895270e+03
9.510704e+03 9.410393e+03 9.341517e+03 9.579581e+03
9.062534e+03 9.411791e+03 9.164841e+03 9.309484e+03
9.274722e+03 9.412252e+03 9.453451e+03 9.233522e+03
9.103870e+03 9.375330e+03 9.470576e+03 9.008624e+03
9.011085e+03 9.364540e+03 9.120923e+03 9.254702e+03
9.819164e+03 9.392223e+03 9.137382e+03 1.007401e+04
9.180941e+03 9.405624e+03 9.294972e+03 9.291593e+03
8.807766e+03 9.412638e+03 9.241561e+03 8.978843e+03
9.059440e+03 9.409548e+03 9.211254e+03 9.257734e+03
8.344218e+03 9.406845e+03 8.846067e+03 8.904996e+03
8.989730e+03 9.409731e+03 9.124871e+03 9.274591e+03
9.107369e+03 9.410502e+03 9.130702e+03 9.387169e+03
9.372321e+03 9.410070e+03 9.342408e+03 9.439984e+03
8.590450e+03 9.411502e+03 8.942796e+03 9.059157e+03
9.455738e+03 9.410403e+03 9.477011e+03 9.389131e+03
9.454405e+03 9.410276e+03 9.623844e+03 9.240837e+03
8.982519e+03 9.410618e+03 9.221963e+03 9.171174e+03
8.927038e+03 9.410330e+03 9.625501e+03 8.711868e+03
9.027438e+03 9.410407e+03 9.441916e+03 8.995929e+03
8.247781e+03 9.410410e+03 9.291831e+03 8.366361e+03
8.726706e+03 9.410396e+03 9.097055e+03 9.040047e+03
8.457487e+03 9.410397e+03 9.131358e+03 8.736526e+03
9.103344e+03 9.410394e+03 9.232528e+03 9.281210e+03
8.892878e+03 9.410393e+03 9.345638e+03 8.957634e+03
8.872174e+03 9.410393e+03 9.319470e+03 8.963097e+03
9.091660e+03 9.410393e+03 9.030403e+03 9.471651e+03
1.136771e+04 9.410393e+03 1.097369e+04 9.804412e+03
1.105064e+04 9.410393e+03 9.917827e+03 1.054320e+04
1.022556e+04 9.410393e+03 9.228890e+03 1.040706e+04
1.037577e+04 9.410393e+03 9.482619e+03 1.030355e+04
9.851436e+03 9.410393e+03 9.679447e+03 9.582382e+03
1.045237e+04 9.410393e+03 1.026959e+04 9.593174e+03
1.011262e+04 9.410393e+03 9.889887e+03 9.633123e+03
1.048241e+04 9.410393e+03 9.940264e+03 9.952542e+03
1.034141e+04 9.410393e+03 1.005302e+04 9.698784e+03
9.657537e+03 9.410393e+03 9.480078e+03 9.587853e+03
1.000093e+04 9.410393e+03 9.121647e+03 1.028968e+04
9.550901e+03 9.410393e+03 9.102392e+03 9.858903e+03
1.010369e+04 9.410393e+03 9.595478e+03 9.918601e+03
9.895514e+03 9.410393e+03 9.903183e+03 9.402724e+03
8.209409e+03 9.410393e+03 9.175352e+03 8.444450e+03
8.585950e+03 9.410393e+03 9.299035e+03 8.697309e+03
8.375140e+03 9.410311e+03 9.310947e+03 8.474504e+03
8.588304e+03 9.410259e+03 9.379036e+03 8.619526e+03
8.697841e+03 9.402696e+03 8.941959e+03 9.158578e+03
9.031312e+03 9.409969e+03 9.282069e+03 9.159212e+03
8.623723e+03 9.408369e+03 8.971441e+03 9.060651e+03
8.812749e+03 9.414171e+03 9.165340e+03 9.061579e+03
8.339772e+03 9.442514e+03 8.937255e+03 8.845031e+03
9.045080e+03 9.397967e+03 9.403237e+03 9.039810e+03
8.804001e+03 9.444133e+03 9.011195e+03 9.236939e+03
9.018052e+03 9.415583e+03 9.241382e+03 9.192253e+03
9.142697e+03 9.409799e+03 9.210294e+03 9.342202e+03
9.910560e+03 9.411376e+03 9.535111e+03 9.786825e+03
8.487471e+03 9.404085e+03 8.923469e+03 8.968086e+03
9.469418e+03 9.413744e+03 9.883025e+03 9.000136e+03
8.230934e+03 9.411930e+03 9.455874e+03 8.186989e+03
8.478644e+03 9.410032e+03 9.113174e+03 8.775501e+03
9.207450e+03 9.410476e+03 9.221385e+03 9.396542e+03
1.023715e+04 9.410961e+03 9.963258e+03 9.684853e+03
1.054052e+04 9.410517e+03 9.893321e+03 1.005772e+04
1.019878e+04 9.410374e+03 9.264181e+03 1.034497e+04
9.095770e+03 9.410390e+03 9.297233e+03 9.208927e+03
9.342021e+03 9.410115e+03 9.262714e+03 9.489423e+03
9.396000e+03 9.402319e+03 9.419641e+03 9.378679e+03
9.778646e+03 9.452520e+03 9.772265e+03 9.458901e+03
9.944599e+03 9.436990e+03 9.682074e+03 9.699515e+03
9.237525e+03 9.417287e+03 9.409615e+03 9.245198e+03
9.602703e+03 9.539501e+03 9.865335e+03 9.276868e+03
9.109251e+03 9.332328e+03 9.784410e+03 8.657169e+03
9.179957e+03 8.458918e+03 7.831879e+03 9.806995e+03
9.113585e+03 9.357660e+03 9.711553e+03 8.759692e+03
1.016816e+04 9.422732e+03 9.666838e+03 9.924055e+03
1.004257e+04 9.414295e+03 9.555576e+03 9.901287e+03
1.002160e+04 9.321452e+03 9.436184e+03 9.906870e+03
9.362696e+03 9.342100e+03 9.522676e+03 9.182120e+03
9.599470e+03 9.307246e+03 9.403862e+03 9.502854e+03
9.050354e+03 9.296824e+03 9.090690e+03 9.256489e+03
9.079613e+03 9.380576e+03 9.365783e+03 9.094406e+03
9.223634e+03 9.400491e+03 9.380645e+03 9.243479e+03
9.910122e+03 9.383986e+03 9.909944e+03 9.384164e+03
9.832036e+03 9.377251e+03 9.601276e+03 9.608011e+03
1.010287e+04 9.366539e+03 9.742601e+03 9.726804e+03
9.803711e+03 9.399427e+03 9.535890e+03 9.667248e+03
9.605687e+03 9.415194e+03 9.204505e+03 9.816375e+03
9.353512e+03 9.410688e+03 9.328011e+03 9.436189e+03
9.649344e+03 9.411579e+03 9.445354e+03 9.615569e+03
9.631147e+03 9.413251e+03 9.363491e+03 9.680908e+03
9.314695e+03 9.405360e+03 9.214027e+03 9.506028e+03
9.799500e+03 9.403453e+03 9.147853e+03 1.005510e+04
9.712205e+03 9.407696e+03 9.288219e+03 9.831682e+03
9.933613e+03 9.410936e+03 9.505955e+03 9.838595e+03
9.732568e+03 9.410636e+03 9.342938e+03 9.800266e+03
9.577773e+03 9.410393e+03 9.274472e+03 9.713694e+03
9.784220e+03 9.410665e+03 9.257676e+03 9.937209e+03
9.302624e+03 9.409877e+03 9.209505e+03 9.502995e+03
9.346650e+03 9.406914e+03 9.167454e+03 9.586111e+03
9.460204e+03 9.410162e+03 9.433669e+03 9.436698e+03
9.253716e+03 9.409762e+03 9.219980e+03 9.443497e+03
9.160440e+03 9.409742e+03 9.087914e+03 9.482269e+03
9.266999e+03 9.410367e+03 9.319968e+03 9.357398e+03
9.310513e+03 9.409997e+03 9.596538e+03 9.123972e+03
9.425139e+03 9.410736e+03 9.211859e+03 9.624015e+03
8.975228e+03 9.410509e+03 9.392991e+03 8.992746e+03
9.164021e+03 9.410475e+03 9.406970e+03 9.167526e+03
9.563171e+03 9.410344e+03 9.571680e+03 9.401834e+03
9.524432e+03 9.410409e+03 9.421875e+03 9.512966e+03
9.264275e+03 9.410386e+03 9.574437e+03 9.100225e+03
8.611973e+03 9.410408e+03 9.135327e+03 8.887053e+03
8.627366e+03 9.410397e+03 9.255697e+03 8.782067e+03
8.665510e+03 9.410394e+03 9.356121e+03 8.719783e+03
9.027983e+03 9.410393e+03 9.582772e+03 8.855604e+03
8.989189e+03 9.410393e+03 9.485031e+03 8.914552e+03
9.115723e+03 9.410393e+03 9.666961e+03 8.859155e+03
9.543163e+03 9.410393e+03 9.208317e+03 9.745240e+03
9.494512e+03 9.410393e+03 9.173812e+03 9.731093e+03
9.227805e+03 9.410394e+03 9.153773e+03 9.484426e+03
9.171082e+03 9.414201e+03 9.259055e+03 9.326229e+03
8.929412e+03 9.406807e+03 9.367150e+03 8.969069e+03
9.632511e+03 9.426661e+03 9.152879e+03 9.906292e+03
9.732605e+03 9.437367e+03 9.053565e+03 1.011641e+04
9.658244e+03 9.404376e+03 9.356293e+03 9.706327e+03
9.423068e+03 9.410242e+03 9.366295e+03 9.467015e+03
9.295800e+03 9.404330e+03 9.522305e+03 9.177825e+03
9.950325e+03 9.389905e+03 9.550059e+03 9.790172e+03
9.710819e+03 9.390703e+03 9.458817e+03 9.642705e+03
9.475602e+03 9.407930e+03 9.494201e+03 9.389330e+03
9.539514e+03 9.406389e+03 9.203750e+03 9.742153e+03
9.328545e+03 9.412526e+03 9.035373e+03 9.705698e+03
9.461885e+03 9.412269e+03 9.067043e+03 9.807111e+03
9.468718e+03 9.410579e+03 9.105868e+03 9.773429e+03
8.912237e+03 9.408624e+03 9.429108e+03 8.891753e+03
9.506790e+03 9.411678e+03 9.203385e+03 9.715083e+03
9.177000e+03 9.410487e+03 9.426319e+03 9.161168e+03
8.948331e+03 9.410098e+03 9.806156e+03 8.552273e+03
9.307555e+03 9.410330e+03 9.690194e+03 9.027691e+03
9.222289e+03 9.410427e+03 9.241251e+03 9.391465e+03
9.110021e+03 9.410393e+03 9.315638e+03 9.204777e+03
8.357998e+03 9.407529e+03 9.034539e+03 8.730988e+03
1.024327e+04 1.014603e+04 1.124834e+04 9.140953e+03
1.035645e+04 9.835880e+03 1.099451e+04 9.197825e+03
4.214628e+03 7.730367e+03 6.106370e+03 5.838626e+03
9.528382e+03 9.278295e+03 9.331837e+03 9.474839e+03
9.193016e+03 9.591939e+03 9.603909e+03 9.181046e+03
9.827586e+03 9.404927e+03 9.310986e+03 9.921527e+03
9.235455e+03 9.359629e+03 9.396872e+03 9.198212e+03
9.423889e+03 9.513517e+03 9.281066e+03 9.656340e+03
9.570491e+03 9.431402e+03 9.377263e+03 9.624630e+03
9.863231e+03 9.371746e+03 9.546166e+03 9.688812e+03
1.024744e+04 9.366000e+03 9.923577e+03 9.689862e+03
9.067745e+03 9.401622e+03 9.714811e+03 8.754556e+03
9.132313e+03 9.411199e+03 9.409279e+03 9.134233e+03
9.233850e+03 9.410774e+03 9.392958e+03 9.251666e+03
9.297655e+03 9.410363e+03 9.437393e+03 9.270625e+03
9.342408e+03 9.410086e+03 9.713851e+03 9.038644e+03
9.512038e+03 9.410294e+03 9.547001e+03 9.375331e+03
9.097224e+03 9.410393e+03 9.036169e+03 9.471448e+03
8.799798e+03 9.410393e+03 9.066012e+03 9.144179e+03
9.208943e+03 9.410393e+03 9.255680e+03 9.363657e+03
9.103630e+03 9.410393e+03 9.236106e+03 9.277917e+03
9.133922e+03 9.410393e+03 9.183188e+03 9.361127e+03
9.137526e+03 9.410260e+03 9.273818e+03 9.273968e+03
9.676493e+03 9.414684e+03 9.728957e+03 9.362220e+03
9.666527e+03 9.413990e+03 9.697594e+03 9.382923e+03
9.644095e+03 9.412115e+03 9.612227e+03 9.443983e+03
9.691963e+03 9.409699e+03 9.297927e+03 9.803734e+03
9.664234e+03 9.410326e+03 9.352672e+03 9.721889e+03
9.314741e+03 9.410690e+03 9.106820e+03 9.618611e+03
9.414667e+03 9.410697e+03 9.207475e+03 9.617889e+03
1.005339e+04 9.410434e+03 9.401874e+03 1.006195e+04
9.651354e+03 9.410449e+03 9.364284e+03 9.697519e+03
9.506358e+03 9.410446e+03 9.426241e+03 9.490563e+03
9.704394e+03 9.410321e+03 9.814426e+03 9.300289e+03
1.032611e+04 9.410354e+03 9.831024e+03 9.905439e+03
1.032346e+04 9.410390e+03 9.926860e+03 9.806993e+03
9.828098e+03 9.410390e+03 9.714282e+03 9.524206e+03
9.683806e+03 9.410392e+03 9.489070e+03 9.605127e+03
9.870630e+03 9.410394e+03 9.122428e+03 1.015860e+04
9.770729e+03 9.410257e+03 9.136399e+03 1.004459e+04
9.478651e+03 9.403827e+03 9.281639e+03 9.600839e+03
9.801065e+03 9.425866e+03 9.680561e+03 9.546371e+03
9.877392e+03 9.399196e+03 9.428121e+03 9.848466e+03
9.593311e+03 9.416501e+03 9.663032e+03 9.346779e+03
1.009611e+04 9.409884e+03 9.346480e+03 1.015951e+04
9.412442e+03 9.409668e+03 9.268982e+03 9.553128e+03
8.707206e+03 9.411411e+03 9.121994e+03 8.996623e+03
9.277038e+03 9.412685e+03 8.991645e+03 9.698079e+03
9.271597e+03 9.112113e+03 8.713761e+03 9.669948e+03
9.459403e+03 8.619117e+03 8.223164e+03 9.855356e+03
9.798835e+03 9.001740e+03 9.059556e+03 9.741020e+03
1.007887e+04 9.426337e+03 9.821090e+03 9.684113e+03
1.011620e+04 9.364987e+03 9.345143e+03 1.013605e+04
9.916244e+03 9.425499e+03 9.171760e+03 1.016998e+04
9.627499e+03 9.524527e+03 9.189250e+03 9.962776e+03
9.597585e+03 9.363707e+03 9.095514e+03 9.865778e+03
9.716290e+03 9.349743e+03 9.304947e+03 9.761086e+03
9.433338e+03 9.383158e+03 9.496129e+03 9.320367e+03
9.439462e+03 9.401703e+03 9.544900e+03 9.296265e+03
9.181572e+03 9.408091e+03 9.542299e+03 9.047364e+03
8.740616e+03 9.410379e+03 9.483951e+03 8.667044e+03
9.131771e+03 9.411782e+03 9.194945e+03 9.348608e+03
9.875326e+03 9.410304e+03 9.210219e+03 1.007541e+04
9.570575e+03 9.410267e+03 9.275582e+03 9.705261e+03
9.069812e+03 9.410400e+03 9.324857e+03 9.155354e+03
9.012966e+03 9.410393e+03 9.292139e+03 9.131220e+03
9.008869e+03 9.410393e+03 9.812512e+03 8.606751e+03
9.152422e+03 9.410393e+03 9.626912e+03 8.935903e+03
8.191171e+03 9.410393e+03 9.313100e+03 8.288464e+03
9.574838e+03 9.410393e+03 9.305126e+03 9.680106e+03
9.156974e+03 9.410393e+03 9.352353e+03 9.215014e+03
9.414908e+03 9.410393e+03 9.447377e+03 9.377924e+03
9.994765e+03 9.410393e+03 9.823997e+03 9.581161e+03
8.617688e+03 9.410393e+03 9.181336e+03 8.846745e+03
