1.0 9.719644e+03 9.659568e+03 9.668597e+03 9.728673e+03
2.0 9.776695e+03 9.680669e+03 9.684797e+03 9.780822e+03
3.0 9.704254e+03 9.712069e+03 9.713851e+03 9.706036e+03
4.0 9.642880e+03 9.719662e+03 9.736399e+03 9.659616e+03
5.0 9.775260e+03 9.773167e+03 9.746577e+03 9.748670e+03
6.0 9.704080e+03 9.674322e+03 9.749113e+03 9.778871e+03
7.0 9.805953e+03 9.731765e+03 9.747839e+03 9.822027e+03
8.0 9.779091e+03 9.717249e+03 9.745285e+03 9.807128e+03
9.0 9.698562e+03 9.740921e+03 9.742751e+03 9.700391e+03
10.0 9.633710e+03 9.709882e+03 9.740943e+03 9.664771e+03
11.0 9.666707e+03 9.726663e+03 9.739823e+03 9.679867e+03
12.0 9.704796e+03 9.692985e+03 9.739257e+03 9.751068e+03
13.0 9.837995e+03 9.730972e+03 9.739002e+03 9.846024e+03
14.0 9.636590e+03 9.718173e+03 9.738907e+03 9.657323e+03
15.0 9.668443e+03 9.726860e+03 9.738891e+03 9.680474e+03
16.0 9.735849e+03 9.705013e+03 9.738909e+03 9.769744e+03
17.0 9.647458e+03 9.685626e+03 9.738933e+03 9.700765e+03
18.0 9.758333e+03 9.719825e+03 9.733946e+03 9.772454e+03
19.0 9.731745e+03 9.695988e+03 9.709462e+03 9.745219e+03
20.0 9.587054e+03 9.665944e+03 9.681642e+03 9.602752e+03
21.0 9.514167e+03 9.660075e+03 9.664467e+03 9.518558e+03
22.0 9.535645e+03 9.592631e+03 9.658152e+03 9.601166e+03
23.0 9.558070e+03 9.619627e+03 9.657646e+03 9.596089e+03
24.0 9.638741e+03 9.615523e+03 9.659779e+03 9.682997e+03
25.0 9.626027e+03 9.617698e+03 9.662488e+03 9.670818e+03
26.0 9.741579e+03 9.611678e+03 9.664851e+03 9.794753e+03
27.0 9.760057e+03 9.785824e+03 9.666434e+03 9.640667e+03
28.0 9.789924e+03 9.672003e+03 9.667383e+03 9.785304e+03
29.0 9.764470e+03 9.661405e+03 9.667917e+03 9.770981e+03
30.0 9.798656e+03 9.633367e+03 9.668205e+03 9.833493e+03
31.0 9.781455e+03 9.725290e+03 9.668384e+03 9.724548e+03
32.0 9.740589e+03 9.775368e+03 9.668515e+03 9.633735e+03
33.0 9.523188e+03 9.604179e+03 9.668630e+03 9.587639e+03
34.0 9.368452e+03 9.493644e+03 9.668740e+03 9.543548e+03
