0.6 1.355029e+04 1.351894e+04 1.350154e+04 1.353289e+04
1.6 1.362240e+04 1.352638e+04 1.349694e+04 1.359295e+04
2.6 1.354519e+04 1.351730e+04 1.348203e+04 1.350992e+04
3.6 1.327792e+04 1.350590e+04 1.346655e+04 1.323857e+04
4.6 1.342003e+04 1.348511e+04 1.345800e+04 1.339293e+04
5.6 1.344397e+04 1.346467e+04 1.345481e+04 1.343411e+04
6.6 1.346985e+04 1.347574e+04 1.345462e+04 1.344873e+04
7.6 1.354226e+04 1.347548e+04 1.345563e+04 1.352240e+04
8.6 1.355095e+04 1.348581e+04 1.345690e+04 1.352204e+04
9.6 1.349683e+04 1.346837e+04 1.345785e+04 1.348632e+04
10.6 1.370559e+04 1.348692e+04 1.345842e+04 1.367709e+04
11.6 1.342272e+04 1.347326e+04 1.345862e+04 1.340808e+04
12.6 1.348037e+04 1.348331e+04 1.345861e+04 1.345567e+04
13.6 1.338717e+04 1.346776e+04 1.345848e+04 1.337789e+04
14.6 1.353430e+04 1.346513e+04 1.345829e+04 1.352745e+04
15.6 1.344976e+04 1.345105e+04 1.345808e+04 1.345680e+04
16.6 1.343393e+04 1.347107e+04 1.345786e+04 1.342072e+04
17.6 1.335305e+04 1.345957e+04 1.345823e+04 1.335171e+04
18.6 1.347979e+04 1.348611e+04 1.346717e+04 1.346085e+04
19.6 1.350714e+04 1.348568e+04 1.348323e+04 1.350469e+04
20.6 1.362358e+04 1.350362e+04 1.349564e+04 1.361560e+04
21.6 1.337308e+04 1.351036e+04 1.350113e+04 1.336385e+04
22.6 1.339148e+04 1.355202e+04 1.350233e+04 1.334179e+04
23.6 1.358176e+04 1.352078e+04 1.350140e+04 1.356238e+04
24.6 1.329494e+04 1.349274e+04 1.349975e+04 1.330196e+04
25.6 1.348475e+04 1.344580e+04 1.349812e+04 1.353706e+04
26.6 1.327667e+04 1.341255e+04 1.349688e+04 1.336100e+04
27.6 1.361604e+04 1.341286e+04 1.349604e+04 1.369922e+04
28.6 1.329822e+04 1.341021e+04 1.349548e+04 1.338350e+04
29.6 1.344618e+04 1.340560e+04 1.349511e+04 1.353569e+04
30.6 1.363205e+04 1.341649e+04 1.349482e+04 1.371038e+04
31.6 1.335656e+04 1.340739e+04 1.349458e+04 1.344375e+04
32.6 1.352362e+04 1.339468e+04 1.349435e+04 1.362330e+04
33.6 1.351991e+04 1.340295e+04 1.349414e+04 1.361109e+04
0.5 1.349580e+04 1.349754e+04 1.349198e+04 1.349024e+04
1.5 1.355428e+04 1.350379e+04 1.348789e+04 1.353837e+04
2.5 1.377408e+04 1.353965e+04 1.347293e+04 1.370736e+04
3.5 1.366764e+04 1.349548e+04 1.345765e+04 1.362981e+04
4.5 1.348593e+04 1.343632e+04 1.344880e+04 1.349841e+04
5.5 1.333285e+04 1.345429e+04 1.344543e+04 1.332398e+04
6.5 1.342720e+04 1.344626e+04 1.344516e+04 1.342610e+04
7.5 1.346901e+04 1.344269e+04 1.344620e+04 1.347253e+04
8.5 1.345483e+04 1.345572e+04 1.344747e+04 1.344658e+04
9.5 1.355550e+04 1.348036e+04 1.344847e+04 1.352361e+04
10.5 1.354702e+04 1.347579e+04 1.344909e+04 1.352032e+04
11.5 1.341810e+04 1.346450e+04 1.344933e+04 1.340293e+04
12.5 1.371994e+04 1.347836e+04 1.344936e+04 1.369094e+04
13.5 1.349170e+04 1.349574e+04 1.344926e+04 1.344522e+04
14.5 1.333101e+04 1.349031e+04 1.344910e+04 1.328980e+04
15.5 1.327815e+04 1.349105e+04 1.344892e+04 1.323602e+04
16.5 1.338323e+04 1.347753e+04 1.344873e+04 1.335443e+04
17.5 1.330316e+04 1.347697e+04 1.344907e+04 1.327525e+04
18.5 1.367680e+04 1.349191e+04 1.345738e+04 1.364227e+04
19.5 1.345883e+04 1.351801e+04 1.347341e+04 1.341423e+04
20.5 1.354482e+04 1.353559e+04 1.348619e+04 1.349542e+04
21.5 1.323437e+04 1.351649e+04 1.349200e+04 1.320988e+04
22.5 1.350600e+04 1.351313e+04 1.349339e+04 1.348627e+04
23.5 1.367020e+04 1.354322e+04 1.349256e+04 1.361954e+04
24.5 1.345107e+04 1.342053e+04 1.349096e+04 1.352151e+04
25.5 1.354878e+04 1.351562e+04 1.348935e+04 1.352251e+04
26.5 1.327155e+04 1.327367e+04 1.348813e+04 1.348601e+04
27.5 1.382921e+04 1.381363e+04 1.348729e+04 1.350287e+04
28.5 1.340760e+04 1.350250e+04 1.348678e+04 1.339188e+04
29.5 1.355974e+04 1.357156e+04 1.348643e+04 1.347462e+04
30.5 1.352261e+04 1.342533e+04 1.348618e+04 1.358346e+04
31.5 1.355816e+04 1.359603e+04 1.348598e+04 1.344811e+04
32.5 1.353446e+04 1.349130e+04 1.348579e+04 1.352896e+04
33.5 1.358192e+04 1.368887e+04 1.348561e+04 1.337867e+04
