0.5 9.558791e+03 9.744109e+03 9.818741e+03 9.633424e+03
1.5 9.843714e+03 9.772590e+03 9.818641e+03 9.889765e+03
2.5 9.951660e+03 9.780030e+03 9.818211e+03 9.989841e+03
3.5 9.573812e+03 9.787679e+03 9.817753e+03 9.603887e+03
4.5 9.661721e+03 9.789449e+03 9.817481e+03 9.689753e+03
5.5 9.963959e+03 9.850971e+03 9.817386e+03 9.930374e+03
6.5 9.962540e+03 9.813071e+03 9.817384e+03 9.966853e+03
7.5 9.918043e+03 9.810125e+03 9.817423e+03 9.925341e+03
8.5 9.740690e+03 9.801569e+03 9.817470e+03 9.756591e+03
9.5 9.763199e+03 9.830819e+03 9.817510e+03 9.749889e+03
10.5 9.787989e+03 9.846805e+03 9.817536e+03 9.758721e+03
11.5 1.007105e+04 9.792939e+03 9.817553e+03 1.009567e+04
12.5 9.604902e+03 9.758192e+03 9.817562e+03 9.664272e+03
13.5 9.794297e+03 9.798501e+03 9.817567e+03 9.813364e+03
14.5 9.798757e+03 9.809109e+03 9.817571e+03 9.807218e+03
15.5 9.659021e+03 9.809244e+03 9.817574e+03 9.667351e+03
16.5 9.745354e+03 9.787548e+03 9.817576e+03 9.775383e+03
17.5 9.808465e+03 9.804096e+03 9.817590e+03 9.821959e+03
18.5 9.981336e+03 9.812792e+03 9.817831e+03 9.986374e+03
19.5 9.724219e+03 9.814766e+03 9.818330e+03 9.727783e+03
20.5 9.642194e+03 9.809436e+03 9.818721e+03 9.651479e+03
21.5 9.855555e+03 9.817346e+03 9.818912e+03 9.857121e+03
22.5 9.745354e+03 9.814432e+03 9.818967e+03 9.749888e+03
23.5 9.736596e+03 9.837940e+03 9.818951e+03 9.717607e+03
24.5 9.694568e+03 9.871947e+03 9.818910e+03 9.641532e+03
25.5 9.946569e+03 9.849657e+03 9.818869e+03 9.915782e+03
26.5 9.694994e+03 9.835043e+03 9.818839e+03 9.678790e+03
27.5 9.805312e+03 9.817452e+03 9.818821e+03 9.806681e+03
28.5 9.776985e+03 9.813084e+03 9.818812e+03 9.782713e+03
29.5 9.825879e+03 9.823371e+03 9.818808e+03 9.821317e+03
30.5 9.712437e+03 9.845385e+03 9.818808e+03 9.685859e+03
31.5 1.011713e+04 9.803680e+03 9.818808e+03 1.013226e+04
32.5 9.837189e+03 9.897827e+03 9.818809e+03 9.758172e+03
33.5 1.001816e+04 9.904618e+03 9.818811e+03 9.932351e+03
0.9 9.869688e+03 9.838365e+03 9.818817e+03 9.850141e+03
1.9 9.771739e+03 9.821143e+03 9.818579e+03 9.769175e+03
2.9 9.536919e+03 9.830399e+03 9.818081e+03 9.524601e+03
3.9 9.806001e+03 9.849410e+03 9.817692e+03 9.774283e+03
4.9 9.838410e+03 9.820731e+03 9.817499e+03 9.835179e+03
5.9 9.808737e+03 9.824250e+03 9.817449e+03 9.801936e+03
6.9 9.782286e+03 9.856928e+03 9.817465e+03 9.742823e+03
7.9 9.955215e+03 9.815678e+03 9.817508e+03 9.957045e+03
8.9 9.991852e+03 9.800591e+03 9.817550e+03 1.000881e+04
9.9 9.897833e+03 9.842296e+03 9.817581e+03 9.873118e+03
10.9 9.916557e+03 9.834898e+03 9.817600e+03 9.899258e+03
11.9 9.649937e+03 9.850209e+03 9.817609e+03 9.617337e+03
12.9 9.883525e+03 9.860804e+03 9.817614e+03 9.840335e+03
13.9 9.965480e+03 9.849322e+03 9.817615e+03 9.933773e+03
14.9 9.750192e+03 9.850585e+03 9.817614e+03 9.717222e+03
15.9 9.902488e+03 9.888437e+03 9.817613e+03 9.831665e+03
16.9 9.931193e+03 9.863787e+03 9.817612e+03 9.885019e+03
17.9 9.732340e+03 9.841844e+03 9.817679e+03 9.708175e+03
18.9 9.755811e+03 9.841891e+03 9.818057e+03 9.731976e+03
19.9 9.933912e+03 9.841920e+03 9.818546e+03 9.910538e+03
20.9 9.797941e+03 9.824487e+03 9.818845e+03 9.792299e+03
21.9 9.719258e+03 9.833204e+03 9.818965e+03 9.705019e+03
22.9 9.733532e+03 9.820629e+03 9.818979e+03 9.731883e+03
23.9 9.571027e+03 9.799289e+03 9.818945e+03 9.590684e+03
24.9 9.775881e+03 9.809772e+03 9.818898e+03 9.785007e+03
25.9 9.729563e+03 9.807744e+03 9.818857e+03 9.740676e+03
26.9 9.788282e+03 9.798741e+03 9.818828e+03 9.808369e+03
27.9 9.585756e+03 9.783725e+03 9.818810e+03 9.620841e+03
28.9 9.774460e+03 9.782875e+03 9.818800e+03 9.810385e+03
29.9 9.627933e+03 9.789215e+03 9.818794e+03 9.657512e+03
30.9 9.685899e+03 9.805739e+03 9.818790e+03 9.698950e+03
31.9 9.878533e+03 9.807815e+03 9.818786e+03 9.889504e+03
32.9 9.832993e+03 9.797416e+03 9.818783e+03 9.854360e+03
33.9 9.839202e+03 9.807939e+03 9.818780e+03 9.850043e+03
