0.5 8.689428e+03 8.796404e+03 8.795324e+03 8.688347e+03
1.5 8.705363e+03 8.736519e+03 8.803195e+03 8.772039e+03
2.5 8.801503e+03 8.748835e+03 8.836810e+03 8.889477e+03
3.5 8.773022e+03 8.775447e+03 8.872623e+03 8.870199e+03
4.5 8.852282e+03 8.794812e+03 8.893905e+03 8.951375e+03
5.5 8.896841e+03 8.844202e+03 8.901337e+03 8.953976e+03
6.5 8.926429e+03 8.819610e+03 8.901514e+03 9.008332e+03
7.5 8.886831e+03 8.815098e+03 8.898463e+03 8.970196e+03
8.5 8.906309e+03 8.806143e+03 8.894802e+03 8.994968e+03
9.5 8.886417e+03 8.821965e+03 8.891668e+03 8.956119e+03
10.5 8.922769e+03 8.828851e+03 8.889573e+03 8.983492e+03
11.5 8.806194e+03 8.796706e+03 8.888304e+03 8.897793e+03
12.5 8.741498e+03 8.777227e+03 8.887571e+03 8.851842e+03
13.5 8.700590e+03 8.799546e+03 8.887153e+03 8.788197e+03
14.5 8.638802e+03 8.805427e+03 8.886878e+03 8.720253e+03
15.5 8.616939e+03 8.805605e+03 8.886671e+03 8.698005e+03
16.5 8.652082e+03 8.793864e+03 8.886491e+03 8.744709e+03
17.5 8.714748e+03 8.802175e+03 8.885357e+03 8.797930e+03
18.5 8.779304e+03 8.787081e+03 8.866542e+03 8.858766e+03
19.5 8.773066e+03 8.742838e+03 8.827467e+03 8.857695e+03
20.5 8.664656e+03 8.728283e+03 8.796909e+03 8.733282e+03
21.5 8.706483e+03 8.669350e+03 8.781961e+03 8.819094e+03
22.5 8.740457e+03 8.746400e+03 8.777695e+03 8.771752e+03
23.5 8.788662e+03 8.765615e+03 8.778901e+03 8.801948e+03
24.5 8.835288e+03 8.796361e+03 8.782139e+03 8.821067e+03
25.5 8.810651e+03 8.838268e+03 8.785316e+03 8.757699e+03
26.5 8.674746e+03 8.851088e+03 8.787669e+03 8.611327e+03
27.5 8.748355e+03 8.856000e+03 8.789116e+03 8.681471e+03
28.5 8.835466e+03 8.854674e+03 8.789812e+03 8.770603e+03
29.5 8.948724e+03 8.848154e+03 8.790089e+03 8.890659e+03
30.5 8.889154e+03 8.837286e+03 8.790137e+03 8.842005e+03
31.5 8.992673e+03 8.852574e+03 8.790089e+03 8.930188e+03
32.5 8.848890e+03 8.812678e+03 8.790002e+03 8.826215e+03
33.5 8.856983e+03 8.809286e+03 8.789903e+03 8.837600e+03
0.9 8.821636e+03 8.668394e+03 8.789378e+03 8.942620e+03
1.9 8.808826e+03 8.746546e+03 8.808053e+03 8.870332e+03
2.9 8.733520e+03 8.761944e+03 8.846997e+03 8.818573e+03
3.9 8.762798e+03 8.804255e+03 8.877433e+03 8.835977e+03
4.9 8.828525e+03 8.812937e+03 8.892473e+03 8.908061e+03
5.9 8.801227e+03 8.821828e+03 8.896427e+03 8.875826e+03
6.9 8.741794e+03 8.846723e+03 8.895125e+03 8.790195e+03
7.9 8.791524e+03 8.813431e+03 8.891799e+03 8.869892e+03
8.9 8.885140e+03 8.801166e+03 8.888543e+03 8.972517e+03
9.9 8.796835e+03 8.825137e+03 8.886070e+03 8.857768e+03
10.9 8.863745e+03 8.818881e+03 8.884612e+03 8.929476e+03
11.9 8.911084e+03 8.826443e+03 8.883865e+03 8.968507e+03
12.9 8.855938e+03 8.831628e+03 8.883546e+03 8.907857e+03
13.9 8.845181e+03 8.824957e+03 8.883465e+03 8.903690e+03
14.9 8.923519e+03 8.825458e+03 8.883490e+03 8.981552e+03
15.9 8.843359e+03 8.846029e+03 8.883564e+03 8.880895e+03
16.9 8.805801e+03 8.832451e+03 8.883659e+03 8.857009e+03
17.9 8.879071e+03 8.813932e+03 8.878433e+03 8.943572e+03
18.9 8.760181e+03 8.776540e+03 8.848833e+03 8.832473e+03
19.9 8.673650e+03 8.720748e+03 8.810635e+03 8.763537e+03
20.9 8.809413e+03 8.776760e+03 8.787196e+03 8.819849e+03
21.9 8.896105e+03 8.713610e+03 8.777848e+03 8.960343e+03
22.9 8.892686e+03 8.773335e+03 8.776731e+03 8.896083e+03
23.9 8.858218e+03 8.826578e+03 8.779370e+03 8.811010e+03
24.9 8.891543e+03 8.878537e+03 8.783087e+03 8.796093e+03
25.9 8.842114e+03 8.889246e+03 8.786269e+03 8.739138e+03
26.9 8.882354e+03 8.899277e+03 8.788520e+03 8.771597e+03
27.9 8.960471e+03 8.911780e+03 8.789937e+03 8.838628e+03
28.9 8.910489e+03 8.908309e+03 8.790739e+03 8.792919e+03
29.9 8.928374e+03 8.898738e+03 8.791225e+03 8.820861e+03
30.9 8.848152e+03 8.884058e+03 8.791550e+03 8.755645e+03
31.9 8.926387e+03 8.881811e+03 8.791815e+03 8.836391e+03
32.9 8.841785e+03 8.888305e+03 8.792061e+03 8.745541e+03
33.9 8.909667e+03 8.881704e+03 8.792306e+03 8.820270e+03
