0.6 1.484135e+03 1.374654e+03 1.353147e+03 1.462627e+03
1.6 1.253393e+03 1.397910e+03 1.355984e+03 1.211466e+03
2.6 1.356522e+03 1.391960e+03 1.365193e+03 1.329755e+03
3.6 1.362365e+03 1.373401e+03 1.374752e+03 1.363716e+03
4.6 1.264421e+03 1.377766e+03 1.380032e+03 1.266686e+03
5.6 1.406690e+03 1.402813e+03 1.382002e+03 1.385879e+03
6.6 1.331690e+03 1.386950e+03 1.382122e+03 1.326861e+03
7.6 1.315838e+03 1.389149e+03 1.381497e+03 1.308186e+03
8.6 1.405953e+03 1.378011e+03 1.380713e+03 1.408655e+03
9.6 1.459114e+03 1.400304e+03 1.380122e+03 1.438933e+03
10.6 1.388291e+03 1.380333e+03 1.379773e+03 1.387731e+03
11.6 1.468610e+03 1.395621e+03 1.379647e+03 1.452637e+03
12.6 1.407316e+03 1.385462e+03 1.379656e+03 1.401510e+03
13.6 1.344541e+03 1.401820e+03 1.379737e+03 1.322458e+03
14.6 1.340009e+03 1.404711e+03 1.379853e+03 1.315151e+03
15.6 1.444592e+03 1.419367e+03 1.379984e+03 1.405209e+03
16.6 1.387995e+03 1.398954e+03 1.380120e+03 1.369161e+03
17.6 1.489826e+03 1.410367e+03 1.379889e+03 1.459348e+03
18.6 1.517958e+03 1.388412e+03 1.374369e+03 1.503915e+03
19.6 1.439710e+03 1.361657e+03 1.364454e+03 1.442507e+03
20.6 1.407769e+03 1.348970e+03 1.356788e+03 1.415587e+03
21.6 1.330639e+03 1.343541e+03 1.353400e+03 1.340499e+03
22.6 1.257000e+03 1.450866e+03 1.352657e+03 1.158791e+03
23.6 1.414744e+03 1.373892e+03 1.353229e+03 1.394081e+03
24.6 1.251315e+03 1.361721e+03 1.354247e+03 1.243841e+03
25.6 1.334356e+03 1.316888e+03 1.355259e+03 1.372727e+03
26.6 1.352873e+03 1.305794e+03 1.356022e+03 1.403100e+03
27.6 1.396826e+03 1.292381e+03 1.356542e+03 1.460987e+03
28.6 1.355261e+03 1.291881e+03 1.356885e+03 1.420265e+03
29.6 1.309210e+03 1.294942e+03 1.357115e+03 1.371383e+03
30.6 1.517127e+03 1.293719e+03 1.357292e+03 1.580700e+03
31.6 1.248500e+03 1.300553e+03 1.357442e+03 1.305390e+03
32.6 1.413095e+03 1.310148e+03 1.357582e+03 1.460528e+03
33.6 1.272145e+03 1.307632e+03 1.357717e+03 1.322231e+03
0.5 1.311363e+03 1.335088e+03 1.359048e+03 1.335323e+03
1.5 1.315642e+03 1.353367e+03 1.361576e+03 1.323851e+03
2.5 1.445491e+03 1.417749e+03 1.370812e+03 1.398554e+03
3.5 1.490975e+03 1.400421e+03 1.380246e+03 1.470800e+03
4.5 1.404330e+03 1.444077e+03 1.385714e+03 1.345967e+03
5.5 1.462969e+03 1.425594e+03 1.387797e+03 1.425172e+03
6.5 1.427871e+03 1.433436e+03 1.387960e+03 1.382395e+03
7.5 1.521903e+03 1.435425e+03 1.387316e+03 1.473794e+03
8.5 1.389477e+03 1.416658e+03 1.386534e+03 1.359353e+03
9.5 1.366323e+03 1.387259e+03 1.385915e+03 1.364978e+03
10.5 1.343690e+03 1.393060e+03 1.385536e+03 1.336166e+03
11.5 1.315636e+03 1.405270e+03 1.385384e+03 1.295749e+03
12.5 1.361533e+03 1.390758e+03 1.385367e+03 1.356142e+03
13.5 1.441406e+03 1.372840e+03 1.385429e+03 1.453996e+03
14.5 1.331173e+03 1.378452e+03 1.385527e+03 1.338248e+03
15.5 1.430845e+03 1.377651e+03 1.385638e+03 1.438833e+03
16.5 1.303608e+03 1.391485e+03 1.385756e+03 1.297878e+03
17.5 1.467976e+03 1.392543e+03 1.385548e+03 1.460981e+03
18.5 1.339960e+03 1.390823e+03 1.380415e+03 1.329552e+03
19.5 1.420521e+03 1.410276e+03 1.370517e+03 1.380762e+03
20.5 1.341791e+03 1.438596e+03 1.362622e+03 1.265816e+03
21.5 1.326408e+03 1.385488e+03 1.359038e+03 1.299958e+03
22.5 1.405523e+03 1.374103e+03 1.358175e+03 1.389595e+03
23.5 1.519205e+03 1.409547e+03 1.358687e+03 1.468346e+03
24.5 1.312074e+03 1.336343e+03 1.359675e+03 1.335406e+03
25.5 1.394482e+03 1.386741e+03 1.360674e+03 1.368415e+03
26.5 1.216759e+03 1.293740e+03 1.361427e+03 1.284446e+03
27.5 1.424986e+03 1.500628e+03 1.361942e+03 1.286300e+03
28.5 1.386031e+03 1.383437e+03 1.362262e+03 1.364857e+03
29.5 1.465920e+03 1.410103e+03 1.362473e+03 1.418290e+03
30.5 1.374418e+03 1.354109e+03 1.362627e+03 1.382936e+03
31.5 1.405972e+03 1.420656e+03 1.362754e+03 1.348069e+03
32.5 1.397419e+03 1.379937e+03 1.362869e+03 1.380351e+03
33.5 1.435679e+03 1.457972e+03 1.362979e+03 1.340686e+03
