1.0 9.885556e+03 9.825345e+03 9.826294e+03 9.886504e+03
2.0 9.949635e+03 9.815679e+03 9.817502e+03 9.951458e+03
3.0 9.937652e+03 9.801095e+03 9.802363e+03 9.938920e+03
4.0 9.753409e+03 9.789231e+03 9.791542e+03 9.755721e+03
5.0 9.731225e+03 9.791807e+03 9.786567e+03 9.725984e+03
6.0 9.659426e+03 9.790460e+03 9.785342e+03 9.654307e+03
7.0 9.629050e+03 9.787374e+03 9.785962e+03 9.627637e+03
8.0 9.832498e+03 9.791546e+03 9.787218e+03 9.828170e+03
9.0 9.721114e+03 9.786292e+03 9.788373e+03 9.723195e+03
10.0 9.706346e+03 9.779664e+03 9.789189e+03 9.715871e+03
11.0 9.914278e+03 9.782954e+03 9.789661e+03 9.920985e+03
12.0 9.888103e+03 9.779700e+03 9.789859e+03 9.898262e+03
13.0 9.703849e+03 9.786074e+03 9.789908e+03 9.707683e+03
14.0 9.726186e+03 9.783549e+03 9.789874e+03 9.732511e+03
15.0 9.856141e+03 9.787565e+03 9.789806e+03 9.858381e+03
16.0 9.932090e+03 9.781711e+03 9.789721e+03 9.940100e+03
17.0 9.876626e+03 9.794501e+03 9.789640e+03 9.871765e+03
18.0 9.852785e+03 9.795195e+03 9.792650e+03 9.850241e+03
19.0 9.708912e+03 9.795824e+03 9.805147e+03 9.718235e+03
20.0 9.903109e+03 9.794606e+03 9.818961e+03 9.927464e+03
21.0 9.723522e+03 9.805536e+03 9.827259e+03 9.745245e+03
22.0 9.880943e+03 9.804422e+03 9.830185e+03 9.906706e+03
23.0 9.881855e+03 9.870517e+03 9.830260e+03 9.841598e+03
24.0 9.855000e+03 9.828935e+03 9.829097e+03 9.855162e+03
25.0 9.711298e+03 9.678677e+03 9.827664e+03 9.860284e+03
26.0 9.728808e+03 9.751786e+03 9.826423e+03 9.803445e+03
27.0 9.750797e+03 9.728181e+03 9.825580e+03 9.848195e+03
28.0 9.667880e+03 9.715659e+03 9.825046e+03 9.777266e+03
29.0 9.769240e+03 9.762171e+03 9.824733e+03 9.831802e+03
30.0 9.845015e+03 9.848304e+03 9.824534e+03 9.821244e+03
31.0 9.885040e+03 9.829688e+03 9.824389e+03 9.879741e+03
32.0 9.643147e+03 9.789129e+03 9.824269e+03 9.678288e+03
33.0 9.739643e+03 9.837179e+03 9.824158e+03 9.726622e+03
34.0 9.820897e+03 9.897618e+03 9.824051e+03 9.747331e+03
