0.1 9.670513e+03 9.221102e+03 9.284029e+03 9.733439e+03
1.1 9.058705e+03 9.231071e+03 9.291009e+03 9.118642e+03
2.1 9.621126e+03 9.302357e+03 9.359226e+03 9.677996e+03
3.1 9.572511e+03 9.406077e+03 9.461030e+03 9.627464e+03
4.1 9.380354e+03 9.479369e+03 9.533521e+03 9.434505e+03
5.1 9.249571e+03 9.509861e+03 9.564120e+03 9.303830e+03
6.1 9.601974e+03 9.515427e+03 9.570295e+03 9.656842e+03
7.1 9.230976e+03 9.508965e+03 9.564688e+03 9.286699e+03
8.1 9.635521e+03 9.498853e+03 9.555541e+03 9.692209e+03
9.1 9.465510e+03 9.489248e+03 9.546932e+03 9.523193e+03
10.1 9.616519e+03 9.482302e+03 9.540983e+03 9.675200e+03
11.1 9.502280e+03 9.477779e+03 9.537446e+03 9.561948e+03
12.1 9.415537e+03 9.474960e+03 9.535599e+03 9.476177e+03
13.1 9.499687e+03 9.473218e+03 9.534813e+03 9.561281e+03
14.1 9.229236e+03 9.471997e+03 9.534531e+03 9.291769e+03
15.1 9.573002e+03 9.471039e+03 9.534495e+03 9.636458e+03
16.1 9.585614e+03 9.470202e+03 9.534564e+03 9.649976e+03
17.1 9.365642e+03 9.469227e+03 9.534480e+03 9.430895e+03
18.1 9.772745e+03 9.442705e+03 9.508834e+03 9.838874e+03
19.1 9.186392e+03 9.348519e+03 9.415509e+03 9.253382e+03
20.1 9.126995e+03 9.254223e+03 9.322060e+03 9.194832e+03
21.1 8.971527e+03 9.200468e+03 9.269137e+03 9.040196e+03
22.1 9.066319e+03 9.180688e+03 9.250175e+03 9.135807e+03
23.1 8.880676e+03 9.180048e+03 9.250340e+03 8.950967e+03
24.1 8.932102e+03 9.187659e+03 9.258497e+03 9.002939e+03
25.1 9.402341e+03 9.206656e+03 9.267939e+03 9.463624e+03
26.1 9.407984e+03 9.240733e+03 9.275703e+03 9.442955e+03
27.1 9.269501e+03 9.270447e+03 9.281029e+03 9.280083e+03
28.1 9.293738e+03 9.285575e+03 9.284080e+03 9.292243e+03
29.1 8.861777e+03 9.290679e+03 9.285782e+03 8.856880e+03
30.1 9.054255e+03 9.290360e+03 9.286707e+03 9.050602e+03
31.1 9.006451e+03 9.287931e+03 9.287290e+03 9.005810e+03
32.1 9.329320e+03 9.285105e+03 9.287734e+03 9.331949e+03
33.1 9.382048e+03 9.282856e+03 9.288127e+03 9.387319e+03
