0.5 7.028951e+03 7.102275e+03 7.077444e+03 7.004120e+03
1.5 7.064759e+03 7.094282e+03 7.072548e+03 7.043025e+03
2.5 7.069653e+03 7.072111e+03 7.053875e+03 7.051417e+03
3.5 7.129757e+03 7.049794e+03 7.034790e+03 7.114753e+03
4.5 6.996832e+03 7.036048e+03 7.023842e+03 6.984626e+03
5.5 7.048143e+03 7.029645e+03 7.019840e+03 7.038337e+03
6.5 7.002437e+03 7.027489e+03 7.019774e+03 6.994721e+03
7.5 7.019785e+03 7.027173e+03 7.021361e+03 7.013972e+03
8.5 6.995475e+03 7.027259e+03 7.023226e+03 6.991441e+03
9.5 7.118658e+03 7.027093e+03 7.024754e+03 7.116319e+03
10.5 7.179765e+03 7.026493e+03 7.025784e+03 7.179057e+03
11.5 7.216187e+03 7.025480e+03 7.026345e+03 7.217052e+03
12.5 7.121961e+03 7.024239e+03 7.026623e+03 7.124345e+03
13.5 7.108379e+03 7.022886e+03 7.026737e+03 7.112231e+03
14.5 7.038574e+03 7.021509e+03 7.026775e+03 7.043841e+03
15.5 7.143240e+03 7.020150e+03 7.026780e+03 7.149870e+03
16.5 7.013676e+03 7.018828e+03 7.026769e+03 7.021618e+03
17.5 7.150240e+03 7.018222e+03 7.027423e+03 7.159441e+03
18.5 6.984555e+03 7.027774e+03 7.038186e+03 6.994966e+03
19.5 7.103579e+03 7.047156e+03 7.058726e+03 7.115150e+03
20.5 6.708618e+03 7.062474e+03 7.075154e+03 6.721298e+03
21.5 6.722252e+03 7.068988e+03 7.082726e+03 6.735991e+03
22.5 6.894200e+03 7.069962e+03 7.084710e+03 6.908948e+03
23.5 7.179524e+03 7.068160e+03 7.083868e+03 7.195232e+03
24.5 7.331537e+03 7.072609e+03 7.082048e+03 7.340975e+03
25.5 7.362503e+03 7.138717e+03 7.080202e+03 7.303988e+03
26.5 7.375781e+03 7.239170e+03 7.078858e+03 7.215469e+03
27.5 7.344046e+03 7.310625e+03 7.078001e+03 7.111422e+03
28.5 7.284616e+03 7.340328e+03 7.077541e+03 7.021829e+03
29.5 7.349476e+03 7.345691e+03 7.077304e+03 7.081090e+03
30.5 7.310626e+03 7.339332e+03 7.077181e+03 7.048475e+03
31.5 7.377919e+03 7.329490e+03 7.077113e+03 7.125542e+03
32.5 7.338010e+03 7.320237e+03 7.077066e+03 7.094839e+03
33.5 7.392665e+03 7.313696e+03 7.077027e+03 7.155996e+03
0.4 7.237608e+03 7.091572e+03 7.079440e+03 7.225476e+03
1.4 7.134676e+03 7.102274e+03 7.075969e+03 7.108371e+03
2.4 7.071167e+03 7.086007e+03 7.059188e+03 7.044348e+03
3.4 6.956129e+03 7.060247e+03 7.038975e+03 6.934857e+03
4.4 7.166937e+03 7.041644e+03 7.027036e+03 7.152329e+03
5.4 6.856678e+03 7.031359e+03 7.022413e+03 6.847732e+03
6.4 7.010351e+03 7.027336e+03 7.022103e+03 7.005118e+03
7.4 6.973853e+03 7.026658e+03 7.023615e+03 6.970809e+03
8.4 7.020131e+03 7.027446e+03 7.025623e+03 7.018308e+03
9.4 6.950294e+03 7.028456e+03 7.027303e+03 6.949140e+03
10.4 6.969898e+03 7.029200e+03 7.028491e+03 6.969189e+03
11.4 7.024798e+03 7.029538e+03 7.029192e+03 7.024452e+03
12.4 6.963437e+03 7.029569e+03 7.029589e+03 6.963456e+03
13.4 7.043976e+03 7.029394e+03 7.029817e+03 7.044398e+03
14.4 6.883168e+03 7.029084e+03 7.029957e+03 6.884041e+03
15.4 7.008134e+03 7.028690e+03 7.030060e+03 7.009503e+03
16.4 6.942836e+03 7.028235e+03 7.030146e+03 6.944746e+03
17.4 6.998027e+03 7.028025e+03 7.030517e+03 7.000519e+03
18.4 7.057119e+03 7.036466e+03 7.039578e+03 7.060231e+03
19.4 6.870608e+03 7.056059e+03 7.059832e+03 6.874381e+03
20.4 7.113933e+03 7.072917e+03 7.077393e+03 7.118409e+03
21.4 7.209323e+03 7.080766e+03 7.085989e+03 7.214546e+03
22.4 7.219514e+03 7.082563e+03 7.088577e+03 7.225528e+03
23.4 7.173121e+03 7.081210e+03 7.088059e+03 7.179971e+03
24.4 7.165876e+03 7.079795e+03 7.086375e+03 7.172456e+03
25.4 7.227259e+03 7.093261e+03 7.084570e+03 7.218568e+03
26.4 7.151398e+03 7.118863e+03 7.083236e+03 7.115770e+03
27.4 7.211680e+03 7.137988e+03 7.082407e+03 7.156099e+03
28.4 7.254084e+03 7.146386e+03 7.081960e+03 7.189658e+03
29.4 7.262206e+03 7.147397e+03 7.081764e+03 7.196574e+03
30.4 7.119627e+03 7.144903e+03 7.081689e+03 7.056412e+03
31.4 7.213661e+03 7.141230e+03 7.081669e+03 7.154100e+03
32.4 7.257876e+03 7.137617e+03 7.081667e+03 7.201926e+03
33.4 7.108410e+03 7.134551e+03 7.081669e+03 7.055528e+03
