0.6 1.314006e+03 1.269346e+03 1.268653e+03 1.313314e+03
1.6 1.227716e+03 1.239739e+03 1.240027e+03 1.228004e+03
2.6 1.255671e+03 1.148719e+03 1.149979e+03 1.256931e+03
3.6 1.140135e+03 1.054353e+03 1.056577e+03 1.142359e+03
4.6 1.214899e+03 1.001309e+03 1.004486e+03 1.218076e+03
5.6 7.013331e+02 9.802319e+02 9.843452e+02 7.054465e+02
6.6 8.363914e+02 9.770460e+02 9.820789e+02 8.414243e+02
7.6 9.046058e+02 9.810840e+02 9.870236e+02 9.105453e+02
8.6 8.939855e+02 9.867060e+02 9.935405e+02 9.008199e+02
9.6 8.722526e+02 9.905057e+02 9.982188e+02 8.799657e+02
10.6 8.966931e+02 9.920228e+02 1.000598e+03 9.052682e+02
11.6 8.542050e+02 9.914277e+02 1.000852e+03 8.636295e+02
12.6 9.944047e+02 9.895777e+02 9.998420e+02 1.004669e+03
13.6 1.054564e+03 9.870727e+02 9.981685e+02 1.065660e+03
14.6 1.128926e+03 9.842581e+02 9.961774e+02 1.140845e+03
15.6 1.116207e+03 9.813446e+02 9.940791e+02 1.128941e+03
16.6 8.798052e+02 9.784154e+02 9.919564e+02 8.933461e+02
17.6 9.854980e+02 9.790687e+02 9.934069e+02 9.998363e+02
18.6 1.303542e+03 1.030775e+03 1.045901e+03 1.318668e+03
19.6 1.199813e+03 1.124918e+03 1.140822e+03 1.215716e+03
20.6 1.184895e+03 1.197396e+03 1.214067e+03 1.201566e+03
21.6 1.148671e+03 1.228813e+03 1.246086e+03 1.165945e+03
22.6 1.157414e+03 1.237905e+03 1.252632e+03 1.172141e+03
23.6 1.034570e+03 1.238153e+03 1.246510e+03 1.042926e+03
24.6 1.082651e+03 1.232684e+03 1.236123e+03 1.086090e+03
25.6 1.116257e+03 1.224476e+03 1.225816e+03 1.117597e+03
26.6 1.238453e+03 1.216653e+03 1.217947e+03 1.239748e+03
27.6 1.115869e+03 1.210227e+03 1.212451e+03 1.118093e+03
28.6 1.199616e+03 1.205157e+03 1.208682e+03 1.203142e+03
29.6 1.114142e+03 1.201224e+03 1.206033e+03 1.118951e+03
30.6 1.258154e+03 1.197992e+03 1.203931e+03 1.264093e+03
31.6 1.083795e+03 1.195238e+03 1.202108e+03 1.090665e+03
32.6 1.192038e+03 1.192758e+03 1.200412e+03 1.199692e+03
33.6 1.267514e+03 1.190440e+03 1.198783e+03 1.275857e+03
