0.9 9.166127e+03 9.216748e+03 9.286413e+03 9.235791e+03
1.9 9.366582e+03 9.236293e+03 9.309062e+03 9.439351e+03
2.9 9.335002e+03 9.288060e+03 9.357834e+03 9.404775e+03
3.9 9.221540e+03 9.331859e+03 9.396577e+03 9.286257e+03
4.9 9.246978e+03 9.356270e+03 9.415967e+03 9.306674e+03
5.9 9.219202e+03 9.365387e+03 9.421240e+03 9.275054e+03
6.9 9.364915e+03 9.366631e+03 9.419781e+03 9.418065e+03
7.9 9.335045e+03 9.364428e+03 9.415701e+03 9.386318e+03
8.9 9.490436e+03 9.361738e+03 9.411663e+03 9.540362e+03
9.9 9.446462e+03 9.359759e+03 9.408588e+03 9.495291e+03
10.9 9.539418e+03 9.358929e+03 9.406787e+03 9.587275e+03
11.9 9.476654e+03 9.358943e+03 9.405882e+03 9.523593e+03
12.9 9.176792e+03 9.359468e+03 9.405515e+03 9.222840e+03
13.9 9.251478e+03 9.360275e+03 9.405447e+03 9.296650e+03
14.9 9.162174e+03 9.361199e+03 9.405507e+03 9.206482e+03
15.9 9.056170e+03 9.362172e+03 9.405624e+03 9.099622e+03
16.9 9.085367e+03 9.363155e+03 9.405760e+03 9.127971e+03
17.9 9.094715e+03 9.357942e+03 9.399709e+03 9.136482e+03
18.9 9.121498e+03 9.322355e+03 9.363294e+03 9.162436e+03
19.9 9.384194e+03 9.275025e+03 9.315147e+03 9.424315e+03
20.9 9.550393e+03 9.245897e+03 9.285212e+03 9.589708e+03
21.9 9.383995e+03 9.234584e+03 9.273106e+03 9.422517e+03
22.9 9.499956e+03 9.233887e+03 9.271488e+03 9.537556e+03
23.9 9.370617e+03 9.259736e+03 9.274686e+03 9.385567e+03
24.9 9.543196e+03 9.348197e+03 9.279288e+03 9.474287e+03
25.9 9.449656e+03 9.437804e+03 9.283238e+03 9.295090e+03
26.9 9.627480e+03 9.490032e+03 9.286011e+03 9.423459e+03
27.9 9.461448e+03 9.510298e+03 9.287720e+03 9.238869e+03
28.9 9.600977e+03 9.512241e+03 9.288636e+03 9.377372e+03
29.9 9.595308e+03 9.506390e+03 9.289135e+03 9.378054e+03
30.9 9.671135e+03 9.499054e+03 9.289417e+03 9.461498e+03
31.9 9.582643e+03 9.493088e+03 9.289606e+03 9.379161e+03
32.9 9.549553e+03 9.489268e+03 9.289758e+03 9.350043e+03
33.9 9.365147e+03 9.487489e+03 9.289894e+03 9.167552e+03
0.4 9.261653e+03 9.268133e+03 9.294000e+03 9.287521e+03
1.4 9.448895e+03 9.273439e+03 9.301832e+03 9.477288e+03
2.4 9.498797e+03 9.308538e+03 9.340582e+03 9.530841e+03
3.4 9.536815e+03 9.352721e+03 9.388266e+03 9.572360e+03
4.4 9.448230e+03 9.378678e+03 9.416908e+03 9.486460e+03
5.4 9.511603e+03 9.388035e+03 9.428212e+03 9.551780e+03
6.4 9.409169e+03 9.387931e+03 9.429541e+03 9.450779e+03
7.4 9.520893e+03 9.383670e+03 9.426395e+03 9.563618e+03
8.4 9.606811e+03 9.378338e+03 9.422033e+03 9.650507e+03
9.4 9.673505e+03 9.373813e+03 9.418413e+03 9.718104e+03
10.4 9.599153e+03 9.370501e+03 9.415983e+03 9.644635e+03
11.4 9.458514e+03 9.368243e+03 9.414602e+03 9.504873e+03
12.4 9.415599e+03 9.366754e+03 9.413987e+03 9.462833e+03
13.4 9.525313e+03 9.365663e+03 9.413773e+03 9.573422e+03
14.4 9.340472e+03 9.364781e+03 9.413767e+03 9.389458e+03
15.4 9.343507e+03 9.363988e+03 9.413851e+03 9.393370e+03
16.4 9.437176e+03 9.363235e+03 9.413973e+03 9.487914e+03
17.4 9.393828e+03 9.361921e+03 9.413531e+03 9.445438e+03
18.4 9.266946e+03 9.341115e+03 9.393594e+03 9.319425e+03
19.4 9.424254e+03 9.293621e+03 9.346963e+03 9.477596e+03
20.4 9.584446e+03 9.252446e+03 9.306645e+03 9.638645e+03
21.4 9.524017e+03 9.230672e+03 9.285721e+03 9.579065e+03
22.4 9.547124e+03 9.223860e+03 9.279749e+03 9.603013e+03
23.4 9.521502e+03 9.232085e+03 9.281149e+03 9.570566e+03
24.4 9.652554e+03 9.311437e+03 9.285353e+03 9.626470e+03
25.4 9.539787e+03 9.436037e+03 9.289784e+03 9.393535e+03
26.4 9.599283e+03 9.527375e+03 9.293321e+03 9.365229e+03
27.4 9.504337e+03 9.567151e+03 9.295579e+03 9.232765e+03
28.4 9.467070e+03 9.576135e+03 9.296933e+03 9.187869e+03
29.4 9.573318e+03 9.570007e+03 9.297687e+03 9.300998e+03
30.4 9.505761e+03 9.559000e+03 9.298148e+03 9.244908e+03
31.4 9.636403e+03 9.548321e+03 9.298477e+03 9.386559e+03
32.4 9.611048e+03 9.540701e+03 9.298752e+03 9.369099e+03
33.4 9.614120e+03 9.535875e+03 9.299012e+03 9.377257e+03
