0.9 8.994590e+03 9.267499e+03 9.255218e+03 8.982308e+03
1.9 9.231113e+03 9.256829e+03 9.243555e+03 9.217839e+03
2.9 9.099968e+03 9.229482e+03 9.218440e+03 9.088926e+03
3.9 9.032900e+03 9.206222e+03 9.198490e+03 9.025168e+03
4.9 9.014948e+03 9.192961e+03 9.188505e+03 9.010492e+03
5.9 8.975638e+03 9.187605e+03 9.185790e+03 8.973822e+03
6.9 9.074609e+03 9.186334e+03 9.186541e+03 9.074816e+03
7.9 9.062138e+03 9.186868e+03 9.188642e+03 9.063912e+03
8.9 9.102974e+03 9.187680e+03 9.190721e+03 9.106015e+03
9.9 9.236407e+03 9.188151e+03 9.192304e+03 9.240561e+03
10.9 9.286491e+03 9.188052e+03 9.193232e+03 9.291671e+03
11.9 9.259221e+03 9.187539e+03 9.193698e+03 9.265381e+03
12.9 9.368680e+03 9.186779e+03 9.193887e+03 9.375788e+03
13.9 9.421314e+03 9.185892e+03 9.193922e+03 9.429344e+03
14.9 9.394619e+03 9.184963e+03 9.193891e+03 9.403547e+03
15.9 9.395419e+03 9.184029e+03 9.193831e+03 9.405221e+03
16.9 9.386524e+03 9.183109e+03 9.193761e+03 9.397176e+03
17.9 9.436806e+03 9.185399e+03 9.196877e+03 9.448284e+03
18.9 9.333999e+03 9.203349e+03 9.215628e+03 9.346279e+03
19.9 9.126081e+03 9.227365e+03 9.240421e+03 9.139137e+03
20.9 9.188575e+03 9.242027e+03 9.255836e+03 9.202385e+03
21.9 9.261826e+03 9.247532e+03 9.262070e+03 9.276363e+03
22.9 9.200817e+03 9.247670e+03 9.262903e+03 9.216050e+03
23.9 9.243048e+03 9.246702e+03 9.261256e+03 9.257602e+03
24.9 9.215213e+03 9.248835e+03 9.258886e+03 9.225264e+03
25.9 9.260740e+03 9.251442e+03 9.256853e+03 9.266150e+03
26.9 9.189987e+03 9.252433e+03 9.255424e+03 9.192979e+03
27.9 9.253724e+03 9.252079e+03 9.254545e+03 9.256189e+03
28.9 9.186478e+03 9.251071e+03 9.254073e+03 9.189480e+03
29.9 9.269465e+03 9.249846e+03 9.253816e+03 9.273435e+03
30.9 9.250007e+03 9.248679e+03 9.253671e+03 9.254999e+03
31.9 9.302511e+03 9.247675e+03 9.253573e+03 9.308409e+03
32.9 9.348822e+03 9.246852e+03 9.253495e+03 9.355465e+03
33.9 9.220715e+03 9.246189e+03 9.253425e+03 9.227951e+03
0.4 9.206011e+03 9.240913e+03 9.251311e+03 9.216409e+03
1.4 9.153959e+03 9.236788e+03 9.247278e+03 9.164448e+03
2.4 9.206421e+03 9.216374e+03 9.227323e+03 9.217371e+03
3.4 9.142433e+03 9.191418e+03 9.202769e+03 9.153784e+03
4.4 9.138868e+03 9.176548e+03 9.188020e+03 9.150340e+03
5.4 9.063679e+03 9.170860e+03 9.182199e+03 9.075018e+03
6.4 9.063770e+03 9.170487e+03 9.181515e+03 9.074798e+03
7.4 9.091071e+03 9.172529e+03 9.183135e+03 9.101676e+03
8.4 9.155424e+03 9.175251e+03 9.185381e+03 9.165554e+03
9.4 9.233983e+03 9.177617e+03 9.187245e+03 9.243612e+03
10.4 9.077917e+03 9.179380e+03 9.188496e+03 9.087034e+03
11.4 9.173803e+03 9.180608e+03 9.189208e+03 9.182402e+03
12.4 9.183097e+03 9.181443e+03 9.189524e+03 9.191177e+03
13.4 9.153074e+03 9.182073e+03 9.189635e+03 9.160635e+03
14.4 9.158595e+03 9.182596e+03 9.189638e+03 9.165637e+03
15.4 9.136016e+03 9.183072e+03 9.189595e+03 9.142539e+03
16.4 9.092984e+03 9.183527e+03 9.189532e+03 9.098989e+03
17.4 9.214839e+03 9.184271e+03 9.189759e+03 9.220327e+03
18.4 9.287300e+03 9.195053e+03 9.200026e+03 9.292272e+03
19.4 9.183748e+03 9.219579e+03 9.224038e+03 9.188206e+03
20.4 9.249386e+03 9.240852e+03 9.244799e+03 9.253333e+03
21.4 9.284533e+03 9.252135e+03 9.255574e+03 9.287972e+03
22.4 9.260984e+03 9.255716e+03 9.258649e+03 9.263917e+03
23.4 9.228130e+03 9.253798e+03 9.257928e+03 9.232260e+03
24.4 9.196430e+03 9.235266e+03 9.255763e+03 9.216927e+03
25.4 9.198435e+03 9.206619e+03 9.253482e+03 9.245298e+03
26.4 9.156567e+03 9.185618e+03 9.251660e+03 9.222609e+03
27.4 9.160121e+03 9.176440e+03 9.250497e+03 9.234179e+03
28.4 9.213775e+03 9.174362e+03 9.249800e+03 9.289213e+03
29.4 9.174023e+03 9.175814e+03 9.249412e+03 9.247621e+03
30.4 9.242716e+03 9.178435e+03 9.249175e+03 9.313455e+03
31.4 9.196759e+03 9.181021e+03 9.249005e+03 9.264743e+03
32.4 9.226831e+03 9.182942e+03 9.248864e+03 9.292752e+03
33.4 9.189111e+03 9.184247e+03 9.248730e+03 9.253594e+03
