0.7 4.668067e+03 4.752980e+03 4.825625e+03 4.740712e+03
1.7 4.776167e+03 4.771515e+03 4.837561e+03 4.842213e+03
2.7 4.706074e+03 4.808385e+03 4.869058e+03 4.766747e+03
3.7 4.841745e+03 4.841208e+03 4.898294e+03 4.898831e+03
4.7 4.748600e+03 4.857975e+03 4.913140e+03 4.803765e+03
5.7 4.837942e+03 4.863614e+03 4.917841e+03 4.892170e+03
6.7 4.861586e+03 4.863251e+03 4.917104e+03 4.915440e+03
7.7 4.827628e+03 4.860567e+03 4.914290e+03 4.881351e+03
8.7 4.902770e+03 4.857476e+03 4.911163e+03 4.956456e+03
9.7 4.781053e+03 4.855077e+03 4.908757e+03 4.834733e+03
10.7 4.882709e+03 4.853477e+03 4.907150e+03 4.936382e+03
11.7 4.784637e+03 4.852587e+03 4.906245e+03 4.838295e+03
12.7 4.876951e+03 4.852121e+03 4.905750e+03 4.930581e+03
13.7 4.824697e+03 4.851886e+03 4.905473e+03 4.878284e+03
14.7 4.767899e+03 4.851772e+03 4.905303e+03 4.821430e+03
15.7 4.899432e+03 4.851715e+03 4.905177e+03 4.952895e+03
16.7 4.735804e+03 4.851688e+03 4.905070e+03 4.789186e+03
17.7 4.965821e+03 4.849360e+03 4.902650e+03 5.019111e+03
18.7 4.842168e+03 4.827141e+03 4.880328e+03 4.895354e+03
19.7 4.760667e+03 4.794019e+03 4.847092e+03 4.813739e+03
20.7 4.858724e+03 4.770446e+03 4.823395e+03 4.911673e+03
21.7 4.870449e+03 4.760511e+03 4.813326e+03 4.923265e+03
22.7 4.886122e+03 4.758536e+03 4.811207e+03 4.938793e+03
23.7 4.712472e+03 4.763994e+03 4.812925e+03 4.761403e+03
24.7 4.746964e+03 4.784921e+03 4.815801e+03 4.777843e+03
25.7 4.867646e+03 4.809819e+03 4.818508e+03 4.876334e+03
26.7 4.854086e+03 4.825053e+03 4.820355e+03 4.849389e+03
27.7 4.915759e+03 4.831490e+03 4.821425e+03 4.905694e+03
28.7 4.814612e+03 4.832771e+03 4.821950e+03 4.803791e+03
29.7 4.927493e+03 4.831646e+03 4.822135e+03 4.917982e+03
30.7 4.745152e+03 4.829803e+03 4.822162e+03 4.737511e+03
31.7 4.733872e+03 4.828230e+03 4.822113e+03 4.727756e+03
32.7 4.820400e+03 4.827180e+03 4.822035e+03 4.815255e+03
33.7 4.698662e+03 4.826605e+03 4.821945e+03 4.694001e+03
1.0 4.781890e+03 4.757753e+03 4.808692e+03 4.832829e+03
2.0 4.809032e+03 4.781349e+03 4.827386e+03 4.855069e+03
3.0 4.783449e+03 4.817660e+03 4.859994e+03 4.825783e+03
4.0 4.798636e+03 4.844416e+03 4.884335e+03 4.838554e+03
5.0 4.854868e+03 4.857022e+03 4.895500e+03 4.893346e+03
6.0 4.881121e+03 4.859934e+03 4.897617e+03 4.918804e+03
7.0 4.877349e+03 4.858264e+03 4.895462e+03 4.914548e+03
8.0 4.900827e+03 4.855012e+03 4.891875e+03 4.937691e+03
9.0 4.877093e+03 4.851795e+03 4.888376e+03 4.913674e+03
10.0 4.850327e+03 4.849257e+03 4.885567e+03 4.886636e+03
11.0 4.998854e+03 4.847569e+03 4.883598e+03 5.034883e+03
12.0 4.711479e+03 4.846448e+03 4.882186e+03 4.747217e+03
13.0 5.104027e+03 4.845688e+03 4.881123e+03 5.139462e+03
14.0 4.909298e+03 4.845095e+03 4.880218e+03 4.944421e+03
15.0 4.895015e+03 4.844566e+03 4.879374e+03 4.929823e+03
16.0 4.977739e+03 4.844037e+03 4.878546e+03 5.012249e+03
17.0 4.877487e+03 4.843467e+03 4.877697e+03 4.911717e+03
18.0 4.736479e+03 4.836751e+03 4.870710e+03 4.770438e+03
19.0 4.762340e+03 4.808601e+03 4.842289e+03 4.796028e+03
20.0 4.703494e+03 4.775564e+03 4.808971e+03 4.736901e+03
