0.1 9.476642e+03 9.577865e+03 9.595888e+03 9.494666e+03
1.1 9.471080e+03 9.575569e+03 9.593163e+03 9.488674e+03
2.1 9.452574e+03 9.547462e+03 9.564877e+03 9.469989e+03
3.1 9.485892e+03 9.502491e+03 9.519749e+03 9.503150e+03
4.1 9.453184e+03 9.469702e+03 9.486726e+03 9.470208e+03
5.1 9.435704e+03 9.455833e+03 9.472512e+03 9.452383e+03
6.1 9.488463e+03 9.453221e+03 9.469478e+03 9.504720e+03
7.1 9.443535e+03 9.456085e+03 9.471871e+03 9.459320e+03
8.1 9.510217e+03 9.460686e+03 9.475979e+03 9.525510e+03
9.1 9.500689e+03 9.465123e+03 9.479916e+03 9.515481e+03
10.1 9.493305e+03 9.468394e+03 9.482687e+03 9.507598e+03
11.1 9.494220e+03 9.470611e+03 9.484409e+03 9.508018e+03
12.1 9.439479e+03 9.471997e+03 9.485306e+03 9.452788e+03
13.1 9.484899e+03 9.472920e+03 9.485746e+03 9.497725e+03
14.1 9.438754e+03 9.473603e+03 9.485953e+03 9.451105e+03
15.1 9.451186e+03 9.474164e+03 9.486045e+03 9.463068e+03
16.1 9.442851e+03 9.474666e+03 9.486087e+03 9.454272e+03
17.1 9.441330e+03 9.475186e+03 9.486156e+03 9.452299e+03
18.1 9.398737e+03 9.485775e+03 9.496301e+03 9.409263e+03
19.1 9.486184e+03 9.526607e+03 9.536699e+03 9.496277e+03
20.1 9.697572e+03 9.569154e+03 9.578821e+03 9.707240e+03
21.1 9.826686e+03 9.594378e+03 9.603637e+03 9.835945e+03
22.1 9.652285e+03 9.600470e+03 9.612299e+03 9.664114e+03
23.1 9.637970e+03 9.587051e+03 9.612548e+03 9.663468e+03
24.1 9.533643e+03 9.567032e+03 9.609070e+03 9.575681e+03
25.1 9.709778e+03 9.553216e+03 9.604912e+03 9.761474e+03
26.1 9.472082e+03 9.546110e+03 9.601381e+03 9.527353e+03
27.1 9.582112e+03 9.543795e+03 9.599062e+03 9.637378e+03
28.1 9.512746e+03 9.543935e+03 9.597691e+03 9.566502e+03
29.1 9.533138e+03 9.545083e+03 9.596928e+03 9.584982e+03
30.1 9.537667e+03 9.546294e+03 9.596514e+03 9.587887e+03
31.1 9.521003e+03 9.547232e+03 9.596250e+03 9.570021e+03
32.1 9.539034e+03 9.547812e+03 9.596046e+03 9.587269e+03
33.1 9.514192e+03 9.548138e+03 9.595858e+03 9.561912e+03
