0.1 8.734132e+03 8.501458e+03 8.580952e+03 8.813627e+03
1.1 8.706884e+03 8.508906e+03 8.587692e+03 8.785670e+03
2.1 8.864055e+03 8.582285e+03 8.657635e+03 8.939404e+03
3.1 8.792070e+03 8.697523e+03 8.769227e+03 8.863774e+03
4.1 8.828773e+03 8.781939e+03 8.850883e+03 8.897718e+03
5.1 8.778844e+03 8.818583e+03 8.886031e+03 8.846292e+03
6.1 8.727065e+03 8.826688e+03 8.893535e+03 8.793912e+03
7.1 8.817170e+03 8.820774e+03 8.887618e+03 8.884014e+03
8.1 8.777883e+03 8.810320e+03 8.877459e+03 8.845022e+03
9.1 8.826722e+03 8.800152e+03 8.867724e+03 8.894294e+03
10.1 8.883654e+03 8.792801e+03 8.860870e+03 8.951723e+03
11.1 8.822522e+03 8.788021e+03 8.856613e+03 8.891114e+03
12.1 8.860079e+03 8.785271e+03 8.854396e+03 8.929204e+03
13.1 8.779828e+03 8.783643e+03 8.853307e+03 8.849492e+03
14.1 8.833511e+03 8.782587e+03 8.852794e+03 8.903718e+03
15.1 8.685377e+03 8.781816e+03 8.852567e+03 8.756129e+03
16.1 8.799083e+03 8.781166e+03 8.852463e+03 8.870380e+03
17.1 8.749042e+03 8.780449e+03 8.852294e+03 8.820886e+03
18.1 8.806012e+03 8.754813e+03 8.827207e+03 8.878405e+03
19.1 8.711740e+03 8.654370e+03 8.727313e+03 8.784683e+03
20.1 8.562893e+03 8.549662e+03 8.623154e+03 8.636386e+03
21.1 8.284660e+03 8.487780e+03 8.561792e+03 8.358671e+03
22.1 8.534191e+03 8.482620e+03 8.540372e+03 8.591944e+03
23.1 8.486532e+03 8.560945e+03 8.539756e+03 8.465343e+03
24.1 8.630532e+03 8.664656e+03 8.548356e+03 8.514232e+03
25.1 8.544862e+03 8.731077e+03 8.558638e+03 8.372423e+03
26.1 8.807072e+03 8.761489e+03 8.567369e+03 8.612952e+03
27.1 8.733754e+03 8.768600e+03 8.573105e+03 8.538259e+03
28.1 8.813679e+03 8.764778e+03 8.576494e+03 8.625395e+03
29.1 8.778451e+03 8.757118e+03 8.578382e+03 8.599716e+03
30.1 8.735214e+03 8.750138e+03 8.579405e+03 8.564481e+03
31.1 8.804666e+03 8.745102e+03 8.580059e+03 8.639623e+03
32.1 8.724722e+03 8.742208e+03 8.580561e+03 8.563075e+03
33.1 8.718068e+03 8.740710e+03 8.581028e+03 8.558386e+03
