0.8 1.254118e+04 1.239173e+04 1.253106e+04 1.268052e+04
1.8 1.244455e+04 1.252047e+04 1.254508e+04 1.246915e+04
2.8 1.234547e+04 1.252535e+04 1.255408e+04 1.237420e+04
3.8 1.233001e+04 1.244162e+04 1.254697e+04 1.243537e+04
4.8 1.248304e+04 1.236935e+04 1.253785e+04 1.265154e+04
5.8 1.240369e+04 1.252271e+04 1.253218e+04 1.241317e+04
6.8 1.274024e+04 1.251184e+04 1.252965e+04 1.275805e+04
7.8 1.268860e+04 1.279315e+04 1.252889e+04 1.242434e+04
8.8 1.252429e+04 1.259505e+04 1.252916e+04 1.245840e+04
9.8 1.245516e+04 1.248597e+04 1.252981e+04 1.249900e+04
10.8 1.213337e+04 1.258974e+04 1.253048e+04 1.207412e+04
11.8 1.224858e+04 1.256136e+04 1.253096e+04 1.221819e+04
12.8 1.268918e+04 1.252641e+04 1.253128e+04 1.269406e+04
13.8 1.225606e+04 1.255712e+04 1.253148e+04 1.223043e+04
14.8 1.252026e+04 1.255568e+04 1.253161e+04 1.249620e+04
15.8 1.209938e+04 1.232965e+04 1.253171e+04 1.230145e+04
16.8 1.283864e+04 1.251580e+04 1.253180e+04 1.285463e+04
17.8 1.271817e+04 1.240732e+04 1.253187e+04 1.284272e+04
0.7 1.281644e+04 1.263486e+04 1.253214e+04 1.271372e+04
1.7 1.271095e+04 1.249908e+04 1.254354e+04 1.275541e+04
2.7 1.271335e+04 1.261762e+04 1.255544e+04 1.265117e+04
3.7 1.280397e+04 1.265635e+04 1.255026e+04 1.269788e+04
4.7 1.262239e+04 1.252587e+04 1.254041e+04 1.263692e+04
5.7 1.234268e+04 1.252690e+04 1.253406e+04 1.234983e+04
6.7 1.246357e+04 1.248393e+04 1.253086e+04 1.251050e+04
7.7 1.273720e+04 1.252077e+04 1.252973e+04 1.274616e+04
8.7 1.272333e+04 1.247671e+04 1.252973e+04 1.277635e+04
9.7 1.231160e+04 1.240263e+04 1.253024e+04 1.243920e+04
10.7 1.232156e+04 1.243053e+04 1.253079e+04 1.242182e+04
11.7 1.240673e+04 1.248795e+04 1.253121e+04 1.244999e+04
12.7 1.223068e+04 1.247352e+04 1.253145e+04 1.228861e+04
13.7 1.239926e+04 1.236685e+04 1.253157e+04 1.256397e+04
14.7 1.237420e+04 1.248504e+04 1.253161e+04 1.242077e+04
15.7 1.262516e+04 1.240534e+04 1.253163e+04 1.275145e+04
16.7 1.224504e+04 1.248969e+04 1.253162e+04 1.228698e+04
17.7 1.254398e+04 1.248146e+04 1.253162e+04 1.259413e+04
0.2 1.275949e+04 1.257166e+04 1.253155e+04 1.271939e+04
1.2 1.259985e+04 1.254422e+04 1.253549e+04 1.259112e+04
2.2 1.243022e+04 1.257610e+04 1.255163e+04 1.240575e+04
3.2 1.234472e+04 1.246230e+04 1.255391e+04 1.243633e+04
4.2 1.287970e+04 1.253976e+04 1.254447e+04 1.288441e+04
5.2 1.235089e+04 1.255497e+04 1.253634e+04 1.233226e+04
6.2 1.237117e+04 1.256124e+04 1.253178e+04 1.234172e+04
7.2 1.268902e+04 1.270498e+04 1.252987e+04 1.251392e+04
8.2 1.237502e+04 1.274390e+04 1.252945e+04 1.216057e+04
9.2 1.272229e+04 1.269420e+04 1.252981e+04 1.255789e+04
10.2 1.253247e+04 1.260071e+04 1.253039e+04 1.246215e+04
11.2 1.268707e+04 1.258135e+04 1.253091e+04 1.263663e+04
12.2 1.256607e+04 1.267144e+04 1.253124e+04 1.242587e+04
13.2 1.284676e+04 1.272660e+04 1.253142e+04 1.265158e+04
14.2 1.256388e+04 1.244971e+04 1.253151e+04 1.264569e+04
15.2 1.261056e+04 1.238500e+04 1.253155e+04 1.275711e+04
16.2 1.291341e+04 1.250985e+04 1.253157e+04 1.293513e+04
17.2 1.277592e+04 1.252864e+04 1.253158e+04 1.277886e+04
1.0 1.255659e+04 1.252179e+04 1.253389e+04 1.256869e+04
2.0 1.242378e+04 1.256935e+04 1.254963e+04 1.240406e+04
3.0 1.257335e+04 1.252435e+04 1.255475e+04 1.260374e+04
4.0 1.272077e+04 1.243532e+04 1.254601e+04 1.283147e+04
5.0 1.259093e+04 1.253542e+04 1.253736e+04 1.259287e+04
6.0 1.271571e+04 1.254468e+04 1.253230e+04 1.270334e+04
7.0 1.253342e+04 1.263809e+04 1.253010e+04 1.242543e+04
8.0 1.281889e+04 1.274362e+04 1.252950e+04 1.260477e+04
9.0 1.268650e+04 1.268661e+04 1.252978e+04 1.252967e+04
10.0 1.249527e+04 1.263425e+04 1.253036e+04 1.239137e+04
11.0 1.279387e+04 1.252527e+04 1.253090e+04 1.279950e+04
12.0 1.224103e+04 1.251337e+04 1.253126e+04 1.225892e+04
13.0 1.252970e+04 1.252276e+04 1.253146e+04 1.253840e+04
14.0 1.251193e+04 1.251084e+04 1.253157e+04 1.253267e+04
15.0 1.222669e+04 1.253129e+04 1.253161e+04 1.222702e+04
16.0 1.252801e+04 1.261110e+04 1.253163e+04 1.244855e+04
17.0 1.273486e+04 1.277584e+04 1.253164e+04 1.249066e+04
18.0 1.317931e+04 1.268563e+04 1.253165e+04 1.302533e+04
0.7 1.240010e+04 1.252396e+04 1.253224e+04 1.240839e+04
1.7 1.238572e+04 1.252354e+04 1.254442e+04 1.240659e+04
2.7 1.261834e+04 1.257339e+04 1.255558e+04 1.260053e+04
3.7 1.239290e+04 1.246086e+04 1.254960e+04 1.248165e+04
4.7 1.235169e+04 1.253826e+04 1.254012e+04 1.235355e+04
5.7 1.246415e+04 1.248521e+04 1.253390e+04 1.251283e+04
6.7 1.278995e+04 1.262486e+04 1.253098e+04 1.269608e+04
7.7 1.283793e+04 1.310794e+04 1.252997e+04 1.225996e+04
8.7 1.292226e+04 1.289612e+04 1.253008e+04 1.255623e+04
9.7 1.251155e+04 1.247462e+04 1.253064e+04 1.256757e+04
10.7 1.236470e+04 1.255752e+04 1.253125e+04 1.233843e+04
11.7 1.253406e+04 1.256408e+04 1.253170e+04 1.250168e+04
12.7 1.224225e+04 1.262574e+04 1.253199e+04 1.214850e+04
13.7 1.301057e+04 1.268119e+04 1.253216e+04 1.286154e+04
14.7 1.295949e+04 1.279182e+04 1.253226e+04 1.269993e+04
15.7 1.254958e+04 1.260553e+04 1.253233e+04 1.247637e+04
16.7 1.216510e+04 1.258597e+04 1.253239e+04 1.211152e+04
17.7 1.262226e+04 1.255164e+04 1.253244e+04 1.260306e+04
