0.5 1.240525e+04 1.256456e+04 1.255075e+04 1.239144e+04
1.5 1.301011e+04 1.251556e+04 1.252538e+04 1.301993e+04
2.5 1.260559e+04 1.243973e+04 1.245028e+04 1.261614e+04
3.5 1.254118e+04 1.239173e+04 1.244132e+04 1.259077e+04
4.5 1.244455e+04 1.252047e+04 1.248567e+04 1.240974e+04
5.5 1.234547e+04 1.252535e+04 1.252546e+04 1.234558e+04
6.5 1.233001e+04 1.244162e+04 1.254650e+04 1.243489e+04
7.5 1.248304e+04 1.236935e+04 1.255532e+04 1.266901e+04
8.5 1.240369e+04 1.252271e+04 1.255687e+04 1.243786e+04
9.5 1.274024e+04 1.251184e+04 1.255461e+04 1.278302e+04
10.5 1.268860e+04 1.279315e+04 1.255121e+04 1.244666e+04
11.5 1.252429e+04 1.259505e+04 1.254833e+04 1.247757e+04
12.5 1.245516e+04 1.248597e+04 1.254633e+04 1.251552e+04
13.5 1.213337e+04 1.258974e+04 1.254507e+04 1.208871e+04
14.5 1.224858e+04 1.256136e+04 1.254431e+04 1.223153e+04
15.5 1.268918e+04 1.252641e+04 1.254379e+04 1.270656e+04
16.5 1.225606e+04 1.255712e+04 1.254340e+04 1.224235e+04
17.5 1.252026e+04 1.255568e+04 1.254308e+04 1.250766e+04
0.1 1.241474e+04 1.276673e+04 1.254035e+04 1.218837e+04
1.1 1.227643e+04 1.263936e+04 1.253360e+04 1.217066e+04
2.1 1.270144e+04 1.255532e+04 1.247513e+04 1.262125e+04
3.1 1.247839e+04 1.250074e+04 1.244844e+04 1.242609e+04
4.1 1.253897e+04 1.250660e+04 1.247984e+04 1.251222e+04
5.1 1.265048e+04 1.253096e+04 1.251498e+04 1.263451e+04
6.1 1.255858e+04 1.251627e+04 1.253599e+04 1.257830e+04
7.1 1.269117e+04 1.247321e+04 1.254596e+04 1.276392e+04
8.1 1.242213e+04 1.245432e+04 1.254888e+04 1.251668e+04
9.1 1.240065e+04 1.248815e+04 1.254809e+04 1.246059e+04
10.1 1.238187e+04 1.250470e+04 1.254597e+04 1.242314e+04
11.1 1.231313e+04 1.250933e+04 1.254395e+04 1.234776e+04
12.1 1.249974e+04 1.239739e+04 1.254257e+04 1.264491e+04
13.1 1.219074e+04 1.231252e+04 1.254186e+04 1.242009e+04
14.1 1.226488e+04 1.242909e+04 1.254159e+04 1.237737e+04
15.1 1.261012e+04 1.251605e+04 1.254157e+04 1.263565e+04
16.1 1.236153e+04 1.246915e+04 1.254168e+04 1.243405e+04
17.1 1.269267e+04 1.257874e+04 1.254184e+04 1.265577e+04
0.3 1.297230e+04 1.289034e+04 1.255141e+04 1.263337e+04
1.3 1.267787e+04 1.278794e+04 1.253888e+04 1.242882e+04
2.3 1.295684e+04 1.258589e+04 1.246556e+04 1.283651e+04
3.3 1.281644e+04 1.263486e+04 1.243923e+04 1.262081e+04
4.3 1.271095e+04 1.249908e+04 1.248045e+04 1.269232e+04
5.3 1.271335e+04 1.261762e+04 1.252362e+04 1.261934e+04
6.3 1.280397e+04 1.265635e+04 1.254895e+04 1.269657e+04
7.3 1.262239e+04 1.252587e+04 1.253233e+04 1.262885e+04
8.3 1.234268e+04 1.252690e+04 1.247569e+04 1.229147e+04
9.3 1.246357e+04 1.248393e+04 1.247966e+04 1.245930e+04
10.3 1.273720e+04 1.252077e+04 1.251603e+04 1.273246e+04
11.3 1.272333e+04 1.247671e+04 1.254380e+04 1.279042e+04
12.3 1.231160e+04 1.240263e+04 1.255840e+04 1.246736e+04
13.3 1.232156e+04 1.243053e+04 1.256399e+04 1.245502e+04
14.3 1.240673e+04 1.248795e+04 1.254567e+04 1.246445e+04
15.3 1.223068e+04 1.247352e+04 1.246952e+04 1.222668e+04
16.3 1.239926e+04 1.236685e+04 1.244940e+04 1.248181e+04
17.3 1.237420e+04 1.248504e+04 1.249119e+04 1.238035e+04
0.5 1.280397e+04 1.265635e+04 1.254895e+04 1.269657e+04
1.5 1.262239e+04 1.252587e+04 1.253233e+04 1.262885e+04
2.5 1.234268e+04 1.252690e+04 1.247569e+04 1.229147e+04
3.5 1.246357e+04 1.248393e+04 1.247966e+04 1.245930e+04
4.5 1.273720e+04 1.252077e+04 1.251603e+04 1.273246e+04
5.5 1.272333e+04 1.247671e+04 1.254380e+04 1.279042e+04
6.5 1.231160e+04 1.240263e+04 1.255840e+04 1.246736e+04
7.5 1.232156e+04 1.243053e+04 1.256399e+04 1.245502e+04
8.5 1.240673e+04 1.248795e+04 1.254567e+04 1.246445e+04
9.5 1.223068e+04 1.247352e+04 1.246952e+04 1.222668e+04
10.5 1.239926e+04 1.236685e+04 1.244940e+04 1.248181e+04
11.5 1.237420e+04 1.248504e+04 1.249119e+04 1.238035e+04
12.5 1.262516e+04 1.240534e+04 1.253138e+04 1.275120e+04
13.5 1.224504e+04 1.248969e+04 1.255479e+04 1.231014e+04
14.5 1.254398e+04 1.248146e+04 1.256490e+04 1.262741e+04
15.5 1.268961e+04 1.253462e+04 1.256747e+04 1.272246e+04
16.5 1.258483e+04 1.248803e+04 1.256597e+04 1.266278e+04
17.5 1.229638e+04 1.227455e+04 1.256319e+04 1.258501e+04
0.4 1.232156e+04 1.243053e+04 1.256399e+04 1.245502e+04
1.4 1.240673e+04 1.248795e+04 1.254567e+04 1.246445e+04
2.4 1.223068e+04 1.247352e+04 1.246952e+04 1.222668e+04
3.4 1.239926e+04 1.236685e+04 1.244940e+04 1.248181e+04
4.4 1.237420e+04 1.248504e+04 1.249119e+04 1.238035e+04
5.4 1.262516e+04 1.240534e+04 1.253138e+04 1.275120e+04
6.4 1.224504e+04 1.248969e+04 1.255479e+04 1.231014e+04
7.4 1.254398e+04 1.248146e+04 1.256490e+04 1.262741e+04
8.4 1.268961e+04 1.253462e+04 1.256747e+04 1.272246e+04
9.4 1.258483e+04 1.248803e+04 1.256597e+04 1.266278e+04
10.4 1.229638e+04 1.227455e+04 1.256319e+04 1.258501e+04
11.4 1.187642e+04 1.220138e+04 1.256063e+04 1.223568e+04
12.4 1.197815e+04 1.205616e+04 1.254710e+04 1.246909e+04
13.4 1.172989e+04 1.221859e+04 1.246759e+04 1.197888e+04
14.4 1.218486e+04 1.237588e+04 1.241814e+04 1.222713e+04
15.4 1.211755e+04 1.243248e+04 1.245856e+04 1.214364e+04
16.4 1.209377e+04 1.243400e+04 1.251438e+04 1.217416e+04
17.4 1.233363e+04 1.237536e+04 1.254836e+04 1.250663e+04
0.2 1.187642e+04 1.220138e+04 1.256063e+04 1.223568e+04
1.2 1.197815e+04 1.205616e+04 1.254710e+04 1.246909e+04
2.2 1.172989e+04 1.221859e+04 1.246759e+04 1.197888e+04
3.2 1.218486e+04 1.237588e+04 1.241814e+04 1.222713e+04
4.2 1.211755e+04 1.243248e+04 1.245856e+04 1.214364e+04
5.2 1.209377e+04 1.243400e+04 1.251438e+04 1.217416e+04
6.2 1.233363e+04 1.237536e+04 1.254836e+04 1.250663e+04
7.2 1.261595e+04 1.250408e+04 1.256311e+04 1.267497e+04
8.2 1.262494e+04 1.251768e+04 1.252034e+04 1.262760e+04
9.2 1.275949e+04 1.257166e+04 1.244961e+04 1.263745e+04
10.2 1.259985e+04 1.254422e+04 1.246134e+04 1.251697e+04
11.2 1.243022e+04 1.257610e+04 1.250843e+04 1.236255e+04
12.2 1.234472e+04 1.246230e+04 1.254300e+04 1.242543e+04
13.2 1.287970e+04 1.253976e+04 1.256096e+04 1.290090e+04
14.2 1.235089e+04 1.255497e+04 1.256753e+04 1.236345e+04
15.2 1.237117e+04 1.256124e+04 1.256779e+04 1.237773e+04
16.2 1.268902e+04 1.270498e+04 1.256510e+04 1.254914e+04
17.2 1.237502e+04 1.274390e+04 1.256189e+04 1.219301e+04
0.8 1.261595e+04 1.250408e+04 1.256311e+04 1.267497e+04
1.8 1.262494e+04 1.251768e+04 1.252034e+04 1.262760e+04
2.8 1.275949e+04 1.257166e+04 1.244961e+04 1.263745e+04
3.8 1.259985e+04 1.254422e+04 1.246134e+04 1.251697e+04
4.8 1.243022e+04 1.257610e+04 1.250843e+04 1.236255e+04
5.8 1.234472e+04 1.246230e+04 1.254300e+04 1.242543e+04
6.8 1.287970e+04 1.253976e+04 1.256096e+04 1.290090e+04
7.8 1.235089e+04 1.255497e+04 1.256753e+04 1.236345e+04
8.8 1.237117e+04 1.256124e+04 1.256779e+04 1.237773e+04
9.8 1.268902e+04 1.270498e+04 1.256510e+04 1.254914e+04
10.8 1.237502e+04 1.274390e+04 1.256189e+04 1.219301e+04
11.8 1.272229e+04 1.269420e+04 1.255930e+04 1.258739e+04
12.8 1.253247e+04 1.260071e+04 1.255770e+04 1.248946e+04
13.8 1.268707e+04 1.258135e+04 1.255680e+04 1.266251e+04
14.8 1.256607e+04 1.267144e+04 1.255632e+04 1.245096e+04
15.8 1.284676e+04 1.272660e+04 1.255606e+04 1.267622e+04
16.8 1.256388e+04 1.244971e+04 1.255588e+04 1.267006e+04
17.8 1.261056e+04 1.238500e+04 1.255575e+04 1.278131e+04
0.8 1.245456e+04 1.255542e+04 1.255259e+04 1.245173e+04
1.8 1.229679e+04 1.250090e+04 1.250145e+04 1.229734e+04
2.8 1.283907e+04 1.256473e+04 1.240374e+04 1.267807e+04
3.8 1.270451e+04 1.249476e+04 1.239982e+04 1.260957e+04
4.8 1.268184e+04 1.252969e+04 1.246523e+04 1.261738e+04
5.8 1.236699e+04 1.253170e+04 1.252299e+04 1.235828e+04
6.8 1.237298e+04 1.254803e+04 1.254548e+04 1.237043e+04
7.8 1.248942e+04 1.256886e+04 1.248900e+04 1.240955e+04
8.8 1.238191e+04 1.252626e+04 1.244562e+04 1.230128e+04
9.8 1.288978e+04 1.248835e+04 1.247827e+04 1.287971e+04
10.8 1.255659e+04 1.252179e+04 1.252341e+04 1.255821e+04
11.8 1.242378e+04 1.256935e+04 1.254990e+04 1.240434e+04
12.8 1.257335e+04 1.252435e+04 1.256188e+04 1.261088e+04
13.8 1.272077e+04 1.243532e+04 1.256526e+04 1.285071e+04
14.8 1.259093e+04 1.253542e+04 1.256380e+04 1.261931e+04
15.8 1.271571e+04 1.254468e+04 1.256048e+04 1.273151e+04
16.8 1.253342e+04 1.263809e+04 1.255736e+04 1.245269e+04
17.8 1.281889e+04 1.274362e+04 1.255512e+04 1.263039e+04
0.1 1.236699e+04 1.253170e+04 1.252299e+04 1.235828e+04
1.1 1.237298e+04 1.254803e+04 1.254548e+04 1.237043e+04
2.1 1.248942e+04 1.256886e+04 1.248900e+04 1.240955e+04
3.1 1.238191e+04 1.252626e+04 1.244562e+04 1.230128e+04
4.1 1.288978e+04 1.248835e+04 1.247827e+04 1.287971e+04
5.1 1.255659e+04 1.252179e+04 1.252341e+04 1.255821e+04
6.1 1.242378e+04 1.256935e+04 1.254990e+04 1.240434e+04
7.1 1.257335e+04 1.252435e+04 1.256188e+04 1.261088e+04
8.1 1.272077e+04 1.243532e+04 1.256526e+04 1.285071e+04
9.1 1.259093e+04 1.253542e+04 1.256380e+04 1.261931e+04
10.1 1.271571e+04 1.254468e+04 1.256048e+04 1.273151e+04
11.1 1.253342e+04 1.263809e+04 1.255736e+04 1.245269e+04
12.1 1.281889e+04 1.274362e+04 1.255512e+04 1.263039e+04
13.1 1.268650e+04 1.268661e+04 1.255373e+04 1.255362e+04
14.1 1.249527e+04 1.263425e+04 1.255300e+04 1.241402e+04
15.1 1.279387e+04 1.252527e+04 1.255260e+04 1.282120e+04
16.1 1.224103e+04 1.251337e+04 1.255238e+04 1.228005e+04
17.1 1.252970e+04 1.252276e+04 1.255223e+04 1.255917e+04
0.2 1.246006e+04 1.253713e+04 1.255098e+04 1.247391e+04
1.2 1.260811e+04 1.253413e+04 1.253792e+04 1.261190e+04
2.2 1.229641e+04 1.241342e+04 1.246372e+04 1.234671e+04
3.2 1.235284e+04 1.235373e+04 1.243132e+04 1.243043e+04
4.2 1.241525e+04 1.250575e+04 1.247166e+04 1.238116e+04
5.2 1.234735e+04 1.250914e+04 1.251721e+04 1.235542e+04
6.2 1.259112e+04 1.255317e+04 1.254492e+04 1.258287e+04
7.2 1.288460e+04 1.244803e+04 1.255722e+04 1.299379e+04
8.2 1.245436e+04 1.245795e+04 1.255401e+04 1.255043e+04
9.2 1.242437e+04 1.237903e+04 1.248666e+04 1.253201e+04
10.2 1.241109e+04 1.237458e+04 1.243549e+04 1.247200e+04
11.2 1.240010e+04 1.252396e+04 1.246561e+04 1.234176e+04
12.2 1.238572e+04 1.252354e+04 1.251141e+04 1.237359e+04
13.2 1.261834e+04 1.257339e+04 1.254127e+04 1.258622e+04
14.2 1.239290e+04 1.246086e+04 1.255508e+04 1.248713e+04
15.2 1.235169e+04 1.253826e+04 1.255956e+04 1.237300e+04
16.2 1.246415e+04 1.248521e+04 1.255872e+04 1.253766e+04
17.2 1.278995e+04 1.262486e+04 1.255574e+04 1.272083e+04
0.1 1.288460e+04 1.244803e+04 1.255722e+04 1.299379e+04
1.1 1.245436e+04 1.245795e+04 1.255401e+04 1.255043e+04
2.1 1.242437e+04 1.237903e+04 1.248666e+04 1.253201e+04
3.1 1.241109e+04 1.237458e+04 1.243549e+04 1.247200e+04
4.1 1.240010e+04 1.252396e+04 1.246561e+04 1.234176e+04
5.1 1.238572e+04 1.252354e+04 1.251141e+04 1.237359e+04
6.1 1.261834e+04 1.257339e+04 1.254127e+04 1.258622e+04
7.1 1.239290e+04 1.246086e+04 1.255508e+04 1.248713e+04
8.1 1.235169e+04 1.253826e+04 1.255956e+04 1.237300e+04
9.1 1.246415e+04 1.248521e+04 1.255872e+04 1.253766e+04
10.1 1.278995e+04 1.262486e+04 1.255574e+04 1.272083e+04
11.1 1.283793e+04 1.310794e+04 1.255261e+04 1.228260e+04
12.1 1.292226e+04 1.289612e+04 1.255035e+04 1.257650e+04
13.1 1.251155e+04 1.247462e+04 1.254895e+04 1.258588e+04
14.1 1.236470e+04 1.255752e+04 1.254813e+04 1.235531e+04
15.1 1.253406e+04 1.256408e+04 1.254767e+04 1.251764e+04
16.1 1.224225e+04 1.262574e+04 1.254736e+04 1.216387e+04
17.1 1.301057e+04 1.268119e+04 1.254712e+04 1.287651e+04
0.9 1.243203e+04 1.244295e+04 1.254148e+04 1.253056e+04
1.9 1.256273e+04 1.246332e+04 1.248877e+04 1.258818e+04
2.9 1.245159e+04 1.249373e+04 1.244932e+04 1.240719e+04
3.9 1.220514e+04 1.246208e+04 1.247565e+04 1.221870e+04
4.9 1.225610e+04 1.250275e+04 1.251330e+04 1.226666e+04
5.9 1.211795e+04 1.247284e+04 1.253754e+04 1.218264e+04
6.9 1.239471e+04 1.245649e+04 1.254870e+04 1.248692e+04
7.9 1.260467e+04 1.254838e+04 1.255234e+04 1.260864e+04
8.9 1.267950e+04 1.256557e+04 1.255171e+04 1.266564e+04
