0.8 8.891062e+03 8.821753e+03 8.989553e+03 9.058862e+03
1.8 8.987175e+03 8.841528e+03 8.987571e+03 9.133218e+03
2.8 9.070781e+03 8.934277e+03 8.985089e+03 9.121592e+03
3.8 8.874145e+03 9.019648e+03 8.985909e+03 8.840406e+03
4.8 9.030028e+03 9.073500e+03 8.987803e+03 8.944331e+03
5.8 8.512657e+03 8.437315e+03 8.989144e+03 9.064487e+03
6.8 8.766967e+03 8.840571e+03 8.989800e+03 8.916195e+03
7.8 9.408480e+03 9.108922e+03 8.990049e+03 9.289606e+03
8.8 9.036998e+03 8.940933e+03 8.990062e+03 9.086127e+03
9.8 9.296496e+03 9.024488e+03 8.989165e+03 9.261173e+03
10.8 8.976417e+03 9.024368e+03 8.985800e+03 8.937848e+03
11.8 9.294505e+03 9.002401e+03 8.985109e+03 9.277213e+03
12.8 9.211660e+03 9.027118e+03 8.986900e+03 9.171442e+03
13.8 9.393705e+03 9.371125e+03 8.988641e+03 9.011221e+03
14.8 8.971874e+03 8.948319e+03 8.989596e+03 9.013150e+03
15.8 9.223597e+03 9.180968e+03 8.990024e+03 9.032654e+03
16.8 8.386901e+03 8.710037e+03 8.990122e+03 8.666987e+03
17.8 8.902665e+03 8.876727e+03 8.990056e+03 9.015994e+03
0.4 9.036998e+03 8.940933e+03 8.990062e+03 9.086127e+03
1.4 9.296496e+03 9.024488e+03 8.989165e+03 9.261173e+03
2.4 8.976417e+03 9.024368e+03 8.985800e+03 8.937848e+03
3.4 9.294505e+03 9.002401e+03 8.985109e+03 9.277213e+03
4.4 9.211660e+03 9.027118e+03 8.986900e+03 9.171442e+03
5.4 9.393705e+03 9.371125e+03 8.988641e+03 9.011221e+03
6.4 8.971874e+03 8.948319e+03 8.989596e+03 9.013150e+03
7.4 9.223597e+03 9.180968e+03 8.990024e+03 9.032654e+03
8.4 8.386901e+03 8.710037e+03 8.990122e+03 8.666987e+03
9.4 8.902665e+03 8.876727e+03 8.990056e+03 9.015994e+03
10.4 9.047498e+03 8.995419e+03 8.989932e+03 9.042012e+03
11.4 9.038599e+03 9.028556e+03 8.989826e+03 8.999869e+03
12.4 9.132842e+03 9.003885e+03 8.989753e+03 9.118710e+03
13.4 9.171071e+03 9.034824e+03 8.988918e+03 9.125164e+03
14.4 9.134572e+03 9.048925e+03 8.986008e+03 9.071656e+03
15.4 9.269682e+03 9.030127e+03 8.985580e+03 9.225136e+03
16.4 9.127506e+03 9.133834e+03 8.987267e+03 8.980939e+03
17.4 9.154612e+03 9.206408e+03 8.988805e+03 8.937008e+03
0.3 9.132842e+03 9.003885e+03 8.989753e+03 9.118710e+03
1.3 9.171071e+03 9.034824e+03 8.988918e+03 9.125164e+03
2.3 9.134572e+03 9.048925e+03 8.986008e+03 9.071656e+03
3.3 9.269682e+03 9.030127e+03 8.985580e+03 9.225136e+03
4.3 9.127506e+03 9.133834e+03 8.987267e+03 8.980939e+03
5.3 9.154612e+03 9.206408e+03 8.988805e+03 8.937008e+03
6.3 8.844855e+03 9.012024e+03 8.989629e+03 8.822460e+03
7.3 9.224806e+03 9.033101e+03 8.989987e+03 9.181692e+03
8.3 8.797618e+03 9.009791e+03 8.990067e+03 8.777894e+03
9.3 8.443777e+03 8.969055e+03 8.989999e+03 8.464722e+03
10.3 8.856444e+03 8.954657e+03 8.989886e+03 8.891674e+03
11.3 8.697613e+03 8.950509e+03 8.989790e+03 8.736894e+03
12.3 8.984696e+03 8.985868e+03 8.989726e+03 8.988554e+03
13.3 8.571090e+03 8.940118e+03 8.989688e+03 8.620660e+03
14.3 8.864988e+03 8.956318e+03 8.989668e+03 8.898338e+03
15.3 8.849108e+03 8.992396e+03 8.989657e+03 8.846369e+03
16.3 8.814135e+03 9.003348e+03 8.989650e+03 8.800436e+03
17.3 8.779062e+03 8.886722e+03 8.989644e+03 8.881985e+03
0.9 8.750684e+03 9.061077e+03 8.989515e+03 8.679122e+03
1.9 8.922394e+03 8.988538e+03 8.986962e+03 8.920818e+03
2.9 9.016662e+03 9.020812e+03 8.983955e+03 8.979804e+03
3.9 9.199009e+03 9.043493e+03 8.984891e+03 9.140406e+03
4.9 9.171728e+03 9.210551e+03 8.987291e+03 8.948468e+03
5.9 9.263235e+03 9.398135e+03 8.988934e+03 8.854033e+03
6.9 9.222920e+03 9.235276e+03 8.989280e+03 8.976923e+03
7.9 9.007121e+03 9.051138e+03 8.986207e+03 8.942190e+03
8.9 8.993553e+03 9.022477e+03 8.984332e+03 8.955409e+03
9.9 9.157468e+03 9.026225e+03 8.985996e+03 9.117240e+03
10.9 8.958893e+03 9.046682e+03 8.988080e+03 8.900291e+03
11.9 9.160643e+03 9.015824e+03 8.989363e+03 9.134182e+03
12.9 9.201968e+03 9.006840e+03 8.989929e+03 9.185057e+03
13.9 9.137108e+03 8.981247e+03 8.990087e+03 9.145948e+03
14.9 9.139453e+03 8.951260e+03 8.990019e+03 9.178212e+03
15.9 9.198827e+03 8.991414e+03 8.989867e+03 9.197280e+03
16.9 9.111087e+03 8.932091e+03 8.989718e+03 9.168714e+03
17.9 8.778680e+03 8.826983e+03 8.989614e+03 8.941310e+03
0.2 9.263235e+03 9.398135e+03 8.988934e+03 8.854033e+03
1.2 9.222920e+03 9.235276e+03 8.989280e+03 8.976923e+03
2.2 9.007121e+03 9.051138e+03 8.986207e+03 8.942190e+03
3.2 8.993553e+03 9.022477e+03 8.984332e+03 8.955409e+03
4.2 9.157468e+03 9.026225e+03 8.985996e+03 9.117240e+03
5.2 8.958893e+03 9.046682e+03 8.988080e+03 8.900291e+03
6.2 9.160643e+03 9.015824e+03 8.989363e+03 9.134182e+03
7.2 9.201968e+03 9.006840e+03 8.989929e+03 9.185057e+03
8.2 9.137108e+03 8.981247e+03 8.990087e+03 9.145948e+03
9.2 9.139453e+03 8.951260e+03 8.990019e+03 9.178212e+03
10.2 9.198827e+03 8.991414e+03 8.989867e+03 9.197280e+03
11.2 9.111087e+03 8.932091e+03 8.989718e+03 9.168714e+03
12.2 8.778680e+03 8.826983e+03 8.989614e+03 8.941310e+03
13.2 8.933634e+03 8.795388e+03 8.989551e+03 9.127798e+03
14.2 9.014329e+03 8.985605e+03 8.989515e+03 9.018239e+03
15.2 9.114213e+03 8.990655e+03 8.989495e+03 9.113053e+03
16.2 8.571416e+03 9.028979e+03 8.989482e+03 8.531919e+03
17.2 8.948368e+03 9.044497e+03 8.989472e+03 8.893344e+03
0.8 9.023134e+03 9.025231e+03 8.989375e+03 8.987278e+03
1.8 9.064413e+03 9.028903e+03 8.987342e+03 9.022852e+03
2.8 9.069415e+03 9.036302e+03 8.984653e+03 9.017765e+03
3.8 8.949547e+03 9.033101e+03 8.985425e+03 8.901871e+03
4.8 9.336632e+03 9.129113e+03 8.987415e+03 9.194934e+03
5.8 9.192280e+03 9.163032e+03 8.988844e+03 9.018092e+03
6.8 9.259474e+03 9.135422e+03 8.989542e+03 9.113594e+03
7.8 8.984228e+03 8.934661e+03 8.989805e+03 9.039371e+03
8.8 8.528304e+03 8.657700e+03 8.989815e+03 8.860419e+03
9.8 8.815106e+03 9.014433e+03 8.989709e+03 8.790382e+03
10.8 8.983834e+03 8.955317e+03 8.989582e+03 9.018099e+03
11.8 8.848885e+03 8.882094e+03 8.989486e+03 8.956277e+03
12.8 8.707071e+03 8.873973e+03 8.989425e+03 8.822524e+03
13.8 8.957780e+03 8.892801e+03 8.989392e+03 9.054371e+03
14.8 8.425528e+03 8.768691e+03 8.989375e+03 8.646213e+03
15.8 8.645521e+03 9.057477e+03 8.989368e+03 8.577412e+03
16.8 8.878727e+03 8.990999e+03 8.989364e+03 8.877092e+03
17.8 8.985732e+03 9.015943e+03 8.989362e+03 8.959152e+03
1.0 8.823793e+03 9.073363e+03 8.989211e+03 8.739641e+03
2.0 8.971298e+03 9.042922e+03 8.986457e+03 8.914834e+03
3.0 9.200627e+03 9.047735e+03 8.983120e+03 9.136012e+03
4.0 9.010980e+03 9.079638e+03 8.984169e+03 8.915511e+03
5.0 9.341912e+03 9.104689e+03 8.986831e+03 9.224054e+03
6.0 9.113176e+03 9.097222e+03 8.988666e+03 9.004620e+03
7.0 9.312224e+03 8.913868e+03 8.989600e+03 9.387955e+03
8.0 9.162530e+03 9.091896e+03 8.989961e+03 9.060595e+03
9.0 9.243266e+03 9.041265e+03 8.989980e+03 9.191981e+03
10.0 9.118610e+03 8.996521e+03 8.989847e+03 9.111937e+03
11.0 9.309139e+03 9.043073e+03 8.989694e+03 9.255760e+03
12.0 8.962829e+03 8.988207e+03 8.989577e+03 8.964199e+03
13.0 8.943403e+03 8.986420e+03 8.989506e+03 8.946489e+03
14.0 8.622539e+03 8.861194e+03 8.989472e+03 8.750817e+03
15.0 8.822033e+03 8.872930e+03 8.989458e+03 8.938561e+03
16.0 9.050833e+03 8.966617e+03 8.989454e+03 9.073670e+03
17.0 8.616625e+03 8.774543e+03 8.989454e+03 8.831536e+03
18.0 8.789190e+03 8.818478e+03 8.989455e+03 8.960167e+03
0.2 9.090796e+03 9.024166e+03 8.989456e+03 9.056085e+03
1.2 9.026339e+03 9.032981e+03 8.988999e+03 8.982356e+03
2.2 8.966284e+03 9.073393e+03 8.985544e+03 8.878435e+03
3.2 8.846127e+03 9.085271e+03 8.983567e+03 8.744423e+03
4.2 9.144404e+03 9.067554e+03 8.985365e+03 9.062215e+03
5.2 8.801059e+03 9.067332e+03 8.987652e+03 8.721379e+03
6.2 9.010547e+03 9.058863e+03 8.989070e+03 8.940755e+03
7.2 8.998132e+03 9.057921e+03 8.989745e+03 8.929956e+03
8.2 9.083831e+03 9.053654e+03 8.988741e+03 9.018918e+03
9.2 9.008395e+03 9.051276e+03 8.984220e+03 8.941339e+03
10.2 9.145841e+03 9.052666e+03 8.982438e+03 9.075614e+03
11.2 9.025015e+03 9.073935e+03 8.984770e+03 8.935850e+03
12.2 8.880344e+03 9.103656e+03 8.987528e+03 8.764217e+03
13.2 9.170160e+03 9.068867e+03 8.989135e+03 9.090428e+03
14.2 9.029556e+03 9.061686e+03 8.989879e+03 8.957748e+03
15.2 9.072052e+03 9.020280e+03 8.990071e+03 9.041842e+03
16.2 8.831764e+03 8.828742e+03 8.989980e+03 8.993002e+03
17.2 8.839120e+03 8.896419e+03 8.989783e+03 8.932484e+03
0.5 8.998132e+03 9.057921e+03 8.989745e+03 8.929956e+03
1.5 9.083831e+03 9.053654e+03 8.988741e+03 9.018918e+03
2.5 9.008395e+03 9.051276e+03 8.984220e+03 8.941339e+03
3.5 9.145841e+03 9.052666e+03 8.982438e+03 9.075614e+03
4.5 9.025015e+03 9.073935e+03 8.984770e+03 8.935850e+03
5.5 8.880344e+03 9.103656e+03 8.987528e+03 8.764217e+03
6.5 9.170160e+03 9.068867e+03 8.989135e+03 9.090428e+03
7.5 9.029556e+03 9.061686e+03 8.989879e+03 8.957748e+03
8.5 9.072052e+03 9.020280e+03 8.990071e+03 9.041842e+03
9.5 8.831764e+03 8.828742e+03 8.989980e+03 8.993002e+03
10.5 8.839120e+03 8.896419e+03 8.989783e+03 8.932484e+03
11.5 8.972589e+03 8.957898e+03 8.989602e+03 9.004293e+03
12.5 9.012487e+03 9.031887e+03 8.989472e+03 8.970071e+03
13.5 9.039250e+03 9.045706e+03 8.989395e+03 8.982939e+03
14.5 8.917715e+03 8.923880e+03 8.989352e+03 8.983188e+03
15.5 8.987132e+03 8.899276e+03 8.989328e+03 9.077184e+03
16.5 9.027256e+03 8.995826e+03 8.989313e+03 9.020743e+03
17.5 8.999143e+03 9.003763e+03 8.989303e+03 8.984683e+03
0.6 8.868978e+03 8.868780e+03 8.989235e+03 8.989432e+03
1.6 8.654986e+03 8.860570e+03 8.987634e+03 8.782050e+03
2.6 8.889284e+03 8.980850e+03 8.983548e+03 8.891982e+03
3.6 8.777696e+03 9.015923e+03 8.983064e+03 8.744837e+03
4.6 8.953610e+03 9.031217e+03 8.985616e+03 8.908009e+03
5.6 8.944131e+03 9.023266e+03 8.987958e+03 8.908823e+03
6.6 8.936426e+03 9.038781e+03 8.989222e+03 8.886867e+03
7.6 9.005984e+03 9.042481e+03 8.989771e+03 8.953274e+03
8.6 8.863977e+03 9.000920e+03 8.989894e+03 8.852950e+03
9.6 8.992650e+03 8.973798e+03 8.989795e+03 9.008647e+03
10.6 8.996503e+03 8.991747e+03 8.989627e+03 8.994383e+03
11.6 8.879365e+03 8.984069e+03 8.989486e+03 8.884782e+03
12.6 9.079311e+03 8.977082e+03 8.989393e+03 9.091621e+03
13.6 9.023135e+03 9.008746e+03 8.989340e+03 9.003729e+03
14.6 9.041491e+03 9.014008e+03 8.989294e+03 9.016777e+03
15.6 8.671055e+03 9.019173e+03 8.987832e+03 8.639715e+03
16.6 9.114188e+03 9.011040e+03 8.985921e+03 9.089069e+03
17.6 8.759654e+03 9.015390e+03 8.986490e+03 8.730754e+03
0.6 9.041491e+03 9.014008e+03 8.989294e+03 9.016777e+03
1.6 8.671055e+03 9.019173e+03 8.987832e+03 8.639715e+03
2.6 9.114188e+03 9.011040e+03 8.985921e+03 9.089069e+03
3.6 8.759654e+03 9.015390e+03 8.986490e+03 8.730754e+03
4.6 9.016342e+03 9.016704e+03 8.987926e+03 8.987564e+03
5.6 8.992966e+03 9.025901e+03 8.988895e+03 8.955960e+03
6.6 9.067488e+03 9.029744e+03 8.989388e+03 9.027133e+03
7.6 9.045940e+03 8.962204e+03 8.989563e+03 9.073299e+03
8.6 9.167009e+03 8.939961e+03 8.989562e+03 9.216610e+03
9.6 9.114095e+03 9.015806e+03 8.989479e+03 9.087767e+03
10.6 8.977391e+03 8.953341e+03 8.989384e+03 9.013434e+03
11.6 9.010592e+03 8.903364e+03 8.989310e+03 9.096538e+03
12.6 9.105541e+03 8.987451e+03 8.989264e+03 9.107354e+03
13.6 9.048298e+03 8.967543e+03 8.989232e+03 9.069987e+03
14.6 8.994422e+03 8.994658e+03 8.989207e+03 8.988972e+03
