0.5 1.036339e+04 1.035494e+04 1.036157e+04 1.037002e+04
1.5 1.043741e+04 1.030998e+04 1.035015e+04 1.047758e+04
2.5 1.039540e+04 1.032392e+04 1.031635e+04 1.038782e+04
3.5 1.042381e+04 1.030048e+04 1.031231e+04 1.043564e+04
4.5 1.042070e+04 1.033621e+04 1.033227e+04 1.041676e+04
5.5 1.036448e+04 1.030717e+04 1.035018e+04 1.040749e+04
6.5 1.027284e+04 1.027853e+04 1.035966e+04 1.035397e+04
7.5 1.022967e+04 1.025578e+04 1.036363e+04 1.033751e+04
8.5 1.029647e+04 1.035774e+04 1.036432e+04 1.030305e+04
9.5 1.035818e+04 1.034101e+04 1.036331e+04 1.038048e+04
10.5 1.036966e+04 1.035080e+04 1.036178e+04 1.038064e+04
11.5 1.039137e+04 1.032460e+04 1.036048e+04 1.042726e+04
12.5 1.034549e+04 1.031985e+04 1.035958e+04 1.038522e+04
13.5 1.035906e+04 1.042613e+04 1.035901e+04 1.029194e+04
14.5 1.030828e+04 1.036166e+04 1.035867e+04 1.030529e+04
15.5 1.030819e+04 1.036351e+04 1.035843e+04 1.030312e+04
16.5 1.031651e+04 1.037153e+04 1.035826e+04 1.030324e+04
17.5 1.025930e+04 1.035833e+04 1.035812e+04 1.025909e+04
0.1 1.030029e+04 1.041001e+04 1.035689e+04 1.024717e+04
1.1 1.027951e+04 1.035551e+04 1.035385e+04 1.027786e+04
2.1 1.038805e+04 1.040602e+04 1.032753e+04 1.030956e+04
3.1 1.027591e+04 1.034763e+04 1.031552e+04 1.024380e+04
4.1 1.028448e+04 1.034940e+04 1.032965e+04 1.026473e+04
5.1 1.027279e+04 1.036527e+04 1.034547e+04 1.025299e+04
6.1 1.038055e+04 1.034683e+04 1.035493e+04 1.038864e+04
7.1 1.034354e+04 1.031881e+04 1.035941e+04 1.038413e+04
8.1 1.026997e+04 1.031352e+04 1.036073e+04 1.031718e+04
9.1 1.027009e+04 1.034008e+04 1.036037e+04 1.029038e+04
10.1 1.031203e+04 1.034254e+04 1.035942e+04 1.032891e+04
11.1 1.028759e+04 1.033682e+04 1.035851e+04 1.030928e+04
12.1 1.031639e+04 1.027759e+04 1.035789e+04 1.039668e+04
13.1 1.029416e+04 1.025859e+04 1.035757e+04 1.039315e+04
14.1 1.024732e+04 1.029271e+04 1.035745e+04 1.031206e+04
15.1 1.026263e+04 1.033991e+04 1.035744e+04 1.028016e+04
16.1 1.029398e+04 1.032239e+04 1.035749e+04 1.032908e+04
17.1 1.040191e+04 1.037307e+04 1.035756e+04 1.038640e+04
0.3 1.043356e+04 1.035562e+04 1.036187e+04 1.043980e+04
1.3 1.035563e+04 1.035677e+04 1.035623e+04 1.035509e+04
2.3 1.036665e+04 1.033923e+04 1.032322e+04 1.035064e+04
3.3 1.041441e+04 1.039459e+04 1.031137e+04 1.033120e+04
4.3 1.041754e+04 1.032066e+04 1.032992e+04 1.042681e+04
5.3 1.035485e+04 1.036152e+04 1.034936e+04 1.034269e+04
6.3 1.041025e+04 1.037457e+04 1.036076e+04 1.039644e+04
7.3 1.038491e+04 1.034957e+04 1.035328e+04 1.038862e+04
8.3 1.036040e+04 1.036374e+04 1.032778e+04 1.032444e+04
9.3 1.039436e+04 1.034125e+04 1.032957e+04 1.038267e+04
10.3 1.030423e+04 1.035885e+04 1.034594e+04 1.029132e+04
11.3 1.040613e+04 1.031087e+04 1.035844e+04 1.045370e+04
12.3 1.037823e+04 1.031287e+04 1.036501e+04 1.043037e+04
13.3 1.034960e+04 1.031887e+04 1.036753e+04 1.039826e+04
14.3 1.033204e+04 1.033338e+04 1.035928e+04 1.035794e+04
15.3 1.038192e+04 1.033308e+04 1.032501e+04 1.037385e+04
16.3 1.030160e+04 1.027999e+04 1.031595e+04 1.033756e+04
17.3 1.044802e+04 1.033263e+04 1.033476e+04 1.045015e+04
0.5 1.041025e+04 1.037457e+04 1.036076e+04 1.039644e+04
1.5 1.038491e+04 1.034957e+04 1.035328e+04 1.038862e+04
2.5 1.036040e+04 1.036374e+04 1.032778e+04 1.032444e+04
3.5 1.039436e+04 1.034125e+04 1.032957e+04 1.038267e+04
4.5 1.030423e+04 1.035885e+04 1.034594e+04 1.029132e+04
5.5 1.040613e+04 1.031087e+04 1.035844e+04 1.045370e+04
6.5 1.037823e+04 1.031287e+04 1.036501e+04 1.043037e+04
7.5 1.034960e+04 1.031887e+04 1.036753e+04 1.039826e+04
8.5 1.033204e+04 1.033338e+04 1.035928e+04 1.035794e+04
9.5 1.038192e+04 1.033308e+04 1.032501e+04 1.037385e+04
10.5 1.030160e+04 1.027999e+04 1.031595e+04 1.033756e+04
11.5 1.044802e+04 1.033263e+04 1.033476e+04 1.045015e+04
12.5 1.036299e+04 1.030794e+04 1.035285e+04 1.040790e+04
13.5 1.007058e+04 1.032605e+04 1.036339e+04 1.010792e+04
14.5 1.037210e+04 1.032462e+04 1.036794e+04 1.041542e+04
15.5 1.028939e+04 1.035589e+04 1.036910e+04 1.030259e+04
16.5 1.028295e+04 1.033225e+04 1.036842e+04 1.031911e+04
17.5 1.016656e+04 1.021039e+04 1.036717e+04 1.032333e+04
0.4 1.034960e+04 1.031887e+04 1.036753e+04 1.039826e+04
1.4 1.033204e+04 1.033338e+04 1.035928e+04 1.035794e+04
2.4 1.038192e+04 1.033308e+04 1.032501e+04 1.037385e+04
3.4 1.030160e+04 1.027999e+04 1.031595e+04 1.033756e+04
4.4 1.044802e+04 1.033263e+04 1.033476e+04 1.045015e+04
5.4 1.036299e+04 1.030794e+04 1.035285e+04 1.040790e+04
6.4 1.007058e+04 1.032605e+04 1.036339e+04 1.010792e+04
7.4 1.037210e+04 1.032462e+04 1.036794e+04 1.041542e+04
8.4 1.028939e+04 1.035589e+04 1.036910e+04 1.030259e+04
9.4 1.028295e+04 1.033225e+04 1.036842e+04 1.031911e+04
10.4 1.016656e+04 1.021039e+04 1.036717e+04 1.032333e+04
11.4 1.000429e+04 1.015688e+04 1.036602e+04 1.021344e+04
12.4 9.984866e+03 1.008649e+04 1.035993e+04 1.025831e+04
13.4 9.990605e+03 1.016956e+04 1.032414e+04 1.014518e+04
14.4 1.023121e+04 1.029384e+04 1.030188e+04 1.023924e+04
15.4 1.024118e+04 1.031010e+04 1.032007e+04 1.025116e+04
16.4 1.013212e+04 1.031630e+04 1.034520e+04 1.016101e+04
17.4 1.014303e+04 1.029784e+04 1.036049e+04 1.020568e+04
0.2 1.000429e+04 1.015688e+04 1.036602e+04 1.021344e+04
1.2 9.984866e+03 1.008649e+04 1.035993e+04 1.025831e+04
2.2 9.990605e+03 1.016956e+04 1.032414e+04 1.014518e+04
3.2 1.023121e+04 1.029384e+04 1.030188e+04 1.023924e+04
4.2 1.024118e+04 1.031010e+04 1.032007e+04 1.025116e+04
5.2 1.013212e+04 1.031630e+04 1.034520e+04 1.016101e+04
6.2 1.014303e+04 1.029784e+04 1.036049e+04 1.020568e+04
7.2 1.032051e+04 1.034827e+04 1.036713e+04 1.033936e+04
8.2 1.048022e+04 1.035793e+04 1.034788e+04 1.047017e+04
9.2 1.052522e+04 1.037873e+04 1.031604e+04 1.046253e+04
10.2 1.041497e+04 1.035968e+04 1.032132e+04 1.037661e+04
11.2 1.026683e+04 1.033933e+04 1.034252e+04 1.027002e+04
12.2 1.027532e+04 1.027816e+04 1.035808e+04 1.035525e+04
13.2 1.043240e+04 1.037124e+04 1.036617e+04 1.042734e+04
14.2 1.037898e+04 1.042446e+04 1.036912e+04 1.032364e+04
15.2 1.038101e+04 1.041910e+04 1.036924e+04 1.033115e+04
16.2 1.037139e+04 1.038500e+04 1.036803e+04 1.035442e+04
17.2 1.032514e+04 1.040081e+04 1.036658e+04 1.029092e+04
0.8 1.032051e+04 1.034827e+04 1.036713e+04 1.033936e+04
1.8 1.048022e+04 1.035793e+04 1.034788e+04 1.047017e+04
2.8 1.052522e+04 1.037873e+04 1.031604e+04 1.046253e+04
3.8 1.041497e+04 1.035968e+04 1.032132e+04 1.037661e+04
4.8 1.026683e+04 1.033933e+04 1.034252e+04 1.027002e+04
5.8 1.027532e+04 1.027816e+04 1.035808e+04 1.035525e+04
6.8 1.043240e+04 1.037124e+04 1.036617e+04 1.042734e+04
7.8 1.037898e+04 1.042446e+04 1.036912e+04 1.032364e+04
8.8 1.038101e+04 1.041910e+04 1.036924e+04 1.033115e+04
9.8 1.037139e+04 1.038500e+04 1.036803e+04 1.035442e+04
10.8 1.032514e+04 1.040081e+04 1.036658e+04 1.029092e+04
11.8 1.036541e+04 1.039954e+04 1.036542e+04 1.033129e+04
12.8 1.038824e+04 1.040738e+04 1.036470e+04 1.034556e+04
13.8 1.035742e+04 1.040531e+04 1.036429e+04 1.031640e+04
14.8 1.037804e+04 1.042379e+04 1.036408e+04 1.031833e+04
15.8 1.040680e+04 1.042915e+04 1.036396e+04 1.034161e+04
16.8 1.039540e+04 1.031405e+04 1.036388e+04 1.044523e+04
17.8 1.038952e+04 1.027264e+04 1.036382e+04 1.048070e+04
0.8 1.041454e+04 1.035217e+04 1.036240e+04 1.042477e+04
1.8 1.028151e+04 1.034600e+04 1.033938e+04 1.027488e+04
2.8 1.041159e+04 1.037022e+04 1.029540e+04 1.033676e+04
3.8 1.044955e+04 1.034075e+04 1.029363e+04 1.040243e+04
4.8 1.031526e+04 1.036745e+04 1.032308e+04 1.027089e+04
5.8 1.035176e+04 1.036435e+04 1.034908e+04 1.033649e+04
6.8 1.038534e+04 1.038809e+04 1.035920e+04 1.035644e+04
7.8 1.034325e+04 1.040269e+04 1.033377e+04 1.027433e+04
8.8 1.036239e+04 1.035692e+04 1.031425e+04 1.031971e+04
9.8 1.036771e+04 1.034063e+04 1.032895e+04 1.035602e+04
10.8 1.041139e+04 1.036091e+04 1.034926e+04 1.039975e+04
11.8 1.039357e+04 1.033308e+04 1.036119e+04 1.042168e+04
12.8 1.035624e+04 1.030424e+04 1.036658e+04 1.041858e+04
13.8 1.045939e+04 1.031247e+04 1.036810e+04 1.051502e+04
14.8 1.049210e+04 1.040023e+04 1.036744e+04 1.045932e+04
15.8 1.054126e+04 1.042068e+04 1.036595e+04 1.048653e+04
16.8 1.043311e+04 1.040211e+04 1.036454e+04 1.039555e+04
17.8 1.038276e+04 1.038123e+04 1.036354e+04 1.036507e+04
0.1 1.035176e+04 1.036435e+04 1.034908e+04 1.033649e+04
1.1 1.038534e+04 1.038809e+04 1.035920e+04 1.035644e+04
2.1 1.034325e+04 1.040269e+04 1.033377e+04 1.027433e+04
3.1 1.036239e+04 1.035692e+04 1.031425e+04 1.031971e+04
4.1 1.036771e+04 1.034063e+04 1.032895e+04 1.035602e+04
5.1 1.041139e+04 1.036091e+04 1.034926e+04 1.039975e+04
6.1 1.039357e+04 1.033308e+04 1.036119e+04 1.042168e+04
7.1 1.035624e+04 1.030424e+04 1.036658e+04 1.041858e+04
8.1 1.045939e+04 1.031247e+04 1.036810e+04 1.051502e+04
9.1 1.049210e+04 1.040023e+04 1.036744e+04 1.045932e+04
10.1 1.054126e+04 1.042068e+04 1.036595e+04 1.048653e+04
11.1 1.043311e+04 1.040211e+04 1.036454e+04 1.039555e+04
12.1 1.038276e+04 1.038123e+04 1.036354e+04 1.036507e+04
13.1 1.045773e+04 1.039483e+04 1.036291e+04 1.042581e+04
14.1 1.037693e+04 1.044653e+04 1.036258e+04 1.029298e+04
15.1 1.033498e+04 1.040357e+04 1.036240e+04 1.029382e+04
16.1 1.031772e+04 1.036789e+04 1.036230e+04 1.031213e+04
17.1 1.039784e+04 1.036636e+04 1.036224e+04 1.039371e+04
0.2 1.023302e+04 1.032636e+04 1.036167e+04 1.026834e+04
1.2 1.036993e+04 1.031169e+04 1.035579e+04 1.041403e+04
2.2 1.030350e+04 1.028915e+04 1.032240e+04 1.033675e+04
3.2 1.028469e+04 1.027028e+04 1.030781e+04 1.032222e+04
4.2 1.021697e+04 1.035188e+04 1.032597e+04 1.019106e+04
5.2 1.017037e+04 1.034852e+04 1.034647e+04 1.016833e+04
6.2 1.042420e+04 1.034234e+04 1.035895e+04 1.044081e+04
7.2 1.079062e+04 1.031546e+04 1.036448e+04 1.083964e+04
8.2 1.034027e+04 1.030749e+04 1.036304e+04 1.039582e+04
9.2 1.008093e+04 1.027949e+04 1.033272e+04 1.013417e+04
10.2 1.022981e+04 1.028669e+04 1.030969e+04 1.025281e+04
11.2 1.046326e+04 1.036296e+04 1.032325e+04 1.042355e+04
12.2 1.011681e+04 1.033170e+04 1.034386e+04 1.012898e+04
13.2 1.025522e+04 1.032452e+04 1.035730e+04 1.028800e+04
14.2 1.017666e+04 1.028502e+04 1.036352e+04 1.025516e+04
15.2 1.024863e+04 1.034296e+04 1.036553e+04 1.027120e+04
16.2 1.034493e+04 1.032520e+04 1.036516e+04 1.038489e+04
17.2 1.043196e+04 1.039599e+04 1.036381e+04 1.039979e+04
0.1 1.079062e+04 1.031546e+04 1.036448e+04 1.083964e+04
1.1 1.034027e+04 1.030749e+04 1.036304e+04 1.039582e+04
2.1 1.008093e+04 1.027949e+04 1.033272e+04 1.013417e+04
3.1 1.022981e+04 1.028669e+04 1.030969e+04 1.025281e+04
4.1 1.046326e+04 1.036296e+04 1.032325e+04 1.042355e+04
5.1 1.011681e+04 1.033170e+04 1.034386e+04 1.012898e+04
6.1 1.025522e+04 1.032452e+04 1.035730e+04 1.028800e+04
7.1 1.017666e+04 1.028502e+04 1.036352e+04 1.025516e+04
8.1 1.024863e+04 1.034296e+04 1.036553e+04 1.027120e+04
9.1 1.034493e+04 1.032520e+04 1.036516e+04 1.038489e+04
10.1 1.043196e+04 1.039599e+04 1.036381e+04 1.039979e+04
11.1 1.044647e+04 1.064478e+04 1.036241e+04 1.016409e+04
12.1 1.042922e+04 1.052268e+04 1.036139e+04 1.026793e+04
13.1 1.025751e+04 1.032681e+04 1.036076e+04 1.029145e+04
14.1 1.035926e+04 1.038534e+04 1.036039e+04 1.033431e+04
15.1 1.040244e+04 1.040122e+04 1.036018e+04 1.036140e+04
16.1 1.039870e+04 1.039472e+04 1.036004e+04 1.036402e+04
17.1 1.050258e+04 1.040629e+04 1.035994e+04 1.045622e+04
0.9 1.034373e+04 1.029908e+04 1.035740e+04 1.040205e+04
1.9 1.033642e+04 1.032300e+04 1.033367e+04 1.034709e+04
2.9 1.031743e+04 1.034183e+04 1.031591e+04 1.029151e+04
3.9 1.024920e+04 1.031353e+04 1.032776e+04 1.026344e+04
4.9 1.024176e+04 1.034689e+04 1.034471e+04 1.023958e+04
5.9 1.021435e+04 1.033019e+04 1.035562e+04 1.023978e+04
6.9 1.019348e+04 1.032514e+04 1.036065e+04 1.022899e+04
7.9 1.018429e+04 1.037048e+04 1.036229e+04 1.017609e+04
8.9 1.036265e+04 1.043314e+04 1.036200e+04 1.029151e+04
