0.4 1.236484e+04 1.250547e+04 1.245766e+04 1.231703e+04
1.4 1.211243e+04 1.237931e+04 1.245328e+04 1.218640e+04
2.4 1.232666e+04 1.253314e+04 1.243531e+04 1.222884e+04
3.4 1.230415e+04 1.243031e+04 1.242585e+04 1.229969e+04
4.4 1.239145e+04 1.245930e+04 1.243550e+04 1.236765e+04
5.4 1.230240e+04 1.236707e+04 1.244817e+04 1.238349e+04
6.4 1.239353e+04 1.222437e+04 1.245583e+04 1.262499e+04
7.4 1.239404e+04 1.244827e+04 1.245944e+04 1.240521e+04
8.4 1.282464e+04 1.264183e+04 1.246057e+04 1.264338e+04
9.4 1.264522e+04 1.259775e+04 1.246030e+04 1.250778e+04
10.4 1.278647e+04 1.254757e+04 1.245950e+04 1.269840e+04
11.4 1.262507e+04 1.252773e+04 1.245872e+04 1.255606e+04
12.4 1.246348e+04 1.240510e+04 1.245817e+04 1.251655e+04
13.4 1.221978e+04 1.215520e+04 1.245783e+04 1.252241e+04
14.4 1.231773e+04 1.250614e+04 1.245765e+04 1.226924e+04
15.4 1.230659e+04 1.242255e+04 1.245756e+04 1.234160e+04
16.4 1.275155e+04 1.298286e+04 1.245751e+04 1.222619e+04
17.4 1.265311e+04 1.274448e+04 1.245747e+04 1.236610e+04
18.4 1.233287e+04 1.248317e+04 1.245744e+04 1.230714e+04
0.4 1.289148e+04 1.271082e+04 1.245771e+04 1.263837e+04
1.4 1.217845e+04 1.235911e+04 1.245361e+04 1.227296e+04
2.4 1.258747e+04 1.260454e+04 1.243536e+04 1.241829e+04
3.4 1.281629e+04 1.244943e+04 1.242584e+04 1.279269e+04
4.4 1.230238e+04 1.230908e+04 1.243555e+04 1.242886e+04
5.4 1.273901e+04 1.247917e+04 1.244796e+04 1.270780e+04
6.4 1.264823e+04 1.264575e+04 1.245574e+04 1.245822e+04
7.4 1.270038e+04 1.268692e+04 1.245949e+04 1.247295e+04
8.4 1.260210e+04 1.261477e+04 1.246061e+04 1.244794e+04
9.4 1.279142e+04 1.262940e+04 1.246035e+04 1.262236e+04
10.4 1.265989e+04 1.236724e+04 1.245956e+04 1.275221e+04
11.4 1.259977e+04 1.242910e+04 1.245878e+04 1.262945e+04
12.4 1.192345e+04 1.205939e+04 1.245820e+04 1.232225e+04
13.4 1.207975e+04 1.240400e+04 1.245786e+04 1.213361e+04
14.4 1.269121e+04 1.271475e+04 1.245767e+04 1.243414e+04
15.4 1.266822e+04 1.270282e+04 1.245757e+04 1.242297e+04
16.4 1.258412e+04 1.258586e+04 1.245751e+04 1.245577e+04
17.4 1.205698e+04 1.233890e+04 1.245746e+04 1.217554e+04
18.4 1.276271e+04 1.231765e+04 1.245742e+04 1.290248e+04
