0.6 1.162794e+03 1.140265e+03 1.183430e+03 1.205958e+03
1.6 1.157855e+03 1.288290e+03 1.261642e+03 1.131207e+03
2.6 1.349398e+03 1.314874e+03 1.362026e+03 1.396551e+03
3.6 1.248350e+03 1.230050e+03 1.327809e+03 1.346108e+03
4.6 9.590094e+02 1.126734e+03 1.253210e+03 1.085485e+03
5.6 1.038910e+03 1.104370e+03 1.202251e+03 1.136790e+03
6.6 1.144304e+03 1.219695e+03 1.176230e+03 1.100840e+03
7.6 1.081896e+03 1.213787e+03 1.166806e+03 1.034915e+03
8.6 1.290143e+03 1.213553e+03 1.166508e+03 1.243097e+03
9.6 1.065549e+03 1.262153e+03 1.170326e+03 9.737222e+02
10.6 1.251956e+03 1.329115e+03 1.174731e+03 1.097572e+03
11.6 1.185483e+03 1.217112e+03 1.178140e+03 1.146511e+03
12.6 1.063983e+03 1.201484e+03 1.180126e+03 1.042625e+03
13.6 1.121269e+03 1.128033e+03 1.181162e+03 1.174398e+03
14.6 1.070132e+03 1.090532e+03 1.181614e+03 1.161215e+03
15.6 1.056112e+03 1.152650e+03 1.181797e+03 1.085259e+03
16.6 1.108101e+03 1.024280e+03 1.181862e+03 1.265683e+03
17.6 1.032292e+03 1.061741e+03 1.181878e+03 1.152428e+03
0.3 1.325918e+03 1.159563e+03 1.179707e+03 1.346062e+03
1.3 1.368829e+03 1.050854e+03 1.223190e+03 1.541165e+03
2.3 1.165906e+03 1.218730e+03 1.346499e+03 1.293676e+03
3.3 1.578115e+03 1.208265e+03 1.343376e+03 1.713226e+03
4.3 1.426018e+03 1.185198e+03 1.269434e+03 1.510254e+03
5.3 1.714098e+03 1.485851e+03 1.209253e+03 1.437500e+03
6.3 1.836470e+03 1.304973e+03 1.178207e+03 1.709704e+03
7.3 1.423099e+03 1.323879e+03 1.165048e+03 1.264268e+03
8.3 1.416725e+03 1.389355e+03 1.162899e+03 1.190269e+03
9.3 1.262133e+03 1.210225e+03 1.165996e+03 1.217903e+03
10.3 8.759313e+02 1.198352e+03 1.170556e+03 8.481349e+02
11.3 9.916132e+02 1.187789e+03 1.174218e+03 9.780425e+02
12.3 9.118834e+02 1.159464e+03 1.176590e+03 9.290095e+02
13.3 1.177911e+03 1.252680e+03 1.177789e+03 1.103020e+03
14.3 1.089885e+03 9.903687e+02 1.178329e+03 1.277845e+03
15.3 1.095429e+03 1.116726e+03 1.178548e+03 1.157251e+03
16.3 1.102401e+03 1.267952e+03 1.178623e+03 1.013072e+03
17.3 1.113245e+03 1.062122e+03 1.178649e+03 1.229772e+03
0.9 1.084982e+03 1.348253e+03 1.188144e+03 9.248740e+02
1.9 1.147062e+03 1.282531e+03 1.299702e+03 1.164233e+03
2.9 1.101158e+03 1.235540e+03 1.360797e+03 1.226415e+03
3.9 1.214385e+03 1.212773e+03 1.302119e+03 1.303732e+03
4.9 1.082053e+03 1.113611e+03 1.230698e+03 1.199140e+03
5.9 1.047785e+03 1.193511e+03 1.189118e+03 1.043392e+03
6.9 1.322126e+03 1.259164e+03 1.169696e+03 1.232658e+03
7.9 1.479698e+03 1.331316e+03 1.163653e+03 1.312034e+03
8.9 1.128035e+03 1.230683e+03 1.165213e+03 1.062566e+03
9.9 1.283478e+03 1.146382e+03 1.169690e+03 1.306787e+03
10.9 1.338435e+03 1.124596e+03 1.173936e+03 1.387775e+03
11.9 1.178926e+03 1.170284e+03 1.176931e+03 1.185573e+03
12.9 1.233906e+03 1.235602e+03 1.178707e+03 1.177011e+03
13.9 1.412772e+03 1.243459e+03 1.179584e+03 1.348897e+03
14.9 1.143452e+03 1.157978e+03 1.179999e+03 1.165473e+03
15.9 1.395427e+03 1.132301e+03 1.180177e+03 1.443303e+03
16.9 1.127807e+03 1.070952e+03 1.180256e+03 1.237110e+03
17.9 1.278573e+03 1.150643e+03 1.180290e+03 1.308220e+03
0.3 1.434863e+03 1.167818e+03 1.171606e+03 1.438651e+03
1.3 1.505756e+03 1.252447e+03 1.209120e+03 1.462429e+03
2.3 1.521857e+03 1.320236e+03 1.333899e+03 1.535520e+03
3.3 1.357265e+03 1.240940e+03 1.337041e+03 1.453365e+03
4.3 9.522247e+02 1.174786e+03 1.263500e+03 1.040938e+03
5.3 1.098659e+03 1.100106e+03 1.201449e+03 1.200001e+03
6.3 1.275097e+03 1.106638e+03 1.168856e+03 1.337315e+03
7.3 1.372565e+03 1.124739e+03 1.154597e+03 1.402423e+03
8.3 1.439858e+03 1.201558e+03 1.151675e+03 1.389975e+03
9.3 1.359282e+03 1.165749e+03 1.154237e+03 1.347770e+03
10.3 1.197048e+03 1.108688e+03 1.158424e+03 1.246784e+03
11.3 8.511127e+02 1.068953e+03 1.161785e+03 9.439448e+02
12.3 1.249979e+03 1.112161e+03 1.163876e+03 1.301694e+03
13.3 1.267103e+03 1.066819e+03 1.164808e+03 1.365092e+03
14.3 1.323551e+03 1.213053e+03 1.179332e+03 1.289829e+03
15.3 1.267759e+03 1.294863e+03 1.300900e+03 1.273796e+03
16.3 1.132880e+03 1.283106e+03 1.343771e+03 1.193545e+03
17.3 1.019682e+03 1.194914e+03 1.277437e+03 1.102206e+03
1.0 1.323551e+03 1.213053e+03 1.179332e+03 1.289829e+03
2.0 1.267759e+03 1.294863e+03 1.300900e+03 1.273796e+03
3.0 1.132880e+03 1.283106e+03 1.343771e+03 1.193545e+03
4.0 1.019682e+03 1.194914e+03 1.277437e+03 1.102206e+03
5.0 1.189178e+03 1.221745e+03 1.210004e+03 1.177438e+03
6.0 8.283425e+02 1.273541e+03 1.170817e+03 7.256190e+02
7.0 1.172141e+03 1.241387e+03 1.152565e+03 1.083319e+03
8.0 1.182740e+03 1.244545e+03 1.147564e+03 1.085760e+03
9.0 1.326745e+03 1.328008e+03 1.149508e+03 1.148245e+03
10.0 1.064067e+03 1.302425e+03 1.153841e+03 9.154829e+02
11.0 1.293227e+03 1.156077e+03 1.157775e+03 1.294925e+03
12.0 9.760252e+02 1.156303e+03 1.160443e+03 9.801644e+02
