0.6 1.982564e+03 2.060860e+03 2.150250e+03 2.071954e+03
1.6 1.515863e+03 2.063682e+03 2.159695e+03 1.611876e+03
2.6 1.663634e+03 2.170069e+03 2.171817e+03 1.665382e+03
3.6 1.923811e+03 2.123158e+03 2.167685e+03 1.968337e+03
4.6 1.244510e+03 1.929480e+03 2.158676e+03 1.473707e+03
5.6 2.406738e+03 1.970803e+03 2.152523e+03 2.588458e+03
6.6 2.332739e+03 2.251111e+03 2.149381e+03 2.231008e+03
7.6 2.339789e+03 2.239372e+03 2.148243e+03 2.248659e+03
8.6 1.531394e+03 2.262443e+03 2.148207e+03 1.417158e+03
9.6 1.808099e+03 2.462175e+03 2.148668e+03 1.494591e+03
10.6 1.863308e+03 2.772532e+03 2.149200e+03 1.239976e+03
11.6 2.408924e+03 2.155896e+03 2.149611e+03 2.402640e+03
12.6 1.617392e+03 2.028086e+03 2.149851e+03 1.739157e+03
13.6 2.445711e+03 2.093957e+03 2.149976e+03 2.501731e+03
14.6 4.233332e+03 2.356005e+03 2.150031e+03 4.027358e+03
15.6 2.277746e+03 1.679914e+03 2.150053e+03 2.747885e+03
16.6 2.260264e+03 2.382293e+03 2.150061e+03 2.028032e+03
17.6 1.429816e+03 2.157961e+03 2.150063e+03 1.421918e+03
0.3 1.843828e+03 1.954842e+03 2.149801e+03 2.038787e+03
1.3 1.379912e+03 1.957957e+03 2.155051e+03 1.577006e+03
2.3 2.349330e+03 1.943802e+03 2.169942e+03 2.575470e+03
3.3 1.813701e+03 2.008587e+03 2.169565e+03 1.974679e+03
4.3 2.883461e+03 2.131071e+03 2.160636e+03 2.913026e+03
5.3 1.882373e+03 1.937514e+03 2.153368e+03 2.098228e+03
6.3 2.502792e+03 1.980715e+03 2.149620e+03 2.671696e+03
7.3 1.865964e+03 2.260444e+03 2.148030e+03 1.753551e+03
8.3 1.341008e+03 2.278781e+03 2.147771e+03 1.209998e+03
9.3 2.987854e+03 2.377498e+03 2.148145e+03 2.758501e+03
10.3 1.517610e+03 2.277508e+03 2.148696e+03 1.388797e+03
11.3 2.846590e+03 2.319134e+03 2.149138e+03 2.676594e+03
12.3 2.136758e+03 2.292651e+03 2.149424e+03 1.993531e+03
13.3 3.281136e+03 2.511831e+03 2.149569e+03 2.918874e+03
14.3 3.156842e+03 2.418079e+03 2.149634e+03 2.888398e+03
15.3 2.130440e+03 2.425284e+03 2.149661e+03 1.854816e+03
16.3 2.551648e+03 2.603367e+03 2.149670e+03 2.097951e+03
17.3 2.146781e+03 1.965808e+03 2.149673e+03 2.330645e+03
0.9 2.110818e+03 1.927605e+03 2.150819e+03 2.334032e+03
1.9 2.468907e+03 1.962309e+03 2.164291e+03 2.670888e+03
2.9 1.910338e+03 1.927758e+03 2.171668e+03 2.154249e+03
3.9 1.522889e+03 2.103742e+03 2.164583e+03 1.583730e+03
4.9 2.766539e+03 2.075613e+03 2.155958e+03 2.846883e+03
5.9 1.281476e+03 2.172568e+03 2.150937e+03 1.259846e+03
6.9 2.128918e+03 2.266243e+03 2.148592e+03 2.011267e+03
7.9 1.857691e+03 2.155665e+03 2.147862e+03 1.849889e+03
8.9 2.205953e+03 2.233120e+03 2.148050e+03 2.120883e+03
9.9 1.849874e+03 2.168236e+03 2.148591e+03 1.830229e+03
10.9 3.004573e+03 2.316975e+03 2.149104e+03 2.836703e+03
11.9 2.179473e+03 2.495364e+03 2.149465e+03 1.833575e+03
12.9 1.439126e+03 2.261951e+03 2.149680e+03 1.326854e+03
13.9 1.417260e+03 2.149895e+03 2.149786e+03 1.417151e+03
14.9 2.244944e+03 2.292309e+03 2.149836e+03 2.102471e+03
15.9 1.805930e+03 2.479876e+03 2.149857e+03 1.475911e+03
16.9 3.211815e+03 2.541347e+03 2.149867e+03 2.820335e+03
17.9 2.567159e+03 2.639354e+03 2.149871e+03 2.077676e+03
0.3 2.859350e+03 1.978719e+03 2.148822e+03 3.029454e+03
1.3 2.965972e+03 1.895316e+03 2.153352e+03 3.224009e+03
2.3 2.641063e+03 2.132167e+03 2.168420e+03 2.677316e+03
3.3 1.755419e+03 2.090781e+03 2.168799e+03 1.833438e+03
4.3 1.720483e+03 2.128228e+03 2.159919e+03 1.752173e+03
5.3 1.155647e+03 2.003948e+03 2.152426e+03 1.304125e+03
6.3 1.296597e+03 2.132794e+03 2.148490e+03 1.312294e+03
7.3 2.536563e+03 2.022045e+03 2.146768e+03 2.661286e+03
8.3 2.096924e+03 2.128040e+03 2.146416e+03 2.115299e+03
9.3 2.243117e+03 1.995204e+03 2.146725e+03 2.394638e+03
10.3 2.246366e+03 2.067280e+03 2.147231e+03 2.326317e+03
11.3 3.243851e+03 2.001811e+03 2.147636e+03 3.389677e+03
12.3 1.983426e+03 2.239603e+03 2.147889e+03 1.891712e+03
13.3 2.762987e+03 2.379682e+03 2.148001e+03 2.531306e+03
14.3 1.133655e+03 1.699461e+03 2.149755e+03 1.583949e+03
15.3 2.180851e+03 2.107571e+03 2.164435e+03 2.237715e+03
16.3 2.611177e+03 2.187309e+03 2.169612e+03 2.593480e+03
17.3 1.794408e+03 2.147300e+03 2.161602e+03 1.808710e+03
1.0 1.133655e+03 1.699461e+03 2.149755e+03 1.583949e+03
2.0 2.180851e+03 2.107571e+03 2.164435e+03 2.237715e+03
3.0 2.611177e+03 2.187309e+03 2.169612e+03 2.593480e+03
4.0 1.794408e+03 2.147300e+03 2.161602e+03 1.808710e+03
5.0 1.974568e+03 2.189540e+03 2.153459e+03 1.938487e+03
6.0 1.841280e+03 2.117877e+03 2.148727e+03 1.872130e+03
7.0 1.706008e+03 1.882935e+03 2.146523e+03 1.969596e+03
8.0 1.640836e+03 2.226701e+03 2.145919e+03 1.560054e+03
9.0 1.808178e+03 2.448765e+03 2.146154e+03 1.505567e+03
10.0 1.800382e+03 2.218849e+03 2.146677e+03 1.728210e+03
11.0 2.237555e+03 2.298293e+03 2.147152e+03 2.086414e+03
12.0 2.416578e+03 2.667479e+03 2.147474e+03 1.896573e+03
