1.0 1.234638e+04 1.205281e+04 1.212317e+04 1.241674e+04
2.0 1.190816e+04 1.211314e+04 1.214980e+04 1.194481e+04
3.0 1.172942e+04 1.214129e+04 1.217579e+04 1.176393e+04
4.0 1.181578e+04 1.214837e+04 1.216481e+04 1.183222e+04
5.0 1.194372e+04 1.205905e+04 1.214166e+04 1.202634e+04
6.0 1.221173e+04 1.213077e+04 1.212615e+04 1.220711e+04
7.0 1.190519e+04 1.203755e+04 1.211820e+04 1.198583e+04
8.0 1.232021e+04 1.211565e+04 1.211534e+04 1.231990e+04
9.0 1.227900e+04 1.220450e+04 1.211522e+04 1.218972e+04
10.0 1.249325e+04 1.220606e+04 1.211636e+04 1.240355e+04
11.0 1.200605e+04 1.221310e+04 1.211763e+04 1.191058e+04
12.0 1.219543e+04 1.215222e+04 1.211915e+04 1.216236e+04
13.0 1.187240e+04 1.208937e+04 1.213765e+04 1.192068e+04
14.0 1.221579e+04 1.210594e+04 1.216638e+04 1.227623e+04
15.0 1.233387e+04 1.211334e+04 1.216163e+04 1.238216e+04
16.0 1.216054e+04 1.222199e+04 1.214155e+04 1.208010e+04
17.0 1.197557e+04 1.233156e+04 1.212617e+04 1.177017e+04
18.0 1.169252e+04 1.222292e+04 1.211839e+04 1.158800e+04
0.8 1.219543e+04 1.215222e+04 1.211915e+04 1.216236e+04
1.8 1.187240e+04 1.208937e+04 1.213765e+04 1.192068e+04
2.8 1.221579e+04 1.210594e+04 1.216638e+04 1.227623e+04
3.8 1.233387e+04 1.211334e+04 1.216163e+04 1.238216e+04
4.8 1.216054e+04 1.222199e+04 1.214155e+04 1.208010e+04
5.8 1.197557e+04 1.233156e+04 1.212617e+04 1.177017e+04
6.8 1.169252e+04 1.222292e+04 1.211839e+04 1.158800e+04
7.8 1.211140e+04 1.207436e+04 1.211528e+04 1.215232e+04
8.8 1.225313e+04 1.219281e+04 1.211489e+04 1.217520e+04
9.8 1.215798e+04 1.206127e+04 1.211580e+04 1.221251e+04
10.8 1.204652e+04 1.205049e+04 1.211701e+04 1.211305e+04
11.8 1.186567e+04 1.206699e+04 1.211794e+04 1.191662e+04
12.8 1.209955e+04 1.174813e+04 1.211852e+04 1.246994e+04
13.8 1.123129e+04 1.174363e+04 1.211882e+04 1.160648e+04
14.8 1.237235e+04 1.229619e+04 1.211894e+04 1.219510e+04
15.8 1.217610e+04 1.205002e+04 1.211897e+04 1.224504e+04
16.8 1.242768e+04 1.230814e+04 1.211897e+04 1.223851e+04
17.8 1.232415e+04 1.229298e+04 1.211896e+04 1.215012e+04
0.6 1.213233e+04 1.217802e+04 1.211908e+04 1.207338e+04
1.6 1.220090e+04 1.204423e+04 1.213267e+04 1.228933e+04
2.6 1.227870e+04 1.207818e+04 1.216129e+04 1.236181e+04
3.6 1.227539e+04 1.210018e+04 1.216047e+04 1.233568e+04
4.6 1.207949e+04 1.210274e+04 1.214156e+04 1.211831e+04
5.6 1.202385e+04 1.199232e+04 1.212864e+04 1.216017e+04
6.6 1.206791e+04 1.211401e+04 1.214580e+04 1.209970e+04
7.6 1.198662e+04 1.215151e+04 1.216461e+04 1.199973e+04
8.6 1.207605e+04 1.210517e+04 1.215290e+04 1.212378e+04
9.6 1.188700e+04 1.218581e+04 1.213347e+04 1.183466e+04
10.6 1.227866e+04 1.244259e+04 1.212156e+04 1.195762e+04
11.6 1.245756e+04 1.214394e+04 1.211601e+04 1.242963e+04
12.6 1.138678e+04 1.212946e+04 1.211442e+04 1.137174e+04
13.6 1.190940e+04 1.212875e+04 1.211488e+04 1.189554e+04
14.6 1.203985e+04 1.217331e+04 1.211621e+04 1.198275e+04
15.6 1.212300e+04 1.214210e+04 1.211752e+04 1.209841e+04
16.6 1.196365e+04 1.215310e+04 1.211850e+04 1.192906e+04
17.6 1.215889e+04 1.220667e+04 1.211909e+04 1.207131e+04
1.0 1.202385e+04 1.199232e+04 1.212864e+04 1.216017e+04
2.0 1.206791e+04 1.211401e+04 1.214580e+04 1.209970e+04
3.0 1.198662e+04 1.215151e+04 1.216461e+04 1.199973e+04
4.0 1.207605e+04 1.210517e+04 1.215290e+04 1.212378e+04
5.0 1.188700e+04 1.218581e+04 1.213347e+04 1.183466e+04
6.0 1.227866e+04 1.244259e+04 1.212156e+04 1.195762e+04
7.0 1.245756e+04 1.214394e+04 1.211601e+04 1.242963e+04
8.0 1.138678e+04 1.212946e+04 1.211442e+04 1.137174e+04
9.0 1.190940e+04 1.212875e+04 1.211488e+04 1.189554e+04
10.0 1.203985e+04 1.217331e+04 1.211621e+04 1.198275e+04
11.0 1.212300e+04 1.214210e+04 1.211752e+04 1.209841e+04
12.0 1.196365e+04 1.215310e+04 1.211850e+04 1.192906e+04
13.0 1.215889e+04 1.220667e+04 1.211909e+04 1.207131e+04
14.0 1.191782e+04 1.226057e+04 1.211942e+04 1.177667e+04
15.0 1.225172e+04 1.230326e+04 1.211960e+04 1.206807e+04
16.0 1.183938e+04 1.219663e+04 1.211971e+04 1.176246e+04
17.0 1.186944e+04 1.213342e+04 1.211981e+04 1.185583e+04
18.0 1.188387e+04 1.210833e+04 1.212897e+04 1.190451e+04
0.4 1.186944e+04 1.213342e+04 1.211981e+04 1.185583e+04
1.4 1.188387e+04 1.210833e+04 1.212897e+04 1.190451e+04
2.4 1.234945e+04 1.211880e+04 1.216278e+04 1.239342e+04
3.4 1.253884e+04 1.220562e+04 1.217285e+04 1.250606e+04
4.4 1.213651e+04 1.209439e+04 1.215339e+04 1.219551e+04
5.4 1.190484e+04 1.208198e+04 1.213308e+04 1.195595e+04
6.4 1.219534e+04 1.239591e+04 1.212168e+04 1.192111e+04
7.4 1.219216e+04 1.215780e+04 1.211657e+04 1.215093e+04
8.4 1.200442e+04 1.198128e+04 1.211523e+04 1.213837e+04
9.4 1.186603e+04 1.212365e+04 1.211594e+04 1.185832e+04
10.4 1.182351e+04 1.214700e+04 1.211735e+04 1.179385e+04
11.4 1.218500e+04 1.231695e+04 1.211859e+04 1.198664e+04
12.4 1.202586e+04 1.231972e+04 1.211945e+04 1.182559e+04
13.4 1.200986e+04 1.209787e+04 1.211995e+04 1.203195e+04
14.4 1.223030e+04 1.214000e+04 1.212020e+04 1.221049e+04
15.4 1.207414e+04 1.207602e+04 1.212031e+04 1.211843e+04
16.4 1.211055e+04 1.209743e+04 1.212036e+04 1.213347e+04
17.4 1.255606e+04 1.211077e+04 1.212038e+04 1.256567e+04
0.2 1.231098e+04 1.218861e+04 1.211936e+04 1.224173e+04
1.2 1.137369e+04 1.183652e+04 1.212316e+04 1.166033e+04
2.2 1.219502e+04 1.208865e+04 1.215507e+04 1.226144e+04
3.2 1.233179e+04 1.218930e+04 1.218403e+04 1.232652e+04
4.2 1.201112e+04 1.216343e+04 1.217066e+04 1.201835e+04
5.2 1.214056e+04 1.215907e+04 1.214415e+04 1.212564e+04
6.2 1.175217e+04 1.183647e+04 1.212664e+04 1.204233e+04
7.2 1.213225e+04 1.201329e+04 1.213855e+04 1.225751e+04
8.2 1.220900e+04 1.212634e+04 1.216461e+04 1.224727e+04
9.2 1.213055e+04 1.217151e+04 1.215792e+04 1.211696e+04
10.2 1.230417e+04 1.232388e+04 1.213751e+04 1.211780e+04
11.2 1.224100e+04 1.238453e+04 1.212301e+04 1.197949e+04
12.2 1.195756e+04 1.225925e+04 1.211575e+04 1.181406e+04
13.2 1.193222e+04 1.221409e+04 1.211324e+04 1.183136e+04
14.2 1.199713e+04 1.227584e+04 1.211328e+04 1.183457e+04
15.2 1.222232e+04 1.218484e+04 1.211447e+04 1.215195e+04
16.2 1.211706e+04 1.208094e+04 1.211582e+04 1.215193e+04
17.2 1.195686e+04 1.207167e+04 1.211686e+04 1.200205e+04
0.9 1.175217e+04 1.183647e+04 1.212664e+04 1.204233e+04
1.9 1.213225e+04 1.201329e+04 1.213855e+04 1.225751e+04
2.9 1.220900e+04 1.212634e+04 1.216461e+04 1.224727e+04
3.9 1.213055e+04 1.217151e+04 1.215792e+04 1.211696e+04
4.9 1.230417e+04 1.232388e+04 1.213751e+04 1.211780e+04
5.9 1.224100e+04 1.238453e+04 1.212301e+04 1.197949e+04
6.9 1.195756e+04 1.225925e+04 1.211575e+04 1.181406e+04
7.9 1.193222e+04 1.221409e+04 1.211324e+04 1.183136e+04
8.9 1.199713e+04 1.227584e+04 1.211328e+04 1.183457e+04
9.9 1.222232e+04 1.218484e+04 1.211447e+04 1.215195e+04
10.9 1.211706e+04 1.208094e+04 1.211582e+04 1.215193e+04
11.9 1.195686e+04 1.207167e+04 1.211686e+04 1.200205e+04
12.9 1.197252e+04 1.207650e+04 1.211745e+04 1.201347e+04
13.9 1.217885e+04 1.233475e+04 1.211775e+04 1.196185e+04
14.9 1.224077e+04 1.245138e+04 1.211786e+04 1.190725e+04
15.9 1.225632e+04 1.232207e+04 1.211788e+04 1.205213e+04
16.9 1.240940e+04 1.229815e+04 1.211787e+04 1.222911e+04
17.9 1.216231e+04 1.211168e+04 1.211783e+04 1.216846e+04
0.1 1.223877e+04 1.212480e+04 1.211768e+04 1.223165e+04
1.1 1.155685e+04 1.198836e+04 1.212008e+04 1.168856e+04
2.1 1.208214e+04 1.185086e+04 1.214679e+04 1.237807e+04
3.1 1.204900e+04 1.215341e+04 1.216804e+04 1.206363e+04
4.1 1.209947e+04 1.220788e+04 1.215530e+04 1.204689e+04
5.1 1.199394e+04 1.201367e+04 1.213525e+04 1.211552e+04
6.1 1.206550e+04 1.192542e+04 1.212252e+04 1.226260e+04
7.1 1.178091e+04 1.194460e+04 1.213286e+04 1.196917e+04
8.1 1.171657e+04 1.205921e+04 1.216955e+04 1.182691e+04
9.1 1.173809e+04 1.213499e+04 1.217583e+04 1.177893e+04
10.1 1.211923e+04 1.208214e+04 1.215246e+04 1.218955e+04
11.1 1.227034e+04 1.211820e+04 1.213389e+04 1.228603e+04
12.1 1.191004e+04 1.209962e+04 1.214944e+04 1.195985e+04
13.1 1.234809e+04 1.222590e+04 1.216147e+04 1.228366e+04
14.1 1.216480e+04 1.208510e+04 1.214618e+04 1.222588e+04
15.1 1.224052e+04 1.219613e+04 1.212857e+04 1.217296e+04
16.1 1.197241e+04 1.185476e+04 1.211863e+04 1.223627e+04
17.1 1.236458e+04 1.225896e+04 1.211456e+04 1.222018e+04
0.7 1.206550e+04 1.192542e+04 1.212252e+04 1.226260e+04
1.7 1.178091e+04 1.194460e+04 1.213286e+04 1.196917e+04
2.7 1.171657e+04 1.205921e+04 1.216955e+04 1.182691e+04
3.7 1.173809e+04 1.213499e+04 1.217583e+04 1.177893e+04
4.7 1.211923e+04 1.208214e+04 1.215246e+04 1.218955e+04
5.7 1.227034e+04 1.211820e+04 1.213389e+04 1.228603e+04
6.7 1.191004e+04 1.209962e+04 1.214944e+04 1.195985e+04
7.7 1.234809e+04 1.222590e+04 1.216147e+04 1.228366e+04
8.7 1.216480e+04 1.208510e+04 1.214618e+04 1.222588e+04
9.7 1.224052e+04 1.219613e+04 1.212857e+04 1.217296e+04
10.7 1.197241e+04 1.185476e+04 1.211863e+04 1.223627e+04
11.7 1.236458e+04 1.225896e+04 1.211456e+04 1.222018e+04
12.7 1.249233e+04 1.218995e+04 1.211388e+04 1.241626e+04
13.7 1.227458e+04 1.220823e+04 1.211489e+04 1.218123e+04
14.7 1.215651e+04 1.213881e+04 1.211643e+04 1.213413e+04
15.7 1.192275e+04 1.204211e+04 1.211783e+04 1.199847e+04
16.7 1.233869e+04 1.200423e+04 1.211888e+04 1.245333e+04
17.7 1.219854e+04 1.196878e+04 1.211953e+04 1.234929e+04
0.1 1.211923e+04 1.208214e+04 1.215246e+04 1.218955e+04
1.1 1.227034e+04 1.211820e+04 1.213389e+04 1.228603e+04
2.1 1.191004e+04 1.209962e+04 1.214944e+04 1.195985e+04
3.1 1.234809e+04 1.222590e+04 1.216147e+04 1.228366e+04
4.1 1.216480e+04 1.208510e+04 1.214618e+04 1.222588e+04
5.1 1.224052e+04 1.219613e+04 1.212857e+04 1.217296e+04
6.1 1.197241e+04 1.185476e+04 1.211863e+04 1.223627e+04
7.1 1.236458e+04 1.225896e+04 1.211456e+04 1.222018e+04
8.1 1.249233e+04 1.218995e+04 1.211388e+04 1.241626e+04
9.1 1.227458e+04 1.220823e+04 1.211489e+04 1.218123e+04
10.1 1.215651e+04 1.213881e+04 1.211643e+04 1.213413e+04
11.1 1.192275e+04 1.204211e+04 1.211783e+04 1.199847e+04
12.1 1.233869e+04 1.200423e+04 1.211888e+04 1.245333e+04
13.1 1.219854e+04 1.196878e+04 1.211953e+04 1.234929e+04
14.1 1.235341e+04 1.193196e+04 1.211996e+04 1.254141e+04
15.1 1.222715e+04 1.211350e+04 1.212025e+04 1.223390e+04
16.1 1.222501e+04 1.207977e+04 1.212047e+04 1.226571e+04
17.1 1.176568e+04 1.135952e+04 1.212068e+04 1.252684e+04
0.3 1.229500e+04 1.201962e+04 1.212340e+04 1.239878e+04
1.3 1.212943e+04 1.214561e+04 1.212897e+04 1.211280e+04
2.3 1.267697e+04 1.209848e+04 1.214609e+04 1.272457e+04
3.3 1.247260e+04 1.212529e+04 1.214656e+04 1.249388e+04
4.3 1.266396e+04 1.219252e+04 1.213658e+04 1.260802e+04
5.3 1.285602e+04 1.228879e+04 1.212872e+04 1.269595e+04
6.3 1.276818e+04 1.237087e+04 1.212460e+04 1.252191e+04
7.3 1.257627e+04 1.215016e+04 1.212295e+04 1.254906e+04
8.3 1.258012e+04 1.210233e+04 1.212281e+04 1.260061e+04
9.3 1.243189e+04 1.218224e+04 1.212342e+04 1.237307e+04
10.3 1.228133e+04 1.221935e+04 1.212422e+04 1.218620e+04
11.3 1.203548e+04 1.219962e+04 1.212493e+04 1.196079e+04
12.3 1.198320e+04 1.208905e+04 1.212545e+04 1.201960e+04
13.3 1.153827e+04 1.208025e+04 1.212582e+04 1.158384e+04
14.3 1.183429e+04 1.215911e+04 1.212609e+04 1.180128e+04
15.3 1.190695e+04 1.213028e+04 1.212631e+04 1.190298e+04
16.3 1.170391e+04 1.206328e+04 1.212651e+04 1.176714e+04
17.3 1.177888e+04 1.199417e+04 1.212669e+04 1.191140e+04
