1.0 1.122997e+04 1.133343e+04 1.133119e+04 1.122774e+04
2.0 1.126856e+04 1.130370e+04 1.132602e+04 1.129088e+04
3.0 1.123132e+04 1.128025e+04 1.131686e+04 1.126793e+04
4.0 1.125375e+04 1.115813e+04 1.131022e+04 1.140585e+04
5.0 1.106258e+04 1.114446e+04 1.130709e+04 1.122520e+04
6.0 1.127025e+04 1.127594e+04 1.130634e+04 1.130064e+04
7.0 1.135081e+04 1.133968e+04 1.130669e+04 1.131781e+04
8.0 1.126449e+04 1.127574e+04 1.130744e+04 1.129618e+04
9.0 1.123787e+04 1.129125e+04 1.130813e+04 1.125475e+04
10.0 1.129652e+04 1.136788e+04 1.130864e+04 1.123728e+04
11.0 1.144050e+04 1.141724e+04 1.130891e+04 1.133217e+04
12.0 1.129335e+04 1.129601e+04 1.130902e+04 1.130636e+04
13.0 1.127718e+04 1.128081e+04 1.130905e+04 1.130541e+04
14.0 1.131297e+04 1.129780e+04 1.130902e+04 1.132419e+04
15.0 1.125763e+04 1.127058e+04 1.130898e+04 1.129603e+04
16.0 1.134443e+04 1.130890e+04 1.130892e+04 1.134445e+04
17.0 1.128525e+04 1.125976e+04 1.130886e+04 1.133435e+04
18.0 1.126114e+04 1.125219e+04 1.131056e+04 1.131950e+04
19.0 1.129253e+04 1.126720e+04 1.131800e+04 1.134334e+04
20.0 1.137878e+04 1.133181e+04 1.132658e+04 1.137356e+04
21.0 1.134644e+04 1.132627e+04 1.133151e+04 1.135169e+04
22.0 1.132404e+04 1.133099e+04 1.133334e+04 1.132639e+04
23.0 1.135241e+04 1.133830e+04 1.133341e+04 1.134752e+04
24.0 1.130789e+04 1.134273e+04 1.133271e+04 1.129787e+04
25.0 1.136807e+04 1.135548e+04 1.133182e+04 1.134441e+04
26.0 1.134414e+04 1.133726e+04 1.133108e+04 1.133796e+04
27.0 1.134755e+04 1.135874e+04 1.133056e+04 1.131937e+04
28.0 1.136457e+04 1.134456e+04 1.133022e+04 1.135023e+04
29.0 1.136206e+04 1.134385e+04 1.133003e+04 1.134824e+04
30.0 1.128896e+04 1.133430e+04 1.132990e+04 1.128456e+04
31.0 1.129746e+04 1.132483e+04 1.132981e+04 1.130244e+04
32.0 1.126722e+04 1.132740e+04 1.132973e+04 1.126955e+04
33.0 1.139255e+04 1.131208e+04 1.132966e+04 1.141013e+04
34.0 1.130436e+04 1.128409e+04 1.132959e+04 1.134986e+04
