1.0 5.358837e+03 5.346387e+03 5.406143e+03 5.418593e+03
2.0 5.358380e+03 5.350483e+03 5.409041e+03 5.416938e+03
3.0 5.440695e+03 5.399757e+03 5.414177e+03 5.455116e+03
4.0 5.389901e+03 5.353030e+03 5.417903e+03 5.454774e+03
5.0 5.390512e+03 5.361707e+03 5.419660e+03 5.448464e+03
6.0 5.482630e+03 5.419578e+03 5.420080e+03 5.483132e+03
7.0 5.437870e+03 5.446981e+03 5.419883e+03 5.410773e+03
8.0 5.334387e+03 5.415051e+03 5.419463e+03 5.338800e+03
9.0 5.461753e+03 5.421063e+03 5.419073e+03 5.459764e+03
10.0 5.430123e+03 5.461660e+03 5.418791e+03 5.387253e+03
11.0 5.477701e+03 5.489504e+03 5.418638e+03 5.406834e+03
12.0 5.357703e+03 5.421112e+03 5.418573e+03 5.355163e+03
13.0 5.291129e+03 5.412084e+03 5.418559e+03 5.297604e+03
14.0 5.393020e+03 5.421521e+03 5.418574e+03 5.390073e+03
15.0 5.385706e+03 5.405701e+03 5.418600e+03 5.398605e+03
16.0 5.448608e+03 5.427448e+03 5.418632e+03 5.439793e+03
17.0 5.408516e+03 5.399084e+03 5.418664e+03 5.428097e+03
18.0 5.457492e+03 5.388022e+03 5.417712e+03 5.487182e+03
19.0 5.350184e+03 5.358920e+03 5.413540e+03 5.404804e+03
20.0 5.437037e+03 5.452117e+03 5.408730e+03 5.393649e+03
21.0 5.433283e+03 5.456197e+03 5.405963e+03 5.383049e+03
22.0 5.405603e+03 5.425989e+03 5.404940e+03 5.384555e+03
23.0 5.395065e+03 5.429773e+03 5.404901e+03 5.370193e+03
24.0 5.416315e+03 5.414764e+03 5.405293e+03 5.406845e+03
25.0 5.412025e+03 5.448639e+03 5.405793e+03 5.369179e+03
26.0 5.403959e+03 5.394696e+03 5.406208e+03 5.415471e+03
27.0 5.430419e+03 5.450424e+03 5.406500e+03 5.386495e+03
28.0 5.455116e+03 5.416984e+03 5.406686e+03 5.444819e+03
29.0 5.473961e+03 5.416741e+03 5.406796e+03 5.464017e+03
30.0 5.418908e+03 5.393556e+03 5.406868e+03 5.432220e+03
31.0 5.430352e+03 5.369382e+03 5.406919e+03 5.467889e+03
32.0 5.429431e+03 5.376066e+03 5.406962e+03 5.460327e+03
33.0 5.443326e+03 5.335764e+03 5.407002e+03 5.514564e+03
34.0 5.306318e+03 5.261924e+03 5.407040e+03 5.451434e+03
