0.6 4.850784e+03 4.855051e+03 4.861289e+03 4.857023e+03
1.6 4.810882e+03 4.864952e+03 4.856807e+03 4.802737e+03
2.6 4.853004e+03 4.891211e+03 4.842708e+03 4.804501e+03
3.6 4.839806e+03 4.830738e+03 4.828083e+03 4.837151e+03
4.6 4.870239e+03 4.874521e+03 4.819927e+03 4.815645e+03
5.6 4.818710e+03 4.811941e+03 4.816773e+03 4.823542e+03
6.6 4.873512e+03 4.870794e+03 4.816418e+03 4.819136e+03
7.6 4.789182e+03 4.779300e+03 4.817192e+03 4.827075e+03
8.6 4.961585e+03 4.956326e+03 4.818213e+03 4.823472e+03
9.6 4.839634e+03 4.865562e+03 4.818945e+03 4.793018e+03
10.6 4.939741e+03 4.919082e+03 4.819318e+03 4.839976e+03
11.6 4.858634e+03 4.866963e+03 4.819358e+03 4.811028e+03
12.6 4.821471e+03 4.841637e+03 4.819200e+03 4.799033e+03
13.6 4.801400e+03 4.824802e+03 4.818938e+03 4.795536e+03
14.6 4.876127e+03 4.826036e+03 4.818626e+03 4.868717e+03
15.6 4.769806e+03 4.766793e+03 4.818297e+03 4.821311e+03
16.6 4.830480e+03 4.856870e+03 4.817965e+03 4.791574e+03
17.6 4.800118e+03 4.819599e+03 4.818192e+03 4.798712e+03
18.6 4.698766e+03 4.731814e+03 4.826411e+03 4.793364e+03
19.6 4.846732e+03 4.834866e+03 4.841274e+03 4.853139e+03
20.6 4.787538e+03 4.825038e+03 4.852742e+03 4.815242e+03
21.6 4.809759e+03 4.839423e+03 4.857756e+03 4.828092e+03
22.6 4.744770e+03 4.835543e+03 4.858781e+03 4.768008e+03
23.6 4.832476e+03 4.836692e+03 4.857822e+03 4.853606e+03
24.6 4.793721e+03 4.790915e+03 4.856196e+03 4.859002e+03
25.6 4.794517e+03 4.784525e+03 4.854582e+03 4.864574e+03
26.6 4.839488e+03 4.833207e+03 4.853350e+03 4.859631e+03
27.6 4.848223e+03 4.857852e+03 4.852489e+03 4.842860e+03
28.6 4.792844e+03 4.830601e+03 4.851899e+03 4.814143e+03
29.6 4.807937e+03 4.836436e+03 4.851484e+03 4.822986e+03
30.6 4.841496e+03 4.869638e+03 4.851155e+03 4.823013e+03
31.6 4.900990e+03 4.891521e+03 4.850870e+03 4.860339e+03
32.6 4.794870e+03 4.837275e+03 4.850604e+03 4.808200e+03
33.6 4.807710e+03 4.830187e+03 4.850349e+03 4.827872e+03
