0.4 4.894874e+03 4.853816e+03 4.842386e+03 4.883443e+03
1.4 4.894491e+03 4.839557e+03 4.842191e+03 4.897125e+03
2.4 4.912150e+03 4.858041e+03 4.841339e+03 4.895448e+03
3.4 4.916528e+03 4.869774e+03 4.840356e+03 4.887110e+03
4.4 4.860239e+03 4.853002e+03 4.839791e+03 4.847028e+03
5.4 4.922134e+03 4.864498e+03 4.839579e+03 4.897214e+03
6.4 4.848269e+03 4.844111e+03 4.839571e+03 4.843729e+03
7.4 4.941435e+03 4.897520e+03 4.839649e+03 4.883565e+03
8.4 4.878158e+03 4.868789e+03 4.839749e+03 4.849118e+03
9.4 4.854723e+03 4.849826e+03 4.839832e+03 4.844729e+03
10.4 4.847243e+03 4.834286e+03 4.839890e+03 4.852847e+03
11.4 4.879393e+03 4.864796e+03 4.839925e+03 4.854522e+03
12.4 4.798802e+03 4.788505e+03 4.839944e+03 4.850242e+03
13.4 4.802261e+03 4.826762e+03 4.839956e+03 4.815456e+03
14.4 4.866861e+03 4.841331e+03 4.839963e+03 4.865493e+03
15.4 4.791328e+03 4.809569e+03 4.839969e+03 4.821728e+03
16.4 4.802562e+03 4.840206e+03 4.839973e+03 4.802330e+03
17.4 4.785854e+03 4.881193e+03 4.839997e+03 4.744658e+03
18.4 4.794040e+03 4.815206e+03 4.840481e+03 4.819315e+03
19.4 4.797885e+03 4.840272e+03 4.841489e+03 4.799102e+03
20.4 4.751368e+03 4.827495e+03 4.842334e+03 4.766208e+03
21.4 4.751711e+03 4.840636e+03 4.842739e+03 4.753814e+03
22.4 4.817917e+03 4.822892e+03 4.842856e+03 4.837881e+03
23.4 4.840533e+03 4.834910e+03 4.842826e+03 4.848449e+03
24.4 4.814158e+03 4.827891e+03 4.842742e+03 4.829009e+03
25.4 4.803686e+03 4.826045e+03 4.842654e+03 4.820295e+03
26.4 4.754165e+03 4.792920e+03 4.842589e+03 4.803834e+03
27.4 4.804944e+03 4.829778e+03 4.842550e+03 4.817716e+03
28.4 4.767545e+03 4.801901e+03 4.842529e+03 4.808172e+03
29.4 4.862871e+03 4.897546e+03 4.842520e+03 4.807844e+03
30.4 4.827444e+03 4.867357e+03 4.842516e+03 4.802603e+03
31.4 4.790250e+03 4.822726e+03 4.842515e+03 4.810039e+03
32.4 4.843091e+03 4.860280e+03 4.842516e+03 4.825327e+03
33.4 4.843976e+03 4.866939e+03 4.842516e+03 4.819553e+03
0.4 4.842899e+03 4.834833e+03 4.842506e+03 4.850572e+03
1.4 4.799252e+03 4.820784e+03 4.842328e+03 4.820796e+03
2.4 4.824065e+03 4.833886e+03 4.841493e+03 4.831673e+03
3.4 4.815326e+03 4.818190e+03 4.840510e+03 4.837646e+03
4.4 4.845405e+03 4.817358e+03 4.839893e+03 4.867940e+03
5.4 4.814325e+03 4.818929e+03 4.839659e+03 4.835055e+03
6.4 4.819426e+03 4.826387e+03 4.839633e+03 4.832671e+03
7.4 4.859822e+03 4.850192e+03 4.839699e+03 4.849328e+03
8.4 4.840682e+03 4.857282e+03 4.839787e+03 4.823187e+03
9.4 4.822960e+03 4.851486e+03 4.839863e+03 4.811337e+03
10.4 4.832669e+03 4.853750e+03 4.839912e+03 4.818831e+03
11.4 4.823773e+03 4.844973e+03 4.839938e+03 4.818738e+03
12.4 4.862176e+03 4.848064e+03 4.839948e+03 4.854061e+03
13.4 4.810771e+03 4.838948e+03 4.839950e+03 4.811772e+03
14.4 4.840151e+03 4.837177e+03 4.839947e+03 4.842920e+03
15.4 4.836101e+03 4.834040e+03 4.839942e+03 4.842003e+03
16.4 4.865378e+03 4.841890e+03 4.839936e+03 4.863424e+03
17.4 4.812471e+03 4.817209e+03 4.839944e+03 4.835206e+03
18.4 4.865612e+03 4.861262e+03 4.840360e+03 4.844710e+03
19.4 4.862695e+03 4.842180e+03 4.841368e+03 4.861884e+03
20.4 4.830961e+03 4.831890e+03 4.842208e+03 4.841279e+03
21.4 4.847043e+03 4.826557e+03 4.842637e+03 4.863123e+03
22.4 4.875894e+03 4.832068e+03 4.842753e+03 4.886579e+03
23.4 4.839976e+03 4.835424e+03 4.842719e+03 4.847271e+03
24.4 4.824231e+03 4.834997e+03 4.842623e+03 4.831857e+03
25.4 4.893530e+03 4.858077e+03 4.842525e+03 4.877979e+03
26.4 4.819539e+03 4.864060e+03 4.842446e+03 4.797925e+03
27.4 4.782861e+03 4.822456e+03 4.842394e+03 4.802799e+03
28.4 4.836752e+03 4.831366e+03 4.842362e+03 4.847747e+03
29.4 4.789478e+03 4.821023e+03 4.842340e+03 4.810796e+03
30.4 4.868948e+03 4.859038e+03 4.842326e+03 4.852236e+03
31.4 4.826706e+03 4.861025e+03 4.842313e+03 4.807995e+03
32.4 4.848047e+03 4.862461e+03 4.842302e+03 4.827889e+03
33.4 4.831558e+03 4.841559e+03 4.842291e+03 4.832290e+03
