0.2 1.023053e+04 1.007733e+04 1.005280e+04 1.020601e+04
1.2 1.002244e+04 1.001671e+04 1.003059e+04 1.003633e+04
2.2 1.008050e+04 9.908071e+03 9.920655e+03 1.009309e+04
3.2 9.901053e+03 9.899285e+03 9.902357e+03 9.904125e+03
4.2 9.958610e+03 9.968182e+03 9.963268e+03 9.953696e+03
5.2 9.960755e+03 1.001876e+04 1.001995e+04 9.961944e+03
6.2 9.981755e+03 1.004783e+04 1.005052e+04 9.984450e+03
7.2 9.883611e+03 1.003084e+04 1.006416e+04 9.916931e+03
8.2 9.822907e+03 9.987126e+03 1.006722e+04 9.902998e+03
9.2 9.781599e+03 1.000807e+04 1.006499e+04 9.838522e+03
10.2 9.985608e+03 1.005027e+04 1.006101e+04 9.996346e+03
11.2 9.999365e+03 1.006151e+04 1.005760e+04 9.995449e+03
12.2 9.983514e+03 1.002122e+04 1.005529e+04 1.001758e+04
13.2 9.944683e+03 1.001471e+04 1.005404e+04 9.984014e+03
14.2 9.898763e+03 1.001394e+04 1.005343e+04 9.938253e+03
15.2 9.883564e+03 9.870728e+03 1.005315e+04 1.006599e+04
16.2 9.899655e+03 9.852329e+03 1.005303e+04 1.010036e+04
17.2 9.889646e+03 9.956122e+03 1.005297e+04 9.986495e+03
0.8 1.027512e+04 1.004517e+04 1.004792e+04 1.027786e+04
1.8 9.972407e+03 1.000079e+04 9.954117e+03 9.925733e+03
2.8 9.949093e+03 9.963548e+03 9.894463e+03 9.880009e+03
3.8 9.931480e+03 1.001478e+04 9.941258e+03 9.857955e+03
4.8 9.920695e+03 1.007356e+04 1.000471e+04 9.851843e+03
5.8 9.834519e+03 1.009394e+04 1.004266e+04 9.783242e+03
6.8 9.817568e+03 1.009311e+04 1.006097e+04 9.785427e+03
7.8 9.795050e+03 1.009878e+04 1.006664e+04 9.762912e+03
8.8 9.853700e+03 1.010267e+04 1.006561e+04 9.816633e+03
9.8 9.926409e+03 1.004817e+04 1.006178e+04 9.940018e+03
10.8 9.863101e+03 1.000247e+04 1.005801e+04 9.918636e+03
11.8 9.800471e+03 1.002810e+04 1.005524e+04 9.827602e+03
12.8 9.877207e+03 1.006569e+04 1.005363e+04 9.865152e+03
13.8 1.003516e+04 1.006482e+04 1.005278e+04 1.002312e+04
14.8 1.031873e+04 1.002898e+04 1.005235e+04 1.034209e+04
15.8 1.045178e+04 1.003601e+04 1.005212e+04 1.046789e+04
16.8 1.037882e+04 1.006594e+04 1.005197e+04 1.036485e+04
17.8 1.025316e+04 1.008500e+04 1.005186e+04 1.022002e+04
0.9 1.001542e+04 1.004131e+04 1.004523e+04 1.001934e+04
1.9 9.829707e+03 9.939834e+03 9.948327e+03 9.838200e+03
2.9 9.940194e+03 9.893677e+03 9.894932e+03 9.941450e+03
3.9 9.854997e+03 9.926320e+03 9.946346e+03 9.875022e+03
4.9 9.963269e+03 9.949458e+03 1.000725e+04 1.002106e+04
5.9 1.024104e+04 9.998722e+03 1.004464e+04 1.028696e+04
6.9 1.009910e+04 1.005069e+04 1.006153e+04 1.010994e+04
7.9 1.005697e+04 1.008181e+04 1.006675e+04 1.004191e+04
8.9 9.982075e+03 1.009414e+04 1.006541e+04 9.953345e+03
9.9 1.007785e+04 1.009573e+04 1.006159e+04 1.004371e+04
10.9 9.966824e+03 1.008770e+04 1.005775e+04 9.936876e+03
11.9 9.961554e+03 1.006445e+04 1.005508e+04 9.952189e+03
12.9 9.972539e+03 1.004981e+04 1.005348e+04 9.976209e+03
13.9 9.984063e+03 9.997398e+03 1.005258e+04 1.003924e+04
14.9 1.001258e+04 9.971848e+03 1.005209e+04 1.009283e+04
15.9 9.923732e+03 9.983113e+03 1.005178e+04 9.992400e+03
16.9 9.946323e+03 9.977413e+03 1.005154e+04 1.002045e+04
17.9 9.965345e+03 1.000691e+04 1.005131e+04 1.000975e+04
