0.1 1.031339e+04 1.036442e+04 1.029292e+04 1.024189e+04
1.1 1.031597e+04 1.033167e+04 1.030008e+04 1.028438e+04
2.1 1.034406e+04 1.033150e+04 1.033913e+04 1.035168e+04
3.1 1.037613e+04 1.031744e+04 1.034668e+04 1.040537e+04
4.1 1.036448e+04 1.028552e+04 1.032447e+04 1.040344e+04
5.1 1.037540e+04 1.026324e+04 1.030451e+04 1.041666e+04
6.1 1.036242e+04 1.025854e+04 1.029329e+04 1.039717e+04
7.1 1.035067e+04 1.031243e+04 1.028821e+04 1.032645e+04
8.1 1.035784e+04 1.037079e+04 1.028695e+04 1.027400e+04
9.1 1.040076e+04 1.035201e+04 1.028879e+04 1.033754e+04
10.1 1.046804e+04 1.033517e+04 1.032004e+04 1.045291e+04
11.1 1.036804e+04 1.032823e+04 1.034673e+04 1.038655e+04
12.1 1.031375e+04 1.032650e+04 1.033254e+04 1.031979e+04
13.1 1.033846e+04 1.035887e+04 1.031031e+04 1.028990e+04
14.1 1.032419e+04 1.034075e+04 1.029577e+04 1.027921e+04
15.1 1.013750e+04 1.028399e+04 1.028892e+04 1.014243e+04
16.1 1.020732e+04 1.021226e+04 1.028653e+04 1.028159e+04
17.1 1.016571e+04 1.019561e+04 1.028671e+04 1.025682e+04
0.7 1.040076e+04 1.035201e+04 1.028879e+04 1.033754e+04
1.7 1.046804e+04 1.033517e+04 1.032004e+04 1.045291e+04
2.7 1.036804e+04 1.032823e+04 1.034673e+04 1.038655e+04
3.7 1.031375e+04 1.032650e+04 1.033254e+04 1.031979e+04
4.7 1.033846e+04 1.035887e+04 1.031031e+04 1.028990e+04
5.7 1.032419e+04 1.034075e+04 1.029577e+04 1.027921e+04
6.7 1.013750e+04 1.028399e+04 1.028892e+04 1.014243e+04
7.7 1.020732e+04 1.021226e+04 1.028653e+04 1.028159e+04
8.7 1.016571e+04 1.019561e+04 1.028671e+04 1.025682e+04
9.7 1.028528e+04 1.022426e+04 1.028796e+04 1.034897e+04
10.7 1.029254e+04 1.031156e+04 1.028931e+04 1.027028e+04
11.7 1.034631e+04 1.036886e+04 1.029026e+04 1.026771e+04
12.7 1.029820e+04 1.034459e+04 1.029083e+04 1.024444e+04
13.7 1.027836e+04 1.029978e+04 1.029113e+04 1.026970e+04
14.7 1.013422e+04 1.027035e+04 1.029126e+04 1.015513e+04
15.7 1.025544e+04 1.027611e+04 1.029133e+04 1.027066e+04
16.7 1.026733e+04 1.032425e+04 1.029137e+04 1.023445e+04
17.7 1.022339e+04 1.032613e+04 1.029140e+04 1.018866e+04
1.0 1.028292e+04 1.031845e+04 1.029530e+04 1.025977e+04
2.0 1.026511e+04 1.031832e+04 1.033218e+04 1.027897e+04
3.0 1.023990e+04 1.031612e+04 1.034793e+04 1.027172e+04
4.0 1.021363e+04 1.032873e+04 1.032889e+04 1.021380e+04
5.0 1.028943e+04 1.035896e+04 1.030715e+04 1.023762e+04
6.0 1.033144e+04 1.034533e+04 1.030571e+04 1.029182e+04
7.0 1.027867e+04 1.034154e+04 1.033903e+04 1.027617e+04
8.0 1.030603e+04 1.032500e+04 1.033967e+04 1.032070e+04
9.0 1.040609e+04 1.035446e+04 1.031778e+04 1.036942e+04
10.0 1.056086e+04 1.038514e+04 1.029994e+04 1.047567e+04
11.0 1.040326e+04 1.034569e+04 1.029120e+04 1.034877e+04
12.0 1.036823e+04 1.027074e+04 1.028783e+04 1.038533e+04
13.0 1.021185e+04 1.022572e+04 1.028764e+04 1.027377e+04
14.0 1.033728e+04 1.022421e+04 1.028893e+04 1.040199e+04
15.0 1.018514e+04 1.023666e+04 1.029061e+04 1.023909e+04
16.0 1.018341e+04 1.024310e+04 1.029198e+04 1.023228e+04
17.0 1.023070e+04 1.024572e+04 1.029292e+04 1.027790e+04
18.0 1.027548e+04 1.025327e+04 1.029348e+04 1.031569e+04
0.3 1.028943e+04 1.035896e+04 1.030715e+04 1.023762e+04
1.3 1.033144e+04 1.034533e+04 1.030571e+04 1.029182e+04
2.3 1.027867e+04 1.034154e+04 1.033903e+04 1.027617e+04
3.3 1.030603e+04 1.032500e+04 1.033967e+04 1.032070e+04
4.3 1.040609e+04 1.035446e+04 1.031778e+04 1.036942e+04
5.3 1.056086e+04 1.038514e+04 1.029994e+04 1.047567e+04
6.3 1.040326e+04 1.034569e+04 1.029120e+04 1.034877e+04
7.3 1.036823e+04 1.027074e+04 1.028783e+04 1.038533e+04
8.3 1.021185e+04 1.022572e+04 1.028764e+04 1.027377e+04
9.3 1.033728e+04 1.022421e+04 1.028893e+04 1.040199e+04
10.3 1.018514e+04 1.023666e+04 1.029061e+04 1.023909e+04
11.3 1.018341e+04 1.024310e+04 1.029198e+04 1.023228e+04
12.3 1.023070e+04 1.024572e+04 1.029292e+04 1.027790e+04
13.3 1.027548e+04 1.025327e+04 1.029348e+04 1.031569e+04
14.3 1.024514e+04 1.026099e+04 1.029383e+04 1.027798e+04
15.3 1.023582e+04 1.027230e+04 1.029406e+04 1.025758e+04
16.3 1.030031e+04 1.027965e+04 1.029424e+04 1.031489e+04
17.3 1.024866e+04 1.027683e+04 1.029440e+04 1.026623e+04
0.7 1.038274e+04 1.031887e+04 1.029586e+04 1.035973e+04
1.7 1.038148e+04 1.031187e+04 1.032297e+04 1.039259e+04
2.7 1.036757e+04 1.032200e+04 1.035155e+04 1.039712e+04
3.7 1.021121e+04 1.029772e+04 1.033848e+04 1.025197e+04
4.7 1.023581e+04 1.026655e+04 1.031551e+04 1.028477e+04
5.7 1.034069e+04 1.025388e+04 1.030008e+04 1.038689e+04
6.7 1.019188e+04 1.025367e+04 1.029272e+04 1.023093e+04
7.7 1.023079e+04 1.024908e+04 1.029003e+04 1.027174e+04
8.7 1.033067e+04 1.024248e+04 1.029010e+04 1.037829e+04
9.7 1.038514e+04 1.026809e+04 1.029132e+04 1.040837e+04
10.7 1.045889e+04 1.033714e+04 1.029271e+04 1.041445e+04
11.7 1.035107e+04 1.034836e+04 1.029372e+04 1.029642e+04
12.7 1.035418e+04 1.032102e+04 1.029435e+04 1.032751e+04
13.7 1.035445e+04 1.032115e+04 1.029467e+04 1.032796e+04
14.7 1.037359e+04 1.030875e+04 1.029484e+04 1.035968e+04
15.7 1.031515e+04 1.028766e+04 1.029494e+04 1.032243e+04
16.7 1.030291e+04 1.032199e+04 1.029501e+04 1.027594e+04
17.7 1.029252e+04 1.035863e+04 1.029508e+04 1.022897e+04
