0.4 1.016896e+04 1.017277e+04 1.015291e+04 1.014911e+04
1.4 1.010824e+04 1.014322e+04 1.013508e+04 1.010010e+04
2.4 1.016830e+04 1.007408e+04 1.009523e+04 1.018945e+04
3.4 1.003555e+04 1.005754e+04 1.009884e+04 1.007684e+04
4.4 1.000815e+04 1.009345e+04 1.012390e+04 1.003859e+04
5.4 1.025260e+04 1.019478e+04 1.014330e+04 1.020112e+04
6.4 1.033638e+04 1.022308e+04 1.015305e+04 1.026635e+04
7.4 1.033342e+04 1.020380e+04 1.015695e+04 1.028656e+04
8.4 1.031400e+04 1.018157e+04 1.015738e+04 1.028981e+04
9.4 1.030509e+04 1.019035e+04 1.015612e+04 1.027086e+04
10.4 1.033294e+04 1.024812e+04 1.015444e+04 1.023925e+04
11.4 1.010930e+04 1.022931e+04 1.015309e+04 1.003308e+04
12.4 1.009193e+04 1.019661e+04 1.015219e+04 1.004752e+04
13.4 1.000852e+04 1.016132e+04 1.015165e+04 9.998848e+03
14.4 1.015287e+04 1.012820e+04 1.015134e+04 1.017600e+04
15.4 1.003543e+04 1.014612e+04 1.015113e+04 1.004044e+04
16.4 1.025976e+04 1.016704e+04 1.015098e+04 1.024369e+04
17.4 1.029784e+04 1.014673e+04 1.015084e+04 1.030196e+04
0.7 9.966233e+03 1.017065e+04 1.015180e+04 9.947377e+03
1.7 9.893128e+03 1.009201e+04 1.012028e+04 9.921406e+03
2.7 9.980653e+03 1.003280e+04 1.009146e+04 1.003931e+04
3.7 9.662600e+03 1.003670e+04 1.010703e+04 9.732930e+03
4.7 1.020786e+04 1.008583e+04 1.013177e+04 1.025379e+04
5.7 1.027090e+04 1.015316e+04 1.014802e+04 1.026576e+04
6.7 1.036701e+04 1.016133e+04 1.015565e+04 1.036133e+04
7.7 1.033462e+04 1.011859e+04 1.014062e+04 1.035665e+04
8.7 1.041609e+04 1.005540e+04 1.010022e+04 1.046092e+04
9.7 1.038402e+04 1.004676e+04 1.010309e+04 1.044035e+04
10.7 1.042158e+04 1.006654e+04 1.012737e+04 1.048241e+04
11.7 1.025873e+04 1.008419e+04 1.014522e+04 1.031976e+04
12.7 9.917792e+03 1.010789e+04 1.015445e+04 9.964346e+03
13.7 9.921785e+03 1.016749e+04 1.015817e+04 9.912461e+03
14.7 1.019861e+04 1.019565e+04 1.015852e+04 1.016148e+04
15.7 1.031549e+04 1.016630e+04 1.015725e+04 1.030644e+04
16.7 1.035055e+04 1.012931e+04 1.015569e+04 1.037693e+04
17.7 1.037036e+04 1.010716e+04 1.015443e+04 1.041763e+04
0.4 1.036701e+04 1.016133e+04 1.015565e+04 1.036133e+04
1.4 1.033462e+04 1.011859e+04 1.014062e+04 1.035665e+04
2.4 1.041609e+04 1.005540e+04 1.010022e+04 1.046092e+04
3.4 1.038402e+04 1.004676e+04 1.010309e+04 1.044035e+04
4.4 1.042158e+04 1.006654e+04 1.012737e+04 1.048241e+04
5.4 1.025873e+04 1.008419e+04 1.014522e+04 1.031976e+04
6.4 9.917792e+03 1.010789e+04 1.015445e+04 9.964346e+03
7.4 9.921785e+03 1.016749e+04 1.015817e+04 9.912461e+03
8.4 1.019861e+04 1.019565e+04 1.015852e+04 1.016148e+04
9.4 1.031549e+04 1.016630e+04 1.015725e+04 1.030644e+04
10.4 1.035055e+04 1.012931e+04 1.015569e+04 1.037693e+04
11.4 1.037036e+04 1.010716e+04 1.015443e+04 1.041763e+04
12.4 1.036785e+04 1.012676e+04 1.015360e+04 1.039468e+04
13.4 1.007159e+04 1.016394e+04 1.015316e+04 1.006080e+04
14.4 9.746975e+03 1.015353e+04 1.015292e+04 9.746362e+03
15.4 9.650190e+03 1.012453e+04 1.015280e+04 9.678455e+03
16.4 9.675950e+03 1.010401e+04 1.015272e+04 9.724653e+03
17.4 9.804329e+03 1.010117e+04 1.015266e+04 9.855821e+03
0.6 9.754691e+03 1.008009e+04 1.015209e+04 9.826692e+03
1.6 9.636467e+03 1.001955e+04 1.012573e+04 9.742646e+03
2.6 9.726513e+03 9.977407e+03 1.009189e+04 9.840996e+03
3.6 9.890978e+03 1.002442e+04 1.010286e+04 9.969422e+03
4.6 1.029431e+04 1.015442e+04 1.012869e+04 1.026858e+04
5.6 1.032898e+04 1.018813e+04 1.014594e+04 1.028679e+04
6.6 1.028251e+04 1.015007e+04 1.015477e+04 1.028721e+04
7.6 1.032798e+04 1.013545e+04 1.015800e+04 1.035053e+04
8.6 1.028193e+04 1.011452e+04 1.015817e+04 1.032558e+04
9.6 9.972878e+03 1.009323e+04 1.015692e+04 1.003656e+04
10.6 1.004336e+04 1.015852e+04 1.015548e+04 1.004032e+04
11.6 1.021203e+04 1.022321e+04 1.015438e+04 1.014320e+04
12.6 1.027254e+04 1.018334e+04 1.015374e+04 1.024294e+04
13.6 1.008663e+04 1.011989e+04 1.015343e+04 1.012018e+04
14.6 1.003393e+04 1.007862e+04 1.015331e+04 1.010862e+04
