0.1 9.137565e+03 9.260749e+03 9.137324e+03 9.014141e+03
1.1 8.962912e+03 9.180839e+03 9.152359e+03 8.934433e+03
2.1 9.094010e+03 9.165808e+03 9.234458e+03 9.162660e+03
3.1 8.965359e+03 9.127139e+03 9.250329e+03 9.088549e+03
4.1 8.702902e+03 9.055519e+03 9.203649e+03 8.851032e+03
5.1 8.734787e+03 9.007493e+03 9.161670e+03 8.888964e+03
6.1 8.811354e+03 9.000454e+03 9.138100e+03 8.949000e+03
7.1 9.223138e+03 9.139162e+03 9.127405e+03 9.211380e+03
8.1 9.221391e+03 9.287676e+03 9.124771e+03 9.058486e+03
9.1 9.273718e+03 9.239820e+03 9.128634e+03 9.162532e+03
10.1 9.505711e+03 9.184303e+03 9.194318e+03 9.515726e+03
11.1 9.436023e+03 9.156275e+03 9.250446e+03 9.530195e+03
12.1 9.571725e+03 9.198843e+03 9.220616e+03 9.593497e+03
13.1 9.556884e+03 9.372675e+03 9.173877e+03 9.358086e+03
14.1 9.365110e+03 9.328904e+03 9.143299e+03 9.179506e+03
15.1 9.120477e+03 9.171018e+03 9.128907e+03 9.078365e+03
16.1 8.978913e+03 9.065533e+03 9.123883e+03 9.037263e+03
17.1 8.904367e+03 9.005855e+03 9.124254e+03 9.022766e+03
0.7 9.273718e+03 9.239820e+03 9.128634e+03 9.162532e+03
1.7 9.505711e+03 9.184303e+03 9.194318e+03 9.515726e+03
2.7 9.436023e+03 9.156275e+03 9.250446e+03 9.530195e+03
3.7 9.571725e+03 9.198843e+03 9.220616e+03 9.593497e+03
4.7 9.556884e+03 9.372675e+03 9.173877e+03 9.358086e+03
5.7 9.365110e+03 9.328904e+03 9.143299e+03 9.179506e+03
6.7 9.120477e+03 9.171018e+03 9.128907e+03 9.078365e+03
7.7 8.978913e+03 9.065533e+03 9.123883e+03 9.037263e+03
8.7 8.904367e+03 9.005855e+03 9.124254e+03 9.022766e+03
9.7 9.010626e+03 9.011330e+03 9.126877e+03 9.126174e+03
10.7 9.022294e+03 9.260766e+03 9.129717e+03 8.891245e+03
11.7 9.419635e+03 9.436210e+03 9.131730e+03 9.115156e+03
12.7 9.287098e+03 9.322277e+03 9.132921e+03 9.097742e+03
13.7 9.153790e+03 9.144647e+03 9.133543e+03 9.142687e+03
14.7 8.990425e+03 9.034681e+03 9.133826e+03 9.089570e+03
15.7 8.881173e+03 9.035084e+03 9.133965e+03 8.980054e+03
16.7 9.419099e+03 9.154771e+03 9.134047e+03 9.398375e+03
17.7 9.090814e+03 9.163057e+03 9.134117e+03 9.061874e+03
1.0 9.388361e+03 9.159497e+03 9.142322e+03 9.371186e+03
2.0 9.345255e+03 9.146591e+03 9.219843e+03 9.418507e+03
3.0 9.137305e+03 9.134791e+03 9.252958e+03 9.255472e+03
4.0 9.254212e+03 9.174056e+03 9.212942e+03 9.293098e+03
5.0 9.245806e+03 9.258685e+03 9.167228e+03 9.154349e+03
6.0 9.167688e+03 9.223979e+03 9.164194e+03 9.107902e+03
7.0 8.956121e+03 9.199653e+03 9.234248e+03 8.990716e+03
8.0 8.727857e+03 9.168276e+03 9.235587e+03 8.795169e+03
9.0 8.984200e+03 9.337934e+03 9.189586e+03 8.835852e+03
10.0 9.629226e+03 9.494369e+03 9.152081e+03 9.286937e+03
11.0 9.548999e+03 9.362930e+03 9.133689e+03 9.319758e+03
12.0 9.290903e+03 9.192282e+03 9.126624e+03 9.225246e+03
13.0 9.318144e+03 9.089025e+03 9.126214e+03 9.355332e+03
14.0 9.312086e+03 9.019579e+03 9.128926e+03 9.421433e+03
15.0 8.973225e+03 8.988444e+03 9.132462e+03 9.117242e+03
16.0 9.180917e+03 9.060755e+03 9.135332e+03 9.255493e+03
17.0 9.255809e+03 9.160487e+03 9.137310e+03 9.232632e+03
18.0 9.191235e+03 9.139700e+03 9.138495e+03 9.190030e+03
0.3 9.245806e+03 9.258685e+03 9.167228e+03 9.154349e+03
1.3 9.167688e+03 9.223979e+03 9.164194e+03 9.107902e+03
2.3 8.956121e+03 9.199653e+03 9.234248e+03 8.990716e+03
3.3 8.727857e+03 9.168276e+03 9.235587e+03 8.795169e+03
4.3 8.984200e+03 9.337934e+03 9.189586e+03 8.835852e+03
5.3 9.629226e+03 9.494369e+03 9.152081e+03 9.286937e+03
6.3 9.548999e+03 9.362930e+03 9.133689e+03 9.319758e+03
7.3 9.290903e+03 9.192282e+03 9.126624e+03 9.225246e+03
8.3 9.318144e+03 9.089025e+03 9.126214e+03 9.355332e+03
9.3 9.312086e+03 9.019579e+03 9.128926e+03 9.421433e+03
10.3 8.973225e+03 8.988444e+03 9.132462e+03 9.117242e+03
11.3 9.180917e+03 9.060755e+03 9.135332e+03 9.255493e+03
12.3 9.255809e+03 9.160487e+03 9.137310e+03 9.232632e+03
13.3 9.191235e+03 9.139700e+03 9.138495e+03 9.190030e+03
14.3 8.768063e+03 9.077570e+03 9.139222e+03 8.829716e+03
15.3 8.935813e+03 9.000466e+03 9.139715e+03 9.075062e+03
16.3 8.712192e+03 8.953509e+03 9.140096e+03 8.898780e+03
17.3 8.609613e+03 8.964280e+03 9.140436e+03 8.785769e+03
0.7 8.995950e+03 9.137511e+03 9.143492e+03 9.001931e+03
1.7 8.962383e+03 9.120032e+03 9.200490e+03 9.042840e+03
2.7 9.277164e+03 9.142610e+03 9.260569e+03 9.395123e+03
3.7 9.354285e+03 9.160319e+03 9.233098e+03 9.427064e+03
4.7 9.277407e+03 9.216034e+03 9.184809e+03 9.246182e+03
5.7 9.097149e+03 9.176460e+03 9.152370e+03 9.073059e+03
6.7 8.898997e+03 9.097702e+03 9.136899e+03 8.938194e+03
7.7 9.145253e+03 9.042464e+03 9.131237e+03 9.234026e+03
8.7 9.185126e+03 9.018239e+03 9.131381e+03 9.298268e+03
9.7 9.427030e+03 9.064228e+03 9.133955e+03 9.496758e+03
10.7 9.328290e+03 9.221484e+03 9.136871e+03 9.243676e+03
11.7 9.251970e+03 9.244128e+03 9.138995e+03 9.146837e+03
12.7 9.116327e+03 9.169605e+03 9.140311e+03 9.087033e+03
13.7 8.859114e+03 9.143584e+03 9.140996e+03 8.856526e+03
14.7 9.143344e+03 9.112076e+03 9.141351e+03 9.172619e+03
15.7 9.265258e+03 9.081541e+03 9.141558e+03 9.325274e+03
16.7 9.070228e+03 9.188431e+03 9.141707e+03 9.023505e+03
17.7 9.200678e+03 9.293845e+03 9.141851e+03 9.048683e+03
