1.088784e+04 1.087546e+04 1.087948e+04 1.088382e+04
1.059626e+04 1.087548e+04 1.087771e+04 1.059404e+04
1.079753e+04 1.087561e+04 1.087599e+04 1.079715e+04
1.095854e+04 1.088436e+04 1.086379e+04 1.097910e+04
1.090583e+04 1.090691e+04 1.083471e+04 1.097803e+04
1.092448e+04 1.090870e+04 1.083118e+04 1.100200e+04
1.084631e+04 1.089473e+04 1.084778e+04 1.089326e+04
1.097652e+04 1.088239e+04 1.086204e+04 1.099688e+04
1.080463e+04 1.087586e+04 1.086850e+04 1.081199e+04
1.084333e+04 1.087310e+04 1.087040e+04 1.084602e+04
1.096222e+04 1.087406e+04 1.086799e+04 1.096829e+04
1.093232e+04 1.089312e+04 1.084364e+04 1.098181e+04
1.080277e+04 1.091445e+04 1.081673e+04 1.090048e+04
1.093757e+04 1.090789e+04 1.085602e+04 1.098944e+04
1.082671e+04 1.089182e+04 1.094679e+04 1.077173e+04
1.073728e+04 1.088021e+04 1.095372e+04 1.066377e+04
1.097365e+04 1.087663e+04 1.091981e+04 1.093047e+04
1.117352e+04 1.088341e+04 1.090850e+04 1.114843e+04
1.105780e+04 1.088518e+04 1.089668e+04 1.104629e+04
1.076037e+04 1.088109e+04 1.093829e+04 1.070317e+04
1.075841e+04 1.087739e+04 1.098137e+04 1.065442e+04
1.115059e+04 1.088019e+04 1.095621e+04 1.107457e+04
1.073407e+04 1.088866e+04 1.092777e+04 1.069497e+04
1.109534e+04 1.088775e+04 1.090725e+04 1.107584e+04
1.100971e+04 1.088207e+04 1.096004e+04 1.093174e+04
1.091452e+04 1.087773e+04 1.097025e+04 1.082201e+04
1.082790e+04 1.087685e+04 1.092428e+04 1.078048e+04
1.093436e+04 1.089237e+04 1.091977e+04 1.090696e+04
1.090925e+04 1.090406e+04 1.092616e+04 1.088715e+04
1.083064e+04 1.089654e+04 1.089853e+04 1.082865e+04
1.084322e+04 1.088511e+04 1.086736e+04 1.086097e+04
1.081035e+04 1.087813e+04 1.083217e+04 1.085631e+04
1.069226e+04 1.087523e+04 1.081651e+04 1.075097e+04
1.076333e+04 1.088763e+04 1.086046e+04 1.079050e+04
1.110338e+04 1.090795e+04 1.092534e+04 1.108599e+04
1.091554e+04 1.090464e+04 1.092099e+04 1.089919e+04
1.097929e+04 1.089091e+04 1.086873e+04 1.100147e+04
1.084369e+04 1.088055e+04 1.084772e+04 1.087652e+04
1.095815e+04 1.087541e+04 1.090128e+04 1.093228e+04
1.091695e+04 1.087342e+04 1.096530e+04 1.082507e+04
1.099353e+04 1.087329e+04 1.095251e+04 1.091431e+04
1.093000e+04 1.087403e+04 1.090858e+04 1.089545e+04
1.054678e+04 1.087495e+04 1.087575e+04 1.054598e+04
1.067436e+04 1.087567e+04 1.085949e+04 1.069054e+04
1.072908e+04 1.088249e+04 1.086887e+04 1.074270e+04
1.096137e+04 1.090051e+04 1.091215e+04 1.094973e+04
1.076996e+04 1.090088e+04 1.091426e+04 1.075658e+04
1.084230e+04 1.088995e+04 1.087053e+04 1.086171e+04
1.104905e+04 1.088154e+04 1.083966e+04 1.109093e+04
1.096626e+04 1.088870e+04 1.086878e+04 1.098618e+04
1.093512e+04 1.090308e+04 1.091854e+04 1.091966e+04
1.094686e+04 1.089811e+04 1.090807e+04 1.093690e+04
1.075327e+04 1.088636e+04 1.084911e+04 1.079053e+04
1.093000e+04 1.087867e+04 1.082603e+04 1.098265e+04
1.094095e+04 1.087774e+04 1.083275e+04 1.098594e+04
1.081817e+04 1.089616e+04 1.082267e+04 1.089166e+04
1.080888e+04 1.090548e+04 1.082062e+04 1.089374e+04
1.082950e+04 1.089559e+04 1.083975e+04 1.088534e+04
1.083305e+04 1.088420e+04 1.085800e+04 1.085925e+04
1.087461e+04 1.087744e+04 1.086743e+04 1.088463e+04
1.094019e+04 1.087434e+04 1.087083e+04 1.094370e+04
1.100058e+04 1.087689e+04 1.087944e+04 1.099802e+04
1.089347e+04 1.088865e+04 1.090637e+04 1.087574e+04
1.084295e+04 1.089182e+04 1.091097e+04 1.082380e+04
1.085818e+04 1.088597e+04 1.089280e+04 1.085135e+04
1.085796e+04 1.087994e+04 1.087063e+04 1.086727e+04
1.092820e+04 1.087660e+04 1.086036e+04 1.094443e+04
1.086900e+04 1.087510e+04 1.085934e+04 1.088476e+04
1.092135e+04 1.087477e+04 1.086116e+04 1.093495e+04
1.092956e+04 1.087588e+04 1.086545e+04 1.094000e+04
1.087867e+04 1.088579e+04 1.089044e+04 1.087402e+04
1.094202e+04 1.089580e+04 1.091516e+04 1.092265e+04
1.098437e+04 1.089235e+04 1.090651e+04 1.097021e+04
1.095084e+04 1.088429e+04 1.088245e+04 1.095267e+04
1.096757e+04 1.087872e+04 1.086512e+04 1.098118e+04
1.081632e+04 1.088607e+04 1.088512e+04 1.081727e+04
1.097451e+04 1.090588e+04 1.093678e+04 1.094361e+04
1.076242e+04 1.090470e+04 1.093596e+04 1.073116e+04
1.086999e+04 1.089144e+04 1.089747e+04 1.086396e+04
1.086065e+04 1.088106e+04 1.084960e+04 1.089211e+04
1.089660e+04 1.087554e+04 1.083506e+04 1.093709e+04
1.089341e+04 1.087647e+04 1.085074e+04 1.091915e+04
1.088089e+04 1.089884e+04 1.091681e+04 1.086292e+04
1.111341e+04 1.091445e+04 1.096095e+04 1.106691e+04
1.081556e+04 1.090439e+04 1.093883e+04 1.078112e+04
1.084282e+04 1.088864e+04 1.090078e+04 1.083067e+04
1.078424e+04 1.087883e+04 1.087627e+04 1.078681e+04
1.095911e+04 1.087760e+04 1.087245e+04 1.096426e+04
1.072232e+04 1.088510e+04 1.089022e+04 1.071721e+04
1.078785e+04 1.088567e+04 1.089126e+04 1.078225e+04
1.087354e+04 1.088093e+04 1.087963e+04 1.087484e+04
1.088679e+04 1.087725e+04 1.090577e+04 1.085827e+04
1.113422e+04 1.087540e+04 1.098108e+04 1.102854e+04
1.098289e+04 1.087671e+04 1.097602e+04 1.088357e+04
1.089813e+04 1.088652e+04 1.095035e+04 1.083430e+04
1.091711e+04 1.089062e+04 1.092189e+04 1.088584e+04
1.079398e+04 1.088555e+04 1.088958e+04 1.078996e+04
1.073571e+04 1.087983e+04 1.086253e+04 1.075302e+04
1.087020e+04 1.087686e+04 1.085220e+04 1.089485e+04
1.077782e+04 1.088200e+04 1.086991e+04 1.078991e+04
1.084022e+04 1.089049e+04 1.089704e+04 1.083367e+04
1.094961e+04 1.088826e+04 1.089441e+04 1.094347e+04
1.082993e+04 1.088191e+04 1.087593e+04 1.083590e+04
1.088400e+04 1.088038e+04 1.087307e+04 1.089131e+04
1.078755e+04 1.090008e+04 1.092497e+04 1.076266e+04
1.102886e+04 1.091742e+04 1.097030e+04 1.097598e+04
1.095118e+04 1.090724e+04 1.094526e+04 1.091315e+04
1.079896e+04 1.089005e+04 1.087443e+04 1.081458e+04
1.062190e+04 1.087915e+04 1.082925e+04 1.067180e+04
1.078507e+04 1.087392e+04 1.083111e+04 1.082787e+04
1.071777e+04 1.087286e+04 1.084575e+04 1.074488e+04
1.096904e+04 1.088765e+04 1.084034e+04 1.101634e+04
1.081046e+04 1.090572e+04 1.082783e+04 1.088835e+04
1.085982e+04 1.090066e+04 1.083979e+04 1.092068e+04
1.074721e+04 1.088812e+04 1.085784e+04 1.077749e+04
1.082483e+04 1.087919e+04 1.087017e+04 1.083385e+04
1.095948e+04 1.087485e+04 1.087586e+04 1.095847e+04
1.092719e+04 1.087323e+04 1.087712e+04 1.092330e+04
1.093000e+04 1.087334e+04 1.087661e+04 1.092674e+04
1.085372e+04 1.087923e+04 1.088796e+04 1.084498e+04
1.094926e+04 1.088995e+04 1.091102e+04 1.092819e+04
1.082582e+04 1.088964e+04 1.090798e+04 1.080748e+04
1.120261e+04 1.088331e+04 1.089113e+04 1.119479e+04
1.076460e+04 1.088049e+04 1.087598e+04 1.076911e+04
1.089545e+04 1.089778e+04 1.084498e+04 1.094824e+04
1.095341e+04 1.091474e+04 1.082016e+04 1.104799e+04
1.092496e+04 1.090557e+04 1.083086e+04 1.099967e+04
1.089692e+04 1.088935e+04 1.085256e+04 1.093372e+04
1.100845e+04 1.087908e+04 1.086746e+04 1.102007e+04
1.079270e+04 1.087906e+04 1.088655e+04 1.078521e+04
1.080389e+04 1.088909e+04 1.091757e+04 1.077541e+04
1.112443e+04 1.088996e+04 1.091905e+04 1.109533e+04
1.088617e+04 1.088336e+04 1.089931e+04 1.087022e+04
1.086345e+04 1.087796e+04 1.088241e+04 1.085901e+04
1.089307e+04 1.087517e+04 1.087283e+04 1.089541e+04
1.066975e+04 1.087407e+04 1.086857e+04 1.067525e+04
1.089350e+04 1.087398e+04 1.088597e+04 1.088150e+04
1.092890e+04 1.087437e+04 1.095631e+04 1.084696e+04
1.092487e+04 1.087486e+04 1.098665e+04 1.081307e+04
1.097160e+04 1.087525e+04 1.094967e+04 1.089717e+04
1.079115e+04 1.087642e+04 1.090260e+04 1.076497e+04
1.109807e+04 1.089193e+04 1.085636e+04 1.113364e+04
1.061216e+04 1.090741e+04 1.082442e+04 1.069515e+04
1.066096e+04 1.090037e+04 1.082955e+04 1.073178e+04
1.076384e+04 1.088744e+04 1.084723e+04 1.080405e+04
1.078844e+04 1.088309e+04 1.085536e+04 1.081617e+04
1.070413e+04 1.089807e+04 1.083909e+04 1.076311e+04
1.080858e+04 1.090114e+04 1.083856e+04 1.087116e+04
1.104782e+04 1.089012e+04 1.090972e+04 1.102823e+04
1.099048e+04 1.088016e+04 1.097429e+04 1.089636e+04
1.091028e+04 1.087509e+04 1.095251e+04 1.083287e+04
1.088116e+04 1.088532e+04 1.089534e+04 1.087114e+04
1.086204e+04 1.090786e+04 1.083833e+04 1.093158e+04
1.085506e+04 1.090640e+04 1.082625e+04 1.093521e+04
1.076947e+04 1.089187e+04 1.087104e+04 1.079029e+04
1.120964e+04 1.088016e+04 1.095817e+04 1.113163e+04
1.087481e+04 1.087419e+04 1.096013e+04 1.078887e+04
1.073534e+04 1.087176e+04 1.091913e+04 1.068798e+04
1.080144e+04 1.087147e+04 1.088717e+04 1.078574e+04
1.103538e+04 1.087217e+04 1.088577e+04 1.102178e+04
1.109220e+04 1.087311e+04 1.094628e+04 1.101903e+04
1.094678e+04 1.087384e+04 1.097797e+04 1.084265e+04
1.088164e+04 1.087430e+04 1.094237e+04 1.081357e+04
1.103613e+04 1.087451e+04 1.089894e+04 1.101170e+04
1.110040e+04 1.087521e+04 1.087169e+04 1.110393e+04
1.101999e+04 1.089027e+04 1.084091e+04 1.106935e+04
1.096199e+04 1.091001e+04 1.081332e+04 1.105869e+04
1.082004e+04 1.090482e+04 1.082094e+04 1.090393e+04
1.085525e+04 1.088992e+04 1.084212e+04 1.090305e+04
1.084007e+04 1.087914e+04 1.085812e+04 1.086108e+04
1.113384e+04 1.087655e+04 1.087449e+04 1.113591e+04
1.126000e+04 1.089625e+04 1.093158e+04 1.122466e+04
1.104475e+04 1.091111e+04 1.096896e+04 1.098690e+04
1.092207e+04 1.090087e+04 1.092750e+04 1.089543e+04
1.077930e+04 1.088600e+04 1.086876e+04 1.079655e+04
1.071732e+04 1.088374e+04 1.086641e+04 1.073465e+04
1.065619e+04 1.089872e+04 1.091532e+04 1.063959e+04
1.082058e+04 1.089805e+04 1.092008e+04 1.079855e+04
1.087017e+04 1.088644e+04 1.086551e+04 1.089109e+04
1.097746e+04 1.087786e+04 1.082927e+04 1.102605e+04
1.104345e+04 1.088704e+04 1.086777e+04 1.106272e+04
1.093453e+04 1.090779e+04 1.093682e+04 1.090550e+04
1.084004e+04 1.090485e+04 1.094032e+04 1.080458e+04
1.112264e+04 1.089000e+04 1.090842e+04 1.110423e+04
1.090396e+04 1.087890e+04 1.088223e+04 1.090062e+04
1.079477e+04 1.087320e+04 1.086741e+04 1.080057e+04
1.084569e+04 1.087121e+04 1.086088e+04 1.085603e+04
1.084118e+04 1.087808e+04 1.085084e+04 1.086843e+04
1.074568e+04 1.090487e+04 1.082020e+04 1.083035e+04
1.065276e+04 1.091631e+04 1.080936e+04 1.075971e+04
1.067238e+04 1.090242e+04 1.082979e+04 1.074500e+04
1.089071e+04 1.088671e+04 1.085166e+04 1.092577e+04
1.080138e+04 1.088299e+04 1.087859e+04 1.080578e+04
1.113567e+04 1.088906e+04 1.090883e+04 1.111590e+04
1.089938e+04 1.088704e+04 1.090767e+04 1.087875e+04
1.103616e+04 1.088040e+04 1.088883e+04 1.102774e+04
1.095275e+04 1.087608e+04 1.086974e+04 1.095909e+04
1.093814e+04 1.087453e+04 1.085649e+04 1.095618e+04
1.065409e+04 1.088531e+04 1.084063e+04 1.069876e+04
1.091083e+04 1.090526e+04 1.081861e+04 1.099748e+04
1.090057e+04 1.090344e+04 1.082400e+04 1.098002e+04
1.079443e+04 1.089086e+04 1.084237e+04 1.084292e+04
1.095955e+04 1.088113e+04 1.090344e+04 1.093723e+04
1.091938e+04 1.087636e+04 1.097108e+04 1.082466e+04
1.124345e+04 1.087798e+04 1.096177e+04 1.115965e+04
1.086755e+04 1.088810e+04 1.093967e+04 1.081598e+04
1.076638e+04 1.088995e+04 1.090955e+04 1.074678e+04
1.079635e+04 1.088488e+04 1.089555e+04 1.078568e+04
1.092209e+04 1.088053e+04 1.095851e+04 1.084411e+04
1.109292e+04 1.087831e+04 1.096411e+04 1.100712e+04
1.097556e+04 1.087841e+04 1.091642e+04 1.093756e+04
1.075949e+04 1.088734e+04 1.089685e+04 1.074998e+04
1.081034e+04 1.089546e+04 1.089323e+04 1.081257e+04
1.067426e+04 1.089202e+04 1.087426e+04 1.069203e+04
1.096853e+04 1.088577e+04 1.085558e+04 1.099872e+04
1.087755e+04 1.088168e+04 1.084598e+04 1.091325e+04
1.082281e+04 1.087991e+04 1.084319e+04 1.085953e+04
