0.6 8.047115e+03 8.025212e+03 8.040319e+03 8.062223e+03
1.6 8.120327e+03 8.050300e+03 8.066533e+03 8.136560e+03
2.6 8.274365e+03 8.131648e+03 8.148991e+03 8.291708e+03
3.6 8.287973e+03 8.216120e+03 8.234522e+03 8.306376e+03
4.6 8.435299e+03 8.262852e+03 8.282223e+03 8.454670e+03
5.6 8.341206e+03 8.280401e+03 8.300666e+03 8.361472e+03
6.6 8.319532e+03 8.281621e+03 8.302742e+03 8.340653e+03
7.6 8.293482e+03 8.276256e+03 8.298214e+03 8.315440e+03
8.6 8.219842e+03 8.269460e+03 8.292246e+03 8.242628e+03
9.6 8.150273e+03 8.264353e+03 8.287962e+03 8.173882e+03
10.6 8.243451e+03 8.261356e+03 8.285783e+03 8.267878e+03
11.6 8.254279e+03 8.260312e+03 8.285551e+03 8.279518e+03
12.6 8.193519e+03 8.260434e+03 8.286476e+03 8.219561e+03
13.6 8.201751e+03 8.261172e+03 8.288008e+03 8.228587e+03
14.6 8.112960e+03 8.262211e+03 8.289831e+03 8.140580e+03
15.6 8.105938e+03 8.263358e+03 8.291753e+03 8.134333e+03
16.6 8.379691e+03 8.264537e+03 8.293697e+03 8.408850e+03
17.6 8.388495e+03 8.262454e+03 8.292368e+03 8.418409e+03
18.6 8.435039e+03 8.213639e+03 8.244299e+03 8.465698e+03
19.6 8.191637e+03 8.125978e+03 8.157377e+03 8.223036e+03
20.6 8.040931e+03 8.058150e+03 8.090304e+03 8.073086e+03
21.6 8.082240e+03 8.029463e+03 8.060984e+03 8.113761e+03
22.6 8.023667e+03 8.040270e+03 8.054990e+03 8.038387e+03
23.6 8.127444e+03 8.076378e+03 8.060596e+03 8.111662e+03
24.6 8.147830e+03 8.107769e+03 8.070108e+03 8.110169e+03
25.6 7.982341e+03 8.127039e+03 8.079546e+03 7.934847e+03
26.6 8.128910e+03 8.135911e+03 8.086751e+03 8.079750e+03
27.6 8.195538e+03 8.138852e+03 8.091785e+03 8.148471e+03
28.6 8.090025e+03 8.138854e+03 8.095236e+03 8.046407e+03
29.6 8.059732e+03 8.138024e+03 8.097662e+03 8.019371e+03
30.6 8.196096e+03 8.137360e+03 8.099586e+03 8.158322e+03
31.6 8.157661e+03 8.137237e+03 8.101256e+03 8.121679e+03
32.6 8.297910e+03 8.137542e+03 8.102809e+03 8.263177e+03
33.6 8.159460e+03 8.138106e+03 8.104301e+03 8.125655e+03
