0.6 8.874674e+03 8.855736e+03 8.870802e+03 8.889739e+03
1.6 9.097674e+03 8.891171e+03 8.906659e+03 9.113162e+03
2.6 9.219709e+03 9.003552e+03 9.019456e+03 9.235613e+03
3.6 9.190028e+03 9.120153e+03 9.136454e+03 9.206329e+03
4.6 9.239472e+03 9.185036e+03 9.201705e+03 9.256141e+03
5.6 9.259391e+03 9.209922e+03 9.226934e+03 9.276404e+03
6.6 9.244022e+03 9.212433e+03 9.229773e+03 9.261362e+03
7.6 9.258753e+03 9.205922e+03 9.223579e+03 9.276410e+03
8.6 9.143893e+03 9.197448e+03 9.215416e+03 9.161860e+03
9.6 9.124939e+03 9.191284e+03 9.209556e+03 9.143211e+03
10.6 9.168759e+03 9.188005e+03 9.206575e+03 9.187329e+03
11.6 9.215511e+03 9.187393e+03 9.206257e+03 9.234375e+03
12.6 9.234720e+03 9.188372e+03 9.207522e+03 9.253870e+03
13.6 9.186547e+03 9.190188e+03 9.209618e+03 9.205977e+03
14.6 9.084801e+03 9.192409e+03 9.212113e+03 9.104505e+03
15.6 9.107897e+03 9.194770e+03 9.214741e+03 9.127868e+03
16.6 9.207605e+03 9.197167e+03 9.217400e+03 9.227838e+03
17.6 9.223153e+03 9.195095e+03 9.215583e+03 9.243641e+03
18.6 9.320550e+03 9.129090e+03 9.149828e+03 9.341287e+03
19.6 9.058906e+03 9.009944e+03 9.030926e+03 9.079888e+03
20.6 8.916127e+03 8.917949e+03 8.939177e+03 8.937355e+03
21.6 8.870399e+03 8.878847e+03 8.899069e+03 8.890621e+03
22.6 8.919534e+03 8.886045e+03 8.890870e+03 8.924359e+03
23.6 8.985603e+03 8.921299e+03 8.898539e+03 8.962843e+03
24.6 8.973319e+03 8.954219e+03 8.911550e+03 8.930650e+03
25.6 8.881843e+03 8.976313e+03 8.924461e+03 8.829990e+03
26.6 8.957779e+03 8.988078e+03 8.934317e+03 8.904017e+03
27.6 8.969461e+03 8.993518e+03 8.941202e+03 8.917145e+03
28.6 8.990093e+03 8.995578e+03 8.945922e+03 8.940437e+03
29.6 8.940057e+03 8.996402e+03 8.949241e+03 8.892896e+03
30.6 9.106139e+03 8.997129e+03 8.951874e+03 9.060884e+03
31.6 9.052797e+03 8.998212e+03 8.954157e+03 9.008742e+03
32.6 9.144894e+03 8.999615e+03 8.956282e+03 9.101561e+03
33.6 9.044846e+03 9.001216e+03 8.958323e+03 9.001952e+03
