7.878720e+03 7.796810e+03 7.759453e+03 7.916076e+03
7.897482e+03 7.798159e+03 7.762356e+03 7.933286e+03
7.928323e+03 7.799619e+03 7.765469e+03 7.962474e+03
8.047778e+03 7.814187e+03 7.794786e+03 8.067180e+03
8.162002e+03 7.860096e+03 7.886767e+03 8.135331e+03
8.103774e+03 7.907728e+03 7.982177e+03 8.029325e+03
8.231204e+03 7.934307e+03 8.035459e+03 8.130051e+03
8.147523e+03 7.944602e+03 8.056155e+03 8.035970e+03
8.174121e+03 7.945788e+03 8.058613e+03 8.061296e+03
8.119704e+03 7.943300e+03 8.053703e+03 8.009301e+03
8.034691e+03 7.940011e+03 8.047174e+03 7.927528e+03
7.918070e+03 7.937661e+03 8.042506e+03 7.813224e+03
8.081587e+03 7.936485e+03 8.040170e+03 7.977902e+03
8.044794e+03 7.936395e+03 8.039988e+03 7.941201e+03
8.031472e+03 7.936951e+03 8.041084e+03 7.927339e+03
7.994994e+03 7.937847e+03 8.042844e+03 7.889997e+03
7.912325e+03 7.938907e+03 8.044918e+03 7.806314e+03
7.936308e+03 7.940023e+03 8.047090e+03 7.829242e+03
8.078973e+03 7.941153e+03 8.049276e+03 7.970851e+03
8.059161e+03 7.940462e+03 8.047805e+03 7.951818e+03
8.239186e+03 7.913730e+03 7.994242e+03 8.158674e+03
7.919169e+03 7.865353e+03 7.897375e+03 7.887147e+03
7.784776e+03 7.828030e+03 7.822605e+03 7.790201e+03
7.739293e+03 7.812434e+03 7.788475e+03 7.763252e+03
7.719414e+03 7.817868e+03 7.764243e+03 7.773039e+03
7.736380e+03 7.836572e+03 7.739315e+03 7.833638e+03
7.769109e+03 7.853162e+03 7.727313e+03 7.894957e+03
7.613008e+03 7.863718e+03 7.727214e+03 7.749511e+03
7.710420e+03 7.868963e+03 7.732757e+03 7.846626e+03
7.723720e+03 7.871122e+03 7.739631e+03 7.855211e+03
7.689682e+03 7.871718e+03 7.746099e+03 7.815301e+03
7.605758e+03 7.871834e+03 7.751241e+03 7.726351e+03
7.925203e+03 7.871997e+03 7.755165e+03 8.042036e+03
7.773941e+03 7.872410e+03 7.758016e+03 7.888335e+03
7.873207e+03 7.873024e+03 7.760202e+03 7.986029e+03
7.750692e+03 7.873759e+03 7.762005e+03 7.862446e+03
7.894785e+03 7.874555e+03 7.763589e+03 8.005751e+03
7.810524e+03 7.875369e+03 7.765061e+03 7.920833e+03
7.828143e+03 7.876183e+03 7.766466e+03 7.937860e+03
7.809062e+03 7.876980e+03 7.767839e+03 7.918203e+03
7.750942e+03 7.874768e+03 7.775166e+03 7.850544e+03
7.762826e+03 7.862742e+03 7.802055e+03 7.823513e+03
7.786478e+03 7.848760e+03 7.832791e+03 7.802447e+03
7.842736e+03 7.840979e+03 7.851062e+03 7.832654e+03
7.791819e+03 7.838488e+03 7.858464e+03 7.771843e+03
7.872769e+03 7.838973e+03 7.859180e+03 7.852562e+03
7.818962e+03 7.840752e+03 7.857204e+03 7.802510e+03
7.832676e+03 7.842845e+03 7.854925e+03 7.820596e+03
7.914928e+03 7.844667e+03 7.853485e+03 7.906110e+03
7.817673e+03 7.846097e+03 7.852954e+03 7.810815e+03
7.825993e+03 7.847190e+03 7.853120e+03 7.820063e+03
7.781852e+03 7.848037e+03 7.853732e+03 7.776158e+03
7.742045e+03 7.848751e+03 7.854536e+03 7.736260e+03
7.791390e+03 7.849389e+03 7.855405e+03 7.785374e+03
7.789141e+03 7.849989e+03 7.856273e+03 7.782857e+03
7.786780e+03 7.850566e+03 7.857119e+03 7.780227e+03
7.757096e+03 7.851124e+03 7.857935e+03 7.750285e+03
7.863748e+03 7.851667e+03 7.858724e+03 7.856692e+03
7.839943e+03 7.852197e+03 7.859484e+03 7.832655e+03
7.837391e+03 7.852712e+03 7.860216e+03 7.829888e+03
7.804096e+03 7.853214e+03 7.860950e+03 7.796360e+03
7.800616e+03 7.853703e+03 7.862135e+03 7.792183e+03
7.801169e+03 7.854178e+03 7.863810e+03 7.791537e+03
7.780432e+03 7.854640e+03 7.865224e+03 7.769848e+03
8.035639e+03 7.855088e+03 7.866204e+03 8.024524e+03
7.829314e+03 7.855524e+03 7.866821e+03 7.818016e+03
8.038494e+03 7.855946e+03 7.866428e+03 8.028012e+03
7.945132e+03 7.856356e+03 7.865150e+03 7.936339e+03
7.822558e+03 7.856753e+03 7.864286e+03 7.815024e+03
7.856490e+03 7.857137e+03 7.864098e+03 7.849530e+03
7.878578e+03 7.857509e+03 7.864358e+03 7.871730e+03
7.848797e+03 7.857868e+03 7.864839e+03 7.841826e+03
7.873940e+03 7.858215e+03 7.865389e+03 7.866766e+03
7.838160e+03 7.858550e+03 7.865916e+03 7.830795e+03
7.829483e+03 7.858873e+03 7.866385e+03 7.821971e+03
7.802796e+03 7.859183e+03 7.866794e+03 7.795185e+03
7.838214e+03 7.859482e+03 7.867151e+03 7.830546e+03
7.753602e+03 7.859769e+03 7.867468e+03 7.745903e+03
7.828359e+03 7.860045e+03 7.867755e+03 7.820649e+03
7.802273e+03 7.860309e+03 7.868018e+03 7.794565e+03
7.810877e+03 7.860562e+03 7.868258e+03 7.803180e+03
7.818829e+03 7.860803e+03 7.868478e+03 7.811154e+03
7.833392e+03 7.861034e+03 7.868968e+03 7.825457e+03
7.801826e+03 7.861254e+03 7.870522e+03 7.792558e+03
7.770969e+03 7.861462e+03 7.872301e+03 7.760130e+03
7.784393e+03 7.861660e+03 7.873457e+03 7.772597e+03
7.796316e+03 7.861848e+03 7.873961e+03 7.784203e+03
7.823168e+03 7.862028e+03 7.874099e+03 7.811097e+03
7.908452e+03 7.862999e+03 7.872462e+03 7.898989e+03
7.806951e+03 7.866589e+03 7.865516e+03 7.808023e+03
7.782792e+03 7.870689e+03 7.857531e+03 7.795950e+03
7.791153e+03 7.873112e+03 7.852907e+03 7.811358e+03
7.783034e+03 7.874113e+03 7.851128e+03 7.806018e+03
7.795868e+03 7.874284e+03 7.851000e+03 7.819152e+03
7.785678e+03 7.874104e+03 7.851553e+03 7.808228e+03
7.829917e+03 7.873826e+03 7.852273e+03 7.851470e+03
7.808329e+03 7.873608e+03 7.852843e+03 7.829094e+03
7.811292e+03 7.873479e+03 7.853205e+03 7.831566e+03
7.777695e+03 7.873435e+03 7.853363e+03 7.797767e+03
8.002074e+03 7.873440e+03 7.853391e+03 8.022123e+03
8.108532e+03 7.873469e+03 7.853340e+03 8.128661e+03
8.045989e+03 7.873506e+03 7.853243e+03 8.066252e+03
8.012730e+03 7.873541e+03 7.853119e+03 8.033152e+03
7.937345e+03 7.873571e+03 7.852975e+03 7.957941e+03
7.930397e+03 7.873517e+03 7.852972e+03 7.950942e+03
7.883380e+03 7.871615e+03 7.856634e+03 7.898361e+03
7.877738e+03 7.867610e+03 7.864475e+03 7.880873e+03
7.825516e+03 7.864245e+03 7.871009e+03 7.818753e+03
7.811477e+03 7.862633e+03 7.874011e+03 7.800098e+03
7.834870e+03 7.862165e+03 7.874652e+03 7.822382e+03
7.970029e+03 7.862277e+03 7.873270e+03 7.959036e+03
8.004869e+03 7.862598e+03 7.870658e+03 7.996809e+03
7.937100e+03 7.862927e+03 7.868339e+03 7.931689e+03
7.912383e+03 7.863155e+03 7.866921e+03 7.908617e+03
7.964368e+03 7.863276e+03 7.866146e+03 7.961498e+03
7.976908e+03 7.863317e+03 7.865740e+03 7.974485e+03
7.833703e+03 7.863303e+03 7.865502e+03 7.831504e+03
7.797715e+03 7.863260e+03 7.865304e+03 7.795671e+03
7.845627e+03 7.863200e+03 7.865079e+03 7.843748e+03
7.820313e+03 7.863130e+03 7.864813e+03 7.818630e+03
7.823142e+03 7.863053e+03 7.864511e+03 7.821684e+03
7.805873e+03 7.862971e+03 7.864183e+03 7.804661e+03
7.837662e+03 7.862884e+03 7.863838e+03 7.836708e+03
7.821507e+03 7.862793e+03 7.863481e+03 7.820819e+03
7.797981e+03 7.862697e+03 7.863114e+03 7.797564e+03
7.762030e+03 7.862598e+03 7.862740e+03 7.761888e+03
7.713450e+03 7.862495e+03 7.862610e+03 7.713334e+03
7.758052e+03 7.862388e+03 7.863591e+03 7.756849e+03
7.729982e+03 7.862278e+03 7.864824e+03 7.727436e+03
7.698262e+03 7.862164e+03 7.865438e+03 7.694988e+03
7.748976e+03 7.862048e+03 7.865440e+03 7.745584e+03
7.719578e+03 7.861929e+03 7.865072e+03 7.716436e+03
7.717320e+03 7.862511e+03 7.863134e+03 7.716698e+03
7.732945e+03 7.865713e+03 7.855910e+03 7.742747e+03
7.762214e+03 7.869507e+03 7.847515e+03 7.784206e+03
7.727483e+03 7.871832e+03 7.842088e+03 7.757227e+03
7.721884e+03 7.872622e+03 7.839766e+03 7.754739e+03
7.749636e+03 7.872580e+03 7.839125e+03 7.783091e+03
7.732591e+03 7.872169e+03 7.839234e+03 7.765525e+03
7.734742e+03 7.871667e+03 7.839527e+03 7.766882e+03
7.768672e+03 7.871211e+03 7.839727e+03 7.800156e+03
7.758935e+03 7.870864e+03 7.839708e+03 7.790091e+03
7.775904e+03 7.870604e+03 7.839513e+03 7.806995e+03
7.820929e+03 7.870408e+03 7.839190e+03 7.852147e+03
7.841220e+03 7.870245e+03 7.838800e+03 7.872666e+03
7.777269e+03 7.870099e+03 7.838379e+03 7.808990e+03
7.810814e+03 7.869961e+03 7.837943e+03 7.842832e+03
7.825058e+03 7.869827e+03 7.837503e+03 7.857382e+03
7.846488e+03 7.869637e+03 7.837177e+03 7.878948e+03
7.827433e+03 7.867816e+03 7.840116e+03 7.855134e+03
7.701325e+03 7.863629e+03 7.847792e+03 7.717162e+03
7.753332e+03 7.860118e+03 7.854124e+03 7.759326e+03
7.775962e+03 7.858852e+03 7.858384e+03 7.776430e+03
7.887662e+03 7.872461e+03 7.887409e+03 7.872715e+03
7.920442e+03 7.903464e+03 7.948802e+03 7.875104e+03
7.845273e+03 7.930135e+03 8.000560e+03 7.774848e+03
8.251652e+03 7.943129e+03 8.024930e+03 8.169851e+03
8.026337e+03 7.947008e+03 8.031377e+03 7.941967e+03
8.027862e+03 7.946091e+03 8.028665e+03 7.945288e+03
7.949111e+03 7.943395e+03 8.022707e+03 7.869800e+03
7.997955e+03 7.940508e+03 8.016551e+03 7.921912e+03
8.112319e+03 7.938333e+03 8.011925e+03 8.038727e+03
8.031243e+03 7.936904e+03 8.008834e+03 7.959313e+03
8.040746e+03 7.936108e+03 8.007029e+03 7.969826e+03
8.044312e+03 7.935678e+03 8.005960e+03 7.974030e+03
8.027306e+03 7.935440e+03 8.005274e+03 7.957472e+03
8.014394e+03 7.935297e+03 8.004779e+03 7.944912e+03
7.954835e+03 7.935195e+03 8.004365e+03 7.885665e+03
7.912484e+03 7.935112e+03 8.003987e+03 7.843610e+03
8.055450e+03 7.931585e+03 7.996716e+03 7.990318e+03
8.027163e+03 7.907727e+03 7.948784e+03 7.986106e+03
7.997268e+03 7.876543e+03 7.886195e+03 7.987615e+03
8.040364e+03 7.855762e+03 7.844413e+03 8.051712e+03
8.017038e+03 7.847467e+03 7.827606e+03 8.036899e+03
7.998013e+03 7.846153e+03 7.824773e+03 8.019393e+03
7.903672e+03 7.848122e+03 7.828375e+03 7.923419e+03
7.754619e+03 7.850971e+03 7.833103e+03 7.772488e+03
7.838043e+03 7.853560e+03 7.837086e+03 7.854517e+03
7.824468e+03 7.855320e+03 7.839796e+03 7.839992e+03
7.845685e+03 7.856369e+03 7.841451e+03 7.860602e+03
8.016747e+03 7.856937e+03 7.842361e+03 8.031323e+03
8.058447e+03 7.857217e+03 7.842790e+03 8.072874e+03
7.924760e+03 7.857370e+03 7.842992e+03 7.939138e+03
8.007782e+03 7.857469e+03 7.843072e+03 8.022180e+03
7.902625e+03 7.857554e+03 7.843098e+03 7.917081e+03
7.820518e+03 7.857641e+03 7.843105e+03 7.835053e+03
7.886031e+03 7.857734e+03 7.843110e+03 7.900655e+03
7.945111e+03 7.857837e+03 7.843125e+03 7.959823e+03
7.912840e+03 7.857951e+03 7.843159e+03 7.927633e+03
7.823669e+03 7.858078e+03 7.843210e+03 7.838536e+03
7.839417e+03 7.858222e+03 7.843272e+03 7.854367e+03
7.930649e+03 7.858385e+03 7.843352e+03 7.945682e+03
7.974412e+03 7.858564e+03 7.843821e+03 7.989155e+03
7.867053e+03 7.858759e+03 7.844890e+03 7.880922e+03
7.833463e+03 7.858967e+03 7.845882e+03 7.846547e+03
7.941456e+03 7.859187e+03 7.846496e+03 7.954147e+03
7.856734e+03 7.859420e+03 7.846816e+03 7.869338e+03
7.838806e+03 7.859667e+03 7.847002e+03 7.851471e+03
7.822385e+03 7.859927e+03 7.847153e+03 7.835159e+03
7.910974e+03 7.860201e+03 7.847324e+03 7.923850e+03
