8.087630e+03 8.157621e+03 8.022287e+03 8.222963e+03
7.943654e+03 8.157621e+03 8.023651e+03 8.077624e+03
8.047115e+03 8.157621e+03 8.025212e+03 8.179525e+03
8.120327e+03 8.157621e+03 8.050300e+03 8.227648e+03
8.274365e+03 8.157623e+03 8.131648e+03 8.300339e+03
8.287973e+03 8.157659e+03 8.216120e+03 8.229512e+03
8.435299e+03 8.157766e+03 8.262852e+03 8.330213e+03
8.341206e+03 8.157927e+03 8.280401e+03 8.218732e+03
8.319532e+03 8.158107e+03 8.281621e+03 8.196019e+03
8.293482e+03 8.158288e+03 8.276256e+03 8.175514e+03
8.219842e+03 8.158457e+03 8.269460e+03 8.108839e+03
8.150273e+03 8.158613e+03 8.264353e+03 8.044534e+03
8.243451e+03 8.158756e+03 8.261356e+03 8.140851e+03
8.254279e+03 8.158888e+03 8.260312e+03 8.152856e+03
8.193519e+03 8.159010e+03 8.260434e+03 8.092095e+03
8.201751e+03 8.159123e+03 8.261172e+03 8.099703e+03
8.112960e+03 8.159228e+03 8.262211e+03 8.009977e+03
8.105938e+03 8.159326e+03 8.263358e+03 8.001905e+03
8.379691e+03 8.159415e+03 8.264537e+03 8.274568e+03
8.388495e+03 8.159497e+03 8.262454e+03 8.285538e+03
8.435039e+03 8.159571e+03 8.213639e+03 8.380971e+03
8.191637e+03 8.159633e+03 8.125978e+03 8.225292e+03
8.040931e+03 8.159662e+03 8.058150e+03 8.142444e+03
8.082240e+03 8.159654e+03 8.029463e+03 8.212431e+03
8.023667e+03 8.159621e+03 8.040270e+03 8.143018e+03
8.127444e+03 8.159577e+03 8.076378e+03 8.210643e+03
8.147830e+03 8.159528e+03 8.107769e+03 8.199589e+03
7.982341e+03 8.159478e+03 8.127039e+03 8.014779e+03
8.128910e+03 8.159426e+03 8.135911e+03 8.152425e+03
8.195538e+03 8.159373e+03 8.138852e+03 8.216059e+03
8.090025e+03 8.159316e+03 8.138854e+03 8.110488e+03
8.059732e+03 8.159256e+03 8.138024e+03 8.080965e+03
8.196096e+03 8.159191e+03 8.137360e+03 8.217927e+03
8.157661e+03 8.159122e+03 8.137237e+03 8.179545e+03
8.297910e+03 8.159047e+03 8.137542e+03 8.319416e+03
8.159460e+03 8.158968e+03 8.138106e+03 8.180322e+03
8.228024e+03 8.158883e+03 8.138808e+03 8.248099e+03
8.181619e+03 8.158793e+03 8.139558e+03 8.200855e+03
8.217523e+03 8.158698e+03 8.140320e+03 8.235901e+03
8.107933e+03 8.158597e+03 8.141062e+03 8.125468e+03
8.078658e+03 8.158490e+03 8.135760e+03 8.101388e+03
8.157968e+03 8.158377e+03 8.110724e+03 8.205621e+03
8.100516e+03 8.158258e+03 8.081764e+03 8.177010e+03
8.128187e+03 8.158132e+03 8.065333e+03 8.220986e+03
8.130522e+03 8.158001e+03 8.067310e+03 8.221212e+03
8.227061e+03 8.157862e+03 8.098530e+03 8.286393e+03
8.200461e+03 8.157717e+03 8.133699e+03 8.224479e+03
8.207012e+03 8.157565e+03 8.156227e+03 8.208351e+03
8.226895e+03 8.157407e+03 8.165822e+03 8.218480e+03
8.186435e+03 8.157241e+03 8.168188e+03 8.175487e+03
8.267696e+03 8.157068e+03 8.167035e+03 8.257729e+03
8.193883e+03 8.156887e+03 8.164885e+03 8.185885e+03
8.152605e+03 8.156700e+03 8.162971e+03 8.146334e+03
8.156852e+03 8.156505e+03 8.161856e+03 8.151501e+03
8.234835e+03 8.156301e+03 8.161412e+03 8.229724e+03
8.202399e+03 8.156090e+03 8.161406e+03 8.197083e+03
8.175548e+03 8.155870e+03 8.161654e+03 8.169764e+03
8.056614e+03 8.155641e+03 8.162005e+03 8.050251e+03
8.133700e+03 8.155404e+03 8.162394e+03 8.126709e+03
8.182762e+03 8.155158e+03 8.162787e+03 8.175133e+03
8.142847e+03 8.154903e+03 8.162175e+03 8.135576e+03
8.170457e+03 8.154639e+03 8.145037e+03 8.180059e+03
8.113000e+03 8.154366e+03 8.110059e+03 8.157307e+03
8.090863e+03 8.154084e+03 8.083222e+03 8.161725e+03
8.126608e+03 8.153792e+03 8.070456e+03 8.209943e+03
8.116234e+03 8.153490e+03 8.068687e+03 8.201037e+03
8.171086e+03 8.153179e+03 8.092099e+03 8.232166e+03
8.256429e+03 8.152858e+03 8.136754e+03 8.272532e+03
8.146749e+03 8.152527e+03 8.170802e+03 8.128474e+03
8.259488e+03 8.152186e+03 8.187782e+03 8.223892e+03
8.265291e+03 8.151834e+03 8.193143e+03 8.223983e+03
8.223769e+03 8.151473e+03 8.192397e+03 8.182845e+03
8.139822e+03 8.151101e+03 8.189316e+03 8.101607e+03
8.217786e+03 8.150719e+03 8.186184e+03 8.182321e+03
8.193230e+03 8.150327e+03 8.183846e+03 8.159711e+03
8.182847e+03 8.149923e+03 8.182406e+03 8.150365e+03
8.014332e+03 8.149510e+03 8.181706e+03 7.982135e+03
8.021313e+03 8.149085e+03 8.181410e+03 7.988988e+03
8.152855e+03 8.148650e+03 8.181327e+03 8.120178e+03
8.089112e+03 8.148204e+03 8.181326e+03 8.055989e+03
7.972074e+03 8.147747e+03 8.181350e+03 7.938471e+03
8.053528e+03 8.147279e+03 8.181366e+03 8.019440e+03
8.164048e+03 8.146800e+03 8.174388e+03 8.136459e+03
8.096637e+03 8.146310e+03 8.141347e+03 8.101600e+03
8.003116e+03 8.145809e+03 8.102383e+03 8.046542e+03
8.037481e+03 8.145297e+03 8.077977e+03 8.104802e+03
8.012743e+03 8.144774e+03 8.068792e+03 8.088724e+03
8.106675e+03 8.144240e+03 8.067850e+03 8.183065e+03
7.964659e+03 8.143695e+03 8.075103e+03 8.033251e+03
8.009906e+03 8.143139e+03 8.098110e+03 8.054936e+03
8.077874e+03 8.142572e+03 8.123585e+03 8.096861e+03
8.049340e+03 8.141994e+03 8.138519e+03 8.052815e+03
8.072373e+03 8.141405e+03 8.144563e+03 8.069215e+03
8.097589e+03 8.140805e+03 8.145317e+03 8.093078e+03
7.919316e+03 8.140195e+03 8.143788e+03 7.915723e+03
8.053837e+03 8.139573e+03 8.141586e+03 8.051824e+03
8.025680e+03 8.138941e+03 8.139687e+03 8.024934e+03
8.047173e+03 8.138298e+03 8.138296e+03 8.047176e+03
7.950002e+03 8.137645e+03 8.137415e+03 7.950232e+03
8.280664e+03 8.136981e+03 8.136844e+03 8.280801e+03
8.214789e+03 8.136307e+03 8.136440e+03 8.214656e+03
8.099510e+03 8.135622e+03 8.136114e+03 8.099019e+03
8.207693e+03 8.134928e+03 8.135812e+03 8.206809e+03
8.000993e+03 8.134223e+03 8.135513e+03 7.999704e+03
7.981863e+03 8.133509e+03 8.134766e+03 7.980606e+03
7.877862e+03 8.132785e+03 8.123589e+03 7.887059e+03
7.842402e+03 8.132051e+03 8.100530e+03 7.873923e+03
7.776465e+03 8.131308e+03 8.081125e+03 7.826649e+03
7.747081e+03 8.130556e+03 8.071674e+03 7.805963e+03
7.917194e+03 8.129795e+03 8.069888e+03 7.977101e+03
8.246079e+03 8.129025e+03 8.091525e+03 8.283579e+03
8.333361e+03 8.128247e+03 8.133359e+03 8.328249e+03
8.273851e+03 8.127460e+03 8.167221e+03 8.234091e+03
8.252350e+03 8.126666e+03 8.183196e+03 8.195820e+03
8.264048e+03 8.125863e+03 8.187647e+03 8.202264e+03
8.435320e+03 8.125053e+03 8.186157e+03 8.374216e+03
8.096311e+03 8.124236e+03 8.182455e+03 8.038092e+03
8.043649e+03 8.123412e+03 8.178563e+03 7.988498e+03
8.089312e+03 8.122581e+03 8.175580e+03 8.036313e+03
8.034319e+03 8.121744e+03 8.173545e+03 7.982517e+03
8.137618e+03 8.120900e+03 8.172215e+03 8.086304e+03
8.132404e+03 8.120052e+03 8.171339e+03 8.081117e+03
8.251820e+03 8.119197e+03 8.170678e+03 8.200339e+03
8.246057e+03 8.118338e+03 8.170118e+03 8.194277e+03
8.151109e+03 8.117475e+03 8.169593e+03 8.098991e+03
8.121247e+03 8.116607e+03 8.169072e+03 8.068782e+03
8.036788e+03 8.115736e+03 8.162500e+03 7.990024e+03
7.982135e+03 8.114861e+03 8.129040e+03 7.967957e+03
7.967730e+03 8.113984e+03 8.089355e+03 7.992359e+03
8.004533e+03 8.113104e+03 8.064414e+03 8.053224e+03
7.977501e+03 8.112222e+03 8.054066e+03 8.035657e+03
7.991221e+03 8.111339e+03 8.052462e+03 8.050098e+03
8.065294e+03 8.110455e+03 8.058669e+03 8.117080e+03
8.019419e+03 8.109571e+03 8.080623e+03 8.048367e+03
8.160721e+03 8.108687e+03 8.105434e+03 8.163974e+03
8.111210e+03 8.107803e+03 8.120984e+03 8.098030e+03
8.125248e+03 8.106921e+03 8.126882e+03 8.105287e+03
8.152771e+03 8.106041e+03 8.127485e+03 8.131327e+03
8.108122e+03 8.105163e+03 8.125638e+03 8.087647e+03
8.097372e+03 8.104288e+03 8.123122e+03 8.078539e+03
8.184654e+03 8.103417e+03 8.120800e+03 8.167271e+03
8.217925e+03 8.102550e+03 8.119070e+03 8.201405e+03
8.197418e+03 8.101688e+03 8.117828e+03 8.181278e+03
8.296028e+03 8.100832e+03 8.116945e+03 8.279915e+03
8.289311e+03 8.099982e+03 8.116253e+03 8.273040e+03
8.181597e+03 8.099139e+03 8.115656e+03 8.165080e+03
8.189317e+03 8.098304e+03 8.115105e+03 8.172516e+03
8.253203e+03 8.097477e+03 8.114576e+03 8.236105e+03
8.305174e+03 8.096660e+03 8.113731e+03 8.288102e+03
7.974039e+03 8.095851e+03 8.103652e+03 7.966238e+03
7.755624e+03 8.095052e+03 8.080169e+03 7.770506e+03
7.857727e+03 8.094264e+03 8.060511e+03 7.891479e+03
7.964814e+03 8.096039e+03 8.052701e+03 8.008152e+03
8.252747e+03 8.155445e+03 8.109572e+03 8.298620e+03
8.375658e+03 8.285845e+03 8.240851e+03 8.420652e+03
8.283639e+03 8.396917e+03 8.354171e+03 8.326385e+03
8.462285e+03 8.450141e+03 8.409681e+03 8.502745e+03
8.405367e+03 8.465163e+03 8.426545e+03 8.443984e+03
8.403406e+03 8.460373e+03 8.422979e+03 8.440800e+03
8.309929e+03 8.448399e+03 8.411782e+03 8.346546e+03
8.324383e+03 8.435816e+03 8.399703e+03 8.360496e+03
8.493302e+03 8.426364e+03 8.390599e+03 8.529066e+03
8.487135e+03 8.420115e+03 8.384629e+03 8.522621e+03
8.486361e+03 8.416571e+03 8.381330e+03 8.521602e+03
8.479465e+03 8.414584e+03 8.379571e+03 8.514478e+03
8.441137e+03 8.413413e+03 8.378618e+03 8.475932e+03
8.450532e+03 8.412653e+03 8.378069e+03 8.485116e+03
8.297037e+03 8.412069e+03 8.377689e+03 8.331417e+03
8.235124e+03 8.411570e+03 8.377389e+03 8.269305e+03
8.414997e+03 8.396491e+03 8.362510e+03 8.448979e+03
8.412857e+03 8.295432e+03 8.261659e+03 8.446630e+03
8.307812e+03 8.163369e+03 8.129810e+03 8.341370e+03
8.308518e+03 8.075275e+03 8.041932e+03 8.341861e+03
8.256958e+03 8.039965e+03 8.006832e+03 8.290090e+03
8.257851e+03 8.034183e+03 8.001250e+03 8.290784e+03
8.184424e+03 8.042295e+03 8.014377e+03 8.212342e+03
7.921219e+03 8.054134e+03 8.053292e+03 7.922060e+03
8.138051e+03 8.064876e+03 8.098892e+03 8.104035e+03
8.133524e+03 8.072112e+03 8.127626e+03 8.078010e+03
8.132802e+03 8.076342e+03 8.140600e+03 8.068544e+03
8.275423e+03 8.078542e+03 8.144094e+03 8.209871e+03
8.272391e+03 8.079520e+03 8.142968e+03 8.208944e+03
8.082087e+03 8.079959e+03 8.140327e+03 8.021719e+03
8.157375e+03 8.080169e+03 8.137943e+03 8.099601e+03
8.166622e+03 8.080319e+03 8.136342e+03 8.110599e+03
8.096312e+03 8.080475e+03 8.135503e+03 8.041285e+03
8.065079e+03 8.080660e+03 8.135249e+03 8.010490e+03
8.165534e+03 8.080885e+03 8.135323e+03 8.111096e+03
8.132664e+03 8.081157e+03 8.135590e+03 8.078232e+03
7.947522e+03 8.081476e+03 8.135962e+03 7.893037e+03
8.017492e+03 8.081844e+03 8.136413e+03 7.962923e+03
8.145460e+03 8.082261e+03 8.136631e+03 8.091090e+03
8.177825e+03 8.082728e+03 8.123929e+03 8.136624e+03
8.029857e+03 8.083247e+03 8.091213e+03 8.021891e+03
7.993290e+03 8.083818e+03 8.062018e+03 8.015089e+03
8.142149e+03 8.084442e+03 8.046798e+03 8.179792e+03
8.031253e+03 8.085120e+03 8.042693e+03 8.073680e+03
8.012689e+03 8.085853e+03 8.044146e+03 8.054396e+03
8.037993e+03 8.086643e+03 8.047793e+03 8.076843e+03
8.101549e+03 8.087490e+03 8.051715e+03 8.137323e+03
