0.6 1.107241e+04 1.098628e+04 1.098332e+04 1.106944e+04
1.6 1.093575e+04 1.099045e+04 1.099004e+04 1.093533e+04
2.6 1.090559e+04 1.099754e+04 1.100940e+04 1.091745e+04
3.6 1.094369e+04 1.094875e+04 1.101322e+04 1.100816e+04
4.6 1.095131e+04 1.098739e+04 1.100155e+04 1.096547e+04
5.6 1.097759e+04 1.101930e+04 1.099024e+04 1.094853e+04
6.6 1.093038e+04 1.097650e+04 1.098404e+04 1.093792e+04
7.6 1.101208e+04 1.096113e+04 1.098135e+04 1.103229e+04
8.6 1.103450e+04 1.099425e+04 1.098075e+04 1.102099e+04
9.6 1.101443e+04 1.095905e+04 1.098126e+04 1.103664e+04
10.6 1.101824e+04 1.097416e+04 1.098213e+04 1.102621e+04
11.6 1.097025e+04 1.095666e+04 1.098588e+04 1.099947e+04
12.6 1.102987e+04 1.099752e+04 1.100184e+04 1.103419e+04
13.6 1.102358e+04 1.102103e+04 1.100776e+04 1.101032e+04
14.6 1.101252e+04 1.099268e+04 1.099941e+04 1.101925e+04
15.6 1.093253e+04 1.095400e+04 1.099030e+04 1.096883e+04
16.6 1.093998e+04 1.090314e+04 1.098517e+04 1.102202e+04
17.6 1.102918e+04 1.095884e+04 1.098290e+04 1.105323e+04
0.3 1.101824e+04 1.097416e+04 1.098213e+04 1.102621e+04
1.3 1.097025e+04 1.095666e+04 1.098588e+04 1.099947e+04
2.3 1.102987e+04 1.099752e+04 1.100184e+04 1.103419e+04
3.3 1.102358e+04 1.102103e+04 1.100776e+04 1.101032e+04
4.3 1.101252e+04 1.099268e+04 1.099941e+04 1.101925e+04
5.3 1.093253e+04 1.095400e+04 1.099030e+04 1.096883e+04
6.3 1.093998e+04 1.090314e+04 1.098517e+04 1.102202e+04
7.3 1.102918e+04 1.095884e+04 1.098290e+04 1.105323e+04
8.3 1.104847e+04 1.102764e+04 1.098234e+04 1.100317e+04
9.3 1.101368e+04 1.100272e+04 1.098273e+04 1.099369e+04
10.3 1.100015e+04 1.100570e+04 1.098346e+04 1.097791e+04
11.3 1.097829e+04 1.100997e+04 1.098688e+04 1.095520e+04
12.3 1.104904e+04 1.102488e+04 1.100388e+04 1.102803e+04
13.3 1.107018e+04 1.104589e+04 1.101277e+04 1.103707e+04
14.3 1.100731e+04 1.100084e+04 1.100418e+04 1.101065e+04
15.3 1.093397e+04 1.098882e+04 1.099350e+04 1.093865e+04
16.3 1.103667e+04 1.099270e+04 1.099498e+04 1.103895e+04
17.3 1.112928e+04 1.102128e+04 1.100902e+04 1.111702e+04
0.2 1.100015e+04 1.100570e+04 1.098346e+04 1.097791e+04
1.2 1.097829e+04 1.100997e+04 1.098688e+04 1.095520e+04
2.2 1.104904e+04 1.102488e+04 1.100388e+04 1.102803e+04
3.2 1.107018e+04 1.104589e+04 1.101277e+04 1.103707e+04
4.2 1.100731e+04 1.100084e+04 1.100418e+04 1.101065e+04
5.2 1.093397e+04 1.098882e+04 1.099350e+04 1.093865e+04
6.2 1.103667e+04 1.099270e+04 1.099498e+04 1.103895e+04
7.2 1.112928e+04 1.102128e+04 1.100902e+04 1.111702e+04
8.2 1.110810e+04 1.101179e+04 1.100810e+04 1.110441e+04
9.2 1.099800e+04 1.101298e+04 1.099753e+04 1.098255e+04
10.2 1.100433e+04 1.100139e+04 1.098920e+04 1.099215e+04
11.2 1.098917e+04 1.095973e+04 1.098522e+04 1.101466e+04
12.2 1.087459e+04 1.091255e+04 1.098527e+04 1.094731e+04
13.2 1.093192e+04 1.099595e+04 1.099930e+04 1.093527e+04
14.2 1.100592e+04 1.103128e+04 1.100851e+04 1.098315e+04
15.2 1.104245e+04 1.100233e+04 1.100219e+04 1.104231e+04
16.2 1.102557e+04 1.100718e+04 1.099361e+04 1.101200e+04
17.2 1.092296e+04 1.100047e+04 1.098834e+04 1.091083e+04
0.6 1.093397e+04 1.098882e+04 1.099350e+04 1.093865e+04
1.6 1.103667e+04 1.099270e+04 1.099498e+04 1.103895e+04
2.6 1.112928e+04 1.102128e+04 1.100902e+04 1.111702e+04
3.6 1.110810e+04 1.101179e+04 1.100810e+04 1.110441e+04
4.6 1.099800e+04 1.101298e+04 1.099753e+04 1.098255e+04
5.6 1.100433e+04 1.100139e+04 1.098920e+04 1.099215e+04
6.6 1.098917e+04 1.095973e+04 1.098522e+04 1.101466e+04
7.6 1.087459e+04 1.091255e+04 1.098527e+04 1.094731e+04
8.6 1.093192e+04 1.099595e+04 1.099930e+04 1.093527e+04
9.6 1.100592e+04 1.103128e+04 1.100851e+04 1.098315e+04
10.6 1.104245e+04 1.100233e+04 1.100219e+04 1.104231e+04
11.6 1.102557e+04 1.100718e+04 1.099361e+04 1.101200e+04
12.6 1.092296e+04 1.100047e+04 1.098834e+04 1.091083e+04
13.6 1.100812e+04 1.101454e+04 1.098589e+04 1.097946e+04
14.6 1.103779e+04 1.103545e+04 1.098525e+04 1.098759e+04
15.6 1.107193e+04 1.102362e+04 1.098559e+04 1.103389e+04
16.6 1.105971e+04 1.101792e+04 1.098630e+04 1.102809e+04
17.6 1.090998e+04 1.099522e+04 1.098700e+04 1.090176e+04
0.1 1.098917e+04 1.095973e+04 1.098522e+04 1.101466e+04
1.1 1.087459e+04 1.091255e+04 1.098527e+04 1.094731e+04
2.1 1.093192e+04 1.099595e+04 1.099930e+04 1.093527e+04
3.1 1.100592e+04 1.103128e+04 1.100851e+04 1.098315e+04
4.1 1.104245e+04 1.100233e+04 1.100219e+04 1.104231e+04
5.1 1.102557e+04 1.100718e+04 1.099361e+04 1.101200e+04
6.1 1.092296e+04 1.100047e+04 1.098834e+04 1.091083e+04
7.1 1.100812e+04 1.101454e+04 1.098589e+04 1.097946e+04
8.1 1.103779e+04 1.103545e+04 1.098525e+04 1.098759e+04
9.1 1.107193e+04 1.102362e+04 1.098559e+04 1.103389e+04
10.1 1.105971e+04 1.101792e+04 1.098630e+04 1.102809e+04
11.1 1.090998e+04 1.099522e+04 1.098700e+04 1.090176e+04
12.1 1.097463e+04 1.103871e+04 1.098754e+04 1.092347e+04
13.1 1.090803e+04 1.101649e+04 1.098790e+04 1.087944e+04
14.1 1.102866e+04 1.094951e+04 1.098815e+04 1.106729e+04
15.1 1.092619e+04 1.097130e+04 1.098832e+04 1.094320e+04
16.1 1.093919e+04 1.097356e+04 1.098846e+04 1.095408e+04
17.1 1.084277e+04 1.102515e+04 1.098858e+04 1.080620e+04
0.4 1.108546e+04 1.106244e+04 1.098946e+04 1.101247e+04
1.4 1.107857e+04 1.099232e+04 1.099401e+04 1.108026e+04
2.4 1.105889e+04 1.099747e+04 1.100878e+04 1.107021e+04
3.4 1.101862e+04 1.096845e+04 1.101054e+04 1.106070e+04
4.4 1.098401e+04 1.099091e+04 1.100165e+04 1.099475e+04
5.4 1.103602e+04 1.097281e+04 1.099378e+04 1.105699e+04
6.4 1.097848e+04 1.093087e+04 1.098932e+04 1.103693e+04
7.4 1.103043e+04 1.093244e+04 1.098742e+04 1.108542e+04
8.4 1.097818e+04 1.098889e+04 1.098696e+04 1.097625e+04
9.4 1.106951e+04 1.101377e+04 1.098725e+04 1.104299e+04
10.4 1.106434e+04 1.103389e+04 1.098775e+04 1.101820e+04
11.4 1.105886e+04 1.104259e+04 1.098819e+04 1.100445e+04
12.4 1.104341e+04 1.099738e+04 1.098845e+04 1.103447e+04
13.4 1.104345e+04 1.100108e+04 1.098857e+04 1.103093e+04
14.4 1.098257e+04 1.101389e+04 1.098859e+04 1.095728e+04
15.4 1.100307e+04 1.099648e+04 1.098857e+04 1.099516e+04
16.4 1.105710e+04 1.103765e+04 1.098853e+04 1.100798e+04
17.4 1.085644e+04 1.099347e+04 1.098848e+04 1.085145e+04
0.4 1.099991e+04 1.098570e+04 1.098838e+04 1.100259e+04
1.4 1.102880e+04 1.101030e+04 1.099294e+04 1.101145e+04
2.4 1.091988e+04 1.098102e+04 1.100969e+04 1.094855e+04
3.4 1.089354e+04 1.096321e+04 1.101267e+04 1.094301e+04
4.4 1.094183e+04 1.093711e+04 1.100271e+04 1.100742e+04
5.4 1.084591e+04 1.093889e+04 1.099364e+04 1.090066e+04
6.4 1.086430e+04 1.094285e+04 1.098852e+04 1.090998e+04
7.4 1.092225e+04 1.094378e+04 1.098620e+04 1.096467e+04
8.4 1.089638e+04 1.093067e+04 1.098565e+04 1.095135e+04
9.4 1.092716e+04 1.098745e+04 1.098598e+04 1.092569e+04
10.4 1.099597e+04 1.093928e+04 1.098658e+04 1.104327e+04
11.4 1.104999e+04 1.104787e+04 1.098710e+04 1.098922e+04
12.4 1.096479e+04 1.102324e+04 1.098745e+04 1.092900e+04
13.4 1.099756e+04 1.102756e+04 1.098763e+04 1.095763e+04
14.4 1.095220e+04 1.098331e+04 1.098771e+04 1.095660e+04
15.4 1.096062e+04 1.095728e+04 1.098773e+04 1.099107e+04
16.4 1.096762e+04 1.100019e+04 1.098773e+04 1.095516e+04
17.4 1.103055e+04 1.104406e+04 1.098772e+04 1.097421e+04
1.0 1.101327e+04 1.097469e+04 1.098862e+04 1.102720e+04
2.0 1.101389e+04 1.100460e+04 1.100179e+04 1.101108e+04
3.0 1.104754e+04 1.100380e+04 1.101648e+04 1.106022e+04
4.0 1.104598e+04 1.101438e+04 1.101110e+04 1.104269e+04
5.0 1.100539e+04 1.091568e+04 1.099902e+04 1.108874e+04
6.0 1.093524e+04 1.093042e+04 1.099487e+04 1.099968e+04
7.0 1.091721e+04 1.098429e+04 1.100457e+04 1.093749e+04
8.0 1.092565e+04 1.098627e+04 1.100486e+04 1.094424e+04
9.0 1.103738e+04 1.101079e+04 1.099674e+04 1.102332e+04
10.0 1.099465e+04 1.100550e+04 1.099006e+04 1.097921e+04
11.0 1.099877e+04 1.099481e+04 1.098688e+04 1.099084e+04
12.0 1.105180e+04 1.099093e+04 1.098611e+04 1.104698e+04
13.0 1.111264e+04 1.099798e+04 1.099678e+04 1.111144e+04
14.0 1.103888e+04 1.103703e+04 1.101266e+04 1.101452e+04
15.0 1.099059e+04 1.104570e+04 1.101002e+04 1.095491e+04
16.0 1.100947e+04 1.097973e+04 1.099936e+04 1.102910e+04
17.0 1.099287e+04 1.095593e+04 1.099148e+04 1.102842e+04
18.0 1.090699e+04 1.093335e+04 1.098736e+04 1.096100e+04
0.4 1.100539e+04 1.091568e+04 1.099902e+04 1.108874e+04
1.4 1.093524e+04 1.093042e+04 1.099487e+04 1.099968e+04
2.4 1.091721e+04 1.098429e+04 1.100457e+04 1.093749e+04
3.4 1.092565e+04 1.098627e+04 1.100486e+04 1.094424e+04
4.4 1.103738e+04 1.101079e+04 1.099674e+04 1.102332e+04
5.4 1.099465e+04 1.100550e+04 1.099006e+04 1.097921e+04
6.4 1.099877e+04 1.099481e+04 1.098688e+04 1.099084e+04
7.4 1.105180e+04 1.099093e+04 1.098611e+04 1.104698e+04
8.4 1.111264e+04 1.099798e+04 1.099678e+04 1.111144e+04
9.4 1.103888e+04 1.103703e+04 1.101266e+04 1.101452e+04
10.4 1.099059e+04 1.104570e+04 1.101002e+04 1.095491e+04
11.4 1.100947e+04 1.097973e+04 1.099936e+04 1.102910e+04
12.4 1.099287e+04 1.095593e+04 1.099148e+04 1.102842e+04
13.4 1.090699e+04 1.093335e+04 1.098736e+04 1.096100e+04
14.4 1.089405e+04 1.094313e+04 1.098585e+04 1.093677e+04
15.4 1.085307e+04 1.097318e+04 1.098578e+04 1.086567e+04
16.4 1.105436e+04 1.100431e+04 1.098639e+04 1.103643e+04
17.4 1.098400e+04 1.098312e+04 1.098712e+04 1.098800e+04
0.8 1.105180e+04 1.099093e+04 1.098611e+04 1.104698e+04
1.8 1.111264e+04 1.099798e+04 1.099678e+04 1.111144e+04
2.8 1.103888e+04 1.103703e+04 1.101266e+04 1.101452e+04
3.8 1.099059e+04 1.104570e+04 1.101002e+04 1.095491e+04
4.8 1.100947e+04 1.097973e+04 1.099936e+04 1.102910e+04
5.8 1.099287e+04 1.095593e+04 1.099148e+04 1.102842e+04
6.8 1.090699e+04 1.093335e+04 1.098736e+04 1.096100e+04
7.8 1.089405e+04 1.094313e+04 1.098585e+04 1.093677e+04
8.8 1.085307e+04 1.097318e+04 1.098578e+04 1.086567e+04
9.8 1.105436e+04 1.100431e+04 1.098639e+04 1.103643e+04
10.8 1.098400e+04 1.098312e+04 1.098712e+04 1.098800e+04
11.8 1.111991e+04 1.103635e+04 1.098772e+04 1.107128e+04
12.8 1.112757e+04 1.104420e+04 1.098810e+04 1.107147e+04
13.8 1.109064e+04 1.105373e+04 1.098833e+04 1.102524e+04
14.8 1.105145e+04 1.105207e+04 1.098846e+04 1.098785e+04
15.8 1.101153e+04 1.095179e+04 1.098855e+04 1.104829e+04
16.8 1.088848e+04 1.095695e+04 1.098861e+04 1.092015e+04
17.8 1.089737e+04 1.091235e+04 1.098867e+04 1.097368e+04
0.1 1.103275e+04 1.095836e+04 1.098970e+04 1.106409e+04
1.1 1.091234e+04 1.097860e+04 1.099103e+04 1.092477e+04
2.1 1.098017e+04 1.100922e+04 1.100643e+04 1.097738e+04
3.1 1.098136e+04 1.094877e+04 1.102446e+04 1.105705e+04
4.1 1.102964e+04 1.099688e+04 1.101999e+04 1.105275e+04
5.1 1.074757e+04 1.090580e+04 1.100526e+04 1.084702e+04
6.1 1.098253e+04 1.092207e+04 1.099462e+04 1.105508e+04
7.1 1.110135e+04 1.102982e+04 1.098905e+04 1.106057e+04
8.1 1.098775e+04 1.093784e+04 1.098700e+04 1.103691e+04
9.1 1.102832e+04 1.102980e+04 1.098688e+04 1.098540e+04
10.1 1.100774e+04 1.092616e+04 1.098767e+04 1.106926e+04
11.1 1.105934e+04 1.099211e+04 1.098861e+04 1.105584e+04
12.1 1.079083e+04 1.088438e+04 1.098938e+04 1.089583e+04
13.1 1.094376e+04 1.097586e+04 1.098986e+04 1.095776e+04
14.1 1.096851e+04 1.105519e+04 1.099015e+04 1.090347e+04
15.1 1.103898e+04 1.104818e+04 1.099031e+04 1.098111e+04
16.1 1.099382e+04 1.100986e+04 1.099042e+04 1.097437e+04
17.1 1.105300e+04 1.094854e+04 1.099050e+04 1.109495e+04
