0.8 2.253780e+03 2.221075e+03 2.240110e+03 2.272815e+03
1.8 2.224573e+03 2.223774e+03 2.231321e+03 2.232121e+03
2.8 2.232313e+03 2.216441e+03 2.220642e+03 2.236514e+03
3.8 2.238436e+03 2.215139e+03 2.224420e+03 2.247716e+03
4.8 2.216753e+03 2.243290e+03 2.232905e+03 2.206369e+03
5.8 2.231139e+03 2.235213e+03 2.238605e+03 2.234531e+03
6.8 2.246935e+03 2.237550e+03 2.241499e+03 2.250884e+03
7.8 2.249001e+03 2.213869e+03 2.242635e+03 2.277767e+03
8.8 2.189498e+03 2.230774e+03 2.242723e+03 2.201446e+03
9.8 2.209326e+03 2.223097e+03 2.242347e+03 2.228576e+03
10.8 2.174678e+03 2.224057e+03 2.241917e+03 2.192538e+03
11.8 2.185025e+03 2.210060e+03 2.241605e+03 2.216571e+03
12.8 2.220393e+03 2.225867e+03 2.241436e+03 2.235963e+03
13.8 2.228133e+03 2.254915e+03 2.241384e+03 2.214602e+03
14.8 2.166435e+03 2.209792e+03 2.241395e+03 2.198037e+03
15.8 2.083936e+03 2.161522e+03 2.241438e+03 2.163853e+03
16.8 2.221721e+03 2.170903e+03 2.241495e+03 2.292313e+03
17.8 2.203736e+03 2.241358e+03 2.241558e+03 2.203937e+03
0.7 2.272571e+03 2.245929e+03 2.242028e+03 2.268671e+03
1.7 2.267450e+03 2.232932e+03 2.234568e+03 2.269087e+03
2.7 2.277134e+03 2.213023e+03 2.219273e+03 2.283384e+03
3.7 2.171684e+03 2.182514e+03 2.219587e+03 2.208757e+03
4.7 2.174361e+03 2.203795e+03 2.229737e+03 2.200303e+03
5.7 2.208456e+03 2.219436e+03 2.238076e+03 2.227096e+03
6.7 2.330954e+03 2.236814e+03 2.242690e+03 2.336831e+03
7.7 2.219285e+03 2.213890e+03 2.244586e+03 2.249981e+03
8.7 2.251074e+03 2.222812e+03 2.244969e+03 2.273231e+03
9.7 2.258253e+03 2.252484e+03 2.244592e+03 2.250361e+03
10.7 2.131722e+03 2.214624e+03 2.244025e+03 2.161122e+03
11.7 2.218161e+03 2.233012e+03 2.243527e+03 2.228675e+03
12.7 2.245542e+03 2.244555e+03 2.238538e+03 2.239524e+03
13.7 2.327421e+03 2.247800e+03 2.226932e+03 2.306553e+03
14.7 2.349821e+03 2.227070e+03 2.227364e+03 2.350115e+03
15.7 2.199539e+03 2.235106e+03 2.234494e+03 2.198927e+03
16.7 2.312497e+03 2.263883e+03 2.240328e+03 2.288941e+03
17.7 2.297035e+03 2.272403e+03 2.243366e+03 2.267998e+03
0.5 2.218161e+03 2.233012e+03 2.243527e+03 2.228675e+03
1.5 2.245542e+03 2.244555e+03 2.238538e+03 2.239524e+03
2.5 2.327421e+03 2.247800e+03 2.226932e+03 2.306553e+03
3.5 2.349821e+03 2.227070e+03 2.227364e+03 2.350115e+03
4.5 2.199539e+03 2.235106e+03 2.234494e+03 2.198927e+03
5.5 2.312497e+03 2.263883e+03 2.240328e+03 2.288941e+03
6.5 2.297035e+03 2.272403e+03 2.243366e+03 2.267998e+03
7.5 2.219213e+03 2.259116e+03 2.244675e+03 2.204772e+03
8.5 2.297147e+03 2.246191e+03 2.244921e+03 2.295878e+03
9.5 2.299381e+03 2.236613e+03 2.244663e+03 2.307431e+03
10.5 2.220611e+03 2.227773e+03 2.244265e+03 2.237103e+03
11.5 2.158802e+03 2.236415e+03 2.243954e+03 2.166340e+03
12.5 2.252135e+03 2.242472e+03 2.243765e+03 2.253427e+03
13.5 2.247281e+03 2.234097e+03 2.243685e+03 2.256869e+03
14.5 2.177218e+03 2.218186e+03 2.243666e+03 2.202698e+03
15.5 2.236569e+03 2.181868e+03 2.243677e+03 2.298377e+03
16.5 2.253741e+03 2.251829e+03 2.243700e+03 2.245612e+03
17.5 2.253047e+03 2.237430e+03 2.243180e+03 2.258796e+03
0.9 2.253047e+03 2.237430e+03 2.243180e+03 2.258796e+03
1.9 2.257961e+03 2.224221e+03 2.232699e+03 2.266439e+03
2.9 2.238233e+03 2.233861e+03 2.217035e+03 2.221407e+03
3.9 2.195964e+03 2.213818e+03 2.219437e+03 2.201583e+03
4.9 2.231676e+03 2.239980e+03 2.230839e+03 2.222535e+03
5.9 2.232207e+03 2.261571e+03 2.239776e+03 2.210412e+03
6.9 2.224212e+03 2.231604e+03 2.244320e+03 2.236928e+03
7.9 2.240586e+03 2.253227e+03 2.246123e+03 2.233482e+03
8.9 2.234445e+03 2.239851e+03 2.241888e+03 2.236482e+03
9.9 2.273539e+03 2.222338e+03 2.229927e+03 2.281128e+03
10.9 2.210594e+03 2.226646e+03 2.229167e+03 2.213115e+03
11.9 2.196720e+03 2.227737e+03 2.235665e+03 2.204647e+03
12.9 2.228268e+03 2.230121e+03 2.241048e+03 2.239195e+03
13.9 2.251855e+03 2.238065e+03 2.243088e+03 2.256878e+03
14.9 2.260043e+03 2.229223e+03 2.232239e+03 2.263059e+03
15.9 2.225201e+03 2.230683e+03 2.217375e+03 2.211894e+03
16.9 2.242482e+03 2.221224e+03 2.221065e+03 2.242323e+03
17.9 2.253453e+03 2.220575e+03 2.232208e+03 2.265086e+03
0.5 2.240586e+03 2.253227e+03 2.246123e+03 2.233482e+03
1.5 2.234445e+03 2.239851e+03 2.241888e+03 2.236482e+03
2.5 2.273539e+03 2.222338e+03 2.229927e+03 2.281128e+03
3.5 2.210594e+03 2.226646e+03 2.229167e+03 2.213115e+03
4.5 2.196720e+03 2.227737e+03 2.235665e+03 2.204647e+03
5.5 2.228268e+03 2.230121e+03 2.241048e+03 2.239195e+03
6.5 2.251855e+03 2.238065e+03 2.243088e+03 2.256878e+03
7.5 2.260043e+03 2.229223e+03 2.232239e+03 2.263059e+03
8.5 2.225201e+03 2.230683e+03 2.217375e+03 2.211894e+03
9.5 2.242482e+03 2.221224e+03 2.221065e+03 2.242323e+03
10.5 2.253453e+03 2.220575e+03 2.232208e+03 2.265086e+03
11.5 2.307493e+03 2.260617e+03 2.240477e+03 2.287353e+03
12.5 2.279963e+03 2.249226e+03 2.244522e+03 2.275260e+03
13.5 2.237103e+03 2.258112e+03 2.246029e+03 2.225019e+03
14.5 2.210428e+03 2.241186e+03 2.246023e+03 2.215265e+03
15.5 2.235638e+03 2.242037e+03 2.245350e+03 2.238951e+03
16.5 2.253178e+03 2.257004e+03 2.244547e+03 2.240721e+03
17.5 2.296511e+03 2.262393e+03 2.241922e+03 2.276041e+03
1.0 2.251855e+03 2.238065e+03 2.243088e+03 2.256878e+03
2.0 2.260043e+03 2.229223e+03 2.232239e+03 2.263059e+03
3.0 2.225201e+03 2.230683e+03 2.217375e+03 2.211894e+03
4.0 2.242482e+03 2.221224e+03 2.221065e+03 2.242323e+03
5.0 2.253453e+03 2.220575e+03 2.232208e+03 2.265086e+03
6.0 2.307493e+03 2.260617e+03 2.240477e+03 2.287353e+03
7.0 2.279963e+03 2.249226e+03 2.244522e+03 2.275260e+03
8.0 2.237103e+03 2.258112e+03 2.246029e+03 2.225019e+03
9.0 2.210428e+03 2.241186e+03 2.246023e+03 2.215265e+03
10.0 2.235638e+03 2.242037e+03 2.245350e+03 2.238951e+03
11.0 2.253178e+03 2.257004e+03 2.244547e+03 2.240721e+03
12.0 2.296511e+03 2.262393e+03 2.241922e+03 2.276041e+03
13.0 2.259486e+03 2.231591e+03 2.229100e+03 2.256995e+03
14.0 2.214532e+03 2.223142e+03 2.224438e+03 2.215827e+03
15.0 2.222624e+03 2.232274e+03 2.230926e+03 2.221276e+03
16.0 2.279549e+03 2.241959e+03 2.238111e+03 2.275702e+03
17.0 2.260202e+03 2.261944e+03 2.242170e+03 2.240428e+03
18.0 2.241344e+03 2.270588e+03 2.244011e+03 2.214767e+03
0.2 2.253178e+03 2.257004e+03 2.244547e+03 2.240721e+03
1.2 2.296511e+03 2.262393e+03 2.241922e+03 2.276041e+03
2.2 2.259486e+03 2.231591e+03 2.229100e+03 2.256995e+03
3.2 2.214532e+03 2.223142e+03 2.224438e+03 2.215827e+03
4.2 2.222624e+03 2.232274e+03 2.230926e+03 2.221276e+03
5.2 2.279549e+03 2.241959e+03 2.238111e+03 2.275702e+03
6.2 2.260202e+03 2.261944e+03 2.242170e+03 2.240428e+03
7.2 2.241344e+03 2.270588e+03 2.244011e+03 2.214767e+03
8.2 2.299953e+03 2.257060e+03 2.243441e+03 2.286334e+03
9.2 2.257922e+03 2.227963e+03 2.231542e+03 2.261501e+03
10.2 2.154278e+03 2.219898e+03 2.221346e+03 2.155726e+03
11.2 2.123740e+03 2.212163e+03 2.226450e+03 2.138027e+03
12.2 2.156826e+03 2.218659e+03 2.235147e+03 2.173314e+03
13.2 2.241120e+03 2.232067e+03 2.240611e+03 2.249664e+03
14.2 2.322259e+03 2.244264e+03 2.243222e+03 2.321217e+03
15.2 2.282059e+03 2.250370e+03 2.244068e+03 2.275757e+03
16.2 2.295814e+03 2.260721e+03 2.243883e+03 2.278976e+03
17.2 2.229098e+03 2.244037e+03 2.243268e+03 2.228328e+03
1.0 2.299953e+03 2.257060e+03 2.243441e+03 2.286334e+03
2.0 2.257922e+03 2.227963e+03 2.231542e+03 2.261501e+03
3.0 2.154278e+03 2.219898e+03 2.221346e+03 2.155726e+03
4.0 2.123740e+03 2.212163e+03 2.226450e+03 2.138027e+03
5.0 2.156826e+03 2.218659e+03 2.235147e+03 2.173314e+03
6.0 2.241120e+03 2.232067e+03 2.240611e+03 2.249664e+03
7.0 2.322259e+03 2.244264e+03 2.243222e+03 2.321217e+03
8.0 2.282059e+03 2.250370e+03 2.244068e+03 2.275757e+03
9.0 2.295814e+03 2.260721e+03 2.243883e+03 2.278976e+03
10.0 2.229098e+03 2.244037e+03 2.243268e+03 2.228328e+03
11.0 2.255202e+03 2.252956e+03 2.242643e+03 2.244888e+03
12.0 2.246177e+03 2.248743e+03 2.242164e+03 2.239599e+03
13.0 2.249801e+03 2.244643e+03 2.241839e+03 2.246997e+03
14.0 2.225634e+03 2.236927e+03 2.241634e+03 2.230340e+03
15.0 2.260134e+03 2.235542e+03 2.241493e+03 2.266084e+03
16.0 2.259359e+03 2.223331e+03 2.241386e+03 2.277414e+03
17.0 2.213819e+03 2.249904e+03 2.241294e+03 2.205208e+03
18.0 2.217449e+03 2.255092e+03 2.241208e+03 2.203565e+03
0.3 2.325391e+03 2.343992e+03 2.241086e+03 2.222485e+03
1.3 2.244372e+03 2.276143e+03 2.238118e+03 2.206347e+03
2.3 2.256710e+03 2.247275e+03 2.222722e+03 2.232156e+03
3.3 2.186341e+03 2.195334e+03 2.215245e+03 2.206253e+03
4.3 2.012652e+03 2.215038e+03 2.223672e+03 2.021286e+03
5.3 2.037457e+03 2.240055e+03 2.233972e+03 2.031373e+03
6.3 2.184704e+03 2.259470e+03 2.240068e+03 2.165303e+03
7.3 2.172334e+03 2.259730e+03 2.242940e+03 2.155544e+03
8.3 2.267991e+03 2.249583e+03 2.243852e+03 2.262261e+03
9.3 2.199253e+03 2.233025e+03 2.243665e+03 2.209894e+03
10.3 2.252316e+03 2.228820e+03 2.243063e+03 2.266559e+03
11.3 2.214655e+03 2.244137e+03 2.242497e+03 2.213015e+03
12.3 2.231408e+03 2.271684e+03 2.242109e+03 2.201833e+03
13.3 2.330979e+03 2.298390e+03 2.241896e+03 2.274485e+03
14.3 2.299826e+03 2.266924e+03 2.241811e+03 2.274713e+03
15.3 2.220972e+03 2.235572e+03 2.241791e+03 2.227191e+03
16.3 2.256574e+03 2.267357e+03 2.241802e+03 2.231019e+03
17.3 2.261329e+03 2.225585e+03 2.241825e+03 2.277569e+03
0.4 2.212227e+03 2.239566e+03 2.241847e+03 2.214508e+03
1.4 2.290086e+03 2.234904e+03 2.238652e+03 2.293834e+03
2.4 2.242546e+03 2.236467e+03 2.226479e+03 2.232558e+03
3.4 2.266227e+03 2.206022e+03 2.224802e+03 2.285007e+03
4.4 2.333103e+03 2.245652e+03 2.231795e+03 2.319246e+03
5.4 2.258660e+03 2.264078e+03 2.238243e+03 2.232826e+03
6.4 2.272452e+03 2.261896e+03 2.241721e+03 2.252276e+03
7.4 2.400105e+03 2.245732e+03 2.243263e+03 2.397636e+03
8.4 2.275579e+03 2.221118e+03 2.243598e+03 2.298059e+03
9.4 2.158455e+03 2.239348e+03 2.243334e+03 2.162440e+03
10.4 2.316340e+03 2.229250e+03 2.242872e+03 2.329962e+03
11.4 2.161923e+03 2.218050e+03 2.242475e+03 2.186348e+03
12.4 2.090911e+03 2.217125e+03 2.242202e+03 2.115987e+03
13.4 2.237014e+03 2.240083e+03 2.242043e+03 2.238974e+03
14.4 2.110154e+03 2.238825e+03 2.238703e+03 2.110033e+03
15.4 2.281642e+03 2.234520e+03 2.222330e+03 2.269452e+03
16.4 2.182872e+03 2.181065e+03 2.214905e+03 2.216712e+03
17.4 2.196614e+03 2.243220e+03 2.223780e+03 2.177173e+03
0.4 2.237014e+03 2.240083e+03 2.242043e+03 2.238974e+03
1.4 2.110154e+03 2.238825e+03 2.238703e+03 2.110033e+03
2.4 2.281642e+03 2.234520e+03 2.222330e+03 2.269452e+03
3.4 2.182872e+03 2.181065e+03 2.214905e+03 2.216712e+03
4.4 2.196614e+03 2.243220e+03 2.223780e+03 2.177173e+03
5.4 2.251972e+03 2.244631e+03 2.234099e+03 2.241441e+03
6.4 2.252960e+03 2.245890e+03 2.240361e+03 2.247432e+03
7.4 2.305525e+03 2.260181e+03 2.243304e+03 2.288648e+03
8.4 2.350341e+03 2.251353e+03 2.244115e+03 2.343103e+03
9.4 2.266384e+03 2.302706e+03 2.243806e+03 2.207484e+03
10.4 2.226178e+03 2.219192e+03 2.243087e+03 2.250073e+03
11.4 2.369303e+03 2.245100e+03 2.242386e+03 2.366588e+03
12.4 2.240997e+03 2.245511e+03 2.241859e+03 2.237344e+03
13.4 2.205148e+03 2.226665e+03 2.241526e+03 2.220009e+03
14.4 2.181639e+03 2.244741e+03 2.241312e+03 2.178210e+03
15.4 2.149893e+03 2.257092e+03 2.241165e+03 2.133966e+03
16.4 2.227864e+03 2.246821e+03 2.241045e+03 2.222088e+03
17.4 2.202996e+03 2.246178e+03 2.240932e+03 2.197750e+03
