1.0 1.134058e+04 1.135341e+04 1.136007e+04 1.134724e+04
2.0 1.129413e+04 1.133853e+04 1.134059e+04 1.129619e+04
3.0 1.130217e+04 1.129496e+04 1.133230e+04 1.133952e+04
4.0 1.138733e+04 1.138322e+04 1.134277e+04 1.134688e+04
5.0 1.134509e+04 1.136121e+04 1.135437e+04 1.133826e+04
6.0 1.133746e+04 1.135715e+04 1.136096e+04 1.134127e+04
7.0 1.137425e+04 1.137479e+04 1.136399e+04 1.136344e+04
8.0 1.133766e+04 1.136320e+04 1.136487e+04 1.133933e+04
9.0 1.135662e+04 1.136076e+04 1.136456e+04 1.136042e+04
10.0 1.136763e+04 1.136350e+04 1.136381e+04 1.136793e+04
11.0 1.136250e+04 1.136941e+04 1.136311e+04 1.135621e+04
12.0 1.133817e+04 1.135973e+04 1.136263e+04 1.134107e+04
13.0 1.140725e+04 1.135490e+04 1.136234e+04 1.141468e+04
14.0 1.136549e+04 1.135961e+04 1.136219e+04 1.136806e+04
15.0 1.134468e+04 1.136352e+04 1.136211e+04 1.134327e+04
16.0 1.136441e+04 1.135953e+04 1.136207e+04 1.136696e+04
17.0 1.133195e+04 1.135575e+04 1.136204e+04 1.133824e+04
18.0 1.132576e+04 1.136003e+04 1.136202e+04 1.132775e+04
0.8 1.141302e+04 1.136102e+04 1.136262e+04 1.141461e+04
1.8 1.126195e+04 1.132134e+04 1.134614e+04 1.128675e+04
2.8 1.130995e+04 1.135729e+04 1.133303e+04 1.128569e+04
3.8 1.135981e+04 1.137939e+04 1.134142e+04 1.132184e+04
4.8 1.138411e+04 1.137271e+04 1.135375e+04 1.136516e+04
5.8 1.135064e+04 1.136481e+04 1.136129e+04 1.134712e+04
6.8 1.133858e+04 1.137149e+04 1.136493e+04 1.133202e+04
7.8 1.133383e+04 1.137335e+04 1.136619e+04 1.132668e+04
8.8 1.136077e+04 1.136794e+04 1.136607e+04 1.135891e+04
9.8 1.133612e+04 1.136446e+04 1.136538e+04 1.133704e+04
10.8 1.140517e+04 1.136323e+04 1.136468e+04 1.140662e+04
11.8 1.136066e+04 1.136051e+04 1.136399e+04 1.136414e+04
12.8 1.142855e+04 1.135027e+04 1.135013e+04 1.142842e+04
13.8 1.137413e+04 1.138113e+04 1.133374e+04 1.132674e+04
14.8 1.141107e+04 1.134278e+04 1.133978e+04 1.140807e+04
15.8 1.138295e+04 1.137018e+04 1.135214e+04 1.136491e+04
16.8 1.134044e+04 1.135933e+04 1.136049e+04 1.134159e+04
17.8 1.136920e+04 1.136184e+04 1.136473e+04 1.137209e+04
0.6 1.136066e+04 1.136051e+04 1.136399e+04 1.136414e+04
1.6 1.142855e+04 1.135027e+04 1.135013e+04 1.142842e+04
2.6 1.137413e+04 1.138113e+04 1.133374e+04 1.132674e+04
3.6 1.141107e+04 1.134278e+04 1.133978e+04 1.140807e+04
4.6 1.138295e+04 1.137018e+04 1.135214e+04 1.136491e+04
5.6 1.134044e+04 1.135933e+04 1.136049e+04 1.134159e+04
6.6 1.136920e+04 1.136184e+04 1.136473e+04 1.137209e+04
7.6 1.139139e+04 1.136523e+04 1.136625e+04 1.139241e+04
8.6 1.138676e+04 1.137221e+04 1.136627e+04 1.138083e+04
9.6 1.140769e+04 1.137198e+04 1.136563e+04 1.140134e+04
10.6 1.129705e+04 1.135907e+04 1.136490e+04 1.130289e+04
11.6 1.141272e+04 1.134945e+04 1.136435e+04 1.142762e+04
12.6 1.135590e+04 1.136268e+04 1.136402e+04 1.135724e+04
13.6 1.133934e+04 1.138539e+04 1.136386e+04 1.131781e+04
14.6 1.140418e+04 1.142811e+04 1.136379e+04 1.133987e+04
15.6 1.131859e+04 1.136106e+04 1.136378e+04 1.132131e+04
16.6 1.138946e+04 1.137319e+04 1.136378e+04 1.138006e+04
17.6 1.133346e+04 1.136689e+04 1.136380e+04 1.133036e+04
0.1 1.136059e+04 1.136658e+04 1.136730e+04 1.136131e+04
1.1 1.135271e+04 1.136360e+04 1.136464e+04 1.135375e+04
2.1 1.139607e+04 1.142113e+04 1.134428e+04 1.131922e+04
3.1 1.133879e+04 1.133873e+04 1.133864e+04 1.133870e+04
4.1 1.138739e+04 1.136362e+04 1.135000e+04 1.137377e+04
5.1 1.137227e+04 1.136236e+04 1.136161e+04 1.137152e+04
6.1 1.131763e+04 1.134996e+04 1.136047e+04 1.132814e+04
7.1 1.136740e+04 1.136590e+04 1.134336e+04 1.134486e+04
8.1 1.140245e+04 1.138366e+04 1.134549e+04 1.136428e+04
9.1 1.139675e+04 1.136897e+04 1.135784e+04 1.138562e+04
10.1 1.135091e+04 1.136382e+04 1.136735e+04 1.135445e+04
0.4 1.137227e+04 1.136236e+04 1.136161e+04 1.137152e+04
1.4 1.131763e+04 1.134996e+04 1.136047e+04 1.132814e+04
2.4 1.136740e+04 1.136590e+04 1.134336e+04 1.134486e+04
3.4 1.140245e+04 1.138366e+04 1.134549e+04 1.136428e+04
4.4 1.139675e+04 1.136897e+04 1.135784e+04 1.138562e+04
5.4 1.135091e+04 1.136382e+04 1.136735e+04 1.135445e+04
