1.0 3.597151e+03 3.600360e+03 3.582125e+03 3.578916e+03
2.0 3.607712e+03 3.576729e+03 3.575801e+03 3.606785e+03
3.0 3.581101e+03 3.572086e+03 3.566448e+03 3.575463e+03
4.0 3.599450e+03 3.577056e+03 3.567691e+03 3.590086e+03
5.0 3.559286e+03 3.576131e+03 3.574496e+03 3.557651e+03
6.0 3.613690e+03 3.586137e+03 3.579983e+03 3.607536e+03
7.0 3.644057e+03 3.602222e+03 3.582802e+03 3.624637e+03
8.0 3.587056e+03 3.590903e+03 3.583950e+03 3.580102e+03
9.0 3.654984e+03 3.586238e+03 3.584085e+03 3.652831e+03
10.0 3.607551e+03 3.587193e+03 3.583756e+03 3.604114e+03
11.0 3.611103e+03 3.594565e+03 3.583311e+03 3.599849e+03
12.0 3.603963e+03 3.592888e+03 3.582959e+03 3.594034e+03
13.0 3.581484e+03 3.569154e+03 3.582728e+03 3.595058e+03
14.0 3.577579e+03 3.584117e+03 3.582604e+03 3.576066e+03
15.0 3.552525e+03 3.567630e+03 3.582540e+03 3.567435e+03
16.0 3.517938e+03 3.547290e+03 3.582506e+03 3.553154e+03
17.0 3.571217e+03 3.566101e+03 3.582487e+03 3.587604e+03
18.0 3.572250e+03 3.585474e+03 3.582473e+03 3.569249e+03
19.0 3.555727e+03 3.577313e+03 3.582461e+03 3.560876e+03
0.3 3.637923e+03 3.587584e+03 3.582558e+03 3.632897e+03
1.3 3.597307e+03 3.576093e+03 3.580929e+03 3.602143e+03
2.3 3.562329e+03 3.573546e+03 3.572032e+03 3.560815e+03
3.3 3.603928e+03 3.571656e+03 3.565627e+03 3.597898e+03
4.3 3.562090e+03 3.578515e+03 3.569940e+03 3.553515e+03
5.3 3.582325e+03 3.582159e+03 3.576826e+03 3.576992e+03
6.3 3.586688e+03 3.579553e+03 3.581210e+03 3.588344e+03
7.3 3.570057e+03 3.589244e+03 3.583342e+03 3.564155e+03
8.3 3.584690e+03 3.582629e+03 3.584072e+03 3.586133e+03
9.3 3.575404e+03 3.589141e+03 3.583996e+03 3.570259e+03
10.3 3.609560e+03 3.571614e+03 3.583590e+03 3.621536e+03
11.3 3.589625e+03 3.572837e+03 3.583174e+03 3.599962e+03
12.3 3.567484e+03 3.579766e+03 3.582867e+03 3.570585e+03
13.3 3.571535e+03 3.581031e+03 3.582678e+03 3.573182e+03
14.3 3.602332e+03 3.590628e+03 3.582581e+03 3.594285e+03
15.3 3.574392e+03 3.587826e+03 3.582531e+03 3.569097e+03
16.3 3.619225e+03 3.588437e+03 3.582506e+03 3.613294e+03
17.3 3.579453e+03 3.589142e+03 3.582492e+03 3.572803e+03
18.3 3.550299e+03 3.587513e+03 3.582480e+03 3.545266e+03
0.8 3.577189e+03 3.569048e+03 3.582643e+03 3.590784e+03
1.8 3.544933e+03 3.577658e+03 3.577782e+03 3.545057e+03
2.8 3.552702e+03 3.577762e+03 3.567895e+03 3.542834e+03
3.8 3.562173e+03 3.574546e+03 3.567062e+03 3.554690e+03
4.8 3.606820e+03 3.578503e+03 3.573591e+03 3.601908e+03
5.8 3.531198e+03 3.569823e+03 3.579546e+03 3.540922e+03
6.8 3.605272e+03 3.587296e+03 3.582760e+03 3.600735e+03
7.8 3.584205e+03 3.581664e+03 3.584140e+03 3.586682e+03
8.8 3.587566e+03 3.589176e+03 3.584433e+03 3.582822e+03
9.8 3.580271e+03 3.592429e+03 3.584164e+03 3.572006e+03
10.8 3.579302e+03 3.581961e+03 3.583724e+03 3.581065e+03
11.8 3.587143e+03 3.579616e+03 3.583354e+03 3.590880e+03
12.8 3.523450e+03 3.587634e+03 3.583105e+03 3.518921e+03
13.8 3.609014e+03 3.575121e+03 3.582959e+03 3.616852e+03
14.8 3.614271e+03 3.572475e+03 3.582882e+03 3.624677e+03
15.8 3.579815e+03 3.591919e+03 3.582837e+03 3.570733e+03
16.8 3.591198e+03 3.579014e+03 3.582806e+03 3.594990e+03
17.8 3.580413e+03 3.582948e+03 3.582780e+03 3.580245e+03
18.8 3.559635e+03 3.576862e+03 3.582752e+03 3.565525e+03
