0.3 9.150263e+03 9.176244e+03 9.155831e+03 9.129850e+03
1.3 9.191021e+03 9.172109e+03 9.155863e+03 9.174775e+03
2.3 9.114571e+03 9.163566e+03 9.155969e+03 9.106974e+03
3.3 9.148861e+03 9.153708e+03 9.155972e+03 9.151125e+03
4.3 9.153340e+03 9.157655e+03 9.155910e+03 9.151595e+03
5.3 9.130812e+03 9.158737e+03 9.155859e+03 9.127935e+03
6.3 9.136562e+03 9.149640e+03 9.155832e+03 9.142753e+03
7.3 9.128753e+03 9.144730e+03 9.155820e+03 9.139843e+03
8.3 9.127417e+03 9.134212e+03 9.155818e+03 9.149023e+03
9.3 9.173177e+03 9.145074e+03 9.155821e+03 9.183924e+03
10.3 9.124512e+03 9.165581e+03 9.155825e+03 9.114756e+03
11.3 9.107567e+03 9.155164e+03 9.155828e+03 9.108232e+03
12.3 9.144777e+03 9.159855e+03 9.155830e+03 9.140752e+03
13.3 9.143191e+03 9.153566e+03 9.155831e+03 9.145457e+03
14.3 9.168494e+03 9.166281e+03 9.155832e+03 9.158046e+03
15.3 9.146517e+03 9.166357e+03 9.155832e+03 9.135992e+03
16.3 9.165103e+03 9.157790e+03 9.155833e+03 9.163145e+03
17.3 9.125602e+03 9.158960e+03 9.155833e+03 9.122474e+03
0.8 9.187778e+03 9.170729e+03 9.155838e+03 9.172888e+03
1.8 9.182805e+03 9.169977e+03 9.155923e+03 9.168750e+03
2.8 9.146470e+03 9.167542e+03 9.155990e+03 9.134918e+03
3.8 9.125298e+03 9.152956e+03 9.155949e+03 9.128291e+03
4.8 9.151067e+03 9.160739e+03 9.155887e+03 9.146215e+03
5.8 9.157417e+03 9.158886e+03 9.155848e+03 9.154380e+03
6.8 9.132764e+03 9.130737e+03 9.155829e+03 9.157857e+03
7.8 9.181704e+03 9.150617e+03 9.155823e+03 9.186910e+03
8.8 9.156151e+03 9.155886e+03 9.155824e+03 9.156089e+03
9.8 9.156047e+03 9.134387e+03 9.155828e+03 9.177488e+03
10.8 9.155538e+03 9.173752e+03 9.155832e+03 9.137618e+03
11.8 9.210411e+03 9.192360e+03 9.155835e+03 9.173886e+03
12.8 9.173577e+03 9.183227e+03 9.155836e+03 9.146186e+03
13.8 9.146103e+03 9.176079e+03 9.155837e+03 9.125861e+03
14.8 9.148455e+03 9.154868e+03 9.155838e+03 9.149425e+03
15.8 9.121990e+03 9.143211e+03 9.155838e+03 9.134617e+03
16.8 9.198493e+03 9.179354e+03 9.155839e+03 9.174978e+03
17.8 9.077206e+03 9.155721e+03 9.155839e+03 9.077323e+03
0.4 9.170979e+03 9.178340e+03 9.155836e+03 9.148475e+03
1.4 9.201201e+03 9.164999e+03 9.155880e+03 9.192082e+03
2.4 9.190507e+03 9.163835e+03 9.155979e+03 9.182651e+03
3.4 9.185271e+03 9.151340e+03 9.155970e+03 9.189900e+03
4.4 9.160740e+03 9.159799e+03 9.155906e+03 9.156848e+03
5.4 9.202409e+03 9.184154e+03 9.155858e+03 9.174114e+03
6.4 9.193469e+03 9.199071e+03 9.155832e+03 9.150230e+03
7.4 9.193919e+03 9.182555e+03 9.155822e+03 9.167186e+03
8.4 9.191873e+03 9.167995e+03 9.155820e+03 9.179699e+03
9.4 9.189923e+03 9.164687e+03 9.155823e+03 9.181059e+03
10.4 9.137174e+03 9.158533e+03 9.155827e+03 9.134467e+03
11.4 9.095023e+03 9.155969e+03 9.155830e+03 9.094883e+03
12.4 9.125466e+03 9.151811e+03 9.155831e+03 9.129486e+03
13.4 9.152316e+03 9.139699e+03 9.155832e+03 9.168449e+03
14.4 9.105484e+03 9.139251e+03 9.155832e+03 9.122065e+03
15.4 9.106802e+03 9.149179e+03 9.155832e+03 9.113455e+03
16.4 9.127377e+03 9.151193e+03 9.155832e+03 9.132016e+03
17.4 9.161648e+03 9.133822e+03 9.155832e+03 9.183659e+03
0.1 9.211125e+03 9.186383e+03 9.155828e+03 9.180570e+03
1.1 9.175109e+03 9.175953e+03 9.155845e+03 9.155001e+03
2.1 9.172549e+03 9.157916e+03 9.155948e+03 9.170581e+03
3.1 9.173478e+03 9.151588e+03 9.155977e+03 9.177866e+03
4.1 9.189878e+03 9.161358e+03 9.155920e+03 9.184440e+03
5.1 9.133521e+03 9.155674e+03 9.155863e+03 9.133709e+03
6.1 9.135693e+03 9.170721e+03 9.155832e+03 9.120804e+03
7.1 9.099247e+03 9.167139e+03 9.155818e+03 9.087925e+03
8.1 9.139946e+03 9.160721e+03 9.155814e+03 9.135039e+03
9.1 9.133796e+03 9.173490e+03 9.155816e+03 9.116121e+03
10.1 9.138755e+03 9.160761e+03 9.155819e+03 9.133814e+03
11.1 9.165536e+03 9.177810e+03 9.155823e+03 9.143549e+03
12.1 9.095207e+03 9.168867e+03 9.155825e+03 9.082165e+03
13.1 9.102905e+03 9.152538e+03 9.155827e+03 9.106194e+03
14.1 9.085235e+03 9.145670e+03 9.155874e+03 9.095439e+03
15.1 9.092923e+03 9.149091e+03 9.155974e+03 9.099805e+03
16.1 9.134267e+03 9.149212e+03 9.155961e+03 9.141016e+03
17.1 9.112349e+03 9.131029e+03 9.155898e+03 9.137217e+03
0.4 9.102905e+03 9.152538e+03 9.155827e+03 9.106194e+03
1.4 9.085235e+03 9.145670e+03 9.155874e+03 9.095439e+03
2.4 9.092923e+03 9.149091e+03 9.155974e+03 9.099805e+03
3.4 9.134267e+03 9.149212e+03 9.155961e+03 9.141016e+03
4.4 9.112349e+03 9.131029e+03 9.155898e+03 9.137217e+03
5.4 9.085411e+03 9.117738e+03 9.155850e+03 9.123523e+03
6.4 9.174733e+03 9.154880e+03 9.155826e+03 9.175679e+03
7.4 9.124664e+03 9.152968e+03 9.155816e+03 9.127512e+03
8.4 9.167921e+03 9.148023e+03 9.155815e+03 9.175713e+03
9.4 9.147810e+03 9.117215e+03 9.155818e+03 9.186413e+03
10.4 9.138823e+03 9.149957e+03 9.155822e+03 9.144689e+03
11.4 9.189873e+03 9.167930e+03 9.155825e+03 9.177768e+03
12.4 9.247248e+03 9.174703e+03 9.155828e+03 9.228373e+03
13.4 9.245282e+03 9.151672e+03 9.155842e+03 9.249452e+03
14.4 9.192315e+03 9.151002e+03 9.155944e+03 9.197257e+03
15.4 9.169377e+03 9.147914e+03 9.155980e+03 9.177443e+03
16.4 9.184889e+03 9.142467e+03 9.155926e+03 9.198348e+03
17.4 9.183963e+03 9.156969e+03 9.155868e+03 9.182862e+03
1.0 9.245282e+03 9.151672e+03 9.155842e+03 9.249452e+03
2.0 9.192315e+03 9.151002e+03 9.155944e+03 9.197257e+03
3.0 9.169377e+03 9.147914e+03 9.155980e+03 9.177443e+03
4.0 9.184889e+03 9.142467e+03 9.155926e+03 9.198348e+03
5.0 9.183963e+03 9.156969e+03 9.155868e+03 9.182862e+03
6.0 9.153164e+03 9.159508e+03 9.155837e+03 9.149493e+03
7.0 9.176451e+03 9.152477e+03 9.155822e+03 9.179797e+03
8.0 9.109157e+03 9.140630e+03 9.155819e+03 9.124346e+03
9.0 9.159143e+03 9.140509e+03 9.155821e+03 9.174454e+03
10.0 9.158278e+03 9.172390e+03 9.155825e+03 9.141714e+03
11.0 9.185573e+03 9.130912e+03 9.155829e+03 9.210490e+03
12.0 9.192283e+03 9.140746e+03 9.155832e+03 9.207369e+03
13.0 9.059538e+03 9.100368e+03 9.155834e+03 9.115004e+03
14.0 9.156052e+03 9.130688e+03 9.155835e+03 9.181198e+03
15.0 9.160410e+03 9.155794e+03 9.155836e+03 9.160452e+03
16.0 9.137373e+03 9.168409e+03 9.155837e+03 9.124801e+03
17.0 9.228976e+03 9.182114e+03 9.155837e+03 9.202699e+03
18.0 9.105991e+03 9.187261e+03 9.155838e+03 9.074568e+03
