0.8 1.040381e+04 1.044301e+04 1.043374e+04 1.039453e+04
1.8 1.040578e+04 1.043829e+04 1.043771e+04 1.040520e+04
2.8 1.040921e+04 1.043937e+04 1.044253e+04 1.041236e+04
3.8 1.040452e+04 1.043759e+04 1.044082e+04 1.040775e+04
4.8 1.044086e+04 1.043353e+04 1.043699e+04 1.044432e+04
5.8 1.042291e+04 1.045834e+04 1.043442e+04 1.039899e+04
6.8 1.038306e+04 1.040806e+04 1.043311e+04 1.040810e+04
7.8 1.043070e+04 1.041579e+04 1.043260e+04 1.044751e+04
8.8 1.039617e+04 1.042160e+04 1.043256e+04 1.040713e+04
9.8 1.038197e+04 1.042969e+04 1.043273e+04 1.038501e+04
10.8 1.042609e+04 1.042780e+04 1.043292e+04 1.043120e+04
11.8 1.040788e+04 1.042591e+04 1.043306e+04 1.041503e+04
12.8 1.036757e+04 1.042323e+04 1.043314e+04 1.037748e+04
13.8 1.043583e+04 1.043064e+04 1.043316e+04 1.043835e+04
14.8 1.039824e+04 1.043809e+04 1.043316e+04 1.039332e+04
15.8 1.044508e+04 1.044239e+04 1.043314e+04 1.043583e+04
16.8 1.043870e+04 1.044558e+04 1.043311e+04 1.042623e+04
17.8 1.036776e+04 1.042120e+04 1.043308e+04 1.037964e+04
0.7 1.046626e+04 1.045945e+04 1.043287e+04 1.043968e+04
1.7 1.046331e+04 1.043955e+04 1.043624e+04 1.046000e+04
2.7 1.044689e+04 1.043973e+04 1.044314e+04 1.045030e+04
3.7 1.042431e+04 1.044650e+04 1.044300e+04 1.042081e+04
4.7 1.042567e+04 1.043653e+04 1.043842e+04 1.042756e+04
5.7 1.040665e+04 1.043024e+04 1.043466e+04 1.041107e+04
6.7 1.044396e+04 1.041637e+04 1.043257e+04 1.046016e+04
7.7 1.046237e+04 1.043477e+04 1.043172e+04 1.045932e+04
8.7 1.046173e+04 1.044951e+04 1.043154e+04 1.044376e+04
9.7 1.049173e+04 1.045027e+04 1.043171e+04 1.047318e+04
10.7 1.046324e+04 1.043703e+04 1.043197e+04 1.045818e+04
11.7 1.052165e+04 1.042822e+04 1.043219e+04 1.052563e+04
12.7 1.043941e+04 1.041641e+04 1.043445e+04 1.045744e+04
13.7 1.049079e+04 1.041867e+04 1.043969e+04 1.051181e+04
14.7 1.046911e+04 1.042975e+04 1.043949e+04 1.047886e+04
15.7 1.049076e+04 1.043360e+04 1.043627e+04 1.049343e+04
16.7 1.047293e+04 1.045718e+04 1.043364e+04 1.044939e+04
17.7 1.050107e+04 1.046229e+04 1.043227e+04 1.047105e+04
0.5 1.052165e+04 1.042822e+04 1.043219e+04 1.052563e+04
1.5 1.043941e+04 1.041641e+04 1.043445e+04 1.045744e+04
2.5 1.049079e+04 1.041867e+04 1.043969e+04 1.051181e+04
3.5 1.046911e+04 1.042975e+04 1.043949e+04 1.047886e+04
4.5 1.049076e+04 1.043360e+04 1.043627e+04 1.049343e+04
5.5 1.047293e+04 1.045718e+04 1.043364e+04 1.044939e+04
6.5 1.050107e+04 1.046229e+04 1.043227e+04 1.047105e+04
7.5 1.042115e+04 1.045796e+04 1.043168e+04 1.039487e+04
8.5 1.042735e+04 1.043406e+04 1.043157e+04 1.042485e+04
9.5 1.038185e+04 1.043251e+04 1.043168e+04 1.038103e+04
10.5 1.038332e+04 1.041700e+04 1.043186e+04 1.039818e+04
11.5 1.038461e+04 1.042045e+04 1.043200e+04 1.039616e+04
12.5 1.039088e+04 1.042667e+04 1.043209e+04 1.039630e+04
13.5 1.044993e+04 1.042721e+04 1.043212e+04 1.045485e+04
14.5 1.046537e+04 1.045132e+04 1.043213e+04 1.044618e+04
15.5 1.048249e+04 1.047065e+04 1.043213e+04 1.044397e+04
16.5 1.037819e+04 1.043646e+04 1.043212e+04 1.037384e+04
17.5 1.042867e+04 1.043087e+04 1.043235e+04 1.043014e+04
0.9 1.042867e+04 1.043087e+04 1.043235e+04 1.043014e+04
1.9 1.047447e+04 1.043363e+04 1.043708e+04 1.047792e+04
2.9 1.043637e+04 1.042934e+04 1.044416e+04 1.045118e+04
3.9 1.041637e+04 1.043487e+04 1.044307e+04 1.042457e+04
4.9 1.037042e+04 1.042260e+04 1.043792e+04 1.038574e+04
5.9 1.040414e+04 1.042728e+04 1.043389e+04 1.041075e+04
6.9 1.046899e+04 1.046854e+04 1.043184e+04 1.043228e+04
7.9 1.043951e+04 1.042338e+04 1.043102e+04 1.044715e+04
8.9 1.046961e+04 1.042649e+04 1.043293e+04 1.047606e+04
9.9 1.043966e+04 1.043354e+04 1.043833e+04 1.044446e+04
10.9 1.041583e+04 1.043042e+04 1.043868e+04 1.042409e+04
11.9 1.042117e+04 1.043081e+04 1.043574e+04 1.042610e+04
12.9 1.040454e+04 1.043288e+04 1.043331e+04 1.040498e+04
13.9 1.041173e+04 1.042535e+04 1.043239e+04 1.041878e+04
14.9 1.039315e+04 1.043034e+04 1.043729e+04 1.040010e+04
15.9 1.042744e+04 1.043277e+04 1.044400e+04 1.043867e+04
16.9 1.041517e+04 1.043433e+04 1.044234e+04 1.042317e+04
17.9 1.052543e+04 1.050999e+04 1.043730e+04 1.045275e+04
0.5 1.043951e+04 1.042338e+04 1.043102e+04 1.044715e+04
1.5 1.046961e+04 1.042649e+04 1.043293e+04 1.047606e+04
2.5 1.043966e+04 1.043354e+04 1.043833e+04 1.044446e+04
3.5 1.041583e+04 1.043042e+04 1.043868e+04 1.042409e+04
4.5 1.042117e+04 1.043081e+04 1.043574e+04 1.042610e+04
5.5 1.040454e+04 1.043288e+04 1.043331e+04 1.040498e+04
6.5 1.041173e+04 1.042535e+04 1.043239e+04 1.041878e+04
7.5 1.039315e+04 1.043034e+04 1.043729e+04 1.040010e+04
8.5 1.042744e+04 1.043277e+04 1.044400e+04 1.043867e+04
9.5 1.041517e+04 1.043433e+04 1.044234e+04 1.042317e+04
10.5 1.052543e+04 1.050999e+04 1.043730e+04 1.045275e+04
11.5 1.044946e+04 1.042059e+04 1.043357e+04 1.046245e+04
12.5 1.043561e+04 1.042017e+04 1.043175e+04 1.044719e+04
13.5 1.042566e+04 1.042049e+04 1.043107e+04 1.043624e+04
14.5 1.042102e+04 1.041986e+04 1.043107e+04 1.043223e+04
15.5 1.042884e+04 1.042324e+04 1.043137e+04 1.043697e+04
16.5 1.046084e+04 1.043053e+04 1.043173e+04 1.046204e+04
17.5 1.039323e+04 1.042943e+04 1.043292e+04 1.039672e+04
1.0 1.041173e+04 1.042535e+04 1.043239e+04 1.041878e+04
2.0 1.039315e+04 1.043034e+04 1.043729e+04 1.040010e+04
3.0 1.042744e+04 1.043277e+04 1.044400e+04 1.043867e+04
4.0 1.041517e+04 1.043433e+04 1.044234e+04 1.042317e+04
5.0 1.052543e+04 1.050999e+04 1.043730e+04 1.045275e+04
6.0 1.044946e+04 1.042059e+04 1.043357e+04 1.046245e+04
7.0 1.043561e+04 1.042017e+04 1.043175e+04 1.044719e+04
8.0 1.042566e+04 1.042049e+04 1.043107e+04 1.043624e+04
9.0 1.042102e+04 1.041986e+04 1.043107e+04 1.043223e+04
10.0 1.042884e+04 1.042324e+04 1.043137e+04 1.043697e+04
11.0 1.046084e+04 1.043053e+04 1.043173e+04 1.046204e+04
12.0 1.039323e+04 1.042943e+04 1.043292e+04 1.039672e+04
13.0 1.039662e+04 1.043669e+04 1.043871e+04 1.039864e+04
14.0 1.041748e+04 1.043623e+04 1.044081e+04 1.042206e+04
15.0 1.042317e+04 1.042890e+04 1.043788e+04 1.043216e+04
16.0 1.044010e+04 1.042754e+04 1.043464e+04 1.044719e+04
17.0 1.045983e+04 1.045625e+04 1.043281e+04 1.043639e+04
18.0 1.045053e+04 1.045985e+04 1.043198e+04 1.042265e+04
0.2 1.046084e+04 1.043053e+04 1.043173e+04 1.046204e+04
1.2 1.039323e+04 1.042943e+04 1.043292e+04 1.039672e+04
2.2 1.039662e+04 1.043669e+04 1.043871e+04 1.039864e+04
3.2 1.041748e+04 1.043623e+04 1.044081e+04 1.042206e+04
4.2 1.042317e+04 1.042890e+04 1.043788e+04 1.043216e+04
5.2 1.044010e+04 1.042754e+04 1.043464e+04 1.044719e+04
6.2 1.045983e+04 1.045625e+04 1.043281e+04 1.043639e+04
7.2 1.045053e+04 1.045985e+04 1.043198e+04 1.042265e+04
8.2 1.043153e+04 1.044555e+04 1.043223e+04 1.041821e+04
9.2 1.042782e+04 1.044164e+04 1.043761e+04 1.042379e+04
10.2 1.043573e+04 1.043575e+04 1.044221e+04 1.044219e+04
11.2 1.036819e+04 1.043438e+04 1.043990e+04 1.037372e+04
12.2 1.042711e+04 1.043217e+04 1.043598e+04 1.043092e+04
13.2 1.041651e+04 1.042526e+04 1.043351e+04 1.042476e+04
14.2 1.037963e+04 1.041526e+04 1.043233e+04 1.039671e+04
15.2 1.042096e+04 1.041374e+04 1.043195e+04 1.043917e+04
16.2 1.040902e+04 1.041238e+04 1.043203e+04 1.042867e+04
17.2 1.048347e+04 1.042773e+04 1.043231e+04 1.048806e+04
1.0 1.043153e+04 1.044555e+04 1.043223e+04 1.041821e+04
2.0 1.042782e+04 1.044164e+04 1.043761e+04 1.042379e+04
3.0 1.043573e+04 1.043575e+04 1.044221e+04 1.044219e+04
4.0 1.036819e+04 1.043438e+04 1.043990e+04 1.037372e+04
5.0 1.042711e+04 1.043217e+04 1.043598e+04 1.043092e+04
6.0 1.041651e+04 1.042526e+04 1.043351e+04 1.042476e+04
7.0 1.037963e+04 1.041526e+04 1.043233e+04 1.039671e+04
8.0 1.042096e+04 1.041374e+04 1.043195e+04 1.043917e+04
9.0 1.040902e+04 1.041238e+04 1.043203e+04 1.042867e+04
10.0 1.048347e+04 1.042773e+04 1.043231e+04 1.048806e+04
11.0 1.043565e+04 1.042788e+04 1.043259e+04 1.044036e+04
12.0 1.039982e+04 1.042978e+04 1.043281e+04 1.040284e+04
13.0 1.042250e+04 1.043092e+04 1.043296e+04 1.042454e+04
14.0 1.042105e+04 1.043508e+04 1.043305e+04 1.041903e+04
15.0 1.039759e+04 1.042722e+04 1.043311e+04 1.040348e+04
16.0 1.042785e+04 1.041218e+04 1.043316e+04 1.044883e+04
17.0 1.041536e+04 1.043857e+04 1.043320e+04 1.040998e+04
18.0 1.045557e+04 1.044327e+04 1.043324e+04 1.044554e+04
0.3 1.041510e+04 1.042593e+04 1.043330e+04 1.042247e+04
1.3 1.041415e+04 1.045296e+04 1.043464e+04 1.039583e+04
2.3 1.040708e+04 1.043941e+04 1.044159e+04 1.040926e+04
3.3 1.050458e+04 1.044289e+04 1.044496e+04 1.050666e+04
4.3 1.036903e+04 1.042870e+04 1.044116e+04 1.038149e+04
5.3 1.040675e+04 1.041921e+04 1.043651e+04 1.042406e+04
6.3 1.041623e+04 1.044141e+04 1.043376e+04 1.040858e+04
7.3 1.045166e+04 1.045558e+04 1.043246e+04 1.042854e+04
8.3 1.042301e+04 1.043341e+04 1.043205e+04 1.042165e+04
9.3 1.042830e+04 1.040782e+04 1.043213e+04 1.045261e+04
10.3 1.045442e+04 1.040900e+04 1.043240e+04 1.047783e+04
11.3 1.038664e+04 1.042762e+04 1.043266e+04 1.039168e+04
12.3 1.043083e+04 1.044804e+04 1.043283e+04 1.041562e+04
13.3 1.043042e+04 1.044828e+04 1.043293e+04 1.041507e+04
14.3 1.043843e+04 1.044015e+04 1.043297e+04 1.043125e+04
15.3 1.042845e+04 1.042365e+04 1.043298e+04 1.043778e+04
16.3 1.038565e+04 1.040431e+04 1.043297e+04 1.041432e+04
17.3 1.041441e+04 1.041193e+04 1.043296e+04 1.043545e+04
0.4 1.043079e+04 1.042389e+04 1.043295e+04 1.043985e+04
1.4 1.044023e+04 1.042903e+04 1.043440e+04 1.044559e+04
2.4 1.044589e+04 1.042793e+04 1.043989e+04 1.045785e+04
3.4 1.046805e+04 1.043709e+04 1.044065e+04 1.047161e+04
4.4 1.047252e+04 1.044405e+04 1.043749e+04 1.046596e+04
5.4 1.046201e+04 1.046381e+04 1.043458e+04 1.043278e+04
6.4 1.041039e+04 1.044804e+04 1.043301e+04 1.039536e+04
7.4 1.045134e+04 1.044595e+04 1.043231e+04 1.043771e+04
8.4 1.036871e+04 1.043234e+04 1.043216e+04 1.036854e+04
9.4 1.037332e+04 1.044239e+04 1.043228e+04 1.036320e+04
10.4 1.043374e+04 1.044222e+04 1.043249e+04 1.042401e+04
11.4 1.045644e+04 1.043093e+04 1.043267e+04 1.045818e+04
12.4 1.040485e+04 1.042910e+04 1.043279e+04 1.040854e+04
13.4 1.047151e+04 1.042027e+04 1.043286e+04 1.048410e+04
14.4 1.042845e+04 1.042498e+04 1.043437e+04 1.043785e+04
15.4 1.042675e+04 1.042366e+04 1.044176e+04 1.044485e+04
16.4 1.046378e+04 1.044354e+04 1.044512e+04 1.046535e+04
17.4 1.044564e+04 1.043458e+04 1.044111e+04 1.045217e+04
0.4 1.047151e+04 1.042027e+04 1.043286e+04 1.048410e+04
1.4 1.042845e+04 1.042498e+04 1.043437e+04 1.043785e+04
2.4 1.042675e+04 1.042366e+04 1.044176e+04 1.044485e+04
3.4 1.046378e+04 1.044354e+04 1.044512e+04 1.046535e+04
4.4 1.044564e+04 1.043458e+04 1.044111e+04 1.045217e+04
5.4 1.046411e+04 1.046157e+04 1.043645e+04 1.043899e+04
6.4 1.045195e+04 1.045989e+04 1.043362e+04 1.042568e+04
7.4 1.040866e+04 1.042233e+04 1.043230e+04 1.041863e+04
8.4 1.045297e+04 1.042202e+04 1.043193e+04 1.046288e+04
9.4 1.045805e+04 1.044455e+04 1.043207e+04 1.044557e+04
10.4 1.042225e+04 1.045641e+04 1.043239e+04 1.039823e+04
11.4 1.043581e+04 1.044083e+04 1.043271e+04 1.042769e+04
12.4 1.041998e+04 1.042992e+04 1.043295e+04 1.042301e+04
13.4 1.040203e+04 1.042785e+04 1.043310e+04 1.040728e+04
14.4 1.045421e+04 1.044970e+04 1.043319e+04 1.043771e+04
15.4 1.039419e+04 1.044154e+04 1.043326e+04 1.038591e+04
16.4 1.042148e+04 1.043084e+04 1.043332e+04 1.042395e+04
17.4 1.045845e+04 1.042602e+04 1.043337e+04 1.046579e+04
