0.9 7.556821e+03 7.544152e+03 7.557329e+03 7.569998e+03
1.9 7.573095e+03 7.554582e+03 7.565168e+03 7.583681e+03
2.9 7.548010e+03 7.575633e+03 7.568813e+03 7.541190e+03
3.9 7.555863e+03 7.562797e+03 7.564791e+03 7.557857e+03
4.9 7.505554e+03 7.553911e+03 7.560051e+03 7.511693e+03
5.9 7.520915e+03 7.568331e+03 7.557322e+03 7.509906e+03
6.9 7.539379e+03 7.571393e+03 7.556043e+03 7.524029e+03
7.9 7.552458e+03 7.574235e+03 7.555687e+03 7.533911e+03
8.9 7.556520e+03 7.559779e+03 7.555814e+03 7.552555e+03
9.9 7.565824e+03 7.556823e+03 7.556130e+03 7.565131e+03
10.9 7.535938e+03 7.547599e+03 7.556427e+03 7.544766e+03
11.9 7.493358e+03 7.547736e+03 7.556644e+03 7.502266e+03
12.9 7.515116e+03 7.547029e+03 7.556773e+03 7.524859e+03
13.9 7.530372e+03 7.553027e+03 7.556846e+03 7.534192e+03
14.9 7.545314e+03 7.552164e+03 7.556890e+03 7.550040e+03
15.9 7.524287e+03 7.567203e+03 7.556918e+03 7.514001e+03
16.9 7.554485e+03 7.582299e+03 7.556940e+03 7.529127e+03
17.9 7.599948e+03 7.581965e+03 7.556959e+03 7.574942e+03
0.3 7.545888e+03 7.544695e+03 7.556468e+03 7.557662e+03
1.3 7.535151e+03 7.547038e+03 7.559366e+03 7.547480e+03
2.3 7.539562e+03 7.544763e+03 7.567616e+03 7.562415e+03
3.3 7.491050e+03 7.541742e+03 7.567387e+03 7.516695e+03
4.3 7.559209e+03 7.556028e+03 7.562288e+03 7.565469e+03
5.3 7.578424e+03 7.557891e+03 7.558355e+03 7.578888e+03
6.3 7.561960e+03 7.543569e+03 7.556255e+03 7.574646e+03
7.3 7.609523e+03 7.544130e+03 7.555354e+03 7.620747e+03
8.3 7.602290e+03 7.563228e+03 7.555192e+03 7.594254e+03
9.3 7.563521e+03 7.562652e+03 7.555389e+03 7.556258e+03
10.3 7.516139e+03 7.559278e+03 7.555670e+03 7.512532e+03
11.3 7.493634e+03 7.567538e+03 7.555899e+03 7.481995e+03
12.3 7.597876e+03 7.556904e+03 7.556042e+03 7.597014e+03
13.3 7.607361e+03 7.566751e+03 7.556108e+03 7.596718e+03
14.3 7.580265e+03 7.562032e+03 7.556131e+03 7.574364e+03
15.3 7.509869e+03 7.545645e+03 7.556132e+03 7.520355e+03
16.3 7.516957e+03 7.538139e+03 7.556123e+03 7.534940e+03
17.3 7.542872e+03 7.542144e+03 7.556110e+03 7.556838e+03
0.8 7.566668e+03 7.541649e+03 7.556487e+03 7.581506e+03
1.8 7.567133e+03 7.558973e+03 7.563706e+03 7.571866e+03
2.8 7.557836e+03 7.551801e+03 7.568293e+03 7.574328e+03
3.8 7.549275e+03 7.550681e+03 7.564668e+03 7.563263e+03
4.8 7.506091e+03 7.546977e+03 7.559761e+03 7.518875e+03
5.8 7.515648e+03 7.550525e+03 7.556820e+03 7.521942e+03
6.8 7.509233e+03 7.551638e+03 7.555395e+03 7.512991e+03
7.8 7.539314e+03 7.540773e+03 7.554946e+03 7.553488e+03
8.8 7.577068e+03 7.582884e+03 7.555015e+03 7.549199e+03
9.8 7.567462e+03 7.569120e+03 7.555300e+03 7.553643e+03
10.8 7.584255e+03 7.582239e+03 7.555582e+03 7.557598e+03
11.8 7.586755e+03 7.558913e+03 7.555787e+03 7.583629e+03
12.8 7.577289e+03 7.555337e+03 7.555902e+03 7.577854e+03
13.8 7.557289e+03 7.582598e+03 7.555961e+03 7.530651e+03
14.8 7.603188e+03 7.589684e+03 7.555988e+03 7.569492e+03
15.8 7.586500e+03 7.562652e+03 7.556000e+03 7.579848e+03
16.8 7.587067e+03 7.558090e+03 7.556007e+03 7.584984e+03
17.8 7.577743e+03 7.553285e+03 7.556012e+03 7.580470e+03
0.4 7.554148e+03 7.543885e+03 7.556027e+03 7.566290e+03
1.4 7.565512e+03 7.549702e+03 7.559151e+03 7.574960e+03
2.4 7.542343e+03 7.562583e+03 7.567352e+03 7.547112e+03
3.4 7.542681e+03 7.558146e+03 7.566940e+03 7.551475e+03
4.4 7.525700e+03 7.551865e+03 7.561976e+03 7.535811e+03
5.4 7.494833e+03 7.547471e+03 7.558006e+03 7.505368e+03
6.4 7.575146e+03 7.565539e+03 7.555979e+03 7.565585e+03
7.4 7.576150e+03 7.587583e+03 7.555136e+03 7.543703e+03
8.4 7.555302e+03 7.569738e+03 7.555022e+03 7.540586e+03
9.4 7.510568e+03 7.553655e+03 7.555251e+03 7.512165e+03
10.4 7.603773e+03 7.551520e+03 7.555575e+03 7.607828e+03
11.4 7.525228e+03 7.553027e+03 7.555836e+03 7.528036e+03
12.4 7.565255e+03 7.556257e+03 7.556031e+03 7.565029e+03
13.4 7.561573e+03 7.548217e+03 7.560283e+03 7.573639e+03
14.4 7.574709e+03 7.536594e+03 7.567873e+03 7.605989e+03
15.4 7.582537e+03 7.551198e+03 7.566548e+03 7.597887e+03
16.4 7.539905e+03 7.543914e+03 7.561547e+03 7.557538e+03
17.4 7.561305e+03 7.555728e+03 7.557839e+03 7.563416e+03
0.5 7.565255e+03 7.556257e+03 7.556031e+03 7.565029e+03
1.5 7.561573e+03 7.548217e+03 7.560283e+03 7.573639e+03
2.5 7.574709e+03 7.536594e+03 7.567873e+03 7.605989e+03
3.5 7.582537e+03 7.551198e+03 7.566548e+03 7.597887e+03
4.5 7.539905e+03 7.543914e+03 7.561547e+03 7.557538e+03
5.5 7.561305e+03 7.555728e+03 7.557839e+03 7.563416e+03
6.5 7.575269e+03 7.568373e+03 7.556003e+03 7.562899e+03
7.5 7.603602e+03 7.564493e+03 7.555288e+03 7.594397e+03
8.5 7.580363e+03 7.572326e+03 7.555231e+03 7.563267e+03
9.5 7.602167e+03 7.566456e+03 7.555488e+03 7.591198e+03
10.5 7.624938e+03 7.586410e+03 7.555813e+03 7.594341e+03
11.5 7.643486e+03 7.587345e+03 7.556067e+03 7.612208e+03
12.5 7.536115e+03 7.549304e+03 7.556232e+03 7.543042e+03
13.5 7.600872e+03 7.552241e+03 7.556329e+03 7.604960e+03
14.5 7.567541e+03 7.541760e+03 7.556382e+03 7.582163e+03
15.5 7.527392e+03 7.555613e+03 7.556416e+03 7.528194e+03
16.5 7.518688e+03 7.553961e+03 7.556439e+03 7.521166e+03
17.5 7.566968e+03 7.553021e+03 7.556459e+03 7.570405e+03
0.5 7.490404e+03 7.531633e+03 7.556813e+03 7.515584e+03
1.5 7.573270e+03 7.548494e+03 7.560765e+03 7.585540e+03
2.5 7.572605e+03 7.559784e+03 7.568531e+03 7.581353e+03
3.5 7.607800e+03 7.559379e+03 7.567298e+03 7.615719e+03
4.5 7.535250e+03 7.532210e+03 7.562174e+03 7.565214e+03
5.5 7.587791e+03 7.583702e+03 7.558526e+03 7.562614e+03
6.5 7.534958e+03 7.562555e+03 7.556649e+03 7.529053e+03
7.5 7.524848e+03 7.562615e+03 7.555899e+03 7.518132e+03
8.5 7.552678e+03 7.556649e+03 7.555836e+03 7.551864e+03
9.5 7.515532e+03 7.545737e+03 7.556093e+03 7.525888e+03
10.5 7.559853e+03 7.557235e+03 7.556410e+03 7.559028e+03
11.5 7.513385e+03 7.553263e+03 7.556664e+03 7.516786e+03
12.5 7.543069e+03 7.557234e+03 7.556833e+03 7.542669e+03
13.5 7.559571e+03 7.557405e+03 7.556929e+03 7.559096e+03
14.5 7.564767e+03 7.557727e+03 7.556985e+03 7.564025e+03
15.5 7.590213e+03 7.540292e+03 7.557020e+03 7.606941e+03
16.5 7.587958e+03 7.546049e+03 7.557047e+03 7.598956e+03
17.5 7.557648e+03 7.537445e+03 7.557072e+03 7.577275e+03
