2.176957e+03 2.238932e+03 2.231812e+03 2.184077e+03
2.177666e+03 2.238932e+03 2.230523e+03 2.186075e+03
2.314669e+03 2.238932e+03 2.231309e+03 2.322292e+03
2.279269e+03 2.238932e+03 2.224040e+03 2.294161e+03
2.204559e+03 2.238932e+03 2.242936e+03 2.200554e+03
2.332319e+03 2.238932e+03 2.276161e+03 2.295090e+03
2.221573e+03 2.238932e+03 2.258832e+03 2.201673e+03
2.215138e+03 2.238932e+03 2.242890e+03 2.211180e+03
2.228419e+03 2.238932e+03 2.228486e+03 2.238865e+03
2.257628e+03 2.238932e+03 2.229264e+03 2.267295e+03
2.271939e+03 2.238932e+03 2.234425e+03 2.276447e+03
2.270717e+03 2.236149e+03 2.249806e+03 2.257060e+03
2.252932e+03 2.240693e+03 2.295595e+03 2.198031e+03
2.256744e+03 2.227350e+03 2.316899e+03 2.167194e+03
2.252317e+03 2.237958e+03 2.263941e+03 2.226334e+03
2.279439e+03 2.237674e+03 2.229950e+03 2.287163e+03
2.270422e+03 2.239323e+03 2.238275e+03 2.271470e+03
2.222552e+03 2.237799e+03 2.231908e+03 2.228443e+03
2.253780e+03 2.248381e+03 2.221075e+03 2.281085e+03
2.224573e+03 2.238366e+03 2.223774e+03 2.239166e+03
2.232313e+03 2.239691e+03 2.216441e+03 2.255562e+03
2.238436e+03 2.238934e+03 2.215139e+03 2.262231e+03
2.216753e+03 2.238877e+03 2.243290e+03 2.212341e+03
2.231139e+03 2.238180e+03 2.235213e+03 2.234106e+03
2.246935e+03 2.239436e+03 2.237550e+03 2.248821e+03
2.249001e+03 2.239333e+03 2.213869e+03 2.274465e+03
2.189498e+03 2.238875e+03 2.230774e+03 2.197599e+03
2.209326e+03 2.238986e+03 2.223097e+03 2.225215e+03
2.174678e+03 2.238943e+03 2.224057e+03 2.189564e+03
2.185025e+03 2.238947e+03 2.210060e+03 2.213913e+03
2.220393e+03 2.238271e+03 2.225867e+03 2.232798e+03
2.228133e+03 2.231113e+03 2.254915e+03 2.204331e+03
2.166435e+03 2.201830e+03 2.209792e+03 2.158472e+03
2.083936e+03 2.187674e+03 2.161522e+03 2.110088e+03
2.221721e+03 2.204164e+03 2.170903e+03 2.254982e+03
2.203736e+03 2.239981e+03 2.241358e+03 2.202359e+03
2.199615e+03 2.243341e+03 2.203540e+03 2.239417e+03
2.199542e+03 2.240714e+03 2.250074e+03 2.190181e+03
2.314490e+03 2.244164e+03 2.295208e+03 2.263446e+03
2.321155e+03 2.238922e+03 2.280040e+03 2.280037e+03
2.330302e+03 2.254466e+03 2.294600e+03 2.290167e+03
2.267304e+03 2.247827e+03 2.269351e+03 2.245780e+03
2.259752e+03 2.251575e+03 2.246886e+03 2.264441e+03
2.221310e+03 2.264464e+03 2.219049e+03 2.266725e+03
2.272571e+03 2.247487e+03 2.245929e+03 2.274129e+03
2.267450e+03 2.241236e+03 2.232932e+03 2.275754e+03
2.277134e+03 2.238973e+03 2.213023e+03 2.303084e+03
2.171684e+03 2.241301e+03 2.182514e+03 2.230470e+03
2.174361e+03 2.240371e+03 2.203795e+03 2.210937e+03
2.208456e+03 2.239684e+03 2.219436e+03 2.228704e+03
2.330954e+03 2.237375e+03 2.236814e+03 2.331515e+03
2.219285e+03 2.239107e+03 2.213890e+03 2.244502e+03
2.251074e+03 2.238689e+03 2.222812e+03 2.266951e+03
2.258253e+03 2.238683e+03 2.252484e+03 2.244451e+03
2.131722e+03 2.238943e+03 2.214624e+03 2.156040e+03
2.218161e+03 2.238924e+03 2.233012e+03 2.224072e+03
2.245542e+03 2.238915e+03 2.244555e+03 2.239901e+03
2.327421e+03 2.238927e+03 2.247800e+03 2.318547e+03
2.349821e+03 2.238932e+03 2.227070e+03 2.361683e+03
2.199539e+03 2.238932e+03 2.235106e+03 2.203365e+03
2.312497e+03 2.238932e+03 2.263883e+03 2.287546e+03
2.297035e+03 2.238932e+03 2.272403e+03 2.263564e+03
2.219213e+03 2.238932e+03 2.259116e+03 2.199030e+03
2.297147e+03 2.238932e+03 2.246191e+03 2.289889e+03
2.299381e+03 2.238932e+03 2.236613e+03 2.301700e+03
2.220611e+03 2.238932e+03 2.227773e+03 2.231770e+03
2.158802e+03 2.238932e+03 2.236415e+03 2.161318e+03
2.252135e+03 2.238932e+03 2.242472e+03 2.248595e+03
2.247281e+03 2.238683e+03 2.234097e+03 2.251867e+03
2.177218e+03 2.239995e+03 2.218186e+03 2.199027e+03
2.236569e+03 2.227058e+03 2.181868e+03 2.281759e+03
2.253741e+03 2.253970e+03 2.251829e+03 2.255881e+03
2.253047e+03 2.241776e+03 2.237430e+03 2.257393e+03
2.257961e+03 2.238823e+03 2.224221e+03 2.272563e+03
2.238233e+03 2.238011e+03 2.233861e+03 2.242383e+03
2.195964e+03 2.239212e+03 2.213818e+03 2.221359e+03
2.231676e+03 2.239489e+03 2.239980e+03 2.231185e+03
2.232207e+03 2.238825e+03 2.261571e+03 2.209461e+03
2.224212e+03 2.238147e+03 2.231604e+03 2.230755e+03
2.240586e+03 2.238929e+03 2.253227e+03 2.226288e+03
2.234445e+03 2.239036e+03 2.239851e+03 2.233630e+03
2.273539e+03 2.238940e+03 2.222338e+03 2.290141e+03
2.210594e+03 2.238927e+03 2.226646e+03 2.222875e+03
2.196720e+03 2.238933e+03 2.227737e+03 2.207915e+03
2.228268e+03 2.238934e+03 2.230121e+03 2.237081e+03
2.251855e+03 2.238932e+03 2.238065e+03 2.252722e+03
2.260043e+03 2.238932e+03 2.229223e+03 2.269753e+03
2.225201e+03 2.238932e+03 2.230683e+03 2.233451e+03
2.242482e+03 2.238932e+03 2.221224e+03 2.260190e+03
2.253453e+03 2.238932e+03 2.220575e+03 2.271810e+03
2.307493e+03 2.238932e+03 2.260617e+03 2.285808e+03
2.279963e+03 2.238932e+03 2.249226e+03 2.269670e+03
2.237103e+03 2.238932e+03 2.258112e+03 2.217922e+03
2.210428e+03 2.238933e+03 2.241186e+03 2.208175e+03
2.235638e+03 2.240075e+03 2.242037e+03 2.233676e+03
2.253178e+03 2.233209e+03 2.257004e+03 2.229383e+03
2.296511e+03 2.227960e+03 2.262393e+03 2.262079e+03
2.259486e+03 2.240665e+03 2.231591e+03 2.268560e+03
2.214532e+03 2.239151e+03 2.223142e+03 2.230540e+03
2.222624e+03 2.238906e+03 2.232274e+03 2.229256e+03
2.279549e+03 2.238404e+03 2.241959e+03 2.275995e+03
2.260202e+03 2.239434e+03 2.261944e+03 2.237692e+03
2.241344e+03 2.239329e+03 2.270588e+03 2.210085e+03
2.299953e+03 2.238997e+03 2.257060e+03 2.281890e+03
2.257922e+03 2.239034e+03 2.227963e+03 2.268993e+03
2.154278e+03 2.238912e+03 2.219898e+03 2.173291e+03
2.123740e+03 2.238950e+03 2.212163e+03 2.150527e+03
2.156826e+03 2.238948e+03 2.218659e+03 2.177115e+03
2.241120e+03 2.238932e+03 2.232067e+03 2.247985e+03
2.322259e+03 2.238928e+03 2.244264e+03 2.316923e+03
2.282059e+03 2.238931e+03 2.250370e+03 2.270620e+03
2.295814e+03 2.239294e+03 2.260721e+03 2.274387e+03
2.229098e+03 2.242130e+03 2.244037e+03 2.227190e+03
2.255202e+03 2.235094e+03 2.252956e+03 2.237340e+03
2.246177e+03 2.236509e+03 2.248743e+03 2.233944e+03
2.249801e+03 2.235853e+03 2.244643e+03 2.241012e+03
2.225634e+03 2.238024e+03 2.236927e+03 2.226731e+03
2.260134e+03 2.238993e+03 2.235542e+03 2.263585e+03
2.259359e+03 2.240103e+03 2.223331e+03 2.276131e+03
2.213819e+03 2.238046e+03 2.249904e+03 2.201961e+03
2.217449e+03 2.243238e+03 2.255092e+03 2.205595e+03
2.231458e+03 2.271452e+03 2.248054e+03 2.254856e+03
2.268721e+03 2.246581e+03 2.285452e+03 2.229850e+03
2.292422e+03 2.230944e+03 2.274594e+03 2.248772e+03
2.254953e+03 2.236268e+03 2.201034e+03 2.290188e+03
2.192848e+03 2.239037e+03 2.176513e+03 2.255373e+03
2.245136e+03 2.238262e+03 2.213359e+03 2.270039e+03
2.229419e+03 2.239134e+03 2.211127e+03 2.257426e+03
2.231920e+03 2.239897e+03 2.217676e+03 2.254140e+03
2.253229e+03 2.239467e+03 2.217965e+03 2.274732e+03
2.291651e+03 2.238829e+03 2.235523e+03 2.294958e+03
2.257558e+03 2.237650e+03 2.223959e+03 2.271249e+03
2.218834e+03 2.243039e+03 2.242092e+03 2.219781e+03
2.236619e+03 2.240319e+03 2.243081e+03 2.233857e+03
2.254715e+03 2.237513e+03 2.233572e+03 2.258656e+03
2.216202e+03 2.240405e+03 2.242357e+03 2.214251e+03
2.189110e+03 2.223673e+03 2.229108e+03 2.183674e+03
2.235004e+03 2.187273e+03 2.180815e+03 2.241463e+03
2.218484e+03 2.215807e+03 2.225840e+03 2.208452e+03
2.241594e+03 2.234221e+03 2.241048e+03 2.234767e+03
2.242815e+03 2.236890e+03 2.223015e+03 2.256690e+03
2.113265e+03 2.241121e+03 2.208223e+03 2.146163e+03
2.182953e+03 2.247004e+03 2.201108e+03 2.228849e+03
2.231291e+03 2.239288e+03 2.229479e+03 2.241100e+03
2.236397e+03 2.232407e+03 2.262332e+03 2.206472e+03
2.225802e+03 2.237704e+03 2.244600e+03 2.218906e+03
2.217531e+03 2.236135e+03 2.245201e+03 2.208465e+03
2.187802e+03 2.238722e+03 2.235536e+03 2.190988e+03
2.161071e+03 2.238936e+03 2.236584e+03 2.163424e+03
2.032613e+03 2.229903e+03 2.188508e+03 2.074008e+03
2.188226e+03 2.248352e+03 2.223738e+03 2.212839e+03
2.315760e+03 2.253144e+03 2.246478e+03 2.322427e+03
2.262734e+03 2.247100e+03 2.255886e+03 2.253947e+03
2.261366e+03 2.243943e+03 2.253371e+03 2.251938e+03
2.272966e+03 2.230075e+03 2.308055e+03 2.194986e+03
2.452141e+03 2.234944e+03 2.315146e+03 2.371939e+03
2.303331e+03 2.220524e+03 2.321382e+03 2.202472e+03
2.216894e+03 2.240389e+03 2.249371e+03 2.207913e+03
2.242632e+03 2.239001e+03 2.235381e+03 2.246252e+03
2.216688e+03 2.239232e+03 2.227336e+03 2.228584e+03
2.265096e+03 2.240179e+03 2.216801e+03 2.288474e+03
2.296279e+03 2.256415e+03 2.239895e+03 2.312799e+03
2.265783e+03 2.241399e+03 2.210276e+03 2.296906e+03
2.311986e+03 2.246611e+03 2.247067e+03 2.311530e+03
2.224903e+03 2.239597e+03 2.234955e+03 2.229545e+03
2.279497e+03 2.238320e+03 2.237769e+03 2.280048e+03
2.237552e+03 2.241460e+03 2.250901e+03 2.228112e+03
2.325391e+03 2.221391e+03 2.343992e+03 2.202790e+03
2.244372e+03 2.248580e+03 2.276143e+03 2.216808e+03
2.256710e+03 2.232575e+03 2.247275e+03 2.242009e+03
2.186341e+03 2.236600e+03 2.195334e+03 2.227607e+03
2.012652e+03 2.238898e+03 2.215038e+03 2.036512e+03
2.037457e+03 2.237103e+03 2.240055e+03 2.034504e+03
2.184704e+03 2.237446e+03 2.259470e+03 2.162681e+03
2.172334e+03 2.240427e+03 2.259730e+03 2.153031e+03
2.267991e+03 2.239413e+03 2.249583e+03 2.257822e+03
2.199253e+03 2.239448e+03 2.233025e+03 2.205677e+03
2.252316e+03 2.239140e+03 2.228820e+03 2.262636e+03
2.214655e+03 2.240780e+03 2.244137e+03 2.211298e+03
2.231408e+03 2.248184e+03 2.271684e+03 2.207908e+03
2.330979e+03 2.242323e+03 2.298390e+03 2.274912e+03
2.299826e+03 2.245873e+03 2.266924e+03 2.278775e+03
2.220972e+03 2.233177e+03 2.235572e+03 2.218577e+03
2.256574e+03 2.239599e+03 2.267357e+03 2.228816e+03
2.261329e+03 2.238730e+03 2.225585e+03 2.274474e+03
2.212227e+03 2.242833e+03 2.239566e+03 2.215494e+03
2.290086e+03 2.244190e+03 2.234904e+03 2.299372e+03
2.242546e+03 2.243456e+03 2.236467e+03 2.249535e+03
2.266227e+03 2.238140e+03 2.206022e+03 2.298346e+03
2.333103e+03 2.238931e+03 2.245652e+03 2.326382e+03
2.258660e+03 2.240144e+03 2.264078e+03 2.234726e+03
2.272452e+03 2.239376e+03 2.261896e+03 2.249932e+03
2.400105e+03 2.240493e+03 2.245732e+03 2.394865e+03
2.275579e+03 2.239264e+03 2.221118e+03 2.293725e+03
2.158455e+03 2.238694e+03 2.239348e+03 2.157801e+03
2.316340e+03 2.238847e+03 2.229250e+03 2.325937e+03
2.161923e+03 2.238929e+03 2.218050e+03 2.182801e+03
2.090911e+03 2.238958e+03 2.217125e+03 2.112744e+03
2.237014e+03 2.238932e+03 2.240083e+03 2.235863e+03
2.110154e+03 2.238934e+03 2.238825e+03 2.110264e+03
2.281642e+03 2.238932e+03 2.234520e+03 2.286053e+03
2.182872e+03 2.238932e+03 2.181065e+03 2.240740e+03
2.196614e+03 2.238932e+03 2.243220e+03 2.192326e+03
2.251972e+03 2.238932e+03 2.244631e+03 2.246274e+03
2.252960e+03 2.238932e+03 2.245890e+03 2.246003e+03
2.305525e+03 2.238932e+03 2.260181e+03 2.284276e+03
2.350341e+03 2.238824e+03 2.251353e+03 2.337812e+03
2.266384e+03 2.270234e+03 2.302706e+03 2.233912e+03
2.226178e+03 2.239675e+03 2.219192e+03 2.246661e+03
2.369303e+03 2.244609e+03 2.245100e+03 2.368811e+03
2.240997e+03 2.239351e+03 2.245511e+03 2.234837e+03
2.205148e+03 2.234707e+03 2.226665e+03 2.213190e+03
2.181639e+03 2.247608e+03 2.244741e+03 2.184506e+03
2.149893e+03 2.252793e+03 2.257092e+03 2.145595e+03
2.227864e+03 2.242568e+03 2.246821e+03 2.223612e+03
2.202996e+03 2.238393e+03 2.246178e+03 2.195211e+03
2.266197e+03 2.240148e+03 2.251208e+03 2.255137e+03
