1.0 1.129178e+04 1.117372e+04 1.113651e+04 1.125457e+04
2.0 1.118547e+04 1.113204e+04 1.114185e+04 1.119528e+04
3.0 1.122293e+04 1.117358e+04 1.114975e+04 1.119910e+04
4.0 1.107415e+04 1.118995e+04 1.114870e+04 1.103291e+04
5.0 1.103558e+04 1.112651e+04 1.114295e+04 1.105202e+04
6.0 1.106070e+04 1.114387e+04 1.113832e+04 1.105515e+04
7.0 1.124719e+04 1.115020e+04 1.113594e+04 1.123293e+04
8.0 1.106109e+04 1.110207e+04 1.113497e+04 1.109399e+04
9.0 1.101004e+04 1.114191e+04 1.113485e+04 1.100298e+04
10.0 1.126424e+04 1.113765e+04 1.113513e+04 1.126172e+04
11.0 1.110233e+04 1.120832e+04 1.113551e+04 1.102951e+04
12.0 1.129400e+04 1.127986e+04 1.113580e+04 1.114995e+04
13.0 1.125553e+04 1.126840e+04 1.113600e+04 1.112312e+04
14.0 1.108868e+04 1.112942e+04 1.113610e+04 1.109537e+04
15.0 1.128154e+04 1.111962e+04 1.113616e+04 1.129807e+04
16.0 1.113000e+04 1.112649e+04 1.113619e+04 1.113969e+04
17.0 1.114167e+04 1.115322e+04 1.113620e+04 1.112465e+04
18.0 1.124434e+04 1.115500e+04 1.113621e+04 1.122555e+04
19.0 1.126643e+04 1.114144e+04 1.113622e+04 1.126121e+04
0.3 1.126520e+04 1.107788e+04 1.113614e+04 1.132347e+04
1.3 1.117208e+04 1.112220e+04 1.113752e+04 1.118739e+04
2.3 1.115939e+04 1.111387e+04 1.114504e+04 1.119056e+04
3.3 1.100882e+04 1.115065e+04 1.115045e+04 1.100861e+04
4.3 1.133179e+04 1.117795e+04 1.114680e+04 1.130064e+04
5.3 1.116595e+04 1.115030e+04 1.114099e+04 1.115663e+04
6.3 1.104093e+04 1.112304e+04 1.113728e+04 1.105518e+04
7.3 1.114911e+04 1.111147e+04 1.113548e+04 1.117312e+04
8.3 1.117664e+04 1.111126e+04 1.113486e+04 1.120024e+04
9.3 1.108376e+04 1.111982e+04 1.113493e+04 1.109887e+04
10.3 1.108876e+04 1.117440e+04 1.113527e+04 1.104963e+04
11.3 1.105327e+04 1.117377e+04 1.113562e+04 1.101512e+04
12.3 1.113205e+04 1.114246e+04 1.113588e+04 1.112547e+04
13.3 1.096829e+04 1.112917e+04 1.113604e+04 1.097517e+04
14.3 1.112659e+04 1.109801e+04 1.113612e+04 1.116471e+04
15.3 1.132643e+04 1.131647e+04 1.113617e+04 1.114613e+04
16.3 1.129707e+04 1.120155e+04 1.113619e+04 1.123170e+04
17.3 1.106214e+04 1.112248e+04 1.113620e+04 1.107586e+04
18.3 1.115154e+04 1.112172e+04 1.113621e+04 1.116603e+04
0.8 1.118957e+04 1.117641e+04 1.113607e+04 1.114922e+04
1.8 1.126946e+04 1.112802e+04 1.114018e+04 1.128161e+04
2.8 1.124180e+04 1.121476e+04 1.114853e+04 1.117557e+04
3.8 1.116880e+04 1.117986e+04 1.114924e+04 1.113818e+04
4.8 1.110387e+04 1.114332e+04 1.114372e+04 1.110427e+04
5.8 1.121089e+04 1.111523e+04 1.113869e+04 1.123435e+04
6.8 1.113082e+04 1.114204e+04 1.113597e+04 1.112475e+04
7.8 1.112221e+04 1.113323e+04 1.113481e+04 1.112378e+04
8.8 1.103090e+04 1.113288e+04 1.113456e+04 1.103257e+04
9.8 1.123792e+04 1.120178e+04 1.113479e+04 1.117093e+04
10.8 1.099836e+04 1.112275e+04 1.113516e+04 1.101077e+04
11.8 1.110832e+04 1.114502e+04 1.113547e+04 1.109877e+04
12.8 1.120284e+04 1.115660e+04 1.113568e+04 1.118192e+04
13.8 1.115430e+04 1.115585e+04 1.113580e+04 1.113425e+04
14.8 1.120393e+04 1.115026e+04 1.113587e+04 1.118954e+04
15.8 1.104632e+04 1.108463e+04 1.113591e+04 1.109760e+04
16.8 1.109340e+04 1.108268e+04 1.113593e+04 1.114665e+04
17.8 1.124612e+04 1.110873e+04 1.113596e+04 1.127335e+04
18.8 1.117713e+04 1.113884e+04 1.113598e+04 1.117428e+04
