0.2 9.773243e+03 9.586271e+03 9.601287e+03 9.788259e+03
1.2 9.584983e+03 9.583129e+03 9.589683e+03 9.591537e+03
2.2 9.569799e+03 9.536174e+03 9.532142e+03 9.565767e+03
3.2 9.629561e+03 9.540540e+03 9.522592e+03 9.611612e+03
4.2 9.651439e+03 9.624140e+03 9.555390e+03 9.582689e+03
5.2 9.576301e+03 9.574886e+03 9.584241e+03 9.585656e+03
6.2 9.602104e+03 9.638070e+03 9.600284e+03 9.564318e+03
7.2 9.627095e+03 9.601960e+03 9.607459e+03 9.632594e+03
8.2 9.672698e+03 9.630399e+03 9.609095e+03 9.651394e+03
9.2 9.649646e+03 9.637070e+03 9.607917e+03 9.620494e+03
10.2 9.606757e+03 9.614309e+03 9.605911e+03 9.598359e+03
11.2 9.562361e+03 9.616992e+03 9.604157e+03 9.549526e+03
12.2 9.648595e+03 9.637561e+03 9.602978e+03 9.614012e+03
13.2 9.366744e+03 9.492547e+03 9.602357e+03 9.476554e+03
14.2 9.640580e+03 9.604109e+03 9.602062e+03 9.638534e+03
15.2 9.566857e+03 9.593555e+03 9.601949e+03 9.575251e+03
16.2 9.609731e+03 9.593357e+03 9.601913e+03 9.618287e+03
17.2 9.525597e+03 9.580142e+03 9.601907e+03 9.547362e+03
0.1 9.669963e+03 9.585007e+03 9.601538e+03 9.686494e+03
1.1 9.468396e+03 9.577808e+03 9.590828e+03 9.481415e+03
2.1 9.570129e+03 9.558236e+03 9.534520e+03 9.546413e+03
3.1 9.471526e+03 9.539671e+03 9.522048e+03 9.453903e+03
4.1 9.502627e+03 9.571197e+03 9.553512e+03 9.484941e+03
5.1 9.487525e+03 9.582422e+03 9.582879e+03 9.487982e+03
6.1 9.673185e+03 9.592115e+03 9.599669e+03 9.680738e+03
7.1 9.753295e+03 9.600918e+03 9.606822e+03 9.759199e+03
8.1 9.647219e+03 9.613334e+03 9.608557e+03 9.642441e+03
9.1 9.644437e+03 9.602927e+03 9.607373e+03 9.648882e+03
10.1 9.655665e+03 9.570874e+03 9.605279e+03 9.690070e+03
11.1 9.665998e+03 9.600950e+03 9.603368e+03 9.668417e+03
12.1 9.499959e+03 9.608214e+03 9.602105e+03 9.493850e+03
13.1 9.660526e+03 9.604048e+03 9.601361e+03 9.657839e+03
14.1 9.632561e+03 9.558343e+03 9.600977e+03 9.675194e+03
15.1 9.558514e+03 9.569269e+03 9.600772e+03 9.590016e+03
16.1 9.628697e+03 9.613742e+03 9.600658e+03 9.615613e+03
17.1 9.756575e+03 9.653352e+03 9.600587e+03 9.703810e+03
0.2 9.494796e+03 9.583684e+03 9.603460e+03 9.514573e+03
1.2 9.750263e+03 9.565817e+03 9.587484e+03 9.771930e+03
2.2 9.659036e+03 9.511438e+03 9.531238e+03 9.678836e+03
3.2 9.710737e+03 9.539680e+03 9.526560e+03 9.697618e+03
4.2 9.600070e+03 9.563939e+03 9.560293e+03 9.596424e+03
5.2 9.614105e+03 9.566928e+03 9.588210e+03 9.635387e+03
6.2 9.589459e+03 9.587694e+03 9.603690e+03 9.605455e+03
7.2 9.618220e+03 9.641366e+03 9.610115e+03 9.586968e+03
8.2 9.501657e+03 9.614182e+03 9.611478e+03 9.498953e+03
9.2 9.669551e+03 9.594429e+03 9.610185e+03 9.685307e+03
10.2 9.690856e+03 9.588487e+03 9.608172e+03 9.710542e+03
11.2 9.619322e+03 9.571988e+03 9.606416e+03 9.653751e+03
12.2 9.598025e+03 9.625064e+03 9.605304e+03 9.578265e+03
13.2 9.486168e+03 9.544818e+03 9.604690e+03 9.546040e+03
14.2 9.661094e+03 9.576928e+03 9.604379e+03 9.688545e+03
15.2 9.524061e+03 9.584437e+03 9.604229e+03 9.543853e+03
16.2 9.552202e+03 9.591268e+03 9.604142e+03 9.565075e+03
17.2 9.537167e+03 9.578191e+03 9.602415e+03 9.561391e+03
0.8 9.537167e+03 9.578191e+03 9.602415e+03 9.561391e+03
1.8 9.370242e+03 9.545674e+03 9.558442e+03 9.383011e+03
2.8 9.429539e+03 9.532778e+03 9.520843e+03 9.417604e+03
3.8 9.482955e+03 9.555987e+03 9.542727e+03 9.469695e+03
4.8 9.543876e+03 9.658277e+03 9.576475e+03 9.462074e+03
5.8 9.631548e+03 9.617252e+03 9.597223e+03 9.611519e+03
6.8 9.658556e+03 9.609939e+03 9.607186e+03 9.655803e+03
7.8 9.644464e+03 9.622692e+03 9.610557e+03 9.632329e+03
8.8 9.692424e+03 9.617550e+03 9.610071e+03 9.684945e+03
9.8 9.764403e+03 9.632042e+03 9.607973e+03 9.740334e+03
10.8 9.642415e+03 9.594038e+03 9.605819e+03 9.654196e+03
11.8 9.631628e+03 9.605268e+03 9.604184e+03 9.630544e+03
12.8 9.606626e+03 9.574012e+03 9.603104e+03 9.635718e+03
13.8 9.540814e+03 9.540525e+03 9.602447e+03 9.602736e+03
14.8 9.624872e+03 9.596383e+03 9.602004e+03 9.630494e+03
15.8 9.681816e+03 9.602799e+03 9.601665e+03 9.680683e+03
16.8 9.694669e+03 9.617224e+03 9.601359e+03 9.678805e+03
17.8 9.578560e+03 9.629174e+03 9.601059e+03 9.550444e+03
