0.2 1.050191e+04 1.087307e+04 1.089407e+04 1.052291e+04
1.2 1.059498e+04 1.086457e+04 1.087634e+04 1.060675e+04
2.2 1.053339e+04 1.075215e+04 1.078846e+04 1.056970e+04
3.2 1.084378e+04 1.074457e+04 1.077387e+04 1.087308e+04
4.2 1.089275e+04 1.089289e+04 1.082397e+04 1.082382e+04
5.2 1.082798e+04 1.083305e+04 1.086803e+04 1.086296e+04
6.2 1.112079e+04 1.095221e+04 1.089254e+04 1.106112e+04
7.2 1.126775e+04 1.100023e+04 1.090349e+04 1.117102e+04
8.2 1.097785e+04 1.098300e+04 1.090599e+04 1.090084e+04
9.2 1.091091e+04 1.094059e+04 1.090419e+04 1.087451e+04
10.2 1.098713e+04 1.090301e+04 1.090113e+04 1.098525e+04
11.2 1.086734e+04 1.084428e+04 1.089845e+04 1.092152e+04
12.2 1.099089e+04 1.078477e+04 1.089665e+04 1.110277e+04
13.2 1.098318e+04 1.091517e+04 1.089570e+04 1.096371e+04
14.2 1.069962e+04 1.084838e+04 1.089525e+04 1.074649e+04
15.2 1.061717e+04 1.087189e+04 1.089508e+04 1.064035e+04
16.2 1.102634e+04 1.103037e+04 1.089502e+04 1.089100e+04
17.2 1.091221e+04 1.090480e+04 1.089501e+04 1.090243e+04
0.1 1.094302e+04 1.091490e+04 1.089445e+04 1.092257e+04
1.1 1.073547e+04 1.084929e+04 1.087809e+04 1.076428e+04
2.1 1.086343e+04 1.076273e+04 1.079209e+04 1.089279e+04
3.1 1.093687e+04 1.074508e+04 1.077304e+04 1.096483e+04
4.1 1.055176e+04 1.080572e+04 1.082110e+04 1.056713e+04
5.1 1.093288e+04 1.082229e+04 1.086595e+04 1.097655e+04
6.1 1.089551e+04 1.095332e+04 1.089160e+04 1.083378e+04
7.1 1.059373e+04 1.082910e+04 1.090252e+04 1.066715e+04
8.1 1.099980e+04 1.088615e+04 1.090517e+04 1.101882e+04
9.1 1.075110e+04 1.087019e+04 1.090336e+04 1.078427e+04
10.1 1.070889e+04 1.080833e+04 1.090016e+04 1.080073e+04
11.1 1.087579e+04 1.089286e+04 1.089725e+04 1.088017e+04
12.1 1.093605e+04 1.090601e+04 1.089532e+04 1.092536e+04
13.1 1.088462e+04 1.089916e+04 1.089418e+04 1.087964e+04
14.1 1.095062e+04 1.089125e+04 1.089359e+04 1.095296e+04
15.1 1.096425e+04 1.088068e+04 1.089328e+04 1.097685e+04
16.1 1.096353e+04 1.092726e+04 1.089311e+04 1.092937e+04
17.1 1.101789e+04 1.095107e+04 1.089300e+04 1.095982e+04
0.2 1.038074e+04 1.085579e+04 1.089739e+04 1.042234e+04
1.2 1.053699e+04 1.083473e+04 1.087299e+04 1.057525e+04
2.2 1.058263e+04 1.074340e+04 1.078708e+04 1.062630e+04
3.2 1.056417e+04 1.074046e+04 1.077993e+04 1.060365e+04
4.2 1.096364e+04 1.085475e+04 1.083146e+04 1.094035e+04
5.2 1.112029e+04 1.095877e+04 1.087409e+04 1.103562e+04
6.2 1.113296e+04 1.097725e+04 1.089774e+04 1.105345e+04
7.2 1.107063e+04 1.087361e+04 1.090755e+04 1.110457e+04
8.2 1.090843e+04 1.094398e+04 1.090963e+04 1.087408e+04
9.2 1.095961e+04 1.097624e+04 1.090766e+04 1.089102e+04
10.2 1.106021e+04 1.092248e+04 1.090458e+04 1.104231e+04
11.2 1.112779e+04 1.091298e+04 1.090190e+04 1.111671e+04
12.2 1.100231e+04 1.097169e+04 1.090020e+04 1.093083e+04
13.2 1.094807e+04 1.089785e+04 1.089926e+04 1.094948e+04
14.2 1.072055e+04 1.091091e+04 1.089879e+04 1.070843e+04
15.2 1.096233e+04 1.089924e+04 1.089856e+04 1.096165e+04
16.2 1.084583e+04 1.099752e+04 1.089843e+04 1.074673e+04
17.2 1.102260e+04 1.081367e+04 1.089579e+04 1.110473e+04
0.8 1.102260e+04 1.081367e+04 1.089579e+04 1.110473e+04
1.8 1.088317e+04 1.080204e+04 1.082863e+04 1.090976e+04
2.8 1.062176e+04 1.069713e+04 1.077120e+04 1.069583e+04
3.8 1.087399e+04 1.077956e+04 1.080463e+04 1.089905e+04
4.8 1.097116e+04 1.094253e+04 1.085617e+04 1.088480e+04
5.8 1.100504e+04 1.083767e+04 1.088786e+04 1.105523e+04
6.8 1.114325e+04 1.088251e+04 1.090308e+04 1.116382e+04
7.8 1.059785e+04 1.082095e+04 1.090823e+04 1.068512e+04
8.8 1.048669e+04 1.081924e+04 1.090748e+04 1.057494e+04
9.8 1.095994e+04 1.089149e+04 1.090428e+04 1.097273e+04
10.8 1.072721e+04 1.087973e+04 1.090099e+04 1.074847e+04
11.8 1.081877e+04 1.091554e+04 1.089849e+04 1.080172e+04
12.8 1.072407e+04 1.091024e+04 1.089684e+04 1.071067e+04
13.8 1.053904e+04 1.066315e+04 1.089584e+04 1.077173e+04
14.8 1.118959e+04 1.096479e+04 1.089516e+04 1.111996e+04
15.8 1.081983e+04 1.091047e+04 1.089464e+04 1.080401e+04
16.8 1.072204e+04 1.089379e+04 1.089418e+04 1.072243e+04
17.8 1.073032e+04 1.098134e+04 1.089372e+04 1.064270e+04
