0.9 9.911593e+03 1.008563e+04 1.009028e+04 9.916241e+03
1.9 9.956902e+03 1.009684e+04 1.008506e+04 9.945129e+03
2.9 1.003093e+04 1.011844e+04 1.008264e+04 9.995133e+03
3.9 1.000657e+04 1.010131e+04 1.008531e+04 9.990574e+03
4.9 1.009025e+04 1.007581e+04 1.008847e+04 1.010291e+04
5.9 1.003960e+04 1.007564e+04 1.009028e+04 1.005424e+04
6.9 1.012145e+04 1.005632e+04 1.009113e+04 1.015627e+04
7.9 1.027324e+04 1.019755e+04 1.009137e+04 1.016706e+04
8.9 9.888528e+03 9.944077e+03 1.009129e+04 1.003574e+04
9.9 1.005570e+04 1.001784e+04 1.009108e+04 1.012894e+04
10.9 1.008781e+04 1.008363e+04 1.009088e+04 1.009505e+04
11.9 1.000279e+04 1.011006e+04 1.009073e+04 9.983459e+03
12.9 9.979440e+03 1.010833e+04 1.009065e+04 9.961758e+03
13.9 9.954458e+03 1.008794e+04 1.009060e+04 9.957116e+03
14.9 1.001944e+04 1.007538e+04 1.009057e+04 1.003463e+04
15.9 9.992591e+03 1.004766e+04 1.009055e+04 1.003548e+04
16.9 1.004391e+04 1.004187e+04 1.009054e+04 1.009258e+04
17.9 1.008507e+04 1.005856e+04 1.009052e+04 1.011703e+04
0.3 1.003444e+04 1.009427e+04 1.009085e+04 1.003102e+04
1.3 1.004744e+04 1.011497e+04 1.008892e+04 1.002139e+04
2.3 1.012015e+04 1.011227e+04 1.008343e+04 1.009131e+04
3.3 1.004783e+04 1.010990e+04 1.008359e+04 1.002152e+04
4.3 1.005443e+04 1.007301e+04 1.008698e+04 1.006840e+04
5.3 9.966490e+03 1.007749e+04 1.008959e+04 9.978600e+03
6.3 1.003811e+04 1.008373e+04 1.009099e+04 1.004537e+04
7.3 1.014595e+04 1.010008e+04 1.009159e+04 1.013746e+04
8.3 9.960371e+03 1.010092e+04 1.009170e+04 9.951151e+03
9.3 1.001828e+04 1.009303e+04 1.009157e+04 1.001681e+04
10.3 1.012688e+04 1.009429e+04 1.009138e+04 1.012397e+04
11.3 1.000915e+04 1.009508e+04 1.009123e+04 1.000530e+04
12.3 1.017312e+04 1.005575e+04 1.009113e+04 1.020850e+04
13.3 1.033630e+04 1.010270e+04 1.009109e+04 1.032469e+04
14.3 1.019246e+04 1.009987e+04 1.009107e+04 1.018367e+04
15.3 1.015604e+04 1.011236e+04 1.009107e+04 1.013475e+04
16.3 1.016928e+04 1.012779e+04 1.009108e+04 1.013256e+04
17.3 1.002907e+04 1.007413e+04 1.009109e+04 1.004602e+04
0.8 1.010640e+04 1.006422e+04 1.009084e+04 1.013302e+04
1.8 1.011419e+04 1.008380e+04 1.008603e+04 1.011642e+04
2.8 1.018205e+04 1.009269e+04 1.008298e+04 1.017234e+04
3.8 1.018724e+04 1.010161e+04 1.008539e+04 1.017103e+04
4.8 1.018139e+04 1.008773e+04 1.008866e+04 1.018232e+04
5.8 1.002704e+04 1.008322e+04 1.009062e+04 1.003444e+04
6.8 1.005356e+04 1.010240e+04 1.009156e+04 1.004273e+04
7.8 9.968369e+03 1.007041e+04 1.009186e+04 9.989823e+03
8.8 1.008880e+04 1.015500e+04 1.009182e+04 1.002561e+04
9.8 1.009270e+04 1.012163e+04 1.009163e+04 1.006269e+04
10.8 1.009665e+04 1.009617e+04 1.009144e+04 1.009192e+04
11.8 1.016813e+04 1.008718e+04 1.009130e+04 1.017226e+04
12.8 1.002151e+04 1.008497e+04 1.009123e+04 1.002778e+04
13.8 1.002509e+04 1.007836e+04 1.009119e+04 1.003791e+04
14.8 1.007421e+04 1.006075e+04 1.009117e+04 1.010462e+04
15.8 1.013389e+04 1.007184e+04 1.009116e+04 1.015321e+04
16.8 1.004126e+04 1.009617e+04 1.009116e+04 1.003625e+04
17.8 9.968639e+03 1.009314e+04 1.009115e+04 9.966654e+03
0.4 1.025185e+04 1.005366e+04 1.009114e+04 1.028934e+04
1.4 1.010003e+04 1.006304e+04 1.008907e+04 1.012606e+04
2.4 1.013416e+04 1.008460e+04 1.008361e+04 1.013317e+04
3.4 9.918348e+03 1.008603e+04 1.008388e+04 9.916197e+03
4.4 1.011149e+04 1.006898e+04 1.008719e+04 1.012969e+04
5.4 1.010887e+04 1.007003e+04 1.008983e+04 1.012867e+04
6.4 1.010312e+04 1.005178e+04 1.009118e+04 1.014251e+04
7.4 1.005571e+04 1.001721e+04 1.009174e+04 1.013024e+04
8.4 9.905555e+03 1.004610e+04 1.009181e+04 9.951262e+03
9.4 1.007310e+04 1.008478e+04 1.009166e+04 1.007998e+04
10.4 9.995243e+03 1.008359e+04 1.009144e+04 1.000309e+04
11.4 1.005546e+04 1.006208e+04 1.009127e+04 1.008465e+04
12.4 1.009996e+04 1.006976e+04 1.009114e+04 1.012134e+04
13.4 1.001106e+04 1.008522e+04 1.008831e+04 1.001416e+04
14.4 1.019314e+04 1.008281e+04 1.008326e+04 1.019359e+04
15.4 1.018840e+04 1.010174e+04 1.008414e+04 1.017081e+04
16.4 1.004436e+04 1.009120e+04 1.008747e+04 1.004064e+04
17.4 1.008940e+04 1.009783e+04 1.008994e+04 1.008150e+04
0.5 1.009996e+04 1.006976e+04 1.009114e+04 1.012134e+04
1.5 1.001106e+04 1.008522e+04 1.008831e+04 1.001416e+04
2.5 1.019314e+04 1.008281e+04 1.008326e+04 1.019359e+04
3.5 1.018840e+04 1.010174e+04 1.008414e+04 1.017081e+04
4.5 1.004436e+04 1.009120e+04 1.008747e+04 1.004064e+04
5.5 1.008940e+04 1.009783e+04 1.008994e+04 1.008150e+04
6.5 1.020121e+04 1.012981e+04 1.009116e+04 1.016256e+04
7.5 1.008790e+04 1.008386e+04 1.009164e+04 1.009567e+04
8.5 1.010609e+04 1.009448e+04 1.009167e+04 1.010328e+04
9.5 1.012085e+04 1.010534e+04 1.009150e+04 1.010701e+04
10.5 1.017384e+04 1.013028e+04 1.009129e+04 1.013484e+04
11.5 1.017050e+04 1.014244e+04 1.009112e+04 1.011918e+04
12.5 1.004260e+04 1.007332e+04 1.009101e+04 1.006029e+04
13.5 1.009639e+04 1.008048e+04 1.009094e+04 1.010685e+04
14.5 1.010099e+04 1.006795e+04 1.009091e+04 1.012395e+04
15.5 1.009644e+04 1.010734e+04 1.009088e+04 1.007999e+04
16.5 1.000103e+04 1.008955e+04 1.009087e+04 1.000236e+04
17.5 1.016930e+04 1.009195e+04 1.009086e+04 1.016821e+04
0.5 9.943975e+03 1.002040e+04 1.009062e+04 1.001419e+04
1.5 9.975216e+03 1.004895e+04 1.008799e+04 1.001425e+04
2.5 1.005361e+04 1.007349e+04 1.008282e+04 1.006294e+04
3.5 1.022979e+04 1.009297e+04 1.008365e+04 1.022047e+04
4.5 9.933376e+03 1.005623e+04 1.008705e+04 9.964202e+03
5.5 1.002600e+04 1.010367e+04 1.008948e+04 1.001181e+04
6.5 9.949376e+03 1.007866e+04 1.009073e+04 9.961441e+03
7.5 1.003040e+04 1.011580e+04 1.009123e+04 1.000583e+04
8.5 1.005461e+04 1.009571e+04 1.009127e+04 1.005018e+04
9.5 1.018635e+04 1.008459e+04 1.009110e+04 1.019286e+04
10.5 1.014502e+04 1.008944e+04 1.009089e+04 1.014647e+04
11.5 1.001422e+04 1.006783e+04 1.009072e+04 1.003711e+04
12.5 1.006202e+04 1.006853e+04 1.009061e+04 1.008409e+04
13.5 1.016654e+04 1.008603e+04 1.009054e+04 1.017105e+04
14.5 1.008397e+04 1.008626e+04 1.009051e+04 1.008822e+04
15.5 1.016352e+04 1.010971e+04 1.009048e+04 1.014430e+04
16.5 1.016075e+04 1.009982e+04 1.009046e+04 1.015139e+04
17.5 1.008206e+04 1.008091e+04 1.009045e+04 1.009160e+04
