0.8 9.051152e+03 9.112791e+03 9.039955e+03 8.978316e+03
1.8 8.967178e+03 9.003431e+03 9.034172e+03 8.997918e+03
2.8 8.999492e+03 9.021336e+03 9.027145e+03 9.005300e+03
3.8 8.959198e+03 9.027631e+03 9.029630e+03 8.961197e+03
4.8 8.956943e+03 9.016865e+03 9.035214e+03 8.975292e+03
5.8 8.948703e+03 9.044058e+03 9.038965e+03 8.943610e+03
6.8 8.953415e+03 9.003440e+03 9.040869e+03 8.990844e+03
7.8 8.990399e+03 9.024181e+03 9.041617e+03 9.007835e+03
8.8 8.885026e+03 9.025212e+03 9.041675e+03 8.901489e+03
9.8 8.904575e+03 9.044479e+03 9.041427e+03 8.901523e+03
10.8 8.958883e+03 9.042279e+03 9.041144e+03 8.957748e+03
11.8 8.963988e+03 9.046133e+03 9.040939e+03 8.958795e+03
12.8 8.959018e+03 9.036284e+03 9.040828e+03 8.963562e+03
13.8 8.953662e+03 9.010627e+03 9.040794e+03 8.983829e+03
14.8 8.996363e+03 9.017712e+03 9.040801e+03 9.019451e+03
15.8 9.174534e+03 9.058248e+03 9.040829e+03 9.157115e+03
16.8 9.182254e+03 9.125311e+03 9.040867e+03 9.097810e+03
17.8 9.035073e+03 9.017187e+03 9.040908e+03 9.058793e+03
0.7 9.062566e+03 9.065466e+03 9.041217e+03 9.038317e+03
1.7 9.044456e+03 9.018229e+03 9.036308e+03 9.062536e+03
2.7 9.029878e+03 9.001470e+03 9.026244e+03 9.054652e+03
3.7 9.039935e+03 9.062466e+03 9.026450e+03 9.003919e+03
4.7 8.955312e+03 9.064995e+03 9.033129e+03 8.923446e+03
5.7 8.988545e+03 9.054569e+03 9.038617e+03 8.972593e+03
6.7 9.086327e+03 8.986536e+03 9.041653e+03 9.141445e+03
7.7 9.125531e+03 9.060587e+03 9.042901e+03 9.107845e+03
8.7 9.154561e+03 9.061039e+03 9.043152e+03 9.136675e+03
9.7 9.101084e+03 9.058997e+03 9.042905e+03 9.084992e+03
10.7 9.013413e+03 9.062143e+03 9.042531e+03 8.993801e+03
11.7 9.126571e+03 9.043552e+03 9.042203e+03 9.125222e+03
12.7 9.100375e+03 8.973747e+03 9.038920e+03 9.165549e+03
13.7 9.073999e+03 8.958668e+03 9.031284e+03 9.146615e+03
14.7 9.100369e+03 9.046424e+03 9.031567e+03 9.085513e+03
15.7 9.088545e+03 9.042528e+03 9.036259e+03 9.082276e+03
16.7 9.157079e+03 9.054026e+03 9.040098e+03 9.143151e+03
17.7 9.136592e+03 9.079962e+03 9.042098e+03 9.098728e+03
0.5 9.126571e+03 9.043552e+03 9.042203e+03 9.125222e+03
1.5 9.100375e+03 8.973747e+03 9.038920e+03 9.165549e+03
2.5 9.073999e+03 8.958668e+03 9.031284e+03 9.146615e+03
3.5 9.100369e+03 9.046424e+03 9.031567e+03 9.085513e+03
4.5 9.088545e+03 9.042528e+03 9.036259e+03 9.082276e+03
5.5 9.157079e+03 9.054026e+03 9.040098e+03 9.143151e+03
6.5 9.136592e+03 9.079962e+03 9.042098e+03 9.098728e+03
7.5 9.142155e+03 9.141837e+03 9.042959e+03 9.043277e+03
8.5 9.003985e+03 9.025349e+03 9.043121e+03 9.021757e+03
9.5 9.058742e+03 9.084296e+03 9.042951e+03 9.017397e+03
10.5 9.054426e+03 9.068087e+03 9.042689e+03 9.029028e+03
11.5 9.075828e+03 9.059411e+03 9.042484e+03 9.058902e+03
12.5 9.105828e+03 9.053977e+03 9.042360e+03 9.094211e+03
13.5 9.037205e+03 9.050962e+03 9.042307e+03 9.028550e+03
14.5 9.094274e+03 9.083674e+03 9.042295e+03 9.052895e+03
15.5 8.994098e+03 9.111385e+03 9.042302e+03 8.925015e+03
16.5 8.978607e+03 8.989233e+03 9.042318e+03 9.031691e+03
17.5 9.038392e+03 9.056685e+03 9.041975e+03 9.023682e+03
0.9 9.038392e+03 9.056685e+03 9.041975e+03 9.023682e+03
1.9 9.194339e+03 9.041776e+03 9.035079e+03 9.187641e+03
2.9 8.957468e+03 8.982507e+03 9.024771e+03 8.999732e+03
3.9 9.071090e+03 9.019706e+03 9.026351e+03 9.077735e+03
4.9 8.998631e+03 9.012223e+03 9.033855e+03 9.020263e+03
5.9 9.053928e+03 9.018539e+03 9.039735e+03 9.075124e+03
6.9 9.046515e+03 9.053478e+03 9.042726e+03 9.035763e+03
7.9 9.083362e+03 9.027933e+03 9.043912e+03 9.099341e+03
8.9 9.057755e+03 9.064061e+03 9.041125e+03 9.034820e+03
9.9 9.113485e+03 9.048039e+03 9.033254e+03 9.098700e+03
10.9 9.009983e+03 9.022038e+03 9.032754e+03 9.020699e+03
11.9 9.010981e+03 9.028387e+03 9.037030e+03 9.019623e+03
12.9 8.992033e+03 9.074851e+03 9.040572e+03 8.957755e+03
13.9 9.074905e+03 9.022105e+03 9.041915e+03 9.094715e+03
14.9 8.971775e+03 9.035666e+03 9.034775e+03 8.970884e+03
15.9 8.924702e+03 9.002063e+03 9.024995e+03 8.947634e+03
16.9 9.024704e+03 9.020290e+03 9.027423e+03 9.031836e+03
17.9 9.098895e+03 9.101162e+03 9.034755e+03 9.032489e+03
0.5 9.083362e+03 9.027933e+03 9.043912e+03 9.099341e+03
1.5 9.057755e+03 9.064061e+03 9.041125e+03 9.034820e+03
2.5 9.113485e+03 9.048039e+03 9.033254e+03 9.098700e+03
3.5 9.009983e+03 9.022038e+03 9.032754e+03 9.020699e+03
4.5 9.010981e+03 9.028387e+03 9.037030e+03 9.019623e+03
5.5 8.992033e+03 9.074851e+03 9.040572e+03 8.957755e+03
6.5 9.074905e+03 9.022105e+03 9.041915e+03 9.094715e+03
7.5 8.971775e+03 9.035666e+03 9.034775e+03 8.970884e+03
8.5 8.924702e+03 9.002063e+03 9.024995e+03 8.947634e+03
9.5 9.024704e+03 9.020290e+03 9.027423e+03 9.031836e+03
10.5 9.098895e+03 9.101162e+03 9.034755e+03 9.032489e+03
11.5 8.924494e+03 9.001677e+03 9.040197e+03 8.963015e+03
12.5 8.992184e+03 9.017996e+03 9.042859e+03 9.017047e+03
13.5 8.934752e+03 9.028388e+03 9.043850e+03 8.950214e+03
14.5 8.946946e+03 9.032978e+03 9.043846e+03 8.957814e+03
15.5 9.012081e+03 9.041693e+03 9.043403e+03 9.013792e+03
16.5 8.967272e+03 8.903967e+03 9.042875e+03 9.106179e+03
17.5 8.787982e+03 8.797804e+03 9.041148e+03 9.031326e+03
1.0 9.074905e+03 9.022105e+03 9.041915e+03 9.094715e+03
2.0 8.971775e+03 9.035666e+03 9.034775e+03 8.970884e+03
3.0 8.924702e+03 9.002063e+03 9.024995e+03 8.947634e+03
4.0 9.024704e+03 9.020290e+03 9.027423e+03 9.031836e+03
5.0 9.098895e+03 9.101162e+03 9.034755e+03 9.032489e+03
6.0 8.924494e+03 9.001677e+03 9.040197e+03 8.963015e+03
7.0 8.992184e+03 9.017996e+03 9.042859e+03 9.017047e+03
8.0 8.934752e+03 9.028388e+03 9.043850e+03 8.950214e+03
9.0 8.946946e+03 9.032978e+03 9.043846e+03 8.957814e+03
10.0 9.012081e+03 9.041693e+03 9.043403e+03 9.013792e+03
11.0 8.967272e+03 8.903967e+03 9.042875e+03 9.106179e+03
12.0 8.787982e+03 8.797804e+03 9.041148e+03 9.031326e+03
13.0 9.151681e+03 9.056756e+03 9.032710e+03 9.127635e+03
14.0 9.031838e+03 9.022694e+03 9.029642e+03 9.038786e+03
15.0 8.889462e+03 9.000918e+03 9.033911e+03 8.922456e+03
16.0 8.868866e+03 9.008368e+03 9.038640e+03 8.899138e+03
17.0 8.942167e+03 9.071283e+03 9.041311e+03 8.912195e+03
18.0 8.964461e+03 9.045449e+03 9.042522e+03 8.961535e+03
0.2 8.967272e+03 8.903967e+03 9.042875e+03 9.106179e+03
1.2 8.787982e+03 8.797804e+03 9.041148e+03 9.031326e+03
2.2 9.151681e+03 9.056756e+03 9.032710e+03 9.127635e+03
3.2 9.031838e+03 9.022694e+03 9.029642e+03 9.038786e+03
4.2 8.889462e+03 9.000918e+03 9.033911e+03 8.922456e+03
5.2 8.868866e+03 9.008368e+03 9.038640e+03 8.899138e+03
6.2 8.942167e+03 9.071283e+03 9.041311e+03 8.912195e+03
7.2 8.964461e+03 9.045449e+03 9.042522e+03 8.961535e+03
8.2 8.955412e+03 9.049338e+03 9.042147e+03 8.948222e+03
9.2 8.965681e+03 9.053474e+03 9.034317e+03 8.946524e+03
10.2 9.129367e+03 9.004260e+03 9.027608e+03 9.152714e+03
11.2 9.114027e+03 9.071899e+03 9.030966e+03 9.073095e+03
12.2 9.104084e+03 9.056121e+03 9.036690e+03 9.084653e+03
13.2 9.133700e+03 9.039046e+03 9.040285e+03 9.134939e+03
14.2 9.088433e+03 9.002617e+03 9.042003e+03 9.127819e+03
15.2 9.146921e+03 9.023579e+03 9.042560e+03 9.165903e+03
16.2 9.130445e+03 9.026780e+03 9.042438e+03 9.146103e+03
17.2 9.151911e+03 9.118643e+03 9.042033e+03 9.075302e+03
1.0 8.955412e+03 9.049338e+03 9.042147e+03 8.948222e+03
2.0 8.965681e+03 9.053474e+03 9.034317e+03 8.946524e+03
3.0 9.129367e+03 9.004260e+03 9.027608e+03 9.152714e+03
4.0 9.114027e+03 9.071899e+03 9.030966e+03 9.073095e+03
5.0 9.104084e+03 9.056121e+03 9.036690e+03 9.084653e+03
6.0 9.133700e+03 9.039046e+03 9.040285e+03 9.134939e+03
7.0 9.088433e+03 9.002617e+03 9.042003e+03 9.127819e+03
8.0 9.146921e+03 9.023579e+03 9.042560e+03 9.165903e+03
9.0 9.130445e+03 9.026780e+03 9.042438e+03 9.146103e+03
10.0 9.151911e+03 9.118643e+03 9.042033e+03 9.075302e+03
11.0 8.910348e+03 9.018613e+03 9.041622e+03 8.933358e+03
12.0 8.967971e+03 9.002602e+03 9.041306e+03 9.006676e+03
13.0 8.959557e+03 9.003671e+03 9.041093e+03 8.996979e+03
14.0 9.182543e+03 9.079122e+03 9.040958e+03 9.144379e+03
15.0 9.037880e+03 9.064563e+03 9.040865e+03 9.014182e+03
16.0 9.125154e+03 9.072386e+03 9.040795e+03 9.093562e+03
17.0 9.075189e+03 9.053146e+03 9.040734e+03 9.062777e+03
18.0 9.106372e+03 9.052008e+03 9.040677e+03 9.095041e+03
0.3 8.913976e+03 9.010117e+03 9.040597e+03 8.944457e+03
1.3 9.074209e+03 9.046364e+03 9.038644e+03 9.066489e+03
2.3 9.116991e+03 9.039817e+03 9.028513e+03 9.105686e+03
3.3 9.014507e+03 9.029796e+03 9.023593e+03 9.008304e+03
4.3 8.671565e+03 9.025802e+03 9.029138e+03 8.674901e+03
5.3 8.954681e+03 8.995360e+03 9.035916e+03 8.995237e+03
6.3 9.076660e+03 8.955849e+03 9.039928e+03 9.160739e+03
7.3 9.224169e+03 9.050618e+03 9.041817e+03 9.215368e+03
8.3 9.141221e+03 9.027191e+03 9.042417e+03 9.156447e+03
9.3 9.112312e+03 9.030846e+03 9.042295e+03 9.123761e+03
10.3 9.076462e+03 9.040299e+03 9.041899e+03 9.078062e+03
11.3 8.979937e+03 9.036638e+03 9.041526e+03 8.984825e+03
12.3 8.967217e+03 9.065695e+03 9.041271e+03 8.942792e+03
13.3 8.968013e+03 9.051399e+03 9.041130e+03 8.957744e+03
14.3 9.025200e+03 9.040724e+03 9.041074e+03 9.025551e+03
15.3 8.970528e+03 9.034590e+03 9.041061e+03 8.976999e+03
16.3 8.862107e+03 9.012739e+03 9.041069e+03 8.890437e+03
17.3 9.004180e+03 8.987925e+03 9.041084e+03 9.057339e+03
0.4 9.121170e+03 9.087334e+03 9.041098e+03 9.074934e+03
1.4 9.115406e+03 9.126299e+03 9.038995e+03 9.028102e+03
2.4 9.000243e+03 9.057291e+03 9.030986e+03 8.973938e+03
3.4 9.079328e+03 9.030413e+03 9.029881e+03 9.078797e+03
4.4 8.934927e+03 9.003721e+03 9.034483e+03 8.965690e+03
5.4 8.923202e+03 9.073353e+03 9.038727e+03 8.888576e+03
6.4 8.915775e+03 9.048229e+03 9.041015e+03 8.908562e+03
7.4 9.269665e+03 9.154220e+03 9.042030e+03 9.157476e+03
8.4 9.143358e+03 9.057746e+03 9.042250e+03 9.127862e+03
9.4 9.001155e+03 9.046279e+03 9.042076e+03 8.996952e+03
10.4 9.023764e+03 9.052546e+03 9.041772e+03 9.012990e+03
11.4 9.015475e+03 9.046136e+03 9.041511e+03 9.010850e+03
12.4 9.075290e+03 9.064827e+03 9.041332e+03 9.051794e+03
13.4 9.182232e+03 9.030525e+03 9.041227e+03 9.192934e+03
14.4 9.099260e+03 9.049702e+03 9.039029e+03 9.088588e+03
15.4 9.075854e+03 9.012344e+03 9.028255e+03 9.091765e+03
16.4 9.166321e+03 9.081516e+03 9.023369e+03 9.108174e+03
17.4 9.017619e+03 8.996067e+03 9.029209e+03 9.050761e+03
0.4 9.182232e+03 9.030525e+03 9.041227e+03 9.192934e+03
1.4 9.099260e+03 9.049702e+03 9.039029e+03 9.088588e+03
2.4 9.075854e+03 9.012344e+03 9.028255e+03 9.091765e+03
3.4 9.166321e+03 9.081516e+03 9.023369e+03 9.108174e+03
4.4 9.017619e+03 8.996067e+03 9.029209e+03 9.050761e+03
5.4 9.082913e+03 9.026739e+03 9.036000e+03 9.092173e+03
6.4 9.151255e+03 9.040006e+03 9.040120e+03 9.151370e+03
7.4 9.103471e+03 9.025933e+03 9.042057e+03 9.119596e+03
8.4 9.193412e+03 9.040616e+03 9.042591e+03 9.195386e+03
9.4 9.078873e+03 9.052112e+03 9.042387e+03 9.069148e+03
10.4 9.070882e+03 9.084971e+03 9.041914e+03 9.027825e+03
11.4 9.071407e+03 9.065559e+03 9.041453e+03 9.047300e+03
12.4 8.938947e+03 9.053862e+03 9.041106e+03 8.926191e+03
13.4 9.014793e+03 9.053490e+03 9.040887e+03 9.002190e+03
14.4 8.977553e+03 9.066160e+03 9.040746e+03 8.952139e+03
15.4 8.946675e+03 9.037897e+03 9.040649e+03 8.949427e+03
16.4 8.914098e+03 9.027144e+03 9.040570e+03 8.927524e+03
17.4 8.893511e+03 9.013471e+03 9.040496e+03 8.920536e+03
