1.0 1.144541e+04 1.144816e+04 1.149342e+04 1.149067e+04
2.0 1.143914e+04 1.151516e+04 1.150132e+04 1.142530e+04
3.0 1.150624e+04 1.153021e+04 1.151301e+04 1.148905e+04
4.0 1.139169e+04 1.153862e+04 1.151146e+04 1.136453e+04
5.0 1.150197e+04 1.151215e+04 1.150296e+04 1.149277e+04
6.0 1.151409e+04 1.150194e+04 1.149610e+04 1.150825e+04
7.0 1.128665e+04 1.145814e+04 1.149257e+04 1.132109e+04
8.0 1.115065e+04 1.150232e+04 1.149114e+04 1.113947e+04
9.0 1.125651e+04 1.147651e+04 1.149097e+04 1.127096e+04
10.0 1.142426e+04 1.147620e+04 1.149138e+04 1.143944e+04
11.0 1.137444e+04 1.145057e+04 1.149194e+04 1.141580e+04
12.0 1.152626e+04 1.149559e+04 1.149238e+04 1.152304e+04
13.0 1.162017e+04 1.160352e+04 1.149267e+04 1.150932e+04
14.0 1.152469e+04 1.146415e+04 1.149282e+04 1.155337e+04
15.0 1.154531e+04 1.154750e+04 1.149290e+04 1.149072e+04
16.0 1.151206e+04 1.155114e+04 1.149294e+04 1.145386e+04
17.0 1.154049e+04 1.154411e+04 1.149297e+04 1.148935e+04
18.0 1.162255e+04 1.152945e+04 1.149299e+04 1.158609e+04
19.0 1.147517e+04 1.151169e+04 1.149300e+04 1.145647e+04
0.3 1.145513e+04 1.149919e+04 1.149288e+04 1.144881e+04
1.3 1.158176e+04 1.150977e+04 1.149492e+04 1.156690e+04
2.3 1.157682e+04 1.148782e+04 1.150604e+04 1.159504e+04
3.3 1.154413e+04 1.150508e+04 1.151404e+04 1.155310e+04
4.3 1.151888e+04 1.151016e+04 1.150865e+04 1.151737e+04
5.3 1.148038e+04 1.148671e+04 1.150004e+04 1.149371e+04
6.3 1.150464e+04 1.150572e+04 1.149456e+04 1.149348e+04
7.3 1.135827e+04 1.147485e+04 1.149190e+04 1.137531e+04
8.3 1.154838e+04 1.145279e+04 1.149099e+04 1.158657e+04
9.3 1.136416e+04 1.144261e+04 1.149108e+04 1.141264e+04
10.3 1.135362e+04 1.154105e+04 1.149159e+04 1.130416e+04
11.3 1.142601e+04 1.150384e+04 1.149211e+04 1.141427e+04
12.3 1.141518e+04 1.146880e+04 1.149249e+04 1.143888e+04
13.3 1.145698e+04 1.147130e+04 1.149273e+04 1.147842e+04
14.3 1.137728e+04 1.141083e+04 1.149285e+04 1.145930e+04
15.3 1.141151e+04 1.145311e+04 1.149291e+04 1.145132e+04
16.3 1.141743e+04 1.145732e+04 1.149294e+04 1.145306e+04
17.3 1.147741e+04 1.145903e+04 1.149296e+04 1.151134e+04
18.3 1.163278e+04 1.146581e+04 1.149298e+04 1.165994e+04
0.8 1.168592e+04 1.159036e+04 1.149277e+04 1.158833e+04
1.8 1.153117e+04 1.150457e+04 1.149885e+04 1.152545e+04
2.8 1.166904e+04 1.154928e+04 1.151121e+04 1.163096e+04
3.8 1.143974e+04 1.153591e+04 1.151225e+04 1.141607e+04
4.8 1.135613e+04 1.151127e+04 1.150409e+04 1.134895e+04
5.8 1.158332e+04 1.152397e+04 1.149664e+04 1.155600e+04
6.8 1.148903e+04 1.149623e+04 1.149263e+04 1.148542e+04
7.8 1.156448e+04 1.150676e+04 1.149090e+04 1.154862e+04
8.8 1.143124e+04 1.147126e+04 1.149054e+04 1.145052e+04
9.8 1.124313e+04 1.137777e+04 1.149087e+04 1.135624e+04
10.8 1.145335e+04 1.148442e+04 1.149142e+04 1.146036e+04
11.8 1.154559e+04 1.147851e+04 1.149189e+04 1.155896e+04
12.8 1.141570e+04 1.148538e+04 1.149220e+04 1.142252e+04
13.8 1.147664e+04 1.151821e+04 1.149238e+04 1.145081e+04
14.8 1.151884e+04 1.152221e+04 1.149247e+04 1.148910e+04
15.8 1.173281e+04 1.175560e+04 1.149253e+04 1.146975e+04
16.8 1.140253e+04 1.149324e+04 1.149257e+04 1.140186e+04
17.8 1.136072e+04 1.150966e+04 1.149260e+04 1.134366e+04
18.8 1.151859e+04 1.152224e+04 1.149264e+04 1.148899e+04
