0.6 8.498766e+03 8.509245e+03 8.513926e+03 8.503447e+03
1.6 8.544673e+03 8.519440e+03 8.524816e+03 8.550049e+03
2.6 8.654374e+03 8.551561e+03 8.556184e+03 8.658997e+03
3.6 8.634753e+03 8.559897e+03 8.562362e+03 8.637218e+03
4.6 8.388306e+03 8.538046e+03 8.543465e+03 8.393724e+03
5.6 8.523576e+03 8.516881e+03 8.525139e+03 8.531834e+03
6.6 8.464321e+03 8.507680e+03 8.515102e+03 8.471744e+03
7.6 8.570368e+03 8.510762e+03 8.510738e+03 8.570344e+03
8.6 8.517254e+03 8.493693e+03 8.509764e+03 8.533325e+03
9.6 8.621338e+03 8.520366e+03 8.510593e+03 8.611565e+03
10.6 8.554949e+03 8.542301e+03 8.512012e+03 8.524661e+03
11.6 8.474370e+03 8.547288e+03 8.518078e+03 8.445160e+03
12.6 8.506197e+03 8.556080e+03 8.543929e+03 8.494047e+03
13.6 8.596065e+03 8.548898e+03 8.553523e+03 8.600691e+03
14.6 8.416806e+03 8.529214e+03 8.539991e+03 8.427583e+03
15.6 8.575850e+03 8.563089e+03 8.525237e+03 8.537998e+03
16.6 8.410288e+03 8.450754e+03 8.516936e+03 8.476470e+03
17.6 8.546652e+03 8.544531e+03 8.513249e+03 8.515371e+03
0.3 8.554949e+03 8.542301e+03 8.512012e+03 8.524661e+03
1.3 8.474370e+03 8.547288e+03 8.518078e+03 8.445160e+03
2.3 8.506197e+03 8.556080e+03 8.543929e+03 8.494047e+03
3.3 8.596065e+03 8.548898e+03 8.553523e+03 8.600691e+03
4.3 8.416806e+03 8.529214e+03 8.539991e+03 8.427583e+03
5.3 8.575850e+03 8.563089e+03 8.525237e+03 8.537998e+03
6.3 8.410288e+03 8.450754e+03 8.516936e+03 8.476470e+03
7.3 8.546652e+03 8.544531e+03 8.513249e+03 8.515371e+03
8.3 8.494293e+03 8.530100e+03 8.512346e+03 8.476538e+03
9.3 8.483139e+03 8.534314e+03 8.512979e+03 8.461803e+03
10.3 8.424132e+03 8.524765e+03 8.514164e+03 8.413530e+03
11.3 8.481150e+03 8.516158e+03 8.519702e+03 8.484694e+03
12.3 8.465504e+03 8.537831e+03 8.547237e+03 8.474910e+03
13.3 8.416602e+03 8.541452e+03 8.561641e+03 8.436790e+03
14.3 8.478332e+03 8.532395e+03 8.547725e+03 8.493662e+03
15.3 8.532456e+03 8.512404e+03 8.530430e+03 8.550483e+03
16.3 8.609396e+03 8.515724e+03 8.532823e+03 8.626494e+03
17.3 8.603058e+03 8.537028e+03 8.555571e+03 8.621600e+03
0.2 8.424132e+03 8.524765e+03 8.514164e+03 8.413530e+03
1.2 8.481150e+03 8.516158e+03 8.519702e+03 8.484694e+03
2.2 8.465504e+03 8.537831e+03 8.547237e+03 8.474910e+03
3.2 8.416602e+03 8.541452e+03 8.561641e+03 8.436790e+03
4.2 8.478332e+03 8.532395e+03 8.547725e+03 8.493662e+03
5.2 8.532456e+03 8.512404e+03 8.530430e+03 8.550483e+03
6.2 8.609396e+03 8.515724e+03 8.532823e+03 8.626494e+03
7.2 8.603058e+03 8.537028e+03 8.555571e+03 8.621600e+03
8.2 8.506353e+03 8.539283e+03 8.554071e+03 8.521141e+03
9.2 8.575486e+03 8.551279e+03 8.536951e+03 8.561159e+03
10.2 8.550704e+03 8.514876e+03 8.523463e+03 8.559292e+03
11.2 8.453468e+03 8.477493e+03 8.517019e+03 8.492994e+03
12.2 8.479006e+03 8.466542e+03 8.517088e+03 8.529552e+03
13.2 8.458580e+03 8.529620e+03 8.539813e+03 8.468772e+03
14.2 8.643456e+03 8.540885e+03 8.554738e+03 8.657308e+03
15.2 8.602864e+03 8.558873e+03 8.544501e+03 8.588493e+03
16.2 8.627046e+03 8.588822e+03 8.530600e+03 8.568824e+03
17.2 8.571771e+03 8.560168e+03 8.522064e+03 8.533666e+03
0.6 8.532456e+03 8.512404e+03 8.530430e+03 8.550483e+03
1.6 8.609396e+03 8.515724e+03 8.532823e+03 8.626494e+03
2.6 8.603058e+03 8.537028e+03 8.555571e+03 8.621600e+03
3.6 8.506353e+03 8.539283e+03 8.554071e+03 8.521141e+03
4.6 8.575486e+03 8.551279e+03 8.536951e+03 8.561159e+03
5.6 8.550704e+03 8.514876e+03 8.523463e+03 8.559292e+03
6.6 8.453468e+03 8.477493e+03 8.517019e+03 8.492994e+03
7.6 8.479006e+03 8.466542e+03 8.517088e+03 8.529552e+03
8.6 8.458580e+03 8.529620e+03 8.539813e+03 8.468772e+03
9.6 8.643456e+03 8.540885e+03 8.554738e+03 8.657308e+03
10.6 8.602864e+03 8.558873e+03 8.544501e+03 8.588493e+03
11.6 8.627046e+03 8.588822e+03 8.530600e+03 8.568824e+03
12.6 8.571771e+03 8.560168e+03 8.522064e+03 8.533666e+03
13.6 8.527732e+03 8.545362e+03 8.518091e+03 8.500461e+03
14.6 8.491608e+03 8.501083e+03 8.517062e+03 8.507587e+03
15.6 8.620314e+03 8.512237e+03 8.517610e+03 8.625687e+03
16.6 8.483846e+03 8.527139e+03 8.518762e+03 8.475469e+03
17.6 8.529506e+03 8.526737e+03 8.519897e+03 8.522665e+03
0.1 8.453468e+03 8.477493e+03 8.517019e+03 8.492994e+03
1.1 8.479006e+03 8.466542e+03 8.517088e+03 8.529552e+03
2.1 8.458580e+03 8.529620e+03 8.539813e+03 8.468772e+03
3.1 8.643456e+03 8.540885e+03 8.554738e+03 8.657308e+03
4.1 8.602864e+03 8.558873e+03 8.544501e+03 8.588493e+03
5.1 8.627046e+03 8.588822e+03 8.530600e+03 8.568824e+03
6.1 8.571771e+03 8.560168e+03 8.522064e+03 8.533666e+03
7.1 8.527732e+03 8.545362e+03 8.518091e+03 8.500461e+03
8.1 8.491608e+03 8.501083e+03 8.517062e+03 8.507587e+03
9.1 8.620314e+03 8.512237e+03 8.517610e+03 8.625687e+03
10.1 8.483846e+03 8.527139e+03 8.518762e+03 8.475469e+03
11.1 8.529506e+03 8.526737e+03 8.519897e+03 8.522665e+03
12.1 8.592201e+03 8.525219e+03 8.520776e+03 8.587758e+03
13.1 8.681225e+03 8.546148e+03 8.521359e+03 8.656435e+03
14.1 8.625183e+03 8.548700e+03 8.521753e+03 8.598235e+03
15.1 8.611090e+03 8.528520e+03 8.522033e+03 8.604603e+03
16.1 8.636360e+03 8.513100e+03 8.522258e+03 8.645518e+03
17.1 8.639892e+03 8.506078e+03 8.522456e+03 8.656270e+03
0.4 8.431760e+03 8.504980e+03 8.523873e+03 8.450653e+03
1.4 8.598509e+03 8.540899e+03 8.531243e+03 8.588852e+03
2.4 8.587942e+03 8.548039e+03 8.555177e+03 8.595080e+03
3.4 8.471314e+03 8.542321e+03 8.558020e+03 8.487014e+03
4.4 8.495108e+03 8.525894e+03 8.543621e+03 8.512835e+03
5.4 8.433701e+03 8.501877e+03 8.530883e+03 8.462707e+03
6.4 8.626127e+03 8.623966e+03 8.523659e+03 8.525820e+03
7.4 8.630766e+03 8.712074e+03 8.520581e+03 8.439273e+03
8.4 8.401186e+03 8.500443e+03 8.519828e+03 8.420571e+03
9.4 8.640350e+03 8.541167e+03 8.520292e+03 8.619475e+03
10.4 8.502690e+03 8.528020e+03 8.521111e+03 8.495781e+03
11.4 8.560644e+03 8.522702e+03 8.521825e+03 8.559767e+03
12.4 8.491509e+03 8.464863e+03 8.522245e+03 8.548891e+03
13.4 8.584290e+03 8.473588e+03 8.522437e+03 8.633139e+03
14.4 8.519040e+03 8.491250e+03 8.522475e+03 8.550265e+03
15.4 8.512330e+03 8.523080e+03 8.522442e+03 8.511693e+03
16.4 8.644272e+03 8.546587e+03 8.522376e+03 8.620061e+03
17.4 8.532322e+03 8.542225e+03 8.522292e+03 8.512389e+03
0.4 8.568711e+03 8.511040e+03 8.522127e+03 8.579797e+03
1.4 8.434379e+03 8.510738e+03 8.529519e+03 8.453160e+03
2.4 8.586966e+03 8.540297e+03 8.556648e+03 8.603316e+03
3.4 8.580464e+03 8.544001e+03 8.561481e+03 8.597944e+03
4.4 8.497686e+03 8.475360e+03 8.545334e+03 8.567659e+03
5.4 8.510882e+03 8.539010e+03 8.530657e+03 8.502528e+03
6.4 8.630211e+03 8.543183e+03 8.522358e+03 8.609386e+03
7.4 8.585600e+03 8.562251e+03 8.518606e+03 8.541955e+03
8.4 8.585938e+03 8.521075e+03 8.517701e+03 8.582565e+03
9.4 8.591342e+03 8.503347e+03 8.518238e+03 8.606233e+03
10.4 8.419371e+03 8.511225e+03 8.519209e+03 8.427355e+03
11.4 8.396939e+03 8.490132e+03 8.520062e+03 8.426869e+03
12.4 8.544772e+03 8.516013e+03 8.520630e+03 8.549389e+03
13.4 8.590666e+03 8.559465e+03 8.520918e+03 8.552119e+03
14.4 8.521131e+03 8.551185e+03 8.521043e+03 8.490989e+03
15.4 8.589421e+03 8.526628e+03 8.521078e+03 8.583872e+03
16.4 8.465940e+03 8.505637e+03 8.521078e+03 8.481381e+03
17.4 8.559294e+03 8.539348e+03 8.521066e+03 8.541012e+03
1.0 8.513829e+03 8.508120e+03 8.522525e+03 8.528233e+03
2.0 8.464169e+03 8.529828e+03 8.543852e+03 8.478193e+03
3.0 8.469723e+03 8.552040e+03 8.567651e+03 8.485334e+03
4.0 8.583842e+03 8.580756e+03 8.558933e+03 8.562019e+03
5.0 8.382254e+03 8.471807e+03 8.539367e+03 8.449814e+03
6.0 8.544499e+03 8.563795e+03 8.532636e+03 8.513340e+03
7.0 8.553900e+03 8.578537e+03 8.548353e+03 8.523717e+03
8.0 8.693645e+03 8.541705e+03 8.548830e+03 8.700770e+03
9.0 8.515250e+03 8.550053e+03 8.535665e+03 8.500862e+03
10.0 8.496396e+03 8.447292e+03 8.524855e+03 8.573959e+03
11.0 8.393226e+03 8.484571e+03 8.519698e+03 8.428353e+03
12.0 8.408769e+03 8.514800e+03 8.518446e+03 8.412414e+03
13.0 8.548231e+03 8.526481e+03 8.535732e+03 8.557482e+03
14.0 8.602497e+03 8.545808e+03 8.561465e+03 8.618154e+03
15.0 8.494614e+03 8.546737e+03 8.557179e+03 8.505056e+03
16.0 8.462317e+03 8.537418e+03 8.539919e+03 8.464818e+03
17.0 8.706099e+03 8.677150e+03 8.527150e+03 8.556099e+03
18.0 8.561158e+03 8.545397e+03 8.520477e+03 8.536238e+03
0.4 8.382254e+03 8.471807e+03 8.539367e+03 8.449814e+03
1.4 8.544499e+03 8.563795e+03 8.532636e+03 8.513340e+03
2.4 8.553900e+03 8.578537e+03 8.548353e+03 8.523717e+03
3.4 8.693645e+03 8.541705e+03 8.548830e+03 8.700770e+03
4.4 8.515250e+03 8.550053e+03 8.535665e+03 8.500862e+03
5.4 8.496396e+03 8.447292e+03 8.524855e+03 8.573959e+03
6.4 8.393226e+03 8.484571e+03 8.519698e+03 8.428353e+03
7.4 8.408769e+03 8.514800e+03 8.518446e+03 8.412414e+03
8.4 8.548231e+03 8.526481e+03 8.535732e+03 8.557482e+03
9.4 8.602497e+03 8.545808e+03 8.561465e+03 8.618154e+03
10.4 8.494614e+03 8.546737e+03 8.557179e+03 8.505056e+03
11.4 8.462317e+03 8.537418e+03 8.539919e+03 8.464818e+03
12.4 8.706099e+03 8.677150e+03 8.527150e+03 8.556099e+03
13.4 8.561158e+03 8.545397e+03 8.520477e+03 8.536238e+03
14.4 8.521663e+03 8.570948e+03 8.518027e+03 8.468742e+03
15.4 8.591037e+03 8.522595e+03 8.517913e+03 8.586355e+03
16.4 8.454777e+03 8.492679e+03 8.518900e+03 8.480998e+03
17.4 8.390975e+03 8.471673e+03 8.520089e+03 8.439391e+03
0.8 8.408769e+03 8.514800e+03 8.518446e+03 8.412414e+03
1.8 8.548231e+03 8.526481e+03 8.535732e+03 8.557482e+03
2.8 8.602497e+03 8.545808e+03 8.561465e+03 8.618154e+03
3.8 8.494614e+03 8.546737e+03 8.557179e+03 8.505056e+03
4.8 8.462317e+03 8.537418e+03 8.539919e+03 8.464818e+03
5.8 8.706099e+03 8.677150e+03 8.527150e+03 8.556099e+03
6.8 8.561158e+03 8.545397e+03 8.520477e+03 8.536238e+03
7.8 8.521663e+03 8.570948e+03 8.518027e+03 8.468742e+03
8.8 8.591037e+03 8.522595e+03 8.517913e+03 8.586355e+03
9.8 8.454777e+03 8.492679e+03 8.518900e+03 8.480998e+03
10.8 8.390975e+03 8.471673e+03 8.520089e+03 8.439391e+03
11.8 8.391005e+03 8.504957e+03 8.521061e+03 8.407109e+03
12.8 8.576310e+03 8.537155e+03 8.521680e+03 8.560835e+03
13.8 8.519135e+03 8.515163e+03 8.522052e+03 8.526023e+03
14.8 8.461152e+03 8.498756e+03 8.522265e+03 8.484661e+03
15.8 8.658001e+03 8.550294e+03 8.522405e+03 8.630112e+03
16.8 8.462754e+03 8.554344e+03 8.522510e+03 8.430921e+03
17.8 8.507259e+03 8.543646e+03 8.522602e+03 8.486214e+03
0.1 8.547051e+03 8.556234e+03 8.524276e+03 8.515093e+03
1.1 8.513538e+03 8.543222e+03 8.526424e+03 8.496740e+03
2.1 8.532370e+03 8.549009e+03 8.551372e+03 8.534733e+03
3.1 8.574577e+03 8.576221e+03 8.580573e+03 8.578930e+03
4.1 8.636567e+03 8.580255e+03 8.573338e+03 8.629651e+03
5.1 8.482705e+03 8.497740e+03 8.549471e+03 8.534437e+03
6.1 8.569701e+03 8.449827e+03 8.532244e+03 8.652118e+03
7.1 8.495227e+03 8.481334e+03 8.523211e+03 8.537103e+03
8.1 8.535875e+03 8.558939e+03 8.519897e+03 8.496832e+03
9.1 8.452441e+03 8.529616e+03 8.519697e+03 8.442522e+03
10.1 8.382249e+03 8.447996e+03 8.520979e+03 8.455232e+03
11.1 8.432320e+03 8.481776e+03 8.522505e+03 8.473050e+03
12.1 8.354883e+03 8.452363e+03 8.523746e+03 8.426266e+03
13.1 8.558498e+03 8.505703e+03 8.524531e+03 8.577325e+03
14.1 8.581011e+03 8.589890e+03 8.524990e+03 8.516111e+03
15.1 8.620001e+03 8.557692e+03 8.525260e+03 8.587569e+03
16.1 8.522409e+03 8.527094e+03 8.525430e+03 8.520745e+03
17.1 8.600191e+03 8.517110e+03 8.525561e+03 8.608642e+03
