1.0 8.625908e+03 8.680902e+03 8.686689e+03 8.631695e+03
2.0 8.687296e+03 8.664904e+03 8.673333e+03 8.695725e+03
3.0 8.648989e+03 8.662156e+03 8.667650e+03 8.654484e+03
4.0 8.566360e+03 8.637965e+03 8.674825e+03 8.603221e+03
5.0 8.660224e+03 8.675061e+03 8.682780e+03 8.667943e+03
6.0 8.772200e+03 8.709770e+03 8.687297e+03 8.749727e+03
7.0 8.664426e+03 8.641991e+03 8.689371e+03 8.711806e+03
8.0 8.855939e+03 8.734262e+03 8.689978e+03 8.811656e+03
9.0 8.611805e+03 8.700933e+03 8.689765e+03 8.600637e+03
10.0 8.769901e+03 8.697146e+03 8.689248e+03 8.762003e+03
11.0 8.625007e+03 8.671667e+03 8.688772e+03 8.642112e+03
12.0 8.828754e+03 8.685632e+03 8.688439e+03 8.831561e+03
13.0 8.767937e+03 8.703474e+03 8.688241e+03 8.752704e+03
14.0 8.723536e+03 8.728653e+03 8.688140e+03 8.683023e+03
15.0 8.655996e+03 8.688690e+03 8.688088e+03 8.655394e+03
16.0 8.750795e+03 8.683164e+03 8.688059e+03 8.755690e+03
17.0 8.639702e+03 8.694456e+03 8.688040e+03 8.633286e+03
18.0 8.748748e+03 8.672996e+03 8.688024e+03 8.763776e+03
0.8 8.644302e+03 8.691896e+03 8.688433e+03 8.640838e+03
1.8 8.619792e+03 8.668684e+03 8.677138e+03 8.628246e+03
2.8 8.656067e+03 8.659556e+03 8.668151e+03 8.664663e+03
3.8 8.506642e+03 8.659846e+03 8.673902e+03 8.520697e+03
4.8 8.685186e+03 8.682180e+03 8.682357e+03 8.685363e+03
5.8 8.703036e+03 8.689999e+03 8.687524e+03 8.700561e+03
6.8 8.719961e+03 8.674785e+03 8.690018e+03 8.735194e+03
7.8 8.663546e+03 8.664045e+03 8.690884e+03 8.690384e+03
8.8 8.595911e+03 8.701216e+03 8.690801e+03 8.585496e+03
9.8 8.726861e+03 8.681978e+03 8.690329e+03 8.735212e+03
10.8 8.573152e+03 8.680779e+03 8.689851e+03 8.582224e+03
11.8 8.843905e+03 8.684320e+03 8.689377e+03 8.848963e+03
12.8 8.598666e+03 8.680481e+03 8.679875e+03 8.598060e+03
13.8 8.633179e+03 8.660146e+03 8.668636e+03 8.641669e+03
14.8 8.666131e+03 8.670108e+03 8.672781e+03 8.668804e+03
15.8 8.621375e+03 8.681859e+03 8.681249e+03 8.620766e+03
16.8 8.643976e+03 8.685961e+03 8.686972e+03 8.644987e+03
17.8 8.638258e+03 8.688786e+03 8.689879e+03 8.639351e+03
0.6 8.843905e+03 8.684320e+03 8.689377e+03 8.848963e+03
1.6 8.598666e+03 8.680481e+03 8.679875e+03 8.598060e+03
2.6 8.633179e+03 8.660146e+03 8.668636e+03 8.641669e+03
3.6 8.666131e+03 8.670108e+03 8.672781e+03 8.668804e+03
4.6 8.621375e+03 8.681859e+03 8.681249e+03 8.620766e+03
5.6 8.643976e+03 8.685961e+03 8.686972e+03 8.644987e+03
6.6 8.638258e+03 8.688786e+03 8.689879e+03 8.639351e+03
7.6 8.687735e+03 8.680102e+03 8.690921e+03 8.698554e+03
8.6 8.717486e+03 8.693920e+03 8.690938e+03 8.714505e+03
9.6 8.570852e+03 8.656928e+03 8.690499e+03 8.604423e+03
10.6 8.722768e+03 8.801291e+03 8.690001e+03 8.611478e+03
11.6 8.948424e+03 8.790512e+03 8.689618e+03 8.847531e+03
12.6 8.880672e+03 8.742062e+03 8.689397e+03 8.828007e+03
13.6 8.625051e+03 8.667034e+03 8.689284e+03 8.647301e+03
14.6 8.547130e+03 8.564491e+03 8.689239e+03 8.671878e+03
15.6 8.608816e+03 8.687839e+03 8.689227e+03 8.610205e+03
16.6 8.741856e+03 8.647499e+03 8.689231e+03 8.783588e+03
17.6 8.672738e+03 8.656777e+03 8.689241e+03 8.705202e+03
0.1 8.725938e+03 8.689725e+03 8.691640e+03 8.727852e+03
1.1 8.560270e+03 8.674828e+03 8.689818e+03 8.575260e+03
2.1 8.698988e+03 8.684857e+03 8.675866e+03 8.689998e+03
3.1 8.796940e+03 8.660860e+03 8.671999e+03 8.808080e+03
4.1 8.561988e+03 8.670009e+03 8.679784e+03 8.571763e+03
5.1 8.705100e+03 8.677714e+03 8.687741e+03 8.715126e+03
6.1 8.548927e+03 8.673559e+03 8.686964e+03 8.562332e+03
7.1 8.785517e+03 8.664009e+03 8.675231e+03 8.796738e+03
8.1 8.749994e+03 8.660140e+03 8.676694e+03 8.766548e+03
9.1 8.626213e+03 8.675546e+03 8.685161e+03 8.635828e+03
10.1 8.611785e+03 8.684349e+03 8.691677e+03 8.619113e+03
0.4 8.705100e+03 8.677714e+03 8.687741e+03 8.715126e+03
1.4 8.548927e+03 8.673559e+03 8.686964e+03 8.562332e+03
2.4 8.785517e+03 8.664009e+03 8.675231e+03 8.796738e+03
3.4 8.749994e+03 8.660140e+03 8.676694e+03 8.766548e+03
4.4 8.626213e+03 8.675546e+03 8.685161e+03 8.635828e+03
5.4 8.611785e+03 8.684349e+03 8.691677e+03 8.619113e+03
