1.0 1.710091e+03 1.445580e+03 1.402340e+03 1.666852e+03
2.0 1.500748e+03 1.459909e+03 1.496862e+03 1.537700e+03
3.0 1.186246e+03 1.351754e+03 1.526887e+03 1.361379e+03
4.0 1.315154e+03 1.285562e+03 1.475045e+03 1.504637e+03
5.0 1.390265e+03 1.334655e+03 1.423085e+03 1.478695e+03
6.0 1.188366e+03 1.407882e+03 1.392702e+03 1.173186e+03
7.0 1.594599e+03 1.452275e+03 1.379720e+03 1.522044e+03
8.0 1.542611e+03 1.494212e+03 1.427113e+03 1.475512e+03
9.0 1.654984e+03 1.574418e+03 1.514969e+03 1.595535e+03
10.0 1.351760e+03 1.497866e+03 1.501772e+03 1.355666e+03
11.0 1.760167e+03 1.494173e+03 1.445307e+03 1.711301e+03
12.0 1.398641e+03 1.389129e+03 1.405556e+03 1.415068e+03
13.0 1.283112e+03 1.332778e+03 1.385018e+03 1.335352e+03
14.0 1.049289e+03 1.229430e+03 1.377497e+03 1.197355e+03
15.0 1.297760e+03 1.331017e+03 1.377176e+03 1.343919e+03
16.0 1.443201e+03 1.295666e+03 1.380365e+03 1.527900e+03
17.0 1.205966e+03 1.273961e+03 1.384119e+03 1.316124e+03
18.0 1.254917e+03 1.324570e+03 1.387170e+03 1.317517e+03
0.5 1.594599e+03 1.452275e+03 1.379720e+03 1.522044e+03
1.5 1.542611e+03 1.494212e+03 1.427113e+03 1.475512e+03
2.5 1.654984e+03 1.574418e+03 1.514969e+03 1.595535e+03
3.5 1.351760e+03 1.497866e+03 1.501772e+03 1.355666e+03
4.5 1.760167e+03 1.494173e+03 1.445307e+03 1.711301e+03
5.5 1.398641e+03 1.389129e+03 1.405556e+03 1.415068e+03
6.5 1.283112e+03 1.332778e+03 1.385018e+03 1.335352e+03
7.5 1.049289e+03 1.229430e+03 1.377497e+03 1.197355e+03
8.5 1.297760e+03 1.331017e+03 1.377176e+03 1.343919e+03
9.5 1.443201e+03 1.295666e+03 1.380365e+03 1.527900e+03
10.5 1.205966e+03 1.273961e+03 1.384119e+03 1.316124e+03
11.5 1.254917e+03 1.324570e+03 1.387170e+03 1.317517e+03
12.5 1.854431e+03 1.355096e+03 1.389103e+03 1.888438e+03
13.5 1.517553e+03 1.374399e+03 1.390247e+03 1.533401e+03
14.5 1.685786e+03 1.316503e+03 1.390933e+03 1.760216e+03
15.5 1.535578e+03 1.445413e+03 1.391376e+03 1.481542e+03
16.5 1.506063e+03 1.448799e+03 1.391722e+03 1.448987e+03
17.5 1.211586e+03 1.419606e+03 1.392029e+03 1.184010e+03
0.8 1.581756e+03 1.431839e+03 1.398559e+03 1.548476e+03
1.8 1.124840e+03 1.451409e+03 1.476006e+03 1.149437e+03
2.8 1.151804e+03 1.143660e+03 1.537663e+03 1.545808e+03
3.8 1.574913e+03 1.288127e+03 1.498472e+03 1.785257e+03
4.8 1.399830e+03 1.385300e+03 1.441946e+03 1.456476e+03
5.8 1.360980e+03 1.404215e+03 1.405570e+03 1.362335e+03
6.8 1.395181e+03 1.442570e+03 1.388654e+03 1.341265e+03
7.8 1.541436e+03 1.458923e+03 1.382881e+03 1.465393e+03
8.8 1.639091e+03 1.420309e+03 1.383595e+03 1.602377e+03
9.8 1.411954e+03 1.724365e+03 1.386887e+03 1.074476e+03
10.8 1.692120e+03 1.433559e+03 1.390395e+03 1.648956e+03
11.8 1.608433e+03 1.514284e+03 1.392895e+03 1.487044e+03
12.8 1.579345e+03 1.381121e+03 1.394432e+03 1.592655e+03
13.8 1.343179e+03 1.334929e+03 1.395234e+03 1.403484e+03
14.8 9.612197e+02 1.242414e+03 1.395651e+03 1.114457e+03
15.8 1.293583e+03 1.295469e+03 1.395889e+03 1.394003e+03
16.8 8.761306e+02 1.366297e+03 1.396047e+03 9.058802e+02
17.8 1.403656e+03 1.373588e+03 1.396179e+03 1.426247e+03
