1.215131e+04 1.217329e+04 1.213824e+04 1.218636e+04
1.208011e+04 1.217329e+04 1.214250e+04 1.211090e+04
1.217373e+04 1.217329e+04 1.214709e+04 1.219992e+04
1.222484e+04 1.217329e+04 1.217436e+04 1.222376e+04
1.174373e+04 1.217329e+04 1.211181e+04 1.180520e+04
1.215499e+04 1.217329e+04 1.206626e+04 1.226202e+04
1.219235e+04 1.217329e+04 1.206725e+04 1.229838e+04
1.220645e+04 1.217329e+04 1.205416e+04 1.232558e+04
1.208135e+04 1.217329e+04 1.215774e+04 1.209690e+04
1.254137e+04 1.217329e+04 1.217610e+04 1.253856e+04
1.221162e+04 1.217329e+04 1.220823e+04 1.217668e+04
1.199507e+04 1.216581e+04 1.223271e+04 1.192816e+04
1.235994e+04 1.216134e+04 1.235158e+04 1.216970e+04
1.236943e+04 1.214450e+04 1.238855e+04 1.212538e+04
1.200841e+04 1.217218e+04 1.223732e+04 1.194327e+04
1.229405e+04 1.217004e+04 1.219986e+04 1.226424e+04
1.200312e+04 1.217330e+04 1.212027e+04 1.205615e+04
1.241640e+04 1.217437e+04 1.224258e+04 1.234819e+04
1.237813e+04 1.217055e+04 1.217378e+04 1.237490e+04
1.232031e+04 1.217354e+04 1.223458e+04 1.225926e+04
1.206156e+04 1.217255e+04 1.227518e+04 1.195893e+04
1.217782e+04 1.217110e+04 1.219451e+04 1.215441e+04
1.219565e+04 1.219936e+04 1.222667e+04 1.216834e+04
1.190773e+04 1.228953e+04 1.201351e+04 1.218376e+04
1.243310e+04 1.212160e+04 1.234977e+04 1.220494e+04
1.190420e+04 1.215454e+04 1.225413e+04 1.180461e+04
1.213900e+04 1.217376e+04 1.210542e+04 1.220733e+04
1.243393e+04 1.217376e+04 1.212249e+04 1.248519e+04
1.209700e+04 1.217352e+04 1.212225e+04 1.214828e+04
1.237917e+04 1.217925e+04 1.215930e+04 1.239911e+04
1.215612e+04 1.217597e+04 1.215942e+04 1.217266e+04
1.222122e+04 1.217410e+04 1.214862e+04 1.224670e+04
1.234105e+04 1.217424e+04 1.219872e+04 1.231657e+04
1.206407e+04 1.217410e+04 1.223859e+04 1.199958e+04
1.215565e+04 1.217399e+04 1.228848e+04 1.204117e+04
1.176010e+04 1.217321e+04 1.210466e+04 1.182865e+04
1.211404e+04 1.217333e+04 1.219061e+04 1.209676e+04
1.218445e+04 1.217329e+04 1.210009e+04 1.225765e+04
1.195241e+04 1.217329e+04 1.208583e+04 1.203988e+04
1.211056e+04 1.217329e+04 1.211924e+04 1.216461e+04
1.232831e+04 1.217329e+04 1.214610e+04 1.235551e+04
1.212993e+04 1.217462e+04 1.219953e+04 1.210501e+04
1.218904e+04 1.220622e+04 1.220536e+04 1.218990e+04
1.215532e+04 1.226865e+04 1.210138e+04 1.232259e+04
1.222914e+04 1.220823e+04 1.216939e+04 1.226797e+04
1.240878e+04 1.218832e+04 1.222830e+04 1.236880e+04
1.243045e+04 1.217524e+04 1.232584e+04 1.227984e+04
1.218812e+04 1.217481e+04 1.204083e+04 1.232210e+04
1.211057e+04 1.217598e+04 1.208342e+04 1.220313e+04
1.221297e+04 1.217480e+04 1.212421e+04 1.226356e+04
1.218779e+04 1.216989e+04 1.207589e+04 1.228178e+04
1.218983e+04 1.217417e+04 1.212495e+04 1.223904e+04
1.217232e+04 1.217299e+04 1.214879e+04 1.219653e+04
1.237920e+04 1.217297e+04 1.217479e+04 1.237738e+04
1.200053e+04 1.217341e+04 1.212347e+04 1.205047e+04
1.191679e+04 1.217329e+04 1.213016e+04 1.195992e+04
1.209456e+04 1.217325e+04 1.215102e+04 1.211679e+04
1.242531e+04 1.217328e+04 1.235722e+04 1.224137e+04
1.223890e+04 1.217329e+04 1.213369e+04 1.227850e+04
1.187888e+04 1.216849e+04 1.216669e+04 1.188069e+04
1.203874e+04 1.208413e+04 1.217936e+04 1.194351e+04
1.199195e+04 1.201386e+04 1.211705e+04 1.188876e+04
1.207032e+04 1.201479e+04 1.210793e+04 1.197718e+04
1.200744e+04 1.217677e+04 1.217159e+04 1.201262e+04
1.230260e+04 1.217139e+04 1.219129e+04 1.228270e+04
1.212673e+04 1.218387e+04 1.219222e+04 1.211838e+04
1.194854e+04 1.217478e+04 1.217213e+04 1.195119e+04
1.231291e+04 1.217066e+04 1.215117e+04 1.233240e+04
1.226704e+04 1.217337e+04 1.213257e+04 1.230783e+04
1.196773e+04 1.218224e+04 1.210806e+04 1.204191e+04
1.201688e+04 1.215850e+04 1.205772e+04 1.211766e+04
1.229195e+04 1.229090e+04 1.222907e+04 1.235378e+04
1.213009e+04 1.217281e+04 1.211120e+04 1.219170e+04
1.217518e+04 1.217278e+04 1.214275e+04 1.220521e+04
1.241533e+04 1.216931e+04 1.238515e+04 1.219948e+04
1.218210e+04 1.217344e+04 1.220026e+04 1.215527e+04
1.197437e+04 1.218219e+04 1.222246e+04 1.193410e+04
1.230721e+04 1.221060e+04 1.219743e+04 1.232038e+04
1.192110e+04 1.227791e+04 1.196417e+04 1.223484e+04
1.225965e+04 1.216181e+04 1.221636e+04 1.220510e+04
1.231151e+04 1.216082e+04 1.219437e+04 1.227795e+04
1.230498e+04 1.217444e+04 1.212595e+04 1.235346e+04
1.223289e+04 1.217081e+04 1.219164e+04 1.221206e+04
1.226595e+04 1.217103e+04 1.215117e+04 1.228582e+04
1.208828e+04 1.217872e+04 1.211980e+04 1.214720e+04
1.212189e+04 1.217097e+04 1.210675e+04 1.218611e+04
1.220820e+04 1.217331e+04 1.215448e+04 1.222704e+04
1.235357e+04 1.217274e+04 1.232241e+04 1.220390e+04
1.242668e+04 1.216874e+04 1.221383e+04 1.238159e+04
1.216716e+04 1.241471e+04 1.198915e+04 1.259271e+04
1.236913e+04 1.215981e+04 1.228571e+04 1.224323e+04
1.234703e+04 1.217547e+04 1.218862e+04 1.233388e+04
1.243558e+04 1.218684e+04 1.205884e+04 1.256358e+04
1.206100e+04 1.217296e+04 1.210369e+04 1.213027e+04
1.222784e+04 1.216714e+04 1.209568e+04 1.229930e+04
1.225881e+04 1.218079e+04 1.230970e+04 1.212990e+04
1.245314e+04 1.218545e+04 1.236118e+04 1.227741e+04
1.207469e+04 1.216939e+04 1.228773e+04 1.195635e+04
1.237919e+04 1.217270e+04 1.222963e+04 1.232227e+04
1.203310e+04 1.217224e+04 1.222615e+04 1.197919e+04
1.178986e+04 1.217934e+04 1.217706e+04 1.179214e+04
1.209079e+04 1.209928e+04 1.218061e+04 1.200946e+04
1.243319e+04 1.211130e+04 1.224528e+04 1.229921e+04
1.230427e+04 1.214168e+04 1.221310e+04 1.223285e+04
1.227305e+04 1.216118e+04 1.213760e+04 1.229663e+04
1.231262e+04 1.217423e+04 1.228486e+04 1.220200e+04
1.203695e+04 1.217902e+04 1.205415e+04 1.216182e+04
1.213203e+04 1.217661e+04 1.211507e+04 1.219357e+04
1.176323e+04 1.217234e+04 1.210332e+04 1.183224e+04
1.203468e+04 1.216708e+04 1.203009e+04 1.217167e+04
1.199235e+04 1.217119e+04 1.206577e+04 1.209777e+04
1.227272e+04 1.217197e+04 1.206273e+04 1.238196e+04
1.207804e+04 1.217265e+04 1.210000e+04 1.215068e+04
1.212131e+04 1.217326e+04 1.224612e+04 1.204845e+04
1.210116e+04 1.217330e+04 1.222833e+04 1.204613e+04
1.217080e+04 1.217333e+04 1.224017e+04 1.210396e+04
1.232578e+04 1.217331e+04 1.219685e+04 1.230224e+04
1.219669e+04 1.217329e+04 1.214610e+04 1.222389e+04
1.207623e+04 1.217329e+04 1.213875e+04 1.211077e+04
1.209851e+04 1.217332e+04 1.223368e+04 1.203815e+04
1.206755e+04 1.218730e+04 1.217855e+04 1.207631e+04
1.188932e+04 1.227095e+04 1.204473e+04 1.211554e+04
1.231590e+04 1.220205e+04 1.219085e+04 1.232710e+04
1.246722e+04 1.215879e+04 1.225294e+04 1.237307e+04
1.234594e+04 1.216691e+04 1.212745e+04 1.238540e+04
1.241699e+04 1.217327e+04 1.212352e+04 1.246675e+04
1.208936e+04 1.217075e+04 1.215375e+04 1.210635e+04
1.211045e+04 1.217245e+04 1.210942e+04 1.217348e+04
1.219762e+04 1.217537e+04 1.212821e+04 1.224479e+04
1.218975e+04 1.217483e+04 1.216032e+04 1.220427e+04
1.234579e+04 1.217329e+04 1.213459e+04 1.238449e+04
1.233809e+04 1.217372e+04 1.223367e+04 1.227814e+04
1.212747e+04 1.217312e+04 1.216381e+04 1.213678e+04
1.237424e+04 1.217330e+04 1.226202e+04 1.228552e+04
1.205105e+04 1.217331e+04 1.223548e+04 1.198888e+04
1.194330e+04 1.217329e+04 1.214504e+04 1.197155e+04
1.197245e+04 1.217329e+04 1.213088e+04 1.201486e+04
1.227483e+04 1.217329e+04 1.226987e+04 1.217825e+04
1.209580e+04 1.217329e+04 1.218928e+04 1.207981e+04
1.195049e+04 1.217329e+04 1.212225e+04 1.200153e+04
1.187748e+04 1.217329e+04 1.212157e+04 1.192920e+04
1.195305e+04 1.217329e+04 1.216129e+04 1.196505e+04
1.222092e+04 1.217329e+04 1.218419e+04 1.221002e+04
1.207128e+04 1.217329e+04 1.217755e+04 1.206702e+04
1.217019e+04 1.217329e+04 1.237023e+04 1.197325e+04
1.245242e+04 1.217329e+04 1.224416e+04 1.238155e+04
1.209748e+04 1.217329e+04 1.224139e+04 1.202938e+04
1.219978e+04 1.217329e+04 1.219254e+04 1.218054e+04
1.242060e+04 1.217483e+04 1.221734e+04 1.237809e+04
1.190398e+04 1.212412e+04 1.202430e+04 1.200381e+04
1.204862e+04 1.218510e+04 1.210718e+04 1.212655e+04
1.205666e+04 1.222928e+04 1.220188e+04 1.208406e+04
1.207938e+04 1.221322e+04 1.226558e+04 1.202702e+04
1.218555e+04 1.219357e+04 1.222298e+04 1.215614e+04
1.225218e+04 1.214572e+04 1.236877e+04 1.202913e+04
1.244885e+04 1.218247e+04 1.226658e+04 1.236474e+04
1.231395e+04 1.213401e+04 1.244698e+04 1.200098e+04
1.216777e+04 1.217534e+04 1.216586e+04 1.217726e+04
1.216757e+04 1.217444e+04 1.217764e+04 1.216437e+04
1.224359e+04 1.217567e+04 1.214686e+04 1.227240e+04
1.240660e+04 1.216992e+04 1.209390e+04 1.248262e+04
1.237068e+04 1.223365e+04 1.216610e+04 1.243823e+04
1.228637e+04 1.219219e+04 1.211239e+04 1.236617e+04
1.237573e+04 1.220361e+04 1.220821e+04 1.237113e+04
1.235461e+04 1.217528e+04 1.216367e+04 1.236622e+04
1.240494e+04 1.217159e+04 1.213014e+04 1.244640e+04
1.236121e+04 1.217651e+04 1.213839e+04 1.239934e+04
1.240880e+04 1.211952e+04 1.250233e+04 1.202598e+04
1.218094e+04 1.219746e+04 1.219688e+04 1.218152e+04
1.225635e+04 1.215870e+04 1.215373e+04 1.226132e+04
1.194952e+04 1.217155e+04 1.212676e+04 1.199431e+04
1.164128e+04 1.217356e+04 1.213334e+04 1.168150e+04
1.192138e+04 1.217982e+04 1.219611e+04 1.190510e+04
1.218843e+04 1.222946e+04 1.240933e+04 1.200855e+04
1.192105e+04 1.206459e+04 1.215215e+04 1.183349e+04
1.200624e+04 1.215093e+04 1.222813e+04 1.192904e+04
1.210594e+04 1.216018e+04 1.219070e+04 1.207542e+04
1.218078e+04 1.217343e+04 1.216758e+04 1.218663e+04
1.222746e+04 1.216806e+04 1.208229e+04 1.231323e+04
1.183555e+04 1.219525e+04 1.212118e+04 1.190961e+04
1.232213e+04 1.217502e+04 1.225656e+04 1.224059e+04
1.243363e+04 1.217708e+04 1.218232e+04 1.242839e+04
1.234875e+04 1.216554e+04 1.222551e+04 1.228877e+04
1.194033e+04 1.217346e+04 1.204927e+04 1.206452e+04
1.247158e+04 1.217407e+04 1.217273e+04 1.247292e+04
1.207987e+04 1.217076e+04 1.216274e+04 1.208789e+04
1.209018e+04 1.216983e+04 1.215886e+04 1.210115e+04
1.245132e+04 1.217027e+04 1.232810e+04 1.229349e+04
1.232243e+04 1.217284e+04 1.207586e+04 1.241941e+04
1.238224e+04 1.217226e+04 1.226613e+04 1.228837e+04
1.220188e+04 1.205208e+04 1.210201e+04 1.215194e+04
1.253424e+04 1.212238e+04 1.219927e+04 1.245735e+04
1.215871e+04 1.209471e+04 1.214041e+04 1.211301e+04
1.238428e+04 1.216829e+04 1.212654e+04 1.242603e+04
1.210622e+04 1.216764e+04 1.217304e+04 1.210083e+04
1.192276e+04 1.216971e+04 1.212269e+04 1.196978e+04
1.156017e+04 1.217509e+04 1.209969e+04 1.163556e+04
1.154700e+04 1.217942e+04 1.213860e+04 1.158782e+04
1.190949e+04 1.217341e+04 1.211593e+04 1.196697e+04
1.210146e+04 1.217443e+04 1.214227e+04 1.213361e+04
1.211137e+04 1.217329e+04 1.218445e+04 1.210021e+04
1.167943e+04 1.217086e+04 1.185045e+04 1.199984e+04
1.231574e+04 1.221051e+04 1.227455e+04 1.225170e+04
1.217689e+04 1.227030e+04 1.213487e+04 1.231232e+04
1.177483e+04 1.224913e+04 1.210271e+04 1.192125e+04
1.234911e+04 1.216963e+04 1.225481e+04 1.226393e+04
1.241459e+04 1.216891e+04 1.221241e+04 1.237110e+04
1.233468e+04 1.233286e+04 1.243897e+04 1.222857e+04
1.193683e+04 1.218840e+04 1.213219e+04 1.199305e+04
1.223510e+04 1.218467e+04 1.216720e+04 1.225257e+04
1.223570e+04 1.217419e+04 1.220025e+04 1.220964e+04
1.219352e+04 1.216013e+04 1.214631e+04 1.220734e+04
1.231434e+04 1.221419e+04 1.221414e+04 1.231439e+04
1.243317e+04 1.223214e+04 1.221486e+04 1.245045e+04
1.245153e+04 1.218371e+04 1.214354e+04 1.249170e+04
1.208071e+04 1.217425e+04 1.214498e+04 1.210999e+04
1.251035e+04 1.217856e+04 1.224072e+04 1.244818e+04
