1.106347e+04 1.108300e+04 1.106857e+04 1.107790e+04
1.113842e+04 1.108300e+04 1.107748e+04 1.114395e+04
1.122536e+04 1.108300e+04 1.108694e+04 1.122142e+04
1.113270e+04 1.108300e+04 1.113690e+04 1.107880e+04
1.131840e+04 1.108300e+04 1.109953e+04 1.130188e+04
1.110397e+04 1.108300e+04 1.109033e+04 1.109664e+04
1.105896e+04 1.108300e+04 1.102244e+04 1.111952e+04
1.106886e+04 1.108300e+04 1.093510e+04 1.121675e+04
1.083317e+04 1.108300e+04 1.110496e+04 1.081121e+04
1.117429e+04 1.108300e+04 1.113505e+04 1.112224e+04
1.105654e+04 1.108301e+04 1.104139e+04 1.109815e+04
1.112594e+04 1.105491e+04 1.106688e+04 1.111397e+04
1.102822e+04 1.103813e+04 1.101389e+04 1.105246e+04
1.098594e+04 1.097492e+04 1.098818e+04 1.097268e+04
1.096255e+04 1.107883e+04 1.108422e+04 1.095717e+04
1.115927e+04 1.107078e+04 1.110927e+04 1.112079e+04
1.122304e+04 1.108303e+04 1.106498e+04 1.124109e+04
1.106438e+04 1.108706e+04 1.107203e+04 1.107942e+04
1.091590e+04 1.107270e+04 1.105387e+04 1.093474e+04
1.094574e+04 1.108393e+04 1.107209e+04 1.095758e+04
1.111951e+04 1.108023e+04 1.106700e+04 1.113274e+04
1.098160e+04 1.108354e+04 1.109184e+04 1.097331e+04
1.103101e+04 1.108243e+04 1.107282e+04 1.104062e+04
1.095536e+04 1.108197e+04 1.109165e+04 1.094568e+04
1.093157e+04 1.108333e+04 1.108544e+04 1.092946e+04
1.128914e+04 1.108312e+04 1.112057e+04 1.125169e+04
1.094300e+04 1.108298e+04 1.106430e+04 1.096168e+04
1.124566e+04 1.108300e+04 1.106317e+04 1.126550e+04
1.107583e+04 1.108300e+04 1.106491e+04 1.109392e+04
1.100528e+04 1.108300e+04 1.113411e+04 1.095417e+04
1.106200e+04 1.108300e+04 1.113125e+04 1.101375e+04
1.133602e+04 1.108300e+04 1.119738e+04 1.122164e+04
1.120406e+04 1.108300e+04 1.118393e+04 1.110314e+04
1.106203e+04 1.108300e+04 1.114218e+04 1.100285e+04
1.116942e+04 1.108300e+04 1.120577e+04 1.104666e+04
1.093374e+04 1.108300e+04 1.104085e+04 1.097589e+04
1.122786e+04 1.108300e+04 1.114187e+04 1.116899e+04
1.107777e+04 1.108300e+04 1.112669e+04 1.103409e+04
1.123189e+04 1.108300e+04 1.123884e+04 1.107605e+04
1.113662e+04 1.108300e+04 1.119718e+04 1.102244e+04
1.116437e+04 1.108300e+04 1.112581e+04 1.112157e+04
1.086446e+04 1.108798e+04 1.102238e+04 1.093005e+04
1.104065e+04 1.120664e+04 1.106176e+04 1.118552e+04
1.119257e+04 1.144100e+04 1.117185e+04 1.146172e+04
1.111847e+04 1.121417e+04 1.104092e+04 1.129172e+04
1.098934e+04 1.113942e+04 1.099993e+04 1.112882e+04
1.133863e+04 1.109031e+04 1.104765e+04 1.138129e+04
1.133535e+04 1.108870e+04 1.117555e+04 1.124850e+04
1.119423e+04 1.109309e+04 1.115153e+04 1.113579e+04
1.114036e+04 1.108865e+04 1.110064e+04 1.112837e+04
1.081046e+04 1.107022e+04 1.092565e+04 1.095503e+04
1.087004e+04 1.108628e+04 1.111117e+04 1.084515e+04
1.113757e+04 1.108188e+04 1.105702e+04 1.116243e+04
1.081058e+04 1.108180e+04 1.101746e+04 1.087492e+04
1.103166e+04 1.108346e+04 1.113015e+04 1.098497e+04
1.115834e+04 1.108301e+04 1.105640e+04 1.118495e+04
1.086163e+04 1.108286e+04 1.092660e+04 1.101789e+04
1.082787e+04 1.108296e+04 1.096094e+04 1.094989e+04
1.077429e+04 1.108301e+04 1.112253e+04 1.073477e+04
1.125921e+04 1.108300e+04 1.109794e+04 1.124427e+04
1.112578e+04 1.108300e+04 1.108305e+04 1.112573e+04
1.128098e+04 1.108300e+04 1.107277e+04 1.129121e+04
1.133235e+04 1.108300e+04 1.117110e+04 1.124426e+04
1.130891e+04 1.108300e+04 1.103866e+04 1.135325e+04
1.120722e+04 1.108300e+04 1.115126e+04 1.113896e+04
1.142213e+04 1.108300e+04 1.116276e+04 1.134238e+04
1.113306e+04 1.108300e+04 1.107277e+04 1.114330e+04
1.105350e+04 1.108300e+04 1.103830e+04 1.109820e+04
1.118375e+04 1.108300e+04 1.105269e+04 1.121407e+04
1.106245e+04 1.108300e+04 1.104656e+04 1.109890e+04
1.112346e+04 1.108300e+04 1.105124e+04 1.115523e+04
1.108050e+04 1.108300e+04 1.096245e+04 1.120106e+04
1.103951e+04 1.108300e+04 1.105628e+04 1.106624e+04
1.122287e+04 1.108300e+04 1.109655e+04 1.120933e+04
1.117903e+04 1.108300e+04 1.105530e+04 1.120673e+04
1.089071e+04 1.108300e+04 1.112192e+04 1.085180e+04
1.097562e+04 1.108300e+04 1.108528e+04 1.097334e+04
1.114852e+04 1.108300e+04 1.109010e+04 1.114142e+04
1.111762e+04 1.108300e+04 1.108125e+04 1.111937e+04
1.100236e+04 1.108300e+04 1.106495e+04 1.102041e+04
1.094235e+04 1.108300e+04 1.113537e+04 1.088999e+04
1.104774e+04 1.108300e+04 1.112248e+04 1.100826e+04
1.113742e+04 1.108300e+04 1.106945e+04 1.115098e+04
1.087114e+04 1.108300e+04 1.105529e+04 1.089885e+04
1.106931e+04 1.108300e+04 1.113146e+04 1.102085e+04
1.081500e+04 1.108300e+04 1.101345e+04 1.088455e+04
1.110118e+04 1.108300e+04 1.108762e+04 1.109656e+04
1.102309e+04 1.108300e+04 1.108234e+04 1.102375e+04
1.107407e+04 1.108300e+04 1.112650e+04 1.103057e+04
1.113730e+04 1.108300e+04 1.116700e+04 1.105331e+04
1.108973e+04 1.108300e+04 1.108303e+04 1.108971e+04
1.111887e+04 1.108300e+04 1.111059e+04 1.109128e+04
1.113142e+04 1.108300e+04 1.108717e+04 1.112725e+04
1.104811e+04 1.108300e+04 1.106899e+04 1.106212e+04
1.110814e+04 1.108300e+04 1.102188e+04 1.116926e+04
1.094591e+04 1.108300e+04 1.106301e+04 1.096591e+04
1.092440e+04 1.108300e+04 1.107358e+04 1.093382e+04
1.102073e+04 1.108300e+04 1.105446e+04 1.104927e+04
1.116931e+04 1.108300e+04 1.108583e+04 1.116648e+04
1.096440e+04 1.108300e+04 1.101585e+04 1.103155e+04
1.106298e+04 1.108300e+04 1.102555e+04 1.112043e+04
1.117569e+04 1.108300e+04 1.109070e+04 1.116800e+04
1.102671e+04 1.108300e+04 1.106919e+04 1.104052e+04
1.102662e+04 1.108300e+04 1.108242e+04 1.102721e+04
1.102854e+04 1.108300e+04 1.112581e+04 1.098573e+04
1.109713e+04 1.108300e+04 1.106875e+04 1.111138e+04
1.118398e+04 1.108300e+04 1.117683e+04 1.109015e+04
1.123450e+04 1.108300e+04 1.110998e+04 1.120752e+04
1.140946e+04 1.108300e+04 1.104864e+04 1.144382e+04
1.090566e+04 1.108300e+04 1.096630e+04 1.102237e+04
1.100816e+04 1.108300e+04 1.107316e+04 1.101800e+04
1.095155e+04 1.108300e+04 1.108294e+04 1.095161e+04
1.103583e+04 1.108300e+04 1.109925e+04 1.101958e+04
1.117334e+04 1.108300e+04 1.107721e+04 1.117913e+04
1.117654e+04 1.108300e+04 1.106216e+04 1.119739e+04
1.113013e+04 1.108300e+04 1.112221e+04 1.109092e+04
1.128703e+04 1.108300e+04 1.117253e+04 1.119751e+04
1.113943e+04 1.108300e+04 1.109043e+04 1.113200e+04
1.105882e+04 1.108300e+04 1.114259e+04 1.099923e+04
1.118295e+04 1.108312e+04 1.097703e+04 1.128904e+04
1.092083e+04 1.113559e+04 1.103382e+04 1.102261e+04
1.134305e+04 1.144965e+04 1.121848e+04 1.157422e+04
1.112843e+04 1.119098e+04 1.108588e+04 1.123353e+04
1.106534e+04 1.102855e+04 1.106167e+04 1.103222e+04
1.109870e+04 1.105904e+04 1.113974e+04 1.101801e+04
1.108867e+04 1.108294e+04 1.109879e+04 1.107281e+04
1.094923e+04 1.107345e+04 1.101957e+04 1.100312e+04
1.107633e+04 1.107984e+04 1.105074e+04 1.110542e+04
1.098980e+04 1.109080e+04 1.112748e+04 1.095312e+04
1.108151e+04 1.108878e+04 1.114142e+04 1.102887e+04
1.107591e+04 1.108299e+04 1.112604e+04 1.103286e+04
1.103786e+04 1.108462e+04 1.112687e+04 1.099561e+04
1.121444e+04 1.108237e+04 1.110919e+04 1.118762e+04
1.118246e+04 1.108304e+04 1.107678e+04 1.118872e+04
1.115552e+04 1.108306e+04 1.110347e+04 1.113510e+04
1.093363e+04 1.108300e+04 1.110102e+04 1.091561e+04
1.109761e+04 1.108301e+04 1.118041e+04 1.100021e+04
1.121658e+04 1.108300e+04 1.115872e+04 1.114086e+04
1.103293e+04 1.108300e+04 1.117125e+04 1.094468e+04
1.099455e+04 1.108300e+04 1.112436e+04 1.095319e+04
1.134986e+04 1.108300e+04 1.109685e+04 1.133600e+04
1.104432e+04 1.108300e+04 1.114288e+04 1.098444e+04
1.114203e+04 1.108300e+04 1.117191e+04 1.105312e+04
1.097460e+04 1.108300e+04 1.107559e+04 1.098201e+04
1.112647e+04 1.108300e+04 1.105468e+04 1.115479e+04
1.101048e+04 1.108300e+04 1.105582e+04 1.103766e+04
1.114963e+04 1.108300e+04 1.109076e+04 1.114187e+04
1.117339e+04 1.108300e+04 1.108077e+04 1.117562e+04
1.106166e+04 1.108300e+04 1.103157e+04 1.111309e+04
1.097793e+04 1.108300e+04 1.108400e+04 1.097694e+04
1.102602e+04 1.108300e+04 1.105363e+04 1.105539e+04
1.115812e+04 1.108300e+04 1.103662e+04 1.120450e+04
1.122923e+04 1.108300e+04 1.102446e+04 1.128777e+04
1.099524e+04 1.111558e+04 1.101270e+04 1.109813e+04
1.090262e+04 1.096564e+04 1.100313e+04 1.086513e+04
1.100912e+04 1.112492e+04 1.106810e+04 1.106595e+04
1.123034e+04 1.088031e+04 1.103933e+04 1.107132e+04
1.086631e+04 1.109874e+04 1.104766e+04 1.091739e+04
1.099120e+04 1.108050e+04 1.109968e+04 1.097202e+04
1.103447e+04 1.108947e+04 1.111184e+04 1.101210e+04
1.107628e+04 1.108445e+04 1.106901e+04 1.109172e+04
1.095057e+04 1.107363e+04 1.104208e+04 1.098212e+04
1.113738e+04 1.108053e+04 1.105157e+04 1.116634e+04
1.107215e+04 1.107823e+04 1.103628e+04 1.111410e+04
1.113663e+04 1.108241e+04 1.105901e+04 1.116002e+04
1.095746e+04 1.108250e+04 1.103034e+04 1.100962e+04
1.091051e+04 1.110984e+04 1.104116e+04 1.097920e+04
1.092396e+04 1.083786e+04 1.094913e+04 1.081269e+04
1.116140e+04 1.118916e+04 1.109493e+04 1.125563e+04
1.112078e+04 1.101688e+04 1.111888e+04 1.101878e+04
1.152344e+04 1.107380e+04 1.115422e+04 1.144302e+04
1.111804e+04 1.108345e+04 1.112398e+04 1.107751e+04
1.118662e+04 1.107726e+04 1.104767e+04 1.121620e+04
1.117326e+04 1.107302e+04 1.105192e+04 1.119436e+04
1.113901e+04 1.109704e+04 1.109108e+04 1.114498e+04
1.115333e+04 1.108626e+04 1.107940e+04 1.116019e+04
1.116614e+04 1.108598e+04 1.109131e+04 1.116081e+04
1.109577e+04 1.108453e+04 1.110789e+04 1.107241e+04
1.074540e+04 1.110282e+04 1.098322e+04 1.086499e+04
1.101749e+04 1.119545e+04 1.108673e+04 1.112621e+04
1.108987e+04 1.109081e+04 1.105199e+04 1.112869e+04
1.092670e+04 1.110021e+04 1.105851e+04 1.096840e+04
1.123675e+04 1.104436e+04 1.111954e+04 1.116156e+04
1.119776e+04 1.108955e+04 1.113309e+04 1.115422e+04
1.120569e+04 1.108542e+04 1.114487e+04 1.114623e+04
1.115611e+04 1.107402e+04 1.112517e+04 1.110496e+04
1.106455e+04 1.107033e+04 1.108621e+04 1.104867e+04
1.093989e+04 1.107179e+04 1.103707e+04 1.097462e+04
1.109388e+04 1.108694e+04 1.116517e+04 1.101565e+04
1.087523e+04 1.108305e+04 1.108664e+04 1.087165e+04
1.092913e+04 1.108446e+04 1.109697e+04 1.091661e+04
1.083750e+04 1.108335e+04 1.109207e+04 1.082878e+04
1.102373e+04 1.108345e+04 1.122605e+04 1.088113e+04
1.111447e+04 1.108305e+04 1.112833e+04 1.106919e+04
1.110404e+04 1.108297e+04 1.098850e+04 1.119852e+04
1.099395e+04 1.108300e+04 1.106728e+04 1.100967e+04
1.134410e+04 1.108300e+04 1.110807e+04 1.131902e+04
1.149799e+04 1.108300e+04 1.116608e+04 1.141492e+04
1.120978e+04 1.108300e+04 1.106796e+04 1.122482e+04
1.127660e+04 1.108300e+04 1.112294e+04 1.123667e+04
1.095458e+04 1.108300e+04 1.111252e+04 1.092506e+04
1.128574e+04 1.108300e+04 1.126590e+04 1.110284e+04
1.105544e+04 1.108300e+04 1.110648e+04 1.103196e+04
1.108901e+04 1.108300e+04 1.112998e+04 1.104204e+04
1.125692e+04 1.108300e+04 1.109854e+04 1.124139e+04
1.124416e+04 1.108300e+04 1.107833e+04 1.124884e+04
1.101723e+04 1.108300e+04 1.107984e+04 1.102040e+04
1.092102e+04 1.108300e+04 1.104245e+04 1.096157e+04
1.120279e+04 1.108300e+04 1.105755e+04 1.122825e+04
1.094780e+04 1.108300e+04 1.105947e+04 1.097134e+04
1.099784e+04 1.108300e+04 1.107470e+04 1.100614e+04
1.096984e+04 1.108300e+04 1.109978e+04 1.095307e+04
1.085250e+04 1.108300e+04 1.106351e+04 1.087200e+04
1.099787e+04 1.108300e+04 1.104621e+04 1.103466e+04
1.099314e+04 1.108300e+04 1.105053e+04 1.102561e+04
1.123947e+04 1.108300e+04 1.106114e+04 1.126134e+04
1.113086e+04 1.108300e+04 1.121462e+04 1.099925e+04
