0.4 9.896444e+03 9.870637e+03 9.864709e+03 9.890516e+03
1.4 9.949411e+03 9.876924e+03 9.871613e+03 9.944100e+03
2.4 9.926569e+03 9.894141e+03 9.889402e+03 9.921830e+03
3.4 9.891100e+03 9.893708e+03 9.889521e+03 9.886914e+03
4.4 9.872615e+03 9.882356e+03 9.878728e+03 9.868986e+03
5.4 9.820741e+03 9.862385e+03 9.869830e+03 9.828186e+03
6.4 9.804171e+03 9.831931e+03 9.865266e+03 9.837505e+03
7.4 9.801332e+03 9.824832e+03 9.863410e+03 9.839910e+03
8.4 9.736739e+03 9.817851e+03 9.863155e+03 9.782044e+03
9.4 9.794745e+03 9.826925e+03 9.863709e+03 9.831529e+03
10.4 9.861501e+03 9.845320e+03 9.864480e+03 9.880661e+03
11.4 9.851161e+03 9.858654e+03 9.865326e+03 9.857833e+03
12.4 9.900150e+03 9.877210e+03 9.876616e+03 9.899556e+03
13.4 9.848145e+03 9.896688e+03 9.893099e+03 9.844556e+03
14.4 9.856716e+03 9.892792e+03 9.889129e+03 9.853052e+03
15.4 9.928368e+03 9.894702e+03 9.877513e+03 9.911178e+03
16.4 9.885793e+03 9.923496e+03 9.869514e+03 9.831811e+03
17.4 9.957377e+03 9.911602e+03 9.865463e+03 9.911238e+03
0.7 9.851161e+03 9.858654e+03 9.865326e+03 9.857833e+03
1.7 9.900150e+03 9.877210e+03 9.876616e+03 9.899556e+03
2.7 9.848145e+03 9.896688e+03 9.893099e+03 9.844556e+03
3.7 9.856716e+03 9.892792e+03 9.889129e+03 9.853052e+03
4.7 9.928368e+03 9.894702e+03 9.877513e+03 9.911178e+03
5.7 9.885793e+03 9.923496e+03 9.869514e+03 9.831811e+03
6.7 9.957377e+03 9.911602e+03 9.865463e+03 9.911238e+03
7.7 9.888444e+03 9.864870e+03 9.863907e+03 9.887480e+03
8.7 9.899963e+03 9.843467e+03 9.863850e+03 9.920346e+03
9.7 9.906093e+03 9.845587e+03 9.864473e+03 9.924979e+03
10.7 9.859117e+03 9.856904e+03 9.865194e+03 9.867407e+03
11.7 9.875284e+03 9.878781e+03 9.865757e+03 9.862260e+03
12.7 9.868547e+03 9.883692e+03 9.866119e+03 9.850973e+03
13.7 9.914145e+03 9.875945e+03 9.866314e+03 9.904513e+03
14.7 9.835157e+03 9.868304e+03 9.866416e+03 9.833270e+03
15.7 9.846447e+03 9.868284e+03 9.866468e+03 9.844631e+03
16.7 9.873846e+03 9.890111e+03 9.866499e+03 9.850234e+03
17.7 9.860927e+03 9.896433e+03 9.866519e+03 9.831013e+03
0.8 9.837445e+03 9.867997e+03 9.867297e+03 9.836745e+03
1.8 9.870525e+03 9.875280e+03 9.881693e+03 9.876938e+03
2.8 9.839986e+03 9.887712e+03 9.896223e+03 9.848497e+03
3.8 9.868463e+03 9.874545e+03 9.889517e+03 9.883436e+03
4.8 9.904576e+03 9.837586e+03 9.877522e+03 9.944511e+03
5.8 9.876015e+03 9.831963e+03 9.869398e+03 9.913450e+03
6.8 9.909781e+03 9.870236e+03 9.865530e+03 9.905075e+03
7.8 9.932807e+03 9.894372e+03 9.864134e+03 9.902569e+03
8.8 9.928577e+03 9.888774e+03 9.864198e+03 9.904002e+03
9.8 9.939184e+03 9.891807e+03 9.864870e+03 9.912247e+03
10.8 9.907395e+03 9.894783e+03 9.865627e+03 9.878240e+03
11.8 9.912464e+03 9.882561e+03 9.866185e+03 9.896088e+03
12.8 9.841814e+03 9.854630e+03 9.866538e+03 9.853722e+03
13.8 9.824273e+03 9.832065e+03 9.866730e+03 9.858938e+03
14.8 9.881614e+03 9.840487e+03 9.866836e+03 9.907963e+03
15.8 9.855988e+03 9.870819e+03 9.866897e+03 9.852066e+03
16.8 9.904576e+03 9.882358e+03 9.866941e+03 9.889160e+03
17.8 9.894016e+03 9.880803e+03 9.869714e+03 9.882928e+03
0.1 9.904576e+03 9.882358e+03 9.866941e+03 9.889160e+03
1.1 9.894016e+03 9.880803e+03 9.869714e+03 9.882928e+03
2.1 9.880697e+03 9.893227e+03 9.888011e+03 9.875482e+03
3.1 9.882949e+03 9.896682e+03 9.895514e+03 9.881782e+03
4.1 9.877335e+03 9.869752e+03 9.885502e+03 9.893084e+03
5.1 9.877322e+03 9.835080e+03 9.874781e+03 9.917024e+03
6.1 9.901204e+03 9.840980e+03 9.875222e+03 9.935447e+03
7.1 9.808045e+03 9.873262e+03 9.891233e+03 9.826015e+03
8.1 9.862805e+03 9.883741e+03 9.891255e+03 9.870319e+03
9.1 9.847462e+03 9.855584e+03 9.879871e+03 9.871748e+03
10.1 9.877521e+03 9.833962e+03 9.871085e+03 9.914643e+03
11.1 9.823582e+03 9.827294e+03 9.866556e+03 9.862843e+03
12.1 9.746327e+03 9.827932e+03 9.864917e+03 9.783312e+03
13.1 9.799173e+03 9.842375e+03 9.864822e+03 9.821619e+03
14.1 9.845340e+03 9.855795e+03 9.865498e+03 9.855043e+03
15.1 9.896865e+03 9.864365e+03 9.866331e+03 9.898831e+03
16.1 9.894796e+03 9.873274e+03 9.867032e+03 9.888553e+03
17.1 9.894917e+03 9.900348e+03 9.867490e+03 9.862059e+03
0.4 9.877322e+03 9.835080e+03 9.874781e+03 9.917024e+03
1.4 9.901204e+03 9.840980e+03 9.875222e+03 9.935447e+03
2.4 9.808045e+03 9.873262e+03 9.891233e+03 9.826015e+03
3.4 9.862805e+03 9.883741e+03 9.891255e+03 9.870319e+03
4.4 9.847462e+03 9.855584e+03 9.879871e+03 9.871748e+03
5.4 9.877521e+03 9.833962e+03 9.871085e+03 9.914643e+03
6.4 9.823582e+03 9.827294e+03 9.866556e+03 9.862843e+03
7.4 9.746327e+03 9.827932e+03 9.864917e+03 9.783312e+03
8.4 9.799173e+03 9.842375e+03 9.864822e+03 9.821619e+03
9.4 9.845340e+03 9.855795e+03 9.865498e+03 9.855043e+03
10.4 9.896865e+03 9.864365e+03 9.866331e+03 9.898831e+03
11.4 9.894796e+03 9.873274e+03 9.867032e+03 9.888553e+03
12.4 9.894917e+03 9.900348e+03 9.867490e+03 9.862059e+03
13.4 9.869991e+03 9.910044e+03 9.867768e+03 9.827715e+03
14.4 9.935668e+03 9.886529e+03 9.867934e+03 9.917072e+03
15.4 9.859475e+03 9.858219e+03 9.868038e+03 9.869295e+03
16.4 9.916239e+03 9.861107e+03 9.868114e+03 9.923246e+03
17.4 9.888745e+03 9.889391e+03 9.868176e+03 9.867530e+03
0.7 9.919972e+03 9.882187e+03 9.866494e+03 9.904279e+03
1.7 9.894873e+03 9.889966e+03 9.877756e+03 9.882663e+03
2.7 9.948579e+03 9.900611e+03 9.897451e+03 9.945419e+03
3.7 9.987010e+03 9.890643e+03 9.894383e+03 9.990750e+03
4.7 9.959917e+03 9.886959e+03 9.880743e+03 9.953701e+03
5.7 9.928970e+03 9.913866e+03 9.870263e+03 9.885367e+03
6.7 9.888151e+03 9.907110e+03 9.864923e+03 9.845964e+03
7.7 9.909880e+03 9.875950e+03 9.862716e+03 9.896646e+03
8.7 9.860096e+03 9.829760e+03 9.862345e+03 9.892680e+03
9.7 9.882317e+03 9.810998e+03 9.862857e+03 9.934176e+03
10.7 9.846422e+03 9.822911e+03 9.863575e+03 9.887087e+03
11.7 9.812610e+03 9.844006e+03 9.864110e+03 9.832713e+03
12.7 9.853584e+03 9.871329e+03 9.864403e+03 9.846658e+03
13.7 9.860123e+03 9.881035e+03 9.867507e+03 9.846595e+03
14.7 9.898514e+03 9.892385e+03 9.886348e+03 9.892476e+03
15.7 9.879169e+03 9.891374e+03 9.893565e+03 9.881360e+03
16.7 9.819172e+03 9.860005e+03 9.883139e+03 9.842306e+03
17.7 9.833128e+03 9.824251e+03 9.871971e+03 9.880847e+03
0.2 9.853584e+03 9.871329e+03 9.864403e+03 9.846658e+03
1.2 9.860123e+03 9.881035e+03 9.867507e+03 9.846595e+03
2.2 9.898514e+03 9.892385e+03 9.886348e+03 9.892476e+03
3.2 9.879169e+03 9.891374e+03 9.893565e+03 9.881360e+03
4.2 9.819172e+03 9.860005e+03 9.883139e+03 9.842306e+03
5.2 9.833128e+03 9.824251e+03 9.871971e+03 9.880847e+03
6.2 9.824419e+03 9.832730e+03 9.865246e+03 9.856935e+03
7.2 9.831293e+03 9.879482e+03 9.862217e+03 9.814027e+03
8.2 9.855187e+03 9.898366e+03 9.861283e+03 9.818105e+03
9.2 9.862107e+03 9.887698e+03 9.861513e+03 9.835922e+03
10.2 9.844528e+03 9.888968e+03 9.862147e+03 9.817708e+03
11.2 9.907480e+03 9.884431e+03 9.864224e+03 9.887273e+03
12.2 9.887669e+03 9.886983e+03 9.882207e+03 9.882893e+03
13.2 9.911975e+03 9.888669e+03 9.895601e+03 9.918907e+03
14.2 9.917802e+03 9.891365e+03 9.886831e+03 9.913268e+03
15.2 9.876391e+03 9.914568e+03 9.874040e+03 9.835864e+03
16.2 9.823375e+03 9.903116e+03 9.865715e+03 9.785974e+03
17.2 9.817324e+03 9.876514e+03 9.861814e+03 9.802625e+03
1.0 9.907480e+03 9.884431e+03 9.864224e+03 9.887273e+03
2.0 9.887669e+03 9.886983e+03 9.882207e+03 9.882893e+03
3.0 9.911975e+03 9.888669e+03 9.895601e+03 9.918907e+03
4.0 9.917802e+03 9.891365e+03 9.886831e+03 9.913268e+03
5.0 9.876391e+03 9.914568e+03 9.874040e+03 9.835864e+03
6.0 9.823375e+03 9.903116e+03 9.865715e+03 9.785974e+03
7.0 9.817324e+03 9.876514e+03 9.861814e+03 9.802625e+03
8.0 9.864861e+03 9.862758e+03 9.865392e+03 9.867495e+03
9.0 9.878739e+03 9.875322e+03 9.886496e+03 9.889912e+03
10.0 9.846594e+03 9.877977e+03 9.892457e+03 9.861074e+03
11.0 9.871254e+03 9.866304e+03 9.881045e+03 9.885995e+03
12.0 9.870319e+03 9.866903e+03 9.870024e+03 9.873441e+03
13.0 9.841775e+03 9.902237e+03 9.863644e+03 9.803182e+03
14.0 9.841595e+03 9.899891e+03 9.860924e+03 9.802628e+03
15.0 9.897437e+03 9.853614e+03 9.860273e+03 9.904096e+03
16.0 9.814340e+03 9.824695e+03 9.860746e+03 9.850390e+03
17.0 9.826398e+03 9.826706e+03 9.861574e+03 9.861266e+03
18.0 9.817130e+03 9.836000e+03 9.862407e+03 9.843537e+03
0.3 9.817324e+03 9.876514e+03 9.861814e+03 9.802625e+03
1.3 9.864861e+03 9.862758e+03 9.865392e+03 9.867495e+03
2.3 9.878739e+03 9.875322e+03 9.886496e+03 9.889912e+03
3.3 9.846594e+03 9.877977e+03 9.892457e+03 9.861074e+03
4.3 9.871254e+03 9.866304e+03 9.881045e+03 9.885995e+03
5.3 9.870319e+03 9.866903e+03 9.870024e+03 9.873441e+03
6.3 9.841775e+03 9.902237e+03 9.863644e+03 9.803182e+03
7.3 9.841595e+03 9.899891e+03 9.860924e+03 9.802628e+03
8.3 9.897437e+03 9.853614e+03 9.860273e+03 9.904096e+03
9.3 9.814340e+03 9.824695e+03 9.860746e+03 9.850390e+03
10.3 9.826398e+03 9.826706e+03 9.861574e+03 9.861266e+03
11.3 9.817130e+03 9.836000e+03 9.862407e+03 9.843537e+03
12.3 9.845927e+03 9.853590e+03 9.871825e+03 9.864161e+03
13.3 9.836796e+03 9.882130e+03 9.894296e+03 9.848962e+03
14.3 9.863906e+03 9.890037e+03 9.895077e+03 9.868946e+03
15.3 9.862461e+03 9.914316e+03 9.881340e+03 9.829486e+03
16.3 9.960940e+03 9.919798e+03 9.869677e+03 9.910819e+03
17.3 9.951869e+03 9.893797e+03 9.863603e+03 9.921676e+03
0.5 9.817130e+03 9.836000e+03 9.862407e+03 9.843537e+03
1.5 9.845927e+03 9.853590e+03 9.871825e+03 9.864161e+03
2.5 9.836796e+03 9.882130e+03 9.894296e+03 9.848962e+03
3.5 9.863906e+03 9.890037e+03 9.895077e+03 9.868946e+03
4.5 9.862461e+03 9.914316e+03 9.881340e+03 9.829486e+03
5.5 9.960940e+03 9.919798e+03 9.869677e+03 9.910819e+03
6.5 9.951869e+03 9.893797e+03 9.863603e+03 9.921676e+03
7.5 9.921930e+03 9.869680e+03 9.861773e+03 9.914023e+03
8.5 9.915759e+03 9.872406e+03 9.877969e+03 9.921322e+03
9.5 9.855513e+03 9.891004e+03 9.902562e+03 9.867071e+03
10.5 9.841750e+03 9.885696e+03 9.899006e+03 9.855061e+03
11.5 9.847163e+03 9.868795e+03 9.882377e+03 9.860745e+03
12.5 9.808353e+03 9.836674e+03 9.869858e+03 9.841537e+03
13.5 9.792967e+03 9.814798e+03 9.863292e+03 9.841462e+03
14.5 9.804012e+03 9.824436e+03 9.860899e+03 9.840475e+03
15.5 9.865863e+03 9.856943e+03 9.860819e+03 9.869738e+03
16.5 9.909415e+03 9.894343e+03 9.861838e+03 9.876911e+03
17.5 9.959809e+03 9.893911e+03 9.863075e+03 9.928973e+03
0.9 9.921930e+03 9.869680e+03 9.861773e+03 9.914023e+03
1.9 9.915759e+03 9.872406e+03 9.877969e+03 9.921322e+03
2.9 9.855513e+03 9.891004e+03 9.902562e+03 9.867071e+03
3.9 9.841750e+03 9.885696e+03 9.899006e+03 9.855061e+03
4.9 9.847163e+03 9.868795e+03 9.882377e+03 9.860745e+03
5.9 9.808353e+03 9.836674e+03 9.869858e+03 9.841537e+03
6.9 9.792967e+03 9.814798e+03 9.863292e+03 9.841462e+03
7.9 9.804012e+03 9.824436e+03 9.860899e+03 9.840475e+03
8.9 9.865863e+03 9.856943e+03 9.860819e+03 9.869738e+03
9.9 9.909415e+03 9.894343e+03 9.861838e+03 9.876911e+03
10.9 9.959809e+03 9.893911e+03 9.863075e+03 9.928973e+03
11.9 9.907862e+03 9.863363e+03 9.864112e+03 9.908611e+03
12.9 9.943275e+03 9.848230e+03 9.866279e+03 9.961325e+03
13.9 9.950715e+03 9.867173e+03 9.884915e+03 9.968457e+03
14.9 9.936351e+03 9.884365e+03 9.897849e+03 9.949835e+03
15.9 9.959029e+03 9.879853e+03 9.889260e+03 9.968436e+03
16.9 9.903647e+03 9.896677e+03 9.876421e+03 9.883391e+03
17.9 9.925249e+03 9.920758e+03 9.868601e+03 9.873092e+03
1.0 9.943275e+03 9.848230e+03 9.866279e+03 9.961325e+03
2.0 9.950715e+03 9.867173e+03 9.884915e+03 9.968457e+03
3.0 9.936351e+03 9.884365e+03 9.897849e+03 9.949835e+03
4.0 9.959029e+03 9.879853e+03 9.889260e+03 9.968436e+03
5.0 9.903647e+03 9.896677e+03 9.876421e+03 9.883391e+03
6.0 9.925249e+03 9.920758e+03 9.868601e+03 9.873092e+03
7.0 9.961996e+03 9.917796e+03 9.864888e+03 9.909088e+03
8.0 9.942128e+03 9.918474e+03 9.863844e+03 9.887498e+03
9.0 9.866773e+03 9.901182e+03 9.864221e+03 9.829812e+03
10.0 9.861820e+03 9.873789e+03 9.865206e+03 9.853237e+03
11.0 9.828715e+03 9.844982e+03 9.866200e+03 9.849933e+03
12.0 9.810086e+03 9.837822e+03 9.866999e+03 9.839262e+03
13.0 9.806024e+03 9.845791e+03 9.867559e+03 9.827792e+03
14.0 9.782542e+03 9.858218e+03 9.867966e+03 9.792290e+03
15.0 9.820403e+03 9.890835e+03 9.868288e+03 9.797855e+03
16.0 9.881182e+03 9.906402e+03 9.868569e+03 9.843348e+03
17.0 9.984866e+03 9.904837e+03 9.868835e+03 9.948863e+03
18.0 9.873457e+03 9.905313e+03 9.869093e+03 9.837236e+03
