0.2 9.713556e+03 9.699916e+03 9.752750e+03 9.766390e+03
1.2 9.615503e+03 9.673287e+03 9.779394e+03 9.721610e+03
2.2 9.622347e+03 9.744211e+03 9.873154e+03 9.751290e+03
3.2 9.555787e+03 9.746426e+03 9.879963e+03 9.689324e+03
4.2 9.521842e+03 9.695208e+03 9.824771e+03 9.651405e+03
5.2 9.309719e+03 9.654387e+03 9.777381e+03 9.432713e+03
6.2 9.612777e+03 9.653656e+03 9.752452e+03 9.711574e+03
7.2 9.824680e+03 9.747796e+03 9.741745e+03 9.818629e+03
8.2 9.824131e+03 9.778838e+03 9.739489e+03 9.784782e+03
9.2 9.807636e+03 9.813799e+03 9.741620e+03 9.735456e+03
10.2 9.967746e+03 9.874695e+03 9.745041e+03 9.838092e+03
11.2 9.601174e+03 9.806411e+03 9.747856e+03 9.542619e+03
12.2 9.748108e+03 9.757518e+03 9.749668e+03 9.740258e+03
13.2 9.841293e+03 9.841731e+03 9.750654e+03 9.750215e+03
14.2 9.739337e+03 9.849701e+03 9.751085e+03 9.640721e+03
15.2 9.932239e+03 9.950543e+03 9.751252e+03 9.732948e+03
16.2 9.986213e+03 9.974384e+03 9.751295e+03 9.763123e+03
17.2 9.683289e+03 9.836395e+03 9.751285e+03 9.598179e+03
0.2 9.980498e+03 9.779483e+03 9.750986e+03 9.952001e+03
1.2 9.900100e+03 9.742140e+03 9.773921e+03 9.931880e+03
2.2 1.000249e+04 9.773707e+03 9.869945e+03 1.009873e+04
3.2 9.843336e+03 9.751923e+03 9.880529e+03 9.971941e+03
4.2 9.773444e+03 9.700641e+03 9.824882e+03 9.897685e+03
5.2 9.670368e+03 9.748908e+03 9.777917e+03 9.699378e+03
6.2 9.676789e+03 9.766905e+03 9.752162e+03 9.662045e+03
7.2 9.792294e+03 9.697047e+03 9.740825e+03 9.836072e+03
8.2 9.765647e+03 9.623540e+03 9.738457e+03 9.880565e+03
9.2 9.425835e+03 9.635738e+03 9.740588e+03 9.530684e+03
10.2 9.413948e+03 9.736937e+03 9.743963e+03 9.420974e+03
11.2 9.625568e+03 9.749394e+03 9.746849e+03 9.623024e+03
12.2 9.607562e+03 9.677480e+03 9.748745e+03 9.678827e+03
13.2 9.638788e+03 9.624528e+03 9.749715e+03 9.763975e+03
14.2 9.479056e+03 9.671246e+03 9.750157e+03 9.557966e+03
15.2 9.621695e+03 9.725545e+03 9.750304e+03 9.646455e+03
16.2 9.696199e+03 9.738917e+03 9.750324e+03 9.707606e+03
17.2 9.575044e+03 9.832996e+03 9.750288e+03 9.492335e+03
0.8 1.006745e+04 9.692776e+03 9.752021e+03 1.012669e+04
1.8 9.753760e+03 9.728202e+03 9.829196e+03 9.854754e+03
2.8 9.795374e+03 9.761482e+03 9.886316e+03 9.920208e+03
3.8 9.751574e+03 9.714120e+03 9.846631e+03 9.884085e+03
4.8 9.765705e+03 9.719768e+03 9.790692e+03 9.836629e+03
5.8 9.749123e+03 9.762014e+03 9.756819e+03 9.743928e+03
6.8 9.808577e+03 9.723551e+03 9.740517e+03 9.825543e+03
7.8 9.663690e+03 9.726770e+03 9.734900e+03 9.671820e+03
8.8 9.845786e+03 9.807916e+03 9.735473e+03 9.773343e+03
9.8 9.809469e+03 9.769823e+03 9.738556e+03 9.778201e+03
10.8 9.849803e+03 9.718929e+03 9.741629e+03 9.872503e+03
11.8 1.006680e+04 9.803562e+03 9.743810e+03 1.000705e+04
12.8 1.005610e+04 9.832312e+03 9.745051e+03 9.968839e+03
13.8 1.005321e+04 9.914897e+03 9.745571e+03 9.883881e+03
14.8 1.017434e+04 9.966179e+03 9.745718e+03 9.953881e+03
15.8 9.742974e+03 9.836554e+03 9.745676e+03 9.652096e+03
16.8 9.553210e+03 9.695434e+03 9.745562e+03 9.603339e+03
17.8 9.467281e+03 9.614877e+03 9.745425e+03 9.597828e+03
0.5 9.753788e+03 9.846413e+03 9.744996e+03 9.652371e+03
1.5 1.000714e+04 9.811953e+03 9.796788e+03 9.991974e+03
2.5 9.639628e+03 9.796372e+03 9.878667e+03 9.721923e+03
3.5 9.735486e+03 9.719229e+03 9.858840e+03 9.875097e+03
4.5 9.653160e+03 9.680728e+03 9.801965e+03 9.774397e+03
5.5 9.694642e+03 9.758975e+03 9.760904e+03 9.696570e+03
6.5 9.567147e+03 9.765275e+03 9.740700e+03 9.542573e+03
7.5 9.829300e+03 9.876751e+03 9.732876e+03 9.685425e+03
8.5 9.947787e+03 9.936659e+03 9.732300e+03 9.743429e+03
9.5 1.003472e+04 9.817859e+03 9.735116e+03 9.951980e+03
10.5 9.606750e+03 9.757276e+03 9.738615e+03 9.588089e+03
11.5 9.637041e+03 9.779668e+03 9.741281e+03 9.598654e+03
12.5 9.605162e+03 9.726552e+03 9.742959e+03 9.621569e+03
13.5 9.520822e+03 9.650895e+03 9.747158e+03 9.617085e+03
14.5 9.550479e+03 9.680823e+03 9.822929e+03 9.692586e+03
15.5 9.660280e+03 9.724994e+03 9.883139e+03 9.818425e+03
16.5 9.672927e+03 9.743965e+03 9.845228e+03 9.774189e+03
17.5 9.735638e+03 9.795778e+03 9.790438e+03 9.730298e+03
0.8 9.520822e+03 9.650895e+03 9.747158e+03 9.617085e+03
1.8 9.550479e+03 9.680823e+03 9.822929e+03 9.692586e+03
2.8 9.660280e+03 9.724994e+03 9.883139e+03 9.818425e+03
3.8 9.672927e+03 9.743965e+03 9.845228e+03 9.774189e+03
4.8 9.735638e+03 9.795778e+03 9.790438e+03 9.730298e+03
5.8 9.984147e+03 9.752312e+03 9.755246e+03 9.987082e+03
6.8 1.002019e+04 9.727743e+03 9.738965e+03 1.003142e+04
7.8 1.005158e+04 9.829873e+03 9.733509e+03 9.955214e+03
8.8 9.713437e+03 9.802266e+03 9.734357e+03 9.645528e+03
9.8 9.894713e+03 9.725643e+03 9.737712e+03 9.906782e+03
10.8 9.794548e+03 9.764220e+03 9.741281e+03 9.771610e+03
11.8 9.783124e+03 9.770987e+03 9.743877e+03 9.756014e+03
12.8 9.933655e+03 9.697186e+03 9.745551e+03 9.982020e+03
13.8 9.537502e+03 9.660798e+03 9.775328e+03 9.652031e+03
14.8 9.836238e+03 9.721340e+03 9.869406e+03 9.984304e+03
15.8 9.879336e+03 9.729822e+03 9.874106e+03 1.002362e+04
16.8 9.927928e+03 9.771536e+03 9.819015e+03 9.975407e+03
17.8 9.711199e+03 9.767401e+03 9.772619e+03 9.716416e+03
0.3 9.933655e+03 9.697186e+03 9.745551e+03 9.982020e+03
1.3 9.537502e+03 9.660798e+03 9.775328e+03 9.652031e+03
2.3 9.836238e+03 9.721340e+03 9.869406e+03 9.984304e+03
3.3 9.879336e+03 9.729822e+03 9.874106e+03 1.002362e+04
4.3 9.927928e+03 9.771536e+03 9.819015e+03 9.975407e+03
5.3 9.711199e+03 9.767401e+03 9.772619e+03 9.716416e+03
6.3 9.459128e+03 9.681825e+03 9.748568e+03 9.525871e+03
7.3 9.474628e+03 9.600021e+03 9.738555e+03 9.613162e+03
8.3 9.446104e+03 9.613386e+03 9.736877e+03 9.569595e+03
9.3 9.783878e+03 9.759470e+03 9.739491e+03 9.763899e+03
10.3 9.612320e+03 9.804295e+03 9.743334e+03 9.551359e+03
11.3 9.835218e+03 9.767286e+03 9.746542e+03 9.814474e+03
12.3 9.878725e+03 9.904219e+03 9.748744e+03 9.723249e+03
13.3 9.881836e+03 9.922060e+03 9.750124e+03 9.709900e+03
14.3 9.985541e+03 9.876864e+03 9.750954e+03 9.859631e+03
15.3 9.901955e+03 9.826168e+03 9.751519e+03 9.827307e+03
16.3 9.710726e+03 9.788228e+03 9.751958e+03 9.674455e+03
17.3 9.906341e+03 9.849843e+03 9.752347e+03 9.808845e+03
