0.4 1.009301e+04 1.004328e+04 1.003263e+04 1.008236e+04
1.4 1.021059e+04 1.006230e+04 1.005235e+04 1.020064e+04
2.4 1.023744e+04 1.011245e+04 1.010316e+04 1.022814e+04
3.4 1.014306e+04 1.011216e+04 1.010350e+04 1.013440e+04
4.4 1.002946e+04 1.008068e+04 1.007267e+04 1.002144e+04
5.4 9.961765e+03 1.003262e+04 1.004726e+04 9.976406e+03
6.4 9.955076e+03 9.965905e+03 1.003422e+04 1.002339e+04
7.4 9.939583e+03 9.957404e+03 1.002892e+04 1.001110e+04
8.4 9.913667e+03 9.969935e+03 1.002819e+04 9.971925e+03
9.4 9.937947e+03 9.993734e+03 1.002978e+04 9.973989e+03
10.4 1.001101e+04 1.001990e+04 1.003198e+04 1.002309e+04
11.4 1.003347e+04 1.003683e+04 1.003439e+04 1.003104e+04
12.4 1.008031e+04 1.007577e+04 1.006664e+04 1.007117e+04
13.4 1.006009e+04 1.012431e+04 1.011371e+04 1.004949e+04
14.4 1.004028e+04 1.011164e+04 1.010238e+04 1.003102e+04
15.4 1.011518e+04 1.008927e+04 1.006920e+04 1.009511e+04
16.4 1.009191e+04 1.009820e+04 1.004635e+04 1.004007e+04
17.4 1.019591e+04 1.007927e+04 1.003478e+04 1.015142e+04
0.7 1.003347e+04 1.003683e+04 1.003439e+04 1.003104e+04
1.7 1.008031e+04 1.007577e+04 1.006664e+04 1.007117e+04
2.7 1.006009e+04 1.012431e+04 1.011371e+04 1.004949e+04
3.7 1.004028e+04 1.011164e+04 1.010238e+04 1.003102e+04
4.7 1.011518e+04 1.008927e+04 1.006920e+04 1.009511e+04
5.7 1.009191e+04 1.009820e+04 1.004635e+04 1.004007e+04
6.7 1.019591e+04 1.007927e+04 1.003478e+04 1.015142e+04
7.7 1.005844e+04 1.003455e+04 1.003034e+04 1.005423e+04
8.7 1.005143e+04 1.001545e+04 1.003018e+04 1.006615e+04
9.7 9.965659e+03 1.001866e+04 1.003196e+04 9.978958e+03
10.7 9.999322e+03 1.002989e+04 1.003402e+04 1.000345e+04
11.7 1.002790e+04 1.004937e+04 1.003562e+04 1.001415e+04
12.7 1.007139e+04 1.005438e+04 1.003666e+04 1.005367e+04
13.7 1.013716e+04 1.004851e+04 1.003721e+04 1.012587e+04
14.7 1.000073e+04 1.004246e+04 1.003751e+04 9.995770e+03
15.7 9.984405e+03 1.004269e+04 1.003766e+04 9.979370e+03
16.7 1.003923e+04 1.006148e+04 1.003774e+04 1.001549e+04
17.7 1.002585e+04 1.006696e+04 1.003780e+04 9.996684e+03
0.8 1.003590e+04 1.004918e+04 1.004002e+04 1.002675e+04
1.8 1.009001e+04 1.008039e+04 1.008114e+04 1.009076e+04
2.8 1.008442e+04 1.011831e+04 1.012264e+04 1.008874e+04
3.8 1.004878e+04 1.008452e+04 1.010349e+04 1.006775e+04
4.8 1.006093e+04 9.996405e+03 1.006923e+04 1.013375e+04
5.8 1.001541e+04 9.972454e+03 1.004602e+04 1.008898e+04
6.8 1.004555e+04 1.001686e+04 1.003498e+04 1.006367e+04
7.8 1.005940e+04 1.005163e+04 1.003099e+04 1.003876e+04
8.8 1.012623e+04 1.005640e+04 1.003117e+04 1.010100e+04
9.8 1.018795e+04 1.007379e+04 1.003309e+04 1.014725e+04
10.8 1.017380e+04 1.008581e+04 1.003525e+04 1.012325e+04
11.8 1.011139e+04 1.007085e+04 1.003685e+04 1.007739e+04
12.8 1.007446e+04 1.003897e+04 1.003785e+04 1.007334e+04
13.8 9.999797e+03 1.001427e+04 1.003840e+04 1.002394e+04
14.8 1.005824e+04 1.001917e+04 1.003870e+04 1.007778e+04
15.8 1.005626e+04 1.004418e+04 1.003888e+04 1.005096e+04
16.8 1.013345e+04 1.005434e+04 1.003901e+04 1.011812e+04
17.8 1.013687e+04 1.005937e+04 1.004693e+04 1.012443e+04
0.1 1.013345e+04 1.005434e+04 1.003901e+04 1.011812e+04
1.1 1.013687e+04 1.005937e+04 1.004693e+04 1.012443e+04
2.1 1.012420e+04 1.010729e+04 1.009918e+04 1.011610e+04
3.1 1.009070e+04 1.012555e+04 1.012061e+04 1.008577e+04
4.1 1.007969e+04 1.006462e+04 1.009202e+04 1.010709e+04
5.1 9.979774e+03 9.985097e+03 1.006140e+04 1.005607e+04
6.1 1.001333e+04 9.997854e+03 1.006266e+04 1.007813e+04
7.1 9.984526e+03 1.007717e+04 1.010838e+04 1.001575e+04
8.1 1.005602e+04 1.009856e+04 1.010845e+04 1.006591e+04
9.1 1.003901e+04 1.003047e+04 1.007593e+04 1.008447e+04
10.1 1.002338e+04 9.978960e+03 1.005084e+04 1.009526e+04
11.1 9.953964e+03 9.978473e+03 1.003791e+04 1.001340e+04
12.1 9.862700e+03 9.992950e+03 1.003323e+04 9.902976e+03
13.1 9.926326e+03 1.001575e+04 1.003295e+04 9.943528e+03
14.1 1.001966e+04 1.003400e+04 1.003488e+04 1.002055e+04
15.1 1.011211e+04 1.004440e+04 1.003726e+04 1.010498e+04
16.1 1.006585e+04 1.005260e+04 1.003926e+04 1.005251e+04
17.1 1.007985e+04 1.007517e+04 1.004057e+04 1.004526e+04
0.4 9.979774e+03 9.985097e+03 1.006140e+04 1.005607e+04
1.4 1.001333e+04 9.997854e+03 1.006266e+04 1.007813e+04
2.4 9.984526e+03 1.007717e+04 1.010838e+04 1.001575e+04
3.4 1.005602e+04 1.009856e+04 1.010845e+04 1.006591e+04
4.4 1.003901e+04 1.003047e+04 1.007593e+04 1.008447e+04
5.4 1.002338e+04 9.978960e+03 1.005084e+04 1.009526e+04
6.4 9.953964e+03 9.978473e+03 1.003791e+04 1.001340e+04
7.4 9.862700e+03 9.992950e+03 1.003323e+04 9.902976e+03
8.4 9.926326e+03 1.001575e+04 1.003295e+04 9.943528e+03
9.4 1.001966e+04 1.003400e+04 1.003488e+04 1.002055e+04
10.4 1.011211e+04 1.004440e+04 1.003726e+04 1.010498e+04
11.4 1.006585e+04 1.005260e+04 1.003926e+04 1.005251e+04
12.4 1.007985e+04 1.007517e+04 1.004057e+04 1.004526e+04
13.4 9.995455e+03 1.008264e+04 1.004137e+04 9.954186e+03
14.4 1.007346e+04 1.006277e+04 1.004184e+04 1.005253e+04
15.4 9.983359e+03 1.003952e+04 1.004214e+04 9.985980e+03
16.4 1.010870e+04 1.004141e+04 1.004236e+04 1.010964e+04
17.4 1.009467e+04 1.006455e+04 1.004253e+04 1.007265e+04
0.7 1.004871e+04 1.004995e+04 1.003773e+04 1.003648e+04
1.7 1.006201e+04 1.007989e+04 1.006989e+04 1.005201e+04
2.7 1.019984e+04 1.012905e+04 1.012614e+04 1.019694e+04
3.7 1.023746e+04 1.011477e+04 1.011738e+04 1.024008e+04
4.7 1.011475e+04 1.008488e+04 1.007843e+04 1.010830e+04
5.7 1.004082e+04 1.008807e+04 1.004849e+04 1.000125e+04
6.7 1.003396e+04 1.007162e+04 1.003324e+04 9.995582e+03
7.7 1.013928e+04 1.003973e+04 1.002694e+04 1.012648e+04
8.7 1.011845e+04 9.997941e+03 1.002588e+04 1.014638e+04
9.7 1.010815e+04 9.982308e+03 1.002734e+04 1.015319e+04
10.7 1.004734e+04 9.994451e+03 1.002939e+04 1.008228e+04
11.7 9.932541e+03 1.001405e+04 1.003092e+04 9.949406e+03
12.7 1.000315e+04 1.003793e+04 1.003176e+04 9.996982e+03
13.7 1.004288e+04 1.005267e+04 1.004062e+04 1.003083e+04
14.7 1.011766e+04 1.010051e+04 1.009443e+04 1.011158e+04
15.7 1.005011e+04 1.011416e+04 1.011505e+04 1.005100e+04
16.7 9.980992e+03 1.004692e+04 1.008527e+04 1.001935e+04
17.7 9.979167e+03 9.966907e+03 1.005337e+04 1.006563e+04
0.2 1.000315e+04 1.003793e+04 1.003176e+04 9.996982e+03
1.2 1.004288e+04 1.005267e+04 1.004062e+04 1.003083e+04
2.2 1.011766e+04 1.010051e+04 1.009443e+04 1.011158e+04
3.2 1.005011e+04 1.011416e+04 1.011505e+04 1.005100e+04
4.2 9.980992e+03 1.004692e+04 1.008527e+04 1.001935e+04
5.2 9.979167e+03 9.966907e+03 1.005337e+04 1.006563e+04
6.2 9.948214e+03 9.969043e+03 1.003416e+04 1.001333e+04
7.2 1.007779e+04 1.002267e+04 1.002551e+04 1.008063e+04
8.2 1.001099e+04 1.005081e+04 1.002285e+04 9.983020e+03
9.2 9.979040e+03 1.005091e+04 1.002350e+04 9.951630e+03
10.2 9.977670e+03 1.006739e+04 1.002531e+04 9.935596e+03
11.2 1.005733e+04 1.007072e+04 1.003125e+04 1.001786e+04
12.2 1.015984e+04 1.010150e+04 1.008261e+04 1.014095e+04
13.2 1.018281e+04 1.012233e+04 1.012086e+04 1.018134e+04
14.2 1.009400e+04 1.010326e+04 1.009581e+04 1.008655e+04
15.2 9.974355e+03 1.009648e+04 1.005928e+04 9.937156e+03
16.2 9.909700e+03 1.006928e+04 1.003550e+04 9.875922e+03
17.2 9.997768e+03 1.003820e+04 1.002436e+04 9.983925e+03
1.0 1.005733e+04 1.007072e+04 1.003125e+04 1.001786e+04
2.0 1.015984e+04 1.010150e+04 1.008261e+04 1.014095e+04
3.0 1.018281e+04 1.012233e+04 1.012086e+04 1.018134e+04
4.0 1.009400e+04 1.010326e+04 1.009581e+04 1.008655e+04
5.0 9.974355e+03 1.009648e+04 1.005928e+04 9.937156e+03
6.0 9.909700e+03 1.006928e+04 1.003550e+04 9.875922e+03
7.0 9.997768e+03 1.003820e+04 1.002436e+04 9.983925e+03
8.0 1.007249e+04 1.003350e+04 1.003458e+04 1.007357e+04
9.0 1.012863e+04 1.008659e+04 1.009486e+04 1.013689e+04
10.0 1.010474e+04 1.010095e+04 1.011188e+04 1.011568e+04
11.0 1.007752e+04 1.006827e+04 1.007929e+04 1.008854e+04
12.0 1.003099e+04 1.004711e+04 1.004781e+04 1.003169e+04
13.0 9.991757e+03 1.006572e+04 1.002959e+04 9.955622e+03
14.0 1.006797e+04 1.005825e+04 1.002182e+04 1.003154e+04
15.0 1.005363e+04 1.001586e+04 1.001996e+04 1.005773e+04
16.0 9.994641e+03 9.991175e+03 1.002131e+04 1.002478e+04
17.0 9.945211e+03 9.995049e+03 1.002368e+04 9.973838e+03
18.0 9.970561e+03 1.000544e+04 1.002606e+04 9.991176e+03
0.3 9.997768e+03 1.003820e+04 1.002436e+04 9.983925e+03
1.3 1.007249e+04 1.003350e+04 1.003458e+04 1.007357e+04
2.3 1.012863e+04 1.008659e+04 1.009486e+04 1.013689e+04
3.3 1.010474e+04 1.010095e+04 1.011188e+04 1.011568e+04
4.3 1.007752e+04 1.006827e+04 1.007929e+04 1.008854e+04
5.3 1.003099e+04 1.004711e+04 1.004781e+04 1.003169e+04
6.3 9.991757e+03 1.006572e+04 1.002959e+04 9.955622e+03
7.3 1.006797e+04 1.005825e+04 1.002182e+04 1.003154e+04
8.3 1.005363e+04 1.001586e+04 1.001996e+04 1.005773e+04
9.3 9.994641e+03 9.991175e+03 1.002131e+04 1.002478e+04
10.3 9.945211e+03 9.995049e+03 1.002368e+04 9.973838e+03
11.3 9.970561e+03 1.000544e+04 1.002606e+04 9.991176e+03
12.3 9.998955e+03 1.003950e+04 1.005296e+04 1.001241e+04
13.3 1.011510e+04 1.010878e+04 1.011713e+04 1.012346e+04
14.3 1.008510e+04 1.011709e+04 1.011936e+04 1.008737e+04
15.3 1.004547e+04 1.011127e+04 1.008013e+04 1.001433e+04
16.3 1.016034e+04 1.009302e+04 1.004682e+04 1.011414e+04
17.3 1.015237e+04 1.005805e+04 1.002947e+04 1.012379e+04
0.5 9.970561e+03 1.000544e+04 1.002606e+04 9.991176e+03
1.5 9.998955e+03 1.003950e+04 1.005296e+04 1.001241e+04
2.5 1.011510e+04 1.010878e+04 1.011713e+04 1.012346e+04
3.5 1.008510e+04 1.011709e+04 1.011936e+04 1.008737e+04
4.5 1.004547e+04 1.011127e+04 1.008013e+04 1.001433e+04
5.5 1.016034e+04 1.009302e+04 1.004682e+04 1.011414e+04
6.5 1.015237e+04 1.005805e+04 1.002947e+04 1.012379e+04
7.5 1.019916e+04 1.003315e+04 1.002425e+04 1.019026e+04
8.5 1.017154e+04 1.006750e+04 1.007050e+04 1.017454e+04
9.5 1.008835e+04 1.013243e+04 1.014074e+04 1.009666e+04
10.5 1.005163e+04 1.012069e+04 1.013058e+04 1.006152e+04
11.5 1.005277e+04 1.007181e+04 1.008309e+04 1.006405e+04
12.5 9.991356e+03 9.993146e+03 1.004734e+04 1.004555e+04
13.5 9.974139e+03 9.940481e+03 1.002858e+04 1.006224e+04
14.5 9.911025e+03 9.957135e+03 1.002175e+04 9.975640e+03
15.5 1.000576e+04 1.000421e+04 1.002152e+04 1.002307e+04
16.5 1.008440e+04 1.005008e+04 1.002443e+04 1.005876e+04
17.5 1.010579e+04 1.005809e+04 1.002796e+04 1.007566e+04
0.9 1.019916e+04 1.003315e+04 1.002425e+04 1.019026e+04
1.9 1.017154e+04 1.006750e+04 1.007050e+04 1.017454e+04
2.9 1.008835e+04 1.013243e+04 1.014074e+04 1.009666e+04
3.9 1.005163e+04 1.012069e+04 1.013058e+04 1.006152e+04
4.9 1.005277e+04 1.007181e+04 1.008309e+04 1.006405e+04
5.9 9.991356e+03 9.993146e+03 1.004734e+04 1.004555e+04
6.9 9.974139e+03 9.940481e+03 1.002858e+04 1.006224e+04
7.9 9.911025e+03 9.957135e+03 1.002175e+04 9.975640e+03
8.9 1.000576e+04 1.000421e+04 1.002152e+04 1.002307e+04
9.9 1.008440e+04 1.005008e+04 1.002443e+04 1.005876e+04
10.9 1.010579e+04 1.005809e+04 1.002796e+04 1.007566e+04
11.9 1.006747e+04 1.003755e+04 1.003093e+04 1.006084e+04
12.9 1.010101e+04 1.002906e+04 1.003712e+04 1.010907e+04
13.9 1.016597e+04 1.008046e+04 1.009034e+04 1.017586e+04
14.9 1.017497e+04 1.011898e+04 1.012728e+04 1.018327e+04
15.9 1.021935e+04 1.009657e+04 1.010275e+04 1.022553e+04
16.9 1.005646e+04 1.008520e+04 1.006608e+04 1.003734e+04
17.9 1.010545e+04 1.009057e+04 1.004375e+04 1.005862e+04
1.0 1.010101e+04 1.002906e+04 1.003712e+04 1.010907e+04
2.0 1.016597e+04 1.008046e+04 1.009034e+04 1.017586e+04
3.0 1.017497e+04 1.011898e+04 1.012728e+04 1.018327e+04
4.0 1.021935e+04 1.009657e+04 1.010275e+04 1.022553e+04
5.0 1.005646e+04 1.008520e+04 1.006608e+04 1.003734e+04
6.0 1.010545e+04 1.009057e+04 1.004375e+04 1.005862e+04
7.0 1.016451e+04 1.008011e+04 1.003314e+04 1.011755e+04
8.0 1.012682e+04 1.007788e+04 1.003016e+04 1.007910e+04
9.0 9.988221e+03 1.006336e+04 1.003124e+04 9.956099e+03
10.0 9.994400e+03 1.004203e+04 1.003405e+04 9.986417e+03
11.0 1.005862e+04 1.002082e+04 1.003689e+04 1.007469e+04
12.0 1.006600e+04 1.001636e+04 1.003917e+04 1.008882e+04
13.0 9.969011e+03 1.002328e+04 1.004077e+04 9.986497e+03
14.0 9.884660e+03 1.003385e+04 1.004193e+04 9.892742e+03
15.0 9.915451e+03 1.006186e+04 1.004285e+04 9.896445e+03
16.0 1.005247e+04 1.007550e+04 1.004365e+04 1.002062e+04
17.0 1.014643e+04 1.008127e+04 1.004441e+04 1.010957e+04
18.0 1.006487e+04 1.009202e+04 1.004515e+04 1.001800e+04
