0.3 6.953746e+03 7.030083e+03 6.981866e+03 6.905529e+03
1.3 6.945317e+03 7.017825e+03 7.008616e+03 6.936109e+03
2.3 6.831964e+03 7.059842e+03 7.077747e+03 6.849870e+03
3.3 6.991163e+03 7.046274e+03 7.076130e+03 7.021019e+03
4.3 7.066254e+03 7.004853e+03 7.032903e+03 7.094304e+03
5.3 7.092545e+03 6.971594e+03 6.999650e+03 7.120601e+03
6.3 7.011637e+03 6.950660e+03 6.981758e+03 7.042736e+03
7.3 6.972625e+03 6.947435e+03 6.974695e+03 6.999884e+03
8.3 6.907907e+03 6.966099e+03 6.973651e+03 6.915460e+03
9.3 6.932805e+03 6.969423e+03 6.975676e+03 6.939058e+03
10.3 7.109640e+03 6.960149e+03 6.978413e+03 7.127904e+03
11.3 6.897553e+03 6.952247e+03 6.980741e+03 6.926047e+03
12.3 6.860749e+03 6.961637e+03 6.982244e+03 6.881356e+03
13.3 7.187534e+03 7.032297e+03 6.983131e+03 7.138368e+03
14.3 6.925438e+03 7.053141e+03 6.983644e+03 6.855942e+03
15.3 7.116528e+03 6.982499e+03 6.983953e+03 7.117982e+03
16.3 6.953977e+03 6.902215e+03 6.984177e+03 7.035938e+03
17.3 6.951973e+03 6.894191e+03 6.984363e+03 7.042145e+03
0.3 7.038767e+03 7.035314e+03 6.979305e+03 6.982758e+03
1.3 7.157499e+03 7.011291e+03 7.003981e+03 7.150189e+03
2.3 7.085458e+03 7.045796e+03 7.074388e+03 7.114051e+03
3.3 7.049370e+03 7.026388e+03 7.072362e+03 7.095344e+03
4.3 6.969018e+03 6.979550e+03 7.029763e+03 7.019231e+03
5.3 6.930647e+03 6.954875e+03 6.995047e+03 6.970819e+03
6.3 7.000637e+03 6.943052e+03 6.977024e+03 7.034609e+03
7.3 6.800891e+03 6.932526e+03 6.969248e+03 6.837613e+03
8.3 6.952836e+03 6.933478e+03 6.967780e+03 6.987139e+03
9.3 6.924240e+03 6.953130e+03 6.969319e+03 6.940430e+03
10.3 6.791819e+03 6.965536e+03 6.971699e+03 6.797982e+03
11.3 6.899778e+03 7.018670e+03 6.973565e+03 6.854673e+03
12.3 7.129572e+03 7.034425e+03 6.974699e+03 7.069846e+03
13.3 6.959492e+03 6.995933e+03 6.975172e+03 6.938732e+03
14.3 7.005091e+03 6.957968e+03 6.975273e+03 7.022396e+03
15.3 6.946408e+03 6.963581e+03 6.975188e+03 6.958015e+03
16.3 7.090900e+03 7.055222e+03 6.975019e+03 7.010697e+03
17.3 7.121747e+03 7.077200e+03 6.974824e+03 7.019371e+03
0.4 7.081423e+03 7.032358e+03 6.973968e+03 7.023033e+03
1.4 7.002040e+03 7.028059e+03 7.003900e+03 6.977882e+03
2.4 7.014133e+03 7.053345e+03 7.071208e+03 7.031996e+03
3.4 6.876690e+03 7.021928e+03 7.064755e+03 6.919517e+03
4.4 6.778795e+03 6.968990e+03 7.021887e+03 6.831692e+03
5.4 6.865967e+03 6.950268e+03 6.988639e+03 6.904338e+03
6.4 7.057280e+03 7.006167e+03 6.971773e+03 7.022887e+03
7.4 7.086958e+03 7.020358e+03 6.964874e+03 7.031473e+03
8.4 6.919529e+03 6.981468e+03 6.963859e+03 6.901920e+03
9.4 6.919163e+03 6.965316e+03 6.984503e+03 6.938350e+03
10.4 6.872959e+03 7.019042e+03 7.059491e+03 6.913409e+03
11.4 7.002354e+03 7.019681e+03 7.067544e+03 7.050217e+03
12.4 7.082152e+03 6.986563e+03 7.027573e+03 7.123162e+03
13.4 6.936219e+03 6.956559e+03 6.992179e+03 6.971839e+03
14.4 6.891360e+03 6.933492e+03 6.973443e+03 6.931311e+03
15.4 6.888235e+03 6.919886e+03 6.965299e+03 6.933647e+03
16.4 6.898397e+03 6.948113e+03 6.963762e+03 6.914046e+03
17.4 6.943872e+03 7.026371e+03 6.965478e+03 6.882979e+03
0.2 6.919529e+03 6.981468e+03 6.963859e+03 6.901920e+03
1.2 6.919163e+03 6.965316e+03 6.984503e+03 6.938350e+03
2.2 6.872959e+03 7.019042e+03 7.059491e+03 6.913409e+03
3.2 7.002354e+03 7.019681e+03 7.067544e+03 7.050217e+03
4.2 7.082152e+03 6.986563e+03 7.027573e+03 7.123162e+03
5.2 6.936219e+03 6.956559e+03 6.992179e+03 6.971839e+03
6.2 6.891360e+03 6.933492e+03 6.973443e+03 6.931311e+03
7.2 6.888235e+03 6.919886e+03 6.965299e+03 6.933647e+03
8.2 6.898397e+03 6.948113e+03 6.963762e+03 6.914046e+03
9.2 6.943872e+03 7.026371e+03 6.965478e+03 6.882979e+03
10.2 7.075610e+03 7.039366e+03 6.974711e+03 7.010955e+03
11.2 7.033036e+03 7.062386e+03 7.043121e+03 7.013772e+03
12.2 7.165604e+03 7.056010e+03 7.075394e+03 7.184988e+03
13.2 7.103907e+03 7.001518e+03 7.041010e+03 7.143399e+03
14.2 7.024456e+03 6.956501e+03 7.002011e+03 7.069966e+03
15.2 6.995518e+03 6.987582e+03 6.978467e+03 6.986403e+03
16.2 7.026820e+03 7.060032e+03 6.968031e+03 6.934819e+03
17.2 6.919535e+03 7.045014e+03 6.965042e+03 6.839563e+03
0.9 7.075610e+03 7.039366e+03 6.974711e+03 7.010955e+03
1.9 7.033036e+03 7.062386e+03 7.043121e+03 7.013772e+03
2.9 7.165604e+03 7.056010e+03 7.075394e+03 7.184988e+03
3.9 7.103907e+03 7.001518e+03 7.041010e+03 7.143399e+03
4.9 7.024456e+03 6.956501e+03 7.002011e+03 7.069966e+03
5.9 6.995518e+03 6.987582e+03 6.978467e+03 6.986403e+03
6.9 7.026820e+03 7.060032e+03 6.968031e+03 6.934819e+03
7.9 6.919535e+03 7.045014e+03 6.965042e+03 6.839563e+03
8.9 6.920926e+03 6.990177e+03 6.966257e+03 6.897007e+03
9.9 7.017680e+03 6.951725e+03 6.968978e+03 7.034933e+03
10.9 6.904696e+03 6.933079e+03 6.971657e+03 6.943274e+03
11.9 6.831417e+03 6.927178e+03 6.973560e+03 6.877799e+03
12.9 6.890077e+03 6.975896e+03 6.974790e+03 6.888970e+03
13.9 7.061013e+03 7.058787e+03 6.975536e+03 6.977762e+03
14.9 7.061033e+03 7.042518e+03 6.976040e+03 6.994555e+03
15.9 6.958179e+03 6.940370e+03 6.976439e+03 6.994248e+03
16.9 7.037281e+03 6.894436e+03 6.976797e+03 7.119642e+03
17.9 7.177247e+03 6.963574e+03 6.977150e+03 7.190823e+03
0.6 7.158892e+03 7.011157e+03 6.978682e+03 7.126416e+03
1.6 7.067317e+03 7.026084e+03 7.027603e+03 7.068835e+03
2.6 7.250780e+03 7.059613e+03 7.082305e+03 7.273472e+03
3.6 7.188098e+03 7.064043e+03 7.060276e+03 7.184331e+03
4.6 6.995163e+03 7.093517e+03 7.018230e+03 6.919876e+03
5.6 7.073418e+03 7.059940e+03 6.990325e+03 7.003803e+03
6.6 6.947767e+03 6.985403e+03 6.976458e+03 6.938823e+03
7.6 6.775090e+03 6.896483e+03 6.971859e+03 6.850466e+03
8.6 6.847950e+03 6.874022e+03 6.972340e+03 6.946268e+03
9.6 6.910060e+03 6.899128e+03 6.975057e+03 6.985990e+03
10.6 6.968116e+03 6.936949e+03 6.978047e+03 7.009214e+03
11.6 6.994354e+03 7.034653e+03 6.980461e+03 6.940162e+03
12.6 6.971094e+03 7.080595e+03 6.982079e+03 6.872578e+03
13.6 7.176942e+03 7.058036e+03 6.983168e+03 7.102073e+03
14.6 6.978220e+03 7.033808e+03 6.983934e+03 6.928346e+03
15.6 7.142438e+03 7.004664e+03 6.984555e+03 7.122329e+03
16.6 7.028434e+03 6.986718e+03 6.985117e+03 7.026832e+03
17.6 6.945790e+03 6.973744e+03 6.985646e+03 6.957692e+03
