0.4 9.363366e+03 9.350781e+03 9.432477e+03 9.445062e+03
1.4 9.328485e+03 9.358071e+03 9.438052e+03 9.408466e+03
2.4 9.493622e+03 9.415931e+03 9.458528e+03 9.536218e+03
3.4 9.196471e+03 9.447664e+03 9.461478e+03 9.210285e+03
4.4 9.412846e+03 9.449113e+03 9.449487e+03 9.413220e+03
5.4 9.563740e+03 9.443555e+03 9.438994e+03 9.559179e+03
6.4 9.376736e+03 9.448319e+03 9.433182e+03 9.361599e+03
7.4 9.374986e+03 9.458185e+03 9.430634e+03 9.347435e+03
8.4 9.348847e+03 9.453668e+03 9.430120e+03 9.325299e+03
9.4 9.396055e+03 9.456018e+03 9.430631e+03 9.370668e+03
10.4 9.395276e+03 9.480307e+03 9.431443e+03 9.346412e+03
11.4 9.478753e+03 9.481869e+03 9.437251e+03 9.434135e+03
12.4 9.482935e+03 9.480369e+03 9.456135e+03 9.458701e+03
13.4 9.477769e+03 9.467931e+03 9.458415e+03 9.468252e+03
14.4 9.382297e+03 9.449838e+03 9.447696e+03 9.380155e+03
15.4 9.456945e+03 9.425472e+03 9.438531e+03 9.470004e+03
16.4 9.367579e+03 9.375949e+03 9.433497e+03 9.425127e+03
17.4 9.454549e+03 9.371758e+03 9.431305e+03 9.514096e+03
0.4 9.395276e+03 9.480307e+03 9.431443e+03 9.346412e+03
1.4 9.478753e+03 9.481869e+03 9.437251e+03 9.434135e+03
2.4 9.482935e+03 9.480369e+03 9.456135e+03 9.458701e+03
3.4 9.477769e+03 9.467931e+03 9.458415e+03 9.468252e+03
4.4 9.382297e+03 9.449838e+03 9.447696e+03 9.380155e+03
5.4 9.456945e+03 9.425472e+03 9.438531e+03 9.470004e+03
6.4 9.367579e+03 9.375949e+03 9.433497e+03 9.425127e+03
7.4 9.454549e+03 9.371758e+03 9.431305e+03 9.514096e+03
8.4 9.552439e+03 9.398961e+03 9.430883e+03 9.584361e+03
9.4 9.374813e+03 9.423105e+03 9.431345e+03 9.383053e+03
10.4 9.319886e+03 9.439809e+03 9.432051e+03 9.312128e+03
11.4 9.542453e+03 9.464332e+03 9.432659e+03 9.510780e+03
12.4 9.589160e+03 9.472140e+03 9.433074e+03 9.550094e+03
13.4 9.421871e+03 9.498604e+03 9.433305e+03 9.356572e+03
14.4 9.584888e+03 9.535152e+03 9.433428e+03 9.483164e+03
15.4 9.613983e+03 9.511765e+03 9.433490e+03 9.535708e+03
16.4 9.752355e+03 9.481758e+03 9.433524e+03 9.704122e+03
17.4 9.539918e+03 9.482548e+03 9.433545e+03 9.490916e+03
0.8 9.342690e+03 9.377413e+03 9.433956e+03 9.399234e+03
1.8 9.390960e+03 9.427392e+03 9.448182e+03 9.411750e+03
2.8 9.571054e+03 9.463960e+03 9.462830e+03 9.569924e+03
3.8 9.447597e+03 9.457598e+03 9.456658e+03 9.446657e+03
4.8 9.449893e+03 9.403386e+03 9.444282e+03 9.490789e+03
5.8 9.356323e+03 9.389773e+03 9.436170e+03 9.402720e+03
6.8 9.507908e+03 9.411816e+03 9.432053e+03 9.528145e+03
7.8 9.509201e+03 9.443832e+03 9.430584e+03 9.495953e+03
8.8 9.318018e+03 9.459575e+03 9.430549e+03 9.288992e+03
9.8 9.421910e+03 9.423061e+03 9.431164e+03 9.430013e+03
10.8 9.274087e+03 9.362754e+03 9.431835e+03 9.343168e+03
11.8 9.303980e+03 9.374983e+03 9.432334e+03 9.361331e+03
12.8 9.382646e+03 9.422227e+03 9.432604e+03 9.393023e+03
13.8 9.319751e+03 9.444062e+03 9.432719e+03 9.308408e+03
14.8 9.392396e+03 9.394704e+03 9.432745e+03 9.430437e+03
15.8 9.548064e+03 9.359139e+03 9.433296e+03 9.622222e+03
16.8 9.495289e+03 9.396234e+03 9.446277e+03 9.545332e+03
17.8 9.458277e+03 9.438982e+03 9.457276e+03 9.476571e+03
0.8 9.548064e+03 9.359139e+03 9.433296e+03 9.622222e+03
1.8 9.495289e+03 9.396234e+03 9.446277e+03 9.545332e+03
2.8 9.458277e+03 9.438982e+03 9.457276e+03 9.476571e+03
3.8 9.322098e+03 9.451063e+03 9.451103e+03 9.322138e+03
4.8 9.269577e+03 9.446800e+03 9.440932e+03 9.263709e+03
5.8 9.428062e+03 9.442698e+03 9.434525e+03 9.419889e+03
6.8 9.447531e+03 9.443435e+03 9.431323e+03 9.435419e+03
7.8 9.621219e+03 9.460956e+03 9.430213e+03 9.590476e+03
8.8 9.499456e+03 9.467386e+03 9.430227e+03 9.462298e+03
9.8 9.548982e+03 9.489957e+03 9.430735e+03 9.489760e+03
10.8 9.583475e+03 9.528443e+03 9.431265e+03 9.486296e+03
11.8 9.493185e+03 9.514558e+03 9.431648e+03 9.410274e+03
12.8 9.367535e+03 9.493838e+03 9.431843e+03 9.305541e+03
13.8 9.500194e+03 9.467965e+03 9.431914e+03 9.464144e+03
14.8 9.561518e+03 9.453873e+03 9.431916e+03 9.539561e+03
15.8 9.481104e+03 9.499094e+03 9.431882e+03 9.413893e+03
16.8 9.607478e+03 9.509096e+03 9.431834e+03 9.530215e+03
17.8 9.636307e+03 9.476562e+03 9.431780e+03 9.591524e+03
0.1 9.518059e+03 9.447294e+03 9.431726e+03 9.502490e+03
1.1 9.498299e+03 9.434147e+03 9.434332e+03 9.498483e+03
2.1 9.380397e+03 9.445787e+03 9.452039e+03 9.386650e+03
3.1 9.467903e+03 9.451978e+03 9.459141e+03 9.475066e+03
4.1 9.471369e+03 9.442116e+03 9.449402e+03 9.478656e+03
5.1 9.506098e+03 9.397248e+03 9.438855e+03 9.547705e+03
6.1 9.380566e+03 9.365766e+03 9.432496e+03 9.447297e+03
7.1 9.355247e+03 9.383473e+03 9.430133e+03 9.401907e+03
8.1 9.413884e+03 9.423896e+03 9.443337e+03 9.433326e+03
9.1 9.429607e+03 9.456880e+03 9.459956e+03 9.432684e+03
10.1 9.362229e+03 9.459757e+03 9.454997e+03 9.357469e+03
11.1 9.495910e+03 9.448485e+03 9.442513e+03 9.489938e+03
12.1 9.323311e+03 9.437123e+03 9.434105e+03 9.320292e+03
13.1 9.460556e+03 9.431842e+03 9.429815e+03 9.458528e+03
14.1 9.522419e+03 9.436526e+03 9.428276e+03 9.514169e+03
15.1 9.289637e+03 9.462234e+03 9.428240e+03 9.255642e+03
16.1 9.481565e+03 9.469372e+03 9.428903e+03 9.441096e+03
17.1 9.532868e+03 9.403278e+03 9.429642e+03 9.559232e+03
0.8 9.355247e+03 9.383473e+03 9.430133e+03 9.401907e+03
1.8 9.413884e+03 9.423896e+03 9.443337e+03 9.433326e+03
2.8 9.429607e+03 9.456880e+03 9.459956e+03 9.432684e+03
3.8 9.362229e+03 9.459757e+03 9.454997e+03 9.357469e+03
4.8 9.495910e+03 9.448485e+03 9.442513e+03 9.489938e+03
5.8 9.323311e+03 9.437123e+03 9.434105e+03 9.320292e+03
6.8 9.460556e+03 9.431842e+03 9.429815e+03 9.458528e+03
7.8 9.522419e+03 9.436526e+03 9.428276e+03 9.514169e+03
8.8 9.289637e+03 9.462234e+03 9.428240e+03 9.255642e+03
9.8 9.481565e+03 9.469372e+03 9.428903e+03 9.441096e+03
10.8 9.532868e+03 9.403278e+03 9.429642e+03 9.559232e+03
11.8 9.442395e+03 9.346605e+03 9.430210e+03 9.526000e+03
12.8 9.290336e+03 9.364657e+03 9.430534e+03 9.356213e+03
13.8 9.435825e+03 9.399098e+03 9.430691e+03 9.467418e+03
14.8 9.423748e+03 9.423057e+03 9.430753e+03 9.431445e+03
15.8 9.469477e+03 9.448094e+03 9.430768e+03 9.452150e+03
16.8 9.480553e+03 9.474447e+03 9.430764e+03 9.436870e+03
17.8 9.414647e+03 9.481314e+03 9.430755e+03 9.364089e+03
0.1 9.399125e+03 9.523813e+03 9.430747e+03 9.306059e+03
1.1 9.501829e+03 9.528290e+03 9.433402e+03 9.406941e+03
2.1 9.550836e+03 9.511232e+03 9.455851e+03 9.495455e+03
3.1 9.515825e+03 9.496565e+03 9.476143e+03 9.495403e+03
4.1 9.435837e+03 9.444038e+03 9.466160e+03 9.457958e+03
5.1 9.343709e+03 9.379627e+03 9.447788e+03 9.411870e+03
6.1 9.346982e+03 9.375238e+03 9.435065e+03 9.406810e+03
7.1 9.382776e+03 9.405184e+03 9.428966e+03 9.406559e+03
8.1 9.353025e+03 9.447227e+03 9.426770e+03 9.332569e+03
9.1 9.603982e+03 9.457153e+03 9.426859e+03 9.573688e+03
10.1 9.319641e+03 9.393725e+03 9.427896e+03 9.353812e+03
11.1 9.278506e+03 9.348321e+03 9.429069e+03 9.359254e+03
12.1 9.587233e+03 9.372152e+03 9.430595e+03 9.645676e+03
13.1 9.320993e+03 9.422855e+03 9.447098e+03 9.345236e+03
14.1 9.455383e+03 9.465147e+03 9.468353e+03 9.458589e+03
15.1 9.422780e+03 9.470722e+03 9.463402e+03 9.415460e+03
16.1 9.342803e+03 9.457061e+03 9.447367e+03 9.333109e+03
17.1 9.426070e+03 9.409814e+03 9.436031e+03 9.452287e+03
0.9 9.587233e+03 9.372152e+03 9.430595e+03 9.645676e+03
1.9 9.320993e+03 9.422855e+03 9.447098e+03 9.345236e+03
2.9 9.455383e+03 9.465147e+03 9.468353e+03 9.458589e+03
3.9 9.422780e+03 9.470722e+03 9.463402e+03 9.415460e+03
4.9 9.342803e+03 9.457061e+03 9.447367e+03 9.333109e+03
5.9 9.426070e+03 9.409814e+03 9.436031e+03 9.452287e+03
6.9 9.296290e+03 9.373669e+03 9.430137e+03 9.352758e+03
7.9 9.401225e+03 9.395975e+03 9.427985e+03 9.433235e+03
8.9 9.387269e+03 9.435114e+03 9.427874e+03 9.380029e+03
9.9 9.618835e+03 9.449614e+03 9.428738e+03 9.597959e+03
10.9 9.529777e+03 9.458815e+03 9.429753e+03 9.500715e+03
11.9 9.533866e+03 9.485294e+03 9.430574e+03 9.479146e+03
12.9 9.482129e+03 9.480660e+03 9.431099e+03 9.432567e+03
13.9 9.497138e+03 9.464382e+03 9.436591e+03 9.469347e+03
14.9 9.467164e+03 9.472224e+03 9.461488e+03 9.456428e+03
15.9 9.601480e+03 9.472561e+03 9.470461e+03 9.599380e+03
16.9 9.593293e+03 9.455221e+03 9.456679e+03 9.594751e+03
17.9 9.372246e+03 9.426353e+03 9.442084e+03 9.387977e+03
0.4 9.482129e+03 9.480660e+03 9.431099e+03 9.432567e+03
1.4 9.497138e+03 9.464382e+03 9.436591e+03 9.469347e+03
2.4 9.467164e+03 9.472224e+03 9.461488e+03 9.456428e+03
3.4 9.601480e+03 9.472561e+03 9.470461e+03 9.599380e+03
4.4 9.593293e+03 9.455221e+03 9.456679e+03 9.594751e+03
5.4 9.372246e+03 9.426353e+03 9.442084e+03 9.387977e+03
6.4 9.322525e+03 9.374098e+03 9.433487e+03 9.381914e+03
7.4 9.354338e+03 9.371327e+03 9.429526e+03 9.412537e+03
8.4 9.428450e+03 9.411312e+03 9.428511e+03 9.445649e+03
9.4 9.428869e+03 9.439301e+03 9.429027e+03 9.418595e+03
10.4 9.474821e+03 9.407247e+03 9.430071e+03 9.497645e+03
11.4 9.328867e+03 9.353776e+03 9.431049e+03 9.406140e+03
12.4 9.465366e+03 9.373126e+03 9.431758e+03 9.523998e+03
13.4 9.718859e+03 9.432811e+03 9.432182e+03 9.718231e+03
14.4 9.396790e+03 9.462732e+03 9.432431e+03 9.366489e+03
15.4 9.335076e+03 9.447633e+03 9.432580e+03 9.320023e+03
16.4 9.311409e+03 9.372065e+03 9.432683e+03 9.372027e+03
17.4 9.214780e+03 9.348087e+03 9.432766e+03 9.299459e+03
0.2 9.348071e+03 9.465522e+03 9.433494e+03 9.316043e+03
1.2 9.492113e+03 9.470404e+03 9.437328e+03 9.459037e+03
2.2 9.474011e+03 9.473434e+03 9.458794e+03 9.459370e+03
3.2 9.600812e+03 9.466756e+03 9.467737e+03 9.601794e+03
4.2 9.412688e+03 9.445079e+03 9.456006e+03 9.423615e+03
5.2 9.518999e+03 9.426106e+03 9.442734e+03 9.535627e+03
6.2 9.518053e+03 9.425278e+03 9.435115e+03 9.527890e+03
7.2 9.599089e+03 9.440563e+03 9.431616e+03 9.590142e+03
8.2 9.483391e+03 9.444976e+03 9.430600e+03 9.469014e+03
9.2 9.435914e+03 9.465300e+03 9.430960e+03 9.401574e+03
10.2 9.485199e+03 9.471463e+03 9.431822e+03 9.445558e+03
11.2 9.630861e+03 9.452272e+03 9.432610e+03 9.611199e+03
12.2 9.617785e+03 9.433874e+03 9.433149e+03 9.617060e+03
13.2 9.525718e+03 9.435384e+03 9.433455e+03 9.523788e+03
14.2 9.737121e+03 9.448730e+03 9.433590e+03 9.721981e+03
15.2 9.364067e+03 9.444394e+03 9.433637e+03 9.353310e+03
16.2 9.276965e+03 9.430067e+03 9.433636e+03 9.280534e+03
17.2 9.234364e+03 9.372491e+03 9.433614e+03 9.295487e+03
0.6 9.490094e+03 9.331981e+03 9.430896e+03 9.589008e+03
1.6 9.460109e+03 9.350708e+03 9.439416e+03 9.548817e+03
2.6 9.424847e+03 9.414206e+03 9.463148e+03 9.473789e+03
3.6 9.420606e+03 9.444085e+03 9.464657e+03 9.441179e+03
4.6 9.454802e+03 9.442152e+03 9.449578e+03 9.462227e+03
5.6 9.468352e+03 9.436579e+03 9.438120e+03 9.469893e+03
6.6 9.440667e+03 9.449425e+03 9.447520e+03 9.438762e+03
7.6 9.451395e+03 9.460027e+03 9.457065e+03 9.448433e+03
8.6 9.467578e+03 9.450685e+03 9.447977e+03 9.464870e+03
9.6 9.584434e+03 9.436338e+03 9.435921e+03 9.584018e+03
10.6 9.425227e+03 9.427063e+03 9.428937e+03 9.427101e+03
11.6 9.325970e+03 9.425168e+03 9.425780e+03 9.326582e+03
12.6 9.501326e+03 9.426681e+03 9.424787e+03 9.499432e+03
1.0 9.468352e+03 9.436579e+03 9.438120e+03 9.469893e+03
2.0 9.440667e+03 9.449425e+03 9.447520e+03 9.438762e+03
3.0 9.451395e+03 9.460027e+03 9.457065e+03 9.448433e+03
4.0 9.467578e+03 9.450685e+03 9.447977e+03 9.464870e+03
5.0 9.584434e+03 9.436338e+03 9.435921e+03 9.584018e+03
6.0 9.425227e+03 9.427063e+03 9.428937e+03 9.427101e+03
7.0 9.325970e+03 9.425168e+03 9.425780e+03 9.326582e+03
8.0 9.501326e+03 9.426681e+03 9.424787e+03 9.499432e+03
