0.2 1.186117e+04 1.177946e+04 1.181245e+04 1.189416e+04
1.2 1.178911e+04 1.171383e+04 1.183864e+04 1.191393e+04
2.2 1.183261e+04 1.176221e+04 1.193080e+04 1.200120e+04
3.2 1.175542e+04 1.175525e+04 1.193749e+04 1.193766e+04
4.2 1.166931e+04 1.170328e+04 1.188324e+04 1.184928e+04
5.2 1.157735e+04 1.166528e+04 1.183666e+04 1.174873e+04
6.2 1.169473e+04 1.168025e+04 1.181216e+04 1.182664e+04
7.2 1.190198e+04 1.184380e+04 1.180164e+04 1.185981e+04
8.2 1.190465e+04 1.189602e+04 1.179942e+04 1.180805e+04
9.2 1.191606e+04 1.187025e+04 1.180151e+04 1.184732e+04
10.2 1.181455e+04 1.186209e+04 1.180488e+04 1.175733e+04
11.2 1.173867e+04 1.178409e+04 1.180764e+04 1.176223e+04
12.2 1.192295e+04 1.178093e+04 1.180942e+04 1.195144e+04
13.2 1.192071e+04 1.197504e+04 1.181039e+04 1.175606e+04
14.2 1.189966e+04 1.199638e+04 1.181082e+04 1.171410e+04
15.2 1.190350e+04 1.193654e+04 1.181098e+04 1.177795e+04
16.2 1.185490e+04 1.185681e+04 1.181102e+04 1.180911e+04
17.2 1.162914e+04 1.174528e+04 1.181101e+04 1.169487e+04
0.2 1.203318e+04 1.190460e+04 1.181072e+04 1.193930e+04
1.2 1.197513e+04 1.186403e+04 1.183326e+04 1.194436e+04
2.2 1.192796e+04 1.184926e+04 1.192765e+04 1.200634e+04
3.2 1.190940e+04 1.179255e+04 1.193805e+04 1.205490e+04
4.2 1.166980e+04 1.173023e+04 1.188335e+04 1.182293e+04
5.2 1.180042e+04 1.182973e+04 1.183719e+04 1.180788e+04
6.2 1.191530e+04 1.187047e+04 1.181188e+04 1.185671e+04
7.2 1.187081e+04 1.181659e+04 1.180073e+04 1.185496e+04
8.2 1.181901e+04 1.178510e+04 1.179841e+04 1.183231e+04
9.2 1.169839e+04 1.178254e+04 1.180050e+04 1.171635e+04
10.2 1.181426e+04 1.188559e+04 1.180382e+04 1.173249e+04
11.2 1.185814e+04 1.186576e+04 1.180665e+04 1.179904e+04
12.2 1.183923e+04 1.181231e+04 1.180852e+04 1.183544e+04
13.2 1.173408e+04 1.177346e+04 1.180947e+04 1.177009e+04
14.2 1.190216e+04 1.182399e+04 1.180991e+04 1.188808e+04
15.2 1.180481e+04 1.187527e+04 1.181005e+04 1.173960e+04
16.2 1.186321e+04 1.182183e+04 1.181007e+04 1.185145e+04
17.2 1.185619e+04 1.181515e+04 1.181003e+04 1.185107e+04
0.8 1.186458e+04 1.179752e+04 1.181174e+04 1.187880e+04
1.8 1.185558e+04 1.178418e+04 1.188759e+04 1.195900e+04
2.8 1.179843e+04 1.178751e+04 1.194374e+04 1.195466e+04
3.8 1.161693e+04 1.172993e+04 1.190473e+04 1.179174e+04
4.8 1.169915e+04 1.179540e+04 1.184975e+04 1.175349e+04
5.8 1.194424e+04 1.191254e+04 1.181645e+04 1.184815e+04
6.8 1.173122e+04 1.185233e+04 1.180043e+04 1.167932e+04
7.8 1.177353e+04 1.177776e+04 1.179491e+04 1.179067e+04
8.8 1.179268e+04 1.178108e+04 1.179547e+04 1.180707e+04
9.8 1.176295e+04 1.173130e+04 1.179850e+04 1.183015e+04
10.8 1.156292e+04 1.172218e+04 1.180152e+04 1.164227e+04
11.8 1.188963e+04 1.191917e+04 1.180367e+04 1.177413e+04
12.8 1.193657e+04 1.198873e+04 1.180489e+04 1.175272e+04
13.8 1.210919e+04 1.193316e+04 1.180540e+04 1.198143e+04
14.8 1.186525e+04 1.185708e+04 1.180554e+04 1.181371e+04
15.8 1.150026e+04 1.174279e+04 1.180550e+04 1.156297e+04
16.8 1.153590e+04 1.165417e+04 1.180539e+04 1.168712e+04
17.8 1.155237e+04 1.161342e+04 1.180525e+04 1.174420e+04
0.5 1.188404e+04 1.204785e+04 1.180483e+04 1.164102e+04
1.5 1.190271e+04 1.197755e+04 1.185574e+04 1.178090e+04
2.5 1.179875e+04 1.188555e+04 1.193622e+04 1.184942e+04
3.5 1.176847e+04 1.175620e+04 1.191673e+04 1.192900e+04
4.5 1.168975e+04 1.171905e+04 1.186083e+04 1.183153e+04
5.5 1.177060e+04 1.186840e+04 1.182047e+04 1.172266e+04
6.5 1.208313e+04 1.187434e+04 1.180061e+04 1.200940e+04
7.5 1.187748e+04 1.184198e+04 1.179292e+04 1.182842e+04
8.5 1.173135e+04 1.180041e+04 1.179235e+04 1.172329e+04
9.5 1.174348e+04 1.171763e+04 1.179512e+04 1.182097e+04
10.5 1.181723e+04 1.178850e+04 1.179856e+04 1.182730e+04
11.5 1.190458e+04 1.194375e+04 1.180118e+04 1.176202e+04
12.5 1.177150e+04 1.188902e+04 1.180283e+04 1.168531e+04
13.5 1.174257e+04 1.175051e+04 1.180696e+04 1.179902e+04
14.5 1.173303e+04 1.172942e+04 1.188143e+04 1.188505e+04
15.5 1.181265e+04 1.174407e+04 1.194062e+04 1.200920e+04
16.5 1.170509e+04 1.178813e+04 1.190335e+04 1.182032e+04
17.5 1.186704e+04 1.190297e+04 1.184950e+04 1.181357e+04
0.8 1.174257e+04 1.175051e+04 1.180696e+04 1.179902e+04
1.8 1.173303e+04 1.172942e+04 1.188143e+04 1.188505e+04
2.8 1.181265e+04 1.174407e+04 1.194062e+04 1.200920e+04
3.8 1.170509e+04 1.178813e+04 1.190335e+04 1.182032e+04
4.8 1.186704e+04 1.190297e+04 1.184950e+04 1.181357e+04
5.8 1.203885e+04 1.185233e+04 1.181491e+04 1.200143e+04
6.8 1.182737e+04 1.178420e+04 1.179890e+04 1.184208e+04
7.8 1.202990e+04 1.184782e+04 1.179354e+04 1.197562e+04
8.8 1.165955e+04 1.180491e+04 1.179438e+04 1.164901e+04
9.8 1.177357e+04 1.174973e+04 1.179767e+04 1.182152e+04
10.8 1.197212e+04 1.190166e+04 1.180118e+04 1.187163e+04
11.8 1.204285e+04 1.195192e+04 1.180373e+04 1.189466e+04
12.8 1.174924e+04 1.181964e+04 1.180538e+04 1.173498e+04
13.8 1.166489e+04 1.171939e+04 1.183465e+04 1.178014e+04
14.8 1.176069e+04 1.174066e+04 1.192712e+04 1.194714e+04
15.8 1.168746e+04 1.174129e+04 1.193174e+04 1.187791e+04
16.8 1.182866e+04 1.184132e+04 1.187759e+04 1.186493e+04
17.8 1.185756e+04 1.186452e+04 1.183198e+04 1.182502e+04
0.3 1.174924e+04 1.181964e+04 1.180538e+04 1.173498e+04
1.3 1.166489e+04 1.171939e+04 1.183465e+04 1.178014e+04
2.3 1.176069e+04 1.174066e+04 1.192712e+04 1.194714e+04
3.3 1.168746e+04 1.174129e+04 1.193174e+04 1.187791e+04
4.3 1.182866e+04 1.184132e+04 1.187759e+04 1.186493e+04
5.3 1.185756e+04 1.186452e+04 1.183198e+04 1.182502e+04
6.3 1.186152e+04 1.180150e+04 1.180834e+04 1.186836e+04
7.3 1.185431e+04 1.175901e+04 1.179850e+04 1.189380e+04
8.3 1.176126e+04 1.175777e+04 1.179685e+04 1.180034e+04
9.3 1.194000e+04 1.193781e+04 1.179942e+04 1.180161e+04
10.3 1.203765e+04 1.196685e+04 1.180320e+04 1.187400e+04
11.3 1.187108e+04 1.183830e+04 1.180635e+04 1.183914e+04
12.3 1.186342e+04 1.180196e+04 1.180852e+04 1.186998e+04
13.3 1.165673e+04 1.176618e+04 1.180987e+04 1.170043e+04
14.3 1.182806e+04 1.183376e+04 1.181069e+04 1.180498e+04
15.3 1.183838e+04 1.188958e+04 1.181124e+04 1.176004e+04
16.3 1.191911e+04 1.185827e+04 1.181168e+04 1.187252e+04
17.3 1.189599e+04 1.189127e+04 1.181206e+04 1.181677e+04
