0.9 1.337498e+04 1.347499e+04 1.323113e+04 1.313111e+04
1.9 1.322259e+04 1.336376e+04 1.331067e+04 1.316950e+04
2.9 1.315471e+04 1.324341e+04 1.335069e+04 1.326198e+04
3.9 1.295570e+04 1.311742e+04 1.330978e+04 1.314806e+04
4.9 1.267235e+04 1.304095e+04 1.326005e+04 1.289144e+04
5.9 1.301281e+04 1.317180e+04 1.323105e+04 1.307206e+04
6.9 1.331184e+04 1.333366e+04 1.321726e+04 1.319544e+04
7.9 1.334827e+04 1.329172e+04 1.321318e+04 1.326973e+04
8.9 1.350235e+04 1.326486e+04 1.321420e+04 1.345168e+04
9.9 1.333319e+04 1.322518e+04 1.321724e+04 1.332525e+04
10.9 1.330863e+04 1.336104e+04 1.322014e+04 1.316773e+04
11.9 1.329725e+04 1.340075e+04 1.322222e+04 1.311872e+04
12.9 1.304843e+04 1.325477e+04 1.322689e+04 1.302056e+04
13.9 1.303739e+04 1.318187e+04 1.329830e+04 1.315381e+04
14.9 1.316251e+04 1.315526e+04 1.335104e+04 1.335830e+04
15.9 1.312113e+04 1.309527e+04 1.331503e+04 1.334089e+04
16.9 1.324927e+04 1.318784e+04 1.326408e+04 1.332551e+04
17.9 1.347955e+04 1.331744e+04 1.323332e+04 1.339543e+04
0.8 1.304843e+04 1.325477e+04 1.322689e+04 1.302056e+04
1.8 1.303739e+04 1.318187e+04 1.329830e+04 1.315381e+04
2.8 1.316251e+04 1.315526e+04 1.335104e+04 1.335830e+04
3.8 1.312113e+04 1.309527e+04 1.331503e+04 1.334089e+04
4.8 1.324927e+04 1.318784e+04 1.326408e+04 1.332551e+04
5.8 1.347955e+04 1.331744e+04 1.323332e+04 1.339543e+04
6.8 1.337331e+04 1.326650e+04 1.321864e+04 1.332545e+04
7.8 1.340460e+04 1.320953e+04 1.321374e+04 1.340882e+04
8.8 1.320213e+04 1.314029e+04 1.321452e+04 1.327636e+04
9.8 1.301391e+04 1.309784e+04 1.321760e+04 1.313367e+04
10.8 1.328966e+04 1.326432e+04 1.322066e+04 1.324600e+04
11.8 1.338378e+04 1.333527e+04 1.322290e+04 1.327141e+04
12.8 1.331138e+04 1.327545e+04 1.322427e+04 1.326020e+04
13.8 1.321072e+04 1.324485e+04 1.322499e+04 1.319087e+04
14.8 1.324006e+04 1.323608e+04 1.322538e+04 1.322936e+04
15.8 1.321645e+04 1.336474e+04 1.322559e+04 1.307730e+04
16.8 1.319547e+04 1.333055e+04 1.322573e+04 1.309065e+04
17.8 1.321520e+04 1.326586e+04 1.322584e+04 1.317518e+04
0.8 1.336988e+04 1.348127e+04 1.322765e+04 1.311626e+04
1.8 1.360483e+04 1.338439e+04 1.329646e+04 1.351691e+04
2.8 1.329496e+04 1.326223e+04 1.335121e+04 1.338394e+04
3.8 1.306010e+04 1.312821e+04 1.331623e+04 1.324812e+04
4.8 1.284812e+04 1.303374e+04 1.326582e+04 1.308020e+04
5.8 1.289275e+04 1.299357e+04 1.323334e+04 1.313252e+04
6.8 1.321670e+04 1.313745e+04 1.321817e+04 1.329742e+04
7.8 1.337416e+04 1.339481e+04 1.321290e+04 1.319226e+04
8.8 1.342220e+04 1.337984e+04 1.321341e+04 1.325577e+04
9.8 1.331225e+04 1.333302e+04 1.321622e+04 1.319545e+04
10.8 1.336898e+04 1.326567e+04 1.321921e+04 1.332252e+04
11.8 1.337941e+04 1.337147e+04 1.322131e+04 1.322925e+04
12.8 1.345395e+04 1.349424e+04 1.322256e+04 1.318227e+04
13.8 1.328804e+04 1.338975e+04 1.322317e+04 1.312146e+04
14.8 1.321683e+04 1.324819e+04 1.322343e+04 1.319207e+04
15.8 1.300267e+04 1.310937e+04 1.322352e+04 1.311682e+04
16.8 1.317944e+04 1.310178e+04 1.322353e+04 1.330120e+04
17.8 1.324088e+04 1.331988e+04 1.322353e+04 1.314453e+04
0.9 1.360973e+04 1.333660e+04 1.322820e+04 1.350134e+04
1.9 1.330534e+04 1.326520e+04 1.330249e+04 1.334263e+04
2.9 1.323795e+04 1.318953e+04 1.334997e+04 1.339839e+04
3.9 1.305897e+04 1.309643e+04 1.331138e+04 1.327392e+04
4.9 1.324096e+04 1.318734e+04 1.326101e+04 1.331463e+04
5.9 1.338232e+04 1.337241e+04 1.323116e+04 1.324107e+04
6.9 1.335996e+04 1.331335e+04 1.321707e+04 1.326367e+04
7.9 1.320675e+04 1.315453e+04 1.321252e+04 1.326474e+04
8.9 1.315707e+04 1.309705e+04 1.321345e+04 1.327347e+04
9.9 1.301612e+04 1.308704e+04 1.321653e+04 1.314561e+04
10.9 1.307204e+04 1.317372e+04 1.321952e+04 1.311785e+04
11.9 1.346029e+04 1.336403e+04 1.322165e+04 1.331791e+04
12.9 1.357572e+04 1.331597e+04 1.322294e+04 1.348269e+04
13.9 1.354714e+04 1.321128e+04 1.322360e+04 1.355946e+04
14.9 1.355246e+04 1.324066e+04 1.322395e+04 1.353575e+04
15.9 1.305962e+04 1.318247e+04 1.322414e+04 1.310129e+04
16.9 1.321472e+04 1.313058e+04 1.322427e+04 1.330841e+04
17.9 1.325368e+04 1.331675e+04 1.322439e+04 1.316132e+04
0.1 1.349396e+04 1.345107e+04 1.322584e+04 1.326873e+04
1.1 1.333366e+04 1.327366e+04 1.324083e+04 1.330083e+04
2.1 1.319084e+04 1.318702e+04 1.332637e+04 1.333020e+04
3.1 1.309580e+04 1.313192e+04 1.334805e+04 1.331193e+04
4.1 1.326624e+04 1.325042e+04 1.330071e+04 1.331653e+04
5.1 1.330681e+04 1.335078e+04 1.325463e+04 1.321066e+04
6.1 1.330718e+04 1.329620e+04 1.322948e+04 1.324046e+04
7.1 1.326740e+04 1.329008e+04 1.321834e+04 1.319567e+04
8.1 1.312452e+04 1.319148e+04 1.321558e+04 1.314862e+04
9.1 1.303244e+04 1.306957e+04 1.321735e+04 1.318022e+04
10.1 1.304855e+04 1.305087e+04 1.322064e+04 1.321832e+04
11.1 1.327384e+04 1.326313e+04 1.322352e+04 1.323423e+04
12.1 1.351283e+04 1.332039e+04 1.322549e+04 1.341792e+04
13.1 1.332371e+04 1.318959e+04 1.322665e+04 1.336078e+04
14.1 1.300500e+04 1.310647e+04 1.322726e+04 1.312578e+04
15.1 1.318153e+04 1.318656e+04 1.322758e+04 1.322255e+04
16.1 1.318768e+04 1.321129e+04 1.322777e+04 1.320415e+04
17.1 1.333179e+04 1.334445e+04 1.322789e+04 1.321524e+04
0.5 1.332288e+04 1.337759e+04 1.322562e+04 1.317092e+04
1.5 1.338900e+04 1.330928e+04 1.327526e+04 1.335498e+04
2.5 1.326961e+04 1.325324e+04 1.334840e+04 1.336477e+04
3.5 1.347573e+04 1.325041e+04 1.332939e+04 1.355471e+04
4.5 1.342234e+04 1.341321e+04 1.327599e+04 1.328511e+04
5.5 1.344810e+04 1.339288e+04 1.323940e+04 1.329461e+04
6.5 1.341329e+04 1.326820e+04 1.322042e+04 1.336552e+04
7.5 1.314869e+04 1.317463e+04 1.321328e+04 1.318735e+04
8.5 1.336078e+04 1.326520e+04 1.321263e+04 1.330822e+04
9.5 1.334823e+04 1.335502e+04 1.321509e+04 1.320829e+04
10.5 1.337299e+04 1.326033e+04 1.321800e+04 1.333066e+04
11.5 1.311994e+04 1.316714e+04 1.322028e+04 1.317307e+04
12.5 1.306188e+04 1.313471e+04 1.322158e+04 1.314875e+04
13.5 1.310748e+04 1.309859e+04 1.322220e+04 1.323109e+04
14.5 1.313017e+04 1.307144e+04 1.322243e+04 1.328117e+04
