0.3 9.283324e+03 9.354060e+03 9.365641e+03 9.294906e+03
1.3 9.442097e+03 9.361343e+03 9.366688e+03 9.447441e+03
2.3 9.298491e+03 9.369680e+03 9.369392e+03 9.298203e+03
3.3 9.383535e+03 9.376123e+03 9.369329e+03 9.376740e+03
4.3 9.344871e+03 9.386816e+03 9.367638e+03 9.325693e+03
5.3 9.390012e+03 9.387504e+03 9.366337e+03 9.368845e+03
6.3 9.483942e+03 9.380869e+03 9.365637e+03 9.468710e+03
7.3 9.304927e+03 9.360921e+03 9.365361e+03 9.309366e+03
8.3 9.300157e+03 9.307578e+03 9.365320e+03 9.357899e+03
9.3 9.281463e+03 9.302578e+03 9.365399e+03 9.344284e+03
10.3 9.325697e+03 9.331882e+03 9.365506e+03 9.359322e+03
11.3 9.249547e+03 9.357541e+03 9.365597e+03 9.257603e+03
12.3 9.360591e+03 9.367116e+03 9.365656e+03 9.359131e+03
13.3 9.359838e+03 9.350401e+03 9.365691e+03 9.375127e+03
14.3 9.395193e+03 9.344940e+03 9.365711e+03 9.415964e+03
15.3 9.361555e+03 9.346689e+03 9.365723e+03 9.380589e+03
16.3 9.345355e+03 9.344942e+03 9.365732e+03 9.366145e+03
17.3 9.249629e+03 9.355013e+03 9.365739e+03 9.260355e+03
0.3 9.471240e+03 9.345785e+03 9.365541e+03 9.490996e+03
1.3 9.482791e+03 9.366442e+03 9.366506e+03 9.482856e+03
2.3 9.365741e+03 9.380460e+03 9.369260e+03 9.354542e+03
3.3 9.406261e+03 9.384197e+03 9.369181e+03 9.391245e+03
4.3 9.508819e+03 9.385421e+03 9.367515e+03 9.490913e+03
5.3 9.536690e+03 9.396306e+03 9.366157e+03 9.506541e+03
6.3 9.595925e+03 9.398818e+03 9.365452e+03 9.562559e+03
7.3 9.497979e+03 9.389364e+03 9.365148e+03 9.473762e+03
8.3 9.234396e+03 9.364795e+03 9.365090e+03 9.234690e+03
9.3 9.293729e+03 9.309448e+03 9.365150e+03 9.349431e+03
10.3 9.373158e+03 9.302498e+03 9.365243e+03 9.435904e+03
11.3 9.482473e+03 9.317517e+03 9.365316e+03 9.530272e+03
12.3 9.349137e+03 9.337348e+03 9.365361e+03 9.377149e+03
13.3 9.402754e+03 9.359385e+03 9.365379e+03 9.408748e+03
14.3 9.359285e+03 9.374700e+03 9.365383e+03 9.349968e+03
15.3 9.201555e+03 9.371616e+03 9.365380e+03 9.195319e+03
16.3 9.153415e+03 9.339693e+03 9.365373e+03 9.179096e+03
17.3 9.213601e+03 9.330085e+03 9.365366e+03 9.248881e+03
0.4 9.364214e+03 9.371613e+03 9.365332e+03 9.357934e+03
1.4 9.312351e+03 9.362811e+03 9.366503e+03 9.316043e+03
2.4 9.335374e+03 9.366587e+03 9.369136e+03 9.337923e+03
3.4 9.495116e+03 9.369474e+03 9.368884e+03 9.494526e+03
4.4 9.479688e+03 9.370879e+03 9.367207e+03 9.476015e+03
5.4 9.427057e+03 9.368385e+03 9.365906e+03 9.424578e+03
6.4 9.470474e+03 9.353508e+03 9.365246e+03 9.482212e+03
7.4 9.275465e+03 9.349811e+03 9.364976e+03 9.290630e+03
8.4 9.376299e+03 9.358796e+03 9.364937e+03 9.382440e+03
9.4 9.420752e+03 9.368019e+03 9.365744e+03 9.418477e+03
10.4 9.426177e+03 9.375766e+03 9.368678e+03 9.419088e+03
11.4 9.350863e+03 9.380218e+03 9.368993e+03 9.339638e+03
12.4 9.415590e+03 9.391071e+03 9.367429e+03 9.391948e+03
13.4 9.320755e+03 9.394446e+03 9.366045e+03 9.292353e+03
14.4 9.435085e+03 9.396997e+03 9.365312e+03 9.403400e+03
15.4 9.377924e+03 9.401308e+03 9.364993e+03 9.341609e+03
16.4 9.424223e+03 9.385127e+03 9.364933e+03 9.404028e+03
17.4 9.369802e+03 9.356900e+03 9.365000e+03 9.377902e+03
0.2 9.376299e+03 9.358796e+03 9.364937e+03 9.382440e+03
1.2 9.420752e+03 9.368019e+03 9.365744e+03 9.418477e+03
2.2 9.426177e+03 9.375766e+03 9.368678e+03 9.419088e+03
3.2 9.350863e+03 9.380218e+03 9.368993e+03 9.339638e+03
4.2 9.415590e+03 9.391071e+03 9.367429e+03 9.391948e+03
5.2 9.320755e+03 9.394446e+03 9.366045e+03 9.292353e+03
6.2 9.435085e+03 9.396997e+03 9.365312e+03 9.403400e+03
7.2 9.377924e+03 9.401308e+03 9.364993e+03 9.341609e+03
8.2 9.424223e+03 9.385127e+03 9.364933e+03 9.404028e+03
9.2 9.369802e+03 9.356900e+03 9.365000e+03 9.377902e+03
10.2 9.417949e+03 9.349462e+03 9.365361e+03 9.433848e+03
11.2 9.328715e+03 9.359312e+03 9.368037e+03 9.337440e+03
12.2 9.432400e+03 9.368480e+03 9.369300e+03 9.433220e+03
13.2 9.427257e+03 9.372036e+03 9.367955e+03 9.423176e+03
14.2 9.525209e+03 9.372624e+03 9.366429e+03 9.519014e+03
15.2 9.333133e+03 9.360392e+03 9.365508e+03 9.338249e+03
16.2 9.364477e+03 9.342195e+03 9.365100e+03 9.387381e+03
17.2 9.253053e+03 9.344965e+03 9.364983e+03 9.273071e+03
0.9 9.417949e+03 9.349462e+03 9.365361e+03 9.433848e+03
1.9 9.328715e+03 9.359312e+03 9.368037e+03 9.337440e+03
2.9 9.432400e+03 9.368480e+03 9.369300e+03 9.433220e+03
3.9 9.427257e+03 9.372036e+03 9.367955e+03 9.423176e+03
4.9 9.525209e+03 9.372624e+03 9.366429e+03 9.519014e+03
5.9 9.333133e+03 9.360392e+03 9.365508e+03 9.338249e+03
6.9 9.364477e+03 9.342195e+03 9.365100e+03 9.387381e+03
7.9 9.253053e+03 9.344965e+03 9.364983e+03 9.273071e+03
8.9 9.307896e+03 9.357480e+03 9.365031e+03 9.315447e+03
9.9 9.382800e+03 9.367949e+03 9.365137e+03 9.379988e+03
10.9 9.293322e+03 9.373729e+03 9.365242e+03 9.284835e+03
11.9 9.370547e+03 9.374673e+03 9.365316e+03 9.361190e+03
12.9 9.451602e+03 9.358504e+03 9.365364e+03 9.458462e+03
13.9 9.325195e+03 9.332114e+03 9.365394e+03 9.358475e+03
14.9 9.361971e+03 9.332449e+03 9.365413e+03 9.394935e+03
15.9 9.315834e+03 9.333320e+03 9.365429e+03 9.347943e+03
16.9 9.283199e+03 9.340396e+03 9.365443e+03 9.308246e+03
17.9 9.256021e+03 9.342111e+03 9.365457e+03 9.279366e+03
0.6 9.379845e+03 9.354571e+03 9.365517e+03 9.390790e+03
1.6 9.260342e+03 9.367113e+03 9.367430e+03 9.260659e+03
2.6 9.207971e+03 9.374211e+03 9.369570e+03 9.203330e+03
3.6 9.382730e+03 9.362899e+03 9.368708e+03 9.388540e+03
4.6 9.500781e+03 9.336872e+03 9.367064e+03 9.530973e+03
5.6 9.447401e+03 9.336341e+03 9.365972e+03 9.477032e+03
6.6 9.318898e+03 9.345942e+03 9.365430e+03 9.338386e+03
7.6 9.282349e+03 9.340556e+03 9.365250e+03 9.307043e+03
8.6 9.434362e+03 9.344273e+03 9.365268e+03 9.455357e+03
9.6 9.307046e+03 9.355207e+03 9.365375e+03 9.317214e+03
10.6 9.440808e+03 9.359621e+03 9.365492e+03 9.446678e+03
11.6 9.417127e+03 9.337943e+03 9.365586e+03 9.444770e+03
12.6 9.202944e+03 9.327500e+03 9.365649e+03 9.241094e+03
13.6 9.359498e+03 9.370781e+03 9.365692e+03 9.354409e+03
14.6 9.241793e+03 9.429701e+03 9.365722e+03 9.177814e+03
15.6 9.646155e+03 9.430196e+03 9.365746e+03 9.581706e+03
16.6 9.278136e+03 9.413307e+03 9.365768e+03 9.230597e+03
17.6 9.386005e+03 9.393157e+03 9.365789e+03 9.358636e+03
