0.4 9.426009e+03 9.405716e+03 9.404461e+03 9.424754e+03
1.4 9.446677e+03 9.414977e+03 9.406182e+03 9.437882e+03
2.4 9.456561e+03 9.422994e+03 9.410311e+03 9.443878e+03
3.4 9.479034e+03 9.421257e+03 9.410102e+03 9.467878e+03
4.4 9.444094e+03 9.407350e+03 9.407484e+03 9.444228e+03
5.4 9.340417e+03 9.401546e+03 9.405501e+03 9.344373e+03
6.4 9.279276e+03 9.365477e+03 9.404439e+03 9.318238e+03
7.4 9.279807e+03 9.340001e+03 9.404021e+03 9.343827e+03
8.4 9.330165e+03 9.353850e+03 9.403959e+03 9.380275e+03
9.4 9.338659e+03 9.371169e+03 9.404077e+03 9.371567e+03
10.4 9.349393e+03 9.393051e+03 9.404235e+03 9.360576e+03
11.4 9.326650e+03 9.415321e+03 9.404365e+03 9.315694e+03
12.4 9.322673e+03 9.434397e+03 9.404445e+03 9.292721e+03
13.4 9.422847e+03 9.434001e+03 9.404487e+03 9.393334e+03
14.4 9.364444e+03 9.416805e+03 9.404507e+03 9.352146e+03
15.4 9.454504e+03 9.409096e+03 9.404513e+03 9.449921e+03
16.4 9.445097e+03 9.410771e+03 9.404513e+03 9.438839e+03
17.4 9.399544e+03 9.407936e+03 9.404511e+03 9.396119e+03
0.2 9.350066e+03 9.393698e+03 9.404380e+03 9.360749e+03
1.2 9.345324e+03 9.400786e+03 9.405506e+03 9.350043e+03
2.2 9.387504e+03 9.414503e+03 9.409789e+03 9.382790e+03
3.2 9.399100e+03 9.418839e+03 9.410223e+03 9.390484e+03
4.2 9.423875e+03 9.404762e+03 9.407728e+03 9.426841e+03
5.2 9.389539e+03 9.397035e+03 9.405545e+03 9.398049e+03
6.2 9.372172e+03 9.402611e+03 9.404389e+03 9.373951e+03
7.2 9.377469e+03 9.397380e+03 9.403890e+03 9.383979e+03
8.2 9.407522e+03 9.392440e+03 9.403781e+03 9.418864e+03
9.2 9.379584e+03 9.400513e+03 9.403877e+03 9.382948e+03
10.2 9.460615e+03 9.402145e+03 9.404035e+03 9.462505e+03
11.2 9.408080e+03 9.399139e+03 9.404167e+03 9.413108e+03
12.2 9.448061e+03 9.399863e+03 9.404254e+03 9.452451e+03
13.2 9.441518e+03 9.386957e+03 9.404303e+03 9.458864e+03
14.2 9.413279e+03 9.388797e+03 9.404327e+03 9.428810e+03
15.2 9.415146e+03 9.399767e+03 9.404340e+03 9.419718e+03
16.2 9.440530e+03 9.394450e+03 9.404347e+03 9.450427e+03
17.2 9.340683e+03 9.393162e+03 9.404367e+03 9.351887e+03
0.5 9.340683e+03 9.393162e+03 9.404367e+03 9.351887e+03
1.5 9.398153e+03 9.405752e+03 9.406740e+03 9.399142e+03
2.5 9.391790e+03 9.418512e+03 9.410479e+03 9.383758e+03
3.5 9.429560e+03 9.416455e+03 9.409586e+03 9.422690e+03
4.5 9.399065e+03 9.399502e+03 9.407004e+03 9.406568e+03
5.5 9.368090e+03 9.397170e+03 9.405378e+03 9.376298e+03
6.5 9.404933e+03 9.409118e+03 9.408164e+03 9.403979e+03
7.5 9.449036e+03 9.418018e+03 9.410187e+03 9.441206e+03
8.5 9.413297e+03 9.412472e+03 9.408242e+03 9.409067e+03
9.5 9.374677e+03 9.405299e+03 9.405923e+03 9.375301e+03
10.5 9.365752e+03 9.394385e+03 9.404577e+03 9.375944e+03
11.5 9.320839e+03 9.348332e+03 9.403981e+03 9.376488e+03
12.5 9.377099e+03 9.346914e+03 9.403838e+03 9.434023e+03
13.5 9.363855e+03 9.375633e+03 9.403931e+03 9.392152e+03
14.5 9.456601e+03 9.386575e+03 9.404108e+03 9.474134e+03
15.5 9.429206e+03 9.394559e+03 9.404276e+03 9.438923e+03
16.5 9.454669e+03 9.431287e+03 9.404400e+03 9.427782e+03
17.5 9.481670e+03 9.474834e+03 9.404476e+03 9.411312e+03
0.8 9.368090e+03 9.397170e+03 9.405378e+03 9.376298e+03
1.8 9.404933e+03 9.409118e+03 9.408164e+03 9.403979e+03
2.8 9.449036e+03 9.418018e+03 9.410187e+03 9.441206e+03
3.8 9.413297e+03 9.412472e+03 9.408242e+03 9.409067e+03
4.8 9.374677e+03 9.405299e+03 9.405923e+03 9.375301e+03
5.8 9.365752e+03 9.394385e+03 9.404577e+03 9.375944e+03
6.8 9.320839e+03 9.348332e+03 9.403981e+03 9.376488e+03
7.8 9.377099e+03 9.346914e+03 9.403838e+03 9.434023e+03
8.8 9.363855e+03 9.375633e+03 9.403931e+03 9.392152e+03
9.8 9.456601e+03 9.386575e+03 9.404108e+03 9.474134e+03
10.8 9.429206e+03 9.394559e+03 9.404276e+03 9.438923e+03
11.8 9.454669e+03 9.431287e+03 9.404400e+03 9.427782e+03
12.8 9.481670e+03 9.474834e+03 9.404476e+03 9.411312e+03
13.8 9.458480e+03 9.463936e+03 9.404522e+03 9.399066e+03
14.8 9.382237e+03 9.426676e+03 9.404550e+03 9.360111e+03
15.8 9.372991e+03 9.408481e+03 9.404570e+03 9.369080e+03
16.8 9.397676e+03 9.413656e+03 9.404587e+03 9.388607e+03
17.8 9.442098e+03 9.456036e+03 9.404603e+03 9.390666e+03
0.6 9.394155e+03 9.390029e+03 9.404780e+03 9.408907e+03
1.6 9.415688e+03 9.405941e+03 9.407362e+03 9.417109e+03
2.6 9.444246e+03 9.420467e+03 9.410920e+03 9.434699e+03
3.6 9.466075e+03 9.419743e+03 9.409825e+03 9.456157e+03
4.6 9.398564e+03 9.400263e+03 9.407238e+03 9.405540e+03
5.6 9.349682e+03 9.393721e+03 9.405417e+03 9.361378e+03
6.6 9.371262e+03 9.400086e+03 9.404529e+03 9.375705e+03
7.6 9.336655e+03 9.394058e+03 9.404190e+03 9.346787e+03
8.6 9.326950e+03 9.394300e+03 9.404171e+03 9.336821e+03
9.6 9.330601e+03 9.390200e+03 9.404299e+03 9.344700e+03
10.6 9.381283e+03 9.387839e+03 9.404452e+03 9.397895e+03
11.6 9.431635e+03 9.403600e+03 9.404566e+03 9.432601e+03
12.6 9.468810e+03 9.425206e+03 9.404635e+03 9.448239e+03
13.6 9.474882e+03 9.431058e+03 9.404670e+03 9.448494e+03
14.6 9.401863e+03 9.427398e+03 9.404685e+03 9.379150e+03
15.6 9.388753e+03 9.418724e+03 9.404690e+03 9.374719e+03
16.6 9.366045e+03 9.397832e+03 9.404691e+03 9.372904e+03
17.6 9.396572e+03 9.391338e+03 9.404691e+03 9.409925e+03
0.8 9.284060e+03 9.399275e+03 9.404873e+03 9.289658e+03
1.8 9.314951e+03 9.413523e+03 9.408308e+03 9.309736e+03
2.8 9.327488e+03 9.422183e+03 9.411043e+03 9.316347e+03
3.8 9.418507e+03 9.422666e+03 9.409313e+03 9.405154e+03
4.8 9.404868e+03 9.411597e+03 9.406763e+03 9.400034e+03
5.8 9.341872e+03 9.394956e+03 9.405210e+03 9.352126e+03
6.8 9.363423e+03 9.402124e+03 9.404467e+03 9.365766e+03
7.8 9.417837e+03 9.452290e+03 9.404216e+03 9.369763e+03
8.8 9.395849e+03 9.468675e+03 9.404253e+03 9.331427e+03
9.8 9.400132e+03 9.434757e+03 9.404409e+03 9.369784e+03
10.8 9.366133e+03 9.404558e+03 9.404566e+03 9.366141e+03
11.8 9.399581e+03 9.400464e+03 9.404682e+03 9.403799e+03
12.8 9.381846e+03 9.412681e+03 9.404756e+03 9.373920e+03
13.8 9.443409e+03 9.425458e+03 9.404797e+03 9.422748e+03
14.8 9.409059e+03 9.419319e+03 9.404822e+03 9.394562e+03
15.8 9.390190e+03 9.402036e+03 9.404838e+03 9.392992e+03
16.8 9.398267e+03 9.400475e+03 9.404851e+03 9.402643e+03
17.8 9.387977e+03 9.418853e+03 9.404863e+03 9.373988e+03
