9.117039e+03 9.166353e+03 9.089145e+03 9.194247e+03
9.146254e+03 9.168372e+03 9.086442e+03 9.228184e+03
9.135012e+03 9.170667e+03 9.084127e+03 9.221552e+03
9.494761e+03 9.273971e+03 9.182995e+03 9.585737e+03
9.528129e+03 9.540163e+03 9.445078e+03 9.623214e+03
9.702135e+03 9.541942e+03 9.442879e+03 9.801198e+03
9.481104e+03 9.380437e+03 9.277461e+03 9.584080e+03
9.084301e+03 9.247301e+03 9.155965e+03 9.175636e+03
9.205378e+03 9.178997e+03 9.121227e+03 9.263147e+03
9.170523e+03 9.151229e+03 9.149079e+03 9.172674e+03
9.145529e+03 9.147420e+03 9.343683e+03 8.949266e+03
9.232113e+03 9.155705e+03 9.367245e+03 9.020574e+03
9.292785e+03 9.167242e+03 9.336471e+03 9.123557e+03
8.984729e+03 9.179896e+03 9.302082e+03 8.862544e+03
9.078637e+03 9.348832e+03 9.352653e+03 9.074816e+03
9.161241e+03 9.595473e+03 9.494902e+03 9.261812e+03
9.184646e+03 9.536075e+03 9.383086e+03 9.337634e+03
9.174487e+03 9.362258e+03 9.269029e+03 9.267716e+03
9.441778e+03 9.242567e+03 9.350912e+03 9.333434e+03
9.468261e+03 9.181951e+03 9.348020e+03 9.302192e+03
9.342262e+03 9.158664e+03 9.408451e+03 9.092475e+03
9.290304e+03 9.157809e+03 9.337335e+03 9.110777e+03
9.164427e+03 9.167139e+03 9.176867e+03 9.154699e+03
9.047425e+03 9.177923e+03 9.099457e+03 9.125890e+03
9.086647e+03 9.186347e+03 9.167473e+03 9.105521e+03
9.198879e+03 9.191763e+03 9.161733e+03 9.228908e+03
9.228318e+03 9.194676e+03 9.096017e+03 9.326978e+03
9.045910e+03 9.196209e+03 9.047387e+03 9.194732e+03
9.189368e+03 9.196993e+03 9.070398e+03 9.315963e+03
9.396140e+03 9.197446e+03 9.301422e+03 9.292164e+03
9.551133e+03 9.197749e+03 9.374398e+03 9.374484e+03
9.479996e+03 9.197989e+03 9.308138e+03 9.369847e+03
9.359675e+03 9.198172e+03 9.257993e+03 9.299854e+03
9.199933e+03 9.198335e+03 9.160968e+03 9.237300e+03
9.339446e+03 9.198481e+03 9.184638e+03 9.353289e+03
9.500855e+03 9.198614e+03 9.477982e+03 9.221487e+03
9.577934e+03 9.198738e+03 9.517027e+03 9.259645e+03
9.334889e+03 9.198857e+03 9.427933e+03 9.105813e+03
9.238884e+03 9.198974e+03 9.311490e+03 9.126368e+03
9.061247e+03 9.199093e+03 9.157300e+03 9.103040e+03
8.814857e+03 9.209389e+03 9.055527e+03 8.968719e+03
9.062958e+03 9.424808e+03 9.222406e+03 9.265360e+03
9.468034e+03 9.642229e+03 9.429649e+03 9.680615e+03
9.344668e+03 9.541885e+03 9.347431e+03 9.539122e+03
9.407780e+03 9.362395e+03 9.219661e+03 9.550515e+03
9.319421e+03 9.240837e+03 9.150596e+03 9.409661e+03
9.300595e+03 9.182952e+03 9.331811e+03 9.151736e+03
9.299669e+03 9.162070e+03 9.408275e+03 9.053464e+03
9.208852e+03 9.163020e+03 9.269000e+03 9.102871e+03
9.253081e+03 9.173076e+03 9.225794e+03 9.200363e+03
9.290824e+03 9.184403e+03 9.220152e+03 9.255076e+03
9.033908e+03 9.192749e+03 9.140515e+03 9.086142e+03
9.130472e+03 9.198036e+03 9.216594e+03 9.111914e+03
9.313867e+03 9.200915e+03 9.340745e+03 9.174037e+03
9.382250e+03 9.202489e+03 9.292218e+03 9.292522e+03
9.430247e+03 9.203409e+03 9.281425e+03 9.352231e+03
9.321366e+03 9.204072e+03 9.213677e+03 9.311761e+03
9.236062e+03 9.245561e+03 9.147092e+03 9.334532e+03
9.472281e+03 9.519351e+03 9.351006e+03 9.640626e+03
9.568362e+03 9.631617e+03 9.434070e+03 9.765910e+03
9.344525e+03 9.481795e+03 9.300028e+03 9.526292e+03
9.310488e+03 9.321378e+03 9.178543e+03 9.453323e+03
9.116796e+03 9.327976e+03 9.185603e+03 9.259169e+03
9.205743e+03 9.567553e+03 9.409199e+03 9.364097e+03
9.372940e+03 9.567889e+03 9.399686e+03 9.541144e+03
9.206326e+03 9.397537e+03 9.256902e+03 9.346961e+03
9.069562e+03 9.266068e+03 9.150722e+03 9.184908e+03
9.287897e+03 9.198303e+03 9.208925e+03 9.277275e+03
9.068794e+03 9.173784e+03 9.284735e+03 8.957843e+03
9.137120e+03 9.172354e+03 9.235687e+03 9.073788e+03
9.198728e+03 9.182472e+03 9.254734e+03 9.126466e+03
9.236118e+03 9.194938e+03 9.205306e+03 9.225750e+03
9.090058e+03 9.205423e+03 9.146470e+03 9.149011e+03
9.240540e+03 9.212279e+03 9.332005e+03 9.120814e+03
9.368905e+03 9.216433e+03 9.402813e+03 9.182526e+03
9.374745e+03 9.218918e+03 9.313273e+03 9.280391e+03
9.266803e+03 9.220487e+03 9.252555e+03 9.234735e+03
9.200204e+03 9.221620e+03 9.240322e+03 9.181502e+03
9.393597e+03 9.222550e+03 9.385864e+03 9.230283e+03
9.428917e+03 9.223469e+03 9.341928e+03 9.310458e+03
9.119416e+03 9.224353e+03 9.196413e+03 9.147356e+03
8.979424e+03 9.225192e+03 9.177147e+03 9.027469e+03
8.883580e+03 9.225987e+03 9.145891e+03 8.963676e+03
8.744152e+03 9.226726e+03 9.075635e+03 8.895244e+03
8.996775e+03 9.227366e+03 9.026763e+03 9.197379e+03
9.160881e+03 9.227941e+03 9.037078e+03 9.351744e+03
9.240542e+03 9.228495e+03 9.231182e+03 9.237856e+03
9.538171e+03 9.229027e+03 9.315087e+03 9.452111e+03
9.325250e+03 9.229524e+03 9.219565e+03 9.335210e+03
9.289642e+03 9.230000e+03 9.207817e+03 9.311825e+03
9.163527e+03 9.230457e+03 9.215022e+03 9.178962e+03
9.139182e+03 9.230835e+03 9.141148e+03 9.228868e+03
9.180821e+03 9.231114e+03 9.217033e+03 9.194902e+03
9.411242e+03 9.231304e+03 9.357858e+03 9.284688e+03
9.102425e+03 9.231392e+03 9.282814e+03 9.051003e+03
9.192571e+03 9.231344e+03 9.200124e+03 9.223791e+03
9.192973e+03 9.231215e+03 9.220721e+03 9.203466e+03
9.209488e+03 9.231044e+03 9.156754e+03 9.283779e+03
8.952481e+03 9.230828e+03 9.144470e+03 9.038840e+03
9.256891e+03 9.230554e+03 9.420776e+03 9.066668e+03
9.554193e+03 9.230211e+03 9.516520e+03 9.267884e+03
9.853574e+03 9.229748e+03 9.429082e+03 9.654241e+03
9.498305e+03 9.229138e+03 9.314716e+03 9.412727e+03
9.160687e+03 9.228449e+03 9.156500e+03 9.232635e+03
9.162943e+03 9.227717e+03 9.036426e+03 9.354235e+03
9.175550e+03 9.226937e+03 8.982096e+03 9.420392e+03
9.232055e+03 9.226098e+03 9.135157e+03 9.322996e+03
9.391377e+03 9.225190e+03 9.415698e+03 9.200869e+03
9.377211e+03 9.224211e+03 9.393936e+03 9.207486e+03
9.325304e+03 9.223158e+03 9.311642e+03 9.236820e+03
9.473878e+03 9.222033e+03 9.229771e+03 9.466140e+03
9.320149e+03 9.220839e+03 9.356710e+03 9.184279e+03
9.522891e+03 9.219575e+03 9.502369e+03 9.240097e+03
9.348954e+03 9.218197e+03 9.427396e+03 9.139754e+03
9.256002e+03 9.216717e+03 9.324824e+03 9.147895e+03
9.128690e+03 9.215194e+03 9.167110e+03 9.176774e+03
9.135096e+03 9.213679e+03 9.130062e+03 9.218713e+03
9.160649e+03 9.212161e+03 9.346849e+03 9.025962e+03
9.502515e+03 9.210579e+03 9.354954e+03 9.358140e+03
9.106130e+03 9.208919e+03 9.299154e+03 9.015895e+03
9.196188e+03 9.207195e+03 9.232608e+03 9.170774e+03
9.007688e+03 9.205423e+03 9.116422e+03 9.096689e+03
9.125027e+03 9.203612e+03 9.193197e+03 9.135442e+03
9.474763e+03 9.201772e+03 9.378998e+03 9.297536e+03
9.283531e+03 9.199907e+03 9.310992e+03 9.172445e+03
9.078208e+03 9.198021e+03 9.142069e+03 9.134161e+03
8.975146e+03 9.196120e+03 9.122197e+03 9.049069e+03
9.148562e+03 9.197377e+03 9.145807e+03 9.200132e+03
9.190468e+03 9.365894e+03 9.250063e+03 9.306298e+03
9.592732e+03 9.660592e+03 9.478610e+03 9.774714e+03
9.844693e+03 9.614691e+03 9.400181e+03 1.005920e+04
9.402864e+03 9.410596e+03 9.260841e+03 9.552620e+03
9.531726e+03 9.253780e+03 9.313405e+03 9.472101e+03
9.127606e+03 9.173874e+03 9.235627e+03 9.065854e+03
9.335513e+03 9.140846e+03 9.143983e+03 9.332376e+03
9.300125e+03 9.135288e+03 9.317109e+03 9.118305e+03
9.586494e+03 9.142959e+03 9.375306e+03 9.354147e+03
9.252844e+03 9.153704e+03 9.214286e+03 9.192261e+03
8.932498e+03 9.161699e+03 9.095696e+03 8.998500e+03
9.123764e+03 9.166089e+03 9.130230e+03 9.159623e+03
9.145553e+03 9.212533e+03 9.146603e+03 9.211483e+03
9.254197e+03 9.494454e+03 9.353327e+03 9.395324e+03
9.407739e+03 9.602451e+03 9.412180e+03 9.598010e+03
8.972133e+03 9.446446e+03 9.262311e+03 9.156268e+03
9.011330e+03 9.279328e+03 9.126350e+03 9.164308e+03
9.095443e+03 9.178695e+03 9.115635e+03 9.158503e+03
9.204763e+03 9.133372e+03 9.389159e+03 8.948976e+03
9.523477e+03 9.119402e+03 9.447512e+03 9.195367e+03
9.202357e+03 9.122845e+03 9.275068e+03 9.050134e+03
9.152384e+03 9.132336e+03 9.220230e+03 9.064489e+03
9.121092e+03 9.163408e+03 9.173810e+03 9.110690e+03
9.348619e+03 9.432502e+03 9.327694e+03 9.453427e+03
9.534556e+03 9.632915e+03 9.450503e+03 9.716968e+03
9.325482e+03 9.501689e+03 9.378888e+03 9.448283e+03
9.151242e+03 9.310298e+03 9.382470e+03 9.079070e+03
8.978372e+03 9.185720e+03 9.248172e+03 8.915921e+03
8.867653e+03 9.127349e+03 9.075893e+03 8.919109e+03
9.145006e+03 9.180891e+03 9.042318e+03 9.283579e+03
9.226677e+03 9.496674e+03 9.315736e+03 9.407615e+03
9.648611e+03 9.585871e+03 9.389044e+03 9.845438e+03
9.444591e+03 9.415112e+03 9.217766e+03 9.641937e+03
8.934810e+03 9.250198e+03 9.114489e+03 9.070519e+03
9.298543e+03 9.154732e+03 9.238888e+03 9.214386e+03
9.468042e+03 9.114024e+03 9.263905e+03 9.318161e+03
9.451753e+03 9.104289e+03 9.373911e+03 9.182131e+03
9.514611e+03 9.111368e+03 9.377303e+03 9.248676e+03
9.300207e+03 9.123751e+03 9.286703e+03 9.137254e+03
9.318322e+03 9.136216e+03 9.227161e+03 9.227378e+03
9.410507e+03 9.277152e+03 9.241517e+03 9.446142e+03
9.484151e+03 9.613391e+03 9.468852e+03 9.628690e+03
9.687057e+03 9.625073e+03 9.444302e+03 9.867828e+03
9.456301e+03 9.419518e+03 9.417202e+03 9.458617e+03
9.360153e+03 9.244999e+03 9.336455e+03 9.268696e+03
9.454556e+03 9.154121e+03 9.152894e+03 9.455783e+03
9.282146e+03 9.126739e+03 9.020503e+03 9.388382e+03
9.577949e+03 9.369077e+03 9.200991e+03 9.746035e+03
9.346064e+03 9.737077e+03 9.542291e+03 9.540851e+03
9.185047e+03 9.683862e+03 9.481811e+03 9.387098e+03
8.962345e+03 9.435047e+03 9.237745e+03 9.159647e+03
8.858514e+03 9.247716e+03 9.088259e+03 9.017970e+03
9.078974e+03 9.149469e+03 9.020998e+03 9.207445e+03
8.836236e+03 9.113660e+03 8.976276e+03 8.973621e+03
9.080212e+03 9.112460e+03 9.113250e+03 9.079422e+03
9.334637e+03 9.127711e+03 9.374599e+03 9.087748e+03
9.453799e+03 9.146215e+03 9.358588e+03 9.241426e+03
9.352422e+03 9.161741e+03 9.283523e+03 9.230639e+03
9.189249e+03 9.194166e+03 9.206137e+03 9.177278e+03
9.372157e+03 9.473021e+03 9.360506e+03 9.484673e+03
9.406023e+03 9.666549e+03 9.476287e+03 9.596286e+03
9.206477e+03 9.538030e+03 9.317936e+03 9.426571e+03
9.020912e+03 9.345912e+03 9.262478e+03 9.104346e+03
9.106485e+03 9.228906e+03 9.311630e+03 9.023761e+03
9.316676e+03 9.173352e+03 9.322194e+03 9.167834e+03
9.325199e+03 9.157722e+03 9.436643e+03 9.046278e+03
9.383338e+03 9.163368e+03 9.343867e+03 9.202839e+03
9.074470e+03 9.178099e+03 9.179592e+03 9.072976e+03
9.218236e+03 9.192975e+03 9.152258e+03 9.258953e+03
9.083529e+03 9.204927e+03 9.106862e+03 9.181594e+03
8.933798e+03 9.213315e+03 9.038463e+03 9.108650e+03
8.823085e+03 9.219396e+03 9.031760e+03 9.010721e+03
9.121742e+03 9.224218e+03 9.278073e+03 9.067887e+03
9.357335e+03 9.228421e+03 9.396783e+03 9.188973e+03
9.311709e+03 9.232403e+03 9.341657e+03 9.202456e+03
9.469076e+03 9.236264e+03 9.306975e+03 9.398364e+03
9.265819e+03 9.240007e+03 9.292566e+03 9.213260e+03
9.471853e+03 9.243762e+03 9.441957e+03 9.273657e+03
9.349925e+03 9.247631e+03 9.411533e+03 9.186023e+03
9.575235e+03 9.251607e+03 9.346894e+03 9.479949e+03
9.409925e+03 9.255656e+03 9.276592e+03 9.388989e+03
9.390072e+03 9.259753e+03 9.332857e+03 9.316968e+03
9.397448e+03 9.263878e+03 9.383875e+03 9.277452e+03
9.285927e+03 9.268016e+03 9.258517e+03 9.295426e+03
9.420866e+03 9.272160e+03 9.200056e+03 9.492970e+03
9.185079e+03 9.276305e+03 9.225009e+03 9.236375e+03
9.380383e+03 9.280451e+03 9.164689e+03 9.496145e+03
9.079066e+03 9.284543e+03 9.088779e+03 9.274831e+03
8.928551e+03 9.288266e+03 9.050949e+03 9.165868e+03
