9.298139e+03 9.277921e+03 9.260958e+03 9.315102e+03
9.241297e+03 9.278565e+03 9.260253e+03 9.259609e+03
9.284229e+03 9.279297e+03 9.259658e+03 9.303868e+03
9.393929e+03 9.312235e+03 9.291322e+03 9.414842e+03
9.469310e+03 9.397108e+03 9.375022e+03 9.491396e+03
9.457030e+03 9.397676e+03 9.374458e+03 9.480248e+03
9.362909e+03 9.346181e+03 9.321840e+03 9.387250e+03
9.261067e+03 9.303731e+03 9.272263e+03 9.292535e+03
9.228733e+03 9.281953e+03 9.234906e+03 9.275779e+03
9.226232e+03 9.273099e+03 9.245049e+03 9.254282e+03
9.305617e+03 9.271885e+03 9.323128e+03 9.254374e+03
9.247817e+03 9.274526e+03 9.342732e+03 9.179611e+03
9.280921e+03 9.278205e+03 9.324973e+03 9.234154e+03
9.307210e+03 9.282239e+03 9.305937e+03 9.283512e+03
9.275552e+03 9.336104e+03 9.330416e+03 9.281240e+03
9.289378e+03 9.414744e+03 9.386383e+03 9.317739e+03
9.235769e+03 9.395805e+03 9.356649e+03 9.274925e+03
9.266859e+03 9.340384e+03 9.320421e+03 9.286823e+03
9.309033e+03 9.302222e+03 9.340866e+03 9.270389e+03
9.393777e+03 9.282895e+03 9.339541e+03 9.337131e+03
9.366521e+03 9.275470e+03 9.361238e+03 9.280752e+03
9.357396e+03 9.275197e+03 9.340902e+03 9.291691e+03
9.287784e+03 9.278172e+03 9.291460e+03 9.274496e+03
9.265076e+03 9.281610e+03 9.262303e+03 9.284383e+03
9.256104e+03 9.284296e+03 9.265490e+03 9.274910e+03
9.267244e+03 9.286023e+03 9.262231e+03 9.291036e+03
9.300583e+03 9.286952e+03 9.252148e+03 9.335386e+03
9.234111e+03 9.287441e+03 9.245967e+03 9.275585e+03
9.245794e+03 9.287691e+03 9.256762e+03 9.276722e+03
9.342326e+03 9.287835e+03 9.324693e+03 9.305469e+03
9.372337e+03 9.287932e+03 9.345983e+03 9.314285e+03
9.349967e+03 9.288008e+03 9.320393e+03 9.317582e+03
9.321608e+03 9.288067e+03 9.297261e+03 9.312414e+03
9.259886e+03 9.288119e+03 9.272050e+03 9.275955e+03
9.292988e+03 9.288165e+03 9.284748e+03 9.296406e+03
9.373448e+03 9.288208e+03 9.372732e+03 9.288924e+03
9.418989e+03 9.288247e+03 9.385949e+03 9.321287e+03
9.372502e+03 9.288285e+03 9.361301e+03 9.299486e+03
9.323474e+03 9.288322e+03 9.328097e+03 9.283699e+03
9.225117e+03 9.288360e+03 9.283804e+03 9.229673e+03
9.186550e+03 9.291643e+03 9.254771e+03 9.223423e+03
9.278436e+03 9.360328e+03 9.309382e+03 9.329382e+03
9.362242e+03 9.429652e+03 9.375691e+03 9.416203e+03
9.307909e+03 9.397657e+03 9.341933e+03 9.363633e+03
9.353532e+03 9.340428e+03 9.273283e+03 9.420678e+03
9.312325e+03 9.301670e+03 9.246875e+03 9.367120e+03
9.287000e+03 9.283214e+03 9.311980e+03 9.258234e+03
9.287930e+03 9.276556e+03 9.346489e+03 9.217997e+03
9.282971e+03 9.276858e+03 9.313815e+03 9.246014e+03
9.321416e+03 9.280065e+03 9.304863e+03 9.296618e+03
9.350368e+03 9.283677e+03 9.304302e+03 9.329742e+03
9.311095e+03 9.286338e+03 9.281458e+03 9.315975e+03
9.350761e+03 9.288023e+03 9.307015e+03 9.331769e+03
9.400853e+03 9.288941e+03 9.346518e+03 9.343276e+03
9.380262e+03 9.289443e+03 9.326614e+03 9.343090e+03
9.310721e+03 9.289737e+03 9.304167e+03 9.296291e+03
9.320960e+03 9.289948e+03 9.280450e+03 9.330457e+03
9.311564e+03 9.303176e+03 9.270229e+03 9.344511e+03
9.373644e+03 9.390473e+03 9.344500e+03 9.419616e+03
9.394581e+03 9.426268e+03 9.375924e+03 9.444926e+03
9.370567e+03 9.378498e+03 9.320185e+03 9.428881e+03
9.297337e+03 9.327350e+03 9.257937e+03 9.366750e+03
9.214361e+03 9.329454e+03 9.265497e+03 9.278318e+03
9.224474e+03 9.405842e+03 9.352683e+03 9.277632e+03
9.287288e+03 9.405949e+03 9.359530e+03 9.333707e+03
9.302392e+03 9.351633e+03 9.295818e+03 9.358207e+03
9.283687e+03 9.309715e+03 9.248816e+03 9.344586e+03
9.330517e+03 9.288108e+03 9.279213e+03 9.339412e+03
9.257617e+03 9.280291e+03 9.317766e+03 9.220142e+03
9.210776e+03 9.279835e+03 9.306141e+03 9.184470e+03
9.222558e+03 9.283061e+03 9.297528e+03 9.208091e+03
9.310510e+03 9.287036e+03 9.281449e+03 9.316097e+03
9.266811e+03 9.290379e+03 9.272094e+03 9.285097e+03
9.339188e+03 9.292565e+03 9.331088e+03 9.300665e+03
9.348261e+03 9.293889e+03 9.354326e+03 9.287824e+03
9.315069e+03 9.294681e+03 9.324047e+03 9.285703e+03
9.253804e+03 9.295182e+03 9.298109e+03 9.250876e+03
9.296618e+03 9.295543e+03 9.296566e+03 9.295595e+03
9.344156e+03 9.295839e+03 9.343749e+03 9.296247e+03
9.349657e+03 9.296132e+03 9.335035e+03 9.310754e+03
9.294528e+03 9.296414e+03 9.293587e+03 9.297355e+03
9.247014e+03 9.296682e+03 9.278538e+03 9.265157e+03
9.219242e+03 9.296935e+03 9.266958e+03 9.249219e+03
9.148536e+03 9.297171e+03 9.252127e+03 9.193580e+03
9.222165e+03 9.297375e+03 9.243106e+03 9.276434e+03
9.256386e+03 9.297558e+03 9.249649e+03 9.304295e+03
9.318989e+03 9.297735e+03 9.311892e+03 9.304832e+03
9.383015e+03 9.297905e+03 9.338334e+03 9.342586e+03
9.335568e+03 9.298063e+03 9.307022e+03 9.326609e+03
9.312496e+03 9.298215e+03 9.287628e+03 9.323083e+03
9.237253e+03 9.298361e+03 9.278198e+03 9.257415e+03
9.292176e+03 9.298481e+03 9.262291e+03 9.328367e+03
9.310343e+03 9.298570e+03 9.296821e+03 9.312092e+03
9.350274e+03 9.298631e+03 9.347581e+03 9.301323e+03
9.254648e+03 9.298659e+03 9.326980e+03 9.226327e+03
9.247656e+03 9.298643e+03 9.292861e+03 9.253439e+03
9.299803e+03 9.298602e+03 9.282683e+03 9.315723e+03
9.287757e+03 9.298548e+03 9.264817e+03 9.321488e+03
9.225363e+03 9.298479e+03 9.269006e+03 9.254837e+03
9.288066e+03 9.298391e+03 9.353874e+03 9.232583e+03
9.400158e+03 9.298282e+03 9.384494e+03 9.313946e+03
9.502565e+03 9.298135e+03 9.360833e+03 9.439867e+03
9.423721e+03 9.297940e+03 9.328333e+03 9.393327e+03
9.276513e+03 9.297720e+03 9.282729e+03 9.291504e+03
9.245171e+03 9.297487e+03 9.247876e+03 9.294782e+03
9.315081e+03 9.297238e+03 9.231879e+03 9.380441e+03
9.299945e+03 9.296971e+03 9.275277e+03 9.321638e+03
9.327544e+03 9.296681e+03 9.355201e+03 9.269024e+03
9.315206e+03 9.296369e+03 9.347072e+03 9.264504e+03
9.280669e+03 9.296033e+03 9.313293e+03 9.263409e+03
9.361190e+03 9.295675e+03 9.288103e+03 9.368761e+03
9.366124e+03 9.295294e+03 9.337134e+03 9.324284e+03
9.403133e+03 9.294891e+03 9.390608e+03 9.307417e+03
9.362374e+03 9.294451e+03 9.360722e+03 9.296104e+03
9.235800e+03 9.293980e+03 9.313844e+03 9.215936e+03
9.311087e+03 9.293494e+03 9.268087e+03 9.336493e+03
9.320515e+03 9.293011e+03 9.264238e+03 9.349288e+03
9.323024e+03 9.292527e+03 9.331479e+03 9.284072e+03
9.426616e+03 9.292022e+03 9.336596e+03 9.382042e+03
9.244927e+03 9.291493e+03 9.321900e+03 9.214521e+03
9.247415e+03 9.290944e+03 9.303135e+03 9.235224e+03
9.225634e+03 9.290378e+03 9.269857e+03 9.246155e+03
9.245503e+03 9.289801e+03 9.296443e+03 9.238861e+03
9.320740e+03 9.289214e+03 9.355846e+03 9.254109e+03
9.297088e+03 9.288620e+03 9.334495e+03 9.251213e+03
9.266035e+03 9.288019e+03 9.280362e+03 9.273691e+03
9.196107e+03 9.287412e+03 9.259020e+03 9.224499e+03
9.254334e+03 9.287813e+03 9.254410e+03 9.287738e+03
9.225478e+03 9.341544e+03 9.295079e+03 9.271943e+03
9.397273e+03 9.435506e+03 9.378764e+03 9.454016e+03
9.464414e+03 9.420871e+03 9.360678e+03 9.524607e+03
9.377259e+03 9.355797e+03 9.317154e+03 9.415902e+03
9.402235e+03 9.305797e+03 9.328517e+03 9.379515e+03
9.279648e+03 9.280319e+03 9.303691e+03 9.256276e+03
9.317373e+03 9.269789e+03 9.277426e+03 9.309736e+03
9.376199e+03 9.268017e+03 9.333946e+03 9.310270e+03
9.422070e+03 9.270462e+03 9.353212e+03 9.339320e+03
9.343503e+03 9.273888e+03 9.302862e+03 9.314529e+03
9.222892e+03 9.276437e+03 9.259888e+03 9.239441e+03
9.224390e+03 9.277837e+03 9.252334e+03 9.249893e+03
9.251075e+03 9.292646e+03 9.256588e+03 9.287133e+03
9.334570e+03 9.382534e+03 9.333411e+03 9.383694e+03
9.340210e+03 9.416969e+03 9.361150e+03 9.396028e+03
9.257415e+03 9.367227e+03 9.301532e+03 9.323110e+03
9.231496e+03 9.313943e+03 9.237314e+03 9.308124e+03
9.196704e+03 9.281856e+03 9.238109e+03 9.240451e+03
9.347725e+03 9.267406e+03 9.330283e+03 9.284847e+03
9.373902e+03 9.262951e+03 9.357110e+03 9.279743e+03
9.317009e+03 9.264049e+03 9.312952e+03 9.268106e+03
9.238059e+03 9.267075e+03 9.299366e+03 9.205768e+03
9.219005e+03 9.276982e+03 9.287082e+03 9.208905e+03
9.333160e+03 9.362781e+03 9.339122e+03 9.356819e+03
9.396334e+03 9.426682e+03 9.379889e+03 9.443127e+03
9.329011e+03 9.384841e+03 9.354549e+03 9.359304e+03
9.313780e+03 9.323817e+03 9.349195e+03 9.288403e+03
9.203376e+03 9.284096e+03 9.306445e+03 9.181027e+03
9.229436e+03 9.265485e+03 9.254959e+03 9.239962e+03
9.295039e+03 9.282557e+03 9.246923e+03 9.330673e+03
9.349852e+03 9.383242e+03 9.335408e+03 9.397686e+03
9.421962e+03 9.411682e+03 9.359281e+03 9.474363e+03
9.366554e+03 9.357237e+03 9.304697e+03 9.419094e+03
9.239259e+03 9.304655e+03 9.269862e+03 9.274051e+03
9.251531e+03 9.274216e+03 9.302688e+03 9.223059e+03
9.334479e+03 9.261237e+03 9.309766e+03 9.285950e+03
9.366176e+03 9.258132e+03 9.347528e+03 9.276781e+03
9.374040e+03 9.260390e+03 9.351235e+03 9.283195e+03
9.305188e+03 9.264338e+03 9.312375e+03 9.257150e+03
9.273161e+03 9.268312e+03 9.279964e+03 9.261510e+03
9.313502e+03 9.313249e+03 9.290667e+03 9.336084e+03
9.413161e+03 9.420457e+03 9.374376e+03 9.459242e+03
9.442586e+03 9.424182e+03 9.373474e+03 9.493293e+03
9.368695e+03 9.358642e+03 9.362317e+03 9.365019e+03
9.384006e+03 9.302997e+03 9.335014e+03 9.351988e+03
9.348796e+03 9.274021e+03 9.279632e+03 9.343186e+03
9.394435e+03 9.265291e+03 9.240411e+03 9.419315e+03
9.427464e+03 9.342559e+03 9.299462e+03 9.470560e+03
9.414879e+03 9.459893e+03 9.408784e+03 9.465989e+03
9.301952e+03 9.442926e+03 9.389521e+03 9.355357e+03
9.210708e+03 9.363593e+03 9.310547e+03 9.263754e+03
9.215830e+03 9.303863e+03 9.240648e+03 9.279045e+03
9.225416e+03 9.272538e+03 9.201497e+03 9.296457e+03
9.140289e+03 9.261121e+03 9.198152e+03 9.203257e+03
9.177046e+03 9.260738e+03 9.252871e+03 9.184912e+03
9.290400e+03 9.265601e+03 9.337576e+03 9.218425e+03
9.360894e+03 9.271501e+03 9.336605e+03 9.295789e+03
9.328977e+03 9.276451e+03 9.306939e+03 9.298489e+03
9.286040e+03 9.286789e+03 9.283093e+03 9.289736e+03
9.323175e+03 9.375701e+03 9.341279e+03 9.357596e+03
9.379609e+03 9.437406e+03 9.385268e+03 9.431747e+03
9.377514e+03 9.396428e+03 9.338181e+03 9.435761e+03
9.265992e+03 9.335173e+03 9.317249e+03 9.283915e+03
9.270382e+03 9.297866e+03 9.327879e+03 9.240368e+03
9.334154e+03 9.280153e+03 9.328641e+03 9.285666e+03
9.379561e+03 9.275169e+03 9.360167e+03 9.294563e+03
9.316482e+03 9.276970e+03 9.333343e+03 9.260110e+03
9.193625e+03 9.281666e+03 9.283883e+03 9.191408e+03
9.279478e+03 9.286410e+03 9.266158e+03 9.299730e+03
9.299957e+03 9.290220e+03 9.252474e+03 9.337703e+03
9.222328e+03 9.292895e+03 9.239148e+03 9.276075e+03
9.200705e+03 9.294834e+03 9.242545e+03 9.252993e+03
9.258139e+03 9.296371e+03 9.315919e+03 9.238591e+03
9.303620e+03 9.297711e+03 9.351159e+03 9.250172e+03
9.394454e+03 9.298981e+03 9.335794e+03 9.357641e+03
9.342961e+03 9.300212e+03 9.325794e+03 9.317379e+03
9.365327e+03 9.301405e+03 9.324235e+03 9.342497e+03
9.377381e+03 9.302603e+03 9.374406e+03 9.305578e+03
9.300546e+03 9.303836e+03 9.364868e+03 9.239514e+03
9.426056e+03 9.305104e+03 9.327767e+03 9.403393e+03
9.344257e+03 9.306395e+03 9.298251e+03 9.352402e+03
9.360183e+03 9.307702e+03 9.324750e+03 9.343135e+03
9.366119e+03 9.309017e+03 9.350840e+03 9.324295e+03
9.304860e+03 9.310336e+03 9.316922e+03 9.298275e+03
9.273170e+03 9.311657e+03 9.289240e+03 9.295587e+03
9.278516e+03 9.312979e+03 9.283541e+03 9.307955e+03
9.334363e+03 9.314301e+03 9.269434e+03 9.379230e+03
9.274103e+03 9.315606e+03 9.256097e+03 9.333611e+03
9.178816e+03 9.316793e+03 9.250984e+03 9.244624e+03
