0.3 8.137043e+03 8.147419e+03 8.172204e+03 8.161828e+03
1.3 8.009524e+03 8.131291e+03 8.172388e+03 8.050621e+03
2.3 8.122269e+03 8.119301e+03 8.172944e+03 8.175911e+03
3.3 8.018940e+03 8.128331e+03 8.172952e+03 8.063561e+03
4.3 8.542604e+03 8.239759e+03 8.172617e+03 8.475462e+03
5.3 8.192022e+03 8.317530e+03 8.172344e+03 8.046835e+03
6.3 8.003532e+03 8.259016e+03 8.172194e+03 7.916710e+03
7.3 8.079798e+03 8.175495e+03 8.172132e+03 8.076435e+03
8.3 8.002812e+03 8.120822e+03 8.172120e+03 8.054110e+03
9.3 7.965533e+03 8.095265e+03 8.172133e+03 8.042401e+03
10.3 7.864990e+03 8.126729e+03 8.172153e+03 7.910414e+03
11.3 8.573151e+03 8.224328e+03 8.172169e+03 8.520993e+03
12.3 8.661375e+03 8.224852e+03 8.172179e+03 8.608702e+03
13.3 8.616435e+03 8.210954e+03 8.172184e+03 8.577665e+03
14.3 9.072427e+03 8.345039e+03 8.172186e+03 8.899575e+03
15.3 8.183008e+03 8.357828e+03 8.172187e+03 7.997366e+03
16.3 8.093262e+03 8.329961e+03 8.172187e+03 7.935487e+03
17.3 8.220680e+03 8.286015e+03 8.172186e+03 8.106852e+03
0.3 8.151714e+03 8.122159e+03 8.172184e+03 8.201739e+03
1.3 8.140881e+03 8.105944e+03 8.172396e+03 8.207333e+03
2.3 8.053823e+03 8.093184e+03 8.172944e+03 8.133582e+03
3.3 8.023601e+03 8.105879e+03 8.172931e+03 8.090652e+03
4.3 8.164050e+03 8.206559e+03 8.172587e+03 8.130077e+03
5.3 8.209494e+03 8.241027e+03 8.172322e+03 8.140789e+03
6.3 8.187370e+03 8.193073e+03 8.172179e+03 8.166476e+03
7.3 8.174104e+03 8.209924e+03 8.172123e+03 8.136303e+03
8.3 8.113653e+03 8.220083e+03 8.172114e+03 8.065684e+03
9.3 8.090951e+03 8.234706e+03 8.172129e+03 8.028374e+03
10.3 8.164755e+03 8.262065e+03 8.172150e+03 8.074841e+03
11.3 7.935371e+03 8.208119e+03 8.172169e+03 7.899420e+03
12.3 7.983024e+03 8.177976e+03 8.172180e+03 7.977229e+03
13.3 8.143814e+03 8.210457e+03 8.172187e+03 8.105543e+03
14.3 8.083328e+03 8.188295e+03 8.172191e+03 8.067223e+03
15.3 8.491446e+03 8.158648e+03 8.172193e+03 8.504991e+03
16.3 7.939146e+03 8.129655e+03 8.172211e+03 7.981702e+03
17.3 7.834457e+03 8.105085e+03 8.172651e+03 7.902023e+03
0.7 7.939146e+03 8.129655e+03 8.172211e+03 7.981702e+03
1.7 7.834457e+03 8.105085e+03 8.172651e+03 7.902023e+03
2.7 8.084787e+03 8.093259e+03 8.173027e+03 8.164555e+03
3.7 8.081634e+03 8.139085e+03 8.172809e+03 8.115358e+03
4.7 8.309743e+03 8.198773e+03 8.172479e+03 8.283449e+03
5.7 8.159219e+03 8.180584e+03 8.172265e+03 8.150899e+03
6.7 8.075459e+03 8.138442e+03 8.172165e+03 8.109182e+03
7.7 7.984904e+03 8.121470e+03 8.172132e+03 8.035565e+03
8.7 8.173654e+03 8.187621e+03 8.172136e+03 8.158169e+03
9.7 8.038884e+03 8.217283e+03 8.172157e+03 7.993757e+03
10.7 8.020858e+03 8.174064e+03 8.172178e+03 8.018972e+03
11.7 8.099436e+03 8.120023e+03 8.172194e+03 8.151607e+03
12.7 8.008471e+03 8.040641e+03 8.172204e+03 8.140035e+03
13.7 8.070144e+03 8.014073e+03 8.172210e+03 8.228281e+03
14.7 7.991467e+03 8.050637e+03 8.172214e+03 8.113043e+03
15.7 7.947837e+03 8.157617e+03 8.172216e+03 7.962436e+03
16.7 8.081943e+03 8.212129e+03 8.172218e+03 8.042031e+03
17.7 8.019332e+03 8.183101e+03 8.172220e+03 8.008450e+03
0.5 8.210185e+03 8.124461e+03 8.172232e+03 8.257956e+03
1.5 8.156762e+03 8.119099e+03 8.172529e+03 8.210192e+03
2.5 8.178117e+03 8.111006e+03 8.173030e+03 8.240142e+03
3.5 8.192649e+03 8.106092e+03 8.172925e+03 8.259481e+03
4.5 8.216933e+03 8.110826e+03 8.172584e+03 8.278691e+03
5.5 8.019229e+03 8.138866e+03 8.172335e+03 8.052697e+03
6.5 8.122691e+03 8.149517e+03 8.172211e+03 8.145385e+03
7.5 8.043143e+03 8.134867e+03 8.172163e+03 8.080440e+03
8.5 8.659785e+03 8.118125e+03 8.172159e+03 8.713820e+03
9.5 8.390769e+03 8.108511e+03 8.172176e+03 8.454435e+03
10.5 8.134011e+03 8.108084e+03 8.172197e+03 8.198124e+03
11.5 8.287793e+03 8.131760e+03 8.172214e+03 8.328246e+03
12.5 8.048305e+03 8.147263e+03 8.172224e+03 8.073266e+03
13.5 8.050257e+03 8.173121e+03 8.172230e+03 8.049366e+03
14.5 8.066514e+03 8.202512e+03 8.172233e+03 8.036235e+03
15.5 8.200817e+03 8.175149e+03 8.172234e+03 8.197902e+03
16.5 8.143237e+03 8.136076e+03 8.172235e+03 8.179396e+03
17.5 8.267259e+03 8.155156e+03 8.172236e+03 8.284339e+03
