0.2 1.113513e+04 1.092986e+04 1.094310e+04 1.114837e+04
1.2 1.102687e+04 1.094286e+04 1.093985e+04 1.102386e+04
2.2 1.098982e+04 1.093221e+04 1.091851e+04 1.097612e+04
3.2 1.084364e+04 1.091864e+04 1.090034e+04 1.082535e+04
4.2 1.112456e+04 1.092911e+04 1.090985e+04 1.110530e+04
5.2 1.092743e+04 1.094608e+04 1.092748e+04 1.090883e+04
6.2 1.114310e+04 1.095610e+04 1.093909e+04 1.112608e+04
7.2 1.087116e+04 1.094853e+04 1.094483e+04 1.086747e+04
8.2 1.096808e+04 1.092951e+04 1.094688e+04 1.098545e+04
9.2 1.107020e+04 1.093190e+04 1.094679e+04 1.108509e+04
10.2 1.099225e+04 1.094506e+04 1.094578e+04 1.099297e+04
11.2 1.092554e+04 1.095458e+04 1.094470e+04 1.091566e+04
12.2 1.085803e+04 1.095935e+04 1.094389e+04 1.084256e+04
13.2 1.093615e+04 1.094769e+04 1.094339e+04 1.093184e+04
14.2 1.091881e+04 1.088211e+04 1.094312e+04 1.097981e+04
15.2 1.088498e+04 1.086358e+04 1.094297e+04 1.096437e+04
16.2 1.100743e+04 1.088720e+04 1.094289e+04 1.106313e+04
17.2 1.073941e+04 1.090780e+04 1.094284e+04 1.077445e+04
18.2 1.112976e+04 1.096012e+04 1.094280e+04 1.111245e+04
