0.1 6.672978e+03 6.599026e+03 6.630635e+03 6.704588e+03
1.1 6.618621e+03 6.640551e+03 6.632847e+03 6.610917e+03
2.1 6.581246e+03 6.676655e+03 6.646785e+03 6.551376e+03
3.1 6.642072e+03 6.690159e+03 6.650747e+03 6.602660e+03
4.1 6.644947e+03 6.676044e+03 6.643047e+03 6.611950e+03
5.1 6.566566e+03 6.600723e+03 6.635371e+03 6.601213e+03
6.1 6.578733e+03 6.562903e+03 6.631140e+03 6.646970e+03
7.1 6.608093e+03 6.592184e+03 6.629241e+03 6.645150e+03
8.1 6.548243e+03 6.630543e+03 6.628736e+03 6.546437e+03
9.1 6.590701e+03 6.651701e+03 6.628994e+03 6.567994e+03
10.1 6.467707e+03 6.612520e+03 6.629512e+03 6.484699e+03
11.1 6.422894e+03 6.548691e+03 6.629969e+03 6.504172e+03
12.1 6.385090e+03 6.564348e+03 6.630277e+03 6.451018e+03
13.1 6.367859e+03 6.612561e+03 6.630453e+03 6.385751e+03
14.1 6.425277e+03 6.645608e+03 6.630537e+03 6.410206e+03
15.1 6.544445e+03 6.662171e+03 6.630575e+03 6.512850e+03
16.1 6.628798e+03 6.667782e+03 6.630591e+03 6.591607e+03
17.1 6.730512e+03 6.667460e+03 6.630598e+03 6.693650e+03
0.6 6.621273e+03 6.550826e+03 6.630769e+03 6.701216e+03
1.6 6.636131e+03 6.597587e+03 6.640047e+03 6.678591e+03
2.6 6.733002e+03 6.645002e+03 6.651203e+03 6.739202e+03
3.6 6.767769e+03 6.658335e+03 6.647022e+03 6.756455e+03
4.6 6.622631e+03 6.649377e+03 6.638544e+03 6.611798e+03
5.6 6.651667e+03 6.645240e+03 6.632724e+03 6.639151e+03
6.6 6.637006e+03 6.647047e+03 6.629929e+03 6.619888e+03
7.6 6.734615e+03 6.620166e+03 6.628902e+03 6.743350e+03
8.6 6.640798e+03 6.560464e+03 6.628901e+03 6.709235e+03
9.6 6.574007e+03 6.568529e+03 6.629357e+03 6.634835e+03
10.6 6.557504e+03 6.605410e+03 6.629885e+03 6.581980e+03
11.6 6.606068e+03 6.625198e+03 6.630277e+03 6.611147e+03
12.6 6.634602e+03 6.636361e+03 6.630520e+03 6.628761e+03
13.6 6.595029e+03 6.597494e+03 6.630655e+03 6.628190e+03
14.6 6.551611e+03 6.560394e+03 6.630725e+03 6.621942e+03
15.6 6.591337e+03 6.583766e+03 6.630764e+03 6.638335e+03
16.6 6.636879e+03 6.574451e+03 6.630790e+03 6.693218e+03
17.6 6.521685e+03 6.536933e+03 6.630811e+03 6.615563e+03
