0.1 5.141364e+03 5.208021e+03 5.225532e+03 5.158876e+03
1.1 5.122351e+03 5.170756e+03 5.218194e+03 5.169789e+03
2.1 5.169249e+03 5.107407e+03 5.171952e+03 5.233794e+03
3.1 5.076666e+03 5.086658e+03 5.158808e+03 5.148815e+03
4.1 5.184583e+03 5.116759e+03 5.184353e+03 5.252177e+03
5.1 4.910072e+03 5.193850e+03 5.209822e+03 4.926044e+03
6.1 5.189441e+03 5.233236e+03 5.223857e+03 5.180062e+03
7.1 5.089505e+03 5.215003e+03 5.230159e+03 5.104661e+03
8.1 5.269593e+03 5.186209e+03 5.231832e+03 5.315216e+03
9.1 5.050430e+03 5.168687e+03 5.230978e+03 5.112720e+03
10.1 5.179314e+03 5.196934e+03 5.229259e+03 5.211639e+03
11.1 5.248643e+03 5.244284e+03 5.227744e+03 5.232102e+03
12.1 5.435957e+03 5.230784e+03 5.226721e+03 5.431894e+03
13.1 5.510399e+03 5.192541e+03 5.226136e+03 5.543995e+03
14.1 5.454118e+03 5.166206e+03 5.225858e+03 5.513770e+03
15.1 5.057800e+03 5.152681e+03 5.225732e+03 5.130850e+03
16.1 5.252630e+03 5.147656e+03 5.225679e+03 5.330654e+03
17.1 5.204874e+03 5.147234e+03 5.225656e+03 5.283296e+03
0.6 5.176495e+03 5.215371e+03 5.225089e+03 5.186214e+03
1.6 5.134395e+03 5.159817e+03 5.194305e+03 5.168883e+03
2.6 5.054061e+03 5.098314e+03 5.157294e+03 5.113041e+03
3.6 5.097886e+03 5.131531e+03 5.171166e+03 5.137521e+03
4.6 5.171782e+03 5.242323e+03 5.199293e+03 5.128751e+03
5.6 5.324592e+03 5.267060e+03 5.218602e+03 5.276134e+03
6.6 5.308837e+03 5.223040e+03 5.227876e+03 5.313673e+03
7.6 5.161354e+03 5.198921e+03 5.231284e+03 5.193717e+03
8.6 5.082945e+03 5.211469e+03 5.231288e+03 5.102764e+03
9.6 5.337863e+03 5.195551e+03 5.229774e+03 5.372085e+03
10.6 5.114962e+03 5.188181e+03 5.228022e+03 5.154803e+03
11.6 5.083859e+03 5.247378e+03 5.226722e+03 5.063203e+03
12.6 5.014645e+03 5.259315e+03 5.225915e+03 4.981245e+03
13.6 5.258303e+03 5.335793e+03 5.225465e+03 5.147975e+03
14.6 5.389646e+03 5.400504e+03 5.225235e+03 5.214377e+03
15.6 5.276767e+03 5.320822e+03 5.225105e+03 5.181049e+03
16.6 5.287253e+03 5.256497e+03 5.225019e+03 5.255775e+03
17.6 5.301141e+03 5.243132e+03 5.224949e+03 5.282957e+03
