0.2 3.923521e+03 3.783225e+03 3.603147e+03 3.743443e+03
1.2 3.780758e+03 3.794423e+03 3.606510e+03 3.592846e+03
2.2 3.663186e+03 3.724099e+03 3.631177e+03 3.570264e+03
3.2 3.663557e+03 3.662149e+03 3.648170e+03 3.649578e+03
4.2 3.544231e+03 3.605159e+03 3.635623e+03 3.574694e+03
5.2 3.494923e+03 3.567972e+03 3.617637e+03 3.544587e+03
6.2 3.565279e+03 3.551412e+03 3.605877e+03 3.619744e+03
7.2 3.848436e+03 3.548752e+03 3.600432e+03 3.900116e+03
8.2 3.694214e+03 3.560526e+03 3.607288e+03 3.740976e+03
9.2 3.619632e+03 3.585860e+03 3.628387e+03 3.662159e+03
10.2 3.256173e+03 3.588558e+03 3.628623e+03 3.296238e+03
11.2 3.420610e+03 3.583788e+03 3.616380e+03 3.453201e+03
12.2 3.128342e+03 3.600546e+03 3.606825e+03 3.134622e+03
13.2 3.378406e+03 3.603052e+03 3.601773e+03 3.377126e+03
14.2 3.582377e+03 3.615878e+03 3.599685e+03 3.566184e+03
15.2 3.385503e+03 3.618893e+03 3.599421e+03 3.366031e+03
16.2 3.605396e+03 3.595763e+03 3.600044e+03 3.609677e+03
17.2 3.362127e+03 3.573368e+03 3.600860e+03 3.389619e+03
0.5 3.848436e+03 3.548752e+03 3.600432e+03 3.900116e+03
1.5 3.694214e+03 3.560526e+03 3.607288e+03 3.740976e+03
2.5 3.619632e+03 3.585860e+03 3.628387e+03 3.662159e+03
3.5 3.256173e+03 3.588558e+03 3.628623e+03 3.296238e+03
4.5 3.420610e+03 3.583788e+03 3.616380e+03 3.453201e+03
5.5 3.128342e+03 3.600546e+03 3.606825e+03 3.134622e+03
6.5 3.378406e+03 3.603052e+03 3.601773e+03 3.377126e+03
7.5 3.582377e+03 3.615878e+03 3.599685e+03 3.566184e+03
8.5 3.385503e+03 3.618893e+03 3.599421e+03 3.366031e+03
9.5 3.605396e+03 3.595763e+03 3.600044e+03 3.609677e+03
10.5 3.362127e+03 3.573368e+03 3.600860e+03 3.389619e+03
11.5 3.355825e+03 3.574304e+03 3.601528e+03 3.383048e+03
12.5 3.654687e+03 3.604033e+03 3.601967e+03 3.652621e+03
13.5 3.619801e+03 3.615955e+03 3.602202e+03 3.606049e+03
14.5 3.515102e+03 3.685055e+03 3.602326e+03 3.432373e+03
15.5 3.690504e+03 3.700127e+03 3.602390e+03 3.592767e+03
16.5 3.779016e+03 3.642976e+03 3.602430e+03 3.738470e+03
17.5 3.500828e+03 3.570224e+03 3.602461e+03 3.533065e+03
0.2 3.961013e+03 3.751865e+03 3.602556e+03 3.811704e+03
1.2 3.724874e+03 3.764282e+03 3.606365e+03 3.566958e+03
2.2 3.780374e+03 3.696099e+03 3.628037e+03 3.712312e+03
3.2 3.712290e+03 3.632173e+03 3.635057e+03 3.715174e+03
4.2 3.597374e+03 3.588813e+03 3.623044e+03 3.631605e+03
5.2 3.735426e+03 3.653664e+03 3.610932e+03 3.692694e+03
6.2 3.770355e+03 3.695518e+03 3.604369e+03 3.679207e+03
7.2 3.774614e+03 3.661662e+03 3.615443e+03 3.728396e+03
8.2 3.467493e+03 3.624819e+03 3.630847e+03 3.473521e+03
9.2 3.362045e+03 3.588658e+03 3.625077e+03 3.398464e+03
10.2 3.472990e+03 3.612867e+03 3.613171e+03 3.473295e+03
11.2 3.694910e+03 3.697085e+03 3.605264e+03 3.603089e+03
12.2 3.584797e+03 3.675390e+03 3.601398e+03 3.510804e+03
13.2 3.453699e+03 3.594646e+03 3.600141e+03 3.459194e+03
14.2 3.122891e+03 3.553398e+03 3.600299e+03 3.169792e+03
15.2 3.639876e+03 3.672667e+03 3.601066e+03 3.568275e+03
16.2 3.742990e+03 3.785880e+03 3.601882e+03 3.558992e+03
17.2 3.645748e+03 3.747723e+03 3.602509e+03 3.500534e+03
0.8 3.770355e+03 3.695518e+03 3.604369e+03 3.679207e+03
1.8 3.774614e+03 3.661662e+03 3.615443e+03 3.728396e+03
2.8 3.467493e+03 3.624819e+03 3.630847e+03 3.473521e+03
3.8 3.362045e+03 3.588658e+03 3.625077e+03 3.398464e+03
4.8 3.472990e+03 3.612867e+03 3.613171e+03 3.473295e+03
5.8 3.694910e+03 3.697085e+03 3.605264e+03 3.603089e+03
6.8 3.584797e+03 3.675390e+03 3.601398e+03 3.510804e+03
7.8 3.453699e+03 3.594646e+03 3.600141e+03 3.459194e+03
8.8 3.122891e+03 3.553398e+03 3.600299e+03 3.169792e+03
9.8 3.639876e+03 3.672667e+03 3.601066e+03 3.568275e+03
10.8 3.742990e+03 3.785880e+03 3.601882e+03 3.558992e+03
11.8 3.645748e+03 3.747723e+03 3.602509e+03 3.500534e+03
12.8 3.446056e+03 3.679856e+03 3.602887e+03 3.369086e+03
13.8 3.530185e+03 3.615810e+03 3.603098e+03 3.517473e+03
14.8 3.740907e+03 3.574171e+03 3.603205e+03 3.769941e+03
15.8 3.661431e+03 3.559075e+03 3.603264e+03 3.705620e+03
16.8 3.655953e+03 3.583469e+03 3.603300e+03 3.675783e+03
17.8 3.851787e+03 3.599553e+03 3.603325e+03 3.855559e+03
0.4 3.880355e+03 3.578424e+03 3.603369e+03 3.905300e+03
1.4 3.741309e+03 3.586388e+03 3.609847e+03 3.764768e+03
2.4 3.663900e+03 3.613835e+03 3.635680e+03 3.685745e+03
3.4 3.605987e+03 3.623639e+03 3.643118e+03 3.625466e+03
4.4 3.834679e+03 3.631069e+03 3.628265e+03 3.831875e+03
5.4 3.957774e+03 3.632540e+03 3.613274e+03 3.938507e+03
6.4 3.451246e+03 3.612922e+03 3.604421e+03 3.442745e+03
7.4 3.510908e+03 3.581688e+03 3.600558e+03 3.529779e+03
8.4 3.785843e+03 3.549331e+03 3.599516e+03 3.836028e+03
9.4 3.530233e+03 3.549053e+03 3.600010e+03 3.581191e+03
10.4 3.565166e+03 3.564438e+03 3.601009e+03 3.601737e+03
11.4 3.699801e+03 3.643568e+03 3.601939e+03 3.658172e+03
12.4 3.815496e+03 3.736146e+03 3.602545e+03 3.681895e+03
13.4 3.642420e+03 3.711024e+03 3.602943e+03 3.534338e+03
14.4 3.582651e+03 3.657921e+03 3.611965e+03 3.536695e+03
15.4 3.743380e+03 3.638167e+03 3.635541e+03 3.740754e+03
16.4 3.539890e+03 3.618960e+03 3.636854e+03 3.557784e+03
17.4 3.874227e+03 3.619771e+03 3.622331e+03 3.876787e+03
0.5 3.642420e+03 3.711024e+03 3.602943e+03 3.534338e+03
1.5 3.582651e+03 3.657921e+03 3.611965e+03 3.536695e+03
2.5 3.743380e+03 3.638167e+03 3.635541e+03 3.740754e+03
3.5 3.539890e+03 3.618960e+03 3.636854e+03 3.557784e+03
4.5 3.874227e+03 3.619771e+03 3.622331e+03 3.876787e+03
5.5 3.672667e+03 3.617970e+03 3.609774e+03 3.664471e+03
6.5 3.562087e+03 3.585826e+03 3.603144e+03 3.579406e+03
7.5 3.486372e+03 3.552951e+03 3.600317e+03 3.533738e+03
8.5 3.462223e+03 3.580674e+03 3.599746e+03 3.481295e+03
9.5 3.803214e+03 3.699072e+03 3.600333e+03 3.704475e+03
10.5 3.713213e+03 3.720990e+03 3.601256e+03 3.593479e+03
11.5 4.004547e+03 3.669082e+03 3.602013e+03 3.937478e+03
12.5 3.793483e+03 3.636615e+03 3.602502e+03 3.759369e+03
13.5 3.452996e+03 3.622708e+03 3.602769e+03 3.433057e+03
14.5 3.588345e+03 3.603151e+03 3.602888e+03 3.588082e+03
15.5 3.802449e+03 3.586393e+03 3.602936e+03 3.818992e+03
16.5 3.658094e+03 3.578754e+03 3.602949e+03 3.682289e+03
17.5 3.393432e+03 3.562352e+03 3.602950e+03 3.434030e+03
0.5 3.111273e+03 3.352030e+03 3.602949e+03 3.362193e+03
1.5 3.390865e+03 3.402132e+03 3.612407e+03 3.601140e+03
2.5 3.442496e+03 3.523547e+03 3.637408e+03 3.556357e+03
3.5 3.459978e+03 3.593130e+03 3.639268e+03 3.506117e+03
4.5 3.697419e+03 3.611236e+03 3.623806e+03 3.709988e+03
5.5 3.728407e+03 3.657166e+03 3.610466e+03 3.681707e+03
6.5 3.770829e+03 3.748247e+03 3.602996e+03 3.625579e+03
7.5 3.705234e+03 3.727270e+03 3.599909e+03 3.577873e+03
8.5 3.371839e+03 3.662552e+03 3.604848e+03 3.314135e+03
9.5 3.643306e+03 3.633813e+03 3.626672e+03 3.636165e+03
10.5 3.753511e+03 3.612648e+03 3.631603e+03 3.772467e+03
11.5 3.585981e+03 3.609954e+03 3.619923e+03 3.595950e+03
12.5 3.681209e+03 3.614464e+03 3.609150e+03 3.675895e+03
13.5 3.886586e+03 3.601221e+03 3.602989e+03 3.888355e+03
14.5 3.558972e+03 3.604785e+03 3.600378e+03 3.554566e+03
15.5 3.587962e+03 3.621044e+03 3.599772e+03 3.566690e+03
16.5 3.738716e+03 3.632000e+03 3.600239e+03 3.706956e+03
17.5 3.782596e+03 3.705936e+03 3.601022e+03 3.677682e+03
0.3 3.705234e+03 3.727270e+03 3.599909e+03 3.577873e+03
1.3 3.371839e+03 3.662552e+03 3.604848e+03 3.314135e+03
2.3 3.643306e+03 3.633813e+03 3.626672e+03 3.636165e+03
3.3 3.753511e+03 3.612648e+03 3.631603e+03 3.772467e+03
4.3 3.585981e+03 3.609954e+03 3.619923e+03 3.595950e+03
5.3 3.681209e+03 3.614464e+03 3.609150e+03 3.675895e+03
6.3 3.886586e+03 3.601221e+03 3.602989e+03 3.888355e+03
7.3 3.558972e+03 3.604785e+03 3.600378e+03 3.554566e+03
8.3 3.587962e+03 3.621044e+03 3.599772e+03 3.566690e+03
9.3 3.738716e+03 3.632000e+03 3.600239e+03 3.706956e+03
10.3 3.782596e+03 3.705936e+03 3.601022e+03 3.677682e+03
11.3 3.656916e+03 3.708937e+03 3.601718e+03 3.549697e+03
12.3 3.711234e+03 3.651629e+03 3.602156e+03 3.661761e+03
13.3 3.529007e+03 3.603449e+03 3.602386e+03 3.527944e+03
14.3 3.413505e+03 3.575111e+03 3.602484e+03 3.440879e+03
15.3 3.804236e+03 3.544756e+03 3.602508e+03 3.861989e+03
16.3 3.325681e+03 3.531874e+03 3.602499e+03 3.396306e+03
17.3 3.687786e+03 3.630478e+03 3.602474e+03 3.659782e+03
0.6 3.652602e+03 3.638545e+03 3.601869e+03 3.615926e+03
1.6 3.746869e+03 3.606769e+03 3.611297e+03 3.751397e+03
2.6 3.805429e+03 3.614181e+03 3.640799e+03 3.832047e+03
3.6 3.687122e+03 3.611126e+03 3.646667e+03 3.722663e+03
4.6 3.651895e+03 3.591922e+03 3.628783e+03 3.688756e+03
5.6 3.473909e+03 3.577547e+03 3.612008e+03 3.508371e+03
6.6 3.381703e+03 3.571094e+03 3.602409e+03 3.413018e+03
7.6 3.566514e+03 3.569247e+03 3.598054e+03 3.595320e+03
8.6 3.587884e+03 3.572242e+03 3.599612e+03 3.615254e+03
9.6 3.522889e+03 3.595487e+03 3.622186e+03 3.549588e+03
10.6 3.596938e+03 3.608745e+03 3.635268e+03 3.623461e+03
11.6 3.579538e+03 3.598474e+03 3.625064e+03 3.606128e+03
12.6 3.496706e+03 3.584351e+03 3.611147e+03 3.523502e+03
13.6 3.519481e+03 3.568350e+03 3.602767e+03 3.553898e+03
14.6 3.571154e+03 3.534716e+03 3.598716e+03 3.635154e+03
15.6 3.332705e+03 3.523235e+03 3.597464e+03 3.406934e+03
16.6 3.464983e+03 3.557530e+03 3.597691e+03 3.505144e+03
17.6 3.739307e+03 3.682657e+03 3.598518e+03 3.655168e+03
0.1 3.566514e+03 3.569247e+03 3.598054e+03 3.595320e+03
1.1 3.587884e+03 3.572242e+03 3.599612e+03 3.615254e+03
2.1 3.522889e+03 3.595487e+03 3.622186e+03 3.549588e+03
3.1 3.596938e+03 3.608745e+03 3.635268e+03 3.623461e+03
4.1 3.579538e+03 3.598474e+03 3.625064e+03 3.606128e+03
5.1 3.496706e+03 3.584351e+03 3.611147e+03 3.523502e+03
6.1 3.519481e+03 3.568350e+03 3.602767e+03 3.553898e+03
7.1 3.571154e+03 3.534716e+03 3.598716e+03 3.635154e+03
8.1 3.332705e+03 3.523235e+03 3.597464e+03 3.406934e+03
9.1 3.464983e+03 3.557530e+03 3.597691e+03 3.505144e+03
10.1 3.739307e+03 3.682657e+03 3.598518e+03 3.655168e+03
11.1 3.493557e+03 3.717551e+03 3.599308e+03 3.375314e+03
12.1 3.555044e+03 3.666357e+03 3.599858e+03 3.488546e+03
13.1 3.543724e+03 3.637588e+03 3.600136e+03 3.506272e+03
14.1 3.637467e+03 3.617437e+03 3.600241e+03 3.620270e+03
15.1 3.526496e+03 3.588318e+03 3.600251e+03 3.538429e+03
16.1 3.451661e+03 3.568139e+03 3.600214e+03 3.483735e+03
17.1 3.504529e+03 3.559623e+03 3.600158e+03 3.545064e+03
0.6 3.526693e+03 3.565275e+03 3.599932e+03 3.561350e+03
1.6 3.076663e+03 3.572726e+03 3.611061e+03 3.114998e+03
2.6 3.642429e+03 3.599648e+03 3.639574e+03 3.682355e+03
3.6 3.482095e+03 3.613393e+03 3.641902e+03 3.510604e+03
4.6 3.556925e+03 3.696442e+03 3.623842e+03 3.484325e+03
5.6 3.831548e+03 3.716675e+03 3.608379e+03 3.723252e+03
6.6 3.508550e+03 3.654413e+03 3.599810e+03 3.453946e+03
7.6 3.627703e+03 3.593755e+03 3.597266e+03 3.631214e+03
8.6 3.545356e+03 3.578982e+03 3.615749e+03 3.582124e+03
9.6 3.590964e+03 3.587580e+03 3.640367e+03 3.643752e+03
10.6 3.776019e+03 3.585636e+03 3.634417e+03 3.824800e+03
11.6 3.631572e+03 3.594061e+03 3.616906e+03 3.654417e+03
12.6 3.526073e+03 3.583338e+03 3.604009e+03 3.546744e+03
13.6 3.648243e+03 3.570719e+03 3.597662e+03 3.675186e+03
14.6 3.769263e+03 3.588120e+03 3.595242e+03 3.776384e+03
15.6 3.785956e+03 3.592108e+03 3.595158e+03 3.789006e+03
16.6 3.833815e+03 3.643332e+03 3.596104e+03 3.786587e+03
17.6 3.775831e+03 3.685951e+03 3.597261e+03 3.687141e+03
0.9 3.627703e+03 3.593755e+03 3.597266e+03 3.631214e+03
1.9 3.545356e+03 3.578982e+03 3.615749e+03 3.582124e+03
2.9 3.590964e+03 3.587580e+03 3.640367e+03 3.643752e+03
3.9 3.776019e+03 3.585636e+03 3.634417e+03 3.824800e+03
4.9 3.631572e+03 3.594061e+03 3.616906e+03 3.654417e+03
5.9 3.526073e+03 3.583338e+03 3.604009e+03 3.546744e+03
6.9 3.648243e+03 3.570719e+03 3.597662e+03 3.675186e+03
7.9 3.769263e+03 3.588120e+03 3.595242e+03 3.776384e+03
8.9 3.785956e+03 3.592108e+03 3.595158e+03 3.789006e+03
9.9 3.833815e+03 3.643332e+03 3.596104e+03 3.786587e+03
10.9 3.775831e+03 3.685951e+03 3.597261e+03 3.687141e+03
