0.1 1.121067e+04 1.113067e+04 1.112402e+04 1.120402e+04
1.1 1.122605e+04 1.101630e+04 1.113687e+04 1.134663e+04
2.1 1.111858e+04 1.102521e+04 1.121789e+04 1.131125e+04
3.1 1.101562e+04 1.101703e+04 1.124091e+04 1.123950e+04
4.1 1.109186e+04 1.099352e+04 1.119616e+04 1.129450e+04
5.1 1.118227e+04 1.117319e+04 1.115154e+04 1.116062e+04
6.1 1.097957e+04 1.125963e+04 1.112695e+04 1.084689e+04
7.1 1.122876e+04 1.114449e+04 1.111591e+04 1.120018e+04
8.1 1.089536e+04 1.101194e+04 1.111298e+04 1.099640e+04
9.1 1.068987e+04 1.094339e+04 1.111448e+04 1.086095e+04
10.1 1.108506e+04 1.107755e+04 1.111749e+04 1.112501e+04
11.1 1.131445e+04 1.129286e+04 1.112014e+04 1.114173e+04
12.1 1.104051e+04 1.124275e+04 1.112193e+04 1.091970e+04
13.1 1.085796e+04 1.108329e+04 1.112296e+04 1.089763e+04
14.1 1.095710e+04 1.097339e+04 1.112345e+04 1.110717e+04
15.1 1.088634e+04 1.091783e+04 1.112367e+04 1.109218e+04
16.1 1.102535e+04 1.089850e+04 1.112376e+04 1.125061e+04
17.1 1.110212e+04 1.089881e+04 1.112380e+04 1.132711e+04
0.6 1.119404e+04 1.121146e+04 1.112479e+04 1.110738e+04
1.6 1.111176e+04 1.115878e+04 1.117872e+04 1.113170e+04
2.6 1.103969e+04 1.111793e+04 1.124356e+04 1.116533e+04
3.6 1.114164e+04 1.113796e+04 1.121926e+04 1.122294e+04
4.6 1.144032e+04 1.134195e+04 1.116999e+04 1.126836e+04
5.6 1.132778e+04 1.132270e+04 1.113616e+04 1.114123e+04
6.6 1.100412e+04 1.113844e+04 1.111991e+04 1.098559e+04
7.6 1.109028e+04 1.104698e+04 1.111394e+04 1.115724e+04
8.6 1.129730e+04 1.108818e+04 1.111394e+04 1.132305e+04
9.6 1.112495e+04 1.104546e+04 1.111659e+04 1.119608e+04
10.6 1.093325e+04 1.102988e+04 1.111966e+04 1.102303e+04
11.6 1.150294e+04 1.122186e+04 1.112193e+04 1.140301e+04
12.6 1.132374e+04 1.125152e+04 1.112335e+04 1.119557e+04
13.6 1.127034e+04 1.115626e+04 1.112414e+04 1.123821e+04
14.6 1.091315e+04 1.107403e+04 1.112454e+04 1.096366e+04
15.6 1.093602e+04 1.099081e+04 1.112477e+04 1.106998e+04
16.6 1.091161e+04 1.108030e+04 1.112492e+04 1.095623e+04
17.6 1.131482e+04 1.125204e+04 1.112504e+04 1.118782e+04
