0.9 1.052733e+04 1.059396e+04 1.065338e+04 1.058676e+04
1.9 1.054769e+04 1.068610e+04 1.082786e+04 1.068945e+04
2.9 1.050622e+04 1.074675e+04 1.092397e+04 1.068344e+04
3.9 1.068994e+04 1.072760e+04 1.083126e+04 1.079360e+04
4.9 1.075758e+04 1.071654e+04 1.072147e+04 1.076251e+04
5.9 1.064112e+04 1.062196e+04 1.065439e+04 1.067354e+04
6.9 1.073138e+04 1.061740e+04 1.071594e+04 1.082992e+04
7.9 1.079304e+04 1.074256e+04 1.088556e+04 1.093603e+04
8.9 1.090270e+04 1.073502e+04 1.086091e+04 1.102859e+04
9.9 1.075209e+04 1.075841e+04 1.075047e+04 1.074414e+04
10.9 1.046150e+04 1.070619e+04 1.066910e+04 1.042441e+04
11.9 1.057572e+04 1.072042e+04 1.062973e+04 1.048503e+04
12.9 1.047702e+04 1.075101e+04 1.061499e+04 1.034100e+04
13.9 1.063289e+04 1.076075e+04 1.061457e+04 1.048672e+04
14.9 1.062013e+04 1.078678e+04 1.062093e+04 1.045428e+04
15.9 1.061190e+04 1.067782e+04 1.062869e+04 1.056277e+04
16.9 1.054597e+04 1.055297e+04 1.063467e+04 1.062767e+04
17.9 1.048229e+04 1.050732e+04 1.063854e+04 1.061351e+04
0.4 1.064112e+04 1.062196e+04 1.065439e+04 1.067354e+04
1.4 1.073138e+04 1.061740e+04 1.071594e+04 1.082992e+04
2.4 1.079304e+04 1.074256e+04 1.088556e+04 1.093603e+04
3.4 1.090270e+04 1.073502e+04 1.086091e+04 1.102859e+04
4.4 1.075209e+04 1.075841e+04 1.075047e+04 1.074414e+04
5.4 1.046150e+04 1.070619e+04 1.066910e+04 1.042441e+04
6.4 1.057572e+04 1.072042e+04 1.062973e+04 1.048503e+04
7.4 1.047702e+04 1.075101e+04 1.061499e+04 1.034100e+04
8.4 1.063289e+04 1.076075e+04 1.061457e+04 1.048672e+04
9.4 1.062013e+04 1.078678e+04 1.062093e+04 1.045428e+04
10.4 1.061190e+04 1.067782e+04 1.062869e+04 1.056277e+04
11.4 1.054597e+04 1.055297e+04 1.063467e+04 1.062767e+04
12.4 1.048229e+04 1.050732e+04 1.063854e+04 1.061351e+04
13.4 1.072065e+04 1.066418e+04 1.064081e+04 1.069728e+04
14.4 1.066112e+04 1.074056e+04 1.064206e+04 1.056261e+04
15.4 1.067894e+04 1.064862e+04 1.064284e+04 1.067316e+04
16.4 1.079243e+04 1.058461e+04 1.064341e+04 1.085123e+04
17.4 1.070067e+04 1.075153e+04 1.064390e+04 1.059304e+04
0.4 1.065502e+04 1.060121e+04 1.065030e+04 1.070411e+04
1.4 1.088733e+04 1.060018e+04 1.073741e+04 1.102456e+04
2.4 1.100808e+04 1.074635e+04 1.092149e+04 1.118323e+04
3.4 1.086528e+04 1.071497e+04 1.089705e+04 1.104736e+04
4.4 1.060419e+04 1.063467e+04 1.077717e+04 1.074669e+04
5.4 1.082037e+04 1.068313e+04 1.069050e+04 1.082774e+04
6.4 1.064322e+04 1.067441e+04 1.064551e+04 1.061431e+04
7.4 1.065459e+04 1.068628e+04 1.062718e+04 1.059549e+04
8.4 1.065209e+04 1.070397e+04 1.062512e+04 1.057324e+04
9.4 1.060934e+04 1.063024e+04 1.063073e+04 1.060984e+04
10.4 1.067847e+04 1.066907e+04 1.063783e+04 1.064722e+04
11.4 1.083760e+04 1.078284e+04 1.064351e+04 1.069827e+04
12.4 1.074697e+04 1.072562e+04 1.064718e+04 1.066854e+04
13.4 1.057214e+04 1.062807e+04 1.064912e+04 1.059320e+04
14.4 1.048921e+04 1.055317e+04 1.065011e+04 1.058615e+04
15.4 1.056430e+04 1.050773e+04 1.065058e+04 1.070715e+04
16.4 1.054647e+04 1.048793e+04 1.065084e+04 1.070938e+04
17.4 1.034232e+04 1.050100e+04 1.065101e+04 1.049233e+04
1.0 1.069659e+04 1.076013e+04 1.066261e+04 1.059907e+04
2.0 1.065081e+04 1.084953e+04 1.085255e+04 1.065383e+04
3.0 1.072126e+04 1.083049e+04 1.091947e+04 1.081024e+04
4.0 1.057065e+04 1.068223e+04 1.081845e+04 1.070686e+04
5.0 1.049592e+04 1.055998e+04 1.070962e+04 1.064555e+04
6.0 1.076593e+04 1.060713e+04 1.064807e+04 1.080686e+04
7.0 1.051712e+04 1.072247e+04 1.061927e+04 1.041392e+04
8.0 1.082428e+04 1.072236e+04 1.061119e+04 1.071311e+04
9.0 1.067399e+04 1.074238e+04 1.061375e+04 1.054537e+04
10.0 1.060322e+04 1.067142e+04 1.062019e+04 1.055198e+04
11.0 1.057575e+04 1.061333e+04 1.062600e+04 1.058841e+04
12.0 1.079669e+04 1.074938e+04 1.063000e+04 1.067731e+04
13.0 1.081907e+04 1.077214e+04 1.063210e+04 1.067903e+04
14.0 1.079287e+04 1.066518e+04 1.063304e+04 1.076074e+04
15.0 1.059911e+04 1.056505e+04 1.063338e+04 1.066745e+04
