0.2 5.590787e+03 5.249145e+03 5.212929e+03 5.554571e+03
1.2 5.272053e+03 5.243862e+03 5.250813e+03 5.279005e+03
2.2 5.645798e+03 5.365762e+03 5.406507e+03 5.686543e+03
3.2 5.251936e+03 5.377514e+03 5.428433e+03 5.302854e+03
4.2 5.173148e+03 5.337202e+03 5.337375e+03 5.173321e+03
5.2 5.270942e+03 5.289835e+03 5.258966e+03 5.240073e+03
6.2 5.145987e+03 5.217439e+03 5.214999e+03 5.143547e+03
7.2 5.184965e+03 5.164129e+03 5.196589e+03 5.217425e+03
8.2 5.079636e+03 5.164779e+03 5.192496e+03 5.107353e+03
9.2 5.182988e+03 5.225094e+03 5.195994e+03 5.153887e+03
10.2 5.311282e+03 5.243703e+03 5.201664e+03 5.269243e+03
11.2 5.373989e+03 5.304608e+03 5.206688e+03 5.276069e+03
12.2 5.221089e+03 5.309394e+03 5.209916e+03 5.121611e+03
13.2 5.089322e+03 5.245550e+03 5.211716e+03 5.055488e+03
14.2 5.167250e+03 5.222587e+03 5.212626e+03 5.157288e+03
15.2 5.124833e+03 5.226569e+03 5.213036e+03 5.111299e+03
16.2 5.293006e+03 5.205542e+03 5.213230e+03 5.300694e+03
17.2 5.119621e+03 5.195440e+03 5.213327e+03 5.137508e+03
0.8 5.460513e+03 5.299460e+03 5.211458e+03 5.372511e+03
1.8 5.439233e+03 5.375352e+03 5.338944e+03 5.402825e+03
2.8 5.597998e+03 5.417195e+03 5.433402e+03 5.614204e+03
3.8 5.300614e+03 5.320988e+03 5.367837e+03 5.347463e+03
4.8 4.973513e+03 5.242878e+03 5.277390e+03 5.008025e+03
5.8 5.418295e+03 5.226707e+03 5.219674e+03 5.411262e+03
6.8 5.083185e+03 5.194475e+03 5.192863e+03 5.081572e+03
7.8 5.063361e+03 5.158633e+03 5.183785e+03 5.088512e+03
8.8 5.218893e+03 5.183446e+03 5.184814e+03 5.220261e+03
9.8 5.233594e+03 5.235410e+03 5.189928e+03 5.188112e+03
10.8 5.034098e+03 5.217962e+03 5.195325e+03 5.011460e+03
11.8 5.323632e+03 5.210908e+03 5.199092e+03 5.311816e+03
12.8 5.521829e+03 5.269119e+03 5.201284e+03 5.453994e+03
13.8 5.299496e+03 5.274572e+03 5.214975e+03 5.239899e+03
14.8 5.441312e+03 5.361938e+03 5.357695e+03 5.437070e+03
15.8 5.223156e+03 5.391649e+03 5.429707e+03 5.261215e+03
16.8 5.333754e+03 5.328349e+03 5.354360e+03 5.359766e+03
17.8 5.545060e+03 5.273417e+03 5.267293e+03 5.538936e+03
0.9 5.299496e+03 5.274572e+03 5.214975e+03 5.239899e+03
1.9 5.441312e+03 5.361938e+03 5.357695e+03 5.437070e+03
2.9 5.223156e+03 5.391649e+03 5.429707e+03 5.261215e+03
3.9 5.333754e+03 5.328349e+03 5.354360e+03 5.359766e+03
4.9 5.545060e+03 5.273417e+03 5.267293e+03 5.538936e+03
5.9 5.254035e+03 5.225446e+03 5.214265e+03 5.242854e+03
6.9 5.388557e+03 5.244227e+03 5.190422e+03 5.334752e+03
7.9 5.504695e+03 5.226171e+03 5.183139e+03 5.461663e+03
8.9 5.295502e+03 5.196072e+03 5.185228e+03 5.284659e+03
9.9 5.111897e+03 5.270849e+03 5.190729e+03 5.031778e+03
10.9 5.472200e+03 5.348202e+03 5.196186e+03 5.320184e+03
11.9 5.258121e+03 5.298402e+03 5.199940e+03 5.159658e+03
12.9 5.303472e+03 5.213006e+03 5.202197e+03 5.292662e+03
13.9 5.209037e+03 5.160378e+03 5.203362e+03 5.252021e+03
14.9 5.095260e+03 5.167311e+03 5.203972e+03 5.131921e+03
15.9 5.248809e+03 5.212475e+03 5.204327e+03 5.240661e+03
16.9 5.131577e+03 5.207160e+03 5.204573e+03 5.128990e+03
17.9 5.235202e+03 5.175992e+03 5.204788e+03 5.263997e+03
0.7 5.014645e+03 5.259315e+03 5.212755e+03 4.968084e+03
1.7 5.258303e+03 5.335793e+03 5.334592e+03 5.257102e+03
2.7 5.389646e+03 5.400504e+03 5.437999e+03 5.427141e+03
3.7 5.276767e+03 5.320822e+03 5.377942e+03 5.333887e+03
4.7 5.287253e+03 5.256497e+03 5.286954e+03 5.317710e+03
5.7 5.301141e+03 5.243132e+03 5.228901e+03 5.286910e+03
6.7 5.210705e+03 5.225906e+03 5.200371e+03 5.185169e+03
7.7 5.212007e+03 5.284490e+03 5.191043e+03 5.118561e+03
8.7 5.279540e+03 5.279663e+03 5.192134e+03 5.192010e+03
9.7 5.131617e+03 5.218535e+03 5.197554e+03 5.110636e+03
10.7 5.138343e+03 5.170272e+03 5.203256e+03 5.171327e+03
11.7 5.049764e+03 5.151221e+03 5.207583e+03 5.106127e+03
12.7 5.161620e+03 5.185556e+03 5.210180e+03 5.186244e+03
13.7 5.261495e+03 5.211035e+03 5.211651e+03 5.262110e+03
14.7 5.279551e+03 5.204896e+03 5.212437e+03 5.287093e+03
15.7 5.405620e+03 5.201257e+03 5.212909e+03 5.417272e+03
16.7 5.327118e+03 5.183739e+03 5.213243e+03 5.356621e+03
17.7 5.197788e+03 5.179398e+03 5.213514e+03 5.231905e+03
0.3 5.048210e+03 5.269149e+03 5.198069e+03 4.977130e+03
1.3 5.231377e+03 5.299439e+03 5.251574e+03 5.183513e+03
2.3 5.384700e+03 5.388551e+03 5.402783e+03 5.398932e+03
3.3 5.393923e+03 5.340832e+03 5.400112e+03 5.453203e+03
4.3 5.232962e+03 5.238763e+03 5.306375e+03 5.300574e+03
5.3 5.270665e+03 5.213615e+03 5.229848e+03 5.286898e+03
6.3 5.209111e+03 5.190840e+03 5.189797e+03 5.208068e+03
7.3 5.347447e+03 5.219087e+03 5.172324e+03 5.300685e+03
8.3 5.355955e+03 5.249412e+03 5.168068e+03 5.274612e+03
