0.2 8.661375e+03 8.224852e+03 8.161101e+03 8.597624e+03
1.2 8.616435e+03 8.210954e+03 8.204666e+03 8.610148e+03
2.2 9.072427e+03 8.345039e+03 8.383707e+03 9.111096e+03
3.2 8.183008e+03 8.357828e+03 8.408921e+03 8.234100e+03
4.2 8.093262e+03 8.329961e+03 8.304208e+03 8.067508e+03
5.2 8.220680e+03 8.286015e+03 8.214042e+03 8.148707e+03
6.2 8.108952e+03 8.192161e+03 8.163481e+03 8.080273e+03
7.2 8.215816e+03 8.117902e+03 8.142311e+03 8.240226e+03
8.2 8.132802e+03 8.119506e+03 8.137604e+03 8.150900e+03
9.2 8.255967e+03 8.207902e+03 8.141626e+03 8.189692e+03
10.2 8.377098e+03 8.225537e+03 8.148146e+03 8.299708e+03
11.2 8.371581e+03 8.248147e+03 8.153924e+03 8.277358e+03
12.2 8.160603e+03 8.230337e+03 8.157636e+03 8.087902e+03
13.2 8.162419e+03 8.166650e+03 8.159707e+03 8.155476e+03
14.2 8.103815e+03 8.131078e+03 8.160752e+03 8.133490e+03
15.2 8.151714e+03 8.122159e+03 8.161224e+03 8.190778e+03
16.2 8.140881e+03 8.105944e+03 8.161447e+03 8.196384e+03
17.2 8.053823e+03 8.093184e+03 8.161559e+03 8.122198e+03
0.8 8.830657e+03 8.289521e+03 8.159409e+03 8.700545e+03
1.8 8.855913e+03 8.368961e+03 8.306013e+03 8.792965e+03
2.8 9.028804e+03 8.408976e+03 8.414635e+03 9.034463e+03
3.8 8.240396e+03 8.293313e+03 8.339238e+03 8.286321e+03
4.8 7.953395e+03 8.184165e+03 8.235229e+03 8.004459e+03
5.8 8.240446e+03 8.134877e+03 8.168857e+03 8.274427e+03
6.8 7.893335e+03 8.103203e+03 8.138026e+03 7.928159e+03
7.8 8.063899e+03 8.083374e+03 8.127587e+03 8.108111e+03
8.8 8.018232e+03 8.114246e+03 8.128770e+03 8.032756e+03
9.8 8.196243e+03 8.164208e+03 8.134651e+03 8.166686e+03
10.8 8.242111e+03 8.154211e+03 8.140857e+03 8.228756e+03
11.8 8.311676e+03 8.165690e+03 8.145189e+03 8.291174e+03
12.8 8.479244e+03 8.254974e+03 8.147710e+03 8.371981e+03
13.8 8.360882e+03 8.265768e+03 8.163453e+03 8.258568e+03
14.8 8.240542e+03 8.358797e+03 8.327576e+03 8.209321e+03
15.8 8.122717e+03 8.384343e+03 8.410386e+03 8.148760e+03
16.8 8.397037e+03 8.284731e+03 8.323740e+03 8.436046e+03
17.8 8.383038e+03 8.192594e+03 8.223618e+03 8.414062e+03
0.9 8.360882e+03 8.265768e+03 8.163453e+03 8.258568e+03
1.9 8.240542e+03 8.358797e+03 8.327576e+03 8.209321e+03
2.9 8.122717e+03 8.384343e+03 8.410386e+03 8.148760e+03
3.9 8.397037e+03 8.284731e+03 8.323740e+03 8.436046e+03
4.9 8.383038e+03 8.192594e+03 8.223618e+03 8.414062e+03
5.9 8.192810e+03 8.139555e+03 8.162638e+03 8.215893e+03
6.9 8.488593e+03 8.159052e+03 8.135219e+03 8.464759e+03
7.9 8.384152e+03 8.151053e+03 8.126844e+03 8.359943e+03
8.9 8.330614e+03 8.122280e+03 8.129247e+03 8.337581e+03
9.9 7.940502e+03 8.124218e+03 8.135572e+03 7.951856e+03
10.9 8.140143e+03 8.136046e+03 8.141847e+03 8.145945e+03
11.9 8.134143e+03 8.124359e+03 8.146164e+03 8.155948e+03
12.9 8.363973e+03 8.106893e+03 8.148759e+03 8.405839e+03
13.9 8.189727e+03 8.097793e+03 8.150100e+03 8.242034e+03
14.9 7.750959e+03 8.109660e+03 8.150801e+03 7.792101e+03
15.9 8.064267e+03 8.134833e+03 8.151209e+03 8.080643e+03
16.9 7.967348e+03 8.132808e+03 8.151492e+03 7.986032e+03
17.9 7.843117e+03 8.117042e+03 8.151739e+03 7.877813e+03
0.7 8.062997e+03 8.241876e+03 8.160901e+03 7.982022e+03
1.7 8.218699e+03 8.319731e+03 8.301009e+03 8.199977e+03
2.7 8.247574e+03 8.387461e+03 8.419921e+03 8.280035e+03
3.7 8.206824e+03 8.293557e+03 8.350859e+03 8.264126e+03
4.7 8.206838e+03 8.231167e+03 8.246226e+03 8.221897e+03
5.7 8.208764e+03 8.232161e+03 8.179468e+03 8.156072e+03
6.7 8.145046e+03 8.201033e+03 8.146660e+03 8.090673e+03
7.7 8.129362e+03 8.223685e+03 8.135934e+03 8.041610e+03
8.7 8.204419e+03 8.204765e+03 8.137188e+03 8.136842e+03
9.7 8.056426e+03 8.149733e+03 8.143421e+03 8.050113e+03
10.7 7.968080e+03 8.109868e+03 8.149977e+03 8.008189e+03
11.7 8.006893e+03 8.094256e+03 8.154954e+03 8.067591e+03
12.7 8.164163e+03 8.110205e+03 8.157940e+03 8.211899e+03
13.7 8.210185e+03 8.124461e+03 8.159631e+03 8.245355e+03
14.7 8.156762e+03 8.119099e+03 8.160536e+03 8.198199e+03
15.7 8.178117e+03 8.111006e+03 8.161079e+03 8.228190e+03
16.7 8.192649e+03 8.106092e+03 8.161462e+03 8.248018e+03
17.7 8.216933e+03 8.110826e+03 8.161774e+03 8.267881e+03
0.3 8.074832e+03 8.236616e+03 8.144012e+03 7.982228e+03
1.3 8.023539e+03 8.266319e+03 8.205542e+03 7.962761e+03
2.3 8.129772e+03 8.358854e+03 8.379425e+03 8.150343e+03
3.3 8.075586e+03 8.297415e+03 8.376353e+03 8.154524e+03
4.3 8.093416e+03 8.181923e+03 8.268560e+03 8.180053e+03
5.3 8.228025e+03 8.172851e+03 8.180557e+03 8.235732e+03
6.3 8.250194e+03 8.151057e+03 8.134500e+03 8.233637e+03
7.3 8.182654e+03 8.146391e+03 8.114408e+03 8.150670e+03
8.3 8.174660e+03 8.147757e+03 8.109513e+03 8.136417e+03
