0.2 1.184722e+04 1.163966e+04 1.163209e+04 1.183965e+04
1.2 1.195996e+04 1.162476e+04 1.165029e+04 1.198549e+04
2.2 1.191455e+04 1.171155e+04 1.178377e+04 1.198677e+04
3.2 1.207059e+04 1.177543e+04 1.187572e+04 1.217089e+04
4.2 1.193567e+04 1.169822e+04 1.180783e+04 1.204527e+04
5.2 1.178123e+04 1.160184e+04 1.171050e+04 1.188989e+04
6.2 1.210535e+04 1.154311e+04 1.164686e+04 1.220910e+04
7.2 1.193622e+04 1.151919e+04 1.161740e+04 1.203443e+04
8.2 1.189715e+04 1.156105e+04 1.165450e+04 1.199060e+04
9.2 1.178075e+04 1.167878e+04 1.176867e+04 1.187065e+04
10.2 1.143744e+04 1.168242e+04 1.176995e+04 1.152497e+04
11.2 1.129137e+04 1.163177e+04 1.170369e+04 1.136329e+04
12.2 1.155124e+04 1.163860e+04 1.165199e+04 1.156464e+04
13.2 1.129888e+04 1.163315e+04 1.162465e+04 1.129039e+04
14.2 1.127586e+04 1.168569e+04 1.161335e+04 1.120352e+04
15.2 1.139438e+04 1.170930e+04 1.161192e+04 1.129700e+04
16.2 1.130616e+04 1.164645e+04 1.161530e+04 1.127501e+04
17.2 1.140066e+04 1.158213e+04 1.161971e+04 1.143824e+04
0.5 1.193622e+04 1.151919e+04 1.161740e+04 1.203443e+04
1.5 1.189715e+04 1.156105e+04 1.165450e+04 1.199060e+04
2.5 1.178075e+04 1.167878e+04 1.176867e+04 1.187065e+04
3.5 1.143744e+04 1.168242e+04 1.176995e+04 1.152497e+04
4.5 1.129137e+04 1.163177e+04 1.170369e+04 1.136329e+04
5.5 1.155124e+04 1.163860e+04 1.165199e+04 1.156464e+04
6.5 1.129888e+04 1.163315e+04 1.162465e+04 1.129039e+04
7.5 1.127586e+04 1.168569e+04 1.161335e+04 1.120352e+04
8.5 1.139438e+04 1.170930e+04 1.161192e+04 1.129700e+04
9.5 1.130616e+04 1.164645e+04 1.161530e+04 1.127501e+04
10.5 1.140066e+04 1.158213e+04 1.161971e+04 1.143824e+04
11.5 1.149462e+04 1.158889e+04 1.162332e+04 1.152905e+04
12.5 1.183905e+04 1.168492e+04 1.162570e+04 1.177984e+04
13.5 1.196119e+04 1.169705e+04 1.162698e+04 1.189112e+04
14.5 1.203066e+04 1.169021e+04 1.162765e+04 1.196809e+04
15.5 1.136519e+04 1.165840e+04 1.162799e+04 1.133478e+04
16.5 1.114910e+04 1.160730e+04 1.162821e+04 1.117001e+04
17.5 1.147103e+04 1.167573e+04 1.162838e+04 1.142368e+04
0.2 1.163772e+04 1.169783e+04 1.162889e+04 1.156878e+04
1.2 1.134791e+04 1.166231e+04 1.164950e+04 1.133510e+04
2.2 1.159054e+04 1.171836e+04 1.176678e+04 1.163896e+04
3.2 1.146404e+04 1.172175e+04 1.180477e+04 1.154706e+04
4.2 1.157921e+04 1.164659e+04 1.173976e+04 1.167238e+04
5.2 1.146996e+04 1.160923e+04 1.167421e+04 1.153495e+04
6.2 1.138043e+04 1.159428e+04 1.163870e+04 1.142485e+04
7.2 1.175749e+04 1.164552e+04 1.169863e+04 1.181060e+04
8.2 1.164443e+04 1.171618e+04 1.178198e+04 1.171024e+04
9.2 1.161389e+04 1.167751e+04 1.175076e+04 1.168714e+04
10.2 1.177116e+04 1.162479e+04 1.168633e+04 1.183270e+04
11.2 1.182906e+04 1.161014e+04 1.164354e+04 1.186247e+04
12.2 1.161818e+04 1.162228e+04 1.162262e+04 1.161852e+04
13.2 1.127405e+04 1.173028e+04 1.161582e+04 1.115959e+04
14.2 1.132265e+04 1.174167e+04 1.161668e+04 1.119765e+04
15.2 1.150558e+04 1.170825e+04 1.162083e+04 1.141815e+04
16.2 1.160862e+04 1.168081e+04 1.162524e+04 1.155306e+04
17.2 1.183389e+04 1.167618e+04 1.162863e+04 1.178635e+04
0.8 1.138043e+04 1.159428e+04 1.163870e+04 1.142485e+04
1.8 1.175749e+04 1.164552e+04 1.169863e+04 1.181060e+04
2.8 1.164443e+04 1.171618e+04 1.178198e+04 1.171024e+04
3.8 1.161389e+04 1.167751e+04 1.175076e+04 1.168714e+04
4.8 1.177116e+04 1.162479e+04 1.168633e+04 1.183270e+04
5.8 1.182906e+04 1.161014e+04 1.164354e+04 1.186247e+04
6.8 1.161818e+04 1.162228e+04 1.162262e+04 1.161852e+04
7.8 1.127405e+04 1.173028e+04 1.161582e+04 1.115959e+04
8.8 1.132265e+04 1.174167e+04 1.161668e+04 1.119765e+04
9.8 1.150558e+04 1.170825e+04 1.162083e+04 1.141815e+04
10.8 1.160862e+04 1.168081e+04 1.162524e+04 1.155306e+04
11.8 1.183389e+04 1.167618e+04 1.162863e+04 1.178635e+04
12.8 1.169348e+04 1.169218e+04 1.163068e+04 1.163198e+04
13.8 1.177296e+04 1.164408e+04 1.163182e+04 1.176070e+04
14.8 1.150030e+04 1.158745e+04 1.163240e+04 1.154526e+04
15.8 1.144872e+04 1.156786e+04 1.163272e+04 1.151358e+04
16.8 1.174188e+04 1.164441e+04 1.163291e+04 1.173039e+04
17.8 1.161912e+04 1.168108e+04 1.163305e+04 1.157109e+04
0.4 1.164361e+04 1.153612e+04 1.163329e+04 1.174078e+04
1.4 1.120703e+04 1.157398e+04 1.166834e+04 1.130138e+04
2.4 1.132953e+04 1.171701e+04 1.180814e+04 1.142065e+04
3.4 1.197550e+04 1.176195e+04 1.184838e+04 1.206193e+04
4.4 1.206928e+04 1.172980e+04 1.176801e+04 1.210749e+04
5.4 1.185275e+04 1.168389e+04 1.168689e+04 1.185575e+04
6.4 1.166691e+04 1.161340e+04 1.163898e+04 1.169249e+04
7.4 1.138420e+04 1.163615e+04 1.161808e+04 1.136614e+04
8.4 1.193203e+04 1.174340e+04 1.161244e+04 1.180107e+04
9.4 1.200705e+04 1.171483e+04 1.161511e+04 1.190734e+04
10.4 1.193059e+04 1.162726e+04 1.162052e+04 1.192384e+04
11.4 1.210486e+04 1.172560e+04 1.162555e+04 1.200481e+04
12.4 1.216896e+04 1.190467e+04 1.162883e+04 1.189311e+04
13.4 1.204178e+04 1.182286e+04 1.163098e+04 1.184990e+04
14.4 1.170057e+04 1.171563e+04 1.167981e+04 1.166475e+04
15.4 1.190752e+04 1.174176e+04 1.180738e+04 1.197315e+04
16.4 1.199088e+04 1.170511e+04 1.181449e+04 1.210026e+04
17.4 1.208635e+04 1.166368e+04 1.173590e+04 1.215857e+04
0.5 1.204178e+04 1.182286e+04 1.163098e+04 1.184990e+04
1.5 1.170057e+04 1.171563e+04 1.167981e+04 1.166475e+04
2.5 1.190752e+04 1.174176e+04 1.180738e+04 1.197315e+04
3.5 1.199088e+04 1.170511e+04 1.181449e+04 1.210026e+04
4.5 1.208635e+04 1.166368e+04 1.173590e+04 1.215857e+04
5.5 1.202428e+04 1.162869e+04 1.166795e+04 1.206354e+04
6.5 1.188509e+04 1.167225e+04 1.163207e+04 1.184491e+04
7.5 1.220941e+04 1.175199e+04 1.161677e+04 1.207419e+04
8.5 1.210180e+04 1.176541e+04 1.161368e+04 1.195008e+04
9.5 1.227758e+04 1.193206e+04 1.161686e+04 1.196238e+04
10.5 1.228536e+04 1.189853e+04 1.162186e+04 1.200869e+04
11.5 1.217973e+04 1.174263e+04 1.162595e+04 1.206305e+04
12.5 1.189591e+04 1.173839e+04 1.162860e+04 1.178612e+04
13.5 1.197978e+04 1.178169e+04 1.163004e+04 1.182814e+04
14.5 1.172316e+04 1.169998e+04 1.163069e+04 1.165387e+04
15.5 1.144456e+04 1.159164e+04 1.163095e+04 1.148387e+04
16.5 1.157852e+04 1.153396e+04 1.163102e+04 1.167558e+04
17.5 1.177088e+04 1.160471e+04 1.163102e+04 1.179719e+04
0.5 1.130828e+04 1.142992e+04 1.163102e+04 1.150938e+04
1.5 1.128621e+04 1.148612e+04 1.168220e+04 1.148229e+04
2.5 1.144111e+04 1.166743e+04 1.181749e+04 1.159116e+04
3.5 1.181362e+04 1.171356e+04 1.182755e+04 1.192762e+04
4.5 1.136765e+04 1.165028e+04 1.174388e+04 1.146125e+04
5.5 1.160695e+04 1.160211e+04 1.167170e+04 1.167654e+04
6.5 1.164149e+04 1.159420e+04 1.163127e+04 1.167857e+04
7.5 1.179184e+04 1.157266e+04 1.161456e+04 1.183374e+04
8.5 1.161871e+04 1.157800e+04 1.164129e+04 1.168200e+04
9.5 1.183565e+04 1.168032e+04 1.175939e+04 1.191472e+04
10.5 1.171557e+04 1.169998e+04 1.178608e+04 1.180167e+04
11.5 1.170089e+04 1.167792e+04 1.172287e+04 1.174583e+04
12.5 1.163445e+04 1.165695e+04 1.166457e+04 1.164208e+04
13.5 1.165321e+04 1.160396e+04 1.163123e+04 1.168048e+04
14.5 1.151423e+04 1.161444e+04 1.161711e+04 1.151689e+04
15.5 1.167084e+04 1.166627e+04 1.161382e+04 1.161840e+04
16.5 1.181594e+04 1.165003e+04 1.161635e+04 1.178226e+04
17.5 1.161952e+04 1.165417e+04 1.162059e+04 1.158594e+04
0.3 1.179184e+04 1.157266e+04 1.161456e+04 1.183374e+04
1.3 1.161871e+04 1.157800e+04 1.164129e+04 1.168200e+04
2.3 1.183565e+04 1.168032e+04 1.175939e+04 1.191472e+04
3.3 1.171557e+04 1.169998e+04 1.178608e+04 1.180167e+04
4.3 1.170089e+04 1.167792e+04 1.172287e+04 1.174583e+04
5.3 1.163445e+04 1.165695e+04 1.166457e+04 1.164208e+04
6.3 1.165321e+04 1.160396e+04 1.163123e+04 1.168048e+04
7.3 1.151423e+04 1.161444e+04 1.161711e+04 1.151689e+04
8.3 1.167084e+04 1.166627e+04 1.161382e+04 1.161840e+04
9.3 1.181594e+04 1.165003e+04 1.161635e+04 1.178226e+04
10.3 1.161952e+04 1.165417e+04 1.162059e+04 1.158594e+04
11.3 1.172653e+04 1.162728e+04 1.162435e+04 1.172361e+04
12.3 1.171088e+04 1.157760e+04 1.162672e+04 1.176000e+04
13.3 1.148808e+04 1.154275e+04 1.162797e+04 1.157330e+04
14.3 1.145783e+04 1.154149e+04 1.162850e+04 1.154484e+04
15.3 1.158717e+04 1.166224e+04 1.162863e+04 1.155357e+04
16.3 1.157594e+04 1.173751e+04 1.162858e+04 1.146701e+04
17.3 1.167416e+04 1.170737e+04 1.162845e+04 1.159524e+04
0.6 1.175559e+04 1.166308e+04 1.162517e+04 1.171769e+04
1.6 1.177444e+04 1.160102e+04 1.167619e+04 1.184961e+04
2.6 1.164931e+04 1.171019e+04 1.183584e+04 1.177496e+04
3.6 1.175450e+04 1.172985e+04 1.186759e+04 1.189223e+04
4.6 1.174155e+04 1.163979e+04 1.177081e+04 1.187257e+04
5.6 1.169700e+04 1.156205e+04 1.168004e+04 1.181499e+04
6.6 1.147871e+04 1.152234e+04 1.162809e+04 1.158446e+04
7.6 1.155633e+04 1.150768e+04 1.160453e+04 1.165318e+04
8.6 1.138963e+04 1.152136e+04 1.161296e+04 1.148123e+04
9.6 1.136584e+04 1.164648e+04 1.173511e+04 1.145448e+04
10.6 1.144544e+04 1.171887e+04 1.180591e+04 1.153247e+04
11.6 1.151631e+04 1.166466e+04 1.175069e+04 1.160234e+04
12.6 1.141804e+04 1.159028e+04 1.167538e+04 1.150314e+04
13.6 1.149654e+04 1.159081e+04 1.163003e+04 1.153576e+04
14.6 1.169171e+04 1.174893e+04 1.160811e+04 1.155089e+04
15.6 1.163969e+04 1.180363e+04 1.160134e+04 1.143740e+04
16.6 1.143102e+04 1.175085e+04 1.160256e+04 1.128273e+04
17.6 1.184522e+04 1.190739e+04 1.160704e+04 1.154488e+04
0.1 1.155633e+04 1.150768e+04 1.160453e+04 1.165318e+04
1.1 1.138963e+04 1.152136e+04 1.161296e+04 1.148123e+04
2.1 1.136584e+04 1.164648e+04 1.173511e+04 1.145448e+04
3.1 1.144544e+04 1.171887e+04 1.180591e+04 1.153247e+04
4.1 1.151631e+04 1.166466e+04 1.175069e+04 1.160234e+04
5.1 1.141804e+04 1.159028e+04 1.167538e+04 1.150314e+04
6.1 1.149654e+04 1.159081e+04 1.163003e+04 1.153576e+04
7.1 1.169171e+04 1.174893e+04 1.160811e+04 1.155089e+04
8.1 1.163969e+04 1.180363e+04 1.160134e+04 1.143740e+04
9.1 1.143102e+04 1.175085e+04 1.160256e+04 1.128273e+04
10.1 1.184522e+04 1.190739e+04 1.160704e+04 1.154488e+04
11.1 1.173570e+04 1.190779e+04 1.161132e+04 1.143922e+04
12.1 1.141179e+04 1.174596e+04 1.161429e+04 1.128012e+04
13.1 1.138517e+04 1.168430e+04 1.161580e+04 1.131667e+04
14.1 1.170495e+04 1.164962e+04 1.161636e+04 1.167169e+04
15.1 1.159195e+04 1.158080e+04 1.161642e+04 1.162757e+04
16.1 1.166383e+04 1.153184e+04 1.161622e+04 1.174821e+04
17.1 1.136548e+04 1.151305e+04 1.161591e+04 1.146834e+04
0.6 1.153537e+04 1.154812e+04 1.161469e+04 1.160194e+04
1.6 1.193197e+04 1.160018e+04 1.167491e+04 1.200671e+04
2.6 1.196277e+04 1.175307e+04 1.182921e+04 1.203891e+04
3.6 1.158640e+04 1.177163e+04 1.184180e+04 1.165657e+04
4.6 1.148031e+04 1.170815e+04 1.174408e+04 1.151623e+04
5.6 1.162429e+04 1.163879e+04 1.166040e+04 1.164590e+04
6.6 1.145004e+04 1.157912e+04 1.161403e+04 1.148495e+04
7.6 1.140661e+04 1.155010e+04 1.160026e+04 1.145677e+04
8.6 1.163935e+04 1.164189e+04 1.170028e+04 1.169774e+04
9.6 1.177389e+04 1.177185e+04 1.183350e+04 1.183555e+04
10.6 1.189832e+04 1.175963e+04 1.180130e+04 1.193999e+04
11.6 1.166957e+04 1.172246e+04 1.170655e+04 1.165366e+04
12.6 1.172226e+04 1.165417e+04 1.163675e+04 1.170484e+04
13.6 1.162912e+04 1.161040e+04 1.160240e+04 1.162112e+04
14.6 1.180555e+04 1.167062e+04 1.158931e+04 1.172424e+04
15.6 1.179846e+04 1.168395e+04 1.158886e+04 1.170336e+04
16.6 1.183956e+04 1.167482e+04 1.159397e+04 1.175871e+04
17.6 1.168780e+04 1.166390e+04 1.160024e+04 1.162414e+04
0.9 1.140661e+04 1.155010e+04 1.160026e+04 1.145677e+04
1.9 1.163935e+04 1.164189e+04 1.170028e+04 1.169774e+04
2.9 1.177389e+04 1.177185e+04 1.183350e+04 1.183555e+04
3.9 1.189832e+04 1.175963e+04 1.180130e+04 1.193999e+04
4.9 1.166957e+04 1.172246e+04 1.170655e+04 1.165366e+04
5.9 1.172226e+04 1.165417e+04 1.163675e+04 1.170484e+04
6.9 1.162912e+04 1.161040e+04 1.160240e+04 1.162112e+04
7.9 1.180555e+04 1.167062e+04 1.158931e+04 1.172424e+04
8.9 1.179846e+04 1.168395e+04 1.158886e+04 1.170336e+04
9.9 1.183956e+04 1.167482e+04 1.159397e+04 1.175871e+04
10.9 1.168780e+04 1.166390e+04 1.160024e+04 1.162414e+04
