0.4 1.026476e+04 1.029298e+04 1.027876e+04 1.025053e+04
1.4 1.017581e+04 1.025308e+04 1.025666e+04 1.017939e+04
2.4 1.010333e+04 1.019019e+04 1.020393e+04 1.011707e+04
3.4 1.006609e+04 1.018782e+04 1.020636e+04 1.008462e+04
4.4 1.010069e+04 1.021930e+04 1.023943e+04 1.012082e+04
5.4 1.008027e+04 1.024441e+04 1.026440e+04 1.010026e+04
6.4 1.013557e+04 1.026397e+04 1.027767e+04 1.014927e+04
7.4 1.023980e+04 1.029513e+04 1.028275e+04 1.022742e+04
8.4 1.024894e+04 1.030407e+04 1.028328e+04 1.022816e+04
9.4 1.025647e+04 1.028767e+04 1.028152e+04 1.025032e+04
10.4 1.024290e+04 1.027058e+04 1.027926e+04 1.025158e+04
11.4 1.025530e+04 1.027207e+04 1.027733e+04 1.026056e+04
12.4 1.027525e+04 1.029188e+04 1.027604e+04 1.025940e+04
13.4 1.029854e+04 1.028856e+04 1.027523e+04 1.028521e+04
14.4 1.026253e+04 1.027790e+04 1.027471e+04 1.025934e+04
15.4 1.026446e+04 1.028517e+04 1.027436e+04 1.025365e+04
16.4 1.033733e+04 1.028213e+04 1.027407e+04 1.032928e+04
17.4 1.020993e+04 1.029248e+04 1.027382e+04 1.019127e+04
0.6 1.010922e+04 1.026103e+04 1.027480e+04 1.012298e+04
1.6 1.008174e+04 1.021564e+04 1.024045e+04 1.010655e+04
2.6 1.010785e+04 1.016657e+04 1.019635e+04 1.013763e+04
3.6 1.020499e+04 1.018015e+04 1.021142e+04 1.023625e+04
4.6 1.013094e+04 1.022243e+04 1.024423e+04 1.015273e+04
5.6 1.024291e+04 1.027015e+04 1.026664e+04 1.023940e+04
6.6 1.023906e+04 1.028520e+04 1.027809e+04 1.023195e+04
7.6 1.018909e+04 1.028697e+04 1.028224e+04 1.018436e+04
8.6 1.029004e+04 1.028144e+04 1.028237e+04 1.029097e+04
9.6 1.033039e+04 1.028431e+04 1.028068e+04 1.032677e+04
10.6 1.028559e+04 1.029312e+04 1.027873e+04 1.027120e+04
11.6 1.018547e+04 1.026542e+04 1.026281e+04 1.018286e+04
12.6 1.017908e+04 1.019269e+04 1.020735e+04 1.019374e+04
13.6 1.020528e+04 1.017567e+04 1.020128e+04 1.023089e+04
14.6 1.027154e+04 1.019568e+04 1.023272e+04 1.030858e+04
15.6 1.025546e+04 1.017656e+04 1.025980e+04 1.033869e+04
16.6 1.015977e+04 1.015392e+04 1.027489e+04 1.028073e+04
17.6 1.014961e+04 1.018149e+04 1.028114e+04 1.024926e+04
0.2 1.028559e+04 1.029312e+04 1.027873e+04 1.027120e+04
1.2 1.018547e+04 1.026542e+04 1.026281e+04 1.018286e+04
2.2 1.017908e+04 1.019269e+04 1.020735e+04 1.019374e+04
3.2 1.020528e+04 1.017567e+04 1.020128e+04 1.023089e+04
4.2 1.027154e+04 1.019568e+04 1.023272e+04 1.030858e+04
5.2 1.025546e+04 1.017656e+04 1.025980e+04 1.033869e+04
6.2 1.015977e+04 1.015392e+04 1.027489e+04 1.028073e+04
7.2 1.014961e+04 1.018149e+04 1.028114e+04 1.024926e+04
8.2 1.027860e+04 1.022120e+04 1.028243e+04 1.033983e+04
9.2 1.038264e+04 1.024578e+04 1.028113e+04 1.041799e+04
10.2 1.044768e+04 1.027284e+04 1.027909e+04 1.045394e+04
11.2 1.048730e+04 1.030298e+04 1.027730e+04 1.046163e+04
12.2 1.040453e+04 1.029779e+04 1.027614e+04 1.038289e+04
13.2 1.024029e+04 1.027565e+04 1.027546e+04 1.024010e+04
14.2 1.020078e+04 1.025869e+04 1.027511e+04 1.021720e+04
15.2 1.019726e+04 1.024927e+04 1.027492e+04 1.022290e+04
16.2 1.021875e+04 1.025086e+04 1.027480e+04 1.024269e+04
17.2 1.023566e+04 1.027828e+04 1.027472e+04 1.023209e+04
0.6 1.020454e+04 1.029427e+04 1.027457e+04 1.018484e+04
1.6 1.019443e+04 1.024580e+04 1.023879e+04 1.018741e+04
2.6 1.020468e+04 1.018580e+04 1.019590e+04 1.021478e+04
3.6 1.016339e+04 1.019119e+04 1.021208e+04 1.018428e+04
4.6 1.023489e+04 1.021919e+04 1.024481e+04 1.026051e+04
5.6 1.026187e+04 1.024966e+04 1.026691e+04 1.027912e+04
6.6 1.038771e+04 1.029181e+04 1.027814e+04 1.037405e+04
7.6 1.031626e+04 1.030319e+04 1.028217e+04 1.029524e+04
8.6 1.027357e+04 1.028621e+04 1.028224e+04 1.026960e+04
9.6 1.034341e+04 1.026824e+04 1.028055e+04 1.035573e+04
10.6 1.031069e+04 1.025706e+04 1.027863e+04 1.033226e+04
11.6 1.024021e+04 1.025146e+04 1.027713e+04 1.026588e+04
12.6 1.031950e+04 1.025239e+04 1.027624e+04 1.034334e+04
13.6 1.036893e+04 1.027526e+04 1.027576e+04 1.036943e+04
14.6 1.030307e+04 1.028860e+04 1.027554e+04 1.029001e+04
15.6 1.026358e+04 1.027811e+04 1.027542e+04 1.026090e+04
16.6 1.018386e+04 1.026386e+04 1.027536e+04 1.019535e+04
17.6 1.023686e+04 1.026321e+04 1.027530e+04 1.024896e+04
0.1 1.029003e+04 1.029992e+04 1.027518e+04 1.026529e+04
1.1 1.039658e+04 1.027327e+04 1.026570e+04 1.038901e+04
2.1 1.034852e+04 1.019934e+04 1.021038e+04 1.035956e+04
3.1 1.029092e+04 1.017642e+04 1.019783e+04 1.031233e+04
4.1 1.032763e+04 1.020633e+04 1.022861e+04 1.034992e+04
5.1 1.033401e+04 1.026121e+04 1.025691e+04 1.032971e+04
6.1 1.025761e+04 1.029063e+04 1.027279e+04 1.023977e+04
7.1 1.021404e+04 1.028399e+04 1.027989e+04 1.020994e+04
8.1 1.024796e+04 1.026978e+04 1.028148e+04 1.025966e+04
9.1 1.026220e+04 1.025900e+04 1.028024e+04 1.028344e+04
10.1 1.024651e+04 1.025537e+04 1.027811e+04 1.026924e+04
11.1 1.031690e+04 1.027535e+04 1.027619e+04 1.031774e+04
12.1 1.034991e+04 1.028485e+04 1.027480e+04 1.033987e+04
13.1 1.025717e+04 1.027258e+04 1.027396e+04 1.025855e+04
14.1 1.018846e+04 1.025884e+04 1.027344e+04 1.020305e+04
15.1 1.031874e+04 1.025112e+04 1.027309e+04 1.034070e+04
16.1 1.034840e+04 1.025889e+04 1.027281e+04 1.036232e+04
17.1 1.038443e+04 1.028697e+04 1.027256e+04 1.037002e+04
