0.2 8.226000e+03 8.374680e+03 8.321341e+03 8.172661e+03
1.2 8.557085e+03 8.343111e+03 8.312155e+03 8.526129e+03
2.2 8.263860e+03 8.288063e+03 8.274405e+03 8.250202e+03
3.2 8.349934e+03 8.264397e+03 8.269089e+03 8.354626e+03
4.2 8.147326e+03 8.211436e+03 8.291167e+03 8.227057e+03
5.2 8.053687e+03 8.191117e+03 8.310179e+03 8.172749e+03
6.2 8.145508e+03 8.241374e+03 8.320839e+03 8.224973e+03
7.2 8.107880e+03 8.294607e+03 8.325303e+03 8.138575e+03
8.2 8.040658e+03 8.294500e+03 8.326295e+03 8.072453e+03
9.2 8.229728e+03 8.226822e+03 8.325447e+03 8.328353e+03
10.2 8.361083e+03 8.217348e+03 8.324072e+03 8.467807e+03
11.2 8.153326e+03 8.198573e+03 8.322854e+03 8.277607e+03
12.2 8.097272e+03 8.214520e+03 8.322072e+03 8.204824e+03
13.2 8.225938e+03 8.272734e+03 8.321635e+03 8.274838e+03
14.2 8.298865e+03 8.331076e+03 8.321414e+03 8.289203e+03
15.2 8.152902e+03 8.364164e+03 8.321315e+03 8.110053e+03
16.2 8.255957e+03 8.365071e+03 8.321268e+03 8.212154e+03
17.2 8.218997e+03 8.350601e+03 8.321244e+03 8.189640e+03
0.8 8.678490e+03 8.405715e+03 8.321698e+03 8.594473e+03
1.8 8.687576e+03 8.344874e+03 8.290787e+03 8.633489e+03
2.8 8.393494e+03 8.292447e+03 8.267884e+03 8.368932e+03
3.8 8.338251e+03 8.290983e+03 8.283782e+03 8.331049e+03
4.8 8.147657e+03 8.312293e+03 8.305711e+03 8.141075e+03
5.8 8.467951e+03 8.336468e+03 8.319706e+03 8.451188e+03
6.8 8.533153e+03 8.341551e+03 8.326206e+03 8.517808e+03
7.8 8.496569e+03 8.336977e+03 8.328407e+03 8.487998e+03
8.8 8.543409e+03 8.351461e+03 8.328158e+03 8.520106e+03
9.8 8.472226e+03 8.373238e+03 8.326918e+03 8.425906e+03
10.8 8.505513e+03 8.362380e+03 8.325609e+03 8.468742e+03
11.8 8.299289e+03 8.359203e+03 8.324696e+03 8.264782e+03
12.8 8.403689e+03 8.390510e+03 8.324164e+03 8.337343e+03
13.8 8.506724e+03 8.383388e+03 8.320845e+03 8.444181e+03
14.8 8.465470e+03 8.319130e+03 8.286240e+03 8.432581e+03
15.8 8.408318e+03 8.278334e+03 8.268780e+03 8.398765e+03
16.8 8.345782e+03 8.294175e+03 8.287049e+03 8.338656e+03
17.8 8.584672e+03 8.321970e+03 8.308160e+03 8.570862e+03
0.9 8.506724e+03 8.383388e+03 8.320845e+03 8.444181e+03
1.9 8.465470e+03 8.319130e+03 8.286240e+03 8.432581e+03
2.9 8.408318e+03 8.278334e+03 8.268780e+03 8.398765e+03
3.9 8.345782e+03 8.294175e+03 8.287049e+03 8.338656e+03
4.9 8.584672e+03 8.321970e+03 8.308160e+03 8.570862e+03
5.9 8.423750e+03 8.339109e+03 8.321017e+03 8.405658e+03
6.9 8.424705e+03 8.369381e+03 8.326798e+03 8.382122e+03
7.9 8.483752e+03 8.370252e+03 8.328564e+03 8.442064e+03
8.9 8.647616e+03 8.350048e+03 8.328057e+03 8.625625e+03
9.9 8.436781e+03 8.333112e+03 8.326724e+03 8.430392e+03
10.9 8.331451e+03 8.323731e+03 8.325400e+03 8.333121e+03
11.9 8.423037e+03 8.319728e+03 8.324490e+03 8.427800e+03
12.9 8.431441e+03 8.318801e+03 8.323943e+03 8.436583e+03
13.9 8.380895e+03 8.319825e+03 8.323661e+03 8.384731e+03
14.9 8.346479e+03 8.329818e+03 8.323513e+03 8.340174e+03
15.9 8.383946e+03 8.345480e+03 8.323427e+03 8.361893e+03
16.9 8.476437e+03 8.344089e+03 8.323367e+03 8.455715e+03
17.9 8.408803e+03 8.334170e+03 8.323315e+03 8.397947e+03
0.7 8.412603e+03 8.377461e+03 8.321383e+03 8.356525e+03
1.7 8.288181e+03 8.327713e+03 8.291842e+03 8.252310e+03
2.7 8.296692e+03 8.282319e+03 8.266770e+03 8.281143e+03
3.7 8.330398e+03 8.283035e+03 8.281331e+03 8.328695e+03
4.7 8.281743e+03 8.256618e+03 8.303393e+03 8.328518e+03
5.7 8.204759e+03 8.212371e+03 8.317468e+03 8.309856e+03
6.7 8.229892e+03 8.220145e+03 8.324386e+03 8.334132e+03
7.7 8.196316e+03 8.194881e+03 8.326647e+03 8.328082e+03
8.7 8.217755e+03 8.214542e+03 8.326383e+03 8.329596e+03
9.7 8.234015e+03 8.268911e+03 8.325069e+03 8.290174e+03
10.7 8.238001e+03 8.309424e+03 8.323686e+03 8.252264e+03
11.7 8.245011e+03 8.330405e+03 8.322637e+03 8.237243e+03
12.7 8.376743e+03 8.347776e+03 8.322007e+03 8.350974e+03
13.7 8.263258e+03 8.353491e+03 8.321651e+03 8.231418e+03
14.7 8.274911e+03 8.340487e+03 8.321460e+03 8.255884e+03
15.7 8.309953e+03 8.323498e+03 8.321346e+03 8.307800e+03
16.7 8.270627e+03 8.316567e+03 8.321265e+03 8.275325e+03
17.7 8.298263e+03 8.319849e+03 8.321199e+03 8.299613e+03
0.3 8.442521e+03 8.425748e+03 8.324944e+03 8.341718e+03
1.3 8.187642e+03 8.404016e+03 8.311971e+03 8.095597e+03
2.3 8.173185e+03 8.335483e+03 8.275308e+03 8.113011e+03
3.3 8.224485e+03 8.312554e+03 8.275956e+03 8.187887e+03
4.3 8.239232e+03 8.307310e+03 8.298684e+03 8.230605e+03
5.3 8.253885e+03 8.248544e+03 8.317239e+03 8.322579e+03
6.3 8.242140e+03 8.238895e+03 8.326950e+03 8.330195e+03
7.3 8.265628e+03 8.233189e+03 8.331186e+03 8.363625e+03
8.3 8.257573e+03 8.233470e+03 8.332218e+03 8.356321e+03
