0.4 9.964916e+03 9.954721e+03 9.962634e+03 9.972829e+03
1.4 9.954877e+03 9.942096e+03 9.949247e+03 9.962028e+03
2.4 9.926530e+03 9.914472e+03 9.919340e+03 9.931398e+03
3.4 9.885173e+03 9.918688e+03 9.922046e+03 9.888531e+03
4.4 9.932374e+03 9.940012e+03 9.940856e+03 9.933218e+03
5.4 9.959294e+03 9.962909e+03 9.955417e+03 9.951803e+03
6.4 9.986860e+03 9.971804e+03 9.962740e+03 9.977796e+03
7.4 9.967858e+03 9.975232e+03 9.965663e+03 9.958289e+03
8.4 9.981782e+03 9.975822e+03 9.965990e+03 9.971950e+03
9.4 9.979959e+03 9.973676e+03 9.965040e+03 9.971323e+03
10.4 9.965714e+03 9.975163e+03 9.963779e+03 9.954330e+03
11.4 1.000482e+04 9.971125e+03 9.962769e+03 9.996463e+03
12.4 1.000046e+04 9.970720e+03 9.962096e+03 9.991837e+03
13.4 9.945001e+03 9.967859e+03 9.961688e+03 9.938830e+03
14.4 9.894468e+03 9.963485e+03 9.961452e+03 9.892435e+03
15.4 9.963288e+03 9.984183e+03 9.961297e+03 9.940402e+03
16.4 1.001458e+04 1.000026e+04 9.961182e+03 9.975498e+03
17.4 1.000596e+04 9.987220e+03 9.961083e+03 9.979828e+03
0.7 9.921352e+03 9.947731e+03 9.961797e+03 9.935418e+03
1.7 9.948342e+03 9.928888e+03 9.938144e+03 9.957597e+03
2.7 9.957286e+03 9.910236e+03 9.916507e+03 9.963558e+03
3.7 9.896432e+03 9.923084e+03 9.928195e+03 9.901544e+03
4.7 1.001435e+04 9.939600e+03 9.946762e+03 1.002151e+04
5.7 9.952363e+03 9.947410e+03 9.958965e+03 9.963918e+03
6.7 9.958973e+03 9.953066e+03 9.964688e+03 9.970596e+03
7.7 9.925919e+03 9.944138e+03 9.953411e+03 9.935192e+03
8.7 9.897685e+03 9.915735e+03 9.923085e+03 9.905036e+03
9.7 9.887032e+03 9.918845e+03 9.925240e+03 9.893427e+03
10.7 9.872624e+03 9.937432e+03 9.943464e+03 9.878656e+03
11.7 9.879387e+03 9.950853e+03 9.956859e+03 9.885392e+03
12.7 9.993449e+03 9.966301e+03 9.963789e+03 9.990937e+03
13.7 9.993787e+03 1.000548e+04 9.966581e+03 9.954887e+03
14.7 1.000919e+04 1.002339e+04 9.966842e+03 9.952640e+03
15.7 1.003218e+04 1.000249e+04 9.965895e+03 9.995590e+03
16.7 1.005823e+04 9.976761e+03 9.964718e+03 1.004619e+04
17.7 1.002778e+04 9.960436e+03 9.963772e+03 1.003112e+04
0.4 9.958973e+03 9.953066e+03 9.964688e+03 9.970596e+03
1.4 9.925919e+03 9.944138e+03 9.953411e+03 9.935192e+03
2.4 9.897685e+03 9.915735e+03 9.923085e+03 9.905036e+03
3.4 9.887032e+03 9.918845e+03 9.925240e+03 9.893427e+03
4.4 9.872624e+03 9.937432e+03 9.943464e+03 9.878656e+03
5.4 9.879387e+03 9.950853e+03 9.956859e+03 9.885392e+03
6.4 9.993449e+03 9.966301e+03 9.963789e+03 9.990937e+03
7.4 9.993787e+03 1.000548e+04 9.966581e+03 9.954887e+03
8.4 1.000919e+04 1.002339e+04 9.966842e+03 9.952640e+03
9.4 1.003218e+04 1.000249e+04 9.965895e+03 9.995590e+03
10.4 1.005823e+04 9.976761e+03 9.964718e+03 1.004619e+04
11.4 1.002778e+04 9.960436e+03 9.963772e+03 1.003112e+04
12.4 1.005866e+04 9.949811e+03 9.963153e+03 1.007200e+04
13.4 1.004284e+04 9.943770e+03 9.962819e+03 1.006189e+04
14.4 9.940165e+03 9.945026e+03 9.962642e+03 9.957781e+03
15.4 9.946664e+03 9.949102e+03 9.962548e+03 9.960110e+03
16.4 9.969594e+03 9.952453e+03 9.962489e+03 9.979631e+03
17.4 1.000871e+04 9.959270e+03 9.962444e+03 1.001188e+04
0.6 9.959056e+03 9.953084e+03 9.962016e+03 9.967989e+03
1.6 9.924059e+03 9.935224e+03 9.942229e+03 9.931064e+03
2.6 9.953471e+03 9.911032e+03 9.916830e+03 9.959269e+03
3.6 9.917624e+03 9.923079e+03 9.925066e+03 9.919611e+03
4.6 9.996382e+03 9.952187e+03 9.944455e+03 9.988651e+03
5.6 9.966921e+03 9.966090e+03 9.957398e+03 9.958229e+03
6.6 9.970104e+03 9.968582e+03 9.964027e+03 9.965549e+03
7.6 9.967411e+03 9.973440e+03 9.966453e+03 9.960424e+03
8.6 1.000940e+04 9.972097e+03 9.966584e+03 1.000389e+04
9.6 1.000215e+04 9.966501e+03 9.965641e+03 1.000129e+04
10.6 9.965666e+03 9.969644e+03 9.964565e+03 9.960587e+03
11.6 9.944879e+03 9.973929e+03 9.963734e+03 9.934684e+03
12.6 9.981010e+03 9.968995e+03 9.963259e+03 9.975274e+03
13.6 9.951237e+03 9.962383e+03 9.963027e+03 9.951881e+03
14.6 9.905598e+03 9.958299e+03 9.962934e+03 9.910232e+03
