0.4 1.531138e+03 1.591673e+03 1.582915e+03 1.522380e+03
1.4 1.531389e+03 1.595147e+03 1.588425e+03 1.524667e+03
2.4 1.636970e+03 1.602777e+03 1.600735e+03 1.634929e+03
3.4 1.662955e+03 1.598123e+03 1.599621e+03 1.664454e+03
4.4 1.558015e+03 1.586879e+03 1.591879e+03 1.563015e+03
5.4 1.592895e+03 1.573192e+03 1.585885e+03 1.605588e+03
6.4 1.485688e+03 1.568913e+03 1.582871e+03 1.499647e+03
7.4 1.566416e+03 1.582194e+03 1.581668e+03 1.565891e+03
8.4 1.532741e+03 1.595547e+03 1.581534e+03 1.518728e+03
9.4 1.669407e+03 1.589188e+03 1.581925e+03 1.662144e+03
10.4 1.578137e+03 1.575084e+03 1.582444e+03 1.585497e+03
11.4 1.668694e+03 1.573045e+03 1.582860e+03 1.678509e+03
12.4 1.534627e+03 1.588873e+03 1.583136e+03 1.528891e+03
13.4 1.689353e+03 1.595787e+03 1.583304e+03 1.676870e+03
14.4 1.588688e+03 1.590361e+03 1.583402e+03 1.581729e+03
15.4 1.540534e+03 1.589330e+03 1.583465e+03 1.534669e+03
16.4 1.546667e+03 1.589559e+03 1.583513e+03 1.540620e+03
17.4 1.696455e+03 1.584991e+03 1.583553e+03 1.695018e+03
0.7 1.610686e+03 1.587435e+03 1.583260e+03 1.606510e+03
1.7 1.573947e+03 1.596928e+03 1.592995e+03 1.570015e+03
2.7 1.649848e+03 1.604288e+03 1.601901e+03 1.647461e+03
3.7 1.621710e+03 1.598222e+03 1.597090e+03 1.620578e+03
4.7 1.524200e+03 1.592697e+03 1.589448e+03 1.520951e+03
5.7 1.587426e+03 1.592763e+03 1.584425e+03 1.579088e+03
6.7 1.633204e+03 1.589540e+03 1.582069e+03 1.625734e+03
7.7 1.616170e+03 1.590152e+03 1.586711e+03 1.612729e+03
8.7 1.615985e+03 1.599417e+03 1.599193e+03 1.615761e+03
9.7 1.549577e+03 1.596826e+03 1.598307e+03 1.551058e+03
10.7 1.606773e+03 1.588540e+03 1.590805e+03 1.609039e+03
11.7 1.570868e+03 1.582777e+03 1.585292e+03 1.573383e+03
12.7 1.547421e+03 1.574202e+03 1.582440e+03 1.555659e+03
13.7 1.552818e+03 1.548939e+03 1.581290e+03 1.585169e+03
14.7 1.497871e+03 1.537080e+03 1.581183e+03 1.541974e+03
15.7 1.564672e+03 1.550548e+03 1.581573e+03 1.595696e+03
16.7 1.491212e+03 1.567116e+03 1.582057e+03 1.506153e+03
17.7 1.449083e+03 1.577600e+03 1.582447e+03 1.453930e+03
0.4 1.633204e+03 1.589540e+03 1.582069e+03 1.625734e+03
1.4 1.616170e+03 1.590152e+03 1.586711e+03 1.612729e+03
2.4 1.615985e+03 1.599417e+03 1.599193e+03 1.615761e+03
3.4 1.549577e+03 1.596826e+03 1.598307e+03 1.551058e+03
4.4 1.606773e+03 1.588540e+03 1.590805e+03 1.609039e+03
5.4 1.570868e+03 1.582777e+03 1.585292e+03 1.573383e+03
6.4 1.547421e+03 1.574202e+03 1.582440e+03 1.555659e+03
7.4 1.552818e+03 1.548939e+03 1.581290e+03 1.585169e+03
8.4 1.497871e+03 1.537080e+03 1.581183e+03 1.541974e+03
9.4 1.564672e+03 1.550548e+03 1.581573e+03 1.595696e+03
10.4 1.491212e+03 1.567116e+03 1.582057e+03 1.506153e+03
11.4 1.449083e+03 1.577600e+03 1.582447e+03 1.453930e+03
12.4 1.456437e+03 1.586326e+03 1.582701e+03 1.452812e+03
13.4 1.565158e+03 1.592731e+03 1.582839e+03 1.555266e+03
14.4 1.580975e+03 1.591022e+03 1.582912e+03 1.572865e+03
15.4 1.647666e+03 1.586177e+03 1.582950e+03 1.644439e+03
16.4 1.554981e+03 1.582379e+03 1.582974e+03 1.555577e+03
17.4 1.555029e+03 1.581205e+03 1.582993e+03 1.556817e+03
0.6 1.677690e+03 1.588172e+03 1.583169e+03 1.672686e+03
1.6 1.550557e+03 1.594884e+03 1.591314e+03 1.546986e+03
2.6 1.582348e+03 1.604066e+03 1.601768e+03 1.580050e+03
3.6 1.539052e+03 1.597195e+03 1.598378e+03 1.540235e+03
4.6 1.529845e+03 1.581036e+03 1.590397e+03 1.539206e+03
5.6 1.606208e+03 1.574961e+03 1.585070e+03 1.616318e+03
6.6 1.590730e+03 1.580368e+03 1.582342e+03 1.592704e+03
7.6 1.638607e+03 1.597863e+03 1.581343e+03 1.622086e+03
8.6 1.570607e+03 1.602794e+03 1.581289e+03 1.549103e+03
9.6 1.626147e+03 1.595675e+03 1.581677e+03 1.612149e+03
10.6 1.552944e+03 1.582738e+03 1.582120e+03 1.552326e+03
11.6 1.623626e+03 1.573426e+03 1.582462e+03 1.632663e+03
12.6 1.573781e+03 1.575165e+03 1.582658e+03 1.581274e+03
13.6 1.623124e+03 1.580256e+03 1.582753e+03 1.625621e+03
14.6 1.704990e+03 1.584328e+03 1.582792e+03 1.703454e+03
