0.9 9.765303e+03 9.769236e+03 9.772355e+03 9.768422e+03
1.9 9.743529e+03 9.763348e+03 9.766245e+03 9.746426e+03
2.9 9.790884e+03 9.760651e+03 9.763386e+03 9.793619e+03
3.9 9.770092e+03 9.763754e+03 9.766584e+03 9.772922e+03
4.9 9.742948e+03 9.767080e+03 9.770172e+03 9.746040e+03
5.9 9.780176e+03 9.768785e+03 9.772325e+03 9.783716e+03
6.9 9.782672e+03 9.768351e+03 9.773270e+03 9.787591e+03
7.9 9.805750e+03 9.767105e+03 9.773530e+03 9.812175e+03
8.9 9.765808e+03 9.758817e+03 9.773407e+03 9.780398e+03
9.9 9.738448e+03 9.740814e+03 9.773147e+03 9.770781e+03
10.9 9.706662e+03 9.742520e+03 9.772895e+03 9.737036e+03
11.9 9.756959e+03 9.758843e+03 9.772716e+03 9.770831e+03
12.9 9.796520e+03 9.788773e+03 9.772602e+03 9.780350e+03
13.9 9.807357e+03 9.797278e+03 9.772535e+03 9.782613e+03
14.9 9.773574e+03 9.790002e+03 9.772493e+03 9.756065e+03
15.9 9.794567e+03 9.781447e+03 9.772464e+03 9.785583e+03
16.9 9.792568e+03 9.783771e+03 9.772441e+03 9.781237e+03
17.9 9.770368e+03 9.799245e+03 9.772421e+03 9.743543e+03
0.6 9.751400e+03 9.753911e+03 9.772214e+03 9.769703e+03
1.6 9.762973e+03 9.752436e+03 9.768268e+03 9.778806e+03
2.6 9.787762e+03 9.748602e+03 9.762847e+03 9.802007e+03
3.6 9.761707e+03 9.750780e+03 9.764409e+03 9.775336e+03
4.6 9.776082e+03 9.754844e+03 9.768430e+03 9.789667e+03
5.6 9.794463e+03 9.765425e+03 9.771144e+03 9.800181e+03
6.6 9.811386e+03 9.793828e+03 9.772535e+03 9.790093e+03
7.6 9.778197e+03 9.799769e+03 9.773043e+03 9.751471e+03
8.6 9.753395e+03 9.786681e+03 9.773068e+03 9.739782e+03
9.6 9.801603e+03 9.786302e+03 9.772864e+03 9.788166e+03
10.6 9.789715e+03 9.780295e+03 9.772630e+03 9.782049e+03
11.6 9.769003e+03 9.767202e+03 9.772446e+03 9.774246e+03
12.6 9.755235e+03 9.758091e+03 9.772336e+03 9.769480e+03
13.6 9.742113e+03 9.756117e+03 9.772279e+03 9.758275e+03
14.6 9.809126e+03 9.777737e+03 9.772253e+03 9.803642e+03
15.6 9.808613e+03 9.801180e+03 9.772244e+03 9.779677e+03
16.6 9.839770e+03 9.793620e+03 9.772241e+03 9.818391e+03
17.6 9.835217e+03 9.786817e+03 9.772240e+03 9.820640e+03
0.8 9.723028e+03 9.759133e+03 9.772500e+03 9.736394e+03
1.8 9.731251e+03 9.754796e+03 9.767263e+03 9.743718e+03
2.8 9.750254e+03 9.750979e+03 9.763126e+03 9.762400e+03
3.8 9.710960e+03 9.753743e+03 9.765779e+03 9.722995e+03
4.8 9.774372e+03 9.757891e+03 9.769600e+03 9.786081e+03
5.8 9.768671e+03 9.772798e+03 9.772022e+03 9.767895e+03
6.8 9.815587e+03 9.797844e+03 9.773216e+03 9.790959e+03
7.8 9.767441e+03 9.796170e+03 9.773614e+03 9.744885e+03
8.8 9.815880e+03 9.780225e+03 9.773581e+03 9.809236e+03
9.8 9.744473e+03 9.767898e+03 9.773371e+03 9.749946e+03
10.8 9.804553e+03 9.760387e+03 9.773150e+03 9.817316e+03
11.8 9.742679e+03 9.756811e+03 9.772988e+03 9.758855e+03
12.8 9.735584e+03 9.756806e+03 9.772704e+03 9.751483e+03
13.8 9.758161e+03 9.753258e+03 9.767407e+03 9.772310e+03
14.8 9.731816e+03 9.750984e+03 9.763236e+03 9.744069e+03
15.8 9.800293e+03 9.766677e+03 9.765766e+03 9.799382e+03
16.8 9.792810e+03 9.799513e+03 9.769673e+03 9.762969e+03
17.8 9.861805e+03 9.804011e+03 9.772080e+03 9.829874e+03
0.8 9.735584e+03 9.756806e+03 9.772704e+03 9.751483e+03
1.8 9.758161e+03 9.753258e+03 9.767407e+03 9.772310e+03
2.8 9.731816e+03 9.750984e+03 9.763236e+03 9.744069e+03
3.8 9.800293e+03 9.766677e+03 9.765766e+03 9.799382e+03
4.8 9.792810e+03 9.799513e+03 9.769673e+03 9.762969e+03
5.8 9.861805e+03 9.804011e+03 9.772080e+03 9.829874e+03
6.8 9.821224e+03 9.787318e+03 9.773261e+03 9.807167e+03
7.8 9.773028e+03 9.772557e+03 9.773645e+03 9.774117e+03
8.8 9.770835e+03 9.764214e+03 9.773602e+03 9.780224e+03
9.8 9.753245e+03 9.760505e+03 9.773375e+03 9.766115e+03
10.8 9.823597e+03 9.769647e+03 9.773143e+03 9.827093e+03
11.8 9.808798e+03 9.807939e+03 9.772968e+03 9.773827e+03
12.8 9.823379e+03 9.824890e+03 9.772864e+03 9.771354e+03
13.8 9.832714e+03 9.805525e+03 9.772807e+03 9.799996e+03
14.8 9.743619e+03 9.781170e+03 9.772776e+03 9.735225e+03
15.8 9.834212e+03 9.765927e+03 9.772757e+03 9.841042e+03
16.8 9.714040e+03 9.758341e+03 9.772742e+03 9.728441e+03
17.8 9.679647e+03 9.754700e+03 9.770588e+03 9.695535e+03
0.3 9.714040e+03 9.758341e+03 9.772742e+03 9.728441e+03
1.3 9.679647e+03 9.754700e+03 9.770588e+03 9.695535e+03
2.3 9.692946e+03 9.749601e+03 9.764136e+03 9.707482e+03
3.3 9.763033e+03 9.751368e+03 9.764009e+03 9.775674e+03
4.3 9.773249e+03 9.756013e+03 9.767860e+03 9.785096e+03
5.3 9.753351e+03 9.759690e+03 9.771045e+03 9.764706e+03
6.3 9.777581e+03 9.748075e+03 9.772690e+03 9.802196e+03
7.3 9.748666e+03 9.736372e+03 9.773374e+03 9.785667e+03
8.3 9.710480e+03 9.744031e+03 9.773489e+03 9.739938e+03
9.3 9.806743e+03 9.754729e+03 9.773313e+03 9.825327e+03
10.3 9.766918e+03 9.760789e+03 9.773056e+03 9.779186e+03
11.3 9.767290e+03 9.764150e+03 9.772845e+03 9.775985e+03
12.3 9.724903e+03 9.757859e+03 9.772705e+03 9.739749e+03
13.3 9.741337e+03 9.739841e+03 9.772621e+03 9.774117e+03
14.3 9.732952e+03 9.741398e+03 9.772575e+03 9.764129e+03
15.3 9.708171e+03 9.752609e+03 9.772547e+03 9.728109e+03
16.3 9.702165e+03 9.760797e+03 9.772528e+03 9.713895e+03
17.3 9.828511e+03 9.773726e+03 9.772513e+03 9.827298e+03
0.9 9.752746e+03 9.757211e+03 9.771954e+03 9.767488e+03
1.9 9.750434e+03 9.753083e+03 9.766152e+03 9.763503e+03
2.9 9.758289e+03 9.751426e+03 9.762730e+03 9.769593e+03
3.9 9.756055e+03 9.769593e+03 9.765751e+03 9.752213e+03
4.9 9.830976e+03 9.798365e+03 9.769458e+03 9.802069e+03
5.9 9.810867e+03 9.798506e+03 9.771716e+03 9.784076e+03
6.9 9.801656e+03 9.782427e+03 9.772797e+03 9.792026e+03
7.9 9.822766e+03 9.780263e+03 9.773124e+03 9.815627e+03
8.9 9.814868e+03 9.784392e+03 9.773047e+03 9.803523e+03
9.9 9.743475e+03 9.775475e+03 9.772815e+03 9.740814e+03
10.9 9.762248e+03 9.764575e+03 9.772584e+03 9.770257e+03
11.9 9.777960e+03 9.759102e+03 9.772414e+03 9.791272e+03
12.9 9.748755e+03 9.757611e+03 9.772313e+03 9.763457e+03
13.9 9.755323e+03 9.745735e+03 9.772257e+03 9.781846e+03
14.9 9.765695e+03 9.731008e+03 9.772228e+03 9.806915e+03
15.9 9.771096e+03 9.744925e+03 9.772210e+03 9.798381e+03
16.9 9.838607e+03 9.781584e+03 9.772193e+03 9.829216e+03
17.9 9.774905e+03 9.792132e+03 9.772177e+03 9.754950e+03
