1.0 1.372116e+03 1.379392e+03 1.426167e+03 1.418891e+03
2.0 1.443019e+03 1.382427e+03 1.438712e+03 1.499304e+03
3.0 1.409082e+03 1.390030e+03 1.447695e+03 1.466748e+03
4.0 1.494618e+03 1.386314e+03 1.441502e+03 1.549805e+03
5.0 1.535169e+03 1.381573e+03 1.432228e+03 1.585824e+03
6.0 1.575605e+03 1.392475e+03 1.426477e+03 1.609607e+03
7.0 1.432466e+03 1.400094e+03 1.423989e+03 1.456360e+03
8.0 1.310312e+03 1.403459e+03 1.433459e+03 1.340312e+03
9.0 1.501190e+03 1.410754e+03 1.449115e+03 1.539550e+03
10.0 1.401390e+03 1.406581e+03 1.446461e+03 1.441270e+03
11.0 1.399275e+03 1.408943e+03 1.435733e+03 1.426064e+03
12.0 1.246839e+03 1.405782e+03 1.427632e+03 1.268689e+03
13.0 1.424712e+03 1.427691e+03 1.423588e+03 1.420608e+03
14.0 1.553907e+03 1.456751e+03 1.422001e+03 1.519157e+03
15.0 1.397874e+03 1.440308e+03 1.421855e+03 1.379420e+03
16.0 1.463829e+03 1.407236e+03 1.422388e+03 1.478981e+03
17.0 1.338335e+03 1.383850e+03 1.423066e+03 1.377550e+03
18.0 1.355938e+03 1.372831e+03 1.423594e+03 1.406701e+03
0.8 1.432466e+03 1.400094e+03 1.423989e+03 1.456360e+03
1.8 1.310312e+03 1.403459e+03 1.433459e+03 1.340312e+03
2.8 1.501190e+03 1.410754e+03 1.449115e+03 1.539550e+03
3.8 1.401390e+03 1.406581e+03 1.446461e+03 1.441270e+03
4.8 1.399275e+03 1.408943e+03 1.435733e+03 1.426064e+03
5.8 1.246839e+03 1.405782e+03 1.427632e+03 1.268689e+03
6.8 1.424712e+03 1.427691e+03 1.423588e+03 1.420608e+03
7.8 1.553907e+03 1.456751e+03 1.422001e+03 1.519157e+03
8.8 1.397874e+03 1.440308e+03 1.421855e+03 1.379420e+03
9.8 1.463829e+03 1.407236e+03 1.422388e+03 1.478981e+03
10.8 1.338335e+03 1.383850e+03 1.423066e+03 1.377550e+03
11.8 1.355938e+03 1.372831e+03 1.423594e+03 1.406701e+03
12.8 1.216551e+03 1.373926e+03 1.428855e+03 1.271479e+03
13.8 1.370551e+03 1.387786e+03 1.442818e+03 1.425583e+03
14.8 1.404572e+03 1.390353e+03 1.443080e+03 1.457299e+03
15.8 1.486949e+03 1.397163e+03 1.434580e+03 1.524366e+03
16.8 1.306241e+03 1.400402e+03 1.428044e+03 1.333883e+03
17.8 1.463895e+03 1.399708e+03 1.433583e+03 1.497770e+03
0.5 1.355938e+03 1.372831e+03 1.423594e+03 1.406701e+03
1.5 1.216551e+03 1.373926e+03 1.428855e+03 1.271479e+03
2.5 1.370551e+03 1.387786e+03 1.442818e+03 1.425583e+03
3.5 1.404572e+03 1.390353e+03 1.443080e+03 1.457299e+03
4.5 1.486949e+03 1.397163e+03 1.434580e+03 1.524366e+03
5.5 1.306241e+03 1.400402e+03 1.428044e+03 1.333883e+03
6.5 1.463895e+03 1.399708e+03 1.433583e+03 1.497770e+03
7.5 1.498857e+03 1.401755e+03 1.444740e+03 1.541842e+03
8.5 1.429470e+03 1.394353e+03 1.440880e+03 1.475997e+03
9.5 1.400780e+03 1.393017e+03 1.431763e+03 1.439526e+03
10.5 1.461785e+03 1.387566e+03 1.425795e+03 1.500013e+03
11.5 1.477400e+03 1.386801e+03 1.422936e+03 1.513535e+03
12.5 1.441885e+03 1.440606e+03 1.421947e+03 1.423226e+03
13.5 1.482086e+03 1.466753e+03 1.422033e+03 1.437366e+03
14.5 1.492758e+03 1.520911e+03 1.422590e+03 1.394437e+03
15.5 1.500322e+03 1.603989e+03 1.423180e+03 1.319513e+03
16.5 1.663370e+03 1.547174e+03 1.423627e+03 1.539822e+03
17.5 1.588502e+03 1.447719e+03 1.423907e+03 1.564689e+03
0.8 1.306241e+03 1.400402e+03 1.428044e+03 1.333883e+03
1.8 1.463895e+03 1.399708e+03 1.433583e+03 1.497770e+03
2.8 1.498857e+03 1.401755e+03 1.444740e+03 1.541842e+03
3.8 1.429470e+03 1.394353e+03 1.440880e+03 1.475997e+03
4.8 1.400780e+03 1.393017e+03 1.431763e+03 1.439526e+03
5.8 1.461785e+03 1.387566e+03 1.425795e+03 1.500013e+03
6.8 1.477400e+03 1.386801e+03 1.422936e+03 1.513535e+03
7.8 1.441885e+03 1.440606e+03 1.421947e+03 1.423226e+03
8.8 1.482086e+03 1.466753e+03 1.422033e+03 1.437366e+03
9.8 1.492758e+03 1.520911e+03 1.422590e+03 1.394437e+03
10.8 1.500322e+03 1.603989e+03 1.423180e+03 1.319513e+03
11.8 1.663370e+03 1.547174e+03 1.423627e+03 1.539822e+03
12.8 1.588502e+03 1.447719e+03 1.423907e+03 1.564689e+03
13.8 1.571152e+03 1.414466e+03 1.424053e+03 1.580739e+03
14.8 1.518465e+03 1.485352e+03 1.424127e+03 1.457240e+03
15.8 1.563818e+03 1.497175e+03 1.424163e+03 1.490806e+03
16.8 1.627042e+03 1.457695e+03 1.424185e+03 1.593533e+03
17.8 1.620808e+03 1.500650e+03 1.424201e+03 1.544359e+03
0.6 1.269445e+03 1.517310e+03 1.424457e+03 1.176592e+03
1.6 1.361310e+03 1.464541e+03 1.432464e+03 1.329233e+03
2.6 1.311548e+03 1.417096e+03 1.448682e+03 1.343134e+03
3.6 1.437173e+03 1.380389e+03 1.447813e+03 1.504597e+03
4.6 1.442974e+03 1.361518e+03 1.437224e+03 1.518679e+03
5.6 1.491655e+03 1.366943e+03 1.428813e+03 1.553525e+03
6.6 1.432231e+03 1.366734e+03 1.424261e+03 1.489758e+03
7.6 1.266731e+03 1.362981e+03 1.424838e+03 1.328589e+03
8.6 1.273790e+03 1.376677e+03 1.442144e+03 1.339257e+03
9.6 1.277304e+03 1.387288e+03 1.454262e+03 1.344278e+03
10.6 1.314103e+03 1.379054e+03 1.446476e+03 1.381526e+03
11.6 1.320364e+03 1.366986e+03 1.434287e+03 1.387665e+03
12.6 1.224904e+03 1.359930e+03 1.426704e+03 1.291678e+03
13.6 1.140920e+03 1.388178e+03 1.423029e+03 1.175770e+03
14.6 1.292943e+03 1.467132e+03 1.421908e+03 1.247718e+03
15.6 1.362144e+03 1.470189e+03 1.422143e+03 1.314098e+03
16.6 1.471092e+03 1.420176e+03 1.422952e+03 1.473868e+03
17.6 1.363236e+03 1.381700e+03 1.423759e+03 1.405295e+03
0.2 1.432231e+03 1.366734e+03 1.424261e+03 1.489758e+03
1.2 1.266731e+03 1.362981e+03 1.424838e+03 1.328589e+03
2.2 1.273790e+03 1.376677e+03 1.442144e+03 1.339257e+03
3.2 1.277304e+03 1.387288e+03 1.454262e+03 1.344278e+03
4.2 1.314103e+03 1.379054e+03 1.446476e+03 1.381526e+03
5.2 1.320364e+03 1.366986e+03 1.434287e+03 1.387665e+03
6.2 1.224904e+03 1.359930e+03 1.426704e+03 1.291678e+03
7.2 1.140920e+03 1.388178e+03 1.423029e+03 1.175770e+03
8.2 1.292943e+03 1.467132e+03 1.421908e+03 1.247718e+03
9.2 1.362144e+03 1.470189e+03 1.422143e+03 1.314098e+03
10.2 1.471092e+03 1.420176e+03 1.422952e+03 1.473868e+03
11.2 1.363236e+03 1.381700e+03 1.423759e+03 1.405295e+03
12.2 1.270474e+03 1.364288e+03 1.424370e+03 1.330555e+03
13.2 1.334077e+03 1.371799e+03 1.424740e+03 1.387018e+03
14.2 1.351555e+03 1.453871e+03 1.424955e+03 1.322639e+03
15.2 1.336933e+03 1.486817e+03 1.425085e+03 1.275201e+03
16.2 1.353459e+03 1.448693e+03 1.425170e+03 1.329937e+03
17.2 1.366175e+03 1.486743e+03 1.425237e+03 1.304668e+03
0.2 1.455199e+03 1.520278e+03 1.425535e+03 1.360455e+03
1.2 1.487867e+03 1.485203e+03 1.427764e+03 1.430428e+03
2.2 1.466588e+03 1.429405e+03 1.444782e+03 1.481965e+03
3.2 1.362553e+03 1.392590e+03 1.458918e+03 1.428881e+03
4.2 1.359030e+03 1.363547e+03 1.451074e+03 1.446557e+03
5.2 1.258325e+03 1.353810e+03 1.437509e+03 1.342024e+03
6.2 1.364175e+03 1.353628e+03 1.428796e+03 1.439342e+03
7.2 1.490700e+03 1.350219e+03 1.424552e+03 1.565033e+03
8.2 1.387796e+03 1.350077e+03 1.423090e+03 1.460809e+03
9.2 1.390897e+03 1.394866e+03 1.423246e+03 1.419276e+03
10.2 1.355085e+03 1.448300e+03 1.424079e+03 1.330864e+03
11.2 1.613998e+03 1.431001e+03 1.424946e+03 1.607943e+03
12.2 1.463550e+03 1.395754e+03 1.425601e+03 1.493396e+03
13.2 1.557962e+03 1.484487e+03 1.426021e+03 1.499496e+03
14.2 1.701738e+03 1.563273e+03 1.426257e+03 1.564723e+03
15.2 1.532998e+03 1.499883e+03 1.426395e+03 1.459510e+03
16.2 1.590269e+03 1.416534e+03 1.426481e+03 1.600216e+03
17.2 1.399830e+03 1.411312e+03 1.426544e+03 1.415062e+03
0.2 1.076711e+03 1.386441e+03 1.425226e+03 1.115497e+03
1.2 1.287408e+03 1.372939e+03 1.427556e+03 1.342025e+03
2.2 1.348511e+03 1.384169e+03 1.444450e+03 1.408793e+03
3.2 1.462996e+03 1.395785e+03 1.456089e+03 1.523300e+03
4.2 1.383720e+03 1.398991e+03 1.447549e+03 1.432277e+03
5.2 1.525171e+03 1.402379e+03 1.435305e+03 1.558096e+03
6.2 1.312745e+03 1.398142e+03 1.432980e+03 1.347582e+03
7.2 1.392947e+03 1.401157e+03 1.444267e+03 1.436058e+03
8.2 1.426986e+03 1.395052e+03 1.443560e+03 1.475493e+03
9.2 1.581891e+03 1.392286e+03 1.434467e+03 1.624073e+03
10.2 1.172137e+03 1.389411e+03 1.427777e+03 1.210503e+03
11.2 1.442129e+03 1.391083e+03 1.434893e+03 1.485939e+03
12.2 1.210059e+03 1.401276e+03 1.451000e+03 1.259783e+03
13.2 1.260632e+03 1.395452e+03 1.448725e+03 1.313905e+03
14.2 1.364167e+03 1.382223e+03 1.437210e+03 1.419154e+03
15.2 1.369330e+03 1.372854e+03 1.428599e+03 1.425075e+03
16.2 1.431429e+03 1.368189e+03 1.424193e+03 1.487433e+03
17.2 1.467655e+03 1.366594e+03 1.422645e+03 1.523706e+03
0.5 1.525171e+03 1.402379e+03 1.435305e+03 1.558096e+03
1.5 1.312745e+03 1.398142e+03 1.432980e+03 1.347582e+03
2.5 1.392947e+03 1.401157e+03 1.444267e+03 1.436058e+03
3.5 1.426986e+03 1.395052e+03 1.443560e+03 1.475493e+03
4.5 1.581891e+03 1.392286e+03 1.434467e+03 1.624073e+03
5.5 1.172137e+03 1.389411e+03 1.427777e+03 1.210503e+03
6.5 1.442129e+03 1.391083e+03 1.434893e+03 1.485939e+03
7.5 1.210059e+03 1.401276e+03 1.451000e+03 1.259783e+03
8.5 1.260632e+03 1.395452e+03 1.448725e+03 1.313905e+03
9.5 1.364167e+03 1.382223e+03 1.437210e+03 1.419154e+03
10.5 1.369330e+03 1.372854e+03 1.428599e+03 1.425075e+03
11.5 1.431429e+03 1.368189e+03 1.424193e+03 1.487433e+03
12.5 1.467655e+03 1.366594e+03 1.422645e+03 1.523706e+03
13.5 1.373309e+03 1.387528e+03 1.422646e+03 1.408426e+03
14.5 1.392385e+03 1.467170e+03 1.423375e+03 1.348590e+03
15.5 1.408630e+03 1.507153e+03 1.424240e+03 1.325717e+03
16.5 1.573023e+03 1.590698e+03 1.424960e+03 1.407285e+03
17.5 1.501702e+03 1.617403e+03 1.425440e+03 1.309739e+03
0.8 1.172137e+03 1.389411e+03 1.427777e+03 1.210503e+03
1.8 1.442129e+03 1.391083e+03 1.434893e+03 1.485939e+03
2.8 1.210059e+03 1.401276e+03 1.451000e+03 1.259783e+03
3.8 1.260632e+03 1.395452e+03 1.448725e+03 1.313905e+03
4.8 1.364167e+03 1.382223e+03 1.437210e+03 1.419154e+03
5.8 1.369330e+03 1.372854e+03 1.428599e+03 1.425075e+03
6.8 1.431429e+03 1.368189e+03 1.424193e+03 1.487433e+03
7.8 1.467655e+03 1.366594e+03 1.422645e+03 1.523706e+03
8.8 1.373309e+03 1.387528e+03 1.422646e+03 1.408426e+03
9.8 1.392385e+03 1.467170e+03 1.423375e+03 1.348590e+03
10.8 1.408630e+03 1.507153e+03 1.424240e+03 1.325717e+03
11.8 1.573023e+03 1.590698e+03 1.424960e+03 1.407285e+03
12.8 1.501702e+03 1.617403e+03 1.425440e+03 1.309739e+03
13.8 1.518415e+03 1.572231e+03 1.425754e+03 1.371939e+03
14.8 1.583060e+03 1.567273e+03 1.425962e+03 1.441749e+03
15.8 1.636570e+03 1.504564e+03 1.426123e+03 1.558129e+03
16.8 1.542051e+03 1.418708e+03 1.426267e+03 1.549609e+03
17.8 1.716689e+03 1.431128e+03 1.426407e+03 1.711967e+03
