1.050126e+04 1.053185e+04 1.050971e+04 1.052340e+04
1.048775e+04 1.053110e+04 1.050874e+04 1.051011e+04
1.043835e+04 1.053042e+04 1.050799e+04 1.046078e+04
1.050249e+04 1.052974e+04 1.052228e+04 1.050996e+04
1.064095e+04 1.052903e+04 1.056062e+04 1.060936e+04
1.059814e+04 1.052830e+04 1.056272e+04 1.056373e+04
1.048404e+04 1.052757e+04 1.053658e+04 1.047504e+04
1.052507e+04 1.052685e+04 1.051378e+04 1.053814e+04
1.055749e+04 1.052619e+04 1.050202e+04 1.058166e+04
1.053259e+04 1.052557e+04 1.049692e+04 1.056125e+04
1.055183e+04 1.052494e+04 1.049813e+04 1.057865e+04
1.054572e+04 1.052431e+04 1.053070e+04 1.053933e+04
1.057304e+04 1.052367e+04 1.056713e+04 1.052958e+04
1.057602e+04 1.052305e+04 1.055496e+04 1.054410e+04
1.046697e+04 1.052244e+04 1.052625e+04 1.046316e+04
1.050287e+04 1.052185e+04 1.050532e+04 1.051940e+04
1.047103e+04 1.052128e+04 1.050427e+04 1.048804e+04
1.054233e+04 1.052073e+04 1.054043e+04 1.052264e+04
1.053360e+04 1.052020e+04 1.054822e+04 1.050558e+04
1.052027e+04 1.051969e+04 1.053659e+04 1.050338e+04
1.051637e+04 1.051920e+04 1.052548e+04 1.051009e+04
1.053548e+04 1.051873e+04 1.053045e+04 1.052376e+04
1.054765e+04 1.051828e+04 1.055904e+04 1.050689e+04
1.052633e+04 1.051785e+04 1.055049e+04 1.049370e+04
1.057674e+04 1.051744e+04 1.053449e+04 1.055969e+04
1.047868e+04 1.051705e+04 1.051739e+04 1.047834e+04
1.051905e+04 1.052009e+04 1.050359e+04 1.053555e+04
1.054368e+04 1.056544e+04 1.053838e+04 1.057074e+04
1.055258e+04 1.059792e+04 1.056714e+04 1.058336e+04
1.057974e+04 1.057553e+04 1.054472e+04 1.061055e+04
1.051338e+04 1.054200e+04 1.051334e+04 1.054205e+04
1.051749e+04 1.052121e+04 1.050308e+04 1.053561e+04
1.049374e+04 1.051221e+04 1.050073e+04 1.050522e+04
1.050452e+04 1.054645e+04 1.053127e+04 1.051971e+04
1.061726e+04 1.060305e+04 1.058269e+04 1.063763e+04
1.053842e+04 1.059346e+04 1.057227e+04 1.055961e+04
1.048815e+04 1.055467e+04 1.054201e+04 1.050082e+04
1.050399e+04 1.052539e+04 1.051982e+04 1.050956e+04
1.058408e+04 1.051076e+04 1.055700e+04 1.053784e+04
1.061334e+04 1.050503e+04 1.060938e+04 1.050899e+04
1.057319e+04 1.050450e+04 1.058631e+04 1.049138e+04
1.046680e+04 1.050643e+04 1.053489e+04 1.043833e+04
1.046576e+04 1.050888e+04 1.049847e+04 1.047617e+04
1.044704e+04 1.051079e+04 1.048149e+04 1.047634e+04
1.048249e+04 1.052981e+04 1.049362e+04 1.051867e+04
1.060416e+04 1.058029e+04 1.054402e+04 1.064042e+04
1.052564e+04 1.058123e+04 1.054835e+04 1.055852e+04
1.045790e+04 1.055050e+04 1.052971e+04 1.047869e+04
1.049120e+04 1.052687e+04 1.051413e+04 1.050394e+04
1.050308e+04 1.054690e+04 1.053134e+04 1.051863e+04
1.057221e+04 1.058723e+04 1.056660e+04 1.059285e+04
1.056563e+04 1.057328e+04 1.055440e+04 1.058451e+04
1.053400e+04 1.054032e+04 1.054430e+04 1.053002e+04
1.055131e+04 1.051874e+04 1.052629e+04 1.054376e+04
1.054415e+04 1.050841e+04 1.050731e+04 1.054524e+04
1.055513e+04 1.050483e+04 1.052580e+04 1.053417e+04
1.056265e+04 1.050514e+04 1.053568e+04 1.053212e+04
1.059384e+04 1.050715e+04 1.051582e+04 1.058518e+04
1.058559e+04 1.050929e+04 1.049542e+04 1.059946e+04
1.047539e+04 1.051090e+04 1.048503e+04 1.050126e+04
1.053847e+04 1.051192e+04 1.048155e+04 1.056883e+04
1.049713e+04 1.051244e+04 1.049688e+04 1.051269e+04
1.052363e+04 1.051271e+04 1.055023e+04 1.048611e+04
1.055255e+04 1.051284e+04 1.056282e+04 1.050257e+04
1.057187e+04 1.051292e+04 1.053835e+04 1.054644e+04
1.056780e+04 1.051298e+04 1.053176e+04 1.054902e+04
1.049507e+04 1.051303e+04 1.052009e+04 1.048802e+04
1.046891e+04 1.051309e+04 1.050028e+04 1.048172e+04
1.047698e+04 1.051314e+04 1.048730e+04 1.050282e+04
1.044265e+04 1.051320e+04 1.048602e+04 1.046982e+04
1.049478e+04 1.051326e+04 1.052831e+04 1.047972e+04
1.057441e+04 1.051332e+04 1.057328e+04 1.051445e+04
1.053023e+04 1.051339e+04 1.055873e+04 1.048489e+04
1.053676e+04 1.051346e+04 1.053994e+04 1.051029e+04
1.059938e+04 1.051391e+04 1.052966e+04 1.058363e+04
1.057300e+04 1.054285e+04 1.053713e+04 1.057872e+04
1.057641e+04 1.060149e+04 1.057829e+04 1.059961e+04
1.058244e+04 1.059834e+04 1.056672e+04 1.061406e+04
1.050769e+04 1.056006e+04 1.052954e+04 1.053821e+04
1.054279e+04 1.052966e+04 1.050993e+04 1.056251e+04
1.049233e+04 1.051320e+04 1.049575e+04 1.050977e+04
1.042777e+04 1.051528e+04 1.049365e+04 1.044939e+04
1.053572e+04 1.057785e+04 1.055252e+04 1.056105e+04
1.055949e+04 1.062166e+04 1.059446e+04 1.058669e+04
1.056533e+04 1.059351e+04 1.056556e+04 1.059328e+04
1.044326e+04 1.054945e+04 1.052140e+04 1.047131e+04
1.050908e+04 1.052203e+04 1.049429e+04 1.053682e+04
1.043967e+04 1.050874e+04 1.049751e+04 1.045091e+04
1.058709e+04 1.050469e+04 1.053469e+04 1.055709e+04
1.051948e+04 1.050554e+04 1.053710e+04 1.048792e+04
1.048521e+04 1.050846e+04 1.051403e+04 1.047965e+04
1.054878e+04 1.051138e+04 1.050142e+04 1.055874e+04
1.050320e+04 1.051359e+04 1.050481e+04 1.051198e+04
1.053684e+04 1.051493e+04 1.050879e+04 1.054298e+04
1.054306e+04 1.051571e+04 1.054518e+04 1.051359e+04
1.060474e+04 1.051618e+04 1.055753e+04 1.056339e+04
1.060626e+04 1.051649e+04 1.053333e+04 1.058942e+04
1.058128e+04 1.051672e+04 1.052702e+04 1.057098e+04
1.056233e+04 1.051693e+04 1.052237e+04 1.055690e+04
1.054276e+04 1.051714e+04 1.053536e+04 1.052455e+04
1.056548e+04 1.051736e+04 1.056222e+04 1.052062e+04
1.055258e+04 1.051758e+04 1.055171e+04 1.051845e+04
1.050773e+04 1.051780e+04 1.054209e+04 1.048343e+04
1.045600e+04 1.052586e+04 1.053076e+04 1.045110e+04
1.056280e+04 1.058739e+04 1.056993e+04 1.058026e+04
1.060805e+04 1.063849e+04 1.060712e+04 1.063942e+04
1.055365e+04 1.061013e+04 1.057480e+04 1.058898e+04
1.055605e+04 1.056109e+04 1.054619e+04 1.057095e+04
1.060237e+04 1.052959e+04 1.052952e+04 1.060245e+04
1.057877e+04 1.051425e+04 1.050575e+04 1.058726e+04
1.049903e+04 1.050897e+04 1.048928e+04 1.051871e+04
1.054874e+04 1.050953e+04 1.050784e+04 1.055043e+04
1.056547e+04 1.051254e+04 1.053700e+04 1.054101e+04
1.047283e+04 1.051567e+04 1.052845e+04 1.046006e+04
1.043396e+04 1.051804e+04 1.050788e+04 1.044412e+04
1.043361e+04 1.051956e+04 1.049307e+04 1.046010e+04
1.042776e+04 1.052041e+04 1.048611e+04 1.046206e+04
1.045182e+04 1.052091e+04 1.048452e+04 1.048822e+04
1.046745e+04 1.052122e+04 1.048608e+04 1.050259e+04
1.049771e+04 1.052145e+04 1.051154e+04 1.050762e+04
1.054773e+04 1.052165e+04 1.055845e+04 1.051093e+04
1.049063e+04 1.052183e+04 1.055551e+04 1.045695e+04
1.052013e+04 1.052199e+04 1.052575e+04 1.051637e+04
1.051920e+04 1.052213e+04 1.050662e+04 1.053471e+04
1.060312e+04 1.052227e+04 1.052926e+04 1.059612e+04
1.055719e+04 1.052240e+04 1.055576e+04 1.052382e+04
1.048269e+04 1.052251e+04 1.053942e+04 1.046578e+04
1.045846e+04 1.052261e+04 1.051133e+04 1.046974e+04
1.047040e+04 1.052268e+04 1.049428e+04 1.049880e+04
1.055626e+04 1.052275e+04 1.050963e+04 1.056937e+04
1.059150e+04 1.052280e+04 1.056140e+04 1.055290e+04
1.062198e+04 1.052283e+04 1.056561e+04 1.057920e+04
1.049883e+04 1.052285e+04 1.053326e+04 1.048842e+04
1.049393e+04 1.052286e+04 1.050610e+04 1.051069e+04
1.046930e+04 1.052285e+04 1.049141e+04 1.050074e+04
1.040968e+04 1.052283e+04 1.048535e+04 1.044717e+04
1.048589e+04 1.052280e+04 1.050447e+04 1.050421e+04
1.056780e+04 1.052275e+04 1.058192e+04 1.050863e+04
1.061501e+04 1.052268e+04 1.061603e+04 1.052166e+04
1.061314e+04 1.052260e+04 1.057674e+04 1.055900e+04
1.056976e+04 1.052251e+04 1.052909e+04 1.056318e+04
1.055912e+04 1.052240e+04 1.052653e+04 1.055499e+04
1.057542e+04 1.052228e+04 1.053953e+04 1.055817e+04
1.045345e+04 1.052214e+04 1.052303e+04 1.045257e+04
1.039615e+04 1.052199e+04 1.050077e+04 1.041737e+04
1.044088e+04 1.052183e+04 1.049643e+04 1.046628e+04
1.059102e+04 1.052166e+04 1.052613e+04 1.058655e+04
1.055417e+04 1.052147e+04 1.053412e+04 1.054152e+04
1.052066e+04 1.052128e+04 1.051639e+04 1.052555e+04
1.050064e+04 1.052107e+04 1.049976e+04 1.052196e+04
1.044933e+04 1.052086e+04 1.049121e+04 1.047898e+04
1.053730e+04 1.052066e+04 1.050909e+04 1.054886e+04
1.056214e+04 1.052044e+04 1.054836e+04 1.053422e+04
1.043310e+04 1.052021e+04 1.054579e+04 1.040753e+04
1.044329e+04 1.051997e+04 1.052044e+04 1.044281e+04
1.044578e+04 1.051973e+04 1.050003e+04 1.046548e+04
1.049681e+04 1.051948e+04 1.048961e+04 1.052668e+04
1.046509e+04 1.051924e+04 1.048535e+04 1.049898e+04
1.052559e+04 1.051901e+04 1.048489e+04 1.055972e+04
1.059007e+04 1.051878e+04 1.050378e+04 1.060506e+04
1.057984e+04 1.051854e+04 1.057993e+04 1.051845e+04
1.062469e+04 1.051830e+04 1.061748e+04 1.052550e+04
1.055585e+04 1.051806e+04 1.057788e+04 1.049603e+04
1.055251e+04 1.051783e+04 1.052844e+04 1.054190e+04
1.057837e+04 1.051761e+04 1.049868e+04 1.059730e+04
1.063884e+04 1.051740e+04 1.051007e+04 1.064617e+04
1.056368e+04 1.051720e+04 1.054008e+04 1.054080e+04
1.053975e+04 1.051702e+04 1.053211e+04 1.052466e+04
1.048893e+04 1.051684e+04 1.050926e+04 1.049651e+04
1.038802e+04 1.051669e+04 1.049353e+04 1.041118e+04
1.057634e+04 1.052511e+04 1.049448e+04 1.060697e+04
1.063151e+04 1.058619e+04 1.055325e+04 1.066446e+04
1.063304e+04 1.062827e+04 1.059585e+04 1.066545e+04
1.064991e+04 1.059739e+04 1.057265e+04 1.067466e+04
1.060538e+04 1.055312e+04 1.053843e+04 1.062007e+04
1.054711e+04 1.054472e+04 1.052883e+04 1.056300e+04
1.062816e+04 1.058553e+04 1.056442e+04 1.064927e+04
1.054472e+04 1.058297e+04 1.055977e+04 1.056792e+04
1.053926e+04 1.055010e+04 1.054656e+04 1.054280e+04
1.043277e+04 1.052591e+04 1.053352e+04 1.042515e+04
1.048243e+04 1.055163e+04 1.054781e+04 1.048626e+04
1.053874e+04 1.060987e+04 1.059279e+04 1.055581e+04
1.051666e+04 1.060164e+04 1.057659e+04 1.054172e+04
1.053689e+04 1.056001e+04 1.053142e+04 1.056548e+04
1.050961e+04 1.052888e+04 1.049922e+04 1.053927e+04
1.057757e+04 1.051295e+04 1.048359e+04 1.060693e+04
1.053612e+04 1.050735e+04 1.047881e+04 1.056466e+04
1.048307e+04 1.050736e+04 1.049158e+04 1.049885e+04
1.056642e+04 1.050999e+04 1.053975e+04 1.053666e+04
1.059680e+04 1.051312e+04 1.056107e+04 1.054885e+04
1.054010e+04 1.051572e+04 1.053709e+04 1.051874e+04
1.058220e+04 1.051746e+04 1.051028e+04 1.058938e+04
1.053028e+04 1.051859e+04 1.052144e+04 1.052743e+04
1.056500e+04 1.051935e+04 1.056178e+04 1.052256e+04
1.055887e+04 1.051993e+04 1.055611e+04 1.052268e+04
1.047045e+04 1.052045e+04 1.052477e+04 1.046612e+04
1.050535e+04 1.052096e+04 1.051723e+04 1.050907e+04
1.052187e+04 1.052147e+04 1.052246e+04 1.052089e+04
1.046474e+04 1.052201e+04 1.053054e+04 1.045621e+04
1.049513e+04 1.052256e+04 1.055178e+04 1.046591e+04
1.040701e+04 1.052313e+04 1.054081e+04 1.038933e+04
1.051532e+04 1.052372e+04 1.051596e+04 1.052308e+04
1.055044e+04 1.052433e+04 1.049856e+04 1.057621e+04
1.055387e+04 1.052496e+04 1.049105e+04 1.058779e+04
1.055238e+04 1.052560e+04 1.050443e+04 1.057355e+04
1.061156e+04 1.052625e+04 1.055143e+04 1.058638e+04
1.061063e+04 1.052692e+04 1.055803e+04 1.057952e+04
1.051884e+04 1.052760e+04 1.053526e+04 1.051118e+04
1.046686e+04 1.052829e+04 1.052657e+04 1.046858e+04
1.052992e+04 1.052899e+04 1.051694e+04 1.054198e+04
1.056377e+04 1.052969e+04 1.050823e+04 1.058524e+04
1.053248e+04 1.053041e+04 1.054095e+04 1.052193e+04
1.048211e+04 1.053112e+04 1.057304e+04 1.044020e+04
1.053674e+04 1.053185e+04 1.055470e+04 1.051388e+04
1.051745e+04 1.053257e+04 1.052487e+04 1.052515e+04
1.049177e+04 1.053330e+04 1.050553e+04 1.051954e+04
1.053504e+04 1.053402e+04 1.049707e+04 1.057199e+04
