0.2 1.140118e+04 1.138886e+04 1.143549e+04 1.144781e+04
1.2 1.141194e+04 1.140593e+04 1.143448e+04 1.144049e+04
2.2 1.139040e+04 1.141861e+04 1.143048e+04 1.140227e+04
3.2 1.142807e+04 1.142798e+04 1.143011e+04 1.143019e+04
4.2 1.152517e+04 1.143475e+04 1.143245e+04 1.152287e+04
5.2 1.147687e+04 1.144956e+04 1.143450e+04 1.146181e+04
6.2 1.147249e+04 1.151623e+04 1.143559e+04 1.139184e+04
7.2 1.154908e+04 1.153369e+04 1.143607e+04 1.145146e+04
8.2 1.155161e+04 1.150289e+04 1.143619e+04 1.148491e+04
9.2 1.142761e+04 1.147014e+04 1.143612e+04 1.139359e+04
10.2 1.148365e+04 1.144542e+04 1.143599e+04 1.147423e+04
11.2 1.140022e+04 1.143213e+04 1.143589e+04 1.140399e+04
12.2 1.139889e+04 1.142724e+04 1.143584e+04 1.140749e+04
13.2 1.138578e+04 1.142731e+04 1.143582e+04 1.139429e+04
14.2 1.146891e+04 1.142925e+04 1.143582e+04 1.147548e+04
15.2 1.142166e+04 1.142291e+04 1.143583e+04 1.143458e+04
16.2 1.143266e+04 1.141364e+04 1.143586e+04 1.145488e+04
17.2 1.148189e+04 1.141828e+04 1.143588e+04 1.149949e+04
0.2 1.143752e+04 1.143345e+04 1.143594e+04 1.144001e+04
1.2 1.143009e+04 1.143529e+04 1.143471e+04 1.142950e+04
2.2 1.132390e+04 1.143079e+04 1.142906e+04 1.132217e+04
3.2 1.146234e+04 1.142979e+04 1.142802e+04 1.146056e+04
4.2 1.149572e+04 1.142648e+04 1.143134e+04 1.150057e+04
5.2 1.145066e+04 1.142098e+04 1.143430e+04 1.146397e+04
6.2 1.137171e+04 1.142502e+04 1.143600e+04 1.138269e+04
7.2 1.131270e+04 1.142542e+04 1.143673e+04 1.132402e+04
8.2 1.134082e+04 1.141793e+04 1.143693e+04 1.135982e+04
9.2 1.143289e+04 1.142185e+04 1.143685e+04 1.144789e+04
10.2 1.145745e+04 1.143356e+04 1.143668e+04 1.146057e+04
11.2 1.145102e+04 1.144128e+04 1.143653e+04 1.144627e+04
12.2 1.136040e+04 1.144199e+04 1.143644e+04 1.135485e+04
13.2 1.141713e+04 1.144053e+04 1.143641e+04 1.141301e+04
14.2 1.143834e+04 1.143942e+04 1.143642e+04 1.143534e+04
15.2 1.141541e+04 1.144220e+04 1.143644e+04 1.140965e+04
16.2 1.145635e+04 1.144303e+04 1.143647e+04 1.144979e+04
17.2 1.140779e+04 1.144057e+04 1.143651e+04 1.140373e+04
1.0 1.140414e+04 1.144254e+04 1.143613e+04 1.139773e+04
2.0 1.147513e+04 1.143275e+04 1.142829e+04 1.147066e+04
3.0 1.148589e+04 1.142407e+04 1.142200e+04 1.148382e+04
4.0 1.139711e+04 1.142153e+04 1.142588e+04 1.140146e+04
5.0 1.150386e+04 1.141742e+04 1.143188e+04 1.151832e+04
6.0 1.145035e+04 1.142230e+04 1.143587e+04 1.146393e+04
7.0 1.148356e+04 1.143301e+04 1.143776e+04 1.148831e+04
8.0 1.140543e+04 1.144466e+04 1.143844e+04 1.139920e+04
9.0 1.143078e+04 1.144636e+04 1.143842e+04 1.142285e+04
10.0 1.146290e+04 1.144265e+04 1.143812e+04 1.145837e+04
11.0 1.148508e+04 1.142419e+04 1.143778e+04 1.149867e+04
12.0 1.146242e+04 1.138616e+04 1.143756e+04 1.151381e+04
13.0 1.139673e+04 1.138941e+04 1.143743e+04 1.144476e+04
14.0 1.143229e+04 1.142057e+04 1.143738e+04 1.144910e+04
15.0 1.153561e+04 1.143857e+04 1.143737e+04 1.153441e+04
16.0 1.148114e+04 1.143722e+04 1.143738e+04 1.148130e+04
17.0 1.140986e+04 1.140006e+04 1.143740e+04 1.144720e+04
18.0 1.134577e+04 1.138591e+04 1.143701e+04 1.139687e+04
0.9 1.134577e+04 1.138591e+04 1.143701e+04 1.139687e+04
1.9 1.136105e+04 1.139742e+04 1.143052e+04 1.139415e+04
2.9 1.140084e+04 1.141074e+04 1.142555e+04 1.141565e+04
3.9 1.142956e+04 1.144807e+04 1.142879e+04 1.141028e+04
4.9 1.143687e+04 1.152278e+04 1.143354e+04 1.134763e+04
5.9 1.159364e+04 1.152713e+04 1.143657e+04 1.150308e+04
6.9 1.154770e+04 1.148581e+04 1.143650e+04 1.149839e+04
7.9 1.148028e+04 1.144368e+04 1.142751e+04 1.146410e+04
8.9 1.142077e+04 1.142088e+04 1.142234e+04 1.142224e+04
9.9 1.147157e+04 1.146316e+04 1.142712e+04 1.143553e+04
10.9 1.152644e+04 1.151834e+04 1.143312e+04 1.144123e+04
11.9 1.152725e+04 1.150242e+04 1.143686e+04 1.146169e+04
12.9 1.150223e+04 1.146655e+04 1.143853e+04 1.147421e+04
13.9 1.142896e+04 1.144698e+04 1.143902e+04 1.142101e+04
14.9 1.147505e+04 1.144428e+04 1.143886e+04 1.146963e+04
15.9 1.144724e+04 1.143880e+04 1.143845e+04 1.144689e+04
16.9 1.135618e+04 1.141927e+04 1.143804e+04 1.137495e+04
17.9 1.130941e+04 1.137996e+04 1.143775e+04 1.136720e+04
0.2 1.159364e+04 1.152713e+04 1.143657e+04 1.150308e+04
1.2 1.154770e+04 1.148581e+04 1.143650e+04 1.149839e+04
2.2 1.148028e+04 1.144368e+04 1.142751e+04 1.146410e+04
3.2 1.142077e+04 1.142088e+04 1.142234e+04 1.142224e+04
4.2 1.147157e+04 1.146316e+04 1.142712e+04 1.143553e+04
5.2 1.152644e+04 1.151834e+04 1.143312e+04 1.144123e+04
6.2 1.152725e+04 1.150242e+04 1.143686e+04 1.146169e+04
7.2 1.150223e+04 1.146655e+04 1.143853e+04 1.147421e+04
8.2 1.142896e+04 1.144698e+04 1.143902e+04 1.142101e+04
9.2 1.147505e+04 1.144428e+04 1.143886e+04 1.146963e+04
10.2 1.144724e+04 1.143880e+04 1.143845e+04 1.144689e+04
11.2 1.135618e+04 1.141927e+04 1.143804e+04 1.137495e+04
12.2 1.130941e+04 1.137996e+04 1.143775e+04 1.136720e+04
13.2 1.132063e+04 1.138002e+04 1.143758e+04 1.137819e+04
14.2 1.139716e+04 1.140138e+04 1.143605e+04 1.143183e+04
15.2 1.141205e+04 1.141095e+04 1.142703e+04 1.142812e+04
16.2 1.138302e+04 1.141692e+04 1.142256e+04 1.138867e+04
17.2 1.132824e+04 1.142556e+04 1.142736e+04 1.133003e+04
0.2 1.132063e+04 1.138002e+04 1.143758e+04 1.137819e+04
1.2 1.139716e+04 1.140138e+04 1.143605e+04 1.143183e+04
2.2 1.141205e+04 1.141095e+04 1.142703e+04 1.142812e+04
3.2 1.138302e+04 1.141692e+04 1.142256e+04 1.138867e+04
4.2 1.132824e+04 1.142556e+04 1.142736e+04 1.133003e+04
5.2 1.133988e+04 1.142345e+04 1.143316e+04 1.134959e+04
6.2 1.148756e+04 1.142105e+04 1.143641e+04 1.150292e+04
7.2 1.143166e+04 1.142053e+04 1.143259e+04 1.144372e+04
8.2 1.145965e+04 1.141584e+04 1.142326e+04 1.146707e+04
9.2 1.146813e+04 1.141933e+04 1.142409e+04 1.147289e+04
10.2 1.140460e+04 1.142245e+04 1.143042e+04 1.141256e+04
11.2 1.127889e+04 1.141822e+04 1.143514e+04 1.129581e+04
12.2 1.137745e+04 1.142147e+04 1.143755e+04 1.139353e+04
13.2 1.137301e+04 1.142814e+04 1.143848e+04 1.138335e+04
14.2 1.145990e+04 1.143235e+04 1.143852e+04 1.146607e+04
15.2 1.145205e+04 1.143739e+04 1.143814e+04 1.145281e+04
16.2 1.145299e+04 1.144696e+04 1.143768e+04 1.144372e+04
17.2 1.147149e+04 1.144936e+04 1.143731e+04 1.145944e+04
0.8 1.148756e+04 1.142105e+04 1.143641e+04 1.150292e+04
1.8 1.143166e+04 1.142053e+04 1.143259e+04 1.144372e+04
2.8 1.145965e+04 1.141584e+04 1.142326e+04 1.146707e+04
3.8 1.146813e+04 1.141933e+04 1.142409e+04 1.147289e+04
4.8 1.140460e+04 1.142245e+04 1.143042e+04 1.141256e+04
5.8 1.127889e+04 1.141822e+04 1.143514e+04 1.129581e+04
6.8 1.137745e+04 1.142147e+04 1.143755e+04 1.139353e+04
7.8 1.137301e+04 1.142814e+04 1.143848e+04 1.138335e+04
8.8 1.145990e+04 1.143235e+04 1.143852e+04 1.146607e+04
9.8 1.145205e+04 1.143739e+04 1.143814e+04 1.145281e+04
10.8 1.145299e+04 1.144696e+04 1.143768e+04 1.144372e+04
11.8 1.147149e+04 1.144936e+04 1.143731e+04 1.145944e+04
12.8 1.143803e+04 1.147542e+04 1.143706e+04 1.139967e+04
13.8 1.144046e+04 1.148923e+04 1.143690e+04 1.138814e+04
14.8 1.143857e+04 1.146944e+04 1.143681e+04 1.140594e+04
15.8 1.138963e+04 1.144794e+04 1.143675e+04 1.137844e+04
16.8 1.144182e+04 1.144124e+04 1.143670e+04 1.143728e+04
17.8 1.146166e+04 1.144003e+04 1.143666e+04 1.145828e+04
1.0 1.145193e+04 1.143755e+04 1.143556e+04 1.144994e+04
2.0 1.145694e+04 1.143098e+04 1.142859e+04 1.145455e+04
3.0 1.147091e+04 1.142482e+04 1.142280e+04 1.146888e+04
4.0 1.150041e+04 1.142769e+04 1.142621e+04 1.149893e+04
5.0 1.155263e+04 1.143744e+04 1.143163e+04 1.154682e+04
6.0 1.155616e+04 1.150056e+04 1.143502e+04 1.149062e+04
7.0 1.145448e+04 1.153487e+04 1.143667e+04 1.135627e+04
8.0 1.141908e+04 1.149151e+04 1.143725e+04 1.136481e+04
9.0 1.148471e+04 1.142804e+04 1.143720e+04 1.149388e+04
10.0 1.126670e+04 1.140176e+04 1.143690e+04 1.130184e+04
11.0 1.124685e+04 1.140791e+04 1.143660e+04 1.127555e+04
12.0 1.135445e+04 1.142120e+04 1.143638e+04 1.136963e+04
13.0 1.133991e+04 1.144132e+04 1.143625e+04 1.133484e+04
14.0 1.135105e+04 1.145481e+04 1.143620e+04 1.133243e+04
15.0 1.149913e+04 1.143041e+04 1.143618e+04 1.150491e+04
16.0 1.140283e+04 1.139274e+04 1.143619e+04 1.144628e+04
17.0 1.144599e+04 1.139652e+04 1.143620e+04 1.148567e+04
18.0 1.140262e+04 1.141654e+04 1.143623e+04 1.142231e+04
0.7 1.144809e+04 1.143746e+04 1.143711e+04 1.144774e+04
1.7 1.140531e+04 1.142941e+04 1.143265e+04 1.140855e+04
2.7 1.148276e+04 1.142161e+04 1.142517e+04 1.148632e+04
3.7 1.143773e+04 1.142414e+04 1.142665e+04 1.144024e+04
4.7 1.154270e+04 1.142709e+04 1.143198e+04 1.154759e+04
5.7 1.144066e+04 1.142235e+04 1.143579e+04 1.145410e+04
6.7 1.151252e+04 1.142245e+04 1.143778e+04 1.152784e+04
7.7 1.149705e+04 1.141049e+04 1.143860e+04 1.152516e+04
8.7 1.143087e+04 1.140598e+04 1.143872e+04 1.146361e+04
9.7 1.141380e+04 1.139009e+04 1.143852e+04 1.146222e+04
10.7 1.146612e+04 1.136849e+04 1.143823e+04 1.153586e+04
11.7 1.141530e+04 1.138467e+04 1.143484e+04 1.146546e+04
12.7 1.142803e+04 1.140429e+04 1.142461e+04 1.144836e+04
13.7 1.133944e+04 1.142101e+04 1.142312e+04 1.134155e+04
14.7 1.145110e+04 1.145045e+04 1.142923e+04 1.142988e+04
15.7 1.148897e+04 1.152494e+04 1.143467e+04 1.139869e+04
16.7 1.144286e+04 1.153786e+04 1.143699e+04 1.134198e+04
17.7 1.144899e+04 1.149043e+04 1.143014e+04 1.138871e+04
0.5 1.146612e+04 1.136849e+04 1.143823e+04 1.153586e+04
1.5 1.141530e+04 1.138467e+04 1.143484e+04 1.146546e+04
2.5 1.142803e+04 1.140429e+04 1.142461e+04 1.144836e+04
3.5 1.133944e+04 1.142101e+04 1.142312e+04 1.134155e+04
4.5 1.145110e+04 1.145045e+04 1.142923e+04 1.142988e+04
5.5 1.148897e+04 1.152494e+04 1.143467e+04 1.139869e+04
6.5 1.144286e+04 1.153786e+04 1.143699e+04 1.134198e+04
7.5 1.144899e+04 1.149043e+04 1.143014e+04 1.138871e+04
8.5 1.147306e+04 1.144872e+04 1.142413e+04 1.144847e+04
9.5 1.155501e+04 1.146533e+04 1.142791e+04 1.151759e+04
10.5 1.152592e+04 1.152264e+04 1.143362e+04 1.143690e+04
11.5 1.159988e+04 1.150984e+04 1.143724e+04 1.152729e+04
12.5 1.161835e+04 1.145187e+04 1.143898e+04 1.160545e+04
13.5 1.157099e+04 1.141879e+04 1.143950e+04 1.159170e+04
14.5 1.147548e+04 1.138282e+04 1.143938e+04 1.153204e+04
15.5 1.125073e+04 1.136030e+04 1.143895e+04 1.132938e+04
16.5 1.125097e+04 1.137866e+04 1.143437e+04 1.130669e+04
17.5 1.130335e+04 1.140124e+04 1.142531e+04 1.132742e+04
0.1 1.148897e+04 1.152494e+04 1.143467e+04 1.139869e+04
1.1 1.144286e+04 1.153786e+04 1.143699e+04 1.134198e+04
2.1 1.144899e+04 1.149043e+04 1.143014e+04 1.138871e+04
3.1 1.147306e+04 1.144872e+04 1.142413e+04 1.144847e+04
4.1 1.155501e+04 1.146533e+04 1.142791e+04 1.151759e+04
5.1 1.152592e+04 1.152264e+04 1.143362e+04 1.143690e+04
6.1 1.159988e+04 1.150984e+04 1.143724e+04 1.152729e+04
7.1 1.161835e+04 1.145187e+04 1.143898e+04 1.160545e+04
8.1 1.157099e+04 1.141879e+04 1.143950e+04 1.159170e+04
9.1 1.147548e+04 1.138282e+04 1.143938e+04 1.153204e+04
10.1 1.125073e+04 1.136030e+04 1.143895e+04 1.132938e+04
11.1 1.125097e+04 1.137866e+04 1.143437e+04 1.130669e+04
12.1 1.130335e+04 1.140124e+04 1.142531e+04 1.132742e+04
13.1 1.125368e+04 1.142025e+04 1.142575e+04 1.125918e+04
14.1 1.148094e+04 1.142603e+04 1.143142e+04 1.148633e+04
15.1 1.134892e+04 1.143062e+04 1.143576e+04 1.135407e+04
16.1 1.135504e+04 1.143726e+04 1.143804e+04 1.135582e+04
17.1 1.134919e+04 1.142764e+04 1.143896e+04 1.136051e+04
0.6 1.125073e+04 1.136030e+04 1.143895e+04 1.132938e+04
1.6 1.125097e+04 1.137866e+04 1.143437e+04 1.130669e+04
2.6 1.130335e+04 1.140124e+04 1.142531e+04 1.132742e+04
3.6 1.125368e+04 1.142025e+04 1.142575e+04 1.125918e+04
4.6 1.148094e+04 1.142603e+04 1.143142e+04 1.148633e+04
5.6 1.134892e+04 1.143062e+04 1.143576e+04 1.135407e+04
6.6 1.135504e+04 1.143726e+04 1.143804e+04 1.135582e+04
7.6 1.134919e+04 1.142764e+04 1.143896e+04 1.136051e+04
8.6 1.130499e+04 1.141661e+04 1.143905e+04 1.132742e+04
9.6 1.133262e+04 1.142522e+04 1.143873e+04 1.134613e+04
10.6 1.145422e+04 1.144004e+04 1.143831e+04 1.145250e+04
11.6 1.151227e+04 1.144691e+04 1.143796e+04 1.150332e+04
12.6 1.154582e+04 1.144785e+04 1.143772e+04 1.153569e+04
