0.9 7.685233e+03 7.770109e+03 7.850779e+03 7.765903e+03
1.9 7.670395e+03 7.810081e+03 7.866377e+03 7.726691e+03
2.9 7.650559e+03 7.839289e+03 7.875565e+03 7.686835e+03
3.9 7.671648e+03 7.842011e+03 7.867395e+03 7.697032e+03
4.9 7.770372e+03 7.834521e+03 7.857376e+03 7.793227e+03
5.9 7.658352e+03 7.803378e+03 7.851265e+03 7.706240e+03
6.9 7.772992e+03 7.779917e+03 7.848324e+03 7.841399e+03
7.9 7.779830e+03 7.789773e+03 7.847415e+03 7.837471e+03
8.9 7.741518e+03 7.806540e+03 7.847594e+03 7.782572e+03
9.9 7.724509e+03 7.816906e+03 7.848192e+03 7.755795e+03
10.9 7.957902e+03 7.821737e+03 7.848787e+03 7.984951e+03
11.9 7.797775e+03 7.821798e+03 7.849218e+03 7.825195e+03
12.9 7.687335e+03 7.793704e+03 7.849462e+03 7.743094e+03
13.9 7.660567e+03 7.760874e+03 7.849590e+03 7.749282e+03
14.9 7.675111e+03 7.775887e+03 7.854651e+03 7.753875e+03
15.9 7.841562e+03 7.816316e+03 7.872210e+03 7.897456e+03
16.9 7.864775e+03 7.833436e+03 7.873523e+03 7.904862e+03
17.9 7.845339e+03 7.845693e+03 7.863255e+03 7.862901e+03
0.2 7.660567e+03 7.760874e+03 7.849590e+03 7.749282e+03
1.2 7.675111e+03 7.775887e+03 7.854651e+03 7.753875e+03
2.2 7.841562e+03 7.816316e+03 7.872210e+03 7.897456e+03
3.2 7.864775e+03 7.833436e+03 7.873523e+03 7.904862e+03
4.2 7.845339e+03 7.845693e+03 7.863255e+03 7.862901e+03
5.2 7.914176e+03 7.971836e+03 7.854442e+03 7.796782e+03
6.2 7.920022e+03 8.047477e+03 7.849821e+03 7.722366e+03
7.2 7.767721e+03 7.978577e+03 7.847855e+03 7.636999e+03
8.2 7.713322e+03 7.911099e+03 7.847467e+03 7.649689e+03
9.2 7.695497e+03 7.875008e+03 7.847897e+03 7.668387e+03
10.2 7.737375e+03 7.907633e+03 7.848569e+03 7.678311e+03
11.2 7.900876e+03 8.007019e+03 7.849127e+03 7.742984e+03
12.2 7.638308e+03 7.979349e+03 7.849497e+03 7.508456e+03
13.2 7.938326e+03 7.889325e+03 7.849712e+03 7.898712e+03
14.2 7.624438e+03 7.826350e+03 7.849823e+03 7.647911e+03
15.2 7.758448e+03 7.794858e+03 7.849885e+03 7.813475e+03
16.2 7.757134e+03 7.786530e+03 7.849922e+03 7.820525e+03
17.2 7.656125e+03 7.819709e+03 7.849950e+03 7.686366e+03
0.4 7.503981e+03 7.723273e+03 7.850459e+03 7.631167e+03
1.4 7.669928e+03 7.740377e+03 7.857484e+03 7.787035e+03
2.4 7.745658e+03 7.784796e+03 7.874381e+03 7.835242e+03
3.4 7.822238e+03 7.793943e+03 7.873508e+03 7.901803e+03
4.4 7.818359e+03 7.751108e+03 7.862763e+03 7.930014e+03
5.4 7.911071e+03 7.736991e+03 7.854629e+03 8.028709e+03
6.4 7.761336e+03 7.759232e+03 7.850271e+03 7.852375e+03
7.4 7.815153e+03 7.781549e+03 7.848557e+03 7.882160e+03
8.4 7.722979e+03 7.815410e+03 7.848309e+03 7.755878e+03
9.4 7.960870e+03 7.856887e+03 7.848805e+03 7.952787e+03
10.4 7.867961e+03 7.851375e+03 7.849466e+03 7.866052e+03
11.4 7.749981e+03 7.829689e+03 7.850022e+03 7.770315e+03
12.4 7.782102e+03 7.821449e+03 7.850376e+03 7.811029e+03
13.4 7.776107e+03 7.830361e+03 7.850579e+03 7.796326e+03
14.4 7.988611e+03 7.955682e+03 7.850694e+03 7.883624e+03
15.4 7.713657e+03 8.013982e+03 7.850760e+03 7.550435e+03
16.4 7.831812e+03 7.961993e+03 7.850806e+03 7.720626e+03
17.4 7.745537e+03 7.905764e+03 7.850845e+03 7.690619e+03
