0.1 3.995450e+03 4.150518e+03 4.060530e+03 3.905461e+03
1.1 4.132330e+03 4.157997e+03 4.136727e+03 4.111061e+03
2.1 4.648531e+03 4.471108e+03 4.509457e+03 4.686880e+03
3.1 4.767736e+03 4.507855e+03 4.579564e+03 4.839446e+03
4.1 4.150645e+03 4.291460e+03 4.367524e+03 4.226708e+03
5.1 4.221790e+03 4.196603e+03 4.173799e+03 4.198986e+03
6.1 4.381276e+03 4.173343e+03 4.063225e+03 4.271159e+03
7.1 4.622011e+03 4.081227e+03 4.015654e+03 4.556438e+03
8.1 3.763751e+03 3.992193e+03 4.003478e+03 3.775036e+03
9.1 4.110413e+03 3.943725e+03 4.010235e+03 4.176923e+03
10.1 3.796805e+03 3.933785e+03 4.022759e+03 3.885779e+03
11.1 3.889088e+03 4.003263e+03 4.033961e+03 3.919786e+03
12.1 3.873656e+03 4.073246e+03 4.040868e+03 3.841278e+03
13.1 3.794405e+03 4.054894e+03 4.044373e+03 3.783884e+03
14.1 4.082908e+03 4.010521e+03 4.045540e+03 4.117927e+03
15.1 4.090103e+03 4.000263e+03 4.045556e+03 4.135395e+03
16.1 4.012095e+03 4.068195e+03 4.045055e+03 3.988955e+03
17.1 4.144639e+03 4.083968e+03 4.044338e+03 4.105010e+03
0.6 4.100205e+03 4.180750e+03 4.040632e+03 3.960087e+03
1.6 4.233970e+03 4.328959e+03 4.285758e+03 4.190769e+03
2.6 4.238956e+03 4.538743e+03 4.579610e+03 4.279823e+03
3.6 4.267437e+03 4.407204e+03 4.474084e+03 4.334317e+03
4.6 4.389110e+03 4.218660e+03 4.244053e+03 4.414503e+03
5.6 3.943414e+03 4.075048e+03 4.092436e+03 3.960802e+03
6.6 4.051659e+03 3.964463e+03 4.015333e+03 4.102529e+03
7.6 3.791335e+03 3.889860e+03 3.987616e+03 3.889091e+03
8.6 3.809626e+03 3.877940e+03 3.986828e+03 3.918513e+03
9.6 3.916915e+03 3.945995e+03 3.998535e+03 3.969454e+03
10.6 3.979959e+03 4.007279e+03 4.011672e+03 3.984352e+03
11.6 3.465086e+03 3.992262e+03 4.021849e+03 3.494673e+03
12.6 3.792242e+03 3.948024e+03 4.027842e+03 3.872061e+03
13.6 3.707731e+03 3.960551e+03 4.030991e+03 3.778171e+03
14.6 4.027292e+03 4.085236e+03 4.032542e+03 3.974599e+03
15.6 3.917762e+03 4.135523e+03 4.042529e+03 3.824768e+03
16.6 4.288126e+03 4.366236e+03 4.335338e+03 4.257228e+03
17.6 4.622663e+03 4.552289e+03 4.583746e+03 4.654120e+03
0.7 3.917762e+03 4.135523e+03 4.042529e+03 3.824768e+03
1.7 4.288126e+03 4.366236e+03 4.335338e+03 4.257228e+03
2.7 4.622663e+03 4.552289e+03 4.583746e+03 4.654120e+03
3.7 4.476902e+03 4.400876e+03 4.444839e+03 4.520865e+03
4.7 4.153611e+03 4.209028e+03 4.220068e+03 4.164650e+03
5.7 4.069468e+03 4.080167e+03 4.080358e+03 4.069659e+03
6.7 4.111724e+03 4.125805e+03 4.011741e+03 3.997660e+03
7.7 4.371151e+03 4.129267e+03 3.989404e+03 4.231289e+03
8.7 4.302816e+03 4.051026e+03 3.991999e+03 4.243789e+03
9.7 3.830549e+03 4.068952e+03 4.005573e+03 3.767170e+03
10.7 4.099688e+03 4.115608e+03 4.019712e+03 4.003792e+03
11.7 4.542711e+03 4.063892e+03 4.030668e+03 4.509488e+03
12.7 4.121125e+03 3.992422e+03 4.037589e+03 4.166291e+03
13.7 4.127970e+03 3.956667e+03 4.041887e+03 4.213190e+03
14.7 4.064449e+03 3.948565e+03 4.044776e+03 4.160659e+03
