0.9 8.983563e+03 9.013042e+03 9.033100e+03 9.003621e+03
1.9 8.994559e+03 8.970788e+03 8.988551e+03 9.012322e+03
2.9 8.958029e+03 8.946746e+03 8.962312e+03 8.973595e+03
3.9 8.957122e+03 8.971679e+03 8.985644e+03 8.971088e+03
4.9 8.990407e+03 9.001195e+03 9.014259e+03 9.003471e+03
5.9 9.004880e+03 9.018619e+03 9.031712e+03 9.017973e+03
6.9 9.040560e+03 9.026877e+03 9.040113e+03 9.053796e+03
7.9 9.015987e+03 9.029865e+03 9.042709e+03 9.028830e+03
8.9 9.030767e+03 9.029818e+03 9.042197e+03 9.043146e+03
9.9 9.019368e+03 9.028413e+03 9.040490e+03 9.031444e+03
10.9 9.025353e+03 9.026899e+03 9.038791e+03 9.037245e+03
11.9 9.029631e+03 9.025745e+03 9.037558e+03 9.041444e+03
12.9 9.027429e+03 9.024537e+03 9.036862e+03 9.039754e+03
13.9 9.018898e+03 9.023552e+03 9.036498e+03 9.031844e+03
14.9 8.976754e+03 9.009353e+03 9.022043e+03 8.989445e+03
15.9 8.937716e+03 8.959721e+03 8.971893e+03 8.949888e+03
16.9 8.927012e+03 8.956335e+03 8.968144e+03 8.938821e+03
17.9 8.963269e+03 8.987178e+03 8.997470e+03 8.973561e+03
0.2 9.018898e+03 9.023552e+03 9.036498e+03 9.031844e+03
1.2 8.976754e+03 9.009353e+03 9.022043e+03 8.989445e+03
2.2 8.937716e+03 8.959721e+03 8.971893e+03 8.949888e+03
3.2 8.927012e+03 8.956335e+03 8.968144e+03 8.938821e+03
4.2 8.963269e+03 8.987178e+03 8.997470e+03 8.973561e+03
5.2 8.996992e+03 9.024064e+03 9.022641e+03 8.995569e+03
6.2 8.996316e+03 9.044354e+03 9.035838e+03 8.987800e+03
7.2 9.004612e+03 9.044421e+03 9.041452e+03 9.001643e+03
8.2 8.990535e+03 9.045006e+03 9.042561e+03 8.988090e+03
9.2 9.003889e+03 9.044514e+03 9.041331e+03 9.000706e+03
10.2 8.992408e+03 9.042775e+03 9.039414e+03 8.989047e+03
11.2 8.999284e+03 9.046180e+03 9.037821e+03 8.990925e+03
12.2 9.010602e+03 9.040333e+03 9.036764e+03 9.007033e+03
13.2 9.045188e+03 9.030633e+03 9.036149e+03 9.050704e+03
14.2 9.078060e+03 9.024369e+03 9.035831e+03 9.089522e+03
15.2 9.069774e+03 9.021413e+03 9.035656e+03 9.084017e+03
16.2 9.045945e+03 9.021771e+03 9.035549e+03 9.059723e+03
17.2 9.050632e+03 9.038828e+03 9.035470e+03 9.047275e+03
0.4 9.060309e+03 9.012969e+03 9.034015e+03 9.081355e+03
1.4 8.997207e+03 8.991247e+03 9.013952e+03 9.019913e+03
2.4 8.988808e+03 8.942829e+03 8.965694e+03 9.011673e+03
3.4 8.962596e+03 8.945372e+03 8.968188e+03 8.985412e+03
4.4 8.922800e+03 8.975527e+03 8.998875e+03 8.946148e+03
5.4 8.947793e+03 8.998812e+03 9.022105e+03 8.971087e+03
6.4 8.980162e+03 9.011916e+03 9.034551e+03 9.002797e+03
7.4 8.968554e+03 9.017496e+03 9.039448e+03 8.990506e+03
8.4 8.974216e+03 9.029369e+03 9.040154e+03 8.985001e+03
9.4 9.031952e+03 9.046293e+03 9.038740e+03 9.024399e+03
10.4 9.047733e+03 9.040746e+03 9.036852e+03 9.043838e+03
11.4 8.959036e+03 9.040017e+03 9.035263e+03 8.954282e+03
12.4 9.048685e+03 9.065745e+03 9.034253e+03 9.017192e+03
13.4 8.989840e+03 9.061055e+03 9.033671e+03 8.962456e+03
14.4 9.000376e+03 9.047981e+03 9.033344e+03 8.985739e+03
15.4 9.013355e+03 9.036252e+03 9.033155e+03 9.010258e+03
16.4 9.041009e+03 9.066996e+03 9.033023e+03 9.007035e+03
17.4 9.037635e+03 9.111815e+03 9.032913e+03 8.958733e+03
