0.1 1.089650e+04 1.079280e+04 1.087608e+04 1.097978e+04
1.1 1.111024e+04 1.076290e+04 1.088223e+04 1.122957e+04
2.1 1.102131e+04 1.078447e+04 1.091744e+04 1.115428e+04
3.1 1.084538e+04 1.081338e+04 1.092663e+04 1.095863e+04
4.1 1.106317e+04 1.097803e+04 1.090685e+04 1.099198e+04
5.1 1.109720e+04 1.104031e+04 1.088822e+04 1.094510e+04
6.1 1.072106e+04 1.093709e+04 1.087750e+04 1.066146e+04
7.1 1.069844e+04 1.083077e+04 1.087290e+04 1.074058e+04
8.1 1.064315e+04 1.076971e+04 1.087176e+04 1.074520e+04
9.1 1.055188e+04 1.074264e+04 1.087248e+04 1.068172e+04
10.1 1.069662e+04 1.073808e+04 1.087379e+04 1.083234e+04
11.1 1.070649e+04 1.083161e+04 1.087501e+04 1.074988e+04
12.1 1.110437e+04 1.095241e+04 1.087581e+04 1.102777e+04
13.1 1.074558e+04 1.092361e+04 1.087627e+04 1.069825e+04
14.1 1.063780e+04 1.084191e+04 1.087652e+04 1.067241e+04
15.1 1.075429e+04 1.078647e+04 1.087664e+04 1.084446e+04
16.1 1.080975e+04 1.078776e+04 1.087671e+04 1.089870e+04
17.1 1.093234e+04 1.091133e+04 1.087675e+04 1.089776e+04
0.3 1.119834e+04 1.099668e+04 1.087524e+04 1.107691e+04
1.3 1.093643e+04 1.092007e+04 1.088769e+04 1.090404e+04
2.3 1.067989e+04 1.084336e+04 1.092244e+04 1.075897e+04
3.3 1.057131e+04 1.077676e+04 1.092250e+04 1.071705e+04
4.3 1.052306e+04 1.076229e+04 1.090095e+04 1.066172e+04
5.3 1.077357e+04 1.096171e+04 1.088407e+04 1.069593e+04
6.3 1.102019e+04 1.107746e+04 1.087541e+04 1.081813e+04
7.3 1.084328e+04 1.098645e+04 1.089585e+04 1.075269e+04
8.3 1.074700e+04 1.087174e+04 1.092232e+04 1.079759e+04
9.3 1.076597e+04 1.077319e+04 1.091206e+04 1.090484e+04
10.3 1.077820e+04 1.071523e+04 1.089218e+04 1.095515e+04
11.3 1.067300e+04 1.081347e+04 1.087890e+04 1.073843e+04
12.3 1.106417e+04 1.103625e+04 1.087273e+04 1.090065e+04
13.3 1.105484e+04 1.101999e+04 1.087061e+04 1.090547e+04
14.3 1.085685e+04 1.089533e+04 1.087084e+04 1.083236e+04
15.3 1.074311e+04 1.084620e+04 1.087208e+04 1.076899e+04
16.3 1.066103e+04 1.078773e+04 1.087345e+04 1.074675e+04
17.3 1.060194e+04 1.076281e+04 1.087445e+04 1.071357e+04
0.6 1.102019e+04 1.107746e+04 1.087541e+04 1.081813e+04
1.6 1.084328e+04 1.098645e+04 1.089585e+04 1.075269e+04
2.6 1.074700e+04 1.087174e+04 1.092232e+04 1.079759e+04
3.6 1.076597e+04 1.077319e+04 1.091206e+04 1.090484e+04
4.6 1.077820e+04 1.071523e+04 1.089218e+04 1.095515e+04
5.6 1.067300e+04 1.081347e+04 1.087890e+04 1.073843e+04
6.6 1.106417e+04 1.103625e+04 1.087273e+04 1.090065e+04
7.6 1.105484e+04 1.101999e+04 1.087061e+04 1.090547e+04
8.6 1.085685e+04 1.089533e+04 1.087084e+04 1.083236e+04
9.6 1.074311e+04 1.084620e+04 1.087208e+04 1.076899e+04
10.6 1.066103e+04 1.078773e+04 1.087345e+04 1.074675e+04
11.6 1.060194e+04 1.076281e+04 1.087445e+04 1.071357e+04
12.6 1.096447e+04 1.094241e+04 1.087508e+04 1.089714e+04
13.6 1.107183e+04 1.103815e+04 1.087544e+04 1.090911e+04
14.6 1.096644e+04 1.093129e+04 1.087562e+04 1.091078e+04
15.6 1.077506e+04 1.085954e+04 1.087574e+04 1.079125e+04
16.6 1.081499e+04 1.082075e+04 1.087582e+04 1.087006e+04
17.6 1.092814e+04 1.088418e+04 1.087588e+04 1.091984e+04
0.9 1.082470e+04 1.080416e+04 1.087928e+04 1.089981e+04
1.9 1.065264e+04 1.075974e+04 1.091114e+04 1.080404e+04
2.9 1.079202e+04 1.074339e+04 1.092868e+04 1.097731e+04
3.9 1.068550e+04 1.083823e+04 1.091174e+04 1.075902e+04
4.9 1.122537e+04 1.108374e+04 1.089168e+04 1.103331e+04
5.9 1.074144e+04 1.110865e+04 1.087934e+04 1.051213e+04
6.9 1.074253e+04 1.093849e+04 1.087374e+04 1.067778e+04
7.9 1.066645e+04 1.081728e+04 1.087198e+04 1.072114e+04
8.9 1.086551e+04 1.098895e+04 1.087236e+04 1.074893e+04
9.9 1.087131e+04 1.114185e+04 1.087356e+04 1.060303e+04
10.9 1.112767e+04 1.104727e+04 1.087477e+04 1.095517e+04
11.9 1.096518e+04 1.091605e+04 1.087558e+04 1.092471e+04
12.9 1.082085e+04 1.078897e+04 1.087604e+04 1.090792e+04
13.9 1.075663e+04 1.069957e+04 1.087626e+04 1.093332e+04
14.9 1.035322e+04 1.066023e+04 1.087633e+04 1.056932e+04
15.9 1.066861e+04 1.072204e+04 1.087633e+04 1.082290e+04
16.9 1.101750e+04 1.093030e+04 1.087631e+04 1.096351e+04
17.9 1.088538e+04 1.096408e+04 1.087628e+04 1.079757e+04
0.2 1.113581e+04 1.101452e+04 1.087368e+04 1.099497e+04
1.2 1.094066e+04 1.088060e+04 1.088157e+04 1.094162e+04
2.2 1.070170e+04 1.079692e+04 1.091702e+04 1.082180e+04
3.2 1.086086e+04 1.075794e+04 1.092298e+04 1.102590e+04
4.2 1.089191e+04 1.090668e+04 1.090234e+04 1.088757e+04
5.2 1.083730e+04 1.103586e+04 1.088425e+04 1.068568e+04
6.2 1.102327e+04 1.095821e+04 1.089171e+04 1.095677e+04
7.2 1.108382e+04 1.085389e+04 1.091948e+04 1.114941e+04
8.2 1.091151e+04 1.080761e+04 1.091313e+04 1.101703e+04
9.2 1.097048e+04 1.095020e+04 1.089195e+04 1.091223e+04
10.2 1.126808e+04 1.098311e+04 1.087759e+04 1.116256e+04
11.2 1.091336e+04 1.088230e+04 1.087054e+04 1.090160e+04
12.2 1.064989e+04 1.079278e+04 1.086815e+04 1.072527e+04
13.2 1.096794e+04 1.082841e+04 1.086823e+04 1.100777e+04
14.2 1.107195e+04 1.100151e+04 1.086950e+04 1.093993e+04
15.2 1.064241e+04 1.098637e+04 1.087090e+04 1.052695e+04
16.2 1.083282e+04 1.092009e+04 1.087203e+04 1.078475e+04
17.2 1.078815e+04 1.084684e+04 1.087273e+04 1.081405e+04
0.5 1.083730e+04 1.103586e+04 1.088425e+04 1.068568e+04
1.5 1.102327e+04 1.095821e+04 1.089171e+04 1.095677e+04
2.5 1.108382e+04 1.085389e+04 1.091948e+04 1.114941e+04
3.5 1.091151e+04 1.080761e+04 1.091313e+04 1.101703e+04
4.5 1.097048e+04 1.095020e+04 1.089195e+04 1.091223e+04
5.5 1.126808e+04 1.098311e+04 1.087759e+04 1.116256e+04
6.5 1.091336e+04 1.088230e+04 1.087054e+04 1.090160e+04
7.5 1.064989e+04 1.079278e+04 1.086815e+04 1.072527e+04
8.5 1.096794e+04 1.082841e+04 1.086823e+04 1.100777e+04
9.5 1.107195e+04 1.100151e+04 1.086950e+04 1.093993e+04
10.5 1.064241e+04 1.098637e+04 1.087090e+04 1.052695e+04
11.5 1.083282e+04 1.092009e+04 1.087203e+04 1.078475e+04
12.5 1.078815e+04 1.084684e+04 1.087273e+04 1.081405e+04
13.5 1.061050e+04 1.077604e+04 1.087316e+04 1.070762e+04
14.5 1.088275e+04 1.087472e+04 1.087342e+04 1.088145e+04
15.5 1.091623e+04 1.098822e+04 1.087361e+04 1.080162e+04
16.5 1.096659e+04 1.093512e+04 1.087377e+04 1.090525e+04
17.5 1.078354e+04 1.087076e+04 1.087394e+04 1.078671e+04
