0.9 1.061644e+04 1.058997e+04 1.058273e+04 1.060920e+04
1.9 1.059156e+04 1.068568e+04 1.069506e+04 1.060095e+04
2.9 1.060049e+04 1.073827e+04 1.076122e+04 1.062344e+04
3.9 1.061305e+04 1.067233e+04 1.070239e+04 1.064312e+04
4.9 1.054848e+04 1.059887e+04 1.063024e+04 1.057984e+04
5.9 1.051012e+04 1.057493e+04 1.058623e+04 1.052143e+04
6.9 1.054351e+04 1.056990e+04 1.056505e+04 1.053866e+04
7.9 1.059602e+04 1.055449e+04 1.055850e+04 1.060004e+04
8.9 1.056125e+04 1.054220e+04 1.055979e+04 1.057885e+04
9.9 1.053477e+04 1.053829e+04 1.056410e+04 1.056058e+04
10.9 1.054695e+04 1.053872e+04 1.056838e+04 1.057661e+04
11.9 1.047953e+04 1.054161e+04 1.057149e+04 1.050941e+04
12.9 1.052296e+04 1.056534e+04 1.057325e+04 1.053086e+04
13.9 1.062920e+04 1.059189e+04 1.057417e+04 1.061148e+04
14.9 1.070316e+04 1.061988e+04 1.061061e+04 1.069390e+04
15.9 1.074872e+04 1.072760e+04 1.073707e+04 1.075818e+04
16.9 1.076058e+04 1.072393e+04 1.074652e+04 1.078317e+04
17.9 1.072313e+04 1.064661e+04 1.067257e+04 1.074909e+04
0.2 1.062920e+04 1.059189e+04 1.057417e+04 1.061148e+04
1.2 1.070316e+04 1.061988e+04 1.061061e+04 1.069390e+04
2.2 1.074872e+04 1.072760e+04 1.073707e+04 1.075818e+04
3.2 1.076058e+04 1.072393e+04 1.074652e+04 1.078317e+04
4.2 1.072313e+04 1.064661e+04 1.067257e+04 1.074909e+04
5.2 1.069588e+04 1.060643e+04 1.060911e+04 1.069856e+04
6.2 1.062627e+04 1.058885e+04 1.057583e+04 1.061325e+04
7.2 1.064271e+04 1.056357e+04 1.056167e+04 1.064081e+04
8.2 1.061546e+04 1.055768e+04 1.055888e+04 1.061665e+04
9.2 1.066447e+04 1.056101e+04 1.056198e+04 1.066543e+04
10.2 1.068150e+04 1.056866e+04 1.056681e+04 1.067966e+04
11.2 1.061951e+04 1.058645e+04 1.057083e+04 1.060388e+04
12.2 1.062701e+04 1.058036e+04 1.057350e+04 1.062014e+04
13.2 1.068072e+04 1.056290e+04 1.057505e+04 1.069286e+04
14.2 1.061707e+04 1.055108e+04 1.057585e+04 1.064184e+04
15.2 1.062224e+04 1.054560e+04 1.057629e+04 1.065294e+04
16.2 1.065152e+04 1.054566e+04 1.057656e+04 1.068242e+04
17.2 1.061385e+04 1.056595e+04 1.057676e+04 1.062466e+04
0.4 1.055467e+04 1.060360e+04 1.058043e+04 1.053150e+04
1.4 1.067526e+04 1.063766e+04 1.063101e+04 1.066862e+04
2.4 1.080379e+04 1.073665e+04 1.075270e+04 1.081983e+04
3.4 1.081444e+04 1.072437e+04 1.074641e+04 1.083649e+04
4.4 1.073164e+04 1.067521e+04 1.066903e+04 1.072546e+04
5.4 1.071728e+04 1.062370e+04 1.061046e+04 1.070404e+04
6.4 1.064987e+04 1.057278e+04 1.057908e+04 1.065617e+04
7.4 1.055713e+04 1.054266e+04 1.056673e+04 1.058119e+04
8.4 1.051226e+04 1.054378e+04 1.056495e+04 1.053342e+04
9.4 1.051224e+04 1.056444e+04 1.056851e+04 1.051631e+04
10.4 1.061164e+04 1.056431e+04 1.057327e+04 1.062061e+04
11.4 1.066419e+04 1.056993e+04 1.057728e+04 1.067154e+04
12.4 1.069600e+04 1.060382e+04 1.057983e+04 1.067200e+04
13.4 1.068775e+04 1.060372e+04 1.058129e+04 1.066532e+04
14.4 1.072602e+04 1.060397e+04 1.058212e+04 1.070417e+04
15.4 1.065954e+04 1.059726e+04 1.058260e+04 1.064488e+04
16.4 1.061885e+04 1.057055e+04 1.058293e+04 1.063124e+04
17.4 1.059099e+04 1.054749e+04 1.058321e+04 1.062671e+04
