1.0 8.369113e+03 8.285982e+03 8.300296e+03 8.383427e+03
2.0 8.430966e+03 8.366038e+03 8.310514e+03 8.375443e+03
3.0 8.489013e+03 8.323942e+03 8.329193e+03 8.494264e+03
4.0 8.434747e+03 8.376136e+03 8.342940e+03 8.401551e+03
5.0 8.359051e+03 8.252853e+03 8.349480e+03 8.455677e+03
6.0 8.275376e+03 8.325696e+03 8.351074e+03 8.300754e+03
7.0 8.294744e+03 8.236686e+03 8.350373e+03 8.408431e+03
8.0 8.317920e+03 8.293663e+03 8.348829e+03 8.373086e+03
9.0 8.254014e+03 8.262348e+03 8.347379e+03 8.339045e+03
10.0 8.261883e+03 8.215524e+03 8.346317e+03 8.392677e+03
11.0 8.249276e+03 8.239413e+03 8.345727e+03 8.355591e+03
12.0 8.423244e+03 8.351009e+03 8.345459e+03 8.417695e+03
13.0 8.283242e+03 8.313432e+03 8.345380e+03 8.315190e+03
14.0 8.208139e+03 8.270452e+03 8.345405e+03 8.283092e+03
15.0 8.403966e+03 8.284169e+03 8.345473e+03 8.465270e+03
16.0 8.358460e+03 8.264501e+03 8.345560e+03 8.439519e+03
17.0 8.367750e+03 8.364199e+03 8.345649e+03 8.349201e+03
18.0 8.257105e+03 8.307185e+03 8.342381e+03 8.292301e+03
19.0 8.326933e+03 8.324116e+03 8.327383e+03 8.330200e+03
20.0 8.377881e+03 8.345098e+03 8.309712e+03 8.342495e+03
21.0 8.344174e+03 8.256826e+03 8.299409e+03 8.386757e+03
22.0 8.333688e+03 8.241454e+03 8.295524e+03 8.387758e+03
23.0 8.353680e+03 8.450306e+03 8.295283e+03 8.198657e+03
24.0 8.451254e+03 8.330017e+03 8.296650e+03 8.417887e+03
25.0 8.314230e+03 8.371186e+03 8.298431e+03 8.241475e+03
26.0 8.289194e+03 8.377972e+03 8.299914e+03 8.211137e+03
27.0 8.255031e+03 8.336272e+03 8.300946e+03 8.219705e+03
28.0 8.364523e+03 8.321563e+03 8.301589e+03 8.344549e+03
29.0 8.344590e+03 8.367573e+03 8.301950e+03 8.278966e+03
30.0 8.404765e+03 8.349740e+03 8.302165e+03 8.357191e+03
31.0 8.448413e+03 8.333703e+03 8.302305e+03 8.417015e+03
32.0 8.410578e+03 8.319087e+03 8.302414e+03 8.393904e+03
33.0 8.285406e+03 8.360898e+03 8.302509e+03 8.227016e+03
34.0 8.393119e+03 8.405000e+03 8.302598e+03 8.290717e+03
0.1 8.214401e+03 8.327463e+03 8.303356e+03 8.190295e+03
1.1 8.290021e+03 8.302905e+03 8.304372e+03 8.291489e+03
2.1 8.392400e+03 8.371243e+03 8.315457e+03 8.336614e+03
3.1 8.467222e+03 8.381072e+03 8.333636e+03 8.419786e+03
4.1 8.254685e+03 8.349441e+03 8.347135e+03 8.252379e+03
5.1 8.115225e+03 8.253341e+03 8.353027e+03 8.214911e+03
6.1 8.501554e+03 8.386026e+03 8.354354e+03 8.469882e+03
7.1 8.364342e+03 8.323912e+03 8.353449e+03 8.393879e+03
8.1 8.320692e+03 8.311402e+03 8.351827e+03 8.361117e+03
9.1 8.263112e+03 8.303439e+03 8.350259e+03 8.309932e+03
10.1 8.431970e+03 8.443960e+03 8.349155e+03 8.337164e+03
11.1 8.479171e+03 8.485858e+03 8.348474e+03 8.341787e+03
12.1 8.352715e+03 8.466147e+03 8.348128e+03 8.234696e+03
13.1 8.260685e+03 8.360961e+03 8.347966e+03 8.247690e+03
14.1 8.390696e+03 8.431698e+03 8.347900e+03 8.306898e+03
15.1 8.312153e+03 8.332728e+03 8.347880e+03 8.327305e+03
16.1 8.384583e+03 8.395543e+03 8.347879e+03 8.336920e+03
17.1 8.587340e+03 8.506269e+03 8.347873e+03 8.428944e+03
18.1 8.203613e+03 8.356278e+03 8.344056e+03 8.191390e+03
19.1 8.364920e+03 8.366892e+03 8.328047e+03 8.326075e+03
20.1 8.331887e+03 8.297658e+03 8.311001e+03 8.345231e+03
21.1 8.302644e+03 8.303289e+03 8.300846e+03 8.300201e+03
22.1 8.412531e+03 8.383202e+03 8.297258e+03 8.326587e+03
23.1 8.454491e+03 8.376430e+03 8.297112e+03 8.375173e+03
24.1 8.400184e+03 8.349382e+03 8.298501e+03 8.349303e+03
25.1 8.361940e+03 8.346933e+03 8.300184e+03 8.315191e+03
26.1 8.176382e+03 8.307232e+03 8.301624e+03 8.170774e+03
27.1 8.346740e+03 8.325569e+03 8.302576e+03 8.323747e+03
28.1 8.407730e+03 8.318867e+03 8.303144e+03 8.392007e+03
29.1 8.368638e+03 8.279381e+03 8.303463e+03 8.392721e+03
30.1 8.330731e+03 8.334411e+03 8.303639e+03 8.299959e+03
31.1 8.402310e+03 8.333345e+03 8.303753e+03 8.372718e+03
32.1 8.166681e+03 8.312563e+03 8.303841e+03 8.157960e+03
33.1 8.309835e+03 8.343242e+03 8.303923e+03 8.270515e+03
