0.6 1.644147e+03 1.687357e+03 1.904246e+03 1.861036e+03
1.6 1.837554e+03 1.898803e+03 1.903919e+03 1.842669e+03
2.6 1.945128e+03 1.938101e+03 1.902887e+03 1.909914e+03
3.6 1.859848e+03 1.888758e+03 1.901818e+03 1.872908e+03
4.6 1.814789e+03 1.884428e+03 1.901221e+03 1.831582e+03
5.6 2.103847e+03 1.993743e+03 1.900991e+03 2.011094e+03
6.6 1.910807e+03 1.911682e+03 1.900965e+03 1.900090e+03
7.6 2.015516e+03 1.966130e+03 1.901021e+03 1.950407e+03
8.6 1.853783e+03 1.944570e+03 1.901096e+03 1.810309e+03
9.6 2.071627e+03 1.910525e+03 1.901149e+03 2.062252e+03
10.6 2.037130e+03 1.944614e+03 1.901176e+03 1.993692e+03
11.6 1.964803e+03 1.957228e+03 1.901178e+03 1.908753e+03
12.6 1.987813e+03 1.958916e+03 1.901166e+03 1.930062e+03
13.6 2.045530e+03 1.994833e+03 1.901145e+03 1.951843e+03
14.6 1.848601e+03 1.990226e+03 1.901121e+03 1.759497e+03
15.6 1.891235e+03 1.942561e+03 1.901096e+03 1.849771e+03
16.6 1.822106e+03 1.891336e+03 1.901071e+03 1.831841e+03
17.6 1.841201e+03 1.872884e+03 1.901087e+03 1.869405e+03
18.6 1.896458e+03 1.907481e+03 1.901687e+03 1.890664e+03
19.6 1.800375e+03 1.944233e+03 1.902774e+03 1.758916e+03
20.6 1.929513e+03 1.927231e+03 1.903612e+03 1.905894e+03
21.6 2.065231e+03 1.908628e+03 1.903978e+03 2.060582e+03
22.6 1.907946e+03 1.987661e+03 1.904053e+03 1.824337e+03
23.6 1.988786e+03 1.967630e+03 1.903982e+03 1.925137e+03
24.6 1.977264e+03 1.899006e+03 1.903863e+03 1.982121e+03
25.6 1.917351e+03 1.889376e+03 1.903744e+03 1.931719e+03
26.6 1.963664e+03 1.895857e+03 1.903654e+03 1.971461e+03
27.6 1.858549e+03 1.880189e+03 1.903591e+03 1.881951e+03
28.6 1.985161e+03 1.892942e+03 1.903548e+03 1.995768e+03
29.6 1.776668e+03 1.890919e+03 1.903518e+03 1.789268e+03
30.6 1.827623e+03 1.887818e+03 1.903495e+03 1.843300e+03
31.6 1.825334e+03 1.893059e+03 1.903474e+03 1.835749e+03
32.6 1.739325e+03 1.906159e+03 1.903455e+03 1.736621e+03
33.6 1.801166e+03 1.902812e+03 1.903437e+03 1.801791e+03
0.5 1.898993e+03 1.988912e+03 1.903311e+03 1.813393e+03
1.5 2.104246e+03 1.981716e+03 1.903085e+03 2.025615e+03
2.5 1.944348e+03 1.953479e+03 1.902113e+03 1.892983e+03
3.5 1.831798e+03 1.910303e+03 1.901077e+03 1.822573e+03
4.5 1.760973e+03 1.879440e+03 1.900463e+03 1.781996e+03
5.5 1.987381e+03 1.916586e+03 1.900249e+03 1.971044e+03
6.5 2.038182e+03 1.905463e+03 1.900246e+03 2.032965e+03
7.5 1.864090e+03 1.841637e+03 1.900336e+03 1.922789e+03
8.5 2.076137e+03 1.928116e+03 1.900443e+03 2.048464e+03
9.5 1.859845e+03 1.925479e+03 1.900536e+03 1.834902e+03
10.5 1.883760e+03 1.889041e+03 1.900598e+03 1.895318e+03
11.5 2.042697e+03 1.941215e+03 1.900637e+03 2.002118e+03
12.5 2.014492e+03 1.880849e+03 1.900659e+03 2.034302e+03
13.5 1.828907e+03 1.826040e+03 1.900673e+03 1.903540e+03
14.5 1.863943e+03 1.882816e+03 1.900682e+03 1.881809e+03
15.5 1.992637e+03 1.931276e+03 1.900689e+03 1.962049e+03
16.5 1.781797e+03 1.971926e+03 1.900695e+03 1.710566e+03
17.5 1.869549e+03 1.938210e+03 1.900728e+03 1.832068e+03
18.5 1.798149e+03 1.957387e+03 1.901274e+03 1.742036e+03
19.5 1.961229e+03 1.938421e+03 1.902406e+03 1.925214e+03
20.5 1.871959e+03 1.926164e+03 1.903292e+03 1.849087e+03
21.5 2.101374e+03 1.956461e+03 1.903725e+03 2.048638e+03
22.5 1.989957e+03 1.809954e+03 1.903849e+03 2.083852e+03
23.5 1.883478e+03 1.922219e+03 1.903814e+03 1.865074e+03
24.5 1.842198e+03 1.884564e+03 1.903720e+03 1.861355e+03
25.5 1.870551e+03 1.859109e+03 1.903628e+03 1.915070e+03
26.5 1.804632e+03 1.845946e+03 1.903559e+03 1.862246e+03
27.5 1.953644e+03 1.846842e+03 1.903517e+03 2.010319e+03
28.5 1.911010e+03 1.859457e+03 1.903496e+03 1.955049e+03
29.5 1.924278e+03 1.863283e+03 1.903487e+03 1.964482e+03
30.5 1.790847e+03 1.868904e+03 1.903484e+03 1.825427e+03
31.5 1.888412e+03 1.866138e+03 1.903484e+03 1.925758e+03
32.5 1.901157e+03 1.866379e+03 1.903485e+03 1.938263e+03
33.5 1.959767e+03 1.866972e+03 1.903486e+03 1.996281e+03
