0.6 1.150374e+04 1.178900e+04 1.174433e+04 1.145907e+04
1.6 1.152153e+04 1.173685e+04 1.173274e+04 1.151742e+04
2.6 1.180756e+04 1.173023e+04 1.169584e+04 1.177317e+04
3.6 1.178830e+04 1.174157e+04 1.166097e+04 1.170770e+04
4.6 1.184096e+04 1.174184e+04 1.164186e+04 1.174098e+04
5.6 1.204196e+04 1.184738e+04 1.163529e+04 1.182987e+04
6.6 1.165159e+04 1.171065e+04 1.163563e+04 1.157656e+04
7.6 1.164281e+04 1.174336e+04 1.163879e+04 1.153823e+04
8.6 1.151888e+04 1.173035e+04 1.164230e+04 1.143083e+04
9.6 1.162363e+04 1.170004e+04 1.164510e+04 1.156869e+04
10.6 1.172646e+04 1.184203e+04 1.164696e+04 1.153138e+04
11.6 1.184288e+04 1.184104e+04 1.164796e+04 1.164979e+04
12.6 1.191354e+04 1.191040e+04 1.164845e+04 1.165159e+04
13.6 1.170169e+04 1.178332e+04 1.164864e+04 1.156702e+04
14.6 1.185798e+04 1.175744e+04 1.164871e+04 1.174925e+04
15.6 1.179073e+04 1.169582e+04 1.164871e+04 1.174362e+04
16.6 1.175458e+04 1.180546e+04 1.164868e+04 1.159781e+04
17.6 1.167918e+04 1.166792e+04 1.165065e+04 1.166191e+04
18.6 1.177615e+04 1.170217e+04 1.167378e+04 1.174776e+04
19.6 1.167049e+04 1.173448e+04 1.171282e+04 1.164883e+04
20.6 1.175387e+04 1.176722e+04 1.174223e+04 1.172887e+04
21.6 1.182802e+04 1.182898e+04 1.175518e+04 1.175421e+04
22.6 1.177907e+04 1.181521e+04 1.175817e+04 1.172202e+04
23.6 1.174628e+04 1.179143e+04 1.175624e+04 1.171109e+04
24.6 1.168006e+04 1.175085e+04 1.175270e+04 1.168192e+04
25.6 1.168642e+04 1.176151e+04 1.174924e+04 1.167415e+04
26.6 1.164290e+04 1.181106e+04 1.174676e+04 1.157860e+04
27.6 1.174780e+04 1.176072e+04 1.174518e+04 1.173226e+04
28.6 1.182397e+04 1.179675e+04 1.174431e+04 1.177153e+04
29.6 1.178423e+04 1.181555e+04 1.174384e+04 1.171253e+04
30.6 1.149734e+04 1.162574e+04 1.174356e+04 1.161516e+04
31.6 1.171823e+04 1.162709e+04 1.174337e+04 1.183451e+04
32.6 1.177991e+04 1.157512e+04 1.174322e+04 1.194801e+04
33.6 1.168129e+04 1.154208e+04 1.174307e+04 1.188228e+04
