0.6 9.273663e+03 9.167831e+03 9.420256e+03 9.526089e+03
1.6 9.289764e+03 9.390743e+03 9.422032e+03 9.321053e+03
2.6 9.478271e+03 9.484680e+03 9.427620e+03 9.421211e+03
3.6 9.416271e+03 9.456061e+03 9.433416e+03 9.393625e+03
4.6 9.448548e+03 9.438732e+03 9.436648e+03 9.446464e+03
5.6 9.476020e+03 9.393311e+03 9.437898e+03 9.520606e+03
6.6 9.408578e+03 9.425149e+03 9.438038e+03 9.421467e+03
7.6 9.411521e+03 9.400791e+03 9.437731e+03 9.448461e+03
8.6 9.460304e+03 9.407685e+03 9.437327e+03 9.489946e+03
9.6 9.336007e+03 9.425417e+03 9.437037e+03 9.347627e+03
10.6 9.516805e+03 9.403775e+03 9.436892e+03 9.549922e+03
11.6 9.327761e+03 9.394508e+03 9.436882e+03 9.370134e+03
12.6 9.393622e+03 9.392888e+03 9.436950e+03 9.437684e+03
13.6 9.357807e+03 9.367856e+03 9.437060e+03 9.427010e+03
14.6 9.259035e+03 9.371141e+03 9.437189e+03 9.325083e+03
15.6 9.467186e+03 9.404723e+03 9.437325e+03 9.499787e+03
16.6 9.523289e+03 9.440910e+03 9.437461e+03 9.519840e+03
17.6 9.639136e+03 9.456222e+03 9.437375e+03 9.620289e+03
18.6 9.553641e+03 9.455839e+03 9.434122e+03 9.531924e+03
19.6 9.400953e+03 9.454653e+03 9.428236e+03 9.374535e+03
20.6 9.363118e+03 9.413383e+03 9.423694e+03 9.373429e+03
21.6 9.514922e+03 9.392962e+03 9.421710e+03 9.543669e+03
22.6 9.517150e+03 9.469332e+03 9.421307e+03 9.469125e+03
23.6 9.567165e+03 9.444321e+03 9.421689e+03 9.544533e+03
24.6 9.451180e+03 9.445636e+03 9.422335e+03 9.427879e+03
25.6 9.348054e+03 9.384799e+03 9.422977e+03 9.386231e+03
26.6 9.300346e+03 9.423348e+03 9.423466e+03 9.300463e+03
27.6 9.405767e+03 9.376618e+03 9.423807e+03 9.452955e+03
28.6 9.377353e+03 9.407973e+03 9.424039e+03 9.393419e+03
29.6 9.432134e+03 9.393445e+03 9.424201e+03 9.462890e+03
30.6 9.379824e+03 9.372140e+03 9.424330e+03 9.432014e+03
31.6 9.439231e+03 9.384764e+03 9.424441e+03 9.478908e+03
32.6 9.387599e+03 9.437713e+03 9.424543e+03 9.374429e+03
33.6 9.448498e+03 9.420336e+03 9.424642e+03 9.452804e+03
0.5 9.449076e+03 9.478672e+03 9.425322e+03 9.395726e+03
1.5 9.489760e+03 9.475045e+03 9.426549e+03 9.441264e+03
2.5 9.445460e+03 9.457484e+03 9.431816e+03 9.419792e+03
3.5 9.536615e+03 9.541744e+03 9.437428e+03 9.432299e+03
4.5 9.484940e+03 9.493880e+03 9.440759e+03 9.431819e+03
5.5 9.470877e+03 9.463040e+03 9.441916e+03 9.449754e+03
6.5 9.434748e+03 9.466807e+03 9.441935e+03 9.409876e+03
7.5 9.577383e+03 9.496424e+03 9.441447e+03 9.522406e+03
8.5 9.531705e+03 9.457909e+03 9.440863e+03 9.514659e+03
9.5 9.579226e+03 9.459897e+03 9.440362e+03 9.559690e+03
10.5 9.221282e+03 9.483627e+03 9.440024e+03 9.177679e+03
11.5 9.494164e+03 9.450176e+03 9.439816e+03 9.483804e+03
12.5 9.507740e+03 9.491534e+03 9.439693e+03 9.455900e+03
13.5 9.492517e+03 9.530016e+03 9.439621e+03 9.402122e+03
14.5 9.523969e+03 9.490705e+03 9.439572e+03 9.472836e+03
15.5 9.448552e+03 9.456851e+03 9.439534e+03 9.431235e+03
16.5 9.446776e+03 9.428389e+03 9.439501e+03 9.457889e+03
17.5 9.309428e+03 9.452013e+03 9.439319e+03 9.296734e+03
18.5 9.389600e+03 9.415335e+03 9.436362e+03 9.410627e+03
19.5 9.427108e+03 9.425417e+03 9.430226e+03 9.431917e+03
20.5 9.483420e+03 9.411506e+03 9.425428e+03 9.497341e+03
21.5 9.511934e+03 9.441156e+03 9.423080e+03 9.493858e+03
22.5 9.314736e+03 9.310306e+03 9.422409e+03 9.426839e+03
23.5 9.331403e+03 9.448091e+03 9.422598e+03 9.305910e+03
24.5 9.441822e+03 9.443317e+03 9.423106e+03 9.421612e+03
25.5 9.374702e+03 9.403105e+03 9.423606e+03 9.395203e+03
26.5 9.423239e+03 9.428183e+03 9.423978e+03 9.419035e+03
27.5 9.419062e+03 9.427426e+03 9.424209e+03 9.415845e+03
28.5 9.476978e+03 9.416762e+03 9.424322e+03 9.484538e+03
29.5 9.365382e+03 9.414487e+03 9.424371e+03 9.375266e+03
30.5 9.402642e+03 9.399476e+03 9.424386e+03 9.427551e+03
31.5 9.515415e+03 9.416717e+03 9.424386e+03 9.523084e+03
32.5 9.516972e+03 9.423576e+03 9.424382e+03 9.517778e+03
33.5 9.404692e+03 9.426215e+03 9.424377e+03 9.402854e+03
