0.8 9.327505e+03 9.351363e+03 9.347988e+03 9.324131e+03
1.8 9.329445e+03 9.269294e+03 9.345840e+03 9.405991e+03
2.8 9.318955e+03 9.346263e+03 9.340686e+03 9.313378e+03
3.8 9.301905e+03 9.328861e+03 9.336160e+03 9.309204e+03
4.8 9.360032e+03 9.350181e+03 9.333988e+03 9.343840e+03
5.8 9.322557e+03 9.311141e+03 9.333416e+03 9.344832e+03
6.8 9.361099e+03 9.313352e+03 9.333675e+03 9.381422e+03
7.8 9.268306e+03 9.336908e+03 9.334251e+03 9.265650e+03
8.8 9.312229e+03 9.340095e+03 9.334864e+03 9.306998e+03
9.8 9.407154e+03 9.355985e+03 9.335356e+03 9.386525e+03
10.8 9.398897e+03 9.337194e+03 9.335716e+03 9.397419e+03
11.8 9.343695e+03 9.331113e+03 9.335976e+03 9.348557e+03
12.8 9.353138e+03 9.329113e+03 9.336168e+03 9.360193e+03
13.8 9.299754e+03 9.330427e+03 9.336329e+03 9.305657e+03
14.8 9.279403e+03 9.313304e+03 9.336476e+03 9.302575e+03
15.8 9.277310e+03 9.346223e+03 9.336618e+03 9.267705e+03
16.8 9.336487e+03 9.320158e+03 9.336760e+03 9.353089e+03
17.8 9.344153e+03 9.345647e+03 9.337402e+03 9.335908e+03
18.8 9.369030e+03 9.343562e+03 9.341453e+03 9.366921e+03
19.8 9.345795e+03 9.309030e+03 9.346976e+03 9.383741e+03
20.8 9.300248e+03 9.346869e+03 9.350741e+03 9.304120e+03
21.8 9.331203e+03 9.347175e+03 9.352453e+03 9.336481e+03
