0.6 9.699650e+03 9.861075e+03 9.843641e+03 9.682216e+03
1.6 9.553847e+03 9.887304e+03 9.825521e+03 9.492064e+03
2.6 9.736305e+03 9.802753e+03 9.767840e+03 9.701392e+03
3.6 9.715059e+03 9.749780e+03 9.713335e+03 9.678614e+03
4.6 9.583162e+03 9.726718e+03 9.683460e+03 9.539905e+03
5.6 9.695346e+03 9.737640e+03 9.673191e+03 9.630897e+03
6.6 9.646582e+03 9.714162e+03 9.673723e+03 9.606143e+03
7.6 9.653907e+03 9.723703e+03 9.678662e+03 9.608866e+03
8.6 9.708940e+03 9.725695e+03 9.684148e+03 9.667393e+03
9.6 9.732676e+03 9.724492e+03 9.688532e+03 9.696716e+03
10.6 9.628100e+03 9.748083e+03 9.691437e+03 9.571453e+03
11.6 9.761363e+03 9.748906e+03 9.692997e+03 9.705454e+03
12.6 9.794834e+03 9.759357e+03 9.693764e+03 9.729241e+03
13.6 9.693267e+03 9.741517e+03 9.694072e+03 9.645821e+03
14.6 9.787587e+03 9.738019e+03 9.694170e+03 9.743738e+03
15.6 9.647712e+03 9.729387e+03 9.694173e+03 9.612498e+03
16.6 1.003353e+04 9.744982e+03 9.694132e+03 9.982682e+03
17.6 9.849067e+03 9.728446e+03 9.697211e+03 9.817832e+03
18.6 9.996504e+03 9.766060e+03 9.733363e+03 9.963807e+03
19.6 9.965811e+03 9.828698e+03 9.794391e+03 9.931504e+03
20.6 9.908271e+03 9.875715e+03 9.840350e+03 9.872906e+03
21.6 1.010358e+04 9.850062e+03 9.860598e+03 1.011412e+04
22.6 9.890586e+03 9.869270e+03 9.865264e+03 9.886580e+03
23.6 9.988765e+03 9.891133e+03 9.862255e+03 9.959887e+03
24.6 9.951172e+03 9.904067e+03 9.856726e+03 9.903831e+03
25.6 9.988403e+03 9.842928e+03 9.851316e+03 9.996791e+03
26.6 1.002340e+04 9.856667e+03 9.847435e+03 1.001416e+04
27.6 9.793867e+03 9.813143e+03 9.844964e+03 9.825688e+03
28.6 1.000589e+04 9.846104e+03 9.843612e+03 1.000340e+04
29.6 1.004421e+04 9.863734e+03 9.842873e+03 1.002335e+04
30.6 9.757974e+03 9.679138e+03 9.842438e+03 9.921274e+03
31.6 9.643608e+03 9.682557e+03 9.842145e+03 9.803196e+03
32.6 9.653177e+03 9.636309e+03 9.841900e+03 9.858767e+03
33.6 9.591426e+03 9.607916e+03 9.841669e+03 9.825178e+03
