12555.45871  
12605.51077  
12623.37137  
12595.79693  
12644.91383  
12602.34717  
12607.07303  
12599.97834  
12573.04662  
12569.42907  
12520.93414  
12583.83697  
12530.00489  
12574.2742  
12582.41373  
12558.71384  
12564.76244  
12565.70005  
12602.14055  
12577.0418  
12513.29547  
12556.781  
12497.53063  
12533.07673  
12578.68236  
12627.79623  
12645.02469  
12617.00392  
12595.98778  
12581.83192  
12614.18586  
12590.64404  
12623.40813  
12636.59261  
12517.61458  
12587.39454  
12642.03823  
12642.2337  
12612.91965  
12648.05522  
12619.45222  
12582.0178  
12563.90088  
12620.29497  
12556.30191  
12679.88444  
12598.14054  
12544.00349  
12596.1889  
12573.22365  
12549.72496  
12586.33923  
12638.97186  
12663.08232  
12674.66257  
12557.17526  
12609.81054  
12606.84211  
12624.94097  
12574.1001  
12605.34996  
12595.65669  
12569.87335  
12566.56816  
12630.18659  
12607.56258  
12671.84265  
12650.6375  
12630.71471  
12577.66339  
12592.47686  
12618.65655  
12575.97493  
12592.21758  
12499.20512  
12587.12548  
12640.65673  
12642.61203  
12571.25555  
12590.12793  
12575.77241  
12594.38914  
12615.47893  
12571.39072  
12559.41672  
12591.59996  
12618.32996  
12638.67806  
12605.39593  
12591.22322  
12582.56592  
12617.4672  
12595.88196  
12596.98828  
12641.90047  
12576.01484  
12557.98189  
12579.1858  
12581.1287  
12568.52439  
12573.60743  
12561.7624  
12557.47392  
12534.97904  
12578.68648  
12632.1668  
12580.77717  
12516.923  
12643.32227  
12595.80705  
12610.04135  
12615.21473  
12584.56301  
12661.42585  
12588.54507  
12605.03019  
12603.29789  
12568.37144  
12605.13939  
12558.6348  
12625.36007  
12604.29642  
12581.96684  
12567.75201  
12578.32908  
12563.98536  
12609.35746  
12587.51396  
12549.59631  
12587.97679  
12548.09699  
12581.80996  
12531.60047  
12588.01344  
12605.13709  
12628.74201  
12606.98606  
12619.16292  
12584.42643  
12637.22587  
12566.18206  
12607.55759  
12569.79714  
12599.98089  
12640.3607  
12585.98322  
12599.42412  
12622.45371  
12433.90792  
12335.84414  
12445.28046  
12490.8417  
12494.39484  
12502.41146  
12553.28087  
12549.23156  
12618.77897  
12597.39252  
12551.56677  
12608.24368  
12582.6902  
12624.46386  
12549.57251  
12548.12309  
12629.12091  
12598.22356  
12544.93134  
12630.42303  
12578.45997  
12554.43384  
12588.88956  
12635.28031  
12668.21641  
12668.62551  
12566.31692  
12598.71295  
12560.41704  
12595.12228  
12616.09028  
12637.69085  
12638.44622  
12633.95033  
12547.40754  
12667.59862  
12630.55639  
12605.84405  
12577.78117  
12632.53952  
12654.65114  
12598.10083  
12581.63098  
12616.57776  
12562.59981  
12591.11897  
12581.95343  
12550.43472  
12595.00617  
12566.46376  
12542.08533  
12568.57323  
12633.41027  
12642.10095  
