0.4 9.331113e+03 9.429910e+03 9.421549e+03 9.322752e+03
1.4 9.348509e+03 9.414669e+03 9.413477e+03 9.347317e+03
2.4 9.327176e+03 9.372749e+03 9.372040e+03 9.326468e+03
3.4 9.315182e+03 9.328908e+03 9.325876e+03 9.312150e+03
4.4 9.317572e+03 9.304470e+03 9.298605e+03 9.311707e+03
5.4 9.392869e+03 9.296932e+03 9.288801e+03 9.384738e+03
6.4 9.308070e+03 9.298592e+03 9.289216e+03 9.298694e+03
7.4 9.342207e+03 9.303881e+03 9.294048e+03 9.332374e+03
8.4 9.313600e+03 9.309545e+03 9.299816e+03 9.303871e+03
9.4 9.296867e+03 9.314220e+03 9.304899e+03 9.287546e+03
10.4 9.257781e+03 9.317571e+03 9.308821e+03 9.249030e+03
11.4 9.209423e+03 9.319693e+03 9.311602e+03 9.201331e+03
12.4 9.206140e+03 9.321084e+03 9.313697e+03 9.198753e+03
13.4 9.216576e+03 9.322046e+03 9.315393e+03 9.209923e+03
14.4 9.170810e+03 9.322809e+03 9.316921e+03 9.164921e+03
15.4 9.236488e+03 9.323482e+03 9.318387e+03 9.231392e+03
16.4 9.247627e+03 9.324113e+03 9.319840e+03 9.243354e+03
17.4 9.236548e+03 9.325676e+03 9.322252e+03 9.233124e+03
18.4 9.304699e+03 9.348685e+03 9.346136e+03 9.302151e+03
19.4 9.559428e+03 9.398117e+03 9.396471e+03 9.557782e+03
20.4 9.425974e+03 9.440338e+03 9.439625e+03 9.425261e+03
