0.6 8.037559e+03 8.105695e+03 8.188873e+03 8.120736e+03
1.6 8.009921e+03 8.066050e+03 8.149779e+03 8.093650e+03
2.6 8.103602e+03 7.949916e+03 8.033384e+03 8.187070e+03
3.6 7.942247e+03 7.836248e+03 7.919232e+03 8.025231e+03
4.6 7.868586e+03 7.776551e+03 7.859199e+03 7.951233e+03
5.6 7.682718e+03 7.756494e+03 7.839026e+03 7.765249e+03
6.6 7.693303e+03 7.758021e+03 7.840659e+03 7.775941e+03
7.6 7.656090e+03 7.767954e+03 7.850839e+03 7.738976e+03
8.6 7.839521e+03 7.779367e+03 7.862581e+03 7.922735e+03
9.6 7.704616e+03 7.788131e+03 7.871718e+03 7.788203e+03
10.6 7.654562e+03 7.793826e+03 7.877808e+03 7.738545e+03
11.6 7.693394e+03 7.796761e+03 7.881151e+03 7.777784e+03
12.6 7.723528e+03 7.798051e+03 7.882857e+03 7.808333e+03
13.6 7.755200e+03 7.798452e+03 7.883679e+03 7.840427e+03
14.6 7.844432e+03 7.798394e+03 7.884048e+03 7.930086e+03
15.6 7.697905e+03 7.798135e+03 7.884221e+03 7.783991e+03
16.6 7.956203e+03 7.797774e+03 7.884297e+03 8.042726e+03
17.6 7.649760e+03 7.803823e+03 7.890788e+03 7.736726e+03
18.6 7.801248e+03 7.880848e+03 7.968261e+03 7.888660e+03
19.6 7.692468e+03 8.006137e+03 8.094001e+03 7.780332e+03
20.6 7.756653e+03 8.099042e+03 8.187362e+03 7.844972e+03
21.6 7.999439e+03 8.139321e+03 8.228098e+03 8.088216e+03
22.6 7.929345e+03 8.148020e+03 8.237259e+03 8.018584e+03
23.6 7.870833e+03 8.150277e+03 8.230921e+03 7.951476e+03
24.6 8.240423e+03 8.222169e+03 8.219593e+03 8.237847e+03
25.6 8.483318e+03 8.343257e+03 8.208592e+03 8.348653e+03
26.6 8.371214e+03 8.425577e+03 8.200751e+03 8.146387e+03
27.6 8.294592e+03 8.460225e+03 8.195866e+03 8.030233e+03
28.6 8.308958e+03 8.465394e+03 8.193078e+03 8.036641e+03
29.6 8.496170e+03 8.456640e+03 8.191600e+03 8.231131e+03
30.6 8.583493e+03 8.443441e+03 8.190722e+03 8.330774e+03
31.6 8.392575e+03 8.431664e+03 8.190110e+03 8.151022e+03
32.6 8.500829e+03 8.423013e+03 8.189580e+03 8.267395e+03
33.6 8.433802e+03 8.417350e+03 8.189058e+03 8.205510e+03
