1.0 8.600922e+03 8.631047e+03 8.626756e+03 8.596631e+03
2.0 8.716530e+03 8.627968e+03 8.614020e+03 8.702583e+03
3.0 8.641429e+03 8.623307e+03 8.604900e+03 8.623022e+03
4.0 8.629265e+03 8.626486e+03 8.611188e+03 8.613967e+03
5.0 8.628778e+03 8.632156e+03 8.620603e+03 8.617226e+03
6.0 8.672098e+03 8.630830e+03 8.626442e+03 8.667709e+03
7.0 8.642418e+03 8.621541e+03 8.628968e+03 8.649845e+03
8.0 8.544229e+03 8.621854e+03 8.619353e+03 8.541729e+03
9.0 8.573477e+03 8.609785e+03 8.603459e+03 8.567151e+03
10.0 8.575112e+03 8.610640e+03 8.606153e+03 8.570625e+03
11.0 8.624055e+03 8.614123e+03 8.617045e+03 8.626977e+03
12.0 8.609038e+03 8.614408e+03 8.625269e+03 8.619899e+03
13.0 8.636948e+03 8.647715e+03 8.629375e+03 8.618608e+03
14.0 8.643935e+03 8.672753e+03 8.630986e+03 8.602168e+03
15.0 8.583040e+03 8.616973e+03 8.631135e+03 8.597201e+03
16.0 8.662261e+03 8.639367e+03 8.630593e+03 8.653486e+03
17.0 8.662864e+03 8.643059e+03 8.629905e+03 8.649711e+03
18.0 8.694882e+03 8.634858e+03 8.629368e+03 8.689392e+03
0.8 8.642418e+03 8.621541e+03 8.628968e+03 8.649845e+03
1.8 8.544229e+03 8.621854e+03 8.619353e+03 8.541729e+03
2.8 8.573477e+03 8.609785e+03 8.603459e+03 8.567151e+03
3.8 8.575112e+03 8.610640e+03 8.606153e+03 8.570625e+03
4.8 8.624055e+03 8.614123e+03 8.617045e+03 8.626977e+03
5.8 8.609038e+03 8.614408e+03 8.625269e+03 8.619899e+03
6.8 8.636948e+03 8.647715e+03 8.629375e+03 8.618608e+03
7.8 8.643935e+03 8.672753e+03 8.630986e+03 8.602168e+03
8.8 8.583040e+03 8.616973e+03 8.631135e+03 8.597201e+03
9.8 8.662261e+03 8.639367e+03 8.630593e+03 8.653486e+03
10.8 8.662864e+03 8.643059e+03 8.629905e+03 8.649711e+03
11.8 8.694882e+03 8.634858e+03 8.629368e+03 8.689392e+03
12.8 8.582544e+03 8.631569e+03 8.624028e+03 8.575003e+03
13.8 8.610505e+03 8.613892e+03 8.609852e+03 8.606465e+03
14.8 8.600607e+03 8.607720e+03 8.609586e+03 8.602473e+03
15.8 8.633729e+03 8.622408e+03 8.618216e+03 8.629536e+03
16.8 8.660080e+03 8.632871e+03 8.624851e+03 8.652060e+03
17.8 8.664023e+03 8.609943e+03 8.619228e+03 8.673309e+03
0.5 8.694882e+03 8.634858e+03 8.629368e+03 8.689392e+03
1.5 8.582544e+03 8.631569e+03 8.624028e+03 8.575003e+03
2.5 8.610505e+03 8.613892e+03 8.609852e+03 8.606465e+03
3.5 8.600607e+03 8.607720e+03 8.609586e+03 8.602473e+03
4.5 8.633729e+03 8.622408e+03 8.618216e+03 8.629536e+03
5.5 8.660080e+03 8.632871e+03 8.624851e+03 8.652060e+03
6.5 8.664023e+03 8.609943e+03 8.619228e+03 8.673309e+03
7.5 8.586354e+03 8.612240e+03 8.607901e+03 8.582015e+03
8.5 8.613477e+03 8.623214e+03 8.611819e+03 8.602082e+03
9.5 8.609133e+03 8.589411e+03 8.621076e+03 8.640798e+03
10.5 8.582295e+03 8.588189e+03 8.627135e+03 8.621240e+03
11.5 8.636450e+03 8.612261e+03 8.630037e+03 8.654226e+03
12.5 8.579526e+03 8.636114e+03 8.631041e+03 8.574453e+03
13.5 8.657483e+03 8.615961e+03 8.630953e+03 8.672475e+03
14.5 8.621478e+03 8.628547e+03 8.630389e+03 8.623319e+03
15.5 8.575912e+03 8.610948e+03 8.629789e+03 8.594753e+03
16.5 8.581454e+03 8.624104e+03 8.629336e+03 8.586686e+03
17.5 8.615711e+03 8.636943e+03 8.629051e+03 8.607819e+03
0.8 8.660080e+03 8.632871e+03 8.624851e+03 8.652060e+03
1.8 8.664023e+03 8.609943e+03 8.619228e+03 8.673309e+03
2.8 8.586354e+03 8.612240e+03 8.607901e+03 8.582015e+03
3.8 8.613477e+03 8.623214e+03 8.611819e+03 8.602082e+03
4.8 8.609133e+03 8.589411e+03 8.621076e+03 8.640798e+03
5.8 8.582295e+03 8.588189e+03 8.627135e+03 8.621240e+03
6.8 8.636450e+03 8.612261e+03 8.630037e+03 8.654226e+03
7.8 8.579526e+03 8.636114e+03 8.631041e+03 8.574453e+03
8.8 8.657483e+03 8.615961e+03 8.630953e+03 8.672475e+03
9.8 8.621478e+03 8.628547e+03 8.630389e+03 8.623319e+03
10.8 8.575912e+03 8.610948e+03 8.629789e+03 8.594753e+03
11.8 8.581454e+03 8.624104e+03 8.629336e+03 8.586686e+03
12.8 8.615711e+03 8.636943e+03 8.629051e+03 8.607819e+03
13.8 8.584861e+03 8.634758e+03 8.628903e+03 8.579006e+03
14.8 8.609850e+03 8.622028e+03 8.628828e+03 8.616649e+03
15.8 8.595097e+03 8.625673e+03 8.628791e+03 8.598215e+03
16.8 8.623453e+03 8.634431e+03 8.628769e+03 8.617791e+03
17.8 8.648325e+03 8.647712e+03 8.628753e+03 8.629366e+03
0.6 8.681337e+03 8.639872e+03 8.628492e+03 8.669957e+03
1.6 8.592124e+03 8.642623e+03 8.620364e+03 8.569864e+03
2.6 8.613788e+03 8.614298e+03 8.603898e+03 8.603388e+03
3.6 8.623855e+03 8.616790e+03 8.604781e+03 8.611847e+03
4.6 8.526072e+03 8.620924e+03 8.615531e+03 8.520680e+03
5.6 8.608546e+03 8.627934e+03 8.624070e+03 8.604681e+03
6.6 8.632586e+03 8.637634e+03 8.628692e+03 8.623644e+03
7.6 8.601973e+03 8.630955e+03 8.628106e+03 8.599123e+03
8.6 8.600488e+03 8.615169e+03 8.610536e+03 8.595855e+03
9.6 8.596340e+03 8.600962e+03 8.598234e+03 8.593612e+03
10.6 8.674417e+03 8.621869e+03 8.606138e+03 8.658686e+03
11.6 8.634351e+03 8.624823e+03 8.618512e+03 8.628040e+03
12.6 8.673481e+03 8.639170e+03 8.626211e+03 8.660522e+03
13.6 8.664841e+03 8.634378e+03 8.629943e+03 8.660406e+03
14.6 8.643105e+03 8.606678e+03 8.631081e+03 8.667508e+03
15.6 8.723058e+03 8.617840e+03 8.630842e+03 8.736059e+03
16.6 8.685090e+03 8.639771e+03 8.630021e+03 8.675339e+03
17.6 8.605032e+03 8.601639e+03 8.629201e+03 8.632594e+03
0.2 8.632586e+03 8.637634e+03 8.628692e+03 8.623644e+03
1.2 8.601973e+03 8.630955e+03 8.628106e+03 8.599123e+03
2.2 8.600488e+03 8.615169e+03 8.610536e+03 8.595855e+03
3.2 8.596340e+03 8.600962e+03 8.598234e+03 8.593612e+03
4.2 8.674417e+03 8.621869e+03 8.606138e+03 8.658686e+03
5.2 8.634351e+03 8.624823e+03 8.618512e+03 8.628040e+03
6.2 8.673481e+03 8.639170e+03 8.626211e+03 8.660522e+03
7.2 8.664841e+03 8.634378e+03 8.629943e+03 8.660406e+03
8.2 8.643105e+03 8.606678e+03 8.631081e+03 8.667508e+03
9.2 8.723058e+03 8.617840e+03 8.630842e+03 8.736059e+03
10.2 8.685090e+03 8.639771e+03 8.630021e+03 8.675339e+03
11.2 8.605032e+03 8.601639e+03 8.629201e+03 8.632594e+03
12.2 8.618413e+03 8.612348e+03 8.628581e+03 8.634647e+03
13.2 8.638357e+03 8.606083e+03 8.628205e+03 8.660480e+03
14.2 8.635930e+03 8.623766e+03 8.627987e+03 8.640150e+03
15.2 8.546518e+03 8.622086e+03 8.627855e+03 8.552287e+03
16.2 8.591127e+03 8.631090e+03 8.627768e+03 8.587805e+03
17.2 8.589440e+03 8.637189e+03 8.627701e+03 8.579953e+03
0.2 8.646817e+03 8.594745e+03 8.627399e+03 8.679471e+03
1.2 8.619715e+03 8.625595e+03 8.625135e+03 8.619255e+03
2.2 8.623926e+03 8.604792e+03 8.607858e+03 8.626991e+03
3.2 8.680382e+03 8.623333e+03 8.593507e+03 8.650555e+03
4.2 8.608367e+03 8.611705e+03 8.601470e+03 8.598133e+03
5.2 8.620894e+03 8.597738e+03 8.615242e+03 8.638397e+03
6.2 8.588664e+03 8.581892e+03 8.624088e+03 8.630860e+03
7.2 8.579055e+03 8.603029e+03 8.628397e+03 8.604423e+03
8.2 8.646145e+03 8.628000e+03 8.629880e+03 8.648025e+03
9.2 8.597322e+03 8.626126e+03 8.629722e+03 8.600918e+03
10.2 8.630819e+03 8.627939e+03 8.628877e+03 8.631757e+03
11.2 8.600052e+03 8.613893e+03 8.627997e+03 8.614155e+03
12.2 8.672937e+03 8.622839e+03 8.627332e+03 8.677429e+03
13.2 8.611753e+03 8.618583e+03 8.626905e+03 8.620075e+03
14.2 8.624980e+03 8.615478e+03 8.626665e+03 8.636167e+03
15.2 8.586695e+03 8.623039e+03 8.626525e+03 8.590181e+03
16.2 8.625281e+03 8.630706e+03 8.626438e+03 8.621014e+03
17.2 8.589015e+03 8.629393e+03 8.626373e+03 8.585995e+03
0.2 8.620152e+03 8.653703e+03 8.627712e+03 8.594161e+03
1.2 8.675317e+03 8.637759e+03 8.625346e+03 8.662905e+03
2.2 8.620228e+03 8.639087e+03 8.608195e+03 8.589335e+03
3.2 8.585189e+03 8.599758e+03 8.596378e+03 8.581810e+03
4.2 8.665588e+03 8.603305e+03 8.605049e+03 8.667332e+03
5.2 8.614330e+03 8.612576e+03 8.617480e+03 8.619233e+03
6.2 8.583278e+03 8.609280e+03 8.619840e+03 8.593839e+03
7.2 8.531019e+03 8.609744e+03 8.608381e+03 8.529655e+03
8.2 8.617864e+03 8.611878e+03 8.609099e+03 8.615085e+03
9.2 8.564939e+03 8.605029e+03 8.618330e+03 8.578241e+03
10.2 8.552456e+03 8.571172e+03 8.625122e+03 8.606406e+03
11.2 8.615405e+03 8.601690e+03 8.617898e+03 8.631613e+03
12.2 8.645581e+03 8.587304e+03 8.601545e+03 8.659822e+03
13.2 8.589651e+03 8.607211e+03 8.603855e+03 8.586295e+03
14.2 8.643398e+03 8.630098e+03 8.615546e+03 8.628846e+03
15.2 8.642979e+03 8.637024e+03 8.624287e+03 8.630242e+03
16.2 8.642765e+03 8.635207e+03 8.628760e+03 8.636318e+03
17.2 8.589558e+03 8.637564e+03 8.630333e+03 8.582327e+03
0.5 8.614330e+03 8.612576e+03 8.617480e+03 8.619233e+03
1.5 8.583278e+03 8.609280e+03 8.619840e+03 8.593839e+03
2.5 8.531019e+03 8.609744e+03 8.608381e+03 8.529655e+03
3.5 8.617864e+03 8.611878e+03 8.609099e+03 8.615085e+03
4.5 8.564939e+03 8.605029e+03 8.618330e+03 8.578241e+03
5.5 8.552456e+03 8.571172e+03 8.625122e+03 8.606406e+03
6.5 8.615405e+03 8.601690e+03 8.617898e+03 8.631613e+03
7.5 8.645581e+03 8.587304e+03 8.601545e+03 8.659822e+03
8.5 8.589651e+03 8.607211e+03 8.603855e+03 8.586295e+03
9.5 8.643398e+03 8.630098e+03 8.615546e+03 8.628846e+03
10.5 8.642979e+03 8.637024e+03 8.624287e+03 8.630242e+03
11.5 8.642765e+03 8.635207e+03 8.628760e+03 8.636318e+03
12.5 8.589558e+03 8.637564e+03 8.630333e+03 8.582327e+03
13.5 8.686269e+03 8.645583e+03 8.630331e+03 8.671017e+03
14.5 8.616147e+03 8.634529e+03 8.629591e+03 8.611210e+03
15.5 8.623549e+03 8.608946e+03 8.628713e+03 8.643316e+03
16.5 8.615493e+03 8.592188e+03 8.627982e+03 8.651288e+03
17.5 8.668834e+03 8.607947e+03 8.627494e+03 8.688381e+03
0.8 8.552456e+03 8.571172e+03 8.625122e+03 8.606406e+03
1.8 8.615405e+03 8.601690e+03 8.617898e+03 8.631613e+03
2.8 8.645581e+03 8.587304e+03 8.601545e+03 8.659822e+03
3.8 8.589651e+03 8.607211e+03 8.603855e+03 8.586295e+03
4.8 8.643398e+03 8.630098e+03 8.615546e+03 8.628846e+03
5.8 8.642979e+03 8.637024e+03 8.624287e+03 8.630242e+03
6.8 8.642765e+03 8.635207e+03 8.628760e+03 8.636318e+03
7.8 8.589558e+03 8.637564e+03 8.630333e+03 8.582327e+03
8.8 8.686269e+03 8.645583e+03 8.630331e+03 8.671017e+03
9.8 8.616147e+03 8.634529e+03 8.629591e+03 8.611210e+03
10.8 8.623549e+03 8.608946e+03 8.628713e+03 8.643316e+03
11.8 8.615493e+03 8.592188e+03 8.627982e+03 8.651288e+03
12.8 8.668834e+03 8.607947e+03 8.627494e+03 8.688381e+03
13.8 8.656750e+03 8.620344e+03 8.627176e+03 8.663582e+03
14.8 8.631220e+03 8.642539e+03 8.626965e+03 8.615646e+03
15.8 8.701441e+03 8.662032e+03 8.626801e+03 8.666211e+03
16.8 8.683448e+03 8.670293e+03 8.626655e+03 8.639810e+03
17.8 8.639756e+03 8.644990e+03 8.626513e+03 8.621279e+03
