0.3 1.124491e+04 1.133314e+04 1.132467e+04 1.123644e+04
1.3 1.122080e+04 1.132524e+04 1.132235e+04 1.121791e+04
2.3 1.129000e+04 1.130219e+04 1.131248e+04 1.130029e+04
3.3 1.135324e+04 1.133181e+04 1.131051e+04 1.133194e+04
4.3 1.137972e+04 1.138644e+04 1.131607e+04 1.130935e+04
5.3 1.135712e+04 1.144393e+04 1.132136e+04 1.123455e+04
6.3 1.143286e+04 1.135748e+04 1.131914e+04 1.139452e+04
7.3 1.127948e+04 1.132344e+04 1.131028e+04 1.126633e+04
8.3 1.127850e+04 1.130947e+04 1.131160e+04 1.128064e+04
9.3 1.120746e+04 1.128197e+04 1.131805e+04 1.124355e+04
10.3 1.127258e+04 1.128294e+04 1.132296e+04 1.131260e+04
11.3 1.131188e+04 1.134176e+04 1.132533e+04 1.129545e+04
12.3 1.142332e+04 1.129181e+04 1.132623e+04 1.145774e+04
13.3 1.132369e+04 1.127999e+04 1.132626e+04 1.136996e+04
14.3 1.117208e+04 1.127557e+04 1.132590e+04 1.122242e+04
15.3 1.125216e+04 1.130956e+04 1.132547e+04 1.126806e+04
16.3 1.134053e+04 1.136808e+04 1.132513e+04 1.129758e+04
17.3 1.146090e+04 1.140406e+04 1.132493e+04 1.138176e+04
0.6 1.135712e+04 1.144393e+04 1.132136e+04 1.123455e+04
1.6 1.143286e+04 1.135748e+04 1.131914e+04 1.139452e+04
2.6 1.127948e+04 1.132344e+04 1.131028e+04 1.126633e+04
3.6 1.127850e+04 1.130947e+04 1.131160e+04 1.128064e+04
4.6 1.120746e+04 1.128197e+04 1.131805e+04 1.124355e+04
5.6 1.127258e+04 1.128294e+04 1.132296e+04 1.131260e+04
6.6 1.131188e+04 1.134176e+04 1.132533e+04 1.129545e+04
7.6 1.142332e+04 1.129181e+04 1.132623e+04 1.145774e+04
8.6 1.132369e+04 1.127999e+04 1.132626e+04 1.136996e+04
9.6 1.117208e+04 1.127557e+04 1.132590e+04 1.122242e+04
10.6 1.125216e+04 1.130956e+04 1.132547e+04 1.126806e+04
11.6 1.134053e+04 1.136808e+04 1.132513e+04 1.129758e+04
12.6 1.146090e+04 1.140406e+04 1.132493e+04 1.138176e+04
13.6 1.142816e+04 1.135214e+04 1.132482e+04 1.140084e+04
14.6 1.130232e+04 1.131357e+04 1.132478e+04 1.131353e+04
15.6 1.119353e+04 1.130600e+04 1.132477e+04 1.121230e+04
16.6 1.132622e+04 1.136517e+04 1.132478e+04 1.128583e+04
17.6 1.140033e+04 1.140427e+04 1.132479e+04 1.132086e+04
0.5 1.122717e+04 1.133142e+04 1.132555e+04 1.122130e+04
1.5 1.130989e+04 1.132355e+04 1.132183e+04 1.130817e+04
2.5 1.128821e+04 1.130206e+04 1.130922e+04 1.129538e+04
3.5 1.125476e+04 1.130561e+04 1.130662e+04 1.125577e+04
4.5 1.129614e+04 1.131638e+04 1.131399e+04 1.129375e+04
5.5 1.132173e+04 1.132692e+04 1.132132e+04 1.131613e+04
6.5 1.138944e+04 1.128696e+04 1.132539e+04 1.142788e+04
7.5 1.140006e+04 1.130214e+04 1.132725e+04 1.142517e+04
8.5 1.139345e+04 1.131572e+04 1.132772e+04 1.140545e+04
9.5 1.129330e+04 1.133956e+04 1.132654e+04 1.128028e+04
10.5 1.130742e+04 1.132835e+04 1.131557e+04 1.129464e+04
11.5 1.118130e+04 1.128825e+04 1.130448e+04 1.119753e+04
12.5 1.129382e+04 1.130993e+04 1.130834e+04 1.129223e+04
13.5 1.131157e+04 1.134373e+04 1.131731e+04 1.128514e+04
14.5 1.146237e+04 1.131497e+04 1.132366e+04 1.147106e+04
15.5 1.128360e+04 1.133300e+04 1.132695e+04 1.127755e+04
16.5 1.117433e+04 1.129352e+04 1.132814e+04 1.120895e+04
17.5 1.118442e+04 1.130072e+04 1.132819e+04 1.121190e+04
0.1 1.139345e+04 1.131572e+04 1.132772e+04 1.140545e+04
1.1 1.129330e+04 1.133956e+04 1.132654e+04 1.128028e+04
2.1 1.130742e+04 1.132835e+04 1.131557e+04 1.129464e+04
3.1 1.118130e+04 1.128825e+04 1.130448e+04 1.119753e+04
4.1 1.129382e+04 1.130993e+04 1.130834e+04 1.129223e+04
5.1 1.131157e+04 1.134373e+04 1.131731e+04 1.128514e+04
6.1 1.146237e+04 1.131497e+04 1.132366e+04 1.147106e+04
7.1 1.128360e+04 1.133300e+04 1.132695e+04 1.127755e+04
8.1 1.117433e+04 1.129352e+04 1.132814e+04 1.120895e+04
9.1 1.118442e+04 1.130072e+04 1.132819e+04 1.121190e+04
10.1 1.129237e+04 1.134192e+04 1.132774e+04 1.127818e+04
11.1 1.124049e+04 1.140186e+04 1.132720e+04 1.116583e+04
12.1 1.141191e+04 1.140772e+04 1.132679e+04 1.133099e+04
13.1 1.144322e+04 1.138543e+04 1.132656e+04 1.138435e+04
14.1 1.152707e+04 1.133003e+04 1.132644e+04 1.152349e+04
15.1 1.138312e+04 1.129450e+04 1.132640e+04 1.141502e+04
16.1 1.125639e+04 1.129704e+04 1.132639e+04 1.128574e+04
17.1 1.129626e+04 1.135034e+04 1.132639e+04 1.127231e+04
0.5 1.128700e+04 1.136112e+04 1.132638e+04 1.125226e+04
1.5 1.138131e+04 1.136572e+04 1.132244e+04 1.133803e+04
2.5 1.139514e+04 1.129475e+04 1.131244e+04 1.141283e+04
3.5 1.143250e+04 1.130574e+04 1.131209e+04 1.143884e+04
4.5 1.145715e+04 1.133008e+04 1.131843e+04 1.144550e+04
5.5 1.151488e+04 1.144728e+04 1.132360e+04 1.139120e+04
6.5 1.147165e+04 1.141945e+04 1.132644e+04 1.137864e+04
7.5 1.147928e+04 1.144022e+04 1.132543e+04 1.136450e+04
8.5 1.126790e+04 1.125181e+04 1.131475e+04 1.133083e+04
9.5 1.122985e+04 1.131780e+04 1.131029e+04 1.122233e+04
10.5 1.117906e+04 1.132085e+04 1.131594e+04 1.117415e+04
11.5 1.120857e+04 1.129326e+04 1.132229e+04 1.123761e+04
12.5 1.123087e+04 1.125970e+04 1.132558e+04 1.129674e+04
13.5 1.116982e+04 1.125363e+04 1.131985e+04 1.123604e+04
14.5 1.125733e+04 1.127218e+04 1.131039e+04 1.129554e+04
15.5 1.125901e+04 1.128239e+04 1.131284e+04 1.128947e+04
16.5 1.127813e+04 1.122279e+04 1.131987e+04 1.137522e+04
17.5 1.131016e+04 1.129160e+04 1.132466e+04 1.134322e+04
0.3 1.147165e+04 1.141945e+04 1.132644e+04 1.137864e+04
1.3 1.147928e+04 1.144022e+04 1.132543e+04 1.136450e+04
2.3 1.126790e+04 1.125181e+04 1.131475e+04 1.133083e+04
3.3 1.122985e+04 1.131780e+04 1.131029e+04 1.122233e+04
4.3 1.117906e+04 1.132085e+04 1.131594e+04 1.117415e+04
5.3 1.120857e+04 1.129326e+04 1.132229e+04 1.123761e+04
6.3 1.123087e+04 1.125970e+04 1.132558e+04 1.129674e+04
7.3 1.116982e+04 1.125363e+04 1.131985e+04 1.123604e+04
8.3 1.125733e+04 1.127218e+04 1.131039e+04 1.129554e+04
9.3 1.125901e+04 1.128239e+04 1.131284e+04 1.128947e+04
10.3 1.127813e+04 1.122279e+04 1.131987e+04 1.137522e+04
11.3 1.131016e+04 1.129160e+04 1.132466e+04 1.134322e+04
12.3 1.124991e+04 1.127866e+04 1.132701e+04 1.129827e+04
13.3 1.144024e+04 1.131362e+04 1.132786e+04 1.145448e+04
14.3 1.141870e+04 1.130801e+04 1.132782e+04 1.143850e+04
15.3 1.136960e+04 1.132617e+04 1.132737e+04 1.137080e+04
16.3 1.139031e+04 1.136082e+04 1.132689e+04 1.135637e+04
17.3 1.131802e+04 1.135580e+04 1.132651e+04 1.128872e+04
0.9 1.123087e+04 1.125970e+04 1.132558e+04 1.129674e+04
1.9 1.116982e+04 1.125363e+04 1.131985e+04 1.123604e+04
2.9 1.125733e+04 1.127218e+04 1.131039e+04 1.129554e+04
3.9 1.125901e+04 1.128239e+04 1.131284e+04 1.128947e+04
4.9 1.127813e+04 1.122279e+04 1.131987e+04 1.137522e+04
5.9 1.131016e+04 1.129160e+04 1.132466e+04 1.134322e+04
6.9 1.124991e+04 1.127866e+04 1.132701e+04 1.129827e+04
7.9 1.144024e+04 1.131362e+04 1.132786e+04 1.145448e+04
8.9 1.141870e+04 1.130801e+04 1.132782e+04 1.143850e+04
9.9 1.136960e+04 1.132617e+04 1.132737e+04 1.137080e+04
10.9 1.139031e+04 1.136082e+04 1.132689e+04 1.135637e+04
11.9 1.131802e+04 1.135580e+04 1.132651e+04 1.128872e+04
12.9 1.137284e+04 1.136763e+04 1.132625e+04 1.133146e+04
13.9 1.125745e+04 1.133033e+04 1.132611e+04 1.125322e+04
14.9 1.119321e+04 1.131441e+04 1.132602e+04 1.120481e+04
15.9 1.110879e+04 1.131729e+04 1.132595e+04 1.111745e+04
16.9 1.116060e+04 1.131679e+04 1.132591e+04 1.116971e+04
17.9 1.126976e+04 1.129045e+04 1.132586e+04 1.130517e+04
0.7 1.122272e+04 1.132671e+04 1.132560e+04 1.122162e+04
1.7 1.128791e+04 1.133260e+04 1.131981e+04 1.127511e+04
2.7 1.138565e+04 1.133018e+04 1.130876e+04 1.136423e+04
3.7 1.148601e+04 1.133466e+04 1.130973e+04 1.146108e+04
4.7 1.145853e+04 1.133853e+04 1.131712e+04 1.143712e+04
5.7 1.129590e+04 1.131889e+04 1.132271e+04 1.129972e+04
6.7 1.140322e+04 1.132014e+04 1.132564e+04 1.140872e+04
7.7 1.144490e+04 1.130443e+04 1.132682e+04 1.146728e+04
8.7 1.156538e+04 1.131482e+04 1.132693e+04 1.157749e+04
9.7 1.139101e+04 1.129272e+04 1.132653e+04 1.142482e+04
10.7 1.127276e+04 1.127506e+04 1.132593e+04 1.132363e+04
11.7 1.132888e+04 1.128806e+04 1.131998e+04 1.136081e+04
12.7 1.144119e+04 1.134499e+04 1.130664e+04 1.140284e+04
13.7 1.122383e+04 1.137507e+04 1.130568e+04 1.115445e+04
14.7 1.125162e+04 1.133946e+04 1.131396e+04 1.122611e+04
15.7 1.147062e+04 1.134874e+04 1.132096e+04 1.144285e+04
16.7 1.146584e+04 1.133699e+04 1.132480e+04 1.145364e+04
17.7 1.148859e+04 1.137271e+04 1.132643e+04 1.144231e+04
0.7 1.127276e+04 1.127506e+04 1.132593e+04 1.132363e+04
1.7 1.132888e+04 1.128806e+04 1.131998e+04 1.136081e+04
2.7 1.144119e+04 1.134499e+04 1.130664e+04 1.140284e+04
3.7 1.122383e+04 1.137507e+04 1.130568e+04 1.115445e+04
4.7 1.125162e+04 1.133946e+04 1.131396e+04 1.122611e+04
5.7 1.147062e+04 1.134874e+04 1.132096e+04 1.144285e+04
6.7 1.146584e+04 1.133699e+04 1.132480e+04 1.145364e+04
7.7 1.148859e+04 1.137271e+04 1.132643e+04 1.144231e+04
8.7 1.145103e+04 1.137132e+04 1.132670e+04 1.140641e+04
9.7 1.128356e+04 1.133850e+04 1.132629e+04 1.127135e+04
10.7 1.132081e+04 1.138249e+04 1.132571e+04 1.126403e+04
11.7 1.138540e+04 1.135244e+04 1.132522e+04 1.135817e+04
12.7 1.150449e+04 1.137218e+04 1.132487e+04 1.145717e+04
13.7 1.127636e+04 1.131186e+04 1.132466e+04 1.128916e+04
14.7 1.127874e+04 1.127961e+04 1.132454e+04 1.132367e+04
15.7 1.124654e+04 1.129394e+04 1.132446e+04 1.127707e+04
16.7 1.124814e+04 1.125417e+04 1.132441e+04 1.131837e+04
17.7 1.126787e+04 1.126962e+04 1.132436e+04 1.132261e+04
0.8 1.139055e+04 1.126539e+04 1.132564e+04 1.145080e+04
1.8 1.124146e+04 1.128136e+04 1.131911e+04 1.127921e+04
2.8 1.130962e+04 1.131857e+04 1.130776e+04 1.129881e+04
3.8 1.133277e+04 1.134604e+04 1.130891e+04 1.129564e+04
4.8 1.137364e+04 1.133383e+04 1.131709e+04 1.135689e+04
5.8 1.143063e+04 1.132050e+04 1.132338e+04 1.143351e+04
6.8 1.124295e+04 1.131260e+04 1.132683e+04 1.125717e+04
7.8 1.111836e+04 1.127572e+04 1.132827e+04 1.117091e+04
8.8 1.120624e+04 1.127357e+04 1.132860e+04 1.126127e+04
9.8 1.122265e+04 1.130425e+04 1.132837e+04 1.124677e+04
10.8 1.144517e+04 1.128990e+04 1.132802e+04 1.148330e+04
11.8 1.145544e+04 1.132938e+04 1.132776e+04 1.145383e+04
12.8 1.142421e+04 1.135340e+04 1.132764e+04 1.139845e+04
13.8 1.139072e+04 1.133033e+04 1.132391e+04 1.138430e+04
14.8 1.133858e+04 1.135003e+04 1.131279e+04 1.130134e+04
15.8 1.136309e+04 1.135400e+04 1.131185e+04 1.132093e+04
16.8 1.133805e+04 1.138236e+04 1.131885e+04 1.127454e+04
17.8 1.143123e+04 1.142988e+04 1.132485e+04 1.132620e+04
0.5 1.142421e+04 1.135340e+04 1.132764e+04 1.139845e+04
1.5 1.139072e+04 1.133033e+04 1.132391e+04 1.138430e+04
2.5 1.133858e+04 1.135003e+04 1.131279e+04 1.130134e+04
3.5 1.136309e+04 1.135400e+04 1.131185e+04 1.132093e+04
4.5 1.133805e+04 1.138236e+04 1.131885e+04 1.127454e+04
5.5 1.143123e+04 1.142988e+04 1.132485e+04 1.132620e+04
6.5 1.124473e+04 1.127453e+04 1.132823e+04 1.129843e+04
7.5 1.145508e+04 1.142758e+04 1.132884e+04 1.135634e+04
8.5 1.137669e+04 1.135623e+04 1.131952e+04 1.133998e+04
9.5 1.119883e+04 1.125848e+04 1.131104e+04 1.125139e+04
10.5 1.133000e+04 1.128671e+04 1.131539e+04 1.135868e+04
11.5 1.140481e+04 1.133188e+04 1.132286e+04 1.139578e+04
12.5 1.128678e+04 1.134429e+04 1.132794e+04 1.127044e+04
0.1 1.124473e+04 1.127453e+04 1.132823e+04 1.129843e+04
1.1 1.145508e+04 1.142758e+04 1.132884e+04 1.135634e+04
2.1 1.137669e+04 1.135623e+04 1.131952e+04 1.133998e+04
3.1 1.119883e+04 1.125848e+04 1.131104e+04 1.125139e+04
4.1 1.133000e+04 1.128671e+04 1.131539e+04 1.135868e+04
5.1 1.140481e+04 1.133188e+04 1.132286e+04 1.139578e+04
6.1 1.128678e+04 1.134429e+04 1.132794e+04 1.127044e+04
