0.4 9.080053e+03 9.104895e+03 9.091029e+03 9.066187e+03
1.4 9.074671e+03 9.113223e+03 9.087268e+03 9.048716e+03
2.4 9.061877e+03 9.098691e+03 9.078867e+03 9.042053e+03
3.4 9.107134e+03 9.102606e+03 9.079627e+03 9.084155e+03
4.4 9.087497e+03 9.110067e+03 9.084911e+03 9.062341e+03
5.4 9.087339e+03 9.067176e+03 9.089001e+03 9.109165e+03
6.4 9.051555e+03 9.109426e+03 9.091059e+03 9.033187e+03
7.4 9.089497e+03 9.097006e+03 9.091880e+03 9.084370e+03
8.4 9.066605e+03 9.101408e+03 9.091971e+03 9.057169e+03
9.4 9.060734e+03 9.097722e+03 9.091705e+03 9.054717e+03
10.4 9.076361e+03 9.092354e+03 9.091350e+03 9.075358e+03
11.4 9.052458e+03 9.088491e+03 9.091067e+03 9.055033e+03
12.4 9.098837e+03 9.091917e+03 9.090878e+03 9.097797e+03
13.4 9.080040e+03 9.094854e+03 9.090763e+03 9.075949e+03
14.4 9.109046e+03 9.091498e+03 9.090697e+03 9.108244e+03
15.4 9.079042e+03 9.072417e+03 9.090653e+03 9.097279e+03
16.4 9.115107e+03 9.091586e+03 9.090621e+03 9.114142e+03
17.4 9.101858e+03 9.088364e+03 9.090593e+03 9.104087e+03
0.7 9.084059e+03 9.080045e+03 9.090794e+03 9.094807e+03
1.7 9.103538e+03 9.099864e+03 9.084149e+03 9.087823e+03
2.7 9.197453e+03 9.167485e+03 9.078071e+03 9.108039e+03
3.7 8.678204e+03 8.685701e+03 9.081355e+03 9.073857e+03
4.7 8.997751e+03 9.008450e+03 9.086570e+03 9.075871e+03
5.7 9.144386e+03 9.103154e+03 9.089998e+03 9.131229e+03
6.7 9.109069e+03 9.097487e+03 9.091606e+03 9.103189e+03
7.7 9.105811e+03 9.107419e+03 9.088438e+03 9.086829e+03
8.7 9.061429e+03 9.089688e+03 9.079919e+03 9.051660e+03
9.7 9.083406e+03 9.133159e+03 9.080524e+03 9.030772e+03
10.7 9.126733e+03 9.096371e+03 9.085644e+03 9.116007e+03
11.7 9.147186e+03 9.164801e+03 9.089406e+03 9.071791e+03
12.7 9.192985e+03 9.107907e+03 9.091353e+03 9.176431e+03
13.7 9.145855e+03 9.111003e+03 9.092137e+03 9.126990e+03
14.7 9.115851e+03 9.099081e+03 9.092211e+03 9.108980e+03
15.7 9.176792e+03 9.105897e+03 9.091945e+03 9.162840e+03
16.7 9.119359e+03 9.117810e+03 9.091614e+03 9.093163e+03
17.7 9.085320e+03 9.113248e+03 9.091348e+03 9.063421e+03
0.4 9.109069e+03 9.097487e+03 9.091606e+03 9.103189e+03
1.4 9.105811e+03 9.107419e+03 9.088438e+03 9.086829e+03
2.4 9.061429e+03 9.089688e+03 9.079919e+03 9.051660e+03
3.4 9.083406e+03 9.133159e+03 9.080524e+03 9.030772e+03
4.4 9.126733e+03 9.096371e+03 9.085644e+03 9.116007e+03
5.4 9.147186e+03 9.164801e+03 9.089406e+03 9.071791e+03
6.4 9.192985e+03 9.107907e+03 9.091353e+03 9.176431e+03
7.4 9.145855e+03 9.111003e+03 9.092137e+03 9.126990e+03
8.4 9.115851e+03 9.099081e+03 9.092211e+03 9.108980e+03
9.4 9.176792e+03 9.105897e+03 9.091945e+03 9.162840e+03
10.4 9.119359e+03 9.117810e+03 9.091614e+03 9.093163e+03
11.4 9.085320e+03 9.113248e+03 9.091348e+03 9.063421e+03
12.4 9.130163e+03 9.093013e+03 9.091175e+03 9.128325e+03
13.4 9.144456e+03 9.118594e+03 9.091081e+03 9.116943e+03
14.4 9.031043e+03 9.063534e+03 9.091031e+03 9.058540e+03
15.4 9.074568e+03 9.059090e+03 9.091005e+03 9.106483e+03
16.4 8.959239e+03 9.036767e+03 9.090988e+03 9.013461e+03
17.4 9.119204e+03 9.068154e+03 9.090975e+03 9.142025e+03
0.6 9.175652e+03 9.141032e+03 9.090855e+03 9.125476e+03
1.6 9.148591e+03 9.136634e+03 9.085297e+03 9.097254e+03
2.6 9.168812e+03 9.148771e+03 9.078162e+03 9.098204e+03
3.6 9.068847e+03 9.021531e+03 9.080476e+03 9.127792e+03
4.6 9.153868e+03 9.124542e+03 9.085922e+03 9.115249e+03
5.6 9.111455e+03 9.127030e+03 9.089558e+03 9.073983e+03
6.6 9.071860e+03 9.117920e+03 9.091420e+03 9.045360e+03
7.6 9.117417e+03 9.102656e+03 9.092102e+03 9.106863e+03
8.6 9.097726e+03 9.103069e+03 9.092138e+03 9.086795e+03
9.6 9.135761e+03 9.103160e+03 9.091873e+03 9.124474e+03
10.6 9.092159e+03 9.100519e+03 9.091571e+03 9.083211e+03
11.6 8.953429e+03 9.065178e+03 9.091338e+03 8.979588e+03
12.6 9.031615e+03 9.034689e+03 9.091204e+03 9.088130e+03
13.6 9.064238e+03 9.064731e+03 9.091139e+03 9.090646e+03
14.6 9.071631e+03 9.069466e+03 9.091113e+03 9.093278e+03
