0.1 9.630830e+03 9.646310e+03 9.643634e+03 9.628155e+03
1.1 9.600961e+03 9.644666e+03 9.644420e+03 9.600714e+03
2.1 9.639679e+03 9.650005e+03 9.651650e+03 9.641325e+03
3.1 9.670683e+03 9.649664e+03 9.659557e+03 9.680576e+03
4.1 9.667802e+03 9.706861e+03 9.657036e+03 9.617977e+03
5.1 9.673873e+03 9.675322e+03 9.650445e+03 9.648996e+03
6.1 9.607337e+03 9.642353e+03 9.645575e+03 9.610559e+03
7.1 9.657003e+03 9.680217e+03 9.643168e+03 9.619954e+03
8.1 9.606209e+03 9.653082e+03 9.642261e+03 9.595388e+03
9.1 9.621067e+03 9.628113e+03 9.642219e+03 9.635173e+03
10.1 9.607570e+03 9.615863e+03 9.642571e+03 9.634278e+03
11.1 9.630308e+03 9.644087e+03 9.642998e+03 9.629218e+03
12.1 9.690826e+03 9.665776e+03 9.643322e+03 9.668372e+03
13.1 9.698644e+03 9.640577e+03 9.643527e+03 9.701594e+03
14.1 9.695998e+03 9.639259e+03 9.643644e+03 9.700383e+03
15.1 9.691178e+03 9.685283e+03 9.643704e+03 9.649600e+03
16.1 9.626020e+03 9.629763e+03 9.643739e+03 9.639996e+03
17.1 9.638613e+03 9.600442e+03 9.643761e+03 9.681932e+03
18.1 9.617189e+03 9.532007e+03 9.643779e+03 9.728961e+03
0.5 9.476706e+03 9.602663e+03 9.643304e+03 9.517347e+03
1.5 9.569693e+03 9.618045e+03 9.645813e+03 9.597462e+03
2.5 9.684673e+03 9.686806e+03 9.655345e+03 9.653212e+03
3.5 9.628190e+03 9.665031e+03 9.659344e+03 9.622503e+03
4.5 9.662793e+03 9.672561e+03 9.654154e+03 9.644386e+03
5.5 9.655894e+03 9.618963e+03 9.647786e+03 9.684717e+03
6.5 9.756327e+03 9.683187e+03 9.643998e+03 9.717138e+03
7.5 9.585515e+03 9.608968e+03 9.642202e+03 9.618748e+03
8.5 9.651140e+03 9.648533e+03 9.641685e+03 9.644293e+03
9.5 9.570616e+03 9.599134e+03 9.641827e+03 9.613309e+03
10.5 9.633660e+03 9.648709e+03 9.642226e+03 9.627177e+03
11.5 9.661210e+03 9.677868e+03 9.642601e+03 9.625944e+03
12.5 9.610862e+03 9.623063e+03 9.642870e+03 9.630668e+03
13.5 9.673462e+03 9.652899e+03 9.643019e+03 9.663582e+03
14.5 9.741734e+03 9.725264e+03 9.643095e+03 9.659565e+03
15.5 9.178009e+03 9.197054e+03 9.643130e+03 9.624085e+03
16.5 9.457278e+03 9.547962e+03 9.643146e+03 9.552462e+03
17.5 9.654344e+03 9.653262e+03 9.643155e+03 9.644236e+03
18.5 9.641624e+03 9.647128e+03 9.643162e+03 9.637659e+03
0.5 9.684863e+03 9.751746e+03 9.643221e+03 9.576338e+03
1.5 9.809734e+03 9.674250e+03 9.645463e+03 9.780947e+03
2.5 9.762144e+03 9.701739e+03 9.654859e+03 9.715264e+03
3.5 9.662086e+03 9.674685e+03 9.659445e+03 9.646846e+03
4.5 9.712652e+03 9.683502e+03 9.654382e+03 9.683532e+03
5.5 9.680074e+03 9.695954e+03 9.648133e+03 9.632253e+03
6.5 9.665255e+03 9.680191e+03 9.644255e+03 9.629319e+03
7.5 9.669391e+03 9.640751e+03 9.642410e+03 9.671051e+03
8.5 9.652596e+03 9.666622e+03 9.641882e+03 9.627856e+03
9.5 9.701978e+03 9.610448e+03 9.642043e+03 9.733573e+03
10.5 9.635230e+03 9.593249e+03 9.642461e+03 9.684442e+03
11.5 9.396438e+03 9.554106e+03 9.642873e+03 9.485205e+03
12.5 9.662735e+03 9.604090e+03 9.643179e+03 9.701823e+03
13.5 9.694539e+03 9.681231e+03 9.643364e+03 9.656671e+03
14.5 9.679785e+03 9.625732e+03 9.643473e+03 9.697526e+03
15.5 9.639308e+03 9.637412e+03 9.643537e+03 9.645433e+03
16.5 9.664953e+03 9.647644e+03 9.643582e+03 9.660891e+03
17.5 9.607285e+03 9.637833e+03 9.643618e+03 9.613070e+03
18.5 9.641041e+03 9.637626e+03 9.643651e+03 9.647067e+03
