0.1 9.385052e+03 9.370656e+03 9.376910e+03 9.391306e+03
1.1 9.415579e+03 9.378241e+03 9.374089e+03 9.411427e+03
2.1 9.351490e+03 9.361745e+03 9.358689e+03 9.348434e+03
3.1 9.354634e+03 9.357273e+03 9.355712e+03 9.353073e+03
4.1 9.384939e+03 9.364401e+03 9.364468e+03 9.385007e+03
5.1 9.381196e+03 9.373144e+03 9.372343e+03 9.380395e+03
6.1 9.360128e+03 9.384237e+03 9.376764e+03 9.352656e+03
7.1 9.415211e+03 9.389926e+03 9.378771e+03 9.404056e+03
8.1 9.336257e+03 9.355779e+03 9.379265e+03 9.359742e+03
9.1 9.413362e+03 9.373004e+03 9.378540e+03 9.418898e+03
10.1 9.404827e+03 9.381543e+03 9.366219e+03 9.389503e+03
11.1 9.374693e+03 9.354330e+03 9.355690e+03 9.376053e+03
12.1 9.340273e+03 9.355650e+03 9.361285e+03 9.345909e+03
13.1 9.346528e+03 9.378319e+03 9.370053e+03 9.338262e+03
14.1 9.360632e+03 9.385089e+03 9.375789e+03 9.351332e+03
15.1 9.330672e+03 9.381003e+03 9.378489e+03 9.328158e+03
16.1 9.389495e+03 9.378985e+03 9.379431e+03 9.389941e+03
17.1 9.371501e+03 9.382727e+03 9.379362e+03 9.368136e+03
0.7 9.413362e+03 9.373004e+03 9.378540e+03 9.418898e+03
1.7 9.404827e+03 9.381543e+03 9.366219e+03 9.389503e+03
2.7 9.374693e+03 9.354330e+03 9.355690e+03 9.376053e+03
3.7 9.340273e+03 9.355650e+03 9.361285e+03 9.345909e+03
4.7 9.346528e+03 9.378319e+03 9.370053e+03 9.338262e+03
5.7 9.360632e+03 9.385089e+03 9.375789e+03 9.351332e+03
6.7 9.330672e+03 9.381003e+03 9.378489e+03 9.328158e+03
7.7 9.389495e+03 9.378985e+03 9.379431e+03 9.389941e+03
8.7 9.371501e+03 9.382727e+03 9.379362e+03 9.368136e+03
9.7 9.408754e+03 9.379935e+03 9.378869e+03 9.407688e+03
10.7 9.404147e+03 9.380391e+03 9.378337e+03 9.402094e+03
11.7 9.420940e+03 9.376356e+03 9.377959e+03 9.422544e+03
12.7 9.439186e+03 9.390412e+03 9.377736e+03 9.426509e+03
13.7 9.391373e+03 9.383876e+03 9.377619e+03 9.385116e+03
14.7 9.413564e+03 9.391107e+03 9.377566e+03 9.400024e+03
15.7 9.380020e+03 9.384132e+03 9.377540e+03 9.373428e+03
16.7 9.382438e+03 9.348148e+03 9.377525e+03 9.411814e+03
17.7 9.399306e+03 9.360533e+03 9.377512e+03 9.416284e+03
1.0 9.318269e+03 9.377254e+03 9.375972e+03 9.316987e+03
2.0 9.339856e+03 9.364415e+03 9.361430e+03 9.336872e+03
3.0 9.336544e+03 9.364494e+03 9.355218e+03 9.327268e+03
4.0 9.355046e+03 9.361852e+03 9.362725e+03 9.355919e+03
5.0 9.358535e+03 9.353243e+03 9.371300e+03 9.376592e+03
6.0 9.374412e+03 9.357502e+03 9.371870e+03 9.388780e+03
7.0 9.357971e+03 9.357519e+03 9.358728e+03 9.359180e+03
8.0 9.356174e+03 9.361164e+03 9.358477e+03 9.353487e+03
9.0 9.378119e+03 9.369860e+03 9.367106e+03 9.375366e+03
10.0 9.393293e+03 9.402563e+03 9.374142e+03 9.364871e+03
11.0 9.346619e+03 9.384690e+03 9.377592e+03 9.339520e+03
12.0 9.330850e+03 9.355804e+03 9.378917e+03 9.353962e+03
13.0 9.323209e+03 9.345050e+03 9.378994e+03 9.357153e+03
14.0 9.331475e+03 9.353424e+03 9.378485e+03 9.356536e+03
15.0 9.371467e+03 9.376494e+03 9.377822e+03 9.372795e+03
16.0 9.330176e+03 9.377179e+03 9.377284e+03 9.330280e+03
17.0 9.342683e+03 9.381392e+03 9.376912e+03 9.338203e+03
18.0 9.350738e+03 9.384469e+03 9.376690e+03 9.342960e+03
0.3 9.358535e+03 9.353243e+03 9.371300e+03 9.376592e+03
1.3 9.374412e+03 9.357502e+03 9.371870e+03 9.388780e+03
2.3 9.357971e+03 9.357519e+03 9.358728e+03 9.359180e+03
3.3 9.356174e+03 9.361164e+03 9.358477e+03 9.353487e+03
4.3 9.378119e+03 9.369860e+03 9.367106e+03 9.375366e+03
5.3 9.393293e+03 9.402563e+03 9.374142e+03 9.364871e+03
6.3 9.346619e+03 9.384690e+03 9.377592e+03 9.339520e+03
7.3 9.330850e+03 9.355804e+03 9.378917e+03 9.353962e+03
8.3 9.323209e+03 9.345050e+03 9.378994e+03 9.357153e+03
9.3 9.331475e+03 9.353424e+03 9.378485e+03 9.356536e+03
10.3 9.371467e+03 9.376494e+03 9.377822e+03 9.372795e+03
11.3 9.330176e+03 9.377179e+03 9.377284e+03 9.330280e+03
12.3 9.342683e+03 9.381392e+03 9.376912e+03 9.338203e+03
13.3 9.350738e+03 9.384469e+03 9.376690e+03 9.342960e+03
14.3 9.329780e+03 9.380599e+03 9.376554e+03 9.325735e+03
15.3 9.354697e+03 9.370462e+03 9.376461e+03 9.360696e+03
16.3 9.336362e+03 9.367444e+03 9.376390e+03 9.345308e+03
17.3 9.351442e+03 9.375415e+03 9.376326e+03 9.352354e+03
0.7 9.408681e+03 9.402710e+03 9.375753e+03 9.381723e+03
1.7 9.348675e+03 9.364806e+03 9.365061e+03 9.348930e+03
2.7 9.373445e+03 9.346920e+03 9.353791e+03 9.380316e+03
3.7 9.391891e+03 9.365122e+03 9.358944e+03 9.385713e+03
4.7 9.377521e+03 9.370666e+03 9.368002e+03 9.374858e+03
5.7 9.377644e+03 9.376553e+03 9.374088e+03 9.375178e+03
6.7 9.382511e+03 9.371609e+03 9.376990e+03 9.387892e+03
7.7 9.372768e+03 9.380175e+03 9.378052e+03 9.370645e+03
8.7 9.400596e+03 9.384309e+03 9.378025e+03 9.394311e+03
9.7 9.372756e+03 9.368462e+03 9.377542e+03 9.381836e+03
10.7 9.373725e+03 9.398684e+03 9.376995e+03 9.352036e+03
11.7 9.402180e+03 9.410374e+03 9.376596e+03 9.368402e+03
12.7 9.359567e+03 9.393229e+03 9.376350e+03 9.342688e+03
13.7 9.335621e+03 9.371176e+03 9.376221e+03 9.340667e+03
14.7 9.384935e+03 9.369937e+03 9.376154e+03 9.391152e+03
15.7 9.407799e+03 9.370365e+03 9.376116e+03 9.413550e+03
16.7 9.362309e+03 9.380664e+03 9.376088e+03 9.357732e+03
17.7 9.329516e+03 9.335215e+03 9.376061e+03 9.370361e+03
