0.4 8.278189e+03 8.292227e+03 8.295480e+03 8.281442e+03
1.4 8.297284e+03 8.280093e+03 8.285313e+03 8.302504e+03
2.4 8.279328e+03 8.269746e+03 8.262598e+03 8.272180e+03
3.4 8.255007e+03 8.279594e+03 8.264653e+03 8.240065e+03
4.4 8.326060e+03 8.305449e+03 8.278940e+03 8.299551e+03
5.4 8.312897e+03 8.263876e+03 8.289999e+03 8.339020e+03
6.4 8.302366e+03 8.359080e+03 8.295561e+03 8.238847e+03
7.4 8.275085e+03 8.305629e+03 8.297780e+03 8.267237e+03
8.4 8.241673e+03 8.295539e+03 8.298029e+03 8.244163e+03
9.4 8.256631e+03 8.290281e+03 8.297307e+03 8.263658e+03
10.4 8.299398e+03 8.293288e+03 8.296349e+03 8.302459e+03
11.4 8.267585e+03 8.289856e+03 8.295582e+03 8.273311e+03
12.4 8.245622e+03 8.275294e+03 8.295072e+03 8.265400e+03
13.4 8.302255e+03 8.279496e+03 8.294762e+03 8.317521e+03
14.4 8.256190e+03 8.287000e+03 8.294582e+03 8.263771e+03
15.4 8.253728e+03 8.274440e+03 8.294465e+03 8.273752e+03
16.4 8.299931e+03 8.294587e+03 8.294377e+03 8.299721e+03
17.4 8.318297e+03 8.295913e+03 8.294302e+03 8.316686e+03
0.7 8.221773e+03 8.299476e+03 8.294844e+03 8.217141e+03
1.7 8.281158e+03 8.277684e+03 8.276879e+03 8.280354e+03
2.7 8.267468e+03 8.301914e+03 8.260447e+03 8.226000e+03
3.7 7.983652e+03 8.028241e+03 8.269324e+03 8.224735e+03
4.7 8.152881e+03 8.243974e+03 8.283425e+03 8.192331e+03
5.7 8.230905e+03 8.290352e+03 8.292693e+03 8.233246e+03
6.7 8.265949e+03 8.307589e+03 8.297040e+03 8.255401e+03
7.7 8.228609e+03 8.289671e+03 8.288475e+03 8.227413e+03
8.7 8.269606e+03 8.268017e+03 8.265443e+03 8.267031e+03
9.7 8.254591e+03 8.299668e+03 8.267079e+03 8.222002e+03
10.7 8.282641e+03 8.290048e+03 8.280920e+03 8.273514e+03
11.7 8.238373e+03 8.380304e+03 8.291093e+03 8.149162e+03
12.7 8.495677e+03 8.326655e+03 8.296357e+03 8.465379e+03
13.7 8.380040e+03 8.328600e+03 8.298478e+03 8.349918e+03
14.7 8.372382e+03 8.342391e+03 8.298676e+03 8.328667e+03
15.7 8.346056e+03 8.331630e+03 8.297957e+03 8.312382e+03
16.7 8.330416e+03 8.335997e+03 8.297063e+03 8.291482e+03
17.7 8.246251e+03 8.326386e+03 8.296344e+03 8.216209e+03
0.4 8.265949e+03 8.307589e+03 8.297040e+03 8.255401e+03
1.4 8.228609e+03 8.289671e+03 8.288475e+03 8.227413e+03
2.4 8.269606e+03 8.268017e+03 8.265443e+03 8.267031e+03
3.4 8.254591e+03 8.299668e+03 8.267079e+03 8.222002e+03
4.4 8.282641e+03 8.290048e+03 8.280920e+03 8.273514e+03
5.4 8.238373e+03 8.380304e+03 8.291093e+03 8.149162e+03
6.4 8.495677e+03 8.326655e+03 8.296357e+03 8.465379e+03
7.4 8.380040e+03 8.328600e+03 8.298478e+03 8.349918e+03
8.4 8.372382e+03 8.342391e+03 8.298676e+03 8.328667e+03
9.4 8.346056e+03 8.331630e+03 8.297957e+03 8.312382e+03
10.4 8.330416e+03 8.335997e+03 8.297063e+03 8.291482e+03
11.4 8.246251e+03 8.326386e+03 8.296344e+03 8.216209e+03
12.4 8.308874e+03 8.289694e+03 8.295874e+03 8.315054e+03
13.4 8.253671e+03 8.269252e+03 8.295621e+03 8.280040e+03
14.4 8.589763e+03 8.327755e+03 8.295486e+03 8.557494e+03
15.4 8.331636e+03 8.274695e+03 8.295415e+03 8.352356e+03
16.4 8.157905e+03 8.229893e+03 8.295370e+03 8.223382e+03
17.4 8.328142e+03 8.262419e+03 8.295336e+03 8.361059e+03
0.6 8.339455e+03 8.306898e+03 8.295011e+03 8.327567e+03
1.6 8.404009e+03 8.310475e+03 8.279982e+03 8.373516e+03
2.6 8.331744e+03 8.302784e+03 8.260692e+03 8.289652e+03
3.6 8.223255e+03 8.223831e+03 8.266947e+03 8.266372e+03
4.6 8.374704e+03 8.336430e+03 8.281673e+03 8.319948e+03
5.6 8.319871e+03 8.370934e+03 8.291503e+03 8.240441e+03
6.6 8.252550e+03 8.358114e+03 8.296538e+03 8.190974e+03
7.6 8.299249e+03 8.295409e+03 8.298380e+03 8.302220e+03
8.6 8.308448e+03 8.282418e+03 8.298480e+03 8.324510e+03
9.6 8.376009e+03 8.302564e+03 8.297764e+03 8.371209e+03
10.6 8.302588e+03 8.313483e+03 8.296946e+03 8.286051e+03
11.6 8.090743e+03 8.222566e+03 8.296315e+03 8.164492e+03
12.6 8.179180e+03 8.166680e+03 8.295954e+03 8.308454e+03
13.6 8.248550e+03 8.253004e+03 8.295778e+03 8.291325e+03
14.6 8.240196e+03 8.267497e+03 8.295707e+03 8.268406e+03
