0.1 9.732193e+03 9.718147e+03 9.730036e+03 9.744082e+03
1.1 9.710060e+03 9.719099e+03 9.730295e+03 9.721256e+03
2.1 9.729255e+03 9.722059e+03 9.732574e+03 9.739771e+03
3.1 9.712203e+03 9.726116e+03 9.736090e+03 9.722177e+03
4.1 9.722653e+03 9.728853e+03 9.738460e+03 9.732260e+03
5.1 9.796535e+03 9.730147e+03 9.739505e+03 9.805893e+03
6.1 9.667582e+03 9.730512e+03 9.739698e+03 9.676767e+03
7.1 9.759520e+03 9.730456e+03 9.739508e+03 9.768571e+03
8.1 9.718780e+03 9.730254e+03 9.739189e+03 9.727715e+03
9.1 9.763734e+03 9.730076e+03 9.738904e+03 9.772562e+03
10.1 9.752959e+03 9.729973e+03 9.738697e+03 9.761684e+03
11.1 9.724270e+03 9.729954e+03 9.738578e+03 9.732894e+03
12.1 9.707572e+03 9.729990e+03 9.738516e+03 9.716098e+03
13.1 9.694159e+03 9.730058e+03 9.738487e+03 9.702589e+03
14.1 9.700880e+03 9.730142e+03 9.738476e+03 9.709214e+03
15.1 9.733058e+03 9.730232e+03 9.738473e+03 9.741299e+03
16.1 9.727608e+03 9.730324e+03 9.738474e+03 9.735758e+03
17.1 9.721916e+03 9.730410e+03 9.738470e+03 9.729976e+03
18.1 9.762269e+03 9.729577e+03 9.737549e+03 9.770240e+03
19.1 9.720937e+03 9.726563e+03 9.734447e+03 9.728821e+03
20.1 9.680150e+03 9.723427e+03 9.731226e+03 9.687950e+03
21.1 9.713793e+03 9.721756e+03 9.729472e+03 9.721509e+03
22.1 9.705874e+03 9.721224e+03 9.728858e+03 9.713508e+03
23.1 9.695615e+03 9.721371e+03 9.728867e+03 9.703112e+03
24.1 9.707650e+03 9.723398e+03 9.729138e+03 9.713391e+03
25.1 9.711091e+03 9.727828e+03 9.729464e+03 9.712726e+03
26.1 9.764605e+03 9.731523e+03 9.729724e+03 9.762806e+03
27.1 9.714961e+03 9.733479e+03 9.729898e+03 9.711381e+03
28.1 9.723352e+03 9.734175e+03 9.730003e+03 9.719179e+03
29.1 9.769938e+03 9.734198e+03 9.730059e+03 9.765799e+03
30.1 9.751296e+03 9.733954e+03 9.730091e+03 9.747433e+03
31.1 9.744105e+03 9.733689e+03 9.730111e+03 9.740528e+03
32.1 9.718600e+03 9.733501e+03 9.730127e+03 9.715226e+03
33.1 9.738159e+03 9.733406e+03 9.730142e+03 9.734895e+03
