0.9 1.218861e+03 1.089996e+03 1.147047e+03 1.275912e+03
1.9 1.152855e+03 1.047903e+03 1.109313e+03 1.214265e+03
2.9 1.029352e+03 9.726107e+02 1.028302e+03 1.085043e+03
3.9 7.725503e+02 9.173111e+02 9.638963e+02 8.191355e+02
4.9 8.659371e+02 8.939897e+02 9.315411e+02 9.034885e+02
5.9 8.145741e+02 8.920981e+02 9.225638e+02 8.450398e+02
6.9 8.673845e+02 8.994566e+02 9.247296e+02 8.926574e+02
7.9 8.637206e+02 9.097689e+02 9.312321e+02 8.851839e+02
8.9 1.108154e+03 9.191061e+02 9.376590e+02 1.126706e+03
9.9 1.061805e+03 9.263946e+02 9.424831e+02 1.077894e+03
10.9 8.296649e+02 9.313408e+02 9.451921e+02 8.435162e+02
11.9 8.885291e+02 9.346925e+02 9.464095e+02 9.002462e+02
12.9 9.748110e+02 9.370869e+02 9.467287e+02 9.844528e+02
13.9 8.749753e+02 9.389357e+02 9.465476e+02 8.825871e+02
14.9 8.949089e+02 9.405245e+02 9.461477e+02 9.005321e+02
15.9 7.491116e+02 9.419758e+02 9.456480e+02 7.527839e+02
16.9 9.654585e+02 9.433512e+02 9.451105e+02 9.672178e+02
17.9 1.253091e+03 9.549321e+02 9.548161e+02 1.252975e+03
18.9 1.010142e+03 1.016766e+03 1.014812e+03 1.008188e+03
19.9 1.110369e+03 1.097991e+03 1.094237e+03 1.106615e+03
20.9 1.081889e+03 1.149005e+03 1.143488e+03 1.076371e+03
21.9 1.134839e+03 1.170445e+03 1.163202e+03 1.127595e+03
22.9 1.059803e+03 1.174437e+03 1.165537e+03 1.050902e+03
23.9 8.018611e+02 1.162636e+03 1.159889e+03 7.991141e+02
24.9 8.729706e+02 1.123622e+03 1.151910e+03 9.012586e+02
25.9 9.065131e+02 1.083530e+03 1.145009e+03 9.679917e+02
26.9 1.047833e+03 1.059694e+03 1.140050e+03 1.128189e+03
27.9 8.906929e+02 1.050306e+03 1.136851e+03 9.772380e+02
28.9 9.904021e+02 1.049518e+03 1.134962e+03 1.075846e+03
29.9 9.527070e+02 1.052497e+03 1.133758e+03 1.033967e+03
30.9 9.483617e+02 1.056391e+03 1.132911e+03 1.024882e+03
31.9 8.600120e+02 1.059836e+03 1.132214e+03 9.323892e+02
32.9 8.006783e+02 1.062422e+03 1.131575e+03 8.698315e+02
33.9 9.943229e+02 1.064146e+03 1.130959e+03 1.061136e+03
