0.8 1.052574e+03 1.148087e+03 1.093068e+03 9.975564e+02
1.8 9.845516e+02 1.150626e+03 1.100774e+03 9.346996e+02
2.8 1.048478e+03 1.163181e+03 1.119354e+03 1.004652e+03
3.8 1.060622e+03 1.173638e+03 1.134843e+03 1.021828e+03
4.8 1.070150e+03 1.177746e+03 1.142693e+03 1.035097e+03
5.8 1.087752e+03 1.177418e+03 1.145053e+03 1.055387e+03
6.8 1.129589e+03 1.174935e+03 1.144528e+03 1.099183e+03
7.8 1.098282e+03 1.171694e+03 1.142892e+03 1.069481e+03
8.8 1.117527e+03 1.168585e+03 1.141223e+03 1.090164e+03
9.8 1.080373e+03 1.165914e+03 1.139938e+03 1.054397e+03
10.8 1.040766e+03 1.163698e+03 1.139103e+03 1.016171e+03
11.8 9.652131e+02 1.161854e+03 1.138655e+03 9.420137e+02
12.8 1.003317e+03 1.160211e+03 1.138428e+03 9.815334e+02
13.8 1.491567e+03 1.158669e+03 1.138326e+03 1.471224e+03
14.8 1.656055e+03 1.157155e+03 1.138280e+03 1.637181e+03
15.8 1.260582e+03 1.155640e+03 1.138261e+03 1.243203e+03
16.8 1.334555e+03 1.154111e+03 1.138255e+03 1.318699e+03
17.8 1.197735e+03 1.150679e+03 1.136375e+03 1.183430e+03
18.8 1.175708e+03 1.135792e+03 1.123069e+03 1.162985e+03
19.8 7.954893e+02 1.115650e+03 1.104539e+03 7.843787e+02
20.8 1.064501e+03 1.101340e+03 1.091873e+03 1.055034e+03
21.8 1.260805e+03 1.094508e+03 1.086715e+03 1.253013e+03
22.8 1.020790e+03 1.091924e+03 1.085835e+03 1.014702e+03
23.8 9.978558e+02 1.091269e+03 1.086966e+03 9.935526e+02
24.8 1.004651e+03 1.084705e+03 1.088681e+03 1.008626e+03
25.8 8.245793e+02 1.060883e+03 1.090266e+03 8.539623e+02
26.8 7.599834e+02 1.036509e+03 1.091365e+03 8.148393e+02
27.8 8.278591e+02 1.021714e+03 1.092048e+03 8.981941e+02
28.8 7.919583e+02 1.015562e+03 1.092418e+03 8.688144e+02
29.8 7.472853e+02 1.013834e+03 1.092622e+03 8.260739e+02
30.8 1.056198e+03 1.014010e+03 1.092747e+03 1.134935e+03
31.8 1.104482e+03 1.014442e+03 1.092838e+03 1.182877e+03
32.8 8.789005e+02 1.014444e+03 1.092918e+03 9.573743e+02
33.8 7.769505e+02 1.013717e+03 1.092998e+03 8.562309e+02
