0.8 8.968096e+03 8.890334e+03 8.961992e+03 9.039754e+03
1.8 8.921778e+03 8.909460e+03 8.976546e+03 8.988864e+03
2.8 8.940619e+03 8.950008e+03 9.011638e+03 9.002249e+03
3.8 9.000507e+03 8.983656e+03 9.040893e+03 9.057744e+03
4.8 8.997415e+03 9.001500e+03 9.055719e+03 9.051633e+03
5.8 9.006118e+03 9.007850e+03 9.060175e+03 9.058443e+03
6.8 9.048562e+03 9.007968e+03 9.059184e+03 9.099778e+03
7.8 8.982498e+03 9.005595e+03 9.056095e+03 9.032998e+03
8.8 9.081831e+03 9.002963e+03 9.052942e+03 9.131810e+03
9.8 9.065319e+03 9.000982e+03 9.050514e+03 9.114852e+03
10.8 9.081024e+03 8.999825e+03 9.048938e+03 9.130138e+03
11.8 9.004331e+03 8.999391e+03 9.048091e+03 9.053031e+03
12.8 9.052727e+03 8.999375e+03 9.047662e+03 9.101014e+03
13.8 8.829639e+03 8.999599e+03 9.047469e+03 8.877509e+03
14.8 8.919257e+03 8.999937e+03 9.047384e+03 8.966704e+03
15.8 8.944110e+03 9.000330e+03 9.047348e+03 8.991128e+03
16.8 8.969793e+03 9.000753e+03 9.047336e+03 9.016376e+03
17.8 9.039921e+03 8.997642e+03 9.043785e+03 9.086063e+03
18.8 8.978141e+03 8.972957e+03 9.018653e+03 9.023837e+03
19.8 9.165665e+03 8.938411e+03 8.983657e+03 9.210911e+03
20.8 9.074562e+03 8.914945e+03 8.959735e+03 9.119352e+03
21.8 8.876781e+03 8.905664e+03 8.949993e+03 8.921110e+03
22.8 8.864043e+03 8.904469e+03 8.948331e+03 8.907905e+03
23.8 8.873661e+03 8.907150e+03 8.950467e+03 8.916978e+03
24.8 8.987272e+03 8.920226e+03 8.953705e+03 9.020752e+03
25.8 9.052120e+03 8.957635e+03 8.956700e+03 9.051184e+03
26.8 9.058453e+03 8.994180e+03 8.958775e+03 9.023047e+03
27.8 9.036627e+03 9.015542e+03 8.960066e+03 8.981151e+03
28.8 9.023202e+03 9.023399e+03 8.960765e+03 8.960568e+03
29.8 9.053134e+03 9.024309e+03 8.961150e+03 8.989975e+03
30.8 9.089060e+03 9.022178e+03 8.961386e+03 9.028267e+03
31.8 9.092604e+03 9.019526e+03 8.961556e+03 9.034634e+03
32.8 9.121732e+03 9.017418e+03 8.961708e+03 9.066023e+03
33.8 9.093379e+03 9.016316e+03 8.961859e+03 9.038922e+03
