0.8 1.099673e+04 1.100086e+04 1.103898e+04 1.103486e+04
1.8 1.103120e+04 1.101685e+04 1.105296e+04 1.106731e+04
2.8 1.098533e+04 1.105296e+04 1.108665e+04 1.101902e+04
3.8 1.098200e+04 1.108298e+04 1.111473e+04 1.101375e+04
4.8 1.103850e+04 1.109850e+04 1.112897e+04 1.106897e+04
5.8 1.104688e+04 1.110354e+04 1.113324e+04 1.107658e+04
6.8 1.109593e+04 1.110298e+04 1.113229e+04 1.112524e+04
7.8 1.109410e+04 1.110023e+04 1.112933e+04 1.112320e+04
8.8 1.099617e+04 1.109732e+04 1.112630e+04 1.102515e+04
9.8 1.106575e+04 1.109506e+04 1.112397e+04 1.109466e+04
10.8 1.107682e+04 1.109361e+04 1.112246e+04 1.110566e+04
11.8 1.115619e+04 1.109285e+04 1.112164e+04 1.118498e+04
12.8 1.100441e+04 1.109249e+04 1.112123e+04 1.103315e+04
13.8 1.117355e+04 1.109235e+04 1.112105e+04 1.120224e+04
14.8 1.129627e+04 1.109232e+04 1.112096e+04 1.132491e+04
15.8 1.115802e+04 1.109233e+04 1.112093e+04 1.118663e+04
16.8 1.109201e+04 1.109236e+04 1.112092e+04 1.112057e+04
17.8 1.113360e+04 1.108899e+04 1.111751e+04 1.116212e+04
18.8 1.113678e+04 1.106489e+04 1.109338e+04 1.116526e+04
19.8 1.109154e+04 1.103133e+04 1.105978e+04 1.112000e+04
20.8 1.104318e+04 1.100839e+04 1.103682e+04 1.107160e+04
21.8 1.093787e+04 1.099907e+04 1.102746e+04 1.096626e+04
22.8 1.099552e+04 1.099750e+04 1.102587e+04 1.102389e+04
23.8 1.098077e+04 1.099961e+04 1.102792e+04 1.100908e+04
24.8 1.095255e+04 1.100764e+04 1.103103e+04 1.097594e+04
25.8 1.102234e+04 1.102828e+04 1.103390e+04 1.102796e+04
26.8 1.099602e+04 1.104806e+04 1.103589e+04 1.098385e+04
27.8 1.106431e+04 1.105955e+04 1.103713e+04 1.104190e+04
28.8 1.108336e+04 1.106371e+04 1.103780e+04 1.105745e+04
29.8 1.109411e+04 1.106410e+04 1.103817e+04 1.106818e+04
30.8 1.103606e+04 1.106282e+04 1.103840e+04 1.101163e+04
31.8 1.101388e+04 1.106124e+04 1.103856e+04 1.099120e+04
32.8 1.098535e+04 1.105993e+04 1.103871e+04 1.096413e+04
33.8 1.107066e+04 1.105913e+04 1.103885e+04 1.105038e+04
