0.9 1.082541e+04 1.088489e+04 1.091881e+04 1.085934e+04
1.9 1.082185e+04 1.088067e+04 1.091648e+04 1.085767e+04
2.9 1.088189e+04 1.087587e+04 1.091148e+04 1.091749e+04
3.9 1.088390e+04 1.087282e+04 1.090750e+04 1.091857e+04
4.9 1.085550e+04 1.087175e+04 1.090550e+04 1.088924e+04
5.9 1.096951e+04 1.087173e+04 1.090494e+04 1.100273e+04
6.9 1.095384e+04 1.087200e+04 1.090508e+04 1.098692e+04
7.9 1.087944e+04 1.087227e+04 1.090548e+04 1.091265e+04
8.9 1.078014e+04 1.087235e+04 1.090588e+04 1.081366e+04
9.9 1.087584e+04 1.087226e+04 1.090617e+04 1.090975e+04
10.9 1.073428e+04 1.087200e+04 1.090634e+04 1.076862e+04
11.9 1.088473e+04 1.087165e+04 1.090642e+04 1.091950e+04
12.9 1.086521e+04 1.087124e+04 1.090644e+04 1.090041e+04
13.9 1.095031e+04 1.087080e+04 1.090642e+04 1.098593e+04
14.9 1.091966e+04 1.087035e+04 1.090640e+04 1.095571e+04
15.9 1.093076e+04 1.086991e+04 1.090637e+04 1.096722e+04
16.9 1.083311e+04 1.086947e+04 1.090634e+04 1.086997e+04
17.9 1.085792e+04 1.086967e+04 1.090694e+04 1.089518e+04
18.9 1.071011e+04 1.087298e+04 1.091064e+04 1.074777e+04
19.9 1.080821e+04 1.087751e+04 1.091555e+04 1.084625e+04
20.9 1.095100e+04 1.088017e+04 1.091859e+04 1.098942e+04
21.9 1.087822e+04 1.088101e+04 1.091981e+04 1.091701e+04
22.9 1.091875e+04 1.088083e+04 1.091996e+04 1.095788e+04
23.9 1.087851e+04 1.088781e+04 1.091961e+04 1.091031e+04
24.9 1.088912e+04 1.091912e+04 1.091911e+04 1.088912e+04
25.9 1.092785e+04 1.095259e+04 1.091869e+04 1.089395e+04
26.9 1.092875e+04 1.097206e+04 1.091838e+04 1.087507e+04
27.9 1.085516e+04 1.097911e+04 1.091818e+04 1.079424e+04
28.9 1.095177e+04 1.097903e+04 1.091807e+04 1.089081e+04
29.9 1.102285e+04 1.097593e+04 1.091799e+04 1.096491e+04
30.9 1.097604e+04 1.097228e+04 1.091794e+04 1.092170e+04
31.9 1.087308e+04 1.096920e+04 1.091790e+04 1.082179e+04
32.9 1.090670e+04 1.096700e+04 1.091786e+04 1.085756e+04
33.9 1.094362e+04 1.096565e+04 1.091782e+04 1.089579e+04
