1.830685e+03 1.911758e+03 1.884696e+03 1.857747e+03
1.786868e+03 1.911848e+03 1.885849e+03 1.812867e+03
1.815849e+03 1.911972e+03 1.887065e+03 1.840757e+03
1.805179e+03 1.915467e+03 1.895015e+03 1.825630e+03
1.799369e+03 1.927012e+03 1.919060e+03 1.807320e+03
1.746796e+03 1.939002e+03 1.943995e+03 1.741803e+03
1.755123e+03 1.945589e+03 1.958121e+03 1.742591e+03
1.942280e+03 1.947998e+03 1.963887e+03 1.926390e+03
1.955139e+03 1.948072e+03 1.964978e+03 1.938234e+03
2.034076e+03 1.947208e+03 1.964184e+03 2.017100e+03
1.958994e+03 1.946144e+03 1.962983e+03 1.942155e+03
1.999554e+03 1.945328e+03 1.962264e+03 1.982619e+03
1.886602e+03 1.944824e+03 1.962143e+03 1.869283e+03
1.858029e+03 1.944606e+03 1.962575e+03 1.840061e+03
1.954018e+03 1.944562e+03 1.963337e+03 1.935244e+03
1.973346e+03 1.944611e+03 1.964275e+03 1.953682e+03
1.985265e+03 1.944707e+03 1.965300e+03 1.964673e+03
2.041990e+03 1.944822e+03 1.966356e+03 2.020456e+03
2.015406e+03 1.944945e+03 1.967422e+03 1.992930e+03
2.017315e+03 1.944606e+03 1.967554e+03 1.994367e+03
2.035780e+03 1.937587e+03 1.954320e+03 2.019047e+03
2.079103e+03 1.925016e+03 1.929974e+03 2.074145e+03
2.015286e+03 1.915290e+03 1.911308e+03 2.019268e+03
1.815872e+03 1.911231e+03 1.903969e+03 1.823134e+03
2.038368e+03 1.915877e+03 1.914028e+03 2.040218e+03
1.918318e+03 1.928705e+03 1.940443e+03 1.906581e+03
1.841088e+03 1.939592e+03 1.962966e+03 1.817713e+03
1.857256e+03 1.945642e+03 1.975806e+03 1.827092e+03
1.955187e+03 1.947852e+03 1.980959e+03 1.922080e+03
1.899588e+03 1.948074e+03 1.982131e+03 1.865531e+03
1.931594e+03 1.947417e+03 1.981541e+03 1.897469e+03
2.045861e+03 1.946628e+03 1.980678e+03 2.011811e+03
2.063572e+03 1.946012e+03 1.980148e+03 2.029435e+03
2.044576e+03 1.945683e+03 1.980180e+03 2.010079e+03
1.910513e+03 1.945566e+03 1.980625e+03 1.875455e+03
1.947942e+03 1.945581e+03 1.981319e+03 1.912204e+03
1.960845e+03 1.945669e+03 1.982148e+03 1.924367e+03
2.005365e+03 1.945788e+03 1.983026e+03 1.968127e+03
2.077921e+03 1.945922e+03 1.983921e+03 2.039921e+03
2.050021e+03 1.946060e+03 1.984813e+03 2.011269e+03
2.055855e+03 1.944654e+03 1.982603e+03 2.017906e+03
1.992086e+03 1.935669e+03 1.965223e+03 1.962532e+03
1.942289e+03 1.923757e+03 1.941975e+03 1.924071e+03
1.967251e+03 1.916390e+03 1.927805e+03 1.955835e+03
1.879964e+03 1.913473e+03 1.922523e+03 1.870914e+03
1.864484e+03 1.913181e+03 1.922452e+03 1.855213e+03
1.963865e+03 1.915615e+03 1.921725e+03 1.957755e+03
1.908808e+03 1.923271e+03 1.911945e+03 1.920133e+03
1.987215e+03 1.931179e+03 1.900996e+03 2.017399e+03
1.916356e+03 1.935981e+03 1.895074e+03 1.957264e+03
1.876521e+03 1.938022e+03 1.893598e+03 1.920946e+03
1.868792e+03 1.938429e+03 1.894586e+03 1.912636e+03
1.891530e+03 1.938120e+03 1.896576e+03 1.933074e+03
1.861302e+03 1.937642e+03 1.898678e+03 1.900266e+03
1.861162e+03 1.937252e+03 1.900502e+03 1.897912e+03
1.839280e+03 1.937026e+03 1.901948e+03 1.874358e+03
1.857296e+03 1.936963e+03 1.903041e+03 1.891218e+03
1.928301e+03 1.937000e+03 1.903918e+03 1.961383e+03
1.892309e+03 1.937095e+03 1.904663e+03 1.924741e+03
1.891294e+03 1.937217e+03 1.905342e+03 1.923169e+03
1.929737e+03 1.937350e+03 1.905985e+03 1.961102e+03
1.947028e+03 1.937487e+03 1.906607e+03 1.977909e+03
1.908082e+03 1.937443e+03 1.907578e+03 1.937948e+03
1.882753e+03 1.934053e+03 1.915228e+03 1.901577e+03
1.862444e+03 1.927006e+03 1.930179e+03 1.859271e+03
1.925527e+03 1.921212e+03 1.942608e+03 1.904131e+03
1.832599e+03 1.918550e+03 1.948761e+03 1.802389e+03
1.971790e+03 1.919000e+03 1.948677e+03 1.942113e+03
1.786381e+03 1.926652e+03 1.934172e+03 1.778862e+03
1.842949e+03 1.937271e+03 1.913722e+03 1.866498e+03
1.876158e+03 1.944706e+03 1.899626e+03 1.921237e+03
1.918224e+03 1.947996e+03 1.893804e+03 1.972417e+03
1.904847e+03 1.948871e+03 1.892800e+03 1.960917e+03
1.979268e+03 1.948556e+03 1.894161e+03 2.033663e+03
1.926090e+03 1.947863e+03 1.896262e+03 1.977692e+03
1.951655e+03 1.947206e+03 1.898277e+03 2.000583e+03
1.873664e+03 1.946792e+03 1.899794e+03 1.920661e+03
2.060031e+03 1.946591e+03 1.900869e+03 2.105752e+03
2.019270e+03 1.946553e+03 1.901602e+03 2.064221e+03
2.003327e+03 1.946603e+03 1.902146e+03 2.047785e+03
1.956092e+03 1.946696e+03 1.902590e+03 2.000198e+03
1.920981e+03 1.946808e+03 1.902980e+03 1.964809e+03
1.878280e+03 1.946926e+03 1.903343e+03 1.921863e+03
1.767415e+03 1.946997e+03 1.903785e+03 1.810628e+03
2.073967e+03 1.943985e+03 1.910378e+03 2.107574e+03
1.960903e+03 1.934586e+03 1.929731e+03 1.965757e+03
2.012899e+03 1.925876e+03 1.947689e+03 1.991086e+03
1.939373e+03 1.921132e+03 1.957703e+03 1.902802e+03
1.996786e+03 1.919693e+03 1.961089e+03 1.955391e+03
2.060875e+03 1.919924e+03 1.961122e+03 2.019676e+03
2.073899e+03 1.922682e+03 1.956084e+03 2.040496e+03
1.986943e+03 1.930144e+03 1.941624e+03 1.975463e+03
1.990821e+03 1.937821e+03 1.926716e+03 2.001927e+03
1.941953e+03 1.942159e+03 1.918473e+03 1.965638e+03
1.971854e+03 1.943864e+03 1.915479e+03 2.000240e+03
1.986624e+03 1.944108e+03 1.915392e+03 2.015340e+03
2.000432e+03 1.943713e+03 1.916567e+03 2.027578e+03
1.900909e+03 1.943162e+03 1.918040e+03 1.926031e+03
1.995993e+03 1.942731e+03 1.919256e+03 2.019468e+03
1.868827e+03 1.942473e+03 1.920109e+03 1.891191e+03
1.928388e+03 1.942361e+03 1.920656e+03 1.950093e+03
1.954516e+03 1.942350e+03 1.920983e+03 1.975883e+03
1.949754e+03 1.942390e+03 1.921193e+03 1.970951e+03
1.930021e+03 1.942454e+03 1.921339e+03 1.951136e+03
2.001342e+03 1.942527e+03 1.921452e+03 2.022417e+03
1.903357e+03 1.942601e+03 1.921545e+03 1.924412e+03
1.903704e+03 1.942437e+03 1.922097e+03 1.924045e+03
1.923916e+03 1.938558e+03 1.930065e+03 1.932409e+03
2.006855e+03 1.931382e+03 1.944608e+03 1.993630e+03
2.001860e+03 1.925841e+03 1.955867e+03 1.971834e+03
2.022020e+03 1.923196e+03 1.961316e+03 1.983900e+03
2.005939e+03 1.922585e+03 1.962681e+03 1.965843e+03
2.028400e+03 1.922940e+03 1.962096e+03 1.989244e+03
1.988414e+03 1.923625e+03 1.960159e+03 1.951880e+03
2.041583e+03 1.924296e+03 1.953092e+03 2.012787e+03
2.077644e+03 1.924813e+03 1.943169e+03 2.059288e+03
2.070027e+03 1.925137e+03 1.936535e+03 2.058629e+03
1.990372e+03 1.925329e+03 1.933519e+03 1.982182e+03
1.924178e+03 1.925435e+03 1.932830e+03 1.916783e+03
2.095757e+03 1.925498e+03 1.933186e+03 2.088068e+03
1.935851e+03 1.925539e+03 1.933897e+03 1.927493e+03
1.824952e+03 1.925569e+03 1.934528e+03 1.815992e+03
1.988946e+03 1.925592e+03 1.934958e+03 1.979580e+03
1.797713e+03 1.925610e+03 1.935159e+03 1.788165e+03
1.781984e+03 1.925625e+03 1.935205e+03 1.772404e+03
1.891892e+03 1.925635e+03 1.935158e+03 1.882368e+03
1.814953e+03 1.925641e+03 1.935057e+03 1.805538e+03
1.929102e+03 1.925644e+03 1.934927e+03 1.919819e+03
1.987129e+03 1.925643e+03 1.934779e+03 1.977992e+03
1.926395e+03 1.925637e+03 1.934635e+03 1.917397e+03
2.004362e+03 1.925627e+03 1.936816e+03 1.993174e+03
1.911049e+03 1.925614e+03 1.944539e+03 1.892124e+03
1.948434e+03 1.925596e+03 1.952558e+03 1.921471e+03
1.945992e+03 1.925573e+03 1.956834e+03 1.914731e+03
1.994987e+03 1.925547e+03 1.958198e+03 1.962335e+03
1.916913e+03 1.925516e+03 1.957823e+03 1.884606e+03
1.972313e+03 1.925481e+03 1.952659e+03 1.945135e+03
1.986535e+03 1.925441e+03 1.941377e+03 1.970599e+03
1.979817e+03 1.925397e+03 1.931952e+03 1.973263e+03
1.860731e+03 1.925349e+03 1.926931e+03 1.859148e+03
1.915344e+03 1.925295e+03 1.925096e+03 1.915544e+03
1.883037e+03 1.925238e+03 1.924961e+03 1.883314e+03
1.962687e+03 1.925175e+03 1.925490e+03 1.962372e+03
1.925398e+03 1.925109e+03 1.926061e+03 1.924446e+03
1.982080e+03 1.925037e+03 1.926424e+03 1.980693e+03
1.874987e+03 1.924961e+03 1.926537e+03 1.873411e+03
1.940001e+03 1.924880e+03 1.926430e+03 1.938451e+03
1.908051e+03 1.924794e+03 1.926194e+03 1.906651e+03
1.984362e+03 1.924704e+03 1.925880e+03 1.983185e+03
2.015543e+03 1.924608e+03 1.925526e+03 2.014625e+03
2.027068e+03 1.924508e+03 1.925148e+03 2.026428e+03
1.873085e+03 1.924404e+03 1.924754e+03 1.872734e+03
1.841011e+03 1.924294e+03 1.925379e+03 1.839926e+03
1.800036e+03 1.924179e+03 1.932268e+03 1.791947e+03
1.885891e+03 1.924059e+03 1.942014e+03 1.867937e+03
1.933074e+03 1.923933e+03 1.948529e+03 1.908477e+03
1.878159e+03 1.923802e+03 1.950913e+03 1.851048e+03
1.919629e+03 1.923666e+03 1.950937e+03 1.892358e+03
1.830676e+03 1.923545e+03 1.949808e+03 1.804413e+03
1.900339e+03 1.925918e+03 1.943349e+03 1.882908e+03
1.909939e+03 1.934897e+03 1.923726e+03 1.921110e+03
1.811928e+03 1.943886e+03 1.904334e+03 1.851480e+03
1.831745e+03 1.948993e+03 1.892911e+03 1.887827e+03
1.763748e+03 1.950619e+03 1.888602e+03 1.825765e+03
1.780710e+03 1.950453e+03 1.887947e+03 1.843217e+03
1.859064e+03 1.949503e+03 1.888882e+03 1.919685e+03
1.871593e+03 1.948424e+03 1.890074e+03 1.929943e+03
1.872032e+03 1.947491e+03 1.890961e+03 1.928562e+03
1.845046e+03 1.946821e+03 1.891298e+03 1.900570e+03
1.928691e+03 1.946357e+03 1.891207e+03 1.983841e+03
1.932809e+03 1.946022e+03 1.890840e+03 1.987990e+03
1.836653e+03 1.945760e+03 1.890308e+03 1.892105e+03
1.902167e+03 1.945530e+03 1.889696e+03 1.958001e+03
1.858583e+03 1.945309e+03 1.889038e+03 1.914855e+03
1.905087e+03 1.945088e+03 1.888349e+03 1.961826e+03
1.952539e+03 1.944496e+03 1.888370e+03 2.008666e+03
1.972366e+03 1.938883e+03 1.898403e+03 2.012846e+03
1.902242e+03 1.928463e+03 1.918023e+03 1.912682e+03
1.933604e+03 1.920628e+03 1.932451e+03 1.921781e+03
1.995704e+03 1.916803e+03 1.938833e+03 1.973674e+03
1.979961e+03 1.916097e+03 1.940817e+03 1.955241e+03
1.880137e+03 1.923118e+03 1.952910e+03 1.850345e+03
1.962037e+03 1.936735e+03 1.976275e+03 1.922497e+03
1.996217e+03 1.947005e+03 1.993108e+03 1.950115e+03
1.922425e+03 1.951928e+03 2.000127e+03 1.874226e+03
1.894471e+03 1.953224e+03 2.000822e+03 1.846873e+03
1.979192e+03 1.952624e+03 1.998478e+03 1.933337e+03
1.960266e+03 1.951305e+03 1.995107e+03 1.916464e+03
1.995193e+03 1.949978e+03 1.991940e+03 1.953231e+03
2.006872e+03 1.948907e+03 1.989374e+03 1.966405e+03
2.085626e+03 1.948124e+03 1.987415e+03 2.046334e+03
2.022068e+03 1.947581e+03 1.985943e+03 1.983706e+03
1.963305e+03 1.947170e+03 1.984731e+03 1.925743e+03
2.022811e+03 1.946830e+03 1.983653e+03 1.985987e+03
1.999790e+03 1.946518e+03 1.982621e+03 1.963686e+03
1.978818e+03 1.946214e+03 1.981598e+03 1.943434e+03
1.988829e+03 1.945906e+03 1.980570e+03 1.954165e+03
1.886154e+03 1.943398e+03 1.975146e+03 1.854406e+03
1.969998e+03 1.932697e+03 1.953336e+03 1.949359e+03
1.841730e+03 1.920135e+03 1.927798e+03 1.834067e+03
1.816956e+03 1.912150e+03 1.911404e+03 1.817702e+03
1.994397e+03 1.908952e+03 1.904571e+03 1.998778e+03
