3.500433e+03 3.475523e+03 3.419990e+03 3.555966e+03
3.428680e+03 3.475426e+03 3.419918e+03 3.484188e+03
3.253146e+03 3.475367e+03 3.419956e+03 3.308557e+03
3.269525e+03 3.475343e+03 3.426726e+03 3.318143e+03
3.309587e+03 3.475355e+03 3.449517e+03 3.335426e+03
3.269323e+03 3.475402e+03 3.473233e+03 3.271492e+03
3.383001e+03 3.475482e+03 3.486261e+03 3.372222e+03
3.374313e+03 3.475595e+03 3.491034e+03 3.358874e+03
3.509058e+03 3.475740e+03 3.491209e+03 3.493590e+03
3.519376e+03 3.475916e+03 3.489556e+03 3.505736e+03
3.272699e+03 3.476122e+03 3.487540e+03 3.261281e+03
3.285701e+03 3.476357e+03 3.486048e+03 3.276010e+03
3.375360e+03 3.476617e+03 3.485201e+03 3.366777e+03
3.533119e+03 3.476903e+03 3.484952e+03 3.525069e+03
3.735286e+03 3.477214e+03 3.485075e+03 3.727424e+03
3.358132e+03 3.477550e+03 3.485412e+03 3.350271e+03
3.521662e+03 3.477912e+03 3.485869e+03 3.513706e+03
3.455306e+03 3.478299e+03 3.486392e+03 3.447213e+03
3.401080e+03 3.478710e+03 3.486957e+03 3.392832e+03
3.596139e+03 3.479143e+03 3.486629e+03 3.588653e+03
3.537944e+03 3.479599e+03 3.473066e+03 3.544477e+03
3.452096e+03 3.480075e+03 3.448506e+03 3.483665e+03
3.512272e+03 3.480572e+03 3.429614e+03 3.563231e+03
3.611675e+03 3.483201e+03 3.424459e+03 3.670418e+03
3.539403e+03 3.528739e+03 3.486611e+03 3.581531e+03
3.514608e+03 3.626432e+03 3.625820e+03 3.515220e+03
3.629924e+03 3.704111e+03 3.737839e+03 3.596196e+03
3.469469e+03 3.743165e+03 3.795216e+03 3.417418e+03
3.599328e+03 3.754045e+03 3.812118e+03 3.541255e+03
3.677840e+03 3.751496e+03 3.809413e+03 3.619923e+03
3.584743e+03 3.743721e+03 3.798871e+03 3.529593e+03
4.027099e+03 3.736036e+03 3.788170e+03 3.974965e+03
4.263893e+03 3.730282e+03 3.780063e+03 4.214112e+03
3.981533e+03 3.727077e+03 3.775494e+03 3.933116e+03
3.804975e+03 3.725667e+03 3.773442e+03 3.757201e+03
3.936579e+03 3.725340e+03 3.772910e+03 3.889008e+03
3.748544e+03 3.725614e+03 3.773224e+03 3.700933e+03
3.759096e+03 3.726150e+03 3.773905e+03 3.711341e+03
3.923945e+03 3.726806e+03 3.774753e+03 3.875998e+03
3.565926e+03 3.727507e+03 3.775662e+03 3.517770e+03
3.804022e+03 3.715862e+03 3.759109e+03 3.760775e+03
3.745433e+03 3.643608e+03 3.656840e+03 3.732201e+03
3.616624e+03 3.547939e+03 3.521456e+03 3.643107e+03
3.475762e+03 3.488633e+03 3.437494e+03 3.526900e+03
3.473640e+03 3.464922e+03 3.403871e+03 3.534691e+03
3.453335e+03 3.462154e+03 3.399882e+03 3.515607e+03
3.702492e+03 3.469005e+03 3.413779e+03 3.757718e+03
3.470491e+03 3.478666e+03 3.445341e+03 3.503815e+03
3.396257e+03 3.487026e+03 3.476231e+03 3.407051e+03
3.560837e+03 3.493043e+03 3.495898e+03 3.557982e+03
3.413717e+03 3.496939e+03 3.505550e+03 3.405106e+03
3.656045e+03 3.499256e+03 3.508930e+03 3.646371e+03
3.543506e+03 3.500746e+03 3.509420e+03 3.534832e+03
3.662423e+03 3.501804e+03 3.508974e+03 3.655253e+03
3.584109e+03 3.502681e+03 3.508584e+03 3.578207e+03
3.553250e+03 3.503487e+03 3.508579e+03 3.548158e+03
3.471253e+03 3.504263e+03 3.509003e+03 3.466513e+03
3.567058e+03 3.505027e+03 3.509692e+03 3.562392e+03
3.486723e+03 3.505786e+03 3.510542e+03 3.481967e+03
3.429474e+03 3.506542e+03 3.511463e+03 3.424553e+03
3.531402e+03 3.507296e+03 3.512414e+03 3.526284e+03
3.422722e+03 3.508046e+03 3.513374e+03 3.417394e+03
3.402065e+03 3.508792e+03 3.513821e+03 3.397037e+03
3.611068e+03 3.509535e+03 3.504856e+03 3.615747e+03
3.549616e+03 3.510274e+03 3.485608e+03 3.574282e+03
3.443428e+03 3.511007e+03 3.469881e+03 3.484555e+03
3.340383e+03 3.511736e+03 3.462953e+03 3.389166e+03
3.354008e+03 3.511685e+03 3.462795e+03 3.402898e+03
3.486107e+03 3.507246e+03 3.471736e+03 3.521616e+03
3.397227e+03 3.500955e+03 3.484315e+03 3.413866e+03
3.499103e+03 3.496934e+03 3.493727e+03 3.502310e+03
3.486969e+03 3.495727e+03 3.498658e+03 3.484038e+03
3.802453e+03 3.496107e+03 3.500844e+03 3.797715e+03
3.580091e+03 3.497223e+03 3.501570e+03 3.575744e+03
3.532945e+03 3.498542e+03 3.501764e+03 3.529723e+03
3.501750e+03 3.499799e+03 3.501912e+03 3.499637e+03
3.611254e+03 3.500861e+03 3.502259e+03 3.609856e+03
3.557466e+03 3.501758e+03 3.502800e+03 3.556424e+03
3.416489e+03 3.502528e+03 3.503492e+03 3.415525e+03
3.607268e+03 3.503227e+03 3.504262e+03 3.606232e+03
3.516116e+03 3.503887e+03 3.505066e+03 3.514936e+03
3.496865e+03 3.504524e+03 3.505883e+03 3.495506e+03
3.402418e+03 3.505147e+03 3.506697e+03 3.400868e+03
3.324717e+03 3.505795e+03 3.507457e+03 3.323055e+03
3.574739e+03 3.508623e+03 3.505112e+03 3.578250e+03
3.206239e+03 3.515979e+03 3.496342e+03 3.225876e+03
3.513871e+03 3.522836e+03 3.488258e+03 3.548449e+03
3.393747e+03 3.526866e+03 3.484148e+03 3.436465e+03
3.535190e+03 3.528539e+03 3.483351e+03 3.580377e+03
3.457031e+03 3.529024e+03 3.484242e+03 3.501812e+03
3.541974e+03 3.529001e+03 3.490966e+03 3.580009e+03
3.491952e+03 3.528913e+03 3.510764e+03 3.510101e+03
3.490127e+03 3.528935e+03 3.531467e+03 3.487595e+03
3.559233e+03 3.529140e+03 3.543260e+03 3.545113e+03
3.618664e+03 3.529478e+03 3.548015e+03 3.600127e+03
3.641829e+03 3.529897e+03 3.548883e+03 3.622843e+03
3.430180e+03 3.530359e+03 3.548083e+03 3.412456e+03
3.566737e+03 3.530834e+03 3.546894e+03 3.550677e+03
3.548917e+03 3.531310e+03 3.546066e+03 3.534162e+03
3.573790e+03 3.531781e+03 3.545731e+03 3.559840e+03
3.485907e+03 3.532245e+03 3.545805e+03 3.472347e+03
3.477171e+03 3.532700e+03 3.546163e+03 3.463709e+03
3.547053e+03 3.533147e+03 3.546660e+03 3.533541e+03
3.662449e+03 3.533585e+03 3.547222e+03 3.648813e+03
3.592732e+03 3.534014e+03 3.547804e+03 3.578942e+03
3.558300e+03 3.534435e+03 3.548388e+03 3.544347e+03
3.484908e+03 3.534847e+03 3.548303e+03 3.471452e+03
3.547648e+03 3.535250e+03 3.537768e+03 3.545131e+03
3.610780e+03 3.535645e+03 3.517966e+03 3.628459e+03
3.550123e+03 3.536031e+03 3.502755e+03 3.583399e+03
3.705363e+03 3.536409e+03 3.495684e+03 3.746087e+03
3.468192e+03 3.536779e+03 3.494331e+03 3.510640e+03
3.457301e+03 3.537140e+03 3.495692e+03 3.498749e+03
3.430506e+03 3.537493e+03 3.500677e+03 3.467322e+03
3.492736e+03 3.537838e+03 3.526158e+03 3.504415e+03
3.611367e+03 3.538174e+03 3.563773e+03 3.585768e+03
3.603328e+03 3.538503e+03 3.589186e+03 3.552645e+03
3.785882e+03 3.538824e+03 3.600757e+03 3.723948e+03
3.546895e+03 3.539137e+03 3.603411e+03 3.482621e+03
3.692702e+03 3.539443e+03 3.602047e+03 3.630098e+03
3.560302e+03 3.539740e+03 3.599308e+03 3.500734e+03
3.577556e+03 3.540031e+03 3.596875e+03 3.520711e+03
3.472335e+03 3.540313e+03 3.595213e+03 3.417435e+03
3.550574e+03 3.540589e+03 3.594419e+03 3.496744e+03
3.585834e+03 3.540857e+03 3.594192e+03 3.532499e+03
3.603927e+03 3.541118e+03 3.594288e+03 3.550757e+03
3.550921e+03 3.541372e+03 3.594550e+03 3.497743e+03
3.724344e+03 3.541619e+03 3.594877e+03 3.671086e+03
3.660122e+03 3.541859e+03 3.595226e+03 3.606755e+03
3.572868e+03 3.542092e+03 3.595507e+03 3.519454e+03
3.558501e+03 3.542319e+03 3.586453e+03 3.514367e+03
3.473559e+03 3.542539e+03 3.555213e+03 3.460886e+03
3.654572e+03 3.542753e+03 3.522739e+03 3.674587e+03
3.435867e+03 3.542961e+03 3.505165e+03 3.473662e+03
3.446881e+03 3.543162e+03 3.499170e+03 3.490873e+03
3.433744e+03 3.543358e+03 3.499453e+03 3.477649e+03
3.575230e+03 3.543547e+03 3.501244e+03 3.617533e+03
3.544985e+03 3.543730e+03 3.501937e+03 3.586779e+03
3.647028e+03 3.543908e+03 3.502412e+03 3.688524e+03
3.391516e+03 3.544080e+03 3.503161e+03 3.432435e+03
3.465370e+03 3.544247e+03 3.504014e+03 3.505603e+03
3.430672e+03 3.544408e+03 3.504795e+03 3.470285e+03
3.427589e+03 3.544564e+03 3.505484e+03 3.466669e+03
3.462495e+03 3.544714e+03 3.506042e+03 3.501168e+03
3.416652e+03 3.544860e+03 3.506482e+03 3.455029e+03
3.552757e+03 3.545000e+03 3.506826e+03 3.590931e+03
3.709873e+03 3.545136e+03 3.507095e+03 3.747913e+03
3.514602e+03 3.545267e+03 3.507319e+03 3.552549e+03
3.649051e+03 3.545393e+03 3.507516e+03 3.686928e+03
3.621420e+03 3.545514e+03 3.507696e+03 3.659238e+03
3.773542e+03 3.545632e+03 3.507864e+03 3.811310e+03
3.167066e+03 3.545745e+03 3.508023e+03 3.204789e+03
3.391275e+03 3.545854e+03 3.508456e+03 3.428673e+03
3.520156e+03 3.545959e+03 3.510610e+03 3.555505e+03
3.759559e+03 3.546060e+03 3.513544e+03 3.792075e+03
3.648348e+03 3.546157e+03 3.515583e+03 3.678922e+03
3.423842e+03 3.546250e+03 3.516477e+03 3.453616e+03
3.541975e+03 3.546339e+03 3.516714e+03 3.571599e+03
3.479906e+03 3.546411e+03 3.516659e+03 3.509657e+03
3.635087e+03 3.544703e+03 3.519018e+03 3.660772e+03
3.553833e+03 3.538296e+03 3.528029e+03 3.564100e+03
3.692042e+03 3.531875e+03 3.537119e+03 3.686798e+03
3.329731e+03 3.528204e+03 3.542369e+03 3.315566e+03
3.419712e+03 3.526999e+03 3.544166e+03 3.402545e+03
3.297018e+03 3.527059e+03 3.544185e+03 3.279891e+03
3.600824e+03 3.527669e+03 3.543425e+03 3.585068e+03
3.491014e+03 3.528364e+03 3.542536e+03 3.476842e+03
3.613627e+03 3.528950e+03 3.541790e+03 3.600786e+03
3.646104e+03 3.529341e+03 3.541307e+03 3.634138e+03
3.690731e+03 3.529580e+03 3.541025e+03 3.679287e+03
3.467136e+03 3.529723e+03 3.540870e+03 3.455989e+03
3.697349e+03 3.529807e+03 3.540787e+03 3.686369e+03
3.593367e+03 3.529864e+03 3.540729e+03 3.582502e+03
3.691037e+03 3.529899e+03 3.540667e+03 3.680269e+03
3.193959e+03 3.529910e+03 3.540576e+03 3.183293e+03
3.563251e+03 3.530159e+03 3.540086e+03 3.553324e+03
3.622195e+03 3.533957e+03 3.534534e+03 3.621618e+03
3.358997e+03 3.541158e+03 3.524141e+03 3.376014e+03
3.451787e+03 3.546514e+03 3.516335e+03 3.481967e+03
3.375713e+03 3.549014e+03 3.512551e+03 3.412177e+03
3.470866e+03 3.549623e+03 3.512349e+03 3.508140e+03
3.477230e+03 3.549280e+03 3.526174e+03 3.500336e+03
3.628233e+03 3.548592e+03 3.552620e+03 3.624205e+03
3.741772e+03 3.547930e+03 3.572459e+03 3.717243e+03
3.514047e+03 3.547419e+03 3.581895e+03 3.479571e+03
3.637172e+03 3.547070e+03 3.584355e+03 3.599886e+03
3.487986e+03 3.546850e+03 3.583233e+03 3.451603e+03
3.628607e+03 3.546698e+03 3.580778e+03 3.594527e+03
3.651829e+03 3.546581e+03 3.578358e+03 3.620052e+03
3.702989e+03 3.546480e+03 3.576467e+03 3.673002e+03
3.566375e+03 3.546411e+03 3.575188e+03 3.537599e+03
3.635834e+03 3.546382e+03 3.574431e+03 3.607785e+03
3.502028e+03 3.546378e+03 3.573967e+03 3.474439e+03
3.475201e+03 3.546385e+03 3.573655e+03 3.447932e+03
3.538127e+03 3.546393e+03 3.573398e+03 3.511121e+03
3.249498e+03 3.546396e+03 3.573152e+03 3.222742e+03
3.527934e+03 3.546393e+03 3.572885e+03 3.501441e+03
3.771425e+03 3.546384e+03 3.568239e+03 3.749570e+03
3.649084e+03 3.546369e+03 3.547320e+03 3.648134e+03
3.375831e+03 3.546351e+03 3.522698e+03 3.399484e+03
3.340249e+03 3.546330e+03 3.507157e+03 3.379421e+03
3.392874e+03 3.546306e+03 3.501112e+03 3.438067e+03
