9.744779e+03 9.715604e+03 9.698254e+03 9.762130e+03
9.742161e+03 9.715223e+03 9.697552e+03 9.759833e+03
9.661666e+03 9.714843e+03 9.696871e+03 9.679639e+03
9.681850e+03 9.714465e+03 9.697302e+03 9.699013e+03
9.699355e+03 9.714087e+03 9.700377e+03 9.713065e+03
9.722609e+03 9.713711e+03 9.703604e+03 9.732716e+03
9.750612e+03 9.713337e+03 9.705067e+03 9.758881e+03
9.715157e+03 9.712964e+03 9.705169e+03 9.722952e+03
9.701617e+03 9.712593e+03 9.704514e+03 9.709696e+03
9.669023e+03 9.712224e+03 9.703562e+03 9.677685e+03
9.674917e+03 9.711858e+03 9.702554e+03 9.684221e+03
9.719169e+03 9.711498e+03 9.701641e+03 9.729026e+03
9.727983e+03 9.711153e+03 9.700851e+03 9.738285e+03
9.745737e+03 9.710823e+03 9.700176e+03 9.756384e+03
9.750438e+03 9.710500e+03 9.699571e+03 9.761367e+03
9.726459e+03 9.710182e+03 9.699008e+03 9.737633e+03
9.683200e+03 9.709865e+03 9.698468e+03 9.694597e+03
9.682260e+03 9.709548e+03 9.697942e+03 9.693867e+03
9.683935e+03 9.709232e+03 9.697425e+03 9.695742e+03
9.668860e+03 9.708918e+03 9.696765e+03 9.681013e+03
9.645503e+03 9.708605e+03 9.693926e+03 9.660182e+03
9.659708e+03 9.708294e+03 9.689277e+03 9.678726e+03
9.639795e+03 9.707985e+03 9.685567e+03 9.662213e+03
9.640799e+03 9.707679e+03 9.684040e+03 9.664439e+03
9.649238e+03 9.707376e+03 9.691810e+03 9.664804e+03
9.683713e+03 9.707075e+03 9.710096e+03 9.680692e+03
9.710748e+03 9.706778e+03 9.724748e+03 9.692777e+03
9.711245e+03 9.706483e+03 9.732023e+03 9.685704e+03
9.718916e+03 9.706187e+03 9.733813e+03 9.691290e+03
9.693997e+03 9.705890e+03 9.732937e+03 9.666949e+03
9.702993e+03 9.705592e+03 9.730993e+03 9.677592e+03
9.684718e+03 9.705297e+03 9.729024e+03 9.660991e+03
9.772898e+03 9.705006e+03 9.727409e+03 9.750495e+03
9.666758e+03 9.704720e+03 9.726278e+03 9.645199e+03
9.714358e+03 9.704439e+03 9.725496e+03 9.693301e+03
9.796861e+03 9.704163e+03 9.724927e+03 9.776097e+03
9.837680e+03 9.703892e+03 9.724481e+03 9.817092e+03
9.829506e+03 9.703626e+03 9.724092e+03 9.809040e+03
9.784724e+03 9.703366e+03 9.723735e+03 9.764355e+03
9.698538e+03 9.703110e+03 9.723394e+03 9.678254e+03
9.735247e+03 9.702860e+03 9.720703e+03 9.717404e+03
9.630967e+03 9.702614e+03 9.706438e+03 9.627143e+03
9.667443e+03 9.702374e+03 9.687708e+03 9.682109e+03
9.711549e+03 9.702139e+03 9.675934e+03 9.737754e+03
9.738770e+03 9.701909e+03 9.670971e+03 9.769708e+03
9.743261e+03 9.701684e+03 9.670037e+03 9.774909e+03
9.730264e+03 9.701464e+03 9.675456e+03 9.756273e+03
9.711190e+03 9.701250e+03 9.695824e+03 9.716616e+03
9.675318e+03 9.701041e+03 9.717180e+03 9.659179e+03
9.718914e+03 9.700837e+03 9.729779e+03 9.689973e+03
9.707841e+03 9.700639e+03 9.734602e+03 9.673878e+03
9.762183e+03 9.700446e+03 9.734885e+03 9.727744e+03
9.762402e+03 9.700258e+03 9.733210e+03 9.729450e+03
9.799916e+03 9.700075e+03 9.731119e+03 9.768873e+03
9.770175e+03 9.699898e+03 9.729328e+03 9.740744e+03
9.751684e+03 9.699725e+03 9.728046e+03 9.723364e+03
9.720791e+03 9.699558e+03 9.727260e+03 9.693089e+03
9.703256e+03 9.699395e+03 9.726777e+03 9.675874e+03
9.700315e+03 9.699238e+03 9.726478e+03 9.673075e+03
9.668688e+03 9.699085e+03 9.726265e+03 9.641508e+03
9.715868e+03 9.698936e+03 9.726094e+03 9.688710e+03
9.732311e+03 9.698793e+03 9.725945e+03 9.705159e+03
9.685791e+03 9.698654e+03 9.725268e+03 9.659177e+03
9.721955e+03 9.698520e+03 9.714704e+03 9.705771e+03
9.747768e+03 9.698390e+03 9.693335e+03 9.752823e+03
9.711519e+03 9.698265e+03 9.675684e+03 9.734100e+03
9.693115e+03 9.698144e+03 9.667300e+03 9.723959e+03
9.666391e+03 9.701791e+03 9.668662e+03 9.699520e+03
9.717758e+03 9.726706e+03 9.694354e+03 9.750110e+03
9.780947e+03 9.760584e+03 9.730099e+03 9.811432e+03
9.750886e+03 9.783422e+03 9.754868e+03 9.779440e+03
9.781927e+03 9.792580e+03 9.765448e+03 9.809059e+03
9.788997e+03 9.794009e+03 9.767793e+03 9.815213e+03
9.756867e+03 9.791838e+03 9.766118e+03 9.782586e+03
9.773264e+03 9.788652e+03 9.763192e+03 9.798724e+03
9.746781e+03 9.785738e+03 9.760418e+03 9.772102e+03
9.767679e+03 9.783736e+03 9.758498e+03 9.792917e+03
9.752370e+03 9.782505e+03 9.757329e+03 9.777545e+03
9.718129e+03 9.781855e+03 9.756735e+03 9.743249e+03
9.705809e+03 9.781518e+03 9.756453e+03 9.730875e+03
9.721763e+03 9.781337e+03 9.756328e+03 9.746772e+03
9.748982e+03 9.781229e+03 9.756279e+03 9.773931e+03
9.720400e+03 9.781150e+03 9.756263e+03 9.745288e+03
9.710637e+03 9.780917e+03 9.756094e+03 9.735460e+03
9.710465e+03 9.770066e+03 9.745310e+03 9.735221e+03
9.643076e+03 9.737203e+03 9.712517e+03 9.667762e+03
9.622585e+03 9.706729e+03 9.682115e+03 9.647199e+03
9.598324e+03 9.689927e+03 9.665389e+03 9.622863e+03
9.624971e+03 9.684529e+03 9.660069e+03 9.649432e+03
9.637540e+03 9.684852e+03 9.660506e+03 9.661887e+03
9.658611e+03 9.687599e+03 9.668772e+03 9.677438e+03
9.725868e+03 9.690623e+03 9.690997e+03 9.725494e+03
9.728984e+03 9.693072e+03 9.713788e+03 9.708268e+03
9.760136e+03 9.694595e+03 9.726579e+03 9.728152e+03
9.734725e+03 9.695425e+03 9.731500e+03 9.698651e+03
9.719598e+03 9.695822e+03 9.732045e+03 9.683375e+03
9.743608e+03 9.695972e+03 9.730679e+03 9.708901e+03
9.746195e+03 9.696014e+03 9.728842e+03 9.713367e+03
9.734694e+03 9.696008e+03 9.727365e+03 9.703337e+03
9.726790e+03 9.695985e+03 9.726409e+03 9.696366e+03
9.721323e+03 9.695956e+03 9.725892e+03 9.691387e+03
9.724940e+03 9.695924e+03 9.725686e+03 9.695178e+03
9.722301e+03 9.695893e+03 9.725640e+03 9.692554e+03
9.718069e+03 9.695862e+03 9.725675e+03 9.688256e+03
9.696067e+03 9.695831e+03 9.725746e+03 9.666152e+03
9.699221e+03 9.695801e+03 9.725833e+03 9.669189e+03
9.715525e+03 9.695770e+03 9.725229e+03 9.686066e+03
9.694097e+03 9.695739e+03 9.713644e+03 9.676192e+03
9.700508e+03 9.695708e+03 9.692327e+03 9.703889e+03
9.681306e+03 9.695676e+03 9.675850e+03 9.701132e+03
9.683788e+03 9.695644e+03 9.667950e+03 9.711482e+03
9.682231e+03 9.695611e+03 9.666076e+03 9.711766e+03
9.664492e+03 9.695578e+03 9.667071e+03 9.692999e+03
9.645298e+03 9.695544e+03 9.670283e+03 9.670558e+03
9.617646e+03 9.695509e+03 9.682829e+03 9.630326e+03
9.651583e+03 9.695473e+03 9.700663e+03 9.646393e+03
9.605792e+03 9.695436e+03 9.712621e+03 9.588607e+03
9.730302e+03 9.695398e+03 9.718057e+03 9.707642e+03
9.716690e+03 9.695358e+03 9.719294e+03 9.692754e+03
9.707088e+03 9.695318e+03 9.718638e+03 9.683768e+03
9.742095e+03 9.695276e+03 9.717331e+03 9.720040e+03
9.722886e+03 9.695232e+03 9.716155e+03 9.701963e+03
9.700771e+03 9.695187e+03 9.715332e+03 9.680626e+03
9.696053e+03 9.695141e+03 9.714908e+03 9.676285e+03
9.689940e+03 9.695092e+03 9.714748e+03 9.670285e+03
9.694057e+03 9.695043e+03 9.714740e+03 9.674359e+03
9.719563e+03 9.694991e+03 9.714814e+03 9.699741e+03
9.724694e+03 9.694938e+03 9.714921e+03 9.704710e+03
9.759237e+03 9.694882e+03 9.715044e+03 9.739075e+03
9.770475e+03 9.694825e+03 9.715141e+03 9.750160e+03
9.760140e+03 9.694766e+03 9.710986e+03 9.743921e+03
9.747356e+03 9.694705e+03 9.696717e+03 9.745344e+03
9.726641e+03 9.694643e+03 9.681890e+03 9.739393e+03
9.685465e+03 9.694578e+03 9.673864e+03 9.706179e+03
9.670530e+03 9.694511e+03 9.671122e+03 9.693919e+03
9.695142e+03 9.694443e+03 9.671365e+03 9.718219e+03
9.688502e+03 9.694372e+03 9.675616e+03 9.707258e+03
9.692447e+03 9.694299e+03 9.684181e+03 9.702566e+03
9.684926e+03 9.694225e+03 9.691282e+03 9.687869e+03
9.655630e+03 9.694149e+03 9.695130e+03 9.654648e+03
9.646390e+03 9.694070e+03 9.696601e+03 9.643860e+03
9.653031e+03 9.693990e+03 9.696765e+03 9.650256e+03
9.671837e+03 9.693908e+03 9.696399e+03 9.669347e+03
9.681312e+03 9.693825e+03 9.695961e+03 9.679176e+03
9.712036e+03 9.693739e+03 9.695643e+03 9.710132e+03
9.705674e+03 9.693652e+03 9.695483e+03 9.703844e+03
9.733383e+03 9.693564e+03 9.695462e+03 9.731485e+03
9.721554e+03 9.693474e+03 9.695522e+03 9.719506e+03
9.775137e+03 9.693382e+03 9.695627e+03 9.772893e+03
9.708641e+03 9.693290e+03 9.695752e+03 9.706178e+03
9.694620e+03 9.693196e+03 9.695887e+03 9.691928e+03
9.641809e+03 9.693101e+03 9.696027e+03 9.638883e+03
9.704339e+03 9.693005e+03 9.695465e+03 9.701878e+03
9.724471e+03 9.692908e+03 9.690636e+03 9.726743e+03
9.782368e+03 9.692810e+03 9.683856e+03 9.791322e+03
9.690059e+03 9.692712e+03 9.679264e+03 9.703507e+03
9.598563e+03 9.692613e+03 9.677476e+03 9.613700e+03
9.614307e+03 9.692514e+03 9.677284e+03 9.629536e+03
9.590466e+03 9.692483e+03 9.677911e+03 9.605038e+03
9.688731e+03 9.701067e+03 9.687371e+03 9.702427e+03
9.696421e+03 9.732441e+03 9.719573e+03 9.709290e+03
9.750815e+03 9.763863e+03 9.751639e+03 9.763040e+03
9.722059e+03 9.781925e+03 9.770189e+03 9.733795e+03
9.746645e+03 9.788006e+03 9.776641e+03 9.758010e+03
9.778459e+03 9.787931e+03 9.776873e+03 9.789516e+03
9.759209e+03 9.785171e+03 9.774391e+03 9.769990e+03
9.759021e+03 9.781984e+03 9.771467e+03 9.769538e+03
9.796176e+03 9.779317e+03 9.769057e+03 9.806435e+03
9.796040e+03 9.777581e+03 9.767577e+03 9.806044e+03
9.772338e+03 9.776565e+03 9.766817e+03 9.782085e+03
9.773130e+03 9.776009e+03 9.766518e+03 9.782621e+03
9.824830e+03 9.775722e+03 9.766488e+03 9.834063e+03
9.815415e+03 9.775555e+03 9.766579e+03 9.824391e+03
9.845286e+03 9.775444e+03 9.766725e+03 9.854005e+03
9.819056e+03 9.775357e+03 9.766891e+03 9.827522e+03
9.802931e+03 9.774019e+03 9.765803e+03 9.811147e+03
9.724231e+03 9.755399e+03 9.747431e+03 9.732200e+03
9.684136e+03 9.720234e+03 9.712512e+03 9.691859e+03
9.692365e+03 9.693994e+03 9.686517e+03 9.699842e+03
9.663579e+03 9.681601e+03 9.674368e+03 9.670812e+03
9.706946e+03 9.678372e+03 9.671535e+03 9.713783e+03
9.725829e+03 9.679746e+03 9.675400e+03 9.730176e+03
9.746283e+03 9.682777e+03 9.682923e+03 9.746137e+03
9.754366e+03 9.685666e+03 9.689224e+03 9.750808e+03
9.747552e+03 9.687796e+03 9.693087e+03 9.742261e+03
9.754645e+03 9.689125e+03 9.695038e+03 9.748732e+03
9.706554e+03 9.689805e+03 9.695781e+03 9.700577e+03
9.682121e+03 9.690130e+03 9.695968e+03 9.676283e+03
9.657716e+03 9.690266e+03 9.695981e+03 9.652001e+03
9.674207e+03 9.690325e+03 9.696009e+03 9.668523e+03
9.643766e+03 9.690357e+03 9.696112e+03 9.638011e+03
9.648425e+03 9.690384e+03 9.696294e+03 9.642514e+03
9.625108e+03 9.690414e+03 9.696527e+03 9.618994e+03
9.645062e+03 9.690450e+03 9.696792e+03 9.638720e+03
9.621760e+03 9.690496e+03 9.697075e+03 9.615182e+03
9.702317e+03 9.690552e+03 9.697366e+03 9.695502e+03
9.656258e+03 9.690617e+03 9.697656e+03 9.649219e+03
9.792045e+03 9.690692e+03 9.697222e+03 9.785515e+03
9.732537e+03 9.690778e+03 9.694108e+03 9.729207e+03
9.702957e+03 9.690875e+03 9.690389e+03 9.703442e+03
9.640621e+03 9.690982e+03 9.688178e+03 9.643425e+03
9.678323e+03 9.691102e+03 9.687544e+03 9.681881e+03
