0.8 9.627105e+03 9.548995e+03 9.482207e+03 9.560318e+03
1.8 9.637169e+03 9.507139e+03 9.458682e+03 9.588712e+03
2.8 9.563571e+03 9.394013e+03 9.424453e+03 9.594012e+03
3.8 9.653678e+03 9.405457e+03 9.431439e+03 9.679659e+03
4.8 9.563021e+03 9.483507e+03 9.456902e+03 9.536417e+03
5.8 9.564826e+03 9.543737e+03 9.475144e+03 9.496233e+03
6.8 9.669482e+03 9.694809e+03 9.472763e+03 9.447436e+03
7.8 9.393701e+03 9.472297e+03 9.444077e+03 9.365482e+03
8.8 9.388164e+03 9.416423e+03 9.443019e+03 9.414760e+03
9.8 9.394835e+03 9.441653e+03 9.462089e+03 9.415272e+03
10.8 9.676714e+03 9.444755e+03 9.477154e+03 9.709113e+03
11.8 9.464356e+03 9.465849e+03 9.485103e+03 9.483610e+03
12.8 9.120999e+03 9.509419e+03 9.488134e+03 9.099714e+03
13.8 9.289939e+03 9.517691e+03 9.488500e+03 9.260749e+03
14.8 9.331296e+03 9.485206e+03 9.487513e+03 9.333604e+03
15.8 9.477133e+03 9.536982e+03 9.486234e+03 9.426385e+03
16.8 9.526379e+03 9.541725e+03 9.485172e+03 9.469826e+03
17.8 9.230435e+03 9.314983e+03 9.484528e+03 9.399980e+03
0.5 9.564826e+03 9.543737e+03 9.475144e+03 9.496233e+03
1.5 9.669482e+03 9.694809e+03 9.472763e+03 9.447436e+03
2.5 9.393701e+03 9.472297e+03 9.444077e+03 9.365482e+03
3.5 9.388164e+03 9.416423e+03 9.443019e+03 9.414760e+03
4.5 9.394835e+03 9.441653e+03 9.462089e+03 9.415272e+03
5.5 9.676714e+03 9.444755e+03 9.477154e+03 9.709113e+03
6.5 9.464356e+03 9.465849e+03 9.485103e+03 9.483610e+03
7.5 9.120999e+03 9.509419e+03 9.488134e+03 9.099714e+03
8.5 9.289939e+03 9.517691e+03 9.488500e+03 9.260749e+03
9.5 9.331296e+03 9.485206e+03 9.487513e+03 9.333604e+03
10.5 9.477133e+03 9.536982e+03 9.486234e+03 9.426385e+03
11.5 9.526379e+03 9.541725e+03 9.485172e+03 9.469826e+03
12.5 9.230435e+03 9.314983e+03 9.484528e+03 9.399980e+03
13.5 9.347581e+03 9.425071e+03 9.484195e+03 9.406705e+03
14.5 9.517294e+03 9.373153e+03 9.484052e+03 9.628193e+03
15.5 9.774477e+03 9.363956e+03 9.484009e+03 9.894529e+03
16.5 9.887470e+03 9.528460e+03 9.484008e+03 9.843018e+03
17.5 9.764111e+03 9.614064e+03 9.484024e+03 9.634072e+03
0.6 9.432912e+03 9.507723e+03 9.484251e+03 9.409440e+03
1.6 9.269187e+03 9.510855e+03 9.469217e+03 9.227549e+03
2.6 9.259056e+03 9.388298e+03 9.438065e+03 9.308823e+03
3.6 9.263545e+03 9.370299e+03 9.440148e+03 9.333393e+03
4.6 9.449796e+03 9.371853e+03 9.460843e+03 9.538785e+03
5.6 9.298198e+03 9.274392e+03 9.476603e+03 9.500409e+03
6.6 9.396569e+03 9.366019e+03 9.485093e+03 9.515643e+03
7.6 8.990666e+03 9.400925e+03 9.488454e+03 9.078194e+03
8.6 9.009686e+03 9.360579e+03 9.488973e+03 9.138080e+03
9.6 9.806896e+03 9.376691e+03 9.488065e+03 9.918270e+03
10.6 9.357152e+03 9.436530e+03 9.486842e+03 9.407465e+03
11.6 9.719981e+03 9.563032e+03 9.485824e+03 9.642773e+03
12.6 9.345882e+03 9.543478e+03 9.485200e+03 9.287604e+03
13.6 9.322122e+03 9.526167e+03 9.484872e+03 9.280826e+03
14.6 9.337445e+03 9.568817e+03 9.484723e+03 9.253350e+03
15.6 9.509987e+03 9.536944e+03 9.484665e+03 9.457709e+03
16.6 9.679794e+03 9.573025e+03 9.484641e+03 9.591410e+03
17.6 1.010088e+04 9.540537e+03 9.484630e+03 1.004497e+04
0.8 9.860541e+03 9.427420e+03 9.483661e+03 9.916782e+03
1.8 9.797292e+03 9.419716e+03 9.459484e+03 9.837060e+03
2.8 9.414002e+03 9.392351e+03 9.433821e+03 9.455471e+03
3.8 9.514208e+03 9.389620e+03 9.444517e+03 9.569105e+03
4.8 9.351828e+03 9.564596e+03 9.465281e+03 9.252513e+03
5.8 9.564551e+03 9.579035e+03 9.479298e+03 9.464814e+03
6.8 9.381456e+03 9.542786e+03 9.485791e+03 9.324461e+03
7.8 9.644042e+03 9.483430e+03 9.466466e+03 9.627078e+03
8.8 9.781812e+03 9.452866e+03 9.428491e+03 9.757437e+03
9.8 9.578712e+03 9.407125e+03 9.432432e+03 9.604019e+03
10.8 9.329664e+03 9.472596e+03 9.456931e+03 9.313999e+03
11.8 9.665498e+03 9.473320e+03 9.476134e+03 9.668311e+03
12.8 9.590982e+03 9.338803e+03 9.485798e+03 9.737978e+03
13.8 9.513429e+03 9.378849e+03 9.489644e+03 9.624224e+03
14.8 9.591866e+03 9.528632e+03 9.489958e+03 9.553192e+03
15.8 9.380759e+03 9.473920e+03 9.488651e+03 9.395490e+03
16.8 8.883676e+03 9.402920e+03 9.486958e+03 8.967714e+03
17.8 9.332132e+03 9.435567e+03 9.485631e+03 9.382196e+03
0.7 9.381456e+03 9.542786e+03 9.485791e+03 9.324461e+03
1.7 9.644042e+03 9.483430e+03 9.466466e+03 9.627078e+03
2.7 9.781812e+03 9.452866e+03 9.428491e+03 9.757437e+03
3.7 9.578712e+03 9.407125e+03 9.432432e+03 9.604019e+03
4.7 9.329664e+03 9.472596e+03 9.456931e+03 9.313999e+03
5.7 9.665498e+03 9.473320e+03 9.476134e+03 9.668311e+03
6.7 9.590982e+03 9.338803e+03 9.485798e+03 9.737978e+03
7.7 9.513429e+03 9.378849e+03 9.489644e+03 9.624224e+03
8.7 9.591866e+03 9.528632e+03 9.489958e+03 9.553192e+03
9.7 9.380759e+03 9.473920e+03 9.488651e+03 9.395490e+03
10.7 8.883676e+03 9.402920e+03 9.486958e+03 8.967714e+03
11.7 9.332132e+03 9.435567e+03 9.485631e+03 9.382196e+03
12.7 9.299031e+03 9.450494e+03 9.484759e+03 9.333296e+03
13.7 9.763603e+03 9.353597e+03 9.484283e+03 9.894288e+03
14.7 9.209325e+03 9.368726e+03 9.484029e+03 9.324628e+03
15.7 9.618070e+03 9.453082e+03 9.483886e+03 9.648874e+03
16.7 9.752599e+03 9.540427e+03 9.483796e+03 9.695968e+03
17.7 9.771611e+03 9.516678e+03 9.483722e+03 9.738656e+03
0.1 9.915888e+03 9.451777e+03 9.483150e+03 9.947260e+03
1.1 9.533662e+03 9.482039e+03 9.479070e+03 9.530694e+03
2.1 9.333270e+03 9.443905e+03 9.445074e+03 9.334439e+03
3.1 9.355354e+03 9.430619e+03 9.426545e+03 9.351279e+03
4.1 9.246609e+03 9.353360e+03 9.443822e+03 9.337072e+03
5.1 9.242810e+03 9.355549e+03 9.466332e+03 9.353592e+03
6.1 9.344525e+03 9.355946e+03 9.479774e+03 9.468354e+03
7.1 9.569362e+03 9.458957e+03 9.486225e+03 9.596630e+03
8.1 9.407906e+03 9.527168e+03 9.488180e+03 9.368917e+03
9.1 9.468688e+03 9.399247e+03 9.487779e+03 9.557220e+03
10.1 9.425084e+03 9.363902e+03 9.486424e+03 9.547606e+03
11.1 9.185873e+03 9.446322e+03 9.485120e+03 9.224671e+03
12.1 8.939825e+03 9.539823e+03 9.484188e+03 8.884190e+03
13.1 9.336197e+03 9.536861e+03 9.483680e+03 9.283016e+03
14.1 9.381091e+03 9.556875e+03 9.483446e+03 9.307662e+03
15.1 9.675763e+03 9.508146e+03 9.483364e+03 9.650980e+03
16.1 9.290897e+03 9.416744e+03 9.483361e+03 9.357514e+03
17.1 9.219092e+03 9.384429e+03 9.483392e+03 9.318055e+03
1.0 9.905316e+03 9.370579e+03 9.481733e+03 1.001647e+04
2.0 9.779261e+03 9.369096e+03 9.451473e+03 9.861638e+03
3.0 9.250389e+03 9.394051e+03 9.430980e+03 9.287317e+03
4.0 9.290938e+03 9.423281e+03 9.446688e+03 9.314346e+03
5.0 9.588871e+03 9.548733e+03 9.468054e+03 9.508192e+03
6.0 9.455094e+03 9.443234e+03 9.481780e+03 9.493640e+03
7.0 9.630354e+03 9.435332e+03 9.488199e+03 9.683222e+03
8.0 9.811940e+03 9.385009e+03 9.490412e+03 9.917343e+03
9.0 9.285765e+03 9.423718e+03 9.490242e+03 9.352289e+03
10.0 9.782505e+03 9.358650e+03 9.489124e+03 9.912979e+03
11.0 9.483721e+03 9.371113e+03 9.487958e+03 9.600565e+03
12.0 9.742214e+03 9.391364e+03 9.487189e+03 9.838039e+03
13.0 9.761222e+03 9.528240e+03 9.486800e+03 9.719781e+03
14.0 9.330935e+03 9.541270e+03 9.479216e+03 9.268880e+03
15.0 9.533479e+03 9.445267e+03 9.444508e+03 9.532720e+03
16.0 9.204643e+03 9.436229e+03 9.434483e+03 9.202897e+03
17.0 9.403608e+03 9.470736e+03 9.454240e+03 9.387113e+03
18.0 9.241310e+03 9.496673e+03 9.474033e+03 9.218670e+03
0.3 9.761222e+03 9.528240e+03 9.486800e+03 9.719781e+03
1.3 9.330935e+03 9.541270e+03 9.479216e+03 9.268880e+03
2.3 9.533479e+03 9.445267e+03 9.444508e+03 9.532720e+03
3.3 9.204643e+03 9.436229e+03 9.434483e+03 9.202897e+03
4.3 9.403608e+03 9.470736e+03 9.454240e+03 9.387113e+03
5.3 9.241310e+03 9.496673e+03 9.474033e+03 9.218670e+03
6.3 9.755620e+03 9.529918e+03 9.485722e+03 9.711425e+03
7.3 9.264410e+03 9.319860e+03 9.490890e+03 9.435440e+03
8.3 9.233848e+03 9.400290e+03 9.492376e+03 9.325934e+03
9.3 9.300727e+03 9.358122e+03 9.491858e+03 9.434462e+03
10.3 9.515998e+03 9.387710e+03 9.490683e+03 9.618971e+03
11.3 9.896925e+03 9.475106e+03 9.489596e+03 9.911415e+03
12.3 9.018437e+03 9.533686e+03 9.488928e+03 8.973679e+03
13.3 9.815989e+03 9.570102e+03 9.488605e+03 9.734491e+03
14.3 9.949207e+03 9.589690e+03 9.488523e+03 9.848040e+03
15.3 9.541918e+03 9.492289e+03 9.488563e+03 9.538192e+03
16.3 9.240747e+03 9.495547e+03 9.488656e+03 9.233856e+03
17.3 9.051729e+03 9.507768e+03 9.488772e+03 9.032732e+03
0.1 9.613611e+03 9.496409e+03 9.488894e+03 9.606096e+03
1.1 9.599485e+03 9.432669e+03 9.485341e+03 9.652157e+03
2.1 9.501529e+03 9.396609e+03 9.451117e+03 9.556038e+03
3.1 9.591180e+03 9.376936e+03 9.424454e+03 9.638698e+03
4.1 9.594563e+03 9.367304e+03 9.441362e+03 9.668622e+03
5.1 9.323164e+03 9.445070e+03 9.467858e+03 9.345952e+03
6.1 9.379265e+03 9.487716e+03 9.484510e+03 9.376059e+03
7.1 9.504015e+03 9.472368e+03 9.492642e+03 9.524289e+03
8.1 9.975098e+03 9.423827e+03 9.494696e+03 1.004597e+04
9.1 9.468303e+03 9.441895e+03 9.472090e+03 9.498497e+03
10.1 9.191104e+03 9.378622e+03 9.443310e+03 9.255791e+03
11.1 9.232392e+03 9.412687e+03 9.451358e+03 9.271063e+03
12.1 9.414838e+03 9.495676e+03 9.471190e+03 9.390352e+03
13.1 9.558138e+03 9.479658e+03 9.485286e+03 9.563765e+03
14.1 9.525936e+03 9.539453e+03 9.486321e+03 9.472804e+03
15.1 9.231986e+03 9.367067e+03 9.449815e+03 9.314735e+03
16.1 9.175199e+03 9.410901e+03 9.428930e+03 9.193228e+03
17.1 9.410665e+03 9.471627e+03 9.447844e+03 9.386882e+03
0.8 9.975098e+03 9.423827e+03 9.494696e+03 1.004597e+04
1.8 9.468303e+03 9.441895e+03 9.472090e+03 9.498497e+03
2.8 9.191104e+03 9.378622e+03 9.443310e+03 9.255791e+03
3.8 9.232392e+03 9.412687e+03 9.451358e+03 9.271063e+03
4.8 9.414838e+03 9.495676e+03 9.471190e+03 9.390352e+03
5.8 9.558138e+03 9.479658e+03 9.485286e+03 9.563765e+03
6.8 9.525936e+03 9.539453e+03 9.486321e+03 9.472804e+03
7.8 9.231986e+03 9.367067e+03 9.449815e+03 9.314735e+03
8.8 9.175199e+03 9.410901e+03 9.428930e+03 9.193228e+03
9.8 9.410665e+03 9.471627e+03 9.447844e+03 9.386882e+03
10.8 9.636467e+03 9.718447e+03 9.472861e+03 9.390881e+03
11.8 9.521674e+03 9.610717e+03 9.487728e+03 9.398685e+03
12.8 9.526641e+03 9.608942e+03 9.494752e+03 9.412450e+03
13.8 9.122973e+03 9.523026e+03 9.496773e+03 9.096720e+03
14.8 8.985785e+03 9.517472e+03 9.496181e+03 8.964494e+03
15.8 9.790968e+03 9.471334e+03 9.494542e+03 9.814176e+03
16.8 9.461569e+03 9.485353e+03 9.492988e+03 9.469205e+03
17.8 9.643682e+03 9.487864e+03 9.491872e+03 9.647689e+03
0.2 9.558138e+03 9.479658e+03 9.485286e+03 9.563765e+03
1.2 9.525936e+03 9.539453e+03 9.486321e+03 9.472804e+03
2.2 9.231986e+03 9.367067e+03 9.449815e+03 9.314735e+03
3.2 9.175199e+03 9.410901e+03 9.428930e+03 9.193228e+03
4.2 9.410665e+03 9.471627e+03 9.447844e+03 9.386882e+03
5.2 9.636467e+03 9.718447e+03 9.472861e+03 9.390881e+03
6.2 9.521674e+03 9.610717e+03 9.487728e+03 9.398685e+03
7.2 9.526641e+03 9.608942e+03 9.494752e+03 9.412450e+03
8.2 9.122973e+03 9.523026e+03 9.496773e+03 9.096720e+03
9.2 8.985785e+03 9.517472e+03 9.496181e+03 8.964494e+03
10.2 9.790968e+03 9.471334e+03 9.494542e+03 9.814176e+03
11.2 9.461569e+03 9.485353e+03 9.492988e+03 9.469205e+03
12.2 9.643682e+03 9.487864e+03 9.491872e+03 9.647689e+03
13.2 9.214507e+03 9.444683e+03 9.491247e+03 9.261070e+03
14.2 9.713887e+03 9.579362e+03 9.490936e+03 9.625461e+03
15.2 1.025291e+04 1.015163e+04 9.490796e+03 9.592068e+03
16.2 9.700455e+03 9.604470e+03 9.490740e+03 9.586725e+03
17.2 9.399654e+03 9.533320e+03 9.490716e+03 9.357050e+03
0.5 9.529035e+03 9.606824e+03 9.490628e+03 9.412839e+03
1.5 9.472261e+03 9.730500e+03 9.476778e+03 9.218539e+03
2.5 9.396449e+03 9.472857e+03 9.435084e+03 9.358676e+03
3.5 9.170534e+03 9.355748e+03 9.428003e+03 9.242790e+03
4.5 9.195805e+03 9.373678e+03 9.453089e+03 9.275216e+03
5.5 9.396886e+03 9.483565e+03 9.476332e+03 9.389652e+03
6.5 9.744431e+03 9.605288e+03 9.489672e+03 9.628815e+03
