0.8 9.351837e+03 9.158156e+03 9.228014e+03 9.421694e+03
1.8 9.254417e+03 9.241829e+03 9.278070e+03 9.290658e+03
2.8 9.440623e+03 9.307308e+03 9.312588e+03 9.445903e+03
3.8 9.185169e+03 9.317680e+03 9.287115e+03 9.154605e+03
4.8 9.257307e+03 9.327044e+03 9.253192e+03 9.183455e+03
5.8 9.436584e+03 9.284610e+03 9.231825e+03 9.383799e+03
6.8 9.352868e+03 9.266658e+03 9.222064e+03 9.308274e+03
7.8 9.268519e+03 9.216362e+03 9.218916e+03 9.271074e+03
8.8 9.233795e+03 9.217753e+03 9.219576e+03 9.235618e+03
9.8 9.224481e+03 9.211190e+03 9.221696e+03 9.234987e+03
10.8 9.228840e+03 9.175342e+03 9.223876e+03 9.277375e+03
11.8 9.063485e+03 9.137767e+03 9.225411e+03 9.151128e+03
12.8 9.413633e+03 9.190506e+03 9.226345e+03 9.449472e+03
13.8 9.342693e+03 9.252782e+03 9.226824e+03 9.316735e+03
14.8 9.402578e+03 9.306798e+03 9.227061e+03 9.322841e+03
15.8 9.156167e+03 9.323396e+03 9.227178e+03 9.059949e+03
16.8 9.442556e+03 9.324087e+03 9.227234e+03 9.345703e+03
17.8 9.165619e+03 9.172214e+03 9.227263e+03 9.220668e+03
0.9 9.334920e+03 9.138367e+03 9.231674e+03 9.428227e+03
1.9 9.491718e+03 9.233758e+03 9.287320e+03 9.545280e+03
2.9 9.340721e+03 9.293571e+03 9.313154e+03 9.360304e+03
3.9 9.618404e+03 9.305044e+03 9.284491e+03 9.597851e+03
4.9 9.359760e+03 9.359699e+03 9.250726e+03 9.250788e+03
5.9 9.388408e+03 9.297953e+03 9.231251e+03 9.321705e+03
6.9 8.939940e+03 9.120199e+03 9.222092e+03 9.041833e+03
7.9 9.299090e+03 9.132623e+03 9.219506e+03 9.385972e+03
8.9 9.196988e+03 9.163827e+03 9.237187e+03 9.270348e+03
9.9 9.429180e+03 9.266177e+03 9.299394e+03 9.462397e+03
10.9 9.019296e+03 9.301423e+03 9.304817e+03 9.022691e+03
11.9 9.234297e+03 9.273489e+03 9.270844e+03 9.231652e+03
12.9 8.853162e+03 9.170335e+03 9.242919e+03 8.925746e+03
13.9 9.123302e+03 9.159454e+03 9.227827e+03 9.191675e+03
14.9 9.182632e+03 9.199085e+03 9.221367e+03 9.204914e+03
15.9 9.290969e+03 9.262206e+03 9.220273e+03 9.249036e+03
16.9 9.139935e+03 9.273706e+03 9.221857e+03 9.088086e+03
17.9 9.129741e+03 9.209197e+03 9.224139e+03 9.144683e+03
0.3 9.299090e+03 9.132623e+03 9.219506e+03 9.385972e+03
1.3 9.196988e+03 9.163827e+03 9.237187e+03 9.270348e+03
2.3 9.429180e+03 9.266177e+03 9.299394e+03 9.462397e+03
3.3 9.019296e+03 9.301423e+03 9.304817e+03 9.022691e+03
4.3 9.234297e+03 9.273489e+03 9.270844e+03 9.231652e+03
5.3 8.853162e+03 9.170335e+03 9.242919e+03 8.925746e+03
6.3 9.123302e+03 9.159454e+03 9.227827e+03 9.191675e+03
7.3 9.182632e+03 9.199085e+03 9.221367e+03 9.204914e+03
8.3 9.290969e+03 9.262206e+03 9.220273e+03 9.249036e+03
9.3 9.139935e+03 9.273706e+03 9.221857e+03 9.088086e+03
10.3 9.129741e+03 9.209197e+03 9.224139e+03 9.144683e+03
11.3 9.224464e+03 9.207843e+03 9.226090e+03 9.242710e+03
12.3 9.159166e+03 9.190889e+03 9.227431e+03 9.195707e+03
13.3 9.046729e+03 9.117060e+03 9.228210e+03 9.157880e+03
14.3 9.063375e+03 9.175026e+03 9.228667e+03 9.117016e+03
15.3 8.854401e+03 9.179515e+03 9.228947e+03 8.903833e+03
16.3 8.814489e+03 9.136147e+03 9.229152e+03 8.907494e+03
17.3 9.446629e+03 9.128190e+03 9.229326e+03 9.547766e+03
0.4 9.138940e+03 9.152203e+03 9.231287e+03 9.218024e+03
1.4 8.981795e+03 9.240649e+03 9.256309e+03 8.997456e+03
2.4 9.222527e+03 9.308336e+03 9.313146e+03 9.227337e+03
3.4 9.241065e+03 9.313715e+03 9.307160e+03 9.234511e+03
4.4 9.407023e+03 9.344941e+03 9.270751e+03 9.332833e+03
5.4 9.323140e+03 9.329127e+03 9.244035e+03 9.238049e+03
6.4 9.311025e+03 9.268312e+03 9.230096e+03 9.272808e+03
7.4 9.225622e+03 9.284090e+03 9.224374e+03 9.165906e+03
8.4 9.237455e+03 9.160458e+03 9.223676e+03 9.300673e+03
9.4 8.974654e+03 9.274916e+03 9.225369e+03 8.925107e+03
10.4 9.206131e+03 9.273670e+03 9.227549e+03 9.160010e+03
11.4 9.448359e+03 9.276424e+03 9.229314e+03 9.401249e+03
12.4 9.298372e+03 9.263044e+03 9.230467e+03 9.265795e+03
13.4 9.460969e+03 9.313385e+03 9.231090e+03 9.378674e+03
14.4 9.434784e+03 9.177664e+03 9.231419e+03 9.488539e+03
15.4 9.319669e+03 9.187996e+03 9.231591e+03 9.363264e+03
16.4 9.025322e+03 9.173638e+03 9.231700e+03 9.083384e+03
17.4 9.138590e+03 9.211365e+03 9.231784e+03 9.159009e+03
