0.8 9.670360e+03 9.389332e+03 9.462350e+03 9.743378e+03
1.8 9.645808e+03 9.527988e+03 9.576129e+03 9.693948e+03
2.8 1.005882e+04 9.630380e+03 9.654589e+03 1.008303e+04
3.8 9.394447e+03 9.612557e+03 9.596688e+03 9.378578e+03
4.8 9.650416e+03 9.598657e+03 9.519579e+03 9.571338e+03
5.8 9.725796e+03 9.518764e+03 9.471013e+03 9.678045e+03
6.8 9.516272e+03 9.508150e+03 9.448827e+03 9.456949e+03
7.8 9.621669e+03 9.498751e+03 9.441670e+03 9.564588e+03
8.8 9.378953e+03 9.493714e+03 9.443170e+03 9.328409e+03
9.8 9.466752e+03 9.458160e+03 9.447988e+03 9.456580e+03
10.8 9.701146e+03 9.473051e+03 9.452945e+03 9.681039e+03
11.8 9.224906e+03 9.394628e+03 9.456432e+03 9.286710e+03
12.8 9.656345e+03 9.425491e+03 9.458555e+03 9.689409e+03
13.8 9.606488e+03 9.484781e+03 9.459646e+03 9.581353e+03
14.8 9.660608e+03 9.545118e+03 9.460185e+03 9.575675e+03
15.8 9.461256e+03 9.561188e+03 9.460449e+03 9.360516e+03
16.8 9.833783e+03 9.567761e+03 9.460577e+03 9.726600e+03
17.8 9.423513e+03 9.389029e+03 9.460642e+03 9.495126e+03
0.9 9.774477e+03 9.363956e+03 9.470670e+03 9.881190e+03
1.9 9.887470e+03 9.528460e+03 9.597153e+03 9.956163e+03
2.9 9.764111e+03 9.614064e+03 9.655874e+03 9.805922e+03
3.9 9.919807e+03 9.593020e+03 9.590722e+03 9.917509e+03
4.9 9.570347e+03 9.634465e+03 9.513975e+03 9.449857e+03
5.9 9.665582e+03 9.535051e+03 9.469707e+03 9.600237e+03
6.9 9.032727e+03 9.286548e+03 9.448889e+03 9.195068e+03
7.9 9.718264e+03 9.351512e+03 9.443011e+03 9.809762e+03
8.9 9.452602e+03 9.432393e+03 9.483201e+03 9.503409e+03
9.9 9.534576e+03 9.583382e+03 9.624598e+03 9.575793e+03
10.9 9.106562e+03 9.618189e+03 9.636925e+03 9.125298e+03
11.9 9.511057e+03 9.544690e+03 9.559702e+03 9.526069e+03
12.9 8.796438e+03 9.383375e+03 9.496229e+03 8.909292e+03
13.9 9.550438e+03 9.421788e+03 9.461925e+03 9.590576e+03
14.9 9.479758e+03 9.447322e+03 9.447241e+03 9.479676e+03
15.9 9.432912e+03 9.507723e+03 9.444754e+03 9.369943e+03
16.9 9.269187e+03 9.510855e+03 9.448355e+03 9.206686e+03
17.9 9.259056e+03 9.388298e+03 9.453542e+03 9.324301e+03
0.3 9.718264e+03 9.351512e+03 9.443011e+03 9.809762e+03
1.3 9.452602e+03 9.432393e+03 9.483201e+03 9.503409e+03
2.3 9.534576e+03 9.583382e+03 9.624598e+03 9.575793e+03
3.3 9.106562e+03 9.618189e+03 9.636925e+03 9.125298e+03
4.3 9.511057e+03 9.544690e+03 9.559702e+03 9.526069e+03
5.3 8.796438e+03 9.383375e+03 9.496229e+03 8.909292e+03
6.3 9.550438e+03 9.421788e+03 9.461925e+03 9.590576e+03
7.3 9.479758e+03 9.447322e+03 9.447241e+03 9.479676e+03
8.3 9.432912e+03 9.507723e+03 9.444754e+03 9.369943e+03
9.3 9.269187e+03 9.510855e+03 9.448355e+03 9.206686e+03
10.3 9.259056e+03 9.388298e+03 9.453542e+03 9.324301e+03
11.3 9.263545e+03 9.370299e+03 9.457976e+03 9.351222e+03
12.3 9.449796e+03 9.371853e+03 9.461024e+03 9.538967e+03
13.3 9.298198e+03 9.274392e+03 9.462795e+03 9.486601e+03
14.3 9.396569e+03 9.366019e+03 9.463834e+03 9.494385e+03
15.3 8.990666e+03 9.400925e+03 9.464471e+03 9.054211e+03
16.3 9.009686e+03 9.360579e+03 9.464936e+03 9.114043e+03
17.3 9.806896e+03 9.376691e+03 9.465333e+03 9.895539e+03
0.4 9.253610e+03 9.406795e+03 9.469790e+03 9.316606e+03
1.4 9.112136e+03 9.532536e+03 9.526665e+03 9.106265e+03
2.4 9.486045e+03 9.636861e+03 9.655857e+03 9.505040e+03
3.4 9.593325e+03 9.633393e+03 9.642251e+03 9.602183e+03
4.4 9.669994e+03 9.648817e+03 9.559492e+03 9.580669e+03
5.4 9.436997e+03 9.601291e+03 9.498766e+03 9.334472e+03
6.4 9.552581e+03 9.501745e+03 9.467082e+03 9.517918e+03
7.4 9.517727e+03 9.517428e+03 9.454076e+03 9.454374e+03
8.4 9.421559e+03 9.339950e+03 9.452489e+03 9.534098e+03
9.4 9.059574e+03 9.507720e+03 9.456338e+03 9.008192e+03
10.4 9.356064e+03 9.510025e+03 9.461293e+03 9.307333e+03
11.4 9.732616e+03 9.515902e+03 9.465304e+03 9.682019e+03
12.4 9.465992e+03 9.496119e+03 9.467926e+03 9.437799e+03
13.4 9.835301e+03 9.567899e+03 9.469341e+03 9.736743e+03
14.4 9.905316e+03 9.370579e+03 9.470090e+03 1.000483e+04
15.4 9.779261e+03 9.369096e+03 9.470481e+03 9.880646e+03
16.4 9.250389e+03 9.394051e+03 9.470728e+03 9.327065e+03
17.4 9.290938e+03 9.423281e+03 9.470920e+03 9.338577e+03
