0.4 9.526069e+03 9.213795e+03 9.229346e+03 9.541620e+03
1.4 9.314765e+03 9.263016e+03 9.268612e+03 9.320360e+03
2.4 9.227993e+03 9.277223e+03 9.350518e+03 9.301288e+03
3.4 9.416862e+03 9.404468e+03 9.340545e+03 9.352939e+03
4.4 9.279448e+03 9.244848e+03 9.287850e+03 9.322449e+03
5.4 9.153525e+03 9.204141e+03 9.248353e+03 9.197736e+03
6.4 9.139590e+03 9.232682e+03 9.227428e+03 9.134337e+03
7.4 9.380088e+03 9.236443e+03 9.219331e+03 9.362976e+03
8.4 9.194134e+03 9.249331e+03 9.218365e+03 9.163169e+03
9.4 9.095403e+03 9.276311e+03 9.220877e+03 9.039968e+03
10.4 9.227117e+03 9.282863e+03 9.224139e+03 9.168394e+03
11.4 9.147812e+03 9.260102e+03 9.226839e+03 9.114548e+03
12.4 9.234532e+03 9.282356e+03 9.228530e+03 9.180707e+03
13.4 9.298319e+03 9.267377e+03 9.229501e+03 9.260442e+03
14.4 9.109568e+03 9.109951e+03 9.230008e+03 9.229625e+03
15.4 9.160057e+03 9.191139e+03 9.230296e+03 9.199215e+03
16.4 9.093314e+03 9.105622e+03 9.230488e+03 9.218180e+03
17.4 9.334920e+03 9.138367e+03 9.230642e+03 9.427195e+03
0.6 9.100406e+03 9.241857e+03 9.223174e+03 9.081723e+03
1.6 9.185972e+03 9.235500e+03 9.277723e+03 9.228195e+03
2.6 9.351991e+03 9.402786e+03 9.348548e+03 9.297754e+03
3.6 9.318194e+03 9.318628e+03 9.323437e+03 9.323003e+03
4.6 9.276901e+03 9.325943e+03 9.269165e+03 9.220124e+03
5.6 9.065396e+03 9.270733e+03 9.233221e+03 9.027884e+03
6.6 8.909730e+03 9.273322e+03 9.214968e+03 8.851377e+03
7.6 9.499353e+03 9.242638e+03 9.207694e+03 9.464409e+03
8.6 9.361719e+03 9.251872e+03 9.206972e+03 9.316819e+03
9.6 9.333589e+03 9.251715e+03 9.209147e+03 9.291020e+03
10.6 9.063730e+03 9.213674e+03 9.211627e+03 9.061683e+03
11.6 9.194755e+03 9.287951e+03 9.213337e+03 9.120141e+03
12.6 9.740434e+03 9.701468e+03 9.214130e+03 9.253096e+03
13.6 9.410873e+03 9.315714e+03 9.214178e+03 9.309338e+03
14.6 9.286589e+03 9.275033e+03 9.213817e+03 9.225373e+03
15.6 9.242957e+03 9.264667e+03 9.213232e+03 9.191522e+03
16.6 9.264129e+03 9.305973e+03 9.212542e+03 9.170697e+03
17.6 9.289583e+03 9.407823e+03 9.211796e+03 9.093557e+03
0.4 8.992312e+03 9.170809e+03 9.209487e+03 9.030990e+03
1.4 9.239999e+03 9.234299e+03 9.247847e+03 9.253547e+03
2.4 9.352480e+03 9.316655e+03 9.329844e+03 9.365669e+03
