0.4 9.129359e+03 9.375905e+03 9.493146e+03 9.246601e+03
1.4 9.217270e+03 9.367834e+03 9.480098e+03 9.329534e+03
2.4 9.426605e+03 9.344279e+03 9.439983e+03 9.522309e+03
3.4 9.670360e+03 9.389332e+03 9.435540e+03 9.716568e+03
4.4 9.645808e+03 9.527988e+03 9.459507e+03 9.577327e+03
5.4 1.005882e+04 9.630380e+03 9.480918e+03 9.909356e+03
6.4 9.394447e+03 9.612557e+03 9.492305e+03 9.274195e+03
7.4 9.650416e+03 9.598657e+03 9.497179e+03 9.548938e+03
8.4 9.725796e+03 9.518764e+03 9.498180e+03 9.705212e+03
9.4 9.516272e+03 9.508150e+03 9.497163e+03 9.505285e+03
10.4 9.621669e+03 9.498751e+03 9.495536e+03 9.618454e+03
11.4 9.378953e+03 9.493714e+03 9.494167e+03 9.379405e+03
12.4 9.466752e+03 9.458160e+03 9.484738e+03 9.493329e+03
13.4 9.701146e+03 9.473051e+03 9.440775e+03 9.668870e+03
14.4 9.224906e+03 9.394628e+03 9.426049e+03 9.256326e+03
15.4 9.656345e+03 9.425491e+03 9.450267e+03 9.681121e+03
16.4 9.606488e+03 9.484781e+03 9.475187e+03 9.596894e+03
17.4 9.660608e+03 9.545118e+03 9.489754e+03 9.605244e+03
0.3 9.378953e+03 9.493714e+03 9.494167e+03 9.379405e+03
1.3 9.466752e+03 9.458160e+03 9.484738e+03 9.493329e+03
2.3 9.701146e+03 9.473051e+03 9.440775e+03 9.668870e+03
3.3 9.224906e+03 9.394628e+03 9.426049e+03 9.256326e+03
4.3 9.656345e+03 9.425491e+03 9.450267e+03 9.681121e+03
5.3 9.606488e+03 9.484781e+03 9.475187e+03 9.596894e+03
6.3 9.660608e+03 9.545118e+03 9.489754e+03 9.605244e+03
7.3 9.461256e+03 9.561188e+03 9.496473e+03 9.396541e+03
8.3 9.833783e+03 9.567761e+03 9.494033e+03 9.760055e+03
9.3 9.423513e+03 9.389029e+03 9.452770e+03 9.487253e+03
10.3 9.136727e+03 9.355281e+03 9.421826e+03 9.203272e+03
11.3 9.478777e+03 9.419504e+03 9.439434e+03 9.498708e+03
12.3 9.385769e+03 9.493106e+03 9.468447e+03 9.361110e+03
13.3 9.627105e+03 9.548995e+03 9.486724e+03 9.564834e+03
14.3 9.637169e+03 9.507139e+03 9.495723e+03 9.625754e+03
15.3 9.563571e+03 9.394013e+03 9.498628e+03 9.668187e+03
16.3 9.653678e+03 9.405457e+03 9.498278e+03 9.746498e+03
17.3 9.563021e+03 9.483507e+03 9.496528e+03 9.576043e+03
0.1 9.461256e+03 9.561188e+03 9.496473e+03 9.396541e+03
1.1 9.833783e+03 9.567761e+03 9.494033e+03 9.760055e+03
2.1 9.423513e+03 9.389029e+03 9.452770e+03 9.487253e+03
3.1 9.136727e+03 9.355281e+03 9.421826e+03 9.203272e+03
4.1 9.478777e+03 9.419504e+03 9.439434e+03 9.498708e+03
5.1 9.385769e+03 9.493106e+03 9.468447e+03 9.361110e+03
6.1 9.627105e+03 9.548995e+03 9.486724e+03 9.564834e+03
7.1 9.637169e+03 9.507139e+03 9.495723e+03 9.625754e+03
8.1 9.563571e+03 9.394013e+03 9.498628e+03 9.668187e+03
9.1 9.653678e+03 9.405457e+03 9.498278e+03 9.746498e+03
10.1 9.563021e+03 9.483507e+03 9.496528e+03 9.576043e+03
11.1 9.564826e+03 9.543737e+03 9.494755e+03 9.515844e+03
12.1 9.669482e+03 9.694809e+03 9.493441e+03 9.468114e+03
13.1 9.393701e+03 9.472297e+03 9.492693e+03 9.414097e+03
14.1 9.388164e+03 9.416423e+03 9.492316e+03 9.464056e+03
15.1 9.394835e+03 9.441653e+03 9.492147e+03 9.445329e+03
16.1 9.676714e+03 9.444755e+03 9.492085e+03 9.724044e+03
17.1 9.464356e+03 9.465849e+03 9.492066e+03 9.490573e+03
0.6 9.230435e+03 9.314983e+03 9.491934e+03 9.407386e+03
1.6 9.347581e+03 9.425071e+03 9.475273e+03 9.397783e+03
2.6 9.517294e+03 9.373153e+03 9.430420e+03 9.574561e+03
3.6 9.774477e+03 9.363956e+03 9.427873e+03 9.838393e+03
4.6 9.887470e+03 9.528460e+03 9.455797e+03 9.814807e+03
5.6 9.764111e+03 9.614064e+03 9.478997e+03 9.629045e+03
6.6 9.919807e+03 9.593020e+03 9.491669e+03 9.818456e+03
7.6 9.570347e+03 9.634465e+03 9.497140e+03 9.433022e+03
8.6 9.665582e+03 9.535051e+03 9.496887e+03 9.627418e+03
9.6 9.032727e+03 9.286548e+03 9.465444e+03 9.211622e+03
10.6 9.718264e+03 9.351512e+03 9.425880e+03 9.792631e+03
11.6 9.452602e+03 9.432393e+03 9.434931e+03 9.455139e+03
12.6 9.534576e+03 9.583382e+03 9.463484e+03 9.414678e+03
13.6 9.106562e+03 9.618189e+03 9.483449e+03 8.971822e+03
14.6 9.511057e+03 9.544690e+03 9.488687e+03 9.455054e+03
15.6 8.796438e+03 9.383375e+03 9.454664e+03 8.867727e+03
16.6 9.550438e+03 9.421788e+03 9.434762e+03 9.563413e+03
17.6 9.479758e+03 9.447322e+03 9.453398e+03 9.485834e+03
0.9 9.665582e+03 9.535051e+03 9.496887e+03 9.627418e+03
1.9 9.032727e+03 9.286548e+03 9.465444e+03 9.211622e+03
2.9 9.718264e+03 9.351512e+03 9.425880e+03 9.792631e+03
3.9 9.452602e+03 9.432393e+03 9.434931e+03 9.455139e+03
4.9 9.534576e+03 9.583382e+03 9.463484e+03 9.414678e+03
5.9 9.106562e+03 9.618189e+03 9.483449e+03 8.971822e+03
6.9 9.511057e+03 9.544690e+03 9.488687e+03 9.455054e+03
7.9 8.796438e+03 9.383375e+03 9.454664e+03 8.867727e+03
8.9 9.550438e+03 9.421788e+03 9.434762e+03 9.563413e+03
9.9 9.479758e+03 9.447322e+03 9.453398e+03 9.485834e+03
10.9 9.432912e+03 9.507723e+03 9.475831e+03 9.401020e+03
11.9 9.269187e+03 9.510855e+03 9.489411e+03 9.247743e+03
12.9 9.259056e+03 9.388298e+03 9.495304e+03 9.366062e+03
13.9 9.263545e+03 9.370299e+03 9.496874e+03 9.390119e+03
14.9 9.449796e+03 9.371853e+03 9.496037e+03 9.573980e+03
15.9 9.298198e+03 9.274392e+03 9.494331e+03 9.518138e+03
16.9 9.396569e+03 9.366019e+03 9.491216e+03 9.521766e+03
17.9 8.990666e+03 9.400925e+03 9.459127e+03 9.048867e+03
0.1 9.106562e+03 9.618189e+03 9.483449e+03 8.971822e+03
1.1 9.511057e+03 9.544690e+03 9.488687e+03 9.455054e+03
2.1 8.796438e+03 9.383375e+03 9.454664e+03 8.867727e+03
3.1 9.550438e+03 9.421788e+03 9.434762e+03 9.563413e+03
4.1 9.479758e+03 9.447322e+03 9.453398e+03 9.485834e+03
5.1 9.432912e+03 9.507723e+03 9.475831e+03 9.401020e+03
6.1 9.269187e+03 9.510855e+03 9.489411e+03 9.247743e+03
7.1 9.259056e+03 9.388298e+03 9.495304e+03 9.366062e+03
8.1 9.263545e+03 9.370299e+03 9.496874e+03 9.390119e+03
9.1 9.449796e+03 9.371853e+03 9.496037e+03 9.573980e+03
10.1 9.298198e+03 9.274392e+03 9.494331e+03 9.518138e+03
11.1 9.396569e+03 9.366019e+03 9.491216e+03 9.521766e+03
12.1 8.990666e+03 9.400925e+03 9.459127e+03 9.048867e+03
13.1 9.009686e+03 9.360579e+03 9.407972e+03 9.057079e+03
14.1 9.806896e+03 9.376691e+03 9.411936e+03 9.842142e+03
15.1 9.357152e+03 9.436530e+03 9.447230e+03 9.367853e+03
16.1 9.719981e+03 9.563032e+03 9.475959e+03 9.632908e+03
17.1 9.345882e+03 9.543478e+03 9.490718e+03 9.293122e+03
0.9 9.396569e+03 9.366019e+03 9.491216e+03 9.521766e+03
1.9 8.990666e+03 9.400925e+03 9.459127e+03 9.048867e+03
2.9 9.009686e+03 9.360579e+03 9.407972e+03 9.057079e+03
3.9 9.806896e+03 9.376691e+03 9.411936e+03 9.842142e+03
4.9 9.357152e+03 9.436530e+03 9.447230e+03 9.367853e+03
5.9 9.719981e+03 9.563032e+03 9.475959e+03 9.632908e+03
6.9 9.345882e+03 9.543478e+03 9.490718e+03 9.293122e+03
7.9 9.322122e+03 9.526167e+03 9.496647e+03 9.292601e+03
8.9 9.337445e+03 9.568817e+03 9.497394e+03 9.266022e+03
9.9 9.509987e+03 9.536944e+03 9.495604e+03 9.468648e+03
10.9 9.679794e+03 9.573025e+03 9.493174e+03 9.599943e+03
11.9 1.010088e+04 9.540537e+03 9.491216e+03 1.005156e+04
12.9 9.860541e+03 9.427420e+03 9.489909e+03 9.923030e+03
13.9 9.797292e+03 9.419716e+03 9.489123e+03 9.866699e+03
14.9 9.414002e+03 9.392351e+03 9.488689e+03 9.510340e+03
15.9 9.514208e+03 9.389620e+03 9.488435e+03 9.613023e+03
16.9 9.351828e+03 9.564596e+03 9.488265e+03 9.275498e+03
17.9 9.564551e+03 9.579035e+03 9.488125e+03 9.473641e+03
0.1 9.513429e+03 9.378849e+03 9.487187e+03 9.621767e+03
1.1 9.591866e+03 9.528632e+03 9.483317e+03 9.546551e+03
2.1 9.380759e+03 9.473920e+03 9.444958e+03 9.351796e+03
3.1 8.883676e+03 9.402920e+03 9.413109e+03 8.893865e+03
4.1 9.332132e+03 9.435567e+03 9.431400e+03 9.327965e+03
5.1 9.299031e+03 9.450494e+03 9.461570e+03 9.310107e+03
6.1 9.763603e+03 9.353597e+03 9.480668e+03 9.890673e+03
7.1 9.209325e+03 9.368726e+03 9.489968e+03 9.330567e+03
8.1 9.618070e+03 9.453082e+03 9.493213e+03 9.658201e+03
9.1 9.752599e+03 9.540427e+03 9.492938e+03 9.705109e+03
10.1 9.771611e+03 9.516678e+03 9.491196e+03 9.746129e+03
11.1 9.219049e+03 9.530688e+03 9.489399e+03 9.177760e+03
12.1 9.681220e+03 9.561592e+03 9.488080e+03 9.607708e+03
13.1 9.670786e+03 9.640845e+03 9.487280e+03 9.517221e+03
14.1 9.549110e+03 9.501424e+03 9.486886e+03 9.534572e+03
15.1 9.629463e+03 9.578213e+03 9.486707e+03 9.537957e+03
16.1 9.275058e+03 9.577272e+03 9.486643e+03 9.184429e+03
17.1 9.216140e+03 9.578545e+03 9.486628e+03 9.124223e+03
0.4 9.569362e+03 9.458957e+03 9.487001e+03 9.597407e+03
1.4 9.407906e+03 9.527168e+03 9.473966e+03 9.354704e+03
2.4 9.468688e+03 9.399247e+03 9.426058e+03 9.495500e+03
3.4 9.425084e+03 9.363902e+03 9.412745e+03 9.473928e+03
4.4 9.185873e+03 9.446322e+03 9.440614e+03 9.180166e+03
5.4 8.939825e+03 9.539823e+03 9.469219e+03 8.869221e+03
6.4 9.336197e+03 9.536861e+03 9.485235e+03 9.284571e+03
7.4 9.381091e+03 9.556875e+03 9.492442e+03 9.316658e+03
8.4 9.675763e+03 9.508146e+03 9.493565e+03 9.661181e+03
9.4 9.290897e+03 9.416744e+03 9.466776e+03 9.340929e+03
10.4 9.219092e+03 9.384429e+03 9.423402e+03 9.258065e+03
11.4 9.253610e+03 9.406795e+03 9.429128e+03 9.275944e+03
12.4 9.112136e+03 9.532536e+03 9.456866e+03 9.036465e+03
13.4 9.486045e+03 9.636861e+03 9.478299e+03 9.327482e+03
14.4 9.593325e+03 9.633393e+03 9.489114e+03 9.449046e+03
15.4 9.669994e+03 9.648817e+03 9.493451e+03 9.514628e+03
16.4 9.436997e+03 9.601291e+03 9.493848e+03 9.329554e+03
17.4 9.552581e+03 9.501745e+03 9.492452e+03 9.543288e+03
0.8 9.675763e+03 9.508146e+03 9.493565e+03 9.661181e+03
1.8 9.290897e+03 9.416744e+03 9.466776e+03 9.340929e+03
2.8 9.219092e+03 9.384429e+03 9.423402e+03 9.258065e+03
3.8 9.253610e+03 9.406795e+03 9.429128e+03 9.275944e+03
4.8 9.112136e+03 9.532536e+03 9.456866e+03 9.036465e+03
5.8 9.486045e+03 9.636861e+03 9.478299e+03 9.327482e+03
6.8 9.593325e+03 9.633393e+03 9.489114e+03 9.449046e+03
7.8 9.669994e+03 9.648817e+03 9.493451e+03 9.514628e+03
8.8 9.436997e+03 9.601291e+03 9.493848e+03 9.329554e+03
9.8 9.552581e+03 9.501745e+03 9.492452e+03 9.543288e+03
10.8 9.517727e+03 9.517428e+03 9.490641e+03 9.490939e+03
11.8 9.421559e+03 9.339950e+03 9.489241e+03 9.570850e+03
12.8 9.059574e+03 9.507720e+03 9.488342e+03 9.040196e+03
13.8 9.356064e+03 9.510025e+03 9.487866e+03 9.333905e+03
14.8 9.732616e+03 9.515902e+03 9.487618e+03 9.704333e+03
15.8 9.465992e+03 9.496119e+03 9.487489e+03 9.457362e+03
16.8 9.835301e+03 9.567899e+03 9.487418e+03 9.754820e+03
17.8 9.905316e+03 9.370579e+03 9.487368e+03 1.002211e+04
0.6 9.811940e+03 9.385009e+03 9.486668e+03 9.913599e+03
1.6 9.285765e+03 9.423718e+03 9.465737e+03 9.327783e+03
2.6 9.782505e+03 9.358650e+03 9.414790e+03 9.838644e+03
3.6 9.483721e+03 9.371113e+03 9.409237e+03 9.521844e+03
4.6 9.742214e+03 9.391364e+03 9.441085e+03 9.791935e+03
5.6 9.761222e+03 9.528240e+03 9.469533e+03 9.702515e+03
6.6 9.330935e+03 9.541270e+03 9.485623e+03 9.275287e+03
7.6 9.533479e+03 9.445267e+03 9.492244e+03 9.580456e+03
8.6 9.204643e+03 9.436229e+03 9.493561e+03 9.261975e+03
9.6 9.403608e+03 9.470736e+03 9.492124e+03 9.424996e+03
10.6 9.241310e+03 9.496673e+03 9.489898e+03 9.234534e+03
11.6 9.755620e+03 9.529918e+03 9.487909e+03 9.713611e+03
12.6 9.264410e+03 9.319860e+03 9.485310e+03 9.429860e+03
13.6 9.233848e+03 9.400290e+03 9.453866e+03 9.287423e+03
14.6 9.300727e+03 9.358122e+03 9.412178e+03 9.354782e+03
15.6 9.515998e+03 9.387710e+03 9.421175e+03 9.549464e+03
16.6 9.896925e+03 9.475106e+03 9.452377e+03 9.874196e+03
17.6 9.018437e+03 9.533686e+03 9.474600e+03 8.959351e+03
0.9 9.264410e+03 9.319860e+03 9.485310e+03 9.429860e+03
1.9 9.233848e+03 9.400290e+03 9.453866e+03 9.287423e+03
2.9 9.300727e+03 9.358122e+03 9.412178e+03 9.354782e+03
3.9 9.515998e+03 9.387710e+03 9.421175e+03 9.549464e+03
4.9 9.896925e+03 9.475106e+03 9.452377e+03 9.874196e+03
5.9 9.018437e+03 9.533686e+03 9.474600e+03 8.959351e+03
6.9 9.815989e+03 9.570102e+03 9.486156e+03 9.732043e+03
7.9 9.949207e+03 9.589690e+03 9.490355e+03 9.849872e+03
8.9 9.541918e+03 9.492289e+03 9.490525e+03 9.540154e+03
9.9 9.240747e+03 9.495547e+03 9.488759e+03 9.233959e+03
10.9 9.051729e+03 9.507768e+03 9.486671e+03 9.030631e+03
11.9 9.613611e+03 9.496409e+03 9.484951e+03 9.602153e+03
12.9 9.599485e+03 9.432669e+03 9.483824e+03 9.650640e+03
13.9 9.501529e+03 9.396609e+03 9.483118e+03 9.588039e+03
14.9 9.591180e+03 9.376936e+03 9.482659e+03 9.696903e+03
15.9 9.594563e+03 9.367304e+03 9.482332e+03 9.709591e+03
16.9 9.323164e+03 9.445070e+03 9.482057e+03 9.360151e+03
17.9 9.379265e+03 9.487716e+03 9.481804e+03 9.373352e+03
