0.4 1.009264e+04 1.017155e+04 1.016332e+04 1.008441e+04
1.4 1.012489e+04 1.016157e+04 1.015669e+04 1.012000e+04
2.4 1.012375e+04 1.011757e+04 1.014286e+04 1.014904e+04
3.4 1.013871e+04 1.016817e+04 1.014455e+04 1.011509e+04
4.4 1.015430e+04 1.015057e+04 1.015345e+04 1.015717e+04
5.4 1.012051e+04 1.013361e+04 1.016011e+04 1.014702e+04
6.4 1.011455e+04 1.013961e+04 1.016365e+04 1.013859e+04
7.4 1.017709e+04 1.014504e+04 1.016502e+04 1.019707e+04
8.4 1.015702e+04 1.015842e+04 1.016518e+04 1.016378e+04
9.4 1.017184e+04 1.017267e+04 1.016475e+04 1.016393e+04
10.4 1.016240e+04 1.015203e+04 1.016420e+04 1.017457e+04
11.4 1.014799e+04 1.015691e+04 1.016375e+04 1.015482e+04
12.4 1.013110e+04 1.017475e+04 1.016346e+04 1.011981e+04
13.4 1.018084e+04 1.016535e+04 1.016330e+04 1.017879e+04
14.4 1.011022e+04 1.012075e+04 1.016321e+04 1.015268e+04
15.4 1.017404e+04 1.014106e+04 1.016316e+04 1.019615e+04
16.4 1.019133e+04 1.013570e+04 1.016313e+04 1.021876e+04
17.4 1.021582e+04 1.017788e+04 1.016311e+04 1.020105e+04
0.6 1.020346e+04 1.020411e+04 1.016437e+04 1.016371e+04
1.6 1.013791e+04 1.016090e+04 1.015516e+04 1.013217e+04
2.6 1.016338e+04 1.015806e+04 1.014320e+04 1.014852e+04
3.6 1.017154e+04 1.014907e+04 1.014744e+04 1.016991e+04
4.6 1.019458e+04 1.016295e+04 1.015660e+04 1.018823e+04
5.6 1.018206e+04 1.016301e+04 1.016267e+04 1.018172e+04
6.6 1.009097e+04 1.010894e+04 1.016575e+04 1.014778e+04
7.6 1.011014e+04 1.012611e+04 1.016698e+04 1.015101e+04
8.6 1.012327e+04 1.012460e+04 1.016710e+04 1.016577e+04
9.6 1.012718e+04 1.013710e+04 1.016673e+04 1.015681e+04
10.6 1.016343e+04 1.014769e+04 1.016632e+04 1.018205e+04
11.6 1.017725e+04 1.017721e+04 1.016603e+04 1.016607e+04
12.6 1.024522e+04 1.024118e+04 1.016589e+04 1.016994e+04
13.6 1.018988e+04 1.018165e+04 1.016589e+04 1.017411e+04
14.6 1.015006e+04 1.018060e+04 1.016595e+04 1.013540e+04
15.6 1.016651e+04 1.017777e+04 1.016605e+04 1.015479e+04
16.6 1.016500e+04 1.017997e+04 1.016616e+04 1.015120e+04
17.6 1.020888e+04 1.020520e+04 1.016629e+04 1.016997e+04
0.4 1.011267e+04 1.014138e+04 1.016668e+04 1.013797e+04
1.4 1.004497e+04 1.008040e+04 1.016020e+04 1.012477e+04
2.4 1.016631e+04 1.015747e+04 1.014635e+04 1.015519e+04
